0.0	1
0.250087976456	1
0.434587955475	-1
0.435808897018	1
0.727656841278	-1
0.728968858719	1
0.731393814087	1
0.731393814087	1
0.731393814087	1
0.944505929947	1
0.970902919769	1
0.970902919769	1
1.17558693886	-1
1.17722797394	1
1.37858891487	-1
1.37998986244	1
1.54210996628	-1
1.5432779789	1
1.72740077972	-1
1.72859287262	1
1.94813990593	-1
2.0385529995	-1
2.1107199192	-1
2.11104893684	-1
2.11104893684	-1
2.11104893684	-1
2.11104893684	-1
2.11104893684	-1
2.11104893684	-1
2.14950895309	1
2.16359591484	-1
2.16359591484	-1
2.17592978477	1
2.20272684097	-1
2.20272684097	-1
2.31201696396	-1
2.32545089722	-1
2.32545089722	-1
2.32545089722	-1
2.32545089722	-1
2.32545089722	-1
2.32545089722	-1
2.34507489204	-1
2.34507489204	-1
2.34507489204	-1
2.34507489204	-1
2.34507489204	-1
2.34507489204	-1
2.34507489204	-1
2.36444878578	-1
2.36444878578	-1
2.40003490448	1
2.46698284149	-1
2.49643278122	-1
2.49643278122	-1
2.49643278122	-1
2.49643278122	-1
2.49643278122	-1
2.49643278122	-1
2.49643278122	-1
2.49643278122	-1
2.66992998123	-1
2.67115783691	1
3.07065582275	-1
3.31091594696	-1
3.32303595543	1
3.33740878105	-1
3.4180560112	-1
3.42540597916	1
3.57356190681	1
4.05934500694	-1
4.16009998322	-1
4.17785978317	1
4.17999982834	1
4.17999982834	1
4.17999982834	1
4.45648694038	-1
4.45773386955	1
4.72393798828	-1
4.87322497368	-1
5.02614188194	-1
5.05259895325	-1
5.18051099777	-1
5.199187994	-1
5.199187994	-1
5.199187994	-1
5.26142883301	1
5.264138937	1
5.264138937	1
5.264138937	1
5.33565378189	-1
5.3621108532	-1
5.3621108532	-1
5.3811378479	1
5.48951196671	-1
5.49055981636	1
5.49060177803	1
5.49060177803	1
5.49060177803	1
5.49060177803	1
5.64651989937	-1
5.92156887054	-1
6.03557491302	-1
6.05824279785	-1
6.05824279785	-1
6.05824279785	-1
6.05824279785	-1
6.12342691422	-1
6.12463188171	1
6.14988279343	-1
6.22139978409	-1
6.24791383743	-1
6.27744483948	-1
6.27804899216	1
6.30386400223	-1
6.38469099998	-1
6.43146586418	-1
6.43173480034	-1
6.43173480034	-1
6.43173480034	-1
6.43173480034	-1
6.51493787766	-1
6.54160094261	-1
6.54433894157	1
6.57065081596	1
6.58249378204	-1
6.59662795067	-1
6.59662795067	-1
6.59662795067	-1
6.59662795067	-1
6.59662795067	-1
6.59662795067	-1
6.65150690079	-1
6.65388393402	-1
6.65388393402	-1
6.65388393402	-1
6.73995780945	-1
6.73995780945	-1
6.73995780945	-1
6.73995780945	-1
6.73995780945	-1
6.73995780945	-1
6.73995780945	-1
6.77448391914	-1
6.77587580681	-1
6.77587580681	-1
6.77587580681	-1
6.77587580681	-1
6.77587580681	-1
6.77587580681	-1
6.77587580681	-1
6.77966380119	-1
6.77966380119	-1
6.77966380119	-1
6.77966380119	-1
6.86739683151	-1
6.86817288399	-1
6.86817288399	-1
6.86817288399	-1
6.86817288399	-1
6.9205789566	-1
6.96954298019	-1
6.96972990036	-1
6.96972990036	-1
6.96972990036	-1
6.96972990036	-1
6.96972990036	-1
6.96985292435	-1
6.97018098831	-1
6.97018098831	-1
6.97018098831	-1
6.97018098831	-1
6.97018098831	-1
6.97018098831	-1
6.97018098831	-1
6.97091889381	1
7.01478481293	-1
7.01478481293	-1
7.01478481293	-1
7.01478481293	-1
7.01478481293	-1
7.01478481293	-1
7.01478481293	-1
7.01478481293	-1
7.0481197834	-1
7.0481197834	-1
7.0481197834	-1
7.0481197834	-1
7.0481197834	-1
7.0481197834	-1
7.0481197834	-1
7.06808590889	-1
7.13195991516	-1
7.13195991516	-1
7.13195991516	-1
7.13230991364	-1
7.13230991364	-1
7.13230991364	-1
7.13230991364	-1
7.13230991364	-1
7.13230991364	-1
7.13230991364	-1
7.21645379066	-1
7.22642683983	-1
7.22642683983	-1
7.22642683983	-1
7.2431178093	-1
7.26373887062	-1
7.26373887062	-1
7.26373887062	-1
7.26373887062	-1
7.26373887062	-1
7.26373887062	-1
7.29614591599	-1
7.30688691139	-1
7.30688691139	-1
7.30688691139	-1
7.30688691139	-1
7.30688691139	-1
7.30688691139	-1
7.30688691139	-1
7.32408881187	1
7.34962391853	-1
7.35038995743	-1
7.35038995743	-1
7.35038995743	-1
7.35038995743	-1
7.35038995743	-1
7.36191296577	-1
7.36194682121	1
7.3743429184	-1
7.3743429184	-1
7.3743429184	-1
7.3743429184	-1
7.3743429184	-1
7.3743429184	-1
7.3743429184	-1
7.38516378403	-1
7.38516378403	-1
7.38516378403	-1
7.38516378403	-1
7.38516378403	-1
7.38516378403	-1
7.38516378403	-1
7.39459586143	-1
7.39459586143	-1
7.39459586143	-1
7.39459586143	-1
7.39459586143	-1
7.44325399399	-1
7.44325399399	-1
7.44325399399	-1
7.44325399399	-1
7.44325399399	-1
7.44325399399	-1
7.44325399399	-1
7.44325399399	-1
7.4608039856	-1
7.46154093742	-1
7.46154093742	-1
7.46154093742	-1
7.46154093742	-1
7.46154093742	-1
7.46154093742	-1
7.46154093742	-1
7.46248483658	-1
7.46328186989	-1
7.46328186989	-1
7.46328186989	-1
7.46328186989	-1
7.46328186989	-1
7.46328186989	-1
7.46328186989	-1
7.47000098228	-1
7.47000098228	-1
7.47000098228	-1
7.47000098228	-1
7.47000098228	-1
7.47000098228	-1
7.47000098228	-1
7.47000098228	-1
7.47183990479	1
7.52783179283	-1
7.54483985901	1
7.57132577896	-1
7.6345038414	-1
7.68191385269	-1
7.68191385269	-1
7.68191385269	-1
7.68191385269	-1
7.68191385269	-1
7.68191385269	-1
7.68191385269	-1
7.72493886948	-1
7.82151579857	-1
7.82170200348	-1
7.82170200348	-1
7.82170200348	-1
7.82170200348	-1
7.82170200348	-1
7.82170200348	-1
7.83589291573	-1
7.83589291573	-1
7.83594179153	-1
7.83594179153	-1
7.83594179153	-1
7.83594179153	-1
7.87636685371	1
7.90354299545	1
7.90354299545	1
7.90354299545	1
7.90388989449	1
7.90388989449	1
8.50966095924	-1
8.51783084869	-1
8.51783084869	-1
8.51783084869	-1
8.51783084869	-1
8.51783084869	-1
8.51783084869	-1
8.51783084869	-1
8.51783084869	-1
8.53124594688	-1
8.53155398369	-1
8.53155398369	-1
8.53155398369	-1
8.53155398369	-1
8.53155398369	-1
8.53155398369	-1
8.53155398369	-1
8.54286694527	1
8.60882091522	1
8.60882091522	1
8.66689300537	-1
8.66703987122	-1
8.66703987122	-1
8.66703987122	-1
8.66703987122	-1
8.66703987122	-1
8.66703987122	-1
8.67734789848	-1
8.67734789848	-1
8.67734789848	-1
8.67734789848	-1
8.67734789848	-1
8.67734789848	-1
8.67734789848	-1
8.67775297165	-1
8.67777895927	-1
8.67777895927	-1
8.67777895927	-1
8.67777895927	-1
8.67777895927	-1
8.67777895927	-1
8.67777895927	-1
8.69354701042	-1
8.69354701042	-1
8.69554495811	1
8.75837492943	-1
8.76002192497	-1
8.76002192497	-1
8.76002192497	-1
8.76150584221	-1
8.76150584221	-1
8.76150584221	-1
8.76150584221	-1
8.76150584221	-1
8.76150584221	-1
8.76150584221	-1
8.76150584221	-1
8.78657078743	-1
8.83132481575	-1
8.83132481575	-1
8.83132481575	-1
8.83132481575	-1
8.83132481575	-1
8.83132481575	-1
8.83132481575	-1
8.83132481575	-1
8.83132481575	-1
8.83166790009	-1
8.83166790009	-1
8.83166790009	-1
8.83166790009	-1
8.83166790009	-1
8.83166790009	-1
8.84090185165	-1
8.84090185165	-1
8.84095287323	-1
8.84095287323	-1
8.84095287323	-1
8.84095287323	-1
8.84095287323	-1
8.84095287323	-1
8.84095287323	-1
8.85452890396	-1
8.98538994789	-1
8.98648691177	-1
8.98648691177	-1
8.98648691177	-1
8.98660588264	-1
8.98660588264	-1
8.98660588264	-1
8.98660588264	-1
8.98660588264	-1
8.98660588264	-1
8.98701500893	-1
8.98701500893	-1
8.98701500893	-1
8.98701500893	-1
8.98701500893	-1
8.98701500893	-1
8.98701500893	-1
8.98843884468	1
8.98966884613	-1
8.98994684219	-1
8.98994684219	-1
8.98994684219	-1
8.98994684219	-1
8.98994684219	-1
8.98994684219	-1
8.98994684219	-1
8.99035596848	-1
9.01222681999	-1
9.01222681999	-1
9.01222681999	-1
9.01222681999	-1
9.01222681999	-1
9.01222681999	-1
9.01222681999	-1
9.01222681999	-1
9.01259183884	-1
9.01259183884	-1
9.01259183884	-1
9.01259183884	-1
9.01259183884	-1
9.01259183884	-1
9.01259183884	-1
9.01283788681	-1
9.05484890938	1
9.13971495628	-1
9.25891280174	-1
9.27471780777	-1
9.27471780777	-1
9.27471780777	-1
9.27471780777	-1
9.27471780777	-1
9.27471780777	-1
9.27471780777	-1
9.28190898895	-1
9.2819609642	-1
9.2819609642	-1
9.2819609642	-1
9.2819609642	-1
9.2819609642	-1
9.2819609642	-1
9.2819609642	-1
9.28467178345	-1
9.28467178345	-1
9.28467178345	-1
9.28467178345	-1
9.28467178345	-1
9.28467178345	-1
9.28467178345	-1
9.28467178345	-1
9.28582000732	1
9.28960800171	-1
9.28960800171	-1
9.28960800171	-1
9.28960800171	-1
9.28960800171	-1
9.28960800171	-1
9.28960800171	-1
9.28960800171	-1
9.29319095612	-1
9.29319095612	-1
9.29319095612	-1
9.29319095612	-1
9.29319095612	-1
9.29319095612	-1
9.29319095612	-1
9.29319095612	-1
9.30146598816	-1
9.30146598816	-1
9.30146598816	-1
9.30146598816	-1
9.30146598816	-1
9.30146598816	-1
9.30146598816	-1
9.30146598816	-1
9.33376598358	-1
9.3341319561	-1
9.3341319561	-1
9.3341319561	-1
9.3341319561	-1
9.3341319561	-1
9.3341319561	-1
9.3341319561	-1
9.38917779922	-1
9.38940382004	-1
9.38940382004	-1
9.38940382004	-1
9.38940382004	-1
9.38940382004	-1
9.38940382004	-1
9.38940382004	-1
9.39849281311	-1
9.39849281311	-1
9.39927196503	-1
9.39927196503	-1
9.39927196503	-1
9.39927196503	-1
9.39927196503	-1
9.39927196503	-1
9.39980792999	1
9.4681699276	-1
9.4681699276	-1
9.4681699276	-1
9.46906995773	-1
9.46906995773	-1
9.46906995773	-1
9.46916985512	-1
9.46916985512	-1
9.46916985512	-1
9.46916985512	-1
9.46916985512	-1
9.47842884064	-1
9.54337978363	-1
9.54358386993	-1
9.54358386993	-1
9.54358386993	-1
9.54358386993	-1
9.54358386993	-1
9.54358386993	-1
9.57002496719	-1
9.75017380714	-1
9.75081396103	1
9.77390885353	-1
9.77390885353	-1
9.77390885353	-1
9.90642499924	1
9.90670490265	1
9.90670490265	1
9.90670490265	1
9.90670490265	1
9.90670490265	1
9.90670490265	1
9.90670490265	1
9.90670490265	1
9.90722894669	1
9.93282294273	1
10.4526798725	-1
10.6174068451	-1
