0.0	1
0.250349998474	1
0.527305841446	-1
0.528741836548	1
0.76432800293	-1
0.765101909637	1
0.768148899078	1
0.768148899078	1
0.768148899078	1
0.9562458992	1
1.03004693985	1
1.03004693985	1
1.39925289154	-1
1.40101289749	1
1.47501683235	-1
1.47639584541	1
1.55043888092	-1
1.55157589912	1
1.62557601929	-1
1.62667894363	1
1.78672289848	-1
1.78778481483	1
1.86241197586	-1
1.92462682724	-1
1.92462682724	-1
1.92462682724	-1
1.93423390388	-1
1.93423390388	-1
1.93423390388	-1
1.93423390388	-1
1.94344496727	-1
1.97635579109	-1
1.98844599724	1
2.01929879189	-1
2.01929879189	-1
2.01929879189	-1
2.02613592148	-1
2.02613592148	-1
2.02613592148	-1
2.02613592148	-1
2.02613592148	-1
2.02613592148	-1
2.02613592148	-1
2.0879240036	-1
2.0879240036	-1
2.0879240036	-1
2.14876699448	-1
2.14876699448	-1
2.14876699448	-1
2.14876699448	-1
2.14876699448	-1
2.15380382538	-1
2.15944480896	-1
2.15944480896	-1
2.15944480896	-1
2.15944480896	-1
2.15944480896	-1
2.19963288307	-1
2.24016189575	1
2.31009697914	-1
2.31009697914	-1
2.38441801071	-1
2.38441801071	-1
2.39832282066	1
2.57389998436	-1
2.57505297661	1
2.72851490974	1
2.96496295929	-1
3.09668302536	-1
3.09780597687	1
3.25574088097	-1
3.36603498459	-1
3.36603498459	-1
3.37671399117	1
3.91967582703	-1
4.02985095978	-1
4.04660797119	1
4.04882001877	1
4.04882001877	1
4.04882001877	1
4.50800895691	-1
4.61832594872	-1
4.61832594872	-1
4.69180393219	-1
4.69180393219	-1
4.69180393219	-1
5.89219784737	-1
5.91267895699	-1
5.91267895699	-1
5.91267895699	-1
5.91267895699	-1
5.91267895699	-1
5.91267895699	-1
5.91267895699	-1
5.91267895699	-1
5.92199802399	-1
5.92321300507	1
5.93051481247	-1
5.93051481247	-1
5.93319702148	-1
5.93319702148	-1
5.93319702148	-1
5.93319702148	-1
5.93319702148	-1
5.93319702148	-1
5.93319702148	-1
5.94317102432	-1
5.95084095001	-1
5.95084095001	-1
5.95084095001	-1
5.95084095001	-1
5.95084095001	-1
5.95084095001	-1
5.95084095001	-1
5.96662282944	-1
5.96662282944	-1
5.96662282944	-1
5.96712899208	1
5.96712899208	1
5.96712899208	1
5.97006702423	1
5.97006702423	1
5.97006702423	1
5.97189188004	1
5.97189188004	1
5.99470090866	-1
5.99470090866	-1
5.99470090866	-1
5.99470090866	-1
5.99470090866	-1
5.99470090866	-1
6.01781487465	-1
6.01781487465	-1
6.01792788506	-1
6.01792788506	-1
6.01792788506	-1
6.01792788506	-1
6.04081201553	-1
6.04978084564	-1
6.04978084564	-1
6.04978084564	-1
6.04978084564	-1
6.04978084564	-1
6.06761789322	-1
6.08195590973	-1
6.08195590973	-1
6.08281183243	1
6.1189789772	-1
6.1189789772	-1
6.1189789772	-1
6.1189789772	-1
6.13370585442	-1
6.13370585442	-1
6.13370585442	-1
6.13370585442	-1
6.13370585442	-1
6.15481591225	-1
6.16608095169	-1
6.16608095169	-1
6.16608095169	-1
6.16608095169	-1
6.16608095169	-1
6.16608095169	-1
6.17978000641	-1
6.17978000641	-1
6.17978000641	-1
6.17978000641	-1
6.17978000641	-1
6.17978000641	-1
6.17978000641	-1
6.17978000641	-1
6.19737291336	-1
6.19737291336	-1
6.1979060173	-1
6.20107698441	-1
6.20107698441	-1
6.20107698441	-1
6.21370697021	1
6.27518391609	-1
6.27518391609	-1
6.27770590782	1
6.27770590782	1
6.27770590782	1
6.27789402008	1
6.27789402008	1
6.27789402008	1
6.27789402008	1
6.27789402008	1
6.27789402008	1
6.29755592346	1
6.29755592346	1
6.32749295235	1
6.54906797409	1
6.55288696289	1
6.55288696289	1
6.55288696289	1
6.57384991646	-1
6.575070858	1
6.575070858	1
6.57891702652	-1
6.57891702652	-1
6.57891702652	-1
6.57891702652	-1
6.57891702652	-1
6.57891702652	-1
6.57891702652	-1
6.58796191216	-1
6.59170889854	-1
6.59170889854	-1
6.59170889854	-1
6.60198998451	-1
6.60198998451	-1
6.61734986305	-1
6.61734986305	-1
6.61734986305	-1
6.62459397316	1
6.62459397316	1
6.74266886711	1
6.74355697632	-1
6.74355697632	-1
6.74355697632	-1
6.74360585213	-1
6.74360585213	-1
6.74501299858	1
6.74501299858	1
6.74501299858	1
6.77400779724	-1
6.77400779724	-1
6.78924489021	-1
6.78924489021	-1
6.78924489021	-1
6.78937983513	-1
6.78937983513	-1
6.81225085258	-1
6.81225085258	-1
6.81225085258	-1
6.81871986389	-1
6.81871986389	-1
6.81955981255	-1
6.81955981255	-1
6.81955981255	-1
6.81961894035	-1
6.81961894035	-1
6.81961894035	-1
6.81961894035	-1
6.81961894035	-1
6.81961894035	-1
6.86155390739	-1
6.86155390739	-1
6.86546587944	-1
6.86546587944	-1
6.86546587944	-1
6.86546587944	-1
6.86546587944	-1
6.87278079987	-1
6.87280797958	-1
6.87280797958	-1
6.87957596779	-1
6.87957596779	-1
6.87957596779	-1
6.88635492325	-1
6.88635492325	-1
6.88640189171	-1
6.88640189171	-1
6.88640189171	-1
6.88640189171	-1
6.88640189171	-1
6.88658285141	-1
6.88833379745	1
6.88833379745	1
6.88833379745	1
6.89366579056	-1
6.89366579056	-1
6.89681887627	-1
6.89681887627	-1
6.89681887627	-1
6.89681887627	-1
6.89681887627	-1
6.89681887627	-1
6.90863490105	-1
6.90863490105	-1
6.90863490105	-1
6.90863490105	-1
6.90863490105	-1
6.90863490105	-1
6.99626588821	-1
6.99626588821	-1
6.99626588821	-1
7.00097584724	-1
7.00097584724	-1
7.00097584724	-1
7.00097584724	-1
7.00097584724	-1
7.01002597809	-1
7.01002597809	-1
7.01002597809	-1
7.0153529644	-1
7.0153529644	-1
7.02120900154	-1
7.02120900154	-1
7.02120900154	-1
7.0219399929	1
7.05395197868	-1
7.05395197868	-1
7.12378787994	-1
7.12378787994	-1
7.12378787994	-1
7.14713096619	-1
7.14713096619	-1
7.14713096619	-1
7.16472887993	-1
7.16472887993	-1
7.16472887993	-1
7.16472887993	-1
7.16472887993	-1
7.16472887993	-1
7.1686270237	-1
7.1686270237	-1
7.1686270237	-1
7.1686270237	-1
7.1686270237	-1
7.18912887573	-1
7.18912887573	-1
7.20682191849	-1
7.20682191849	-1
7.22677898407	-1
7.22677898407	-1
7.22677898407	-1
7.22677898407	-1
7.22677898407	-1
7.22677898407	-1
7.23505282402	-1
7.23505282402	-1
7.23505282402	-1
7.23505282402	-1
7.23505282402	-1
7.25083398819	-1
7.25083398819	-1
7.25083398819	-1
7.25083398819	-1
7.25083398819	-1
7.25083398819	-1
7.25224494934	-1
7.25224494934	-1
7.25236701965	-1
7.25236701965	-1
7.25236701965	-1
7.25236701965	-1
7.25341701508	1
7.25795793533	-1
7.2626709938	-1
7.2626709938	-1
7.2626709938	-1
7.27151489258	-1
7.27151489258	-1
7.27151489258	-1
7.27331781387	-1
7.27331781387	-1
7.27331781387	-1
7.2779250145	-1
7.27804684639	-1
7.27804684639	-1
7.27804684639	-1
7.27804684639	-1
7.28300285339	-1
7.28300285339	-1
7.28300285339	-1
7.28853297234	-1
7.28853297234	-1
7.28853297234	-1
7.30587792397	-1
7.30587792397	-1
7.30587792397	-1
7.30988097191	-1
7.30988097191	-1
7.30988097191	-1
7.30988097191	-1
7.30988097191	-1
7.30988097191	-1
7.3106739521	-1
7.31188702583	-1
7.31188702583	-1
7.31188702583	-1
7.31230902672	-1
7.31230902672	-1
7.31243085861	-1
7.31243085861	-1
7.31243085861	-1
7.34622979164	-1
7.34622979164	-1
7.34624195099	1
7.34626197815	-1
7.34626197815	-1
7.34626197815	-1
7.34626197815	-1
7.34626197815	-1
7.34626197815	-1
7.42221879959	-1
7.42221879959	-1
7.42221879959	-1
7.43286895752	-1
7.43286895752	-1
7.43286895752	-1
7.44462180138	-1
7.44462180138	-1
7.44462180138	-1
7.49508285522	-1
7.49508285522	-1
7.49508285522	-1
7.49661898613	1
7.52274799347	-1
7.52274799347	-1
7.52354598045	-1
7.52354598045	-1
7.52354598045	-1
7.52354598045	-1
7.52450680733	-1
7.52450680733	-1
7.54465985298	-1
7.58959579468	-1
7.58959579468	-1
7.58959579468	-1
7.58962893486	1
7.6074488163	-1
7.6074488163	-1
7.6074488163	-1
7.60763788223	-1
7.60763788223	-1
7.6219098568	-1
7.6219098568	-1
7.6219098568	-1
7.6219098568	-1
7.6219098568	-1
7.62469291687	-1
7.63776779175	-1
7.63776779175	-1
7.63776779175	-1
7.69599986076	-1
7.69603896141	1
7.69603896141	1
7.70432281494	-1
7.70432281494	-1
7.70432281494	-1
7.70432281494	-1
7.70432281494	-1
7.70432281494	-1
7.77037787437	-1
7.77832484245	1
8.07819080353	-1
8.18994283676	-1
8.22256684303	-1
8.22256684303	-1
8.22256684303	-1
8.22256684303	-1
8.22256684303	-1
8.24910783768	-1
8.24997591972	1
8.26125502586	-1
8.26125502586	-1
8.26125502586	-1
8.26125502586	-1
8.26125502586	-1
8.26125502586	-1
8.26581597328	-1
8.26581597328	-1
8.26581597328	-1
8.26581597328	-1
8.26581597328	-1
8.26581597328	-1
8.27425289154	-1
8.27425289154	-1
8.27446079254	-1
8.27446079254	-1
8.27446079254	-1
8.27446079254	-1
8.27446079254	-1
8.27511286736	-1
8.27516698837	-1
8.27516698837	-1
8.27516698837	-1
8.27516698837	-1
8.29666399956	-1
8.29666399956	-1
8.29666399956	-1
8.29666399956	-1
8.323376894	-1
8.323376894	-1
8.323376894	-1
8.32348799706	-1
8.32348799706	-1
8.32348799706	-1
8.33548402786	-1
8.33559179306	-1
8.33559179306	-1
8.33559179306	-1
8.33559179306	-1
8.33562588692	-1
8.34007096291	-1
8.34007096291	-1
8.34007096291	-1
8.34007096291	-1
8.34007096291	-1
8.34007096291	-1
8.34027886391	-1
8.34027886391	-1
8.34027886391	-1
8.34027886391	-1
8.34027886391	-1
8.34027886391	-1
8.34156179428	1
8.34849190712	-1
8.34852695465	-1
8.34852695465	-1
8.34852695465	-1
8.34914493561	-1
8.34914493561	-1
8.34914493561	-1
8.34914493561	-1
8.52052783966	-1
8.52179884911	-1
8.52179884911	-1
8.52179884911	-1
8.52179884911	-1
8.52179884911	-1
8.52333498001	-1
8.52771782875	-1
8.52771782875	-1
8.52771782875	-1
8.53009200096	-1
8.53009200096	-1
12.0687668324	-1
12.1429798603	-1
12.2172148228	-1
12.2912240028	-1
14.4974079132	-1
16.7232728004	-1
17.7826638222	1
17.8564679623	1
18.4061069489	-1
18.4193348885	-1
18.4193348885	-1
18.4193348885	-1
18.4515259266	-1
18.4515259266	-1
18.4515259266	-1
18.480134964	-1
18.5624158382	1
18.5654299259	1
18.5654299259	1
18.5654299259	1
18.5654299259	1
18.5654299259	1
18.5654299259	1
18.5654299259	1
18.5654299259	1
18.5660209656	1
18.5677609444	1
18.5677609444	1
18.6362140179	1
18.8029329777	1
18.8082978725	1
18.8082978725	1
18.8082978725	1
18.8141047955	1
18.8141047955	1
18.8210248947	1
18.8210248947	1
18.8210248947	1
18.8768138885	1
19.0233910084	-1
19.0431308746	1
19.059388876	1
19.059388876	1
19.059388876	1
19.0981318951	-1
19.1144068241	-1
19.1144068241	-1
19.1144068241	-1
19.1161789894	1
19.1161789894	1
19.1161789894	1
19.1161789894	1
19.1884288788	-1
19.1907548904	1
19.2055499554	-1
19.2055499554	-1
19.2055499554	-1
19.2056748867	-1
19.2056748867	-1
19.2059400082	-1
19.2059400082	-1
19.2059400082	-1
19.2060649395	-1
19.2060649395	-1
19.2060649395	-1
19.2060649395	-1
19.2064738274	-1
19.2070069313	-1
19.2070069313	-1
19.2070069313	-1
19.2070069313	-1
19.2070069313	-1
19.2070069313	-1
19.2075397968	-1
19.2075397968	-1
19.2075397968	-1
19.2075397968	-1
19.2075397968	-1
19.2075397968	-1
19.2083539963	1
19.2083539963	1
19.2083539963	1
19.2650020123	-1
19.2650020123	-1
19.2650020123	-1
19.2650020123	-1
19.2650020123	-1
19.2650020123	-1
19.2650389671	1
19.279763937	-1
19.2798159122	-1
19.2798159122	-1
19.2799909115	-1
19.2799909115	-1
19.2799909115	-1
19.2799909115	-1
19.2802989483	-1
19.2802989483	-1
19.2802989483	-1
19.2802989483	-1
19.2802989483	-1
19.2804999352	-1
19.2804999352	-1
19.2804999352	-1
19.2810299397	-1
19.2811188698	-1
19.2811188698	-1
19.2811188698	-1
19.2811188698	-1
19.2811188698	-1
19.2812609673	-1
19.2816708088	-1
19.2816708088	-1
19.2816708088	-1
19.2816708088	-1
19.2816708088	-1
19.2818319798	-1
19.2818319798	-1
19.2818319798	-1
19.2826368809	-1
19.2826368809	-1
19.282681942	-1
19.282681942	-1
19.282681942	-1
19.282681942	-1
19.2849519253	1
19.2849519253	1
19.2849519253	1
19.2849519253	1
19.2849519253	1
19.2849519253	1
19.2849519253	1
19.2849519253	1
19.2849519253	1
19.2865548134	1
19.2865548134	1
19.3394179344	-1
19.3394179344	-1
19.3394179344	-1
19.3394179344	-1
19.3394179344	-1
19.3394179344	-1
19.3546128273	-1
19.3546628952	-1
19.3546628952	-1
19.3546628952	-1
19.3546628952	-1
19.3546628952	-1
19.3546628952	-1
19.3546628952	-1
19.355276823	-1
19.355276823	-1
19.3554329872	-1
19.3554329872	-1
19.3554329872	-1
19.3555128574	-1
19.3556787968	-1
19.3556787968	-1
19.3556787968	-1
19.3557198048	-1
19.3557198048	-1
19.3557198048	-1
19.3927798271	1
19.3927798271	1
19.3927798271	1
19.3928229809	1
19.3928229809	1
19.3928229809	1
19.3928229809	1
19.3928229809	1
19.4941809177	-1
19.5049948692	-1
19.5049948692	-1
19.5049948692	-1
19.5307939053	-1
19.5307939053	-1
19.5308299065	1
19.5308299065	1
19.569038868	1
19.569038868	1
19.569038868	1
19.569038868	1
19.569038868	1
19.5726299286	-1
19.5726299286	-1
19.5726299286	-1
19.5827867985	-1
19.5827867985	-1
19.5827867985	-1
19.5827867985	-1
19.5827867985	-1
19.5835018158	-1
19.5835859776	-1
19.5835859776	-1
19.5835859776	-1
19.5835859776	-1
19.6158587933	-1
19.6159229279	-1
19.6159229279	-1
19.6159229279	-1
19.6159229279	-1
19.6159229279	-1
19.616617918	-1
19.616617918	-1
19.616617918	-1
19.616617918	-1
19.616617918	-1
19.627797842	-1
19.6529848576	-1
19.659845829	-1
19.659845829	-1
19.659845829	-1
19.660725832	-1
19.660725832	-1
19.6619338989	-1
19.6619338989	-1
19.6619338989	-1
19.6619808674	-1
19.6619808674	-1
19.6619808674	-1
19.6619808674	-1
19.6619808674	-1
19.663066864	-1
19.663066864	-1
19.663066864	-1
19.663066864	-1
19.663066864	-1
19.663066864	-1
19.6637208462	-1
19.6637208462	-1
19.6637208462	-1
19.6637208462	-1
19.6637208462	-1
19.6637208462	-1
19.6639678478	-1
19.6639678478	-1
19.6639678478	-1
19.6639678478	-1
19.6639678478	-1
19.6649858952	-1
19.6649858952	-1
19.6649858952	-1
19.6703038216	-1
19.6703038216	-1
19.6782979965	1
19.6782979965	1
19.6782979965	1
19.6811919212	-1
19.6811919212	-1
19.6811919212	-1
19.6901409626	-1
19.6901409626	-1
19.6914308071	-1
19.6914308071	-1
19.6914308071	-1
19.6916878223	-1
19.6916878223	-1
19.6916878223	-1
19.6916878223	-1
19.6916878223	-1
19.6916878223	-1
19.6916878223	-1
19.691934824	-1
19.6920568943	-1
19.6920568943	-1
19.6920568943	-1
19.7052519321	-1
19.7052519321	-1
19.7053530216	-1
19.7053530216	-1
19.7053530216	-1
19.7053530216	-1
19.7053530216	-1
19.7235310078	1
19.7235310078	1
19.7235310078	1
19.7339630127	-1
19.7339630127	-1
19.7339630127	-1
19.7340638638	-1
19.7340638638	-1
19.7340638638	-1
19.7341868877	-1
19.7341868877	-1
19.7360339165	-1
19.7360339165	-1
19.7360339165	-1
19.7361519337	-1
19.7361519337	-1
19.7361519337	-1
19.7361869812	-1
19.736397028	-1
19.736397028	-1
19.736397028	-1
19.736397028	-1
19.736397028	-1
19.7364349365	-1
19.7366437912	-1
19.7366437912	-1
19.7366437912	-1
19.7366437912	-1
19.7366437912	-1
19.7372229099	-1
19.7379980087	-1
19.7379980087	-1
19.7379980087	-1
19.7379980087	-1
19.7379980087	-1
19.7379980087	-1
19.7379980087	-1
19.7379980087	-1
19.7385079861	-1
19.7385079861	-1
19.7385079861	-1
19.7385079861	-1
19.7385079861	-1
19.7385079861	-1
19.7464089394	-1
19.7464089394	-1
19.7464089394	-1
19.7465159893	-1
19.7465159893	-1
19.7465159893	-1
19.7465159893	-1
19.7465159893	-1
19.7468209267	-1
19.7468209267	-1
19.7468209267	-1
19.7478640079	1
19.7478640079	1
19.7642598152	-1
19.7642598152	-1
19.7642598152	-1
19.7642598152	-1
19.7642598152	-1
19.7644948959	-1
19.7644948959	-1
19.7644948959	-1
19.7644948959	-1
19.7644948959	-1
19.7644948959	-1
19.765846014	-1
19.765846014	-1
19.765846014	-1
19.765846014	-1
19.765846014	-1
19.765846014	-1
19.765846014	-1
19.765846014	-1
19.765846014	-1
19.7664399147	-1
19.7664399147	-1
19.7664399147	-1
19.7664399147	-1
19.7664399147	-1
19.7664399147	-1
19.7664399147	-1
19.7664399147	-1
19.7794418335	-1
19.7794418335	-1
19.7794418335	-1
19.7794418335	-1
19.7795557976	-1
19.7795889378	-1
19.7795889378	-1
19.7795889378	-1
19.8014578819	-1
19.8014578819	-1
19.8014578819	-1
19.8014578819	-1
19.8014578819	-1
19.8014578819	-1
19.8087489605	-1
19.8087999821	-1
19.8087999821	-1
19.8087999821	-1
19.8087999821	-1
19.8087999821	-1
19.8087999821	-1
19.8087999821	-1
19.8087999821	-1
19.8104739189	-1
19.8104739189	-1
19.8104739189	-1
19.8104739189	-1
19.8104739189	-1
19.8104739189	-1
19.8104739189	-1
19.816193819	-1
19.816193819	-1
19.816193819	-1
19.816193819	-1
19.816193819	-1
19.816193819	-1
19.8222379684	-1
19.8222379684	-1
19.8225138187	-1
19.8225138187	-1
19.8225138187	-1
19.8379499912	1
19.8379499912	1
19.8830900192	-1
19.8830900192	-1
19.8830900192	-1
19.9012498856	-1
19.9012498856	-1
19.9012498856	-1
19.9031939507	-1
19.9031939507	-1
19.9031939507	-1
19.91294384	-1
19.91294384	-1
19.9129788876	1
19.9131088257	-1
19.9131088257	-1
19.9131088257	-1
19.924328804	-1
19.924328804	-1
19.924328804	-1
19.9268708229	-1
19.9268708229	-1
19.9268708229	-1
19.9268708229	-1
19.9650578499	1
19.9650578499	1
19.9650578499	1
19.9845340252	-1
19.9845340252	-1
19.9845340252	-1
19.9845340252	-1
19.9845340252	-1
19.9846408367	-1
19.9874978065	-1
19.9874978065	-1
19.9874978065	-1
19.9874978065	-1
19.9874978065	-1
20.1260249615	-1
20.1606178284	-1
20.1606178284	-1
20.1606178284	-1
20.1694228649	-1
20.1694228649	-1
20.1694228649	-1
20.1714508533	-1
20.1714508533	-1
20.1741948128	-1
20.1741948128	-1
20.1748709679	-1
20.1748709679	-1
20.1748709679	-1
20.1755468845	-1
20.1755468845	-1
20.1755468845	-1
20.1755468845	-1
20.1755468845	-1
20.1755468845	-1
20.1757829189	-1
20.1757829189	-1
20.1757829189	-1
20.1757829189	-1
20.1757829189	-1
20.1757829189	-1
20.1760289669	-1
20.1812598705	-1
20.1812598705	-1
20.1812598705	-1
20.1812598705	-1
20.1812598705	-1
20.2000799179	-1
20.3399629593	-1
20.414098978	-1
20.414098978	-1
20.4155340195	-1
20.4155340195	-1
20.4155340195	-1
20.4303588867	-1
20.4303588867	-1
20.4303588867	-1
20.4304599762	-1
20.4304599762	-1
20.4366388321	-1
20.4366388321	-1
20.4366388321	-1
20.4366388321	-1
20.4375348091	-1
20.4379777908	-1
20.4379777908	-1
20.4379777908	-1
20.4382839203	-1
20.4382839203	-1
20.4382839203	-1
20.4382839203	-1
20.4385089874	-1
20.4414148331	-1
20.4414148331	-1
20.4414148331	-1
20.4414148331	-1
20.4414148331	-1
20.4414148331	-1
20.4417648315	-1
20.4417648315	-1
20.4443218708	-1
20.4443218708	-1
20.4443218708	-1
20.4443218708	-1
20.4451768398	-1
20.4469280243	1
20.4471538067	-1
20.4471538067	-1
20.4471538067	-1
20.4472749233	-1
20.4472749233	-1
20.4472749233	-1
20.4472749233	-1
20.4472749233	-1
20.4493598938	-1
20.4493598938	-1
20.4493598938	-1
20.4493598938	-1
20.4493598938	-1
20.4493598938	-1
20.4506278038	-1
20.4506278038	-1
20.4506278038	-1
20.4506278038	-1
20.4506278038	-1
20.4506278038	-1
20.4512629509	-1
20.4512629509	-1
20.4512629509	-1
20.4512629509	-1
20.4512629509	-1
20.4512629509	-1
20.4515328407	-1
20.4520459175	-1
20.4520459175	-1
20.4520459175	-1
20.4520459175	-1
20.4520459175	-1
20.4524538517	-1
20.4808299541	-1
20.4808299541	-1
20.4808299541	-1
20.4808299541	-1
20.4808299541	-1
20.4808299541	-1
20.5181958675	-1
20.5181958675	-1
20.5181958675	-1
20.5181958675	-1
20.5181958675	-1
20.5181958675	-1
20.5658099651	1
20.5658099651	1
20.5824728012	1
20.5824728012	1
20.5824728012	1
20.5844128132	1
20.5844128132	1
20.5858688354	1
20.5858688354	1
20.5858688354	1
20.6821010113	-1
20.7537260056	1
20.770280838	-1
20.7731900215	-1
20.7731900215	-1
20.7731900215	-1
20.7739658356	-1
20.7739658356	-1
20.7739658356	-1
20.7739658356	-1
20.7739658356	-1
20.7751948833	-1
20.7751948833	-1
20.7751948833	-1
20.7761979103	-1
20.7761979103	-1
20.7761979103	-1
20.7767658234	-1
20.7767658234	-1
20.7767658234	-1
20.7767658234	-1
20.7767658234	-1
20.7767658234	-1
20.7767658234	-1
20.7767658234	-1
20.7772879601	-1
20.7772879601	-1
20.7966189384	-1
20.7966189384	-1
20.7966189384	-1
20.7972719669	-1
20.7972719669	-1
20.7972719669	-1
20.7993798256	-1
20.7993798256	-1
20.7993798256	-1
20.7993798256	-1
20.7993798256	-1
20.7993798256	-1
20.8003489971	-1
20.8003489971	-1
20.8003489971	-1
20.8003489971	-1
20.8003489971	-1
20.8030040264	-1
20.8030040264	-1
20.8031148911	-1
20.8031148911	-1
20.8031148911	-1
20.8031148911	-1
20.8035509586	-1
20.8046629429	-1
20.8046629429	-1
20.8046629429	-1
20.8050358295	-1
20.8050358295	-1
20.8050358295	-1
20.8050358295	-1
20.8050358295	-1
20.8050358295	-1
20.8050358295	-1
20.9213340282	-1
20.9325149059	-1
20.9325149059	-1
20.9325149059	-1
20.9325149059	-1
20.9328839779	-1
20.9328839779	-1
20.9333148003	-1
20.9333148003	-1
20.9334359169	-1
20.9334359169	-1
20.9334359169	-1
20.9334359169	-1
20.9337439537	-1
20.9347298145	-1
20.9347298145	-1
20.9347298145	-1
20.9347298145	-1
20.9347298145	-1
20.9347298145	-1
20.9357328415	1
20.9452109337	-1
20.9452109337	-1
20.9452109337	-1
20.9452109337	-1
20.9452109337	-1
20.9452109337	-1
20.9457240105	-1
20.9457240105	-1
20.9460299015	-1
20.9460299015	-1
20.9460299015	-1
20.946461916	-1
20.946461916	-1
20.9464960098	-1
20.9464960098	-1
20.9464960098	-1
20.9464960098	-1
20.9464960098	-1
20.9471168518	-1
20.9471168518	-1
20.9471168518	-1
20.9471168518	-1
20.9471168518	-1
20.9471168518	-1
20.9479370117	-1
20.9479370117	-1
20.9480588436	-1
20.9480588436	-1
20.9480588436	-1
20.9480588436	-1
20.9483239651	-1
20.9484479427	-1
20.9484479427	-1
20.9484479427	-1
20.9484479427	-1
20.9500010014	-1
20.9500010014	-1
20.9510250092	-1
20.9510250092	-1
20.9510250092	-1
20.9510250092	-1
20.9510250092	-1
20.9510250092	-1
20.9510250092	-1
20.9510250092	-1
20.9512989521	-1
20.9512989521	-1
20.9514977932	-1
20.9514977932	-1
20.9514977932	-1
20.9514977932	-1
20.9514977932	-1
20.9514977932	-1
20.9954109192	-1
20.9975500107	-1
20.9975500107	-1
20.9975500107	-1
21.0490429401	1
21.0490429401	1
21.0506818295	-1
21.0506818295	-1
21.0506818295	-1
21.0506818295	-1
21.0517919064	1
21.0517919064	1
21.0517919064	1
21.0517919064	1
21.0517919064	1
21.0517919064	1
21.0517919064	1
21.0517919064	1
21.0592029095	-1
21.0597829819	1
21.0606307983	1
21.0606307983	1
21.0617859364	-1
21.0617859364	-1
21.0617859364	-1
21.0617859364	-1
21.0645987988	-1
21.0679178238	-1
21.0679178238	-1
21.0679178238	-1
21.0877249241	-1
21.0877249241	-1
21.0877249241	-1
21.1262569427	1
21.1610558033	-1
21.1610558033	-1
21.1610558033	-1
21.1610558033	-1
21.1610558033	-1
21.1610558033	-1
21.1610558033	-1
21.1610558033	-1
21.2207539082	1
21.3340299129	1
21.3420038223	-1
21.4479470253	1
21.4479470253	1
21.4539189339	-1
21.566026926	-1
21.566026926	-1
21.584348917	-1
21.584348917	-1
21.584348917	-1
21.584348917	-1
21.584433794	-1
21.584433794	-1
21.584433794	-1
21.6118907928	1
21.6311278343	-1
21.6313848495	-1
21.6313848495	-1
21.6313848495	-1
21.6457898617	1
21.6457898617	1
21.6457898617	1
21.6584658623	-1
21.6600208282	1
21.6600208282	1
21.6600208282	1
21.6725208759	-1
21.6725208759	-1
21.6725208759	-1
21.6726539135	-1
21.6726539135	-1
21.6726539135	-1
21.709663868	1
21.709663868	1
21.7198460102	1
21.7198460102	1
21.7343108654	-1
21.7376098633	-1
21.7376098633	-1
21.7376098633	-1
21.7427089214	-1
21.7427089214	-1
21.7427089214	-1
21.7815768719	-1
21.7815768719	-1
21.7823848724	-1
21.7823848724	-1
21.7823848724	-1
21.7828099728	-1
21.7828099728	-1
21.841342926	-1
21.841342926	-1
21.841342926	-1
21.841342926	-1
21.841342926	-1
21.841342926	-1
21.8862218857	-1
21.905452013	-1
21.905452013	-1
21.905452013	-1
21.9149949551	-1
21.9149949551	-1
21.9263408184	-1
21.9263408184	-1
21.9263408184	-1
21.9328138828	-1
21.9328138828	-1
21.935477972	-1
21.935477972	-1
21.935477972	-1
21.9371008873	-1
21.9371008873	-1
21.9371008873	-1
21.9371008873	-1
21.9371008873	-1
21.9611120224	-1
21.9614429474	1
22.0163478851	-1
22.0163478851	-1
22.0163478851	-1
22.0342638493	-1
22.0342638493	-1
22.0342638493	-1
22.0343790054	-1
22.0343790054	-1
22.0343790054	-1
22.0345737934	-1
22.0345737934	-1
22.0350649357	-1
22.0350649357	-1
22.0356798172	-1
22.0795249939	-1
22.0795249939	-1
22.0795249939	-1
22.0805089474	-1
22.0805089474	-1
22.0805089474	-1
22.0805089474	-1
22.0807518959	-1
22.1371908188	-1
22.1371908188	-1
22.1371908188	-1
22.1806659698	-1
22.1806659698	-1
22.1806659698	-1
22.180713892	-1
22.180713892	-1
22.180713892	-1
22.180893898	-1
22.180893898	-1
22.1810150146	-1
22.1810150146	-1
22.1841859818	-1
22.1964349747	-1
22.1964349747	-1
22.1964349747	-1
22.2245697975	-1
22.2245697975	-1
22.2245697975	-1
22.2248399258	-1
22.2248399258	-1
22.2249119282	-1
22.2249119282	-1
22.2249119282	-1
22.2249119282	-1
22.2249119282	-1
22.2687017918	-1
22.2687017918	-1
22.2687017918	-1
22.269135952	-1
22.269135952	-1
22.2691659927	1
22.3268229961	-1
22.3268229961	-1
22.3268229961	-1
22.3271119595	-1
22.3271119595	-1
22.3271570206	-1
22.3271570206	-1
22.3271570206	-1
22.3426959515	-1
22.3426959515	-1
22.3427259922	-1
22.3427259922	-1
22.3427259922	-1
22.3704679012	-1
22.3704679012	-1
22.3704679012	-1
22.3704798222	1
22.370500803	-1
22.370500803	-1
22.3707039356	-1
22.3707039356	-1
22.3707039356	-1
22.3707039356	-1
22.3708269596	-1
22.3819768429	-1
22.4468488693	-1
22.4468488693	-1
22.4468488693	-1
22.4468808174	1
22.44795084	-1
22.44795084	-1
22.4885427952	-1
22.4885427952	-1
22.4885427952	-1
22.4885427952	-1
22.4885427952	-1
22.4885427952	-1
22.4885427952	-1
22.488768816	-1
22.4888629913	-1
22.4888629913	-1
22.4888629913	-1
22.4888629913	-1
22.4888629913	-1
22.4890549183	-1
22.4890549183	-1
22.4890549183	-1
22.5169107914	-1
22.5169107914	-1
22.5169107914	-1
22.5170249939	-1
22.5170249939	-1
22.5170249939	-1
22.5170249939	-1
22.5170249939	-1
22.5170249939	-1
22.5170249939	-1
22.5433290005	1
22.5433290005	1
22.5433290005	1
22.5574088097	1
22.5574088097	1
22.5919458866	-1
22.5919458866	-1
22.5919458866	-1
22.6353127956	-1
22.6353127956	-1
22.6353127956	-1
22.6353127956	-1
22.6353127956	-1
22.6370499134	1
22.6627810001	-1
22.6627810001	-1
22.6627810001	-1
22.6628940105	-1
22.6628940105	-1
22.6628940105	-1
22.6660118103	-1
22.7171919346	1
22.7171919346	1
22.7171919346	1
22.7516999245	1
22.7803478241	-1
22.7806048393	-1
22.7806048393	-1
22.7806048393	-1
22.7810149193	-1
22.7810149193	-1
22.7810149193	-1
22.7811307907	-1
22.7811307907	-1
22.7812609673	-1
22.7812609673	-1
22.7812609673	-1
22.7813827991	-1
22.7813827991	-1
22.7813827991	-1
22.7813827991	-1
22.7815058231	-1
22.8086140156	-1
22.8086140156	-1
22.8087220192	-1
22.8087220192	-1
22.8087220192	-1
22.8087220192	-1
22.8088438511	-1
22.8088438511	-1
22.8089678288	-1
22.8089678288	-1
22.8730688095	-1
22.8730688095	-1
22.8730688095	-1
22.9269769192	-1
22.9269769192	-1
22.9269769192	-1
22.9269769192	-1
22.9269769192	-1
22.9269769192	-1
22.9269769192	-1
22.9272119999	-1
22.9273350239	-1
22.9273350239	-1
22.9273350239	-1
22.9288418293	1
22.9564528465	-1
22.9564528465	-1
22.9564528465	-1
22.9564528465	-1
22.9564528465	-1
22.9565589428	-1
22.9739129543	-1
22.9739129543	-1
22.9739129543	-1
23.0725758076	-1
23.0725758076	-1
23.0725758076	-1
23.0768117905	-1
23.1032829285	-1
23.1032829285	-1
23.1032829285	-1
23.1032829285	-1
23.145678997	-1
23.145678997	-1
23.145678997	-1
23.2252027988	-1
23.2348229885	-1
23.2348229885	-1
23.2348229885	-1
23.2348229885	-1
23.2348229885	-1
23.2348229885	-1
23.2492268085	-1
23.2492268085	-1
23.2492268085	-1
23.2492268085	-1
23.2492268085	-1
23.2492268085	-1
23.2492268085	-1
23.2492268085	-1
23.250718832	1
23.2912847996	-1
23.2912847996	-1
23.2913877964	-1
23.2913877964	-1
23.2913877964	-1
23.2913877964	-1
23.2913877964	-1
23.2915108204	-1
23.2915108204	-1
23.292290926	-1
23.292555809	-1
23.292555809	-1
23.292555809	-1
23.2992339134	-1
23.3711519241	-1
23.3711519241	-1
23.3711519241	-1
23.3956418037	-1
23.3956418037	-1
23.3956418037	-1
23.3957479	-1
23.3957479	-1
23.3957479	-1
23.3957479	-1
23.3957479	-1
23.4101200104	-1
23.420719862	-1
23.420719862	-1
23.420719862	-1
23.420719862	-1
23.420719862	-1
23.420719862	-1
23.4376449585	-1
23.4376449585	-1
23.4376449585	-1
23.4376449585	-1
23.4376449585	-1
23.4376449585	-1
23.4378919601	-1
23.4378919601	-1
23.4378919601	-1
23.4378919601	-1
23.4378919601	-1
23.4853768349	-1
23.5381138325	-1
23.5381138325	-1
23.5381138325	-1
23.5381138325	-1
23.5381138325	-1
23.5381138325	-1
23.541839838	-1
23.541839838	-1
23.541839838	-1
23.541839838	-1
23.541839838	-1
23.5429189205	1
23.5599429607	-1
23.5834958553	-1
23.5834958553	-1
23.5834958553	-1
23.5834958553	-1
23.5834958553	-1
23.5834958553	-1
23.5837218761	-1
23.5837218761	-1
23.5837218761	-1
23.5837218761	-1
23.5837218761	-1
23.5860288143	1
23.5860288143	1
23.5860288143	1
23.6115109921	-1
23.6115109921	-1
23.6115109921	-1
23.6116700172	-1
23.6116700172	-1
23.6116700172	-1
23.6116700172	-1
23.6881878376	-1
23.6881878376	-1
23.6881878376	-1
23.6881878376	-1
23.6881878376	-1
23.6881878376	-1
23.7307038307	-1
23.7307038307	-1
23.7307038307	-1
23.7307038307	-1
23.7307038307	-1
23.7307038307	-1
23.756772995	-1
23.756772995	-1
23.756772995	-1
23.756772995	-1
23.756772995	-1
23.756772995	-1
23.7568018436	1
23.7568018436	1
23.7570068836	-1
23.7570068836	-1
23.7979149818	-1
23.7979149818	-1
23.7979149818	-1
23.7979149818	-1
23.8341419697	-1
23.8341419697	-1
23.8342518806	-1
23.8342518806	-1
23.8344168663	-1
23.8344168663	-1
23.8345389366	-1
23.8345389366	-1
23.8345389366	-1
23.8345389366	-1
23.8345389366	-1
23.903113842	-1
23.903113842	-1
23.903113842	-1
23.903113842	-1
23.903113842	-1
23.903113842	-1
23.9433948994	-1
23.9433948994	-1
23.9437959194	-1
23.9437959194	-1
23.9437959194	-1
23.9437959194	-1
23.9437959194	-1
23.9440789223	-1
23.9448609352	1
23.946295023	-1
23.946295023	-1
23.9464139938	-1
23.9464139938	-1
23.9464139938	-1
24.0490829945	-1
24.0490829945	-1
24.0490829945	-1
24.0490829945	-1
24.0490829945	-1
24.0490829945	-1
24.0492529869	-1
24.0492529869	-1
24.0492529869	-1
24.0492529869	-1
24.0492529869	-1
24.0495178699	-1
24.0495178699	-1
24.0495178699	-1
24.0873808861	-1
24.0873808861	-1
24.0874238014	-1
24.0874238014	-1
24.0874238014	-1
24.0874238014	-1
24.0874238014	-1
24.096446991	-1
24.0964748859	-1
24.0964748859	-1
24.1948449612	-1
24.1950089931	-1
24.1950089931	-1
24.1950089931	-1
24.1950089931	-1
24.1950089931	-1
24.1950089931	-1
24.1950089931	-1
24.1950089931	-1
24.1952598095	-1
24.1952598095	-1
24.1952598095	-1
24.1952598095	-1
24.1952598095	-1
24.195499897	-1
24.195622921	-1
24.195622921	-1
24.195622921	-1
24.1971700191	1
24.3111209869	1
24.566411972	-1
24.5698349476	1
24.5717198849	1
24.5717198849	1
24.5717198849	1
24.5717198849	1
24.5717198849	1
24.5717198849	1
24.6172049046	-1
24.6172049046	-1
24.6172049046	-1
24.6180968285	-1
24.6180968285	-1
24.6180968285	-1
24.6406710148	-1
24.6807689667	-1
24.6807689667	-1
24.6807689667	-1
24.6807689667	-1
24.6807689667	-1
24.6807689667	-1
24.6809828281	-1
24.6809828281	-1
24.681126833	-1
24.681126833	-1
24.681126833	-1
24.7199499607	1
24.7199499607	1
24.7869348526	1
24.7869348526	1
24.7869348526	1
24.7869348526	1
24.790681839	1
24.790681839	1
24.790681839	1
24.790681839	1
24.790681839	1
24.7922279835	1
24.7922279835	1
24.7922279835	1
24.7922279835	1
24.7922279835	1
24.7922279835	1
24.7922279835	1
24.7922279835	1
24.7924039364	1
24.7924039364	1
24.7924039364	1
24.7924039364	1
24.7924039364	1
24.7926468849	1
24.7926468849	1
24.7926468849	1
24.7926468849	1
24.7926468849	1
24.7926468849	1
24.7926468849	1
25.0014009476	-1
