0.0	1
0.354043006897	1
0.702204942703	-1
0.703387975693	1
1.46949887276	-1
1.47031283379	1
1.47575283051	1
1.47575283051	1
1.47575283051	1
1.47575283051	1
1.47575283051	1
1.47575283051	1
2.63244485855	-1
2.63349699974	1
2.70755887032	-1
2.70755887032	-1
2.70932793617	1
2.82389092445	1
3.28458380699	-1
3.28582191467	1
3.360049963	-1
3.360049963	-1
3.36137485504	1
3.52235984802	-1
3.53778386116	-1
3.53778386116	-1
3.53778386116	-1
3.53778386116	-1
3.53778386116	-1
3.53778386116	-1
3.53778386116	-1
3.62464189529	1
3.62545180321	-1
3.62545180321	-1
3.62545180321	-1
3.62556791306	-1
3.62556791306	-1
3.62556791306	-1
3.68590283394	-1
3.6862950325	-1
3.6862950325	-1
3.6862950325	-1
3.6862950325	-1
3.6862950325	-1
3.6862950325	-1
3.6862950325	-1
3.70245099068	-1
3.70245099068	-1
3.70245099068	-1
3.70245099068	-1
3.70245099068	-1
3.87504601479	1
4.33827280998	-1
4.33853983879	-1
4.33853983879	-1
4.33853983879	-1
4.33853983879	-1
4.33853983879	-1
4.33853983879	-1
4.49460196495	-1
4.50720000267	-1
4.50720000267	-1
4.50720000267	-1
4.50852799416	1
4.68114900589	-1
4.68114900589	-1
4.69741296768	1
4.94755792618	1
5.61411190033	-1
5.72498393059	-1
5.73256993294	1
6.46375393867	-1
6.46518301964	1
6.53919196129	-1
6.6533010006	-1
6.6533010006	-1
6.67019796371	1
6.67247200012	1
6.67247200012	1
6.67247200012	1
7.60828280449	-1
7.61161994934	-1
7.61161994934	-1
7.61161994934	-1
7.6237308979	-1
7.6237308979	-1
7.6237308979	-1
7.6237308979	-1
7.6237308979	-1
7.6237308979	-1
7.6237308979	-1
7.6237308979	-1
7.62984490395	-1
7.62984490395	-1
7.62984490395	-1
7.62984490395	-1
7.62984490395	-1
7.62984490395	-1
7.62984490395	-1
7.62984490395	-1
7.63506698608	-1
7.63506698608	-1
7.63506698608	-1
7.63506698608	-1
7.63506698608	-1
7.63506698608	-1
7.63506698608	-1
7.63506698608	-1
7.70926690102	1
7.71801495552	1
7.71801495552	1
7.71801495552	1
7.72664499283	1
7.72664499283	1
7.72664499283	1
7.72898483276	1
7.72898483276	1
7.7694478035	-1
7.76985883713	-1
7.76985883713	-1
7.76985883713	-1
7.78321290016	1
7.78321290016	1
7.97732996941	1
8.05131793022	1
8.05131793022	1
8.27351093292	-1
8.34748983383	-1
8.34790897369	-1
8.34790897369	-1
8.34790897369	-1
8.34790897369	-1
8.34790897369	-1
8.34790897369	-1
8.34790897369	-1
8.34790897369	-1
8.34815382957	-1
8.34815382957	-1
8.34815382957	-1
8.34815382957	-1
8.34856390953	-1
8.34856390953	-1
8.34856390953	-1
8.34856390953	-1
8.34856390953	-1
8.34856390953	-1
8.34856390953	-1
8.34856390953	-1
8.34983682632	1
8.42364001274	1
8.42364001274	1
8.49758195877	1
8.49758195877	1
8.50791287422	-1
8.58011484146	-1
8.58011484146	-1
8.58011484146	-1
8.58281898499	1
8.58303499222	1
8.58303499222	1
8.58303499222	1
8.58303499222	1
8.58303499222	1
8.58303499222	1
8.58303499222	1
8.58303499222	1
8.58317399025	1
8.62094783783	-1
8.62269496918	1
8.62269496918	1
8.63561701775	-1
8.63561701775	-1
8.63561701775	-1
8.63561701775	-1
8.63561701775	-1
8.63561701775	-1
8.64806079865	-1
8.64806079865	-1
8.65304684639	1
8.65304684639	1
8.65304684639	1
8.65304684639	1
8.65304684639	1
8.65304684639	1
8.65304684639	1
8.65304684639	1
8.65304684639	1
8.65304684639	1
8.65314388275	1
8.69698500633	-1
8.69698500633	-1
8.69826889038	1
8.69826889038	1
8.69826889038	1
8.69892501831	1
8.69892501831	1
9.48941302299	-1
9.49075579643	1
9.51879382133	-1
9.51879382133	-1
9.51879382133	-1
9.53158998489	-1
9.53158998489	-1
9.53158998489	-1
9.53158998489	-1
9.53158998489	-1
9.53158998489	-1
9.53158998489	-1
9.5556538105	-1
9.55586194992	-1
9.55586194992	-1
9.55586194992	-1
9.56524395943	1
9.58110499382	1
9.58110499382	1
9.58110499382	1
9.6084690094	-1
9.6084690094	-1
9.6084690094	-1
9.63930583	1
9.65673899651	-1
9.65673899651	-1
9.65673899651	-1
9.65673899651	-1
9.65673899651	-1
9.65673899651	-1
9.65673899651	-1
9.65914082527	-1
9.65914082527	-1
9.65914082527	-1
9.65914082527	-1
9.65914082527	-1
9.65914082527	-1
9.65914082527	-1
9.65914082527	-1
9.66789793968	-1
9.66789793968	-1
9.66789793968	-1
9.66789793968	-1
9.66789793968	-1
9.66789793968	-1
9.66789793968	-1
9.66789793968	-1
9.71381187439	-1
9.71381187439	-1
9.71381187439	-1
9.71381187439	-1
9.71381187439	-1
9.71381187439	-1
9.71381187439	-1
9.71394896507	-1
9.72195482254	1
9.72674894333	1
9.72674894333	1
9.72674894333	1
9.7309718132	-1
9.7309718132	-1
9.73108482361	-1
9.73108482361	-1
9.73108482361	-1
9.73108482361	-1
9.73108482361	-1
10.2784337997	-1
10.3546919823	-1
10.3546919823	-1
10.3546919823	-1
10.3546919823	-1
10.3546919823	-1
10.3546919823	-1
10.3546919823	-1
10.3546919823	-1
10.3546919823	-1
10.3549468517	-1
10.3549468517	-1
10.3549468517	-1
10.3549468517	-1
10.3565089703	1
10.3632619381	-1
10.3632619381	-1
10.3632619381	-1
10.3632619381	-1
10.3632619381	-1
10.3632619381	-1
10.3632619381	-1
10.3632619381	-1
10.3975338936	1
10.3975338936	1
10.3975338936	1
10.3975338936	1
10.3975338936	1
10.3975338936	1
10.3975338936	1
10.3975338936	1
10.3975338936	1
10.4789237976	-1
10.4827218056	-1
10.4827218056	-1
10.4827218056	-1
10.4827218056	-1
10.4827218056	-1
10.4827218056	-1
10.4827218056	-1
10.5186419487	-1
10.5186419487	-1
10.5186419487	-1
10.5186419487	-1
10.5186419487	-1
10.5186419487	-1
10.5186419487	-1
10.5186419487	-1
10.5186419487	-1
10.5273458958	-1
10.5286049843	1
10.5294618607	-1
10.5294618607	-1
10.5294618607	-1
10.5294618607	-1
10.5294618607	-1
10.5294618607	-1
10.5294618607	-1
10.5294618607	-1
10.529804945	-1
10.529804945	-1
10.529804945	-1
10.529804945	-1
10.529804945	-1
10.529804945	-1
10.5569570065	-1
10.5569570065	-1
10.5569570065	-1
10.5569570065	-1
10.5569570065	-1
10.5569570065	-1
10.5569570065	-1
10.5569570065	-1
10.5604279041	1
10.5604279041	1
10.5604279041	1
10.5604279041	1
10.5604279041	1
10.5604279041	1
10.5604279041	1
10.5604279041	1
10.5604279041	1
10.5605390072	1
10.5605390072	1
10.5926718712	-1
10.5926718712	-1
10.5926718712	-1
10.5926718712	-1
10.5926718712	-1
10.5926718712	-1
10.5926718712	-1
10.5926718712	-1
10.5936589241	-1
10.6349639893	1
10.6349639893	1
10.6360108852	-1
10.6360108852	-1
10.6360108852	-1
10.6360108852	-1
10.6360108852	-1
10.6360108852	-1
10.6360108852	-1
10.6360108852	-1
10.6360108852	-1
10.6363198757	-1
10.6363198757	-1
10.6363198757	-1
10.6363198757	-1
10.6363198757	-1
10.6363198757	-1
10.6366169453	-1
10.6366169453	-1
10.6366169453	-1
10.6366169453	-1
10.6366169453	-1
10.6366169453	-1
10.6366169453	-1
10.6366169453	-1
10.6782929897	-1
10.6782929897	-1
10.6782929897	-1
10.6782929897	-1
10.6782929897	-1
10.6782929897	-1
10.6782929897	-1
10.6782929897	-1
10.6782929897	-1
10.6859748363	-1
10.6866889	-1
10.6866889	-1
10.6866889	-1
10.6866889	-1
10.6866889	-1
10.6866889	-1
10.6866889	-1
10.6866889	-1
10.6897649765	1
10.6897649765	1
10.6897649765	1
10.6897649765	1
10.6897649765	1
10.6897649765	1
10.6897649765	1
10.6897649765	1
10.6897649765	1
10.7052438259	-1
10.7052438259	-1
10.7052438259	-1
10.7052438259	-1
10.7052438259	-1
10.7052438259	-1
10.7104239464	-1
10.7104239464	-1
10.7104239464	-1
10.7104239464	-1
10.7104239464	-1
10.7104239464	-1
10.7104239464	-1
10.7104239464	-1
10.7107758522	-1
10.7107758522	-1
10.7107758522	-1
10.7107758522	-1
10.7107758522	-1
10.7107758522	-1
10.7107758522	-1
10.7107758522	-1
10.7111439705	-1
10.7111439705	-1
10.7111439705	-1
10.7111439705	-1
10.7111439705	-1
10.7111439705	-1
10.7111439705	-1
10.7111439705	-1
10.7113900185	-1
10.7113900185	-1
10.7113900185	-1
10.7113900185	-1
10.7113900185	-1
10.7113900185	-1
10.7113900185	-1
10.7113900185	-1
10.7527139187	-1
10.7527139187	-1
10.7527139187	-1
10.7527139187	-1
10.7527139187	-1
10.7527139187	-1
10.7527139187	-1
10.7527139187	-1
10.7779419422	-1
10.7779419422	-1
10.7779419422	-1
10.7779419422	-1
10.7779419422	-1
10.7779419422	-1
10.7779419422	-1
10.7779419422	-1
10.7779419422	-1
10.7805838585	-1
10.7805838585	-1
10.7805838585	-1
10.7805838585	-1
10.7805838585	-1
10.7805838585	-1
10.7805838585	-1
10.783564806	-1
10.7847118378	1
10.7847118378	1
10.7847118378	1
10.7911198139	-1
10.7911198139	-1
10.7955129147	-1
10.7955129147	-1
10.7955129147	-1
10.8064680099	-1
10.8064680099	-1
10.8064680099	-1
10.8066978455	-1
10.8066978455	-1
10.8066978455	-1
10.8066978455	-1
10.8066978455	-1
10.8075609207	-1
10.8075609207	-1
11.2903590202	-1
11.3855929375	-1
11.3855929375	-1
11.3855929375	-1
11.3855929375	-1
11.3855929375	-1
11.3855929375	-1
11.3855929375	-1
11.3855929375	-1
11.3855929375	-1
11.3858458996	-1
11.3858458996	-1
11.3858458996	-1
11.3858458996	-1
11.3858458996	-1
11.3863258362	-1
11.3863258362	-1
11.3863258362	-1
11.3863258362	-1
11.3863258362	-1
11.3863258362	-1
11.3863258362	-1
11.3863258362	-1
11.3867850304	1
11.4556639194	-1
11.4556639194	-1
11.4556639194	-1
11.4556639194	-1
11.4556639194	-1
11.4556639194	-1
11.4556639194	-1
11.4556639194	-1
11.4556639194	-1
11.4560139179	-1
11.4560139179	-1
11.4560139179	-1
11.4560139179	-1
11.4560139179	-1
11.4560139179	-1
11.4560139179	-1
11.475137949	-1
11.4756128788	-1
11.4756128788	-1
11.4756128788	-1
11.4756128788	-1
11.4756128788	-1
11.4756128788	-1
11.4756128788	-1
11.5183289051	1
11.5569298267	-1
11.5569298267	-1
11.5569298267	-1
11.5569298267	-1
11.5569298267	-1
11.5569298267	-1
11.5569298267	-1
11.5569298267	-1
11.5571978092	-1
11.5573198795	-1
11.5573198795	-1
11.5573198795	-1
11.5573198795	-1
11.5573198795	-1
11.5573198795	-1
11.5573198795	-1
11.5573198795	-1
11.5576908588	-1
11.5576908588	-1
11.5576908588	-1
11.5576908588	-1
11.5576908588	-1
11.5576908588	-1
11.5576908588	-1
11.5580499172	-1
11.558221817	-1
11.558221817	-1
11.558221817	-1
11.558221817	-1
11.558221817	-1
11.558221817	-1
11.558221817	-1
11.5587358475	-1
11.5589189529	-1
11.5589189529	-1
11.5589189529	-1
11.5589189529	-1
11.5589189529	-1
11.5589189529	-1
11.5589189529	-1
11.5913758278	-1
11.5914800167	-1
11.5914800167	-1
11.5914800167	-1
11.5914800167	-1
11.5914800167	-1
11.5914800167	-1
11.5914800167	-1
11.5914800167	-1
11.6314549446	-1
11.6314549446	-1
11.6314549446	-1
11.6314549446	-1
11.6314549446	-1
11.6314549446	-1
11.6314549446	-1
11.6317009926	-1
11.6317009926	-1
11.6317009926	-1
11.6317009926	-1
11.6317009926	-1
11.6317009926	-1
11.6317009926	-1
11.6317009926	-1
11.6317009926	-1
11.6324369907	-1
11.6324369907	-1
11.6324369907	-1
11.6324369907	-1
11.6324369907	-1
11.6324369907	-1
11.6324369907	-1
11.6328048706	-1
11.6328048706	-1
11.6328048706	-1
11.6328048706	-1
11.6328048706	-1
11.6328048706	-1
11.6328048706	-1
11.6328048706	-1
11.6328048706	-1
11.6362938881	1
11.6376419067	-1
11.6376419067	-1
11.6376419067	-1
11.6376419067	-1
11.6376419067	-1
11.6376419067	-1
11.6376419067	-1
11.706143856	-1
11.7062568665	-1
11.7062568665	-1
11.7062568665	-1
11.7062568665	-1
11.7062568665	-1
11.7062568665	-1
11.7062568665	-1
11.7065649033	-1
11.7065649033	-1
11.7065649033	-1
11.7065649033	-1
11.7065649033	-1
11.7065649033	-1
11.7065649033	-1
11.7065649033	-1
11.7070579529	-1
11.7072839737	-1
11.7072839737	-1
11.7072839737	-1
11.7072839737	-1
11.7072839737	-1
11.7072839737	-1
11.7072839737	-1
11.7072839737	-1
11.7111558914	-1
11.7111690044	1
11.7115418911	-1
11.7115418911	-1
11.7115418911	-1
11.7115418911	-1
11.7115418911	-1
11.7115418911	-1
11.7115418911	-1
11.7115418911	-1
11.7119100094	-1
11.7119100094	-1
11.7119100094	-1
11.7119100094	-1
11.7119100094	-1
11.7119100094	-1
11.7125048637	-1
11.7125048637	-1
11.7125048637	-1
11.7125048637	-1
11.7125048637	-1
11.7125048637	-1
11.7125048637	-1
11.7125048637	-1
11.7132019997	-1
11.7132019997	-1
11.7132019997	-1
11.7132019997	-1
11.7132019997	-1
11.7132019997	-1
11.7132019997	-1
11.7132019997	-1
11.7140219212	-1
11.7140219212	-1
11.7140219212	-1
11.7140219212	-1
11.7140219212	-1
11.7140219212	-1
11.7140219212	-1
11.7140219212	-1
11.7806580067	-1
11.7806580067	-1
11.7806580067	-1
11.7806580067	-1
11.7806580067	-1
11.7806580067	-1
11.7806580067	-1
11.7806580067	-1
11.7811119556	-1
11.7811119556	-1
11.7811119556	-1
11.7811119556	-1
11.7811119556	-1
11.7811119556	-1
11.7811119556	-1
11.7811119556	-1
11.7814438343	-1
11.7814438343	-1
11.7814438343	-1
11.7814438343	-1
11.7814438343	-1
11.7814438343	-1
11.7814438343	-1
11.7814438343	-1
11.7814438343	-1
11.7818479538	-1
11.7818479538	-1
11.7818479538	-1
11.7818479538	-1
11.7818479538	-1
11.7818479538	-1
11.7818479538	-1
11.7853729725	1
11.7853729725	1
11.7853980064	-1
11.7855758667	-1
11.7855758667	-1
11.7855758667	-1
11.7855758667	-1
11.7855758667	-1
11.7855758667	-1
11.7855758667	-1
11.7855758667	-1
11.7862989902	-1
11.7862989902	-1
11.7862989902	-1
11.7862989902	-1
11.7862989902	-1
11.7862989902	-1
11.7862989902	-1
11.8114259243	-1
11.8114259243	-1
11.8114259243	-1
11.8114259243	-1
11.8114259243	-1
11.8114259243	-1
11.8114259243	-1
11.8114259243	-1
11.8114259243	-1
11.8410789967	-1
11.8410789967	-1
11.8410789967	-1
11.8410789967	-1
11.8410789967	-1
11.8410789967	-1
11.8410789967	-1
11.8462998867	-1
11.8466589451	-1
11.8466589451	-1
11.8466589451	-1
11.8466589451	-1
11.8466589451	-1
11.8466589451	-1
11.8466589451	-1
11.8466589451	-1
11.8470299244	-1
11.8470299244	-1
11.8470299244	-1
11.8470299244	-1
11.8470299244	-1
11.8470299244	-1
11.8470299244	-1
11.8549938202	-1
11.8549938202	-1
11.8549938202	-1
11.8549938202	-1
11.8549938202	-1
11.8549938202	-1
11.8549938202	-1
11.8549938202	-1
11.8557507992	-1
11.8562688828	-1
11.8562688828	-1
11.8562688828	-1
11.8562688828	-1
11.8562688828	-1
11.8562688828	-1
11.8562688828	-1
11.8562688828	-1
11.8565089703	-1
11.8565089703	-1
11.8565089703	-1
11.8565089703	-1
11.8565089703	-1
11.8565089703	-1
11.8565089703	-1
11.8565089703	-1
11.8568789959	-1
11.8568789959	-1
11.8568789959	-1
11.8568789959	-1
11.8568789959	-1
11.8568789959	-1
11.8568789959	-1
11.8568789959	-1
11.8572468758	-1
11.8572468758	-1
11.8572468758	-1
11.8572468758	-1
11.8572468758	-1
11.8572468758	-1
11.8572468758	-1
11.8572468758	-1
11.8598198891	1
11.8598198891	1
11.8605439663	-1
11.8605439663	-1
11.8605439663	-1
11.8605439663	-1
11.8605439663	-1
12.2875900269	-1
12.361620903	-1
12.361620903	-1
12.374519825	-1
12.374519825	-1
12.374519825	-1
12.374519825	-1
12.374519825	-1
12.374519825	-1
12.374519825	-1
12.374519825	-1
12.374519825	-1
12.3815009594	-1
12.3815009594	-1
12.3815009594	-1
12.3815009594	-1
12.3815009594	-1
12.3815009594	-1
12.3815009594	-1
12.3862798214	-1
12.3862798214	-1
12.3862798214	-1
12.3862798214	-1
12.3862798214	-1
12.3862798214	-1
12.3862798214	-1
12.3862798214	-1
12.387472868	1
12.3890788555	-1
12.3890788555	-1
12.3890788555	-1
12.3890788555	-1
12.3890788555	-1
12.3890788555	-1
12.3890788555	-1
12.3890788555	-1
12.4296278954	-1
12.4298958778	-1
12.4298958778	-1
12.4298958778	-1
12.4298958778	-1
12.4298958778	-1
12.4298958778	-1
12.4298958778	-1
12.4298958778	-1
12.4363839626	-1
12.4363839626	-1
12.4363839626	-1
12.4363839626	-1
12.4363839626	-1
12.4363839626	-1
12.4363839626	-1
12.4498388767	-1
12.4498388767	-1
12.4498388767	-1
12.4498388767	-1
12.4498388767	-1
12.4498388767	-1
12.4498388767	-1
12.4498388767	-1
12.4754178524	-1
12.4754178524	-1
12.4754178524	-1
12.4754178524	-1
12.4754178524	-1
12.4754178524	-1
12.4754178524	-1
12.4754178524	-1
12.4754178524	-1
12.475427866	1
12.4757378101	-1
12.4757378101	-1
12.4757378101	-1
12.4757378101	-1
12.4757378101	-1
12.4757378101	-1
12.4757378101	-1
12.4760289192	-1
12.5798618793	-1
12.5798618793	-1
12.5798618793	-1
12.5798618793	-1
12.5798618793	-1
12.5798618793	-1
12.5798618793	-1
12.5851488113	-1
12.5851488113	-1
12.5851488113	-1
12.5851488113	-1
12.5851488113	-1
12.5851488113	-1
12.5851488113	-1
12.5851488113	-1
12.5932919979	-1
12.5932919979	-1
12.5932919979	-1
12.5932919979	-1
12.5932919979	-1
12.5932919979	-1
12.5932919979	-1
12.5932919979	-1
12.5945498943	1
12.5985548496	-1
12.5985548496	-1
12.5985548496	-1
12.5985548496	-1
12.5985548496	-1
12.5985548496	-1
12.5985548496	-1
12.5985548496	-1
12.6105229855	-1
12.6105229855	-1
12.6105229855	-1
12.6105229855	-1
12.6105229855	-1
12.6105229855	-1
12.6105229855	-1
12.6105229855	-1
12.61419487	-1
12.61419487	-1
12.61419487	-1
12.61419487	-1
12.61419487	-1
12.61419487	-1
12.61419487	-1
12.61419487	-1
12.6496298313	-1
12.6517798901	-1
12.6517798901	-1
12.6517798901	-1
12.6517798901	-1
12.6517798901	-1
12.6517798901	-1
12.6517798901	-1
12.6517798901	-1
12.6542549133	-1
12.6542549133	-1
12.6542549133	-1
12.6542549133	-1
12.6542549133	-1
12.6542549133	-1
12.6542549133	-1
12.6545000076	-1
12.6592338085	-1
12.6592338085	-1
12.6592338085	-1
12.6592338085	-1
12.6592338085	-1
12.6592338085	-1
12.6592338085	-1
12.6602959633	-1
12.6602959633	-1
12.6602959633	-1
12.6602959633	-1
12.6602959633	-1
12.6602959633	-1
12.6602959633	-1
12.6602959633	-1
12.6679139137	-1
12.6679139137	-1
12.6679139137	-1
12.6679139137	-1
12.6679139137	-1
12.6679139137	-1
12.6679139137	-1
12.6679139137	-1
12.6696639061	-1
12.6696639061	-1
12.6696639061	-1
12.6696639061	-1
12.6696639061	-1
12.6696639061	-1
12.6696639061	-1
12.6696639061	-1
12.6696739197	1
12.6735339165	-1
12.6747839451	-1
12.6747839451	-1
12.6747839451	-1
12.6747839451	-1
12.6747839451	-1
12.6747839451	-1
12.6747839451	-1
12.6958758831	-1
12.6958758831	-1
12.6958758831	-1
12.6958758831	-1
12.6958758831	-1
12.6958758831	-1
12.6958758831	-1
12.6958758831	-1
12.6958758831	-1
12.6962358952	-1
12.6962358952	-1
12.6962358952	-1
12.6962358952	-1
12.6962358952	-1
12.6962358952	-1
12.6962358952	-1
12.6966040134	-1
12.6966040134	-1
12.6966040134	-1
12.6966040134	-1
12.6966040134	-1
12.6966040134	-1
12.6966040134	-1
12.6966040134	-1
12.7266058922	-1
12.7266058922	-1
12.7266058922	-1
12.7266058922	-1
12.7266058922	-1
12.7266058922	-1
12.7266058922	-1
12.7266058922	-1
12.7269740105	-1
12.7269740105	-1
12.7269740105	-1
12.7269740105	-1
12.7269740105	-1
12.7269740105	-1
12.7269740105	-1
12.7269740105	-1
12.7491519451	1
12.773679018	-1
12.773679018	-1
12.773679018	-1
12.773679018	-1
12.773679018	-1
12.773679018	-1
12.773679018	-1
12.773679018	-1
12.7832539082	-1
12.7832539082	-1
12.7832539082	-1
12.7832539082	-1
12.7832539082	-1
12.7832539082	-1
12.7832539082	-1
12.7832539082	-1
12.7836019993	-1
12.7836019993	-1
12.7836019993	-1
12.7836019993	-1
12.7836019993	-1
12.7836019993	-1
12.7836019993	-1
12.7836019993	-1
12.7956018448	-1
12.8088288307	-1
12.8088288307	-1
12.8088288307	-1
12.8088288307	-1
12.8088288307	-1
12.8088288307	-1
12.8088288307	-1
12.8193759918	-1
12.8193759918	-1
12.8193759918	-1
12.8193759918	-1
12.8193759918	-1
12.8193759918	-1
12.8193759918	-1
12.8193759918	-1
12.8238918781	1
12.8257958889	-1
12.8257958889	-1
12.8257958889	-1
12.8257958889	-1
12.8257958889	-1
12.8257958889	-1
12.8257958889	-1
12.8257958889	-1
12.834980011	-1
12.8404138088	-1
12.8404138088	-1
12.8404138088	-1
12.8404138088	-1
12.8404138088	-1
12.8404138088	-1
12.8404138088	-1
12.8480529785	-1
12.8480529785	-1
12.8480529785	-1
12.8480529785	-1
12.8480529785	-1
12.8480529785	-1
12.8480529785	-1
12.8480529785	-1
12.8524549007	-1
12.8524549007	-1
12.8524549007	-1
12.8524549007	-1
12.8524549007	-1
12.8524549007	-1
12.8524549007	-1
12.8524549007	-1
12.8584079742	-1
12.8584079742	-1
12.8584079742	-1
12.8584079742	-1
12.8584079742	-1
12.8623189926	-1
12.8623189926	-1
12.8623189926	-1
12.8623189926	-1
12.8623189926	-1
12.8623189926	-1
12.8623189926	-1
12.8681559563	-1
12.8681559563	-1
12.8681559563	-1
12.8681559563	-1
12.8733580112	-1
12.8733580112	-1
12.8733580112	-1
12.8733580112	-1
12.8733580112	-1
12.8733580112	-1
12.8733580112	-1
12.8733580112	-1
12.8761649132	-1
12.8761649132	-1
12.8761649132	-1
12.8761649132	-1
12.8761649132	-1
12.8980638981	1
12.8980638981	1
13.0113530159	1
13.2871730328	-1
13.362432003	-1
13.362432003	-1
13.362432003	-1
13.362432003	-1
13.362432003	-1
13.362432003	-1
13.3626568317	-1
13.3626568317	-1
13.3626568317	-1
13.3626568317	-1
13.3626568317	-1
13.3626568317	-1
13.3626568317	-1
13.3626568317	-1
13.36302495	-1
13.36302495	-1
13.36302495	-1
13.36302495	-1
13.36302495	-1
13.36302495	-1
13.36302495	-1
13.36302495	-1
13.4293379784	-1
13.4293379784	-1
13.4293379784	-1
13.4293379784	-1
13.4293379784	-1
13.4293379784	-1
13.4293379784	-1
13.4293379784	-1
13.4293379784	-1
13.42968297	-1
13.42968297	-1
13.42968297	-1
13.42968297	-1
13.42968297	-1
13.42968297	-1
13.42968297	-1
13.429970026	-1
13.4300918579	-1
13.4300918579	-1
13.4300918579	-1
13.4300918579	-1
13.4300918579	-1
13.4300918579	-1
13.4300918579	-1
13.4309248924	1
13.4366099834	-1
13.4368319511	-1
13.4368319511	-1
13.4368319511	-1
13.4368319511	-1
13.4368319511	-1
13.4368319511	-1
13.4368319511	-1
13.4370758533	-1
13.437199831	-1
13.437199831	-1
13.437199831	-1
13.437199831	-1
13.437199831	-1
13.437199831	-1
13.437199831	-1
13.4712338448	-1
13.5524728298	-1
13.5526669025	1
13.5526988506	-1
13.5526988506	-1
13.5526988506	-1
13.5526988506	-1
13.5526988506	-1
13.5526988506	-1
13.5526988506	-1
13.5526988506	-1
13.5529918671	-1
13.5529918671	-1
13.5529918671	-1
13.5529918671	-1
13.5529918671	-1
13.5529918671	-1
13.5543029308	-1
13.5543029308	-1
13.5543029308	-1
13.5543029308	-1
13.5543029308	-1
13.5543029308	-1
13.5543029308	-1
13.5543029308	-1
13.5543029308	-1
13.5546638966	-1
13.5546638966	-1
13.5546638966	-1
13.5546638966	-1
13.5546638966	-1
13.5546638966	-1
13.5546638966	-1
13.5549099445	-1
13.5550568104	-1
13.5550568104	-1
13.5550568104	-1
13.5550568104	-1
13.5550568104	-1
13.5550568104	-1
13.5550568104	-1
13.5868368149	-1
13.586938858	-1
13.586938858	-1
13.586938858	-1
13.586938858	-1
13.586938858	-1
13.586938858	-1
13.586938858	-1
13.6169378757	-1
13.6169879436	-1
13.6169879436	-1
13.6169879436	-1
13.6169879436	-1
13.6169879436	-1
13.6169879436	-1
13.6169879436	-1
13.6177108288	-1
13.6180279255	-1
13.6180279255	-1
13.6180279255	-1
13.6180279255	-1
13.6180279255	-1
13.6180279255	-1
13.6180279255	-1
13.6180279255	-1
13.6269938946	1
13.6271808147	-1
13.6271808147	-1
13.6271808147	-1
13.6271808147	-1
13.6271808147	-1
13.6271808147	-1
13.6271808147	-1
13.627425909	-1
13.627425909	-1
13.627425909	-1
13.627425909	-1
13.627425909	-1
13.627425909	-1
13.627425909	-1
13.627425909	-1
13.6281569004	-1
13.6281569004	-1
13.6281569004	-1
13.6281569004	-1
13.6281569004	-1
13.6281569004	-1
13.6281569004	-1
13.6281569004	-1
13.6286129951	-1
13.6286129951	-1
13.6286129951	-1
13.6286129951	-1
13.6286129951	-1
13.6286129951	-1
13.6286129951	-1
13.6286129951	-1
13.6286129951	-1
13.6291658878	-1
13.6291918755	-1
13.6291918755	-1
13.6291918755	-1
13.6291918755	-1
13.6291918755	-1
13.6291918755	-1
13.6555409431	-1
13.6555409431	-1
13.6555409431	-1
13.6555409431	-1
13.6555409431	-1
13.6555409431	-1
13.6555409431	-1
13.6555409431	-1
13.7038629055	1
13.708272934	-1
13.708272934	-1
13.708272934	-1
13.708272934	-1
13.708272934	-1
13.708272934	-1
13.708272934	-1
13.708272934	-1
13.708272934	-1
13.7086229324	-1
13.7086229324	-1
13.7086229324	-1
13.7086229324	-1
13.7086229324	-1
13.7086229324	-1
13.7086229324	-1
13.7088689804	-1
13.7090148926	-1
13.7090148926	-1
13.7090148926	-1
13.7090148926	-1
13.7090148926	-1
13.7090148926	-1
13.7090148926	-1
13.7092590332	-1
13.7092590332	-1
13.7092590332	-1
13.7092590332	-1
13.7092590332	-1
13.7092590332	-1
13.7092590332	-1
13.7092590332	-1
13.7096269131	-1
13.7096269131	-1
13.7096269131	-1
13.7096269131	-1
13.7096269131	-1
13.7096269131	-1
13.7096269131	-1
13.7096269131	-1
13.709995985	-1
13.709995985	-1
13.709995985	-1
13.709995985	-1
13.709995985	-1
13.709995985	-1
13.709995985	-1
13.709995985	-1
13.7129819393	1
13.7129819393	1
13.7129819393	1
13.7446839809	-1
13.7446839809	-1
13.7478158474	-1
13.7478158474	-1
13.7478158474	-1
13.7478158474	-1
13.7478158474	-1
13.7568869591	-1
13.7568869591	-1
13.7568869591	-1
13.7568869591	-1
13.7568869591	-1
13.7568869591	-1
13.7568869591	-1
13.7568869591	-1
13.7568869591	-1
13.7572388649	-1
13.7572388649	-1
13.7575688362	-1
13.7575688362	-1
13.7575688362	-1
13.7575688362	-1
13.7575688362	-1
13.7575688362	-1
13.7575688362	-1
13.7575688362	-1
13.7580180168	-1
13.7580180168	-1
13.7580180168	-1
13.7580180168	-1
13.7591428757	1
13.7591428757	1
13.7591428757	1
13.7779619694	-1
14.2882268429	-1
14.288435936	-1
14.288435936	-1
14.288435936	-1
14.288435936	-1
14.3620150089	-1
14.3620150089	-1
14.3620150089	-1
14.3620150089	-1
14.3620150089	-1
14.3620150089	-1
14.3620150089	-1
14.3625059128	-1
14.3625059128	-1
14.3625059128	-1
14.3625059128	-1
14.3625059128	-1
14.3625059128	-1
14.3625059128	-1
14.3625059128	-1
14.3627519608	-1
14.3628399372	-1
14.3628399372	-1
14.3628399372	-1
14.3628399372	-1
14.3628399372	-1
14.3628399372	-1
14.3628399372	-1
14.4377570152	1
14.4528160095	-1
14.4528160095	-1
14.4528160095	-1
14.4528160095	-1
14.4528160095	-1
14.4528160095	-1
14.4528160095	-1
14.4528160095	-1
14.4528160095	-1
14.4548499584	-1
14.4548499584	-1
14.4548499584	-1
14.4548499584	-1
14.4548499584	-1
14.4548499584	-1
14.4548499584	-1
14.4593179226	-1
14.4593179226	-1
14.4593179226	-1
14.4593179226	-1
14.4593179226	-1
14.4593179226	-1
14.4593179226	-1
14.4593179226	-1
14.4611577988	-1
14.4611577988	-1
14.4611577988	-1
14.4611577988	-1
14.4611577988	-1
14.4611577988	-1
14.4611577988	-1
14.4611577988	-1
14.4771008492	-1
14.4771559238	-1
14.4771559238	-1
14.4771559238	-1
14.4771559238	-1
14.4771559238	-1
14.4771559238	-1
14.4771559238	-1
14.4776170254	-1
14.5118038654	1
14.5118038654	1
14.5684969425	-1
14.5684969425	-1
14.5684969425	-1
14.5684969425	-1
14.5684969425	-1
14.5684969425	-1
14.5684969425	-1
14.5684969425	-1
14.5684969425	-1
14.5688509941	-1
14.5688509941	-1
14.5688509941	-1
14.5688509941	-1
14.5688509941	-1
14.5688509941	-1
14.5707290173	-1
14.5707290173	-1
14.5707290173	-1
14.5707290173	-1
14.5707290173	-1
14.5707290173	-1
14.5707290173	-1
14.5707290173	-1
14.5733919144	-1
14.5733919144	-1
14.5733919144	-1
14.5733919144	-1
14.5733919144	-1
14.5733919144	-1
14.5733919144	-1
14.5733919144	-1
14.5756180286	-1
14.5756180286	-1
14.5756180286	-1
14.5756180286	-1
14.5756180286	-1
14.5756180286	-1
14.5756180286	-1
14.5756180286	-1
14.5859148502	1
14.5878899097	-1
14.5878899097	-1
14.5878899097	-1
14.5878899097	-1
14.5878899097	-1
14.5878899097	-1
14.5878899097	-1
14.5878899097	-1
14.615945816	-1
14.6160519123	-1
14.6160519123	-1
14.6160519123	-1
14.6160519123	-1
14.6160519123	-1
14.6160519123	-1
14.6160519123	-1
14.6431248188	-1
14.643157959	-1
14.643157959	-1
14.643157959	-1
14.643157959	-1
14.643157959	-1
14.643157959	-1
14.643157959	-1
14.643157959	-1
14.6436169147	-1
14.6436169147	-1
14.6436169147	-1
14.6436169147	-1
14.6436169147	-1
14.6436169147	-1
14.6436169147	-1
14.6449878216	-1
14.6450238228	-1
14.6450238228	-1
14.6450238228	-1
14.6450238228	-1
14.6450238228	-1
14.6450238228	-1
14.6450238228	-1
14.6458640099	-1
14.6460528374	-1
14.6460528374	-1
14.6460528374	-1
14.6460528374	-1
14.6460528374	-1
14.6460528374	-1
14.6460528374	-1
14.6478989124	-1
14.6481230259	-1
14.6481230259	-1
14.6481230259	-1
14.6481230259	-1
14.6481230259	-1
14.6481230259	-1
14.6481230259	-1
14.6481230259	-1
14.6601908207	1
14.6601908207	1
14.6626570225	-1
14.6626570225	-1
14.6626570225	-1
14.6626570225	-1
14.6626570225	-1
14.6626570225	-1
14.6626570225	-1
14.6956629753	-1
14.6957759857	-1
14.6957759857	-1
14.6957759857	-1
14.6957759857	-1
14.6957759857	-1
14.6957759857	-1
14.6957759857	-1
14.6957759857	-1
14.6960198879	-1
14.6960198879	-1
14.6960198879	-1
14.6960198879	-1
14.6960198879	-1
14.6960198879	-1
14.6960198879	-1
14.6966359615	-1
14.6966359615	-1
14.6966359615	-1
14.6966359615	-1
14.6966359615	-1
14.6966359615	-1
14.6966359615	-1
14.6966359615	-1
14.7174839973	-1
14.7174839973	-1
14.7174839973	-1
14.7174839973	-1
14.7174839973	-1
14.7174839973	-1
14.7174839973	-1
14.7174839973	-1
14.7184870243	-1
14.7184870243	-1
14.7184870243	-1
14.7184870243	-1
14.7184870243	-1
14.7184870243	-1
14.7184870243	-1
14.7184870243	-1
14.7191209793	-1
14.7191209793	-1
14.7191209793	-1
14.7191209793	-1
14.7191209793	-1
14.7191209793	-1
14.7191209793	-1
14.7191209793	-1
14.7345528603	1
14.7345528603	1
14.7624509335	-1
14.7624509335	-1
14.7624509335	-1
14.7624509335	-1
14.7624509335	-1
14.7624509335	-1
14.7624509335	-1
14.7624509335	-1
14.7626128197	-1
14.7802379131	-1
14.7802379131	-1
14.7802379131	-1
14.7802379131	-1
14.7802379131	-1
14.7802379131	-1
14.7802379131	-1
14.7878949642	-1
14.7878949642	-1
14.7878949642	-1
14.7878949642	-1
14.7878949642	-1
14.7878949642	-1
14.7878949642	-1
14.7878949642	-1
14.7949919701	-1
14.7949919701	-1
14.7949919701	-1
14.7949919701	-1
14.7949919701	-1
14.7949919701	-1
14.7949919701	-1
14.7949919701	-1
14.8006448746	-1
14.8006448746	-1
14.8006448746	-1
14.8006448746	-1
14.8006448746	-1
14.8006448746	-1
14.8006448746	-1
14.8006448746	-1
14.8054778576	-1
14.806732893	1
14.806732893	1
14.806732893	1
14.8114669323	-1
14.8114669323	-1
14.8114669323	-1
14.8114669323	-1
14.8114669323	-1
14.8114669323	-1
14.8114669323	-1
14.8157308102	-1
14.8157308102	-1
14.8157308102	-1
14.8157308102	-1
14.8157308102	-1
14.8157308102	-1
14.8157308102	-1
14.8157308102	-1
14.8197848797	-1
14.8197848797	-1
14.8197848797	-1
14.8197848797	-1
14.8197848797	-1
14.8197848797	-1
14.8197848797	-1
14.8197848797	-1
14.8236839771	-1
14.8236839771	-1
14.8236839771	-1
14.8236839771	-1
14.8236839771	-1
14.8236839771	-1
14.8236839771	-1
14.8236839771	-1
14.829376936	-1
14.829376936	-1
14.829376936	-1
14.829376936	-1
14.829376936	-1
14.829376936	-1
14.829376936	-1
14.829376936	-1
14.8318958282	-1
14.8318958282	-1
14.8318958282	-1
14.836648941	-1
14.836648941	-1
14.836648941	-1
14.836648941	-1
14.836648941	-1
14.836648941	-1
14.8543248177	-1
14.8543248177	-1
14.8543248177	-1
14.8543248177	-1
14.8543248177	-1
14.8543248177	-1
14.8543248177	-1
14.8543248177	-1
14.8621659279	-1
14.8621659279	-1
14.8621659279	-1
14.8621659279	-1
14.8621659279	-1
14.8621659279	-1
14.8621659279	-1
14.8679468632	1
14.8679468632	1
14.8679468632	1
14.8779509068	1
14.8779509068	1
14.8828070164	-1
14.8828268051	1
15.0847148895	1
15.1611328125	1
15.1611328125	1
15.2855849266	-1
15.369273901	-1
15.369273901	-1
15.369273901	-1
15.369273901	-1
15.369273901	-1
15.3693239689	-1
15.3695018291	-1
15.3695018291	-1
15.3695018291	-1
15.3695018291	-1
15.3695018291	-1
15.3695018291	-1
15.3695018291	-1
15.3699119091	-1
15.3700559139	-1
15.3700559139	-1
15.3700559139	-1
15.3700559139	-1
15.3700559139	-1
15.3700559139	-1
15.3700559139	-1
15.4350848198	-1
15.4350848198	-1
15.4350848198	-1
15.4350848198	-1
15.4350848198	-1
15.4350848198	-1
15.4350848198	-1
15.4350848198	-1
15.4350848198	-1
15.4353048801	-1
15.4353048801	-1
15.4353048801	-1
15.4353048801	-1
15.4353048801	-1
15.4353048801	-1
15.4353048801	-1
15.4360489845	-1
15.4362418652	-1
15.4362418652	-1
15.4362418652	-1
15.4362418652	-1
15.4362418652	-1
15.4362418652	-1
15.4362418652	-1
15.4366378784	1
15.4441230297	-1
15.4441230297	-1
15.4441230297	-1
15.4441230297	-1
15.4441230297	-1
15.4441230297	-1
15.4441230297	-1
15.4441230297	-1
15.4444739819	-1
15.4445970058	-1
15.4445970058	-1
15.4445970058	-1
15.4445970058	-1
15.4445970058	-1
15.4445970058	-1
15.4445970058	-1
15.4701519012	-1
15.481762886	-1
15.481762886	-1
15.481762886	-1
15.481762886	-1
15.481762886	-1
15.481762886	-1
15.481762886	-1
15.5254869461	1
15.5725119114	-1
15.5725119114	-1
15.5725119114	-1
15.5725119114	-1
15.5725119114	-1
15.5725119114	-1
15.5725119114	-1
15.5725119114	-1
15.5725119114	-1
15.5728559494	-1
15.5728559494	-1
15.5728559494	-1
15.5728559494	-1
15.5728559494	-1
15.5728559494	-1
15.5728559494	-1
15.5730998516	-1
15.5730998516	-1
15.5730998516	-1
15.5730998516	-1
15.5730998516	-1
15.5730998516	-1
15.5730998516	-1
15.5730998516	-1
15.5734698772	-1
15.5737769604	-1
15.5737769604	-1
15.5737769604	-1
15.5737769604	-1
15.5737769604	-1
15.5737769604	-1
15.5737769604	-1
15.5745718479	-1
15.5748000145	-1
15.5748000145	-1
15.5748000145	-1
15.5748000145	-1
15.5748000145	-1
15.5748000145	-1
15.5748000145	-1
15.5748000145	-1
15.5750458241	-1
15.5750458241	-1
15.5750458241	-1
15.5750458241	-1
15.5750458241	-1
15.5750458241	-1
15.5750458241	-1
15.5760309696	-1
15.5760309696	-1
15.5760309696	-1
15.5760309696	-1
15.5760309696	-1
15.5760309696	-1
15.5760309696	-1
15.5760309696	-1
15.5760309696	-1
15.5763969421	-1
15.5763969421	-1
15.5763969421	-1
15.6393399239	1
15.6393399239	1
16.2764968872	-1
16.2781729698	1
16.3501009941	-1
16.3501009941	-1
16.3501009941	-1
16.3501009941	-1
16.3501009941	-1
16.3501009941	-1
16.3532509804	1
16.3534109592	1
16.3534109592	1
16.3534109592	1
16.3534109592	1
16.5111129284	-1
16.5121459961	-1
16.5121459961	-1
16.5121459961	-1
16.6484308243	1
16.7897248268	1
16.7897248268	1
16.7897248268	1
16.7908148766	1
16.7908148766	1
16.7908148766	1
16.7908148766	1
16.7915678024	1
16.7916908264	1
16.7916908264	1
16.7916908264	1
16.804284811	1
17.04763484	1
17.5715019703	-1
17.5716929436	-1
17.5716929436	-1
17.5716929436	-1
17.5716929436	-1
17.5716929436	-1
17.5716929436	-1
17.5719399452	-1
17.5719399452	-1
17.5719399452	-1
17.5719399452	-1
17.5719399452	-1
17.5719399452	-1
17.5719399452	-1
17.5721848011	-1
17.5723090172	-1
17.5723090172	-1
17.5723090172	-1
17.6186699867	1
17.6455359459	-1
17.6544268131	1
17.6544268131	1
17.6544268131	1
17.6763370037	-1
17.6763370037	-1
17.6763370037	-1
17.6763370037	-1
17.6763370037	-1
17.6763370037	-1
17.6763370037	-1
17.6763370037	-1
17.6763370037	-1
17.692595005	1
17.692595005	1
17.6974289417	-1
17.6974289417	-1
17.709102869	-1
17.709102869	-1
17.709102869	-1
17.7108159065	1
17.7108159065	1
17.7108159065	1
17.7666769028	1
18.5649960041	-1
18.5667898655	-1
18.5667898655	-1
18.5667898655	-1
18.5667898655	-1
18.5667898655	-1
18.5667898655	-1
18.5667898655	-1
18.5667898655	-1
18.5670180321	-1
18.5670180321	-1
18.5690009594	-1
18.5690009594	-1
18.5690009594	-1
18.5690009594	-1
18.5690009594	-1
18.5690009594	-1
18.5690009594	-1
18.5690009594	-1
18.6391608715	-1
18.6549608707	1
18.6854658127	-1
18.6854658127	-1
18.6854658127	-1
18.6854658127	-1
18.6854658127	-1
18.6854658127	-1
18.6854658127	-1
18.6861219406	-1
18.6861219406	-1
18.6861219406	-1
18.6861219406	-1
18.6861219406	-1
18.687584877	-1
18.687584877	-1
18.687584877	-1
18.687584877	-1
18.687584877	-1
18.687584877	-1
18.6933779716	-1
18.6933779716	-1
18.6933779716	-1
18.6933779716	-1
18.6933779716	-1
18.6933779716	-1
18.6995439529	-1
18.6995439529	-1
18.6995439529	-1
18.7085208893	-1
18.7182478905	-1
18.7182478905	-1
18.7182478905	-1
18.7182478905	-1
18.7182478905	-1
18.7182478905	-1
18.7182478905	-1
18.7290408611	1
18.7598228455	-1
18.7598228455	-1
18.7598228455	-1
18.7598228455	-1
18.7598228455	-1
18.7598228455	-1
18.7598228455	-1
18.7818570137	-1
18.7818570137	-1
18.7818570137	-1
18.7818570137	-1
18.7818570137	-1
18.7818570137	-1
18.7818570137	-1
18.7818570137	-1
18.802271843	-1
18.802271843	-1
18.802271843	-1
18.802271843	-1
18.802271843	-1
18.802271843	-1
18.802271843	-1
18.802271843	-1
18.8109760284	-1
18.8110098839	1
18.8110098839	1
18.8266558647	-1
18.8266558647	-1
18.8266558647	-1
18.8266558647	-1
18.8266558647	-1
18.8332560062	-1
18.8332560062	-1
18.8332560062	-1
18.8405468464	-1
18.8405468464	-1
18.8405468464	-1
18.8405468464	-1
18.8405468464	-1
18.8405468464	-1
18.876418829	-1
19.2794938087	-1
19.5965788364	-1
19.5968468189	-1
19.5968468189	-1
19.5968468189	-1
19.5968468189	-1
19.5968468189	-1
19.615724802	-1
19.615778923	-1
19.615778923	-1
19.615778923	-1
19.615778923	-1
19.615778923	-1
19.615778923	-1
19.6159818172	-1
19.6159818172	-1
19.6159818172	-1
19.6159818172	-1
19.6159818172	-1
19.6159818172	-1
19.6159818172	-1
19.6159818172	-1
19.6164448261	-1
19.6164448261	-1
19.6164448261	-1
19.6164448261	-1
19.6164448261	-1
19.6164448261	-1
19.6164448261	-1
19.6164448261	-1
19.6186068058	1
19.6707010269	-1
19.6707010269	-1
19.6707010269	-1
19.6707010269	-1
19.6707010269	-1
19.6707010269	-1
19.6707010269	-1
19.6707010269	-1
19.6707010269	-1
19.693584919	-1
19.693584919	-1
19.693584919	-1
19.693584919	-1
19.693584919	-1
19.693584919	-1
19.693584919	-1
19.6939778328	-1
19.6940989494	-1
19.6940989494	-1
19.6940989494	-1
19.6940989494	-1
19.6940989494	-1
19.6940989494	-1
19.6940989494	-1
19.6943459511	-1
19.6943459511	-1
19.6943459511	-1
19.6943459511	-1
19.6943459511	-1
19.6943459511	-1
19.6943459511	-1
19.6943459511	-1
19.6943459511	-1
19.6946430206	-1
19.6946430206	-1
19.708616972	1
19.7943959236	1
19.7943959236	1
19.7943959236	1
19.805729866	1
19.805729866	1
20.0427439213	1
20.1169719696	1
20.1169719696	1
20.2811570168	-1
20.5773239136	-1
20.5779349804	-1
20.5779349804	-1
20.5779349804	-1
20.5779349804	-1
20.5779349804	-1
20.5779349804	-1
20.5779349804	-1
20.5782859325	-1
20.5783150196	-1
20.5783150196	-1
20.5783150196	-1
20.5783150196	-1
20.5783150196	-1
20.5783150196	-1
20.5783150196	-1
20.6512730122	-1
20.6512730122	-1
20.6512730122	-1
20.6512730122	-1
20.6512730122	-1
20.6512730122	-1
20.6512730122	-1
20.6512730122	-1
20.6512730122	-1
20.6516199112	-1
20.6516199112	-1
20.6516199112	-1
20.6516199112	-1
20.6516199112	-1
20.6516199112	-1
20.6516199112	-1
20.6542158127	1
20.6598110199	-1
20.6598110199	-1
20.6598110199	-1
20.6598110199	-1
20.6760089397	-1
20.6760089397	-1
20.6956319809	-1
20.6956319809	-1
20.7064490318	-1
20.7064490318	-1
20.7064490318	-1
20.7064490318	-1
20.7064490318	-1
20.7064490318	-1
20.7135248184	-1
20.7135248184	-1
20.7135248184	-1
20.7135248184	-1
20.7135248184	-1
20.7135248184	-1
20.7135248184	-1
20.7222390175	1
20.7222390175	1
20.7222390175	1
20.7246439457	1
20.7246439457	1
20.7246439457	1
20.7253329754	-1
20.7254450321	-1
20.7254450321	-1
20.7254450321	-1
20.7254450321	-1
20.7254450321	-1
20.7254450321	-1
20.7280128002	1
20.7280128002	1
20.7280128002	1
20.7315659523	-1
20.7315659523	-1
20.7315659523	-1
20.7315659523	-1
20.8019368649	1
21.3631639481	1
21.4370679855	1
21.5890669823	-1
21.5898869038	-1
21.5898869038	-1
21.5898869038	-1
21.5898869038	-1
21.5898869038	-1
21.5898869038	-1
21.5898869038	-1
21.5898869038	-1
21.5901148319	-1
21.5901148319	-1
21.5905439854	-1
21.5908529758	-1
21.5908529758	-1
21.5908529758	-1
21.5908529758	-1
21.5908529758	-1
21.5908529758	-1
21.5908529758	-1
21.591108799	-1
21.591108799	-1
21.591108799	-1
21.591108799	-1
21.591108799	-1
21.591108799	-1
21.591108799	-1
21.5930829048	1
21.6281089783	1
21.6281089783	1
21.6281089783	1
21.6643118858	-1
21.6643118858	-1
21.6643118858	-1
21.6643118858	-1
21.6643118858	-1
21.6643118858	-1
21.6645338535	-1
21.6645338535	-1
21.6645338535	-1
21.6646578312	-1
21.6646578312	-1
21.6647799015	-1
21.6647799015	-1
21.6649019718	-1
21.6649019718	-1
21.6649019718	-1
21.6649019718	-1
21.6649019718	-1
21.6649019718	-1
21.6649019718	-1
21.6649019718	-1
21.66522789	-1
21.66522789	-1
21.66522789	-1
21.66522789	-1
21.66522789	-1
21.66522789	-1
21.665779829	-1
21.665779829	-1
21.665779829	-1
21.665779829	-1
21.7023119926	1
21.7764129639	1
21.7764129639	1
22.2878417969	-1
22.2892990112	1
22.363503933	1
22.4205229282	-1
22.4206469059	-1
22.4206469059	-1
22.4206469059	-1
22.4206469059	-1
22.4206469059	-1
22.4373869896	1
22.4373869896	1
22.4976990223	1
22.4976990223	1
22.4976990223	1
22.4976990223	1
22.4976990223	1
22.4976990223	1
22.5071368217	-1
22.5071368217	-1
22.5071368217	-1
22.5071368217	-1
22.5071368217	-1
22.5071368217	-1
22.5071368217	-1
22.5071368217	-1
22.5702250004	-1
22.5711328983	-1
22.5711328983	-1
22.5711328983	-1
22.5711328983	-1
22.5711328983	-1
22.5711328983	-1
22.5711328983	-1
22.5711328983	-1
22.5714218616	-1
22.5714218616	-1
22.5714218616	-1
22.5714218616	-1
22.571614027	-1
22.5722060204	-1
22.5722060204	-1
22.5722060204	-1
22.5722060204	-1
22.5722060204	-1
22.5722060204	-1
22.5722060204	-1
22.5728449821	-1
22.5770850182	1
22.5770850182	1
22.5770850182	1
22.5770850182	1
22.5770850182	1
22.5770850182	1
22.5770850182	1
22.5770850182	1
22.5770850182	1
22.5772829056	1
22.5772829056	1
22.5772829056	1
22.5772829056	1
22.5772829056	1
22.5772829056	1
22.5772829056	1
22.5772829056	1
22.5812759399	-1
22.5867710114	1
22.5867710114	1
22.5867710114	1
22.6194219589	-1
22.6194219589	-1
22.6194219589	-1
22.6194658279	1
22.7460370064	1
22.7732059956	-1
22.915943861	1
23.2835538387	-1
23.2850677967	-1
23.2850677967	-1
23.2850677967	-1
23.2850677967	-1
23.2850677967	-1
23.3553960323	-1
23.3690237999	1
23.3706259727	1
23.3706259727	1
23.3706259727	1
23.4428880215	1
23.4428880215	1
23.5420548916	-1
23.5425078869	-1
23.5425078869	-1
23.5425078869	-1
23.5425078869	-1
23.5425078869	-1
23.5425078869	-1
23.5425078869	-1
23.5425078869	-1
23.5427539349	-1
23.5427539349	-1
23.5432238579	-1
23.543571949	-1
23.543571949	-1
23.543571949	-1
23.543571949	-1
23.543571949	-1
23.5441048145	-1
23.5945718288	-1
23.5945718288	-1
23.6442840099	-1
23.6442840099	-1
23.6442840099	-1
23.6442840099	-1
23.6442840099	-1
23.6442840099	-1
23.6677749157	-1
23.6677749157	-1
23.6677749157	-1
23.6677749157	-1
23.6677749157	-1
23.6677749157	-1
23.6677749157	-1
23.6677749157	-1
23.6681239605	-1
23.6681239605	-1
23.6681239605	-1
23.6681239605	-1
23.6681239605	-1
23.6697390079	1
23.6714680195	1
23.6714680195	1
23.6714680195	1
23.6715908051	1
23.6715908051	1
23.6715908051	1
23.6774179935	-1
23.6842458248	-1
23.6842458248	-1
23.6842458248	-1
23.6842458248	-1
23.6842458248	-1
23.6842458248	-1
23.6842458248	-1
23.745582819	1
24.3663499355	-1
24.366590023	-1
24.366590023	-1
24.366590023	-1
24.366590023	-1
24.924590826	-1
24.9246490002	-1
24.9246490002	-1
24.9246490002	-1
24.925287962	-1
24.925287962	-1
24.925287962	-1
24.925287962	-1
24.925287962	-1
24.925287962	-1
24.925287962	-1
24.925287962	-1
24.925287962	-1
24.9259448051	-1
24.9259448051	-1
24.9259448051	-1
24.9259448051	-1
24.9259448051	-1
24.9259448051	-1
24.9259448051	-1
24.9263088703	-1
24.9263088703	-1
24.9263088703	-1
24.9263088703	-1
24.9263088703	-1
24.9263088703	-1
24.9263088703	-1
24.9263088703	-1
24.9987688065	-1
24.9987928867	-1
24.9987928867	-1
24.9987928867	-1
24.9987928867	-1
24.9987928867	-1
24.9987928867	-1
24.9987928867	-1
24.9987928867	-1
24.9993999004	-1
24.9993999004	-1
24.9993999004	-1
24.9993999004	-1
24.9993999004	-1
24.9993999004	-1
24.9993999004	-1
24.9996438026	-1
24.9997668266	-1
24.9997668266	-1
24.9997668266	-1
24.9997668266	-1
24.9997668266	-1
24.9997668266	-1
24.9997668266	-1
25.0000138283	-1
25.0001728535	-1
25.0001728535	-1
25.0001728535	-1
25.0001728535	-1
25.0001728535	-1
25.0001728535	-1
25.0001728535	-1
25.0004060268	-1
25.0005459785	-1
25.0005459785	-1
25.0005459785	-1
25.0005459785	-1
25.0005459785	-1
25.0005459785	-1
25.0005459785	-1
25.0005459785	-1
25.0009000301	-1
25.0009000301	-1
25.0009000301	-1
25.0009000301	-1
25.0009000301	-1
25.0009000301	-1
25.0009000301	-1
25.0012428761	-1
25.0012428761	-1
25.0012428761	-1
25.0012428761	-1
25.0012428761	-1
25.0012428761	-1
25.0012428761	-1
25.0012428761	-1
25.002065897	1
25.0741620064	-1
25.0742838383	-1
25.0742838383	-1
25.0742838383	-1
25.0742838383	-1
25.0742838383	-1
25.0742838383	-1
25.0742838383	-1
25.0745298862	-1
25.0745298862	-1
25.0745298862	-1
25.0745298862	-1
25.0745298862	-1
25.0745298862	-1
25.0745298862	-1
25.0745298862	-1
25.0745298862	-1
25.0748989582	-1
25.0748989582	-1
25.0748989582	-1
25.0748989582	-1
25.0748989582	-1
25.0748989582	-1
25.0748989582	-1
25.0748989582	-1
25.0752618313	-1
25.0752618313	-1
25.0752618313	-1
25.0752618313	-1
25.0752618313	-1
25.0752618313	-1
25.0752618313	-1
25.0752618313	-1
25.075551033	-1
25.0757799149	-1
25.0757799149	-1
25.0757799149	-1
25.0759019852	-1
25.0759019852	-1
25.0759019852	-1
25.0759019852	-1
25.0759019852	-1
25.0759019852	-1
25.0759019852	-1
25.0759019852	-1
25.0761480331	-1
25.0761480331	-1
25.0761480331	-1
25.0761480331	-1
25.0763719082	1
25.0763719082	1
25.1507539749	1
25.1507539749	1
25.2987968922	-1
25.2999808788	-1
25.2999808788	-1
25.2999808788	-1
25.2999808788	-1
25.2999808788	-1
25.2999808788	-1
25.2999808788	-1
25.2999808788	-1
25.3002099991	-1
25.3002099991	-1
25.3002099991	-1
25.301306963	1
25.3029119968	-1
25.3029119968	-1
25.3029119968	-1
25.4851698875	-1
25.4851698875	-1
26.7830078602	-1
26.7834780216	-1
26.7834780216	-1
26.7834780216	-1
26.7835068703	-1
26.7835068703	-1
26.7835068703	-1
26.7840099335	-1
26.7840099335	-1
26.7840099335	-1
26.7840099335	-1
26.7933869362	-1
26.8577349186	-1
26.8577349186	-1
27.2934749126	-1
27.2941148281	-1
27.2941148281	-1
27.2941148281	-1
27.2941148281	-1
27.2945439816	-1
27.2945439816	-1
27.2945439816	-1
27.2945439816	-1
27.2947888374	-1
27.2947888374	-1
27.2947888374	-1
27.2947888374	-1
27.3708069324	1
27.3721740246	-1
27.3721740246	-1
27.3721740246	-1
27.3729999065	-1
27.3729999065	-1
27.3729999065	-1
27.3729999065	-1
27.3729999065	-1
27.3733868599	-1
27.3733868599	-1
27.3733868599	-1
27.3733868599	-1
27.3737568855	-1
27.4423367977	-1
27.4423367977	-1
27.4433159828	1
27.4433159828	1
27.4433159828	1
27.4514079094	-1
27.4514079094	-1
27.4514079094	-1
27.4514079094	-1
27.4543550014	-1
27.4543550014	-1
27.4543550014	-1
27.4543550014	-1
27.4564878941	-1
27.4564878941	-1
27.4564878941	-1
27.4564878941	-1
27.4586508274	-1
27.4586508274	-1
27.4586508274	-1
27.4586508274	-1
27.4685928822	-1
27.4698770046	-1
27.4698770046	-1
27.4892499447	-1
27.4892499447	-1
27.4892499447	-1
27.4897239208	-1
27.4897239208	-1
27.4897239208	-1
27.4897239208	-1
27.4897239208	-1
27.4897239208	-1
27.4897239208	-1
27.4897239208	-1
27.5164649487	-1
27.5164649487	-1
27.5164649487	-1
27.5164649487	-1
27.5185239315	1
27.5286099911	-1
27.528731823	-1
27.528731823	-1
27.528731823	-1
27.5288538933	-1
27.5288538933	-1
27.5288538933	-1
27.5288538933	-1
27.5703668594	-1
27.5703668594	-1
27.5703668594	-1
27.5703668594	-1
27.5708799362	-1
27.5708799362	-1
27.5708799362	-1
27.5708799362	-1
27.5708799362	-1
27.5714788437	-1
27.5714788437	-1
27.5714788437	-1
27.5720438957	-1
27.5720438957	-1
27.5720438957	-1
27.5720438957	-1
27.5726020336	-1
27.5726020336	-1
27.5726020336	-1
27.5726020336	-1
27.6391339302	-1
27.6392450333	-1
27.6392450333	-1
27.6392450333	-1
27.6392450333	-1
27.6480000019	-1
27.6480000019	-1
27.6480000019	-1
27.6539809704	-1
27.6539809704	-1
27.6539809704	-1
27.6539809704	-1
27.6589770317	-1
27.6589770317	-1
27.6589770317	-1
27.6589770317	-1
27.6628057957	-1
27.6628057957	-1
27.6628057957	-1
27.6628057957	-1
27.6711628437	-1
27.6711628437	-1
27.6711628437	-1
27.6711628437	-1
27.6722819805	1
27.6742329597	-1
27.6742329597	-1
27.6742329597	-1
27.6742329597	-1
27.6764028072	-1
27.6764028072	-1
27.6764028072	-1
27.6764028072	-1
27.6791088581	-1
27.6791088581	-1
27.6791088581	-1
27.6791088581	-1
27.6823019981	-1
27.6823019981	-1
27.6823019981	-1
27.6823019981	-1
27.6859478951	-1
27.6859478951	-1
27.6859478951	-1
27.6859478951	-1
27.7137358189	-1
27.7137358189	-1
27.7137358189	-1
27.7137358189	-1
27.7137858868	-1
27.7137858868	-1
27.7137858868	-1
27.7137858868	-1
27.715036869	-1
27.715036869	-1
27.715036869	-1
27.715036869	-1
27.7151529789	-1
27.7151529789	-1
27.7151529789	-1
27.7151529789	-1
27.728197813	-1
27.728197813	-1
27.728197813	-1
27.728197813	-1
27.7282288074	-1
27.7338140011	-1
27.7338140011	-1
27.7338140011	-1
27.7338140011	-1
27.7338140011	-1
27.7340350151	-1
27.7340350151	-1
27.7340350151	-1
27.7460749149	-1
27.7460749149	-1
27.7460749149	-1
27.7460749149	-1
27.7460749149	-1
27.7460749149	-1
27.7460749149	-1
27.7463018894	-1
27.7469398975	-1
27.7469398975	-1
27.7469398975	-1
27.7469398975	-1
27.7469398975	-1
27.7469727993	1
27.7469727993	1
27.7515377998	-1
27.7515377998	-1
27.7593748569	-1
27.7593748569	-1
27.7593748569	-1
27.7593748569	-1
27.7593748569	-1
27.7593748569	-1
27.7593748569	-1
27.7593748569	-1
27.7663249969	-1
27.7667198181	-1
27.7667198181	-1
27.7667198181	-1
27.7667198181	-1
27.7671070099	-1
27.7671070099	-1
27.7671070099	-1
27.7712349892	-1
27.7712349892	-1
27.7712349892	-1
27.7712349892	-1
27.7729120255	-1
27.7729120255	-1
27.7729120255	-1
27.7729120255	-1
27.7877550125	-1
27.7877550125	-1
27.7877550125	-1
27.7877550125	-1
27.7879908085	-1
27.7879908085	-1
27.7879908085	-1
27.7879908085	-1
27.7883059978	-1
27.7883059978	-1
27.7883059978	-1
27.7883059978	-1
27.7885649204	-1
27.7885649204	-1
27.7885649204	-1
27.7885649204	-1
27.803511858	-1
27.80636096	-1
27.80636096	-1
27.80636096	-1
27.80636096	-1
27.8080198765	-1
27.8080198765	-1
27.8080198765	-1
27.8121359348	-1
27.833509922	1
28.285725832	-1
28.286386013	-1
28.286386013	-1
28.286386013	-1
28.2864568233	-1
28.2864568233	-1
28.2864568233	-1
28.286896944	-1
28.286896944	-1
28.286896944	-1
28.286896944	-1
28.2872338295	1
28.2872488499	-1
28.2873690128	-1
28.2873690128	-1
28.2873690128	-1
28.3765308857	-1
28.3765308857	-1
28.3765308857	-1
28.3765308857	-1
28.3768188953	-1
28.3768188953	-1
28.3768188953	-1
28.3768188953	-1
28.378759861	-1
28.378759861	-1
28.378759861	-1
28.378759861	-1
28.3797688484	1
28.4551877975	-1
28.4551877975	-1
28.4551877975	-1
28.4551877975	-1
28.4551877975	-1
28.4559798241	-1
28.4559798241	-1
28.4559798241	-1
28.456966877	-1
28.456966877	-1
28.456966877	-1
28.456966877	-1
28.4580328465	-1
28.4580328465	-1
28.4580328465	-1
28.4580328465	-1
28.4752058983	-1
28.475320816	-1
28.475320816	-1
28.475320816	-1
28.475320816	-1
28.4800469875	-1
28.4801938534	-1
28.4801938534	-1
28.4801938534	-1
28.4801938534	-1
28.4801938534	-1
28.4801938534	-1
28.4805219173	-1
28.4805219173	-1
28.4805219173	-1
28.4805219173	-1
28.4999828339	-1
28.4999828339	-1
28.4999828339	-1
28.4999828339	-1
28.4999828339	-1
28.5083079338	-1
28.5294828415	-1
28.5294828415	-1
28.5697329044	-1
28.5697329044	-1
28.5697329044	-1
28.5697329044	-1
28.573171854	-1
28.573171854	-1
28.573171854	-1
28.573171854	-1
28.573171854	-1
28.573171854	-1
28.573171854	-1
28.573171854	-1
28.5762028694	-1
28.5762028694	-1
28.5762028694	-1
28.5762028694	-1
28.5774719715	1
28.5774719715	-1
28.5774719715	-1
28.5774719715	-1
28.5774719715	-1
28.5792739391	-1
28.5792739391	-1
28.5792739391	-1
28.5792739391	-1
28.5801899433	-1
28.5801899433	-1
28.5801899433	-1
28.5801899433	-1
28.6035850048	-1
28.6501820087	-1
28.6501820087	-1
28.6501820087	-1
28.6501820087	-1
28.6501820087	-1
28.6501820087	-1
28.6501820087	-1
28.6509268284	-1
28.6509268284	-1
28.6509268284	-1
28.6509268284	-1
28.6511118412	-1
28.6511118412	-1
28.6511118412	-1
28.6511118412	-1
28.6524629593	-1
28.6524629593	-1
28.6524629593	-1
28.6524629593	-1
28.6524889469	1
28.6529738903	-1
28.6529738903	-1
28.6529738903	-1
28.6529738903	-1
28.6628220081	-1
28.6628220081	-1
28.6628220081	-1
28.6628220081	-1
28.6628220081	-1
28.6628220081	-1
28.6628220081	-1
28.6628220081	-1
28.6632478237	-1
28.6632478237	-1
28.6632478237	-1
28.6632478237	-1
28.6633708477	-1
28.6633708477	-1
28.6633708477	-1
28.6633708477	-1
28.6636168957	-1
28.6636168957	-1
28.6636168957	-1
28.6636168957	-1
28.6782879829	-1
28.6782879829	-1
28.6782879829	-1
28.6782879829	-1
28.6782879829	-1
28.6854598522	-1
28.7243878841	-1
28.7243878841	-1
28.7244999409	-1
28.7244999409	-1
28.7244999409	-1
28.7244999409	-1
28.7244999409	-1
28.7244999409	-1
28.7244999409	-1
28.7244999409	-1
28.7530739307	1
28.8734369278	1
28.9874880314	1
28.9874880314	1
29.0197298527	1
29.0197298527	1
29.0197298527	1
29.0197298527	1
29.0197298527	1
29.0197298527	1
29.0242388248	1
29.0242388248	1
29.0242388248	1
29.0242388248	1
29.0242388248	1
29.0242388248	1
29.0242388248	1
29.0242388248	1
29.0242388248	1
29.0244009495	1
29.0244009495	1
29.0244009495	1
29.0244009495	1
29.0244009495	1
29.0244009495	1
29.0245909691	1
29.0245909691	1
29.0245909691	1
29.0245909691	1
29.0245909691	1
29.0245909691	1
