0.0	1
0.250459909439	1
0.420078992844	-1
0.421037912369	1
0.695704936981	-1
0.696229934692	1
0.714806079865	1
0.714806079865	1
0.714806079865	1
0.963849067688	1
1.07845401764	1
1.07845401764	1
1.25524091721	-1
1.25684213638	1
1.37166213989	-1
1.37166213989	-1
1.37315702438	1
1.48789811134	-1
1.48794007301	1
1.60368299484	-1
1.60371613503	1
1.71846699715	-1
1.71960496902	1
1.94121599197	-1
2.07646298409	-1
2.07646298409	-1
2.07646298409	-1
2.07646298409	-1
2.07646298409	-1
2.07646298409	-1
2.07646298409	-1
2.0939540863	1
2.12862801552	-1
2.12862801552	-1
2.12862801552	-1
2.13346099854	-1
2.13346099854	-1
2.13346099854	-1
2.13346099854	-1
2.13346099854	-1
2.14115905762	-1
2.14115905762	-1
2.14115905762	-1
2.14115905762	-1
2.14115905762	-1
2.14115905762	-1
2.14115905762	-1
2.19136095047	-1
2.19136095047	-1
2.19136095047	-1
2.19136095047	-1
2.19920706749	1
2.19920706749	1
2.19920706749	1
2.20213294029	1
2.20213294029	1
2.20855903625	1
2.20855903625	1
2.23120498657	1
2.23120498657	1
2.23120498657	1
2.26395702362	-1
2.26395702362	-1
2.26395702362	-1
2.26395702362	-1
2.26395702362	-1
2.26395702362	-1
2.26395702362	-1
2.31433606148	-1
2.31736397743	1
2.31736397743	1
2.34936499596	1
2.34936499596	1
2.34936499596	1
2.3516190052	-1
2.3516190052	-1
2.3516190052	-1
2.3516190052	-1
2.3516190052	-1
2.3516190052	-1
2.3516190052	-1
2.42393612862	-1
2.42886996269	-1
2.42886996269	-1
2.42886996269	-1
2.42886996269	-1
2.42886996269	-1
2.42886996269	-1
2.42886996269	-1
2.47315597534	1
2.47315597534	1
2.47315597534	1
2.48162412643	1
2.48162412643	1
2.51532793045	-1
2.51532793045	-1
2.51532793045	-1
2.55426311493	-1
2.55429792404	1
2.56193900108	-1
2.56193900108	-1
2.56193900108	-1
2.56193900108	-1
2.56193900108	-1
2.58659601212	-1
2.64791107178	-1
2.64791107178	-1
2.66889810562	1
2.74823713303	-1
2.74823713303	-1
2.74823713303	-1
2.74823713303	-1
2.74823713303	-1
2.74823713303	-1
2.74823713303	-1
2.76846909523	-1
2.77173495293	1
2.77173495293	1
2.77173495293	1
2.77173495293	1
2.77173495293	1
2.77173495293	1
2.83165407181	-1
2.83165407181	-1
2.83165407181	-1
2.83165407181	-1
2.83165407181	-1
2.83165407181	-1
2.83165407181	-1
2.83165407181	-1
2.84741210938	-1
2.84741210938	-1
2.84741210938	-1
2.84741210938	-1
2.84741210938	-1
2.84741210938	-1
2.84741210938	-1
2.89818811417	1
2.89818811417	1
2.9502799511	-1
2.9502799511	-1
2.9502799511	-1
2.9502799511	-1
3.01320910454	-1
3.01325011253	1
3.01325011253	1
3.04775691032	-1
3.04775691032	-1
3.04775691032	-1
3.12801504135	1
3.24272298813	-1
3.32478404045	-1
3.32478404045	-1
3.32478404045	-1
3.32478404045	-1
3.32478404045	-1
3.32478404045	-1
3.32478404045	-1
3.36726713181	-1
3.37148308754	-1
3.37148308754	-1
3.37148308754	-1
3.3757519722	1
3.4309720993	-1
3.4309720993	-1
3.4309720993	-1
3.4309720993	-1
3.4309720993	-1
3.4309720993	-1
3.4309720993	-1
3.4309720993	-1
3.43725204468	-1
3.43725204468	-1
3.43725204468	-1
3.43725204468	-1
3.43725204468	-1
3.43725204468	-1
3.43725204468	-1
3.46404504776	-1
3.46404504776	-1
3.46404504776	-1
3.46404504776	-1
3.46404504776	-1
3.46404504776	-1
3.46404504776	-1
3.46404504776	-1
3.48628807068	-1
3.48628807068	-1
3.48628807068	-1
3.48628807068	-1
3.48628807068	-1
3.48628807068	-1
3.52976799011	1
3.56967401505	-1
3.56967401505	-1
3.56967401505	-1
3.56967401505	-1
3.56967401505	-1
3.56967401505	-1
3.56967401505	-1
3.56967401505	-1
3.56967401505	-1
3.57000112534	-1
3.57000112534	-1
3.57000112534	-1
3.57000112534	-1
3.57000112534	-1
3.60665106773	-1
3.60665106773	-1
3.60665106773	-1
3.60665106773	-1
3.60665106773	-1
3.60665106773	-1
3.60665106773	-1
3.60665106773	-1
3.60665106773	-1
3.62871193886	-1
3.62871193886	-1
3.62871193886	-1
3.62871193886	-1
3.62871193886	-1
3.62871193886	-1
3.62871193886	-1
3.62871193886	-1
3.66043806076	-1
3.66047096252	1
3.67329502106	-1
3.67329502106	-1
3.67329502106	-1
3.67329502106	-1
3.67329502106	-1
3.67329502106	-1
3.67329502106	-1
3.7108540535	-1
3.710958004	-1
3.710958004	-1
3.710958004	-1
3.710958004	-1
3.710958004	-1
3.710958004	-1
3.710958004	-1
3.71773290634	-1
3.71773290634	-1
3.71773290634	-1
3.71773290634	-1
3.71773290634	-1
3.71773290634	-1
3.71773290634	-1
3.73403501511	-1
3.73403501511	-1
3.73403501511	-1
3.73403501511	-1
3.73403501511	-1
3.73403501511	-1
3.73403501511	-1
3.73403501511	-1
3.736068964	1
3.736068964	1
3.736068964	1
3.74435591698	-1
3.77532601357	-1
3.77538394928	1
3.89024305344	-1
3.89024305344	-1
4.05292701721	-1
4.16771292686	-1
4.17702412605	1
4.17802095413	1
4.17802095413	1
4.17802095413	1
4.17931413651	1
4.17931413651	1
4.30214190483	1
4.30214190483	1
4.30233097076	-1
4.41536092758	-1
4.41536092758	-1
4.41536092758	-1
4.41536092758	-1
4.45713496208	-1
4.47024393082	-1
4.47024393082	-1
4.47024393082	-1
4.47024393082	-1
4.64054298401	-1
4.64054298401	-1
4.64054298401	-1
4.64054298401	-1
4.64054298401	-1
4.64054298401	-1
4.64054298401	-1
4.64054298401	-1
4.68084597588	-1
4.68084597588	-1
4.68084597588	-1
4.68084597588	-1
4.73230695724	-1
4.73230695724	-1
4.73230695724	-1
4.73230695724	-1
4.73230695724	-1
4.73230695724	-1
4.73230695724	-1
4.73230695724	-1
4.77850914001	-1
4.77850914001	-1
4.77850914001	-1
4.77850914001	-1
4.77850914001	-1
4.77850914001	-1
4.77850914001	-1
4.77850914001	-1
4.79839396477	-1
4.79957509041	1
4.84279513359	-1
4.84279513359	-1
4.84279513359	-1
4.84279513359	-1
4.84279513359	-1
4.84279513359	-1
4.84279513359	-1
4.84279513359	-1
4.85120797157	-1
4.86835408211	-1
4.86835408211	-1
4.86835408211	-1
4.87294602394	1
4.87294602394	1
4.87294602394	1
5.30215406418	-1
5.3688890934	-1
5.3688890934	-1
5.3688890934	-1
5.3688890934	-1
5.3688890934	-1
5.41852807999	-1
5.42504000664	-1
5.42504000664	-1
5.42504000664	-1
5.42504000664	-1
5.42504000664	-1
5.42504000664	-1
5.42504000664	-1
5.48160290718	-1
5.48160290718	-1
5.48160290718	-1
5.5678961277	-1
5.57613801956	1
5.69069099426	1
6.06421804428	-1
6.15975213051	-1
6.15975213051	-1
6.15975213051	-1
6.15975213051	-1
6.15975213051	-1
6.21232509613	-1
6.27885699272	1
6.28799200058	1
6.28799200058	1
6.28799200058	1
6.29081296921	1
6.29081296921	1
6.39947390556	1
6.39947390556	1
6.39947390556	1
6.42258501053	1
6.42258501053	1
6.50780010223	1
6.50780010223	1
6.54364109039	1
6.54364109039	1
6.54364109039	1
6.54549407959	1
6.54549407959	1
6.54644012451	1
6.54644012451	1
6.54644012451	1
6.60956406593	-1
6.62238693237	1
6.64862012863	1
6.64862012863	1
6.64862012863	1
6.67301511765	1
6.67301511765	1
6.72415113449	-1
6.73701310158	1
6.81971502304	-1
6.81971502304	-1
6.81971502304	-1
6.81971502304	-1
6.81971502304	-1
6.81971502304	-1
6.81971502304	-1
6.81971502304	-1
6.8456530571	-1
6.8456530571	-1
6.8456530571	-1
6.8456530571	-1
6.8456530571	-1
6.8456530571	-1
6.8456530571	-1
6.8456530571	-1
6.87179207802	-1
6.87179207802	-1
6.87179207802	-1
6.87179207802	-1
6.87179207802	-1
6.87179207802	-1
6.87179207802	-1
6.88816308975	-1
6.88816308975	-1
6.88816308975	-1
6.88816308975	-1
6.88816308975	-1
6.88816308975	-1
6.88816308975	-1
6.96088504791	-1
6.96088504791	-1
6.96088504791	-1
6.96237111092	1
6.96662998199	-1
6.96890211105	-1
6.96890211105	-1
6.96890211105	-1
6.96890211105	-1
6.96890211105	-1
6.96890211105	-1
6.96890211105	-1
6.96890211105	-1
6.97738003731	-1
6.97738003731	-1
6.97738003731	-1
6.97738003731	-1
6.99667906761	-1
6.99667906761	-1
6.99667906761	-1
6.99667906761	-1
6.99667906761	-1
6.99667906761	-1
6.99667906761	-1
6.99681305885	-1
6.99681305885	-1
7.01220011711	-1
7.01220011711	-1
7.01220011711	-1
7.01220011711	-1
7.01220011711	-1
7.01220011711	-1
7.01220011711	-1
7.07568693161	-1
7.07568693161	-1
7.07568693161	-1
7.07568693161	-1
7.07568693161	-1
7.07853007317	1
7.07853007317	1
7.07853007317	1
7.07899308205	1
7.07899308205	1
7.07899308205	1
7.07925891876	1
7.07925891876	1
7.08349990845	1
7.0951089859	1
7.0951089859	1
7.0951089859	1
7.13419413567	-1
7.13419413567	-1
7.13419413567	-1
7.13419413567	-1
7.13419413567	-1
7.14129900932	-1
7.15137505531	-1
7.15137505531	-1
7.16005110741	-1
7.16005110741	-1
7.16005110741	-1
7.16005110741	-1
7.16152310371	1
7.16152310371	1
7.18419408798	-1
7.18419408798	-1
7.18957901001	1
7.18957901001	1
7.18957901001	1
7.31300401688	-1
7.31300401688	-1
7.31303691864	1
7.42775011063	-1
7.42778396606	1
7.58566403389	1
7.61166810989	-1
7.70003795624	-1
7.70003795624	-1
7.70003795624	-1
7.70003795624	-1
7.70003795624	-1
7.70003795624	-1
7.72206997871	-1
7.72206997871	-1
7.72206997871	-1
7.72206997871	-1
7.72206997871	-1
7.72206997871	-1
7.72206997871	-1
7.72206997871	-1
7.73065400124	1
7.74072504044	-1
7.74072504044	-1
7.75284314156	-1
7.75284314156	-1
7.75284314156	-1
7.75284314156	-1
7.75284314156	-1
7.75284314156	-1
7.75284314156	-1
7.75574302673	1
7.75574302673	1
7.75574302673	1
7.76508998871	-1
7.79315495491	1
7.79315495491	1
7.83675909042	-1
7.83675909042	-1
7.83675909042	-1
7.83675909042	-1
7.83675909042	-1
7.83675909042	-1
7.83675909042	-1
7.83675909042	-1
7.83675909042	-1
7.85562992096	-1
7.85562992096	-1
7.86455798149	-1
7.86455798149	-1
7.86455798149	-1
7.86455798149	-1
7.86455798149	-1
7.86455798149	-1
7.86455798149	-1
7.87203001976	-1
7.87203001976	-1
7.87203001976	-1
7.87203001976	-1
7.87203001976	-1
7.87203001976	-1
7.87203001976	-1
7.87203001976	-1
7.87993407249	-1
7.88904809952	-1
7.88904809952	-1
7.88904809952	-1
7.88904809952	-1
7.88904809952	-1
7.88904809952	-1
7.88904809952	-1
7.90563797951	-1
7.90563797951	-1
7.90811300278	-1
7.92274594307	-1
7.92274594307	-1
7.92274594307	-1
7.92274594307	-1
7.92274594307	-1
7.92274594307	-1
7.92274594307	-1
7.92274594307	-1
7.92274594307	-1
7.92274594307	-1
7.92274594307	-1
7.92274594307	-1
7.96453404427	-1
7.96453404427	-1
7.96453404427	-1
7.96453404427	-1
7.96453404427	-1
7.96453404427	-1
7.96453404427	-1
7.96453404427	-1
7.97968792915	-1
7.97968792915	-1
7.97974205017	-1
7.97974205017	-1
7.97974205017	-1
7.97974205017	-1
7.97974205017	-1
7.97974205017	-1
7.97974205017	-1
7.98003911972	-1
7.98003911972	-1
7.99475908279	-1
7.99475908279	-1
7.99475908279	-1
7.99475908279	-1
7.99545407295	1
8.05929803848	-1
8.05929803848	-1
8.05929803848	-1
8.05929803848	-1
8.05929803848	-1
8.05929803848	-1
8.05929803848	-1
8.05929803848	-1
8.05929803848	-1
8.08748912811	-1
8.08748912811	-1
8.08748912811	-1
8.08748912811	-1
8.08748912811	-1
8.08748912811	-1
8.08748912811	-1
8.08748912811	-1
8.12036299706	-1
8.12036299706	-1
8.12036299706	-1
8.12036299706	-1
8.12036299706	-1
8.12036299706	-1
8.12036299706	-1
8.12036299706	-1
8.12037396431	1
8.16942501068	-1
8.16942501068	-1
8.17756009102	-1
8.17756009102	-1
8.17756009102	-1
8.17756009102	-1
8.17756009102	-1
8.17756009102	-1
8.17756009102	-1
8.18801593781	-1
8.18801593781	-1
8.21806693077	-1
8.21806693077	-1
8.21806693077	-1
8.21806693077	-1
8.21806693077	-1
8.21806693077	-1
8.21806693077	-1
8.21806693077	-1
8.22447395325	-1
8.22447395325	-1
8.22447395325	-1
8.22447395325	-1
8.22447395325	-1
8.22447395325	-1
8.23274803162	-1
8.23274803162	-1
8.23274803162	-1
8.23274803162	-1
8.23274803162	-1
8.23274803162	-1
8.23274803162	-1
8.24126005173	-1
8.24127411842	1
8.24127411842	1
8.2495610714	-1
8.2495610714	-1
8.2495610714	-1
8.2495610714	-1
8.2495610714	-1
8.2495610714	-1
8.2495610714	-1
8.25980305672	-1
8.27657198906	-1
8.27657198906	-1
8.27657198906	-1
8.27657198906	-1
8.27657198906	-1
8.27657198906	-1
8.30180692673	-1
8.30180692673	-1
8.30180692673	-1
8.30180692673	-1
8.30180692673	-1
8.30180692673	-1
8.30180692673	-1
8.30180692673	-1
8.30180692673	-1
8.30328297615	1
8.30328297615	1
8.30328297615	1
8.32857108116	-1
8.32857108116	-1
8.32857108116	-1
8.32857108116	-1
8.32857108116	-1
8.32857108116	-1
8.32857108116	-1
8.32857108116	-1
8.32892894745	-1
8.32892894745	-1
8.32892894745	-1
8.32892894745	-1
8.32892894745	-1
8.32892894745	-1
8.32892894745	-1
8.32892894745	-1
8.34464406967	-1
8.34464406967	-1
8.34464406967	-1
8.34464406967	-1
8.34464406967	-1
8.34464406967	-1
8.34464406967	-1
8.35183095932	-1
8.35183095932	-1
8.35297298431	1
8.35297298431	1
8.3671309948	-1
8.3671309948	-1
8.39338493347	-1
8.39338493347	-1
8.39338493347	-1
8.39338493347	-1
8.39338493347	-1
8.39338493347	-1
8.39338493347	-1
8.39338493347	-1
8.40110206604	-1
8.40110206604	-1
8.40110206604	-1
8.40110206604	-1
8.40110206604	-1
8.40110206604	-1
8.40755200386	-1
8.40755200386	-1
8.40755200386	-1
8.40755200386	-1
8.40755200386	-1
8.40755200386	-1
8.40755200386	-1
8.4220969677	-1
8.4220969677	-1
8.4220969677	-1
8.4220969677	-1
8.4220969677	-1
8.4220969677	-1
8.4220969677	-1
8.4220969677	-1
8.42738103867	1
8.42738103867	1
8.42738103867	1
8.44421410561	-1
8.44421410561	-1
8.45230007172	-1
8.45230007172	-1
8.45230007172	-1
8.45230007172	-1
8.45230007172	-1
8.47245311737	-1
8.47245311737	-1
8.47245311737	-1
8.47245311737	-1
8.47245311737	-1
8.47245311737	-1
8.47245311737	-1
8.47245311737	-1
8.49291610718	-1
8.49291610718	-1
8.49291610718	-1
8.49291610718	-1
8.49291610718	-1
8.49291610718	-1
8.49291610718	-1
8.49291610718	-1
8.49291610718	-1
8.49293708801	1
8.51266598701	-1
8.51266598701	-1
8.51266598701	-1
8.51266598701	-1
8.51266598701	-1
8.51266598701	-1
8.51266598701	-1
8.51266598701	-1
8.52228808403	-1
8.53687000275	-1
8.53687000275	-1
8.53687000275	-1
8.53687000275	-1
8.53687000275	-1
8.53687000275	-1
8.53687000275	-1
8.53687000275	-1
8.54518413544	-1
8.55161809921	1
8.55161809921	1
8.55161809921	1
8.56517696381	1
8.56517696381	1
8.56760907173	-1
8.56760907173	-1
8.56997799873	1
8.56997799873	1
8.56997799873	1
8.56997799873	1
8.56997799873	1
8.56997799873	1
8.56997799873	1
8.57801890373	-1
8.57801890373	-1
8.57801890373	-1
8.57801890373	-1
8.57801890373	-1
8.57801890373	-1
8.57801890373	-1
8.58811211586	-1
8.58811211586	-1
8.58811211586	-1
8.58811211586	-1
8.58811211586	-1
8.59146690369	1
8.59660506248	-1
8.59660506248	-1
8.59660506248	-1
8.59660506248	-1
8.59660506248	-1
8.59660506248	-1
8.59660506248	-1
8.61675691605	-1
8.61675691605	-1
8.61675691605	-1
8.61675691605	-1
8.61675691605	-1
8.61675691605	-1
8.61675691605	-1
8.61675691605	-1
8.62417006493	-1
8.63705205917	-1
8.64725112915	-1
8.64725112915	-1
8.64725112915	-1
8.6561589241	-1
8.6561589241	-1
8.6561589241	-1
8.6561589241	-1
8.6561589241	-1
8.6561589241	-1
8.6561589241	-1
8.65682291985	1
8.65682291985	1
8.65682291985	1
8.66297101974	-1
8.66297101974	-1
8.66297101974	-1
8.66297101974	-1
8.66297101974	-1
8.67103910446	-1
8.67103910446	-1
8.67103910446	-1
8.67103910446	-1
8.67103910446	-1
8.67103910446	-1
8.67103910446	-1
8.69156813622	-1
8.69156813622	-1
8.69156813622	-1
8.69156813622	-1
8.69156813622	-1
8.69156813622	-1
8.69156813622	-1
8.69156813622	-1
8.69283008575	1
8.69283008575	1
8.69886398315	-1
8.71222901344	-1
8.71222901344	-1
8.71222901344	-1
8.73715496063	-1
8.73715496063	-1
8.73715496063	-1
8.73715496063	-1
8.73715496063	-1
8.73715496063	-1
8.73715496063	-1
8.73715496063	-1
8.73715496063	-1
8.73719906807	1
8.73750209808	-1
8.73750209808	-1
8.73750209808	-1
8.74667310715	-1
8.75616693497	-1
8.75616693497	-1
8.75616693497	-1
8.75616693497	-1
8.75616693497	-1
8.75616693497	-1
8.75616693497	-1
8.77284002304	-1
8.77284002304	-1
8.77284002304	-1
8.77284002304	-1
8.77284002304	-1
8.77284002304	-1
8.77284002304	-1
8.77284002304	-1
8.7843580246	-1
8.80430912971	-1
8.80430912971	-1
8.80430912971	-1
8.80430912971	-1
8.80430912971	-1
8.80430912971	-1
8.80430912971	-1
8.82867312431	-1
8.84231209755	-1
8.84231209755	-1
8.84231209755	-1
8.84231209755	-1
8.84231209755	-1
8.84231209755	-1
8.84231209755	-1
8.85390210152	-1
8.85390210152	-1
8.85390210152	-1
8.85394501686	1
8.86572504044	-1
8.86572504044	-1
8.86572504044	-1
8.86572504044	-1
8.86572504044	-1
8.86572504044	-1
8.86572504044	-1
8.88771104813	-1
8.89156198502	-1
8.89156198502	-1
8.89156198502	-1
8.89156198502	-1
8.89156198502	-1
8.89156198502	-1
8.89156198502	-1
8.91687607765	-1
8.91687607765	-1
8.92761301994	-1
8.92761301994	-1
8.92761301994	-1
8.92761301994	-1
8.92761301994	-1
8.92761301994	-1
8.92761301994	-1
8.93706393242	-1
8.94557595253	-1
8.94557595253	-1
8.94557595253	-1
8.94557595253	-1
8.94557595253	-1
8.94557595253	-1
8.94557595253	-1
8.95543599129	-1
8.97423410416	-1
8.97423410416	-1
8.97423410416	-1
8.97423410416	-1
8.97423410416	-1
8.97423410416	-1
8.97423410416	-1
8.97423410416	-1
8.97426795959	1
8.98121500015	-1
8.98121500015	-1
8.98121500015	-1
8.98121500015	-1
8.98121500015	-1
8.98121500015	-1
8.98121500015	-1
8.99026799202	-1
8.99026799202	-1
8.99026799202	-1
8.99026799202	-1
8.99026799202	-1
8.99026799202	-1
8.99026799202	-1
8.99145913124	1
8.99145913124	1
8.99145913124	1
9.00233697891	-1
9.01976704597	-1
9.01976704597	-1
9.01976704597	-1
9.01976704597	-1
9.01976704597	-1
9.01976704597	-1
9.01976704597	-1
9.01976704597	-1
9.02879190445	-1
9.03634810448	-1
9.03634810448	-1
9.03634810448	-1
9.03634810448	-1
9.03844809532	1
9.03844809532	1
9.03948998451	1
9.03948998451	1
9.03948998451	1
9.04462003708	-1
9.04773592949	1
9.04773592949	1
9.1069560051	1
9.1069560051	1
9.13466310501	-1
9.1544470787	-1
9.1544470787	-1
9.1544470787	-1
9.1544470787	-1
9.1544470787	-1
9.1544470787	-1
9.24481105804	-1
9.24481105804	-1
9.24485492706	1
9.24723005295	1
9.24723005295	1
9.24723005295	1
9.29134392738	1
9.29134392738	1
9.37821793556	1
9.4234380722	-1
9.53159093857	1
9.53159093857	1
9.53159093857	1
9.53159093857	1
9.54182004929	-1
9.54182004929	-1
9.54182004929	-1
9.54182004929	-1
9.54182004929	-1
9.54182004929	-1
9.54182004929	-1
9.54182004929	-1
9.56335997581	1
9.56335997581	1
9.56335997581	1
9.58101511002	-1
9.58101511002	-1
9.59829092026	1
9.59829092026	1
9.59829092026	1
9.62027192116	-1
9.62027192116	-1
9.62027192116	-1
9.62027192116	-1
9.62027192116	-1
9.62027192116	-1
9.62027192116	-1
9.62027192116	-1
9.62873005867	-1
9.62873005867	-1
9.62873005867	-1
9.62873005867	-1
9.62873005867	-1
9.62873005867	-1
9.62873005867	-1
9.63714694977	-1
9.63714694977	-1
9.63714694977	-1
9.63714694977	-1
9.63714694977	-1
9.63714694977	-1
9.63714694977	-1
9.67638397217	-1
9.67638397217	-1
9.67638397217	-1
9.67638397217	-1
9.67638397217	-1
9.67638397217	-1
9.67638397217	-1
9.67638397217	-1
9.67638397217	-1
9.71336698532	-1
9.74521207809	-1
9.74521207809	-1
9.74521207809	-1
9.74521207809	-1
9.74521207809	-1
9.74521207809	-1
9.74521207809	-1
9.74521207809	-1
9.76028394699	-1
9.76028394699	-1
9.76028394699	-1
9.76028394699	-1
9.76028394699	-1
9.76028394699	-1
9.76028394699	-1
9.77302193642	-1
9.77302193642	-1
9.77302193642	-1
9.77302193642	-1
9.77302193642	-1
9.77302193642	-1
9.77302193642	-1
9.77305293083	1
9.77305293083	1
9.8281929493	-1
9.8281929493	-1
9.83800005913	-1
9.83800005913	-1
9.83800005913	-1
9.83800005913	-1
9.83800005913	-1
9.83800005913	-1
9.83800005913	-1
9.8626999855	-1
9.8626999855	-1
9.87494397163	-1
9.87494397163	-1
9.87494397163	-1
9.87494397163	-1
9.87494397163	-1
9.87494397163	-1
9.88512706757	-1
9.88512706757	-1
9.88512706757	-1
9.88512706757	-1
9.88512706757	-1
9.88512706757	-1
9.88512706757	-1
9.90511608124	-1
9.90511608124	-1
9.90511608124	-1
9.90511608124	-1
9.90511608124	-1
9.90511608124	-1
9.90511608124	-1
9.90511608124	-1
9.90515398979	1
9.91510105133	-1
9.93132305145	-1
9.93132305145	-1
9.93132305145	-1
9.93132305145	-1
9.93132305145	-1
9.93132305145	-1
9.93132305145	-1
9.93132305145	-1
9.94623112679	-1
9.94623112679	-1
9.94623112679	-1
9.94623112679	-1
9.94623112679	-1
9.94623112679	-1
9.95278406143	-1
9.95982909203	-1
9.95982909203	-1
9.95982909203	-1
9.95982909203	-1
9.95982909203	-1
9.95982909203	-1
9.95982909203	-1
9.96558213234	-1
9.96558213234	-1
9.97441101074	-1
9.97441101074	-1
9.97441101074	-1
9.97441101074	-1
9.97441101074	-1
9.97441101074	-1
9.97441101074	-1
9.97997999191	-1
9.98821496964	-1
9.98821496964	-1
9.98821496964	-1
9.98821496964	-1
9.98821496964	-1
9.98821496964	-1
9.98821496964	-1
9.99571609497	-1
10.0033960342	-1
10.0033960342	-1
10.0033960342	-1
10.0033960342	-1
10.0033960342	-1
10.0033960342	-1
10.0358181	-1
10.0358181	-1
10.0358181	-1
10.0358181	-1
10.0358181	-1
10.0358181	-1
10.0358181	-1
10.0358181	-1
10.0358359814	1
10.0746281147	-1
10.078469038	-1
10.078469038	-1
10.078469038	-1
10.078469038	-1
10.078469038	-1
10.078469038	-1
10.078469038	-1
10.078469038	-1
10.0853021145	-1
10.1075561047	-1
10.1075561047	-1
10.1075561047	-1
10.1075561047	-1
10.1075561047	-1
10.1075561047	-1
10.1075561047	-1
10.1075561047	-1
10.1162130833	1
10.1162130833	1
10.1162130833	1
10.1304271221	-1
10.1304271221	-1
10.1304271221	-1
10.1304271221	-1
10.1304271221	-1
10.1304271221	-1
10.1315040588	1
10.1315040588	1
10.1342120171	1
10.1342120171	1
10.1342120171	1
10.1342120171	1
10.1491219997	-1
10.1491219997	-1
10.1491219997	-1
10.1491219997	-1
10.1491219997	-1
10.1491219997	-1
10.1491219997	-1
10.1679990292	1
10.1692271233	1
10.1692271233	1
10.1692271233	1
10.1712300777	1
10.1712300777	1
10.1746759415	1
10.1746759415	1
10.1746759415	1
10.1931381226	-1
10.1931381226	-1
10.1931381226	-1
10.1931381226	-1
10.1931381226	-1
10.1931381226	-1
10.1931381226	-1
10.193185091	1
10.2895989418	-1
10.2895989418	-1
10.2895989418	-1
10.3082430363	-1
10.3082430363	-1
10.3082859516	1
10.3082859516	1
10.4172360897	-1
10.4172360897	-1
10.4172360897	-1
10.4201409817	-1
10.4201409817	-1
10.4201409817	-1
10.4201409817	-1
10.4201409817	-1
10.4201409817	-1
10.4217069149	1
10.4217069149	1
10.4217069149	1
10.4230771065	1
10.4230771065	1
10.4235110283	-1
10.4235110283	-1
10.4235110283	-1
10.4235110283	-1
10.4235110283	-1
10.4235110283	-1
10.4235110283	-1
10.4476790428	-1
10.4476790428	-1
10.4641890526	-1
10.4641890526	-1
10.4641890526	-1
10.4641890526	-1
10.4641890526	-1
10.4641890526	-1
10.4641890526	-1
10.5000281334	-1
10.5337750912	1
10.5337750912	1
10.5337750912	1
10.5365080833	1
10.5365080833	1
10.5379199982	1
10.6401391029	-1
10.6401391029	-1
10.6401391029	-1
10.6425559521	1
10.6425559521	1
10.6425559521	1
10.6524651051	-1
10.6524651051	-1
10.6524651051	-1
10.6524651051	-1
10.6524651051	-1
10.6524651051	-1
10.6524651051	-1
10.7113220692	-1
10.7113220692	-1
10.7113220692	-1
10.7113220692	-1
10.7113220692	-1
10.7113220692	-1
10.7113220692	-1
10.7113220692	-1
10.7169439793	-1
10.7169439793	-1
10.7169439793	-1
10.7169439793	-1
10.7169439793	-1
10.7169439793	-1
10.7169439793	-1
10.7169439793	-1
10.7382619381	-1
10.7430751324	-1
10.7430751324	-1
10.7430751324	-1
10.7430751324	-1
10.7430751324	-1
10.7430751324	-1
10.7430751324	-1
10.7436900139	1
10.7436900139	1
10.7436900139	1
10.7514500618	-1
10.7592520714	-1
10.7592520714	-1
10.7592520714	-1
10.7592520714	-1
10.7592520714	-1
10.7592520714	-1
10.7592520714	-1
10.7679150105	-1
10.7679150105	-1
10.7679150105	-1
10.7679150105	-1
10.7679150105	-1
10.7679150105	-1
10.7894561291	1
10.7894561291	1
10.7894561291	1
10.8413410187	-1
10.8413410187	-1
10.8413410187	-1
10.8413410187	-1
10.8413410187	-1
10.8413410187	-1
10.8413410187	-1
10.8413410187	-1
10.8413410187	-1
10.8752260208	-1
10.8752260208	-1
10.8752260208	-1
10.8752260208	-1
10.8752260208	-1
10.8752260208	-1
10.8752260208	-1
10.8752260208	-1
10.876554966	1
10.876554966	1
10.9040589333	-1
10.9040589333	-1
10.9040589333	-1
10.9040589333	-1
10.9040589333	-1
10.9040589333	-1
10.9040589333	-1
10.9040589333	-1
10.9158949852	-1
10.9367630482	-1
10.9367630482	-1
10.9367630482	-1
10.9367630482	-1
10.9367630482	-1
10.9367630482	-1
10.9367630482	-1
10.9367630482	-1
10.9509539604	-1
10.9509539604	-1
10.951832056	1
10.951832056	1
10.951832056	1
10.976113081	-1
10.976113081	-1
10.976113081	-1
10.976113081	-1
10.976113081	-1
10.976113081	-1
10.976113081	-1
10.976113081	-1
10.9875450134	-1
10.9875450134	-1
10.9875450134	-1
10.9875450134	-1
10.9875450134	-1
10.9875450134	-1
10.9973459244	1
10.9989979267	-1
10.9989979267	-1
10.9989979267	-1
10.9989979267	-1
10.9989979267	-1
10.9989979267	-1
10.9989979267	-1
11.0203881264	-1
11.0203881264	-1
11.0203881264	-1
11.0203881264	-1
11.0203881264	-1
11.0203881264	-1
11.0203881264	-1
11.0203881264	-1
11.0404069424	-1
11.0404069424	-1
11.0492329597	-1
11.0492329597	-1
11.0690960884	-1
11.0690960884	-1
11.0690960884	-1
11.0690960884	-1
11.0690960884	-1
11.0799779892	-1
11.0799779892	-1
11.0799779892	-1
11.0799779892	-1
11.0799779892	-1
11.0799779892	-1
11.0799779892	-1
11.1122019291	-1
11.1122350693	1
11.1122350693	1
11.1162130833	1
11.1162130833	1
11.1162130833	1
11.1288380623	-1
11.1288380623	-1
11.1288380623	-1
11.1288380623	-1
11.1288380623	-1
11.1288380623	-1
11.1288380623	-1
11.1288380623	-1
11.1442170143	-1
11.1442170143	-1
11.1442170143	-1
11.1442170143	-1
11.1442170143	-1
11.1442170143	-1
11.1442170143	-1
11.1696660519	-1
11.1696660519	-1
11.1696660519	-1
11.1696660519	-1
11.1836929321	-1
11.1836929321	-1
11.1836929321	-1
11.1836929321	-1
11.1836929321	-1
11.2220919132	-1
11.2270269394	1
11.2294840813	-1
11.2294840813	-1
11.2294840813	-1
11.2294840813	-1
11.2294840813	-1
11.2294840813	-1
11.2294840813	-1
11.2394580841	-1
11.2394580841	-1
11.2394580841	-1
11.2394580841	-1
11.2394580841	-1
11.2394580841	-1
11.2394580841	-1
11.2603881359	-1
11.2603881359	-1
11.2603881359	-1
11.2603881359	-1
11.2603881359	-1
11.2603881359	-1
11.2603881359	-1
11.2692530155	-1
11.2692530155	-1
11.2816710472	-1
11.2816710472	-1
11.2816710472	-1
11.2907440662	-1
11.2907440662	-1
11.2907440662	-1
11.2907440662	-1
11.2907440662	-1
11.2960689068	1
11.2960689068	1
11.2960689068	1
11.3015720844	-1
11.3015720844	-1
11.3015720844	-1
11.3015720844	-1
11.3015720844	-1
11.3015720844	-1
11.3015720844	-1
11.309720993	-1
11.3418400288	1
11.3625729084	-1
11.3625729084	-1
11.3625729084	-1
11.3625729084	-1
11.3625729084	-1
11.3625729084	-1
11.3625729084	-1
11.3625729084	-1
11.3756399155	-1
11.3756399155	-1
11.3756399155	-1
11.3756399155	-1
11.3756399155	-1
11.3756399155	-1
11.3756399155	-1
11.4017379284	-1
11.4017379284	-1
11.4017379284	-1
11.4017379284	-1
11.4124259949	-1
11.4124259949	-1
11.4124259949	-1
11.4124259949	-1
11.4545300007	-1
11.4545300007	-1
11.4650580883	-1
11.4650580883	-1
11.4650580883	-1
11.4650580883	-1
11.4650580883	-1
11.4650580883	-1
11.4650580883	-1
11.4768459797	-1
11.4768459797	-1
11.4768459797	-1
11.4768459797	-1
11.4768459797	-1
11.4768459797	-1
11.4768459797	-1
11.5023550987	-1
11.5023550987	-1
11.5023550987	-1
11.5023550987	-1
11.5023550987	-1
11.5023550987	-1
11.5023550987	-1
11.5023550987	-1
11.5045149326	1
11.505851984	1
11.505851984	1
11.505851984	1
11.5063560009	1
11.5063560009	1
11.5178380013	1
11.5178380013	1
11.5178380013	1
11.5195920467	1
11.5195920467	1
11.5278980732	-1
11.5278980732	-1
11.5278980732	-1
11.5278980732	-1
11.5278980732	-1
11.5278980732	-1
11.5278980732	-1
11.5278980732	-1
11.5416491032	-1
11.5549519062	-1
11.5549519062	-1
11.5549519062	-1
11.5587499142	1
11.5587499142	1
11.5587499142	1
11.5587499142	1
11.565007925	-1
11.565007925	-1
11.565007925	-1
11.565007925	-1
11.565007925	-1
11.5660231113	1
11.5667049885	1
11.5667049885	1
11.5667049885	1
11.5775589943	1
11.5775589943	1
11.5775589943	1
11.5779280663	-1
11.5779280663	-1
11.5779280663	-1
11.5779280663	-1
11.5779280663	-1
11.5779280663	-1
11.5779280663	-1
11.5926599503	1
11.5926599503	1
11.6925680637	-1
11.7049820423	1
11.7049820423	1
11.7049820423	1
11.7059841156	1
11.7059841156	1
11.7059841156	1
11.793118	-1
11.793118	-1
11.793118	-1
11.8138039112	-1
11.8138039112	-1
11.8138039112	-1
11.845238924	1
11.845238924	1
11.845238924	1
11.8520820141	-1
11.8520820141	-1
11.8520820141	-1
11.8520820141	-1
11.8520820141	-1
11.8520820141	-1
11.8520820141	-1
11.8520820141	-1
11.8520820141	-1
11.8769359589	-1
11.8769359589	-1
11.8884871006	-1
11.8884871006	-1
11.8884871006	-1
11.8884871006	-1
11.8884871006	-1
11.8884871006	-1
11.8884871006	-1
11.9015529156	-1
11.9015529156	-1
11.9015529156	-1
11.9015529156	-1
11.9015529156	-1
11.9015529156	-1
11.9015529156	-1
11.9245491028	-1
11.9245491028	-1
11.9245491028	-1
11.9245491028	-1
11.9245491028	-1
11.9245491028	-1
11.9477119446	-1
11.9477119446	-1
11.9477119446	-1
11.9477119446	-1
11.9477119446	-1
11.9477119446	-1
11.9477119446	-1
11.9477119446	-1
11.9589939117	-1
11.9589939117	-1
11.9589939117	-1
11.9693450928	-1
11.9693450928	-1
11.9693450928	-1
11.9693450928	-1
11.9693450928	-1
11.9693450928	-1
11.9693450928	-1
11.9939339161	-1
11.9939339161	-1
11.9939670563	1
12.0018620491	-1
12.0018620491	-1
12.0018620491	-1
12.0018620491	-1
12.0018620491	-1
12.0018620491	-1
12.0018620491	-1
12.0130989552	-1
12.0130989552	-1
12.0130989552	-1
12.0130989552	-1
12.0130989552	-1
12.0221710205	-1
12.0221710205	-1
12.0221710205	-1
12.0327999592	-1
12.0603430271	-1
12.0603430271	-1
12.0603430271	-1
12.0603430271	-1
12.0603430271	-1
12.0603430271	-1
12.0603430271	-1
12.0714240074	-1
12.0714240074	-1
12.0714240074	-1
12.0714240074	-1
12.0714240074	-1
12.0714240074	-1
12.0714240074	-1
12.0974090099	-1
12.0974090099	-1
12.0974090099	-1
12.0974090099	-1
12.0974090099	-1
12.0974090099	-1
12.0974090099	-1
12.0974090099	-1
12.1098001003	-1
12.1098399162	1
12.1098399162	1
12.1279699802	-1
12.1279699802	-1
12.1279699802	-1
12.1279699802	-1
12.1279699802	-1
12.1279699802	-1
12.1279699802	-1
12.1279699802	-1
12.1435699463	-1
12.1435699463	-1
12.1435699463	-1
12.1435699463	-1
12.1435699463	-1
12.1435699463	-1
12.1595840454	-1
12.1595840454	-1
12.1595840454	-1
12.1595840454	-1
12.1595840454	-1
12.1595840454	-1
12.1595840454	-1
12.1595840454	-1
12.167016983	-1
12.167016983	-1
12.1755831242	-1
12.1755831242	-1
12.1755831242	-1
12.1755831242	-1
12.1755831242	-1
12.1755831242	-1
12.1755831242	-1
12.1845459938	-1
12.1912009716	-1
12.1912009716	-1
12.1912009716	-1
12.1912009716	-1
12.1912009716	-1
12.1912009716	-1
12.1912009716	-1
12.2086889744	-1
12.2086889744	-1
12.2182750702	-1
12.2182750702	-1
12.2182750702	-1
12.2182750702	-1
12.2182750702	-1
12.2182750702	-1
12.2182750702	-1
12.2279200554	-1
12.2279200554	-1
12.2279200554	-1
12.2279200554	-1
12.2279200554	-1
12.2279200554	-1
12.2279200554	-1
12.2279620171	1
12.2439169884	-1
12.2439169884	-1
12.2464420795	1
12.2464420795	1
12.2464420795	1
12.2539420128	-1
12.2539420128	-1
12.2539420128	-1
12.2539420128	-1
12.2539420128	-1
12.2539420128	-1
12.2539420128	-1
12.2606050968	-1
12.2606050968	-1
12.2606050968	-1
12.2606050968	-1
12.2606050968	-1
12.2606050968	-1
12.2606050968	-1
12.2606050968	-1
12.2743809223	-1
12.2743809223	-1
12.2743809223	-1
12.2743809223	-1
12.2743809223	-1
12.2743809223	-1
12.2743809223	-1
12.2796621323	1
12.2796621323	1
12.3010370731	1
12.3010370731	1
12.3010370731	1
12.3043410778	-1
12.3043410778	-1
12.3053739071	-1
12.3053739071	-1
12.3053739071	-1
12.3053739071	-1
12.3053739071	-1
12.3053739071	-1
12.3053739071	-1
12.3115339279	-1
12.3115339279	-1
12.3115339279	-1
12.3126900196	1
12.3126900196	1
12.315705061	1
12.315705061	1
12.315705061	1
12.3185689449	-1
12.3276369572	-1
12.3276369572	-1
12.3276369572	-1
12.3276369572	-1
12.3276369572	-1
12.3276369572	-1
12.3276369572	-1
12.3354110718	-1
12.3354110718	-1
12.3354110718	-1
12.3354110718	-1
12.3354110718	-1
12.343542099	-1
12.343542099	-1
12.343542099	-1
12.343542099	-1
12.343542099	-1
12.343542099	-1
12.343542099	-1
12.3504879475	1
12.3504879475	1
12.3504879475	1
12.353965044	-1
12.3646309376	-1
12.3646309376	-1
12.3646309376	-1
12.3646309376	-1
12.3646309376	-1
12.3646309376	-1
12.3646309376	-1
12.3706490993	1
12.3706490993	1
12.3706490993	1
12.3791670799	-1
12.4012329578	-1
12.4012329578	-1
12.4012329578	-1
12.409471035	1
12.409471035	1
12.409471035	1
12.4179010391	-1
12.4179010391	-1
12.4179010391	-1
12.4179010391	-1
12.4357140064	-1
12.4357140064	-1
12.4357140064	-1
12.4357140064	-1
12.4357140064	-1
12.4357140064	-1
12.4357140064	-1
12.4357140064	-1
12.4452769756	-1
12.4553940296	-1
12.4553940296	-1
12.4553940296	-1
12.4553940296	-1
12.4553940296	-1
12.4553940296	-1
12.4553940296	-1
12.4608309269	1
12.4608309269	1
12.4647080898	1
12.4647080898	1
12.4650220871	-1
12.4650371075	1
12.4650371075	1
12.4683330059	1
12.4683330059	1
12.4683330059	1
12.4740591049	-1
12.4740591049	-1
12.4740591049	-1
12.4740591049	-1
12.4740591049	-1
12.4740591049	-1
12.4740591049	-1
12.4843969345	-1
12.5048120022	-1
12.5048120022	-1
12.5048120022	-1
12.5048120022	-1
12.5048120022	-1
12.5048120022	-1
12.5048120022	-1
12.517168045	-1
12.5477371216	-1
12.5477371216	-1
12.5477371216	-1
12.5477371216	-1
12.5477371216	-1
12.5477371216	-1
12.5477371216	-1
12.5579309464	-1
12.5579309464	-1
12.5579309464	-1
12.5579309464	-1
12.5579309464	-1
12.5579309464	-1
12.5579309464	-1
12.56021595	1
12.56021595	1
12.56021595	1
12.56726408	1
12.56726408	1
12.5776319504	1
12.5776319504	1
12.5817289352	1
12.5820410252	-1
12.5820410252	-1
12.5820410252	-1
12.5820410252	-1
12.5820410252	-1
12.5820410252	-1
12.5820410252	-1
12.5820410252	-1
12.6051979065	1
12.6051979065	1
12.6051979065	1
12.6082279682	-1
12.6082279682	-1
12.6082279682	-1
12.6082279682	-1
12.6082279682	-1
12.6082279682	-1
12.6082279682	-1
12.6082279682	-1
12.61196208	1
12.61196208	1
12.61196208	1
12.61196208	1
12.61196208	1
12.61196208	1
12.61196208	1
12.61196208	1
12.61196208	1
12.6120839119	1
12.6120839119	1
12.6204559803	-1
12.6220109463	1
12.6220109463	1
12.6624569893	-1
12.7246499062	-1
12.7246499062	-1
12.7246499062	-1
12.7246499062	-1
12.8146319389	-1
12.871835947	-1
12.871835947	-1
12.871835947	-1
12.871835947	-1
12.871835947	-1
12.871835947	-1
12.871835947	-1
12.892480135	-1
12.892480135	-1
12.892480135	-1
12.892480135	-1
12.9296610355	-1
12.9582309723	-1
12.9582309723	-1
12.9582309723	-1
12.9582309723	-1
12.9582309723	-1
12.9582309723	-1
12.9582309723	-1
12.9582309723	-1
12.9582309723	-1
12.9585800171	-1
12.9585800171	-1
12.9585800171	-1
12.9585800171	-1
12.9726579189	-1
13.0134401321	-1
13.0134401321	-1
13.0134401321	-1
13.0134401321	-1
13.0134401321	-1
13.0182950497	1
13.0572850704	-1
13.0572850704	-1
13.0572850704	-1
13.0688750744	-1
13.0688750744	-1
13.0688750744	-1
13.0688750744	-1
13.0688750744	-1
13.0688750744	-1
13.0688750744	-1
13.0816121101	-1
13.0931680202	-1
13.0931680202	-1
13.0931680202	-1
13.0931680202	-1
13.0931680202	-1
13.0931680202	-1
13.0931680202	-1
13.1049590111	-1
13.1144919395	-1
13.1144919395	-1
13.1144919395	-1
13.1144919395	-1
13.1144919395	-1
13.1144919395	-1
13.1144919395	-1
13.1371309757	-1
13.1371309757	-1
13.1371309757	-1
13.1371309757	-1
13.1371309757	-1
13.1371309757	-1
13.158757925	-1
13.1680939198	-1
13.1680939198	-1
13.1680939198	-1
13.1680939198	-1
13.1680939198	-1
13.1680939198	-1
13.1680939198	-1
13.1777191162	-1
13.1777191162	-1
13.1777191162	-1
13.1881830692	-1
13.1881830692	-1
13.1881830692	-1
13.1881830692	-1
13.1881830692	-1
13.1881830692	-1
13.1881830692	-1
13.197480917	-1
13.1986849308	1
13.2087869644	-1
13.2087869644	-1
13.2087869644	-1
13.2087869644	-1
13.2087869644	-1
13.2087869644	-1
13.2087869644	-1
13.228689909	-1
13.228689909	-1
13.2410600185	-1
13.2410600185	-1
13.2410600185	-1
13.2410600185	-1
13.2534899712	-1
13.2667250633	-1
13.2667250633	-1
13.2808289528	-1
13.2808289528	-1
13.2808289528	-1
13.2808289528	-1
13.2808289528	-1
13.2808289528	-1
13.2808289528	-1
13.3048930168	-1
13.3048930168	-1
13.3048930168	-1
13.3048930168	-1
13.3048930168	-1
13.3048930168	-1
13.3048930168	-1
13.3048930168	-1
13.3188381195	-1
13.3188710213	1
13.336370945	-1
13.336370945	-1
13.336370945	-1
13.336370945	-1
13.336370945	-1
13.336370945	-1
13.336370945	-1
13.3516850471	-1
13.3805630207	-1
13.3805630207	-1
13.3805630207	-1
13.3805630207	-1
13.3805630207	-1
13.4097840786	-1
13.4097840786	-1
13.4097840786	-1
13.4097840786	-1
13.4097840786	-1
13.4097840786	-1
13.4097840786	-1
13.4097840786	-1
13.4217219353	-1
13.4217219353	-1
13.4217219353	-1
13.4217219353	-1
13.4217219353	-1
13.4217219353	-1
13.4217219353	-1
13.4365050793	-1
13.4365050793	-1
13.4365050793	-1
13.4365050793	-1
13.4365050793	-1
13.4365050793	-1
13.4365050793	-1
13.4930589199	-1
13.4930589199	-1
13.4930589199	-1
13.4930589199	-1
13.4930589199	-1
13.4930589199	-1
13.4930589199	-1
13.4930589199	-1
13.4930589199	-1
13.5302679539	-1
13.5302679539	-1
13.5450439453	-1
13.5450439453	-1
13.5450439453	-1
13.5450439453	-1
13.5450439453	-1
13.5450439453	-1
13.5816690922	-1
13.5816690922	-1
13.5816690922	-1
13.5816690922	-1
13.5816690922	-1
13.6489920616	1
13.6596701145	-1
13.801484108	1
13.8289680481	-1
13.8980951309	1
13.8980951309	1
13.8980951309	1
13.9793179035	1
13.9793179035	1
13.9793179035	1
13.9793179035	1
13.9793179035	1
13.9797971249	1
13.9812850952	1
13.9812850952	1
13.9812850952	1
13.9831130505	1
13.9831130505	1
13.9831130505	1
13.9831130505	1
13.9831130505	1
13.9843740463	1
13.9843740463	1
13.9843740463	1
13.9843740463	1
13.9843740463	1
13.9843740463	1
13.9843740463	1
13.9843740463	1
13.986041069	1
13.986041069	1
13.986041069	1
13.986041069	1
13.986041069	1
13.986041069	1
13.986041069	1
14.0385189056	-1
14.0958750248	1
14.0958750248	1
14.0958750248	1
14.0958750248	1
14.0958750248	1
14.0958750248	1
14.0958750248	1
14.0958750248	1
14.1066589355	1
14.1066589355	1
14.1066589355	1
14.1066589355	1
14.1066589355	1
14.1066589355	1
14.1066589355	1
14.1066589355	1
14.1068599224	1
14.1068599224	1
14.1068599224	1
14.1068599224	1
14.1068599224	1
14.1068599224	1
14.1068599224	1
14.1068599224	1
14.1070549488	1
14.1070549488	1
14.1070549488	1
14.1070549488	1
14.1070549488	1
14.1070549488	1
14.1070549488	1
14.1070549488	1
14.1072409153	1
14.1072409153	1
14.1072409153	1
14.1072409153	1
14.1072409153	1
14.1072409153	1
14.1072409153	1
14.1072409153	1
14.1930630207	-1
14.1930630207	-1
14.2217531204	1
14.2217531204	1
14.2217531204	1
14.2217531204	1
14.2217531204	1
14.2217531204	1
14.2217531204	1
14.2218780518	1
14.2218780518	1
14.2218780518	1
14.3516619205	-1
14.5200519562	-1
