0.0	1
0.250127077103	1
1.35542201996	-1
1.35628318787	1
3.66694998741	-1
3.667771101	1
3.67310404778	1
3.67310404778	1
3.67310404778	1
3.67310404778	1
3.67310404778	1
3.67310404778	1
4.31770205498	-1
4.31895208359	1
4.43522620201	-1
4.62694716454	-1
4.7417371273	-1
4.76276016235	1
5.0130109787	1
5.13427114487	-1
5.13585305214	1
5.25062799454	-1
5.25181818008	1
5.36661410332	-1
5.58544707298	-1
5.597230196	-1
5.597230196	-1
5.597230196	-1
5.597230196	-1
5.597230196	-1
5.597230196	-1
5.597230196	-1
5.597230196	-1
5.6020359993	-1
5.60323810577	1
5.61362910271	-1
5.61362910271	-1
5.61362910271	-1
5.61362910271	-1
5.61362910271	-1
5.61362910271	-1
5.61362910271	-1
5.61362910271	-1
5.70032119751	-1
5.70032119751	-1
5.70032119751	-1
5.70032119751	-1
5.70032119751	-1
5.70032119751	-1
5.70032119751	-1
5.70032119751	-1
5.70066404343	-1
5.70066404343	-1
5.70066404343	-1
5.70066404343	-1
5.70066404343	-1
5.75581812859	1
5.82571101189	1
5.82571101189	1
5.82571101189	1
5.82571101189	1
5.82571101189	1
5.82571101189	1
5.82571101189	1
