0.0	1
0.34548997879	-1
0.34636092186	1
0.34868311882	1
0.34868311882	1
0.34868311882	1
0.34868311882	1
0.34868311882	1
0.34868311882	1
0.767753124237	-1
0.795239925385	1
0.862884998322	-1
0.862884998322	-1
0.862884998322	-1
0.932516098022	1
0.932516098022	1
1.07007908821	-1
1.07007908821	-1
1.07009291649	1
1.12831401825	-1
1.12831401825	-1
1.12831401825	-1
1.12852311134	-1
1.12852311134	-1
1.12852311134	-1
1.12852311134	-1
1.14817214012	-1
1.20734906197	-1
1.20739793777	1
1.28574490547	-1
1.28574490547	-1
1.28574490547	-1
1.28584599495	-1
1.28584599495	-1
1.28584599495	-1
1.28584599495	-1
1.28584599495	-1
1.28584599495	-1
1.28609108925	-1
1.28609108925	-1
1.32860398293	-1
1.32860398293	-1
1.32860398293	-1
1.33106207848	-1
1.33106207848	-1
1.33106207848	-1
1.33106207848	-1
1.34481811523	1
1.41778993607	-1
1.41778993607	-1
1.41778993607	-1
1.42331504822	-1
1.42331504822	-1
1.42331504822	-1
1.47037696838	-1
1.47037696838	-1
1.48231506348	-1
1.48235607147	1
1.63423991203	-1
1.65659713745	1
1.79414701462	-1
1.79414701462	-1
1.79549002647	1
1.97217798233	1
2.1441450119	-1
2.27252697945	-1
2.27252697945	-1
2.27252697945	-1
2.27404904366	1
2.44796895981	1
2.74371910095	-1
2.82801294327	-1
2.82801294327	-1
2.82801294327	-1
2.84474301338	-1
2.84474301338	-1
2.85010910034	1
2.86918902397	1
2.86918902397	1
2.86918902397	1
2.88100600243	-1
2.91145801544	-1
2.91145801544	-1
2.91145801544	-1
2.91425609589	-1
2.91425609589	-1
2.91425609589	-1
2.91757392883	-1
2.91757392883	-1
2.91919898987	1
2.91919898987	1
2.94578099251	-1
2.94578099251	-1
2.94578099251	-1
2.94578099251	-1
2.98717212677	1
3.12429213524	1
3.12429213524	1
3.23149991035	-1
3.23149991035	-1
3.28789901733	-1
3.28789901733	-1
3.28789901733	-1
3.28793001175	1
3.28793001175	1
3.28795409203	-1
3.28795409203	-1
3.28795409203	-1
3.31831002235	-1
3.31831002235	-1
3.33356595039	-1
3.33356595039	-1
3.33356595039	-1
3.36385202408	-1
3.36385202408	-1
3.36876511574	-1
3.37560510635	-1
3.37560510635	-1
3.37560510635	-1
3.37560510635	-1
3.37560510635	-1
3.37560510635	-1
3.37560510635	-1
3.41799592972	-1
3.41810202599	-1
3.41810202599	-1
3.41810202599	-1
3.42561507225	-1
3.42561507225	-1
3.42561507225	-1
3.42561507225	-1
3.45502305031	-1
3.46632695198	-1
3.46632695198	-1
3.46632695198	-1
3.47693395615	-1
3.47693395615	-1
3.47698497772	-1
3.47698497772	-1
3.47698497772	-1
3.47698497772	-1
3.47698497772	-1
3.47698497772	-1
3.51294708252	-1
3.51294708252	-1
3.51306295395	-1
3.51306295395	-1
3.51306295395	-1
3.51306295395	-1
3.51306295395	-1
3.51306295395	-1
3.51331090927	-1
3.51331090927	-1
3.51443791389	1
3.53750300407	-1
3.53750300407	-1
3.53750300407	-1
3.53750300407	-1
3.53750300407	-1
3.53750300407	-1
3.53750300407	-1
3.57379603386	-1
3.57396602631	-1
3.57396602631	-1
3.57396602631	-1
3.57396602631	-1
3.57396602631	-1
3.57408905029	-1
3.57421112061	-1
3.57421112061	-1
3.57421112061	-1
3.6121969223	-1
3.6121969223	-1
3.61231708527	-1
3.61231708527	-1
3.61231708527	-1
3.61231708527	-1
3.61231708527	-1
3.61231708527	-1
3.61231708527	-1
3.64946603775	-1
3.64958691597	-1
3.64958691597	-1
3.64958691597	-1
3.64958691597	-1
3.64958691597	-1
3.64958691597	-1
3.64958691597	-1
3.64983296394	-1
3.64995598793	-1
3.64995598793	-1
3.64995598793	-1
3.64995598793	-1
3.64995598793	-1
3.64995598793	-1
3.64995598793	-1
3.65835404396	-1
3.65836191177	1
3.65847492218	-1
3.65847492218	-1
3.65847492218	-1
3.65847492218	-1
3.65847492218	-1
3.65859794617	-1
3.6587240696	-1
3.6587240696	-1
3.71177697182	-1
3.71177697182	-1
3.71177697182	-1
3.71177697182	-1
3.71177697182	-1
3.71177697182	-1
3.71177697182	-1
3.71199202538	-1
3.71211290359	-1
3.71211290359	-1
3.71211290359	-1
3.71211290359	-1
3.71216607094	-1
3.71235895157	-1
3.71235895157	-1
3.71235895157	-1
3.71235895157	-1
3.71235895157	-1
3.71248292923	-1
3.71260595322	-1
3.71260595322	-1
3.71260595322	-1
3.71260595322	-1
3.71260595322	-1
3.71285200119	-1
3.71285200119	-1
3.77201509476	-1
3.77201509476	-1
3.77201509476	-1
3.77201509476	-1
3.77211594582	-1
3.77211594582	-1
3.77215600014	-1
3.77215600014	-1
3.78762793541	-1
3.78762793541	-1
3.78762793541	-1
3.78762793541	-1
3.78762793541	-1
3.78784513474	-1
3.78784513474	-1
3.78784513474	-1
3.78784513474	-1
3.78784513474	-1
3.78796601295	-1
3.78805112839	-1
3.78805112839	-1
3.78805112839	-1
3.78805112839	-1
3.78805112839	-1
3.78825092316	-1
3.78825092316	-1
3.78825092316	-1
3.7884581089	-1
3.7884581089	-1
3.78858208656	-1
3.78858208656	-1
3.78858208656	-1
3.78858208656	-1
3.78858208656	-1
3.78858208656	-1
3.79147410393	1
3.79147410393	1
3.79147410393	1
3.82694292068	-1
3.82694292068	-1
3.8271241188	-1
3.8271241188	-1
3.8271241188	-1
3.8271241188	-1
3.82724499702	-1
3.82724499702	-1
3.82736802101	-1
3.82736802101	-1
3.82736802101	-1
3.82749199867	-1
3.82749199867	-1
3.82749199867	-1
3.82749199867	-1
3.82749199867	-1
3.85009908676	-1
3.85009908676	-1
3.85009908676	-1
3.85009908676	-1
3.85009908676	-1
3.85009908676	-1
3.85024404526	-1
3.85024404526	-1
3.85044813156	-1
3.85044813156	-1
3.85044813156	-1
3.85044813156	-1
3.85044813156	-1
3.85044813156	-1
3.85069394112	-1
3.85069394112	-1
3.85069394112	-1
3.85069394112	-1
3.85069394112	-1
3.85069394112	-1
3.85069394112	-1
3.85106110573	-1
3.85106110573	-1
3.85106110573	-1
3.85106110573	-1
3.85106110573	-1
3.85106110573	-1
3.85106110573	-1
3.85106110573	-1
3.86398100853	-1
3.86398100853	-1
3.86398100853	-1
3.8640859127	-1
3.8640859127	-1
3.8640859127	-1
3.8640859127	-1
3.8640859127	-1
3.91740894318	-1
3.91740894318	-1
3.91740894318	-1
3.91740894318	-1
3.91740894318	-1
3.91740894318	-1
3.91763806343	-1
3.91763806343	-1
3.91763806343	-1
3.91763806343	-1
3.91763806343	-1
3.91763806343	-1
3.92597293854	-1
3.92597293854	-1
3.92597293854	-1
3.92597293854	-1
3.92597293854	-1
3.92621898651	-1
3.92621898651	-1
3.9263420105	-1
3.9263420105	-1
3.9263420105	-1
3.9263420105	-1
3.9263420105	-1
3.92646408081	-1
3.92658901215	-1
3.92658901215	-1
3.92658901215	-1
3.92658901215	-1
3.92658901215	-1
3.92658901215	-1
3.92679905891	-1
3.92695593834	-1
3.92695593834	-1
3.92695593834	-1
3.92695593834	-1
3.92695593834	-1
3.92695593834	-1
3.92720198631	-1
3.92720198631	-1
3.92725396156	-1
3.92725396156	-1
3.92725396156	-1
3.92725396156	-1
3.93080091476	1
3.93080091476	1
3.93080091476	1
3.96254205704	-1
3.96254205704	-1
3.96265101433	-1
3.96265101433	-1
3.98802995682	-1
3.98802995682	-1
3.98802995682	-1
3.98802995682	-1
3.98802995682	-1
3.98802995682	-1
3.98826408386	-1
3.98826408386	-1
3.98826408386	-1
3.98826408386	-1
3.98826408386	-1
3.98826408386	-1
3.98844003677	-1
3.98844003677	-1
3.98844003677	-1
3.98844003677	-1
3.98844003677	-1
3.98844003677	-1
3.98867201805	-1
3.9888780117	-1
3.9888780117	-1
3.9888780117	-1
3.9888780117	-1
3.9888780117	-1
3.9888780117	-1
3.98912405968	-1
3.98912405968	-1
3.98912405968	-1
3.98912405968	-1
3.98912405968	-1
3.98912405968	-1
3.98912405968	-1
3.98912405968	-1
3.98942399025	-1
3.98942399025	-1
3.98942399025	-1
3.98942399025	-1
3.98942399025	-1
3.98942399025	-1
3.98942399025	-1
3.98942399025	-1
3.98986101151	-1
3.98986101151	-1
3.98986101151	-1
4.00143313408	-1
4.00143313408	-1
4.00153803825	-1
4.00153803825	-1
4.00153803825	-1
4.00156998634	-1
4.00156998634	-1
4.00178313255	-1
4.00178313255	-1
4.00178313255	-1
4.00178313255	-1
4.00178313255	-1
4.00178313255	-1
4.00203108788	-1
4.00203108788	-1
4.00203108788	-1
4.00215291977	-1
4.00215291977	-1
4.00218200684	-1
4.00218200684	-1
4.00218200684	-1
4.00218200684	-1
4.00218200684	-1
4.00218200684	-1
4.00218200684	-1
4.00252103806	-1
4.00252103806	-1
4.00264692307	-1
4.00264692307	-1
4.00276708603	-1
4.00276708603	-1
4.05550098419	-1
4.05550098419	-1
4.05550098419	-1
4.05550098419	-1
4.05550098419	-1
4.05550098419	-1
4.0556409359	-1
4.0556409359	-1
4.0556409359	-1
4.05584692955	-1
4.05584692955	-1
4.05584692955	-1
4.05584692955	-1
4.05584692955	-1
4.05609703064	-1
4.05609703064	-1
4.05609703064	-1
4.06839299202	-1
4.06839299202	-1
4.06850290298	-1
4.06850290298	-1
4.06853699684	-1
4.06853699684	-1
4.06853699684	-1
4.06874895096	-1
4.06874895096	-1
4.06874895096	-1
4.06874895096	-1
4.06874895096	-1
4.06874895096	-1
4.06899404526	-1
4.06899404526	-1
4.06899404526	-1
4.06899404526	-1
4.06899404526	-1
4.0692460537	1
4.0692460537	1
4.0692460537	1
4.06925010681	-1
4.06925010681	-1
4.20597505569	1
4.20597505569	1
4.20597505569	1
4.20597505569	1
4.20597505569	1
4.20597505569	1
4.20597505569	1
4.20597505569	1
4.20597505569	1
4.20597505569	1
4.20611310005	1
4.20749402046	1
4.20749402046	1
4.20749402046	1
4.20749402046	1
4.20749402046	1
4.20749402046	1
