0.0	1
0.25028014183	1
0.961083173752	-1
0.961910963058	1
1.31273698807	-1
1.31351709366	1
1.3184530735	1
1.3184530735	1
1.3184530735	1
1.3184530735	1
1.3184530735	1
1.3184530735	1
2.62317705154	-1
2.6248550415	1
2.99016714096	-1
2.99127101898	1
3.10564899445	-1
3.33802103996	-1
3.33926105499	1
3.45257806778	-1
3.45257806778	-1
3.49089503288	1
3.49089503288	1
3.67788505554	-1
3.72709512711	-1
3.72709512711	-1
3.72709512711	-1
3.72709512711	-1
3.72709512711	-1
3.72709512711	-1
3.72709512711	-1
3.72709512711	-1
3.84368300438	1
4.08674097061	-1
4.09390306473	1
4.20281815529	-1
4.20281815529	-1
4.20281815529	-1
4.20281815529	-1
4.20281815529	-1
4.20454311371	-1
4.20566916466	-1
4.20566916466	-1
4.20833897591	-1
4.21071505547	-1
4.21071505547	-1
4.21071505547	-1
4.25509309769	1
4.25988912582	1
4.25988912582	1
4.25988912582	1
4.26046204567	1
4.26046204567	1
4.26046204567	1
4.2617251873	1
4.2617251873	1
4.26253700256	1
4.26253700256	1
4.30240297318	1
4.30240297318	1
4.30240297318	1
4.34704303741	-1
4.34704303741	-1
4.34704303741	-1
4.43849110603	-1
4.43849110603	-1
4.43849110603	-1
4.43929696083	-1
4.43929696083	-1
4.43929696083	-1
4.43929696083	-1
4.43929696083	-1
4.43929696083	-1
4.43929696083	-1
4.43929696083	-1
4.50646305084	1
4.50646305084	1
4.50646305084	1
4.50728797913	1
4.50728797913	1
4.52698707581	1
4.5530371666	-1
4.5530371666	-1
4.64684295654	1
4.64684295654	1
4.77885317802	-1
4.84406018257	-1
4.84406018257	-1
4.84406018257	-1
4.84406018257	-1
4.84406018257	-1
4.84406018257	-1
4.84406018257	-1
4.84406018257	-1
5.07440400124	-1
5.13616609573	-1
5.13616609573	-1
5.13616609573	-1
5.13616609573	-1
5.13616609573	-1
5.13616609573	-1
5.20161795616	-1
5.20161795616	-1
5.20161795616	-1
5.2679669857	-1
5.2679669857	-1
5.2679669857	-1
5.26979112625	1
5.30223608017	-1
5.30223608017	-1
5.30332517624	1
5.30332517624	1
5.30332517624	1
5.30349707603	-1
5.30349707603	-1
5.30484104156	1
5.30484104156	1
5.32471299171	-1
5.32471299171	-1
5.32471299171	-1
5.32648396492	1
5.32648396492	1
5.32648396492	1
5.45635318756	-1
5.45635318756	-1
5.45635318756	-1
5.45796108246	1
5.45796108246	1
5.45796108246	1
5.52585506439	-1
5.52585506439	-1
5.5643529892	-1
5.5643529892	-1
5.5643529892	-1
5.5644030571	1
5.78628206253	-1
5.90077996254	-1
6.05500197411	-1
6.05500197411	-1
6.17081308365	-1
6.17081308365	-1
6.17081308365	-1
6.17122197151	-1
6.17122197151	-1
6.17122197151	-1
6.17177605629	-1
6.17177605629	-1
6.17177605629	-1
6.17177605629	-1
6.17177605629	-1
6.17177605629	-1
6.24687099457	-1
6.24813818932	1
6.28841114044	-1
6.28841114044	-1
6.28841114044	-1
6.28841114044	-1
6.28841114044	-1
6.36189508438	-1
6.36206197739	-1
6.36206197739	-1
6.36206197739	-1
6.36206197739	-1
6.36206197739	-1
6.36206197739	-1
6.43095397949	-1
6.43095397949	-1
6.43095397949	-1
6.43134117126	-1
6.43134117126	-1
6.43134117126	-1
6.43134117126	-1
6.4401409626	1
6.53645515442	-1
6.53645515442	-1
6.53645515442	-1
6.53719902039	-1
6.53719902039	-1
6.53719902039	-1
6.53719902039	-1
6.53719902039	-1
6.53821611404	-1
6.53821611404	-1
6.53821611404	-1
6.53821611404	-1
6.53821611404	-1
6.53900504112	-1
6.53900504112	-1
6.54585504532	-1
6.54590916634	-1
6.54590916634	-1
6.54590916634	-1
6.57828903198	1
6.57848000526	1
6.57848000526	1
6.57848000526	1
6.57848000526	1
6.57848000526	1
6.57848000526	1
6.65386414528	-1
6.65386414528	-1
6.65386414528	-1
6.65386414528	-1
6.65386414528	-1
6.65386414528	-1
6.65785217285	-1
6.65785217285	-1
6.65785217285	-1
6.65785217285	-1
6.65785217285	-1
6.65785217285	-1
6.65785217285	-1
6.65785217285	-1
6.75127601624	-1
6.75127601624	-1
6.75127601624	-1
6.75127601624	-1
6.76088118553	-1
6.76811003685	-1
6.76811003685	-1
6.76811003685	-1
6.76811003685	-1
6.76811003685	-1
6.76811003685	-1
6.76811003685	-1
6.86255908012	-1
6.86255908012	-1
6.86255908012	-1
6.86354517937	-1
6.86354517937	-1
6.86354517937	-1
6.86354517937	-1
6.86354517937	-1
6.86354517937	-1
6.86477017403	-1
6.86477017403	-1
6.86477017403	-1
6.86477017403	-1
6.86477017403	-1
6.86477017403	-1
6.86477017403	-1
6.91238117218	-1
6.91466116905	-1
6.91466116905	-1
6.91466116905	-1
6.91466116905	-1
6.91466116905	-1
6.91466116905	-1
6.91466116905	-1
6.91684603691	-1
6.91684603691	-1
6.91684603691	-1
6.91684603691	-1
6.93249106407	-1
6.93249106407	-1
6.93249106407	-1
6.93249106407	-1
6.93259596825	-1
6.93259596825	-1
6.93259596825	-1
6.93259596825	-1
6.93259596825	-1
6.93383097649	1
6.97817802429	-1
6.97817802429	-1
6.97817802429	-1
6.97828412056	-1
6.98080015182	1
6.98080015182	1
6.98080015182	1
6.98080015182	1
6.98080015182	1
6.98080015182	1
7.08343911171	-1
7.08343911171	-1
7.08343911171	-1
7.08343911171	-1
7.08343911171	-1
7.08343911171	-1
7.08343911171	-1
7.08343911171	-1
7.08343911171	-1
7.08546710014	-1
7.08546710014	-1
7.08845710754	-1
7.08845710754	-1
7.08845710754	-1
7.08845710754	-1
7.08845710754	-1
7.09017705917	-1
7.09277796745	-1
7.09277796745	-1
7.09277796745	-1
7.09277796745	-1
7.09277796745	-1
7.09726214409	-1
7.09726214409	-1
7.09755206108	-1
7.09755206108	-1
7.09755206108	-1
7.09755206108	-1
7.09755206108	-1
7.09779810905	-1
7.09779810905	-1
7.09802317619	-1
7.16269302368	-1
7.16269302368	-1
7.16269302368	-1
7.16269302368	-1
7.16269302368	-1
7.16269302368	-1
7.16269302368	-1
7.19812107086	-1
7.19812107086	-1
7.19812107086	-1
7.19812107086	-1
7.19812107086	-1
7.19823503494	-1
7.26932907104	-1
7.26932907104	-1
7.26932907104	-1
7.26932907104	-1
7.27000498772	-1
7.27000498772	-1
7.27000498772	-1
7.27000498772	-1
7.27000498772	-1
7.27090597153	-1
7.27090597153	-1
7.27167105675	-1
7.27167105675	-1
7.28894209862	-1
7.28894209862	-1
7.28894209862	-1
7.28894209862	-1
7.28894209862	-1
7.28906917572	-1
7.28997707367	-1
7.28997707367	-1
7.28997707367	-1
7.28997707367	-1
7.28997707367	-1
7.28997707367	-1
7.28997707367	-1
7.28997707367	-1
7.29033708572	-1
7.29033708572	-1
7.29033708572	-1
7.29033708572	-1
7.29033708572	-1
7.29033708572	-1
7.31266903877	-1
7.31266903877	-1
7.31272101402	-1
7.31272101402	-1
7.31272101402	-1
7.32793998718	-1
7.32793998718	-1
7.32793998718	-1
7.32793998718	-1
7.32793998718	-1
7.32793998718	-1
7.32793998718	-1
7.32793998718	-1
7.32793998718	-1
7.32828617096	-1
7.32834005356	-1
7.32834005356	-1
7.32834005356	-1
7.3299741745	1
7.39156007767	-1
7.46119999886	-1
7.46119999886	-1
7.46119999886	-1
7.46119999886	-1
7.46119999886	-1
7.46119999886	-1
7.46156215668	-1
7.46156215668	-1
7.46156215668	-1
7.46156215668	-1
7.46156215668	-1
7.46246504784	-1
7.46246504784	-1
7.46246504784	-1
7.46246504784	-1
7.46246504784	-1
7.46293306351	-1
7.463752985	-1
7.463752985	-1
7.46391606331	1
7.46544718742	-1
7.46544718742	-1
7.46544718742	-1
7.46544718742	-1
7.46544718742	-1
7.46544718742	-1
7.46544718742	-1
7.46651697159	-1
7.46827316284	-1
7.46827316284	-1
7.46827316284	-1
7.46827316284	-1
7.46827316284	-1
7.47015714645	-1
7.47161102295	-1
7.47161102295	-1
7.47161102295	-1
7.47161102295	-1
7.47161102295	-1
7.47429418564	-1
7.47429418564	-1
7.47429418564	-1
7.47429418564	-1
7.47429418564	-1
7.47429418564	-1
7.47429418564	-1
7.5429019928	-1
7.57916808128	-1
7.57916808128	-1
7.57916808128	-1
7.57916808128	-1
7.57916808128	-1
7.57916808128	-1
7.57916808128	-1
7.57916808128	-1
7.58068203926	-1
7.58139705658	-1
7.58139705658	-1
7.58139705658	-1
7.58139705658	-1
7.58139705658	-1
7.58139705658	-1
7.58139705658	-1
7.65571403503	-1
7.65659499168	-1
7.65659499168	-1
7.65659499168	-1
7.65659499168	-1
7.65659499168	-1
7.65659499168	-1
7.65659499168	-1
7.66185808182	-1
7.66185808182	-1
7.66185808182	-1
7.66185808182	-1
7.6644179821	-1
7.6644179821	-1
7.66853499413	-1
7.66853499413	-1
7.66853499413	-1
7.66853499413	-1
7.66853499413	-1
7.66853499413	-1
7.66853499413	-1
7.66853499413	-1
7.67033600807	-1
7.67033600807	-1
7.67033600807	-1
7.67353105545	-1
7.67353105545	-1
7.67938017845	-1
7.67938017845	-1
7.67938017845	-1
7.67938017845	-1
7.67938017845	-1
7.67938017845	-1
7.67938017845	-1
7.67938017845	-1
7.68262815475	1
7.68909502029	-1
7.68909502029	-1
7.68909502029	-1
7.68909502029	-1
7.68909502029	-1
7.68909502029	-1
7.68909502029	-1
7.68909502029	-1
7.68909502029	-1
7.68944501877	-1
7.68944501877	-1
7.68956899643	-1
7.68956899643	-1
7.68956899643	-1
7.68956899643	-1
7.68956899643	-1
7.68956899643	-1
7.6898150444	-1
7.6898150444	-1
7.6898150444	-1
7.6898150444	-1
7.6898150444	-1
7.6898150444	-1
7.6898150444	-1
7.6898150444	-1
7.69462609291	1
7.69462609291	1
7.69462609291	1
7.69462609291	1
7.69462609291	1
7.69462609291	1
7.69462609291	1
7.69462609291	1
7.69462609291	1
7.77186918259	-1
7.81014800072	-1
7.81014800072	-1
7.81014800072	-1
7.81014800072	-1
7.81014800072	-1
7.81014800072	-1
7.81014800072	-1
7.81014800072	-1
7.81046104431	-1
7.81046104431	-1
7.81046104431	-1
7.81046104431	-1
7.81046104431	-1
7.81046104431	-1
7.81046104431	-1
7.83652806282	-1
7.83652806282	-1
7.83652806282	-1
7.83652806282	-1
7.83652806282	-1
7.83652806282	-1
7.83652806282	-1
7.83811116219	-1
7.83811116219	-1
7.83811116219	-1
7.83811116219	-1
7.83811116219	-1
7.83811116219	-1
7.83811116219	-1
7.83811116219	-1
7.83853006363	-1
7.83853006363	-1
7.83853006363	-1
7.83993697166	1
7.83993697166	1
7.83993697166	1
7.83993697166	1
7.83993697166	1
7.92666101456	1
7.92666101456	1
7.92666101456	1
7.92666101456	1
7.92666101456	1
7.92666101456	1
7.92666101456	1
7.92666101456	1
7.93348503113	1
8.00651502609	-1
8.00651502609	-1
8.00651502609	-1
8.02007508278	1
8.02007508278	1
8.0227200985	1
8.0227200985	1
8.0227200985	1
8.02285003662	1
8.02285003662	1
8.03893113136	-1
8.03897309303	1
8.1016600132	-1
8.1016600132	-1
8.1016600132	-1
8.1016600132	-1
8.1016600132	-1
8.1016600132	-1
8.1016600132	-1
8.1016600132	-1
8.10184812546	-1
8.1217250824	1
8.1217250824	1
8.1217250824	1
8.19784617424	-1
8.19784617424	-1
8.19784617424	-1
8.19784617424	-1
8.19784617424	-1
8.19784617424	-1
8.23440909386	-1
8.23440909386	-1
8.23440909386	-1
8.23440909386	-1
8.23440909386	-1
8.23440909386	-1
8.23440909386	-1
8.23440909386	-1
8.23495602608	-1
8.23495602608	-1
8.23741006851	-1
8.23741006851	-1
8.23741006851	-1
8.23741006851	-1
8.23741006851	-1
8.23741006851	-1
8.26784205437	-1
8.26935696602	1
8.32827401161	-1
8.32827401161	-1
8.32827401161	-1
8.32827401161	-1
8.32827401161	-1
8.32827401161	-1
8.32827401161	-1
8.36323618889	-1
8.36388611794	-1
8.36388611794	-1
8.36388611794	-1
8.36388611794	-1
8.36388611794	-1
8.36388611794	-1
8.37488603592	-1
8.37488603592	-1
8.37488603592	-1
8.37488603592	-1
8.37488603592	-1
8.37488603592	-1
8.37488603592	-1
8.37488603592	-1
8.37591600418	-1
8.37591600418	-1
8.37591600418	-1
8.37591600418	-1
8.37815499306	-1
8.3788421154	-1
8.3788421154	-1
8.3788421154	-1
8.3788421154	-1
8.3788421154	-1
8.3788421154	-1
8.3788421154	-1
8.38076496124	-1
8.38374710083	1
8.38374710083	1
8.45376801491	-1
8.45376801491	-1
8.45376801491	-1
8.45376801491	-1
8.45376801491	-1
8.45376801491	-1
8.45376801491	-1
8.45395898819	-1
8.45395898819	-1
8.45395898819	-1
8.45395898819	-1
8.49933099747	-1
8.49937009811	1
8.5356221199	-1
8.5356221199	-1
8.5356221199	-1
8.5356221199	-1
8.5356221199	-1
8.5356221199	-1
8.5356221199	-1
8.53656315804	-1
8.53656315804	-1
8.53656315804	-1
8.53656315804	-1
8.53656315804	-1
8.53656315804	-1
8.53656315804	-1
8.53724598885	-1
8.53724598885	-1
8.53724598885	-1
8.53724598885	-1
8.53724598885	-1
8.53724598885	-1
8.53724598885	-1
8.53761005402	-1
8.537774086	-1
8.537774086	-1
8.537774086	-1
8.537774086	-1
8.537774086	-1
8.537774086	-1
8.537774086	-1
8.53801417351	-1
8.56642317772	-1
8.56642317772	-1
8.56642317772	-1
8.56642317772	-1
8.56642317772	-1
8.56642317772	-1
8.56642317772	-1
8.59744715691	-1
8.59765315056	-1
8.59765315056	-1
8.59765315056	-1
8.59765315056	-1
8.59765315056	-1
8.59765315056	-1
8.59765315056	-1
8.59765315056	-1
8.59789896011	-1
8.59806203842	-1
8.59806203842	-1
8.59806203842	-1
8.59806203842	-1
8.59806203842	-1
8.59806203842	-1
8.59806203842	-1
8.59830904007	-1
8.61412096024	-1
8.61412096024	-1
8.61412096024	-1
8.61416196823	1
8.61416196823	1
8.68280315399	-1
8.68280315399	-1
8.68280315399	-1
8.68421411514	-1
8.68421411514	-1
8.68421411514	-1
8.68421411514	-1
8.68421411514	-1
8.68421411514	-1
8.69568395615	-1
8.69568395615	-1
8.69652104378	-1
8.69652104378	-1
8.69652104378	-1
8.69652104378	-1
8.69652104378	-1
8.69652104378	-1
8.6982011795	-1
8.6982011795	-1
8.6982011795	-1
8.6982011795	-1
8.6982011795	-1
8.6982011795	-1
8.6982011795	-1
8.6982011795	-1
8.70140314102	-1
8.70140314102	-1
8.70140314102	-1
8.70140314102	-1
8.70140314102	-1
8.70140314102	-1
8.70140314102	-1
8.70140314102	-1
8.70296216011	1
8.70296216011	1
8.70296216011	1
8.72265195847	-1
8.72265195847	-1
8.72298407555	-1
8.72298407555	-1
8.72298407555	-1
8.72298407555	-1
8.72298407555	-1
8.72298407555	-1
8.72298407555	-1
8.72887706757	-1
8.76176810265	-1
8.76176810265	-1
8.76176810265	-1
8.76176810265	-1
8.76176810265	-1
8.76889514923	-1
8.78058815002	-1
8.78058815002	-1
8.78181505203	-1
8.78181505203	-1
8.78181505203	-1
8.78181505203	-1
8.78181505203	-1
8.78181505203	-1
8.78181505203	-1
8.78181505203	-1
8.78204298019	-1
8.78307700157	-1
8.78307700157	-1
8.78307700157	-1
8.7931060791	-1
8.7931060791	-1
8.7931060791	-1
8.7931060791	-1
8.79332709312	-1
8.79332709312	-1
8.79332709312	-1
8.84351611137	-1
8.84351611137	-1
8.84355807304	1
8.91533613205	-1
8.91533613205	-1
8.91533613205	-1
8.91533613205	-1
8.91533613205	-1
8.91533613205	-1
8.91533613205	-1
8.91777515411	-1
8.9201271534	-1
8.9201271534	-1
8.9201271534	-1
8.9201271534	-1
8.9201271534	-1
8.92410111427	-1
8.92731499672	-1
8.92731499672	-1
8.92731499672	-1
8.92731499672	-1
8.92731499672	-1
8.93335795403	-1
8.93335795403	-1
8.93335795403	-1
8.93443107605	1
8.93443107605	1
8.93443107605	1
8.94238710403	-1
8.94238710403	-1
8.94238710403	-1
8.95053100586	-1
8.95053100586	-1
8.95053100586	-1
8.95642113686	-1
8.95642113686	-1
8.95642113686	-1
8.95721101761	1
8.95721101761	1
8.96254014969	-1
8.96254014969	-1
8.96254014969	-1
8.96737098694	-1
8.96737098694	-1
8.96737098694	-1
8.9719581604	-1
8.9719581604	-1
8.9733300209	-1
8.9733300209	-1
8.9733300209	-1
8.9733300209	-1
8.9733300209	-1
8.97468209267	-1
8.9767510891	-1
8.9767510891	-1
8.9767510891	-1
8.9767510891	-1
8.9767510891	-1
8.9767510891	-1
8.9767510891	-1
8.97849106789	-1
8.97849106789	-1
8.97849106789	-1
8.9847381115	-1
8.9847381115	-1
8.9847381115	-1
8.99403500557	-1
8.99403500557	-1
8.99403500557	-1
8.99403500557	-1
8.99403500557	-1
8.99403500557	-1
8.99403500557	-1
9.00323104858	-1
9.00323104858	-1
9.00333619118	-1
9.00333619118	-1
9.00336909294	-1
9.00336909294	-1
9.00336909294	-1
9.00336909294	-1
9.00336909294	-1
9.00462818146	1
9.00462818146	1
9.00462818146	1
9.01228117943	-1
9.01228117943	-1
9.01228117943	-1
9.01228117943	-1
9.01228117943	-1
9.01228117943	-1
9.01228117943	-1
9.01251101494	-1
9.01263308525	-1
9.01263308525	-1
9.01263308525	-1
9.01263308525	-1
9.01263308525	-1
9.01263308525	-1
9.01263308525	-1
9.01287817955	-1
9.01287817955	-1
9.03007817268	-1
9.03007817268	-1
9.03007817268	-1
9.03007817268	-1
9.03018903732	-1
9.03022217751	-1
9.03022217751	-1
9.03042697906	-1
9.03042697906	-1
9.03042697906	-1
9.04099011421	1
9.04099011421	1
9.06509804726	-1
9.06509804726	-1
9.06509804726	-1
9.06509804726	-1
9.06509804726	-1
9.06509804726	-1
9.06532406807	-1
9.06532406807	-1
9.06532406807	-1
9.06532406807	-1
9.06532406807	-1
9.06532406807	-1
9.06557011604	-1
9.06567502022	-1
9.06567502022	-1
9.06567502022	-1
9.06567502022	-1
9.06567502022	-1
9.06581711769	-1
9.06584906578	-1
9.06584906578	-1
9.06584906578	-1
9.06584906578	-1
9.06584906578	-1
9.06584906578	-1
9.06584906578	-1
9.06618499756	-1
9.06622314453	-1
9.06622314453	-1
9.06642913818	-1
9.06642913818	-1
9.06642913818	-1
9.06642913818	-1
9.0723490715	1
9.0723490715	1
9.08195018768	-1
9.08195018768	-1
9.082062006	-1
9.082062006	-1
9.082062006	-1
9.08217906952	-1
9.08217906952	-1
9.08230113983	-1
9.08230113983	-1
9.08230113983	-1
9.08230113983	-1
9.08230113983	-1
9.08242917061	-1
9.12316417694	1
9.12316417694	1
9.12316417694	1
9.12316417694	1
9.12316417694	1
9.12925601006	-1
9.12925601006	-1
9.12925601006	-1
9.12925601006	-1
9.12925601006	-1
9.12925601006	-1
9.12925601006	-1
9.12925601006	-1
9.12956500053	-1
9.22678208351	-1
9.22678208351	-1
9.22678208351	-1
9.22678208351	-1
9.22678208351	-1
9.22678208351	-1
9.22678208351	-1
9.22702407837	-1
9.22731018066	-1
9.22731018066	-1
9.22731018066	-1
9.22780418396	-1
9.22780418396	-1
9.22825407982	-1
9.22825407982	-1
9.22825407982	-1
9.22825407982	-1
9.22877216339	-1
9.22877216339	-1
9.22877216339	-1
9.22905111313	-1
9.22935795784	-1
9.22935795784	-1
9.22935795784	-1
9.22935795784	-1
9.22935795784	-1
9.22935795784	-1
9.22935795784	-1
9.2295601368	-1
9.26388716698	-1
9.26388716698	-1
9.26388716698	-1
9.26388716698	-1
9.26388716698	-1
9.26388716698	-1
9.26388716698	-1
9.26454401016	-1
9.26454401016	-1
9.26594614983	1
9.26594614983	1
9.26594614983	1
9.26791715622	-1
9.26791715622	-1
9.27131605148	-1
9.27131605148	-1
9.27131605148	-1
9.27131605148	-1
9.27131605148	-1
9.27131605148	-1
9.27131605148	-1
9.27232503891	-1
9.27294802666	-1
9.27294802666	-1
9.27294802666	-1
9.27294802666	-1
9.27361416817	-1
9.27642798424	-1
9.27642798424	-1
9.27642798424	-1
9.27642798424	-1
9.27642798424	-1
9.27642798424	-1
9.2811460495	-1
9.2811460495	-1
9.2811460495	-1
9.2811460495	-1
9.2811460495	-1
9.2811460495	-1
9.2811460495	-1
9.30563807487	-1
9.30567097664	1
9.31452608109	-1
9.31452608109	-1
9.31452608109	-1
9.31452608109	-1
9.31452608109	-1
9.31452608109	-1
9.31452608109	-1
9.31808900833	-1
9.31813406944	-1
9.31813406944	-1
9.31813406944	-1
9.31813406944	-1
9.31813406944	-1
9.31813406944	-1
9.31813406944	-1
9.31974816322	-1
9.31974816322	-1
9.31974816322	-1
9.31974816322	-1
9.31974816322	-1
9.31974816322	-1
9.31974816322	-1
9.31974816322	-1
9.33195209503	-1
9.33195209503	-1
9.33200001717	-1
9.33200001717	-1
9.33200001717	-1
9.33200001717	-1
9.33200001717	-1
9.33200001717	-1
9.33230495453	-1
9.33230495453	-1
9.33230495453	-1
9.33230495453	-1
9.33230495453	-1
9.33230495453	-1
9.33255004883	-1
9.33527708054	1
9.33527708054	1
9.33527708054	1
9.34108614922	-1
9.34108614922	-1
9.34108614922	-1
9.34108614922	-1
9.34108614922	-1
9.34108614922	-1
9.34131407738	-1
9.34131407738	-1
9.341381073	-1
9.341381073	-1
9.341381073	-1
9.341381073	-1
9.341381073	-1
9.34156107903	-1
9.34168410301	-1
9.34168410301	-1
9.34168410301	-1
9.34168410301	-1
9.34168410301	-1
9.34168410301	-1
9.42182517052	1
9.42648410797	-1
9.42648410797	-1
9.42648410797	-1
9.42648410797	-1
9.42648410797	-1
9.42648410797	-1
9.42648410797	-1
9.42648410797	-1
9.42875504494	-1
9.42875504494	-1
9.42875504494	-1
9.42875504494	-1
9.42875504494	-1
9.42875504494	-1
9.42875504494	-1
9.42875504494	-1
9.43116211891	-1
9.43116211891	-1
9.43116211891	-1
9.43116211891	-1
9.43116211891	-1
9.43116211891	-1
9.4334461689	-1
9.4334461689	-1
9.4334461689	-1
9.4334461689	-1
9.43481016159	-1
9.43610811234	-1
9.43610811234	-1
9.43610811234	-1
9.43610811234	-1
9.43610811234	-1
9.43705415726	-1
9.43769907951	-1
9.43769907951	-1
9.43769907951	-1
9.43769907951	-1
9.43769907951	-1
9.43769907951	-1
9.43909716606	-1
9.43909716606	-1
9.43920207024	-1
9.43920207024	-1
9.43936705589	-1
9.43936705589	-1
9.43936705589	-1
9.43936705589	-1
9.43965315819	-1
9.43987798691	-1
9.43987798691	-1
9.43987798691	-1
9.43987798691	-1
9.43987798691	-1
9.43987798691	-1
9.44005703926	-1
9.44005703926	-1
9.44005703926	-1
9.44005703926	-1
9.44024610519	-1
9.44026207924	1
9.44026207924	1
9.44026207924	1
9.45419406891	1
9.45419406891	1
9.48671102524	-1
9.48671102524	-1
9.48671102524	-1
9.48671102524	-1
9.48671102524	-1
9.48671102524	-1
9.48671102524	-1
9.48671102524	-1
9.48775911331	-1
9.48775911331	-1
9.48775911331	-1
9.48775911331	-1
9.48775911331	-1
9.48775911331	-1
9.48775911331	-1
9.48945498466	-1
9.49154305458	-1
9.49154305458	-1
9.49154305458	-1
9.49154305458	-1
9.49154305458	-1
9.49154305458	-1
9.49154305458	-1
9.50108718872	-1
9.50108718872	-1
9.50108718872	-1
9.50108718872	-1
9.50108718872	-1
9.50108718872	-1
9.50108718872	-1
9.50108718872	-1
9.50272202492	1
9.50272202492	1
9.50272202492	1
9.50850009918	-1
9.50850009918	-1
9.51191997528	-1
9.51191997528	-1
9.51191997528	-1
9.54404902458	-1
9.54408407211	1
9.61994695663	-1
9.61994695663	-1
9.61994695663	-1
9.61994695663	-1
9.61994695663	-1
9.61994695663	-1
9.61994695663	-1
9.62064599991	-1
9.62064599991	-1
9.62064599991	-1
9.62064599991	-1
9.62064599991	-1
9.62064599991	-1
9.62064599991	-1
9.62233901024	-1
9.62233901024	-1
9.62233901024	-1
9.62233901024	-1
9.62233901024	-1
9.62233901024	-1
9.62233901024	-1
9.62233901024	-1
9.62500500679	-1
9.62500500679	-1
9.62500500679	-1
9.62500500679	-1
9.62500500679	-1
9.62500500679	-1
9.62500500679	-1
9.62500500679	-1
9.62656903267	-1
9.62993407249	-1
9.62993407249	-1
9.62993407249	-1
9.62993407249	-1
9.62993407249	-1
9.62993407249	-1
9.62993407249	-1
9.63135099411	-1
9.63289809227	-1
9.63289809227	-1
9.63289809227	-1
9.63289809227	-1
9.63289809227	-1
9.63289809227	-1
9.63289809227	-1
9.63293504715	1
9.63293504715	1
9.63293504715	1
9.63561201096	-1
9.63896799088	-1
9.63896799088	-1
9.63896799088	-1
9.63896799088	-1
9.63896799088	-1
9.63896799088	-1
9.63896799088	-1
9.64507102966	-1
9.64619708061	1
9.64619708061	1
9.64933109283	-1
9.64933109283	-1
9.64933109283	-1
9.64933109283	-1
9.64933109283	-1
9.64933109283	-1
9.64933109283	-1
9.65261816978	-1
9.65860700607	-1
9.65864706039	1
9.65923714638	-1
9.65923714638	-1
9.65923714638	-1
9.65923714638	-1
9.65923714638	-1
9.65923714638	-1
9.66473913193	-1
9.66473913193	-1
9.66473913193	-1
9.66473913193	-1
9.66473913193	-1
9.66473913193	-1
9.66473913193	-1
9.66473913193	-1
9.67241597176	-1
9.67241597176	-1
9.67241597176	-1
9.67241597176	-1
9.67241597176	-1
9.67241597176	-1
9.67241597176	-1
9.67241597176	-1
9.68301916122	-1
9.68301916122	-1
9.68301916122	-1
9.68301916122	-1
9.68301916122	-1
9.68301916122	-1
9.68301916122	-1
9.68301916122	-1
9.68841505051	-1
9.6999540329	-1
9.6999540329	-1
9.6999540329	-1
9.6999540329	-1
9.6999540329	-1
9.6999540329	-1
9.6999540329	-1
9.73469018936	-1
9.73479104042	-1
9.73479104042	-1
9.73479104042	-1
9.73479104042	-1
9.73479104042	-1
9.73479104042	-1
9.73479104042	-1
9.73503804207	-1
9.76428103447	-1
9.76428103447	-1
9.76428103447	-1
9.76428103447	-1
9.76428103447	-1
9.76428103447	-1
9.76428103447	-1
9.76428103447	-1
9.7649731636	-1
9.7649731636	-1
9.7649731636	-1
9.7649731636	-1
9.7649731636	-1
9.7649731636	-1
9.7649731636	-1
9.76560711861	-1
9.76674818993	-1
9.76674818993	-1
9.76674818993	-1
9.76674818993	-1
9.76674818993	-1
9.76674818993	-1
9.76674818993	-1
9.7671880722	-1
9.76786112785	-1
9.76786112785	-1
9.76786112785	-1
9.76786112785	-1
9.76786112785	-1
9.76786112785	-1
9.76786112785	-1
9.7684340477	-1
9.76872515678	-1
9.76872515678	-1
9.76872515678	-1
9.76872515678	-1
9.76872515678	-1
9.76872515678	-1
9.76872515678	-1
9.76918005943	-1
9.76960611343	-1
9.76960611343	-1
9.76960611343	-1
9.76960611343	-1
9.76960611343	-1
9.76960611343	-1
9.76960611343	-1
9.76960611343	-1
9.76985001564	-1
9.7699739933	-1
9.7699739933	-1
9.7699739933	-1
9.7699739933	-1
9.7699739933	-1
9.7699739933	-1
9.7699739933	-1
9.77083897591	1
9.77083897591	1
9.77083897591	1
9.77326512337	1
9.79008197784	-1
9.79008197784	-1
9.79008197784	-1
9.79008197784	-1
9.79008197784	-1
9.79008197784	-1
9.79008197784	-1
9.79008197784	-1
9.79182195663	-1
9.79360318184	-1
9.79360318184	-1
9.79360318184	-1
9.79360318184	-1
9.79360318184	-1
9.79360318184	-1
9.79360318184	-1
9.79591703415	-1
9.80098104477	-1
9.80098104477	-1
9.80098104477	-1
9.80098104477	-1
9.80098104477	-1
9.80098104477	-1
9.80098104477	-1
9.80288004875	-1
9.80424213409	-1
9.80424213409	-1
9.80424213409	-1
9.80424213409	-1
9.80424213409	-1
9.80424213409	-1
9.80424213409	-1
9.8057050705	-1
9.81479811668	-1
9.81479811668	-1
9.81479811668	-1
9.81479811668	-1
9.81479811668	-1
9.81479811668	-1
9.81479811668	-1
9.81502819061	-1
9.83280110359	-1
9.83280110359	-1
9.83280110359	-1
9.83280110359	-1
9.83280110359	-1
9.83280110359	-1
9.83280110359	-1
9.83280110359	-1
9.8331489563	-1
9.8331489563	-1
9.8331489563	-1
9.8331489563	-1
9.8331489563	-1
9.8331489563	-1
9.8331489563	-1
9.8333029747	-1
9.83352017403	-1
9.83352017403	-1
9.83352017403	-1
9.83352017403	-1
9.83352017403	-1
9.83352017403	-1
9.83352017403	-1
9.84085917473	1
9.84085917473	1
9.84085917473	1
9.84432196617	-1
9.84432196617	-1
9.84432196617	-1
9.84432196617	-1
9.84432196617	-1
9.84432196617	-1
9.84432196617	-1
9.84432196617	-1
9.8446791172	-1
9.8446791172	-1
9.8446791172	-1
9.8446791172	-1
9.8446791172	-1
9.8446791172	-1
9.8446791172	-1
9.8446791172	-1
9.84504914284	-1
9.84504914284	-1
9.88774704933	1
9.94459605217	-1
9.94459605217	-1
9.94459605217	-1
9.94459605217	-1
9.94459605217	-1
9.94459605217	-1
9.94459605217	-1
9.94476914406	-1
9.94476914406	-1
9.94476914406	-1
9.94476914406	-1
9.94476914406	-1
9.94476914406	-1
9.94476914406	-1
9.94520902634	-1
9.94520902634	-1
9.94520902634	-1
9.94520902634	-1
9.94520902634	-1
9.94520902634	-1
9.94520902634	-1
9.94520902634	-1
9.946570158	-1
9.946570158	-1
9.946570158	-1
9.946570158	-1
9.946570158	-1
9.946570158	-1
9.946570158	-1
9.946570158	-1
9.946570158	-1
9.98104596138	-1
9.98104596138	-1
9.98143100739	-1
9.98143100739	-1
9.98143100739	-1
9.98143100739	-1
9.98143100739	-1
9.98143100739	-1
9.98206615448	-1
9.98206615448	-1
9.98206615448	-1
9.98206615448	-1
9.98206615448	-1
9.98206615448	-1
9.98206615448	-1
9.98292708397	-1
9.98382902145	-1
9.98382902145	-1
9.98382902145	-1
9.98382902145	-1
9.98382902145	-1
9.98382902145	-1
9.98382902145	-1
9.98446011543	1
9.98446011543	1
9.98446011543	1
9.9846701622	-1
9.98538708687	-1
9.98538708687	-1
9.98538708687	-1
9.98538708687	-1
9.98538708687	-1
9.98538708687	-1
9.98538708687	-1
9.98608207703	-1
9.98720908165	-1
9.98720908165	-1
9.98720908165	-1
9.98720908165	-1
9.98720908165	-1
9.98720908165	-1
9.98720908165	-1
9.98767900467	-1
9.98855996132	-1
9.98855996132	-1
9.98855996132	-1
9.98855996132	-1
9.98855996132	-1
9.98855996132	-1
9.98855996132	-1
9.98857116699	1
9.98857116699	1
9.98917603493	-1
9.98958396912	-1
9.98958396912	-1
9.98958396912	-1
9.98958396912	-1
9.98958396912	-1
9.98958396912	-1
9.98958396912	-1
10.0024740696	-1
10.0204761028	-1
10.0204761028	-1
10.0204761028	-1
10.0204761028	-1
10.0204761028	-1
10.0204761028	-1
10.0204761028	-1
10.0204761028	-1
10.0213670731	-1
10.022329092	-1
10.022329092	-1
10.022329092	-1
10.022329092	-1
10.022329092	-1
10.022329092	-1
10.0244381428	-1
10.0244381428	-1
10.0244381428	-1
10.0244381428	-1
10.0244381428	-1
10.0244381428	-1
10.0244381428	-1
10.0244381428	-1
10.0260760784	-1
10.0260760784	-1
10.0260760784	-1
10.0260760784	-1
10.0260760784	-1
10.0260760784	-1
10.0260760784	-1
10.0260760784	-1
10.0273251534	-1
10.0273251534	-1
10.0273251534	-1
10.0273251534	-1
10.0273251534	-1
10.0273251534	-1
10.0273251534	-1
10.0273251534	-1
10.0591971874	-1
10.0591971874	-1
10.0592961311	-1
10.0592961311	-1
10.0592961311	-1
10.0592961311	-1
10.0592961311	-1
10.0592961311	-1
10.059540987	-1
10.059540987	-1
10.059540987	-1
10.059540987	-1
10.059540987	-1
10.059540987	-1
10.059540987	-1
10.059540987	-1
10.0599091053	-1
10.0599091053	-1
10.0599091053	-1
10.0599091053	-1
10.0599091053	-1
10.0599091053	-1
10.0599091053	-1
10.0599091053	-1
10.0624480247	-1
10.0624480247	-1
10.0624480247	-1
10.0624480247	-1
10.0624480247	-1
10.0624480247	-1
10.0624480247	-1
10.0624480247	-1
10.0627031326	1
10.0627031326	1
10.0627031326	1
10.1170010567	-1
10.1170010567	-1
10.1170530319	1
10.1170530319	1
10.1249291897	-1
10.1249291897	-1
10.1249291897	-1
10.1249291897	-1
10.1249291897	-1
10.1249291897	-1
10.1249291897	-1
10.1254220009	-1
10.1254220009	-1
10.1254220009	-1
10.1254220009	-1
10.1254220009	-1
10.1254220009	-1
10.1254220009	-1
10.1264419556	-1
10.1264419556	-1
10.1264419556	-1
10.1264419556	-1
10.1264419556	-1
10.1264419556	-1
10.1264419556	-1
10.1264419556	-1
10.1275160313	-1
10.1275160313	-1
10.1275160313	-1
10.1275160313	-1
10.1275160313	-1
10.1275160313	-1
10.1275160313	-1
10.1275160313	-1
10.1279010773	-1
10.1285171509	-1
10.1285171509	-1
10.1285171509	-1
10.1285171509	-1
10.1285171509	-1
10.1285171509	-1
10.1285171509	-1
10.1298730373	1
10.1298730373	1
10.1298730373	1
10.2319700718	1
10.2319700718	1
10.4221761227	-1
10.4229540825	-1
10.4229540825	-1
10.4229540825	-1
10.4229540825	-1
10.4229540825	-1
10.4229540825	-1
10.4229540825	-1
10.4236700535	-1
10.4236700535	-1
10.4236700535	-1
10.4236700535	-1
10.4236700535	-1
10.4236700535	-1
10.4236700535	-1
10.4236700535	-1
10.4243271351	-1
10.4243271351	-1
10.4243271351	-1
10.4243271351	-1
10.4243271351	-1
10.4243271351	-1
10.4243271351	-1
10.4255759716	1
10.4260959625	-1
10.4260959625	-1
10.4260959625	-1
10.4260959625	-1
10.4260959625	-1
10.4260959625	-1
10.4260959625	-1
10.4260959625	-1
10.4260959625	-1
10.4266409874	-1
10.4266409874	-1
10.4266409874	-1
10.4266409874	-1
10.4266409874	-1
10.4266409874	-1
10.4266409874	-1
10.4288041592	-1
10.4293711185	-1
10.4293711185	-1
10.4293711185	-1
10.4293711185	-1
10.4293711185	-1
10.4293711185	-1
10.4293711185	-1
10.4304189682	-1
10.4315130711	-1
10.4315130711	-1
10.4315130711	-1
10.4315130711	-1
10.4315130711	-1
10.4315130711	-1
10.4315130711	-1
10.4325070381	-1
10.4349319935	-1
10.4349319935	-1
10.4349319935	-1
10.4349319935	-1
10.4349319935	-1
10.4349319935	-1
10.4349319935	-1
10.4349319935	-1
10.4365620613	-1
10.4365620613	-1
10.4365620613	-1
10.4365620613	-1
10.4365620613	-1
10.4365620613	-1
10.4365620613	-1
10.4385771751	-1
10.4385771751	-1
10.4385771751	-1
10.4385771751	-1
10.4385771751	-1
10.4385771751	-1
10.4385771751	-1
10.4385771751	-1
10.4401340485	-1
10.4401340485	-1
10.4401340485	-1
10.4401340485	-1
10.4401340485	-1
10.4401340485	-1
10.4401340485	-1
10.4401340485	-1
10.4407110214	-1
10.4407110214	-1
10.4409980774	-1
10.4409980774	-1
10.4409980774	-1
10.4409980774	-1
10.4409980774	-1
10.4409980774	-1
10.4409980774	-1
10.441204071	-1
10.441204071	-1
10.441204071	-1
10.441204071	-1
10.441204071	-1
10.441204071	-1
10.441204071	-1
10.4414131641	1
10.4414131641	1
10.4414131641	1
10.4416120052	-1
10.4416120052	-1
10.4420411587	-1
10.4420411587	-1
10.4420411587	-1
10.4420411587	-1
10.4420411587	-1
10.4420411587	-1
10.4420411587	-1
10.4420411587	-1
10.4425530434	-1
10.4425530434	-1
10.4425530434	-1
10.4425530434	-1
10.4425530434	-1
10.4425530434	-1
10.4425530434	-1
10.4451999664	-1
10.4451999664	-1
10.4451999664	-1
10.4451999664	-1
10.4451999664	-1
10.4451999664	-1
10.4451999664	-1
10.4451999664	-1
10.4517049789	-1
10.4517049789	-1
10.4517049789	-1
10.4517049789	-1
10.4517049789	-1
10.4517049789	-1
10.4517049789	-1
10.4517049789	-1
10.4520561695	-1
10.4520561695	-1
10.4521780014	-1
10.4521780014	-1
10.4521780014	-1
10.4521780014	-1
10.4521780014	-1
10.4521780014	-1
10.4521780014	-1
10.4524250031	-1
10.4524250031	-1
10.4524250031	-1
10.4524250031	-1
10.4524250031	-1
10.4524250031	-1
10.4524250031	-1
10.4527931213	-1
10.4527931213	-1
10.4527931213	-1
10.4527931213	-1
10.4527931213	-1
10.4527931213	-1
10.4527931213	-1
10.4527931213	-1
10.4531610012	-1
10.4531610012	-1
10.4531610012	-1
10.4531610012	-1
10.4531610012	-1
10.4531610012	-1
10.4531610012	-1
10.4531610012	-1
10.4535291195	-1
10.4535291195	-1
10.4535291195	-1
10.4535291195	-1
10.4535291195	-1
10.4535291195	-1
10.4535291195	-1
10.4535291195	-1
10.4535291195	-1
10.4538991451	-1
10.4538991451	-1
10.4538991451	-1
10.4538991451	-1
10.4538991451	-1
10.4538991451	-1
10.4538991451	-1
10.4539020061	1
10.4539020061	1
10.4542679787	-1
10.4542679787	-1
10.4542679787	-1
10.4542679787	-1
10.4542679787	-1
10.4542679787	-1
10.4542679787	-1
10.4542679787	-1
10.4601199627	1
10.4601199627	1
10.4601199627	1
10.4774200916	1
10.4774200916	1
10.5389111042	-1
10.5390241146	-1
10.5390241146	-1
10.5390241146	-1
10.5390241146	-1
10.5390241146	-1
10.5390241146	-1
10.5390241146	-1
10.5392701626	-1
10.5393919945	-1
10.5393919945	-1
10.5393919945	-1
10.5393919945	-1
10.5395150185	-1
10.5412180424	1
10.5412180424	1
10.5432920456	-1
10.5432920456	-1
10.5432920456	-1
10.5432920456	-1
10.5432920456	-1
10.5432920456	-1
10.5432920456	-1
10.5435290337	-1
10.5435290337	-1
10.5435290337	-1
10.5435290337	-1
10.5435290337	-1
10.5435290337	-1
10.5435290337	-1
10.5438981056	-1
10.5438981056	-1
10.5438981056	-1
10.5438981056	-1
10.5438981056	-1
10.5438981056	-1
10.5438981056	-1
10.5438981056	-1
10.5442659855	-1
10.5442659855	-1
10.544301033	-1
10.544301033	-1
10.544301033	-1
10.544301033	-1
10.544301033	-1
10.544301033	-1
10.544301033	-1
10.5446350574	-1
10.5446350574	-1
10.5446350574	-1
10.5446350574	-1
10.5446350574	-1
10.5446350574	-1
10.5446350574	-1
10.5450041294	-1
10.5450041294	-1
10.5450041294	-1
10.5450041294	-1
10.5450041294	-1
10.5450041294	-1
10.5450041294	-1
10.5450041294	-1
10.5483231544	1
10.5483231544	1
10.5483231544	1
10.5512170792	-1
10.5513319969	-1
10.5513319969	-1
10.5513319969	-1
10.5513319969	-1
10.5513319969	-1
10.5513319969	-1
10.5513319969	-1
10.5515770912	-1
10.5517001152	-1
10.5517001152	-1
10.5517001152	-1
10.5517001152	-1
10.5517001152	-1
10.5517001152	-1
10.5517001152	-1
10.5517001152	-1
10.5520679951	-1
10.5520679951	-1
10.5520679951	-1
10.5520679951	-1
10.5520679951	-1
10.5520679951	-1
10.5520679951	-1
10.5522489548	-1
10.5524380207	-1
10.5524380207	-1
10.5524380207	-1
10.5524380207	-1
10.5524380207	-1
10.5524380207	-1
10.5524380207	-1
10.5526821613	-1
10.5528051853	-1
10.5528051853	-1
10.5528051853	-1
10.5528051853	-1
10.5528051853	-1
10.5528051853	-1
10.5528051853	-1
10.5530509949	-1
10.5571160316	1
10.5571160316	1
10.5596749783	-1
10.5596749783	-1
10.5596749783	-1
10.5596749783	-1
10.5596749783	-1
10.5596749783	-1
10.5596749783	-1
10.5596749783	-1
10.5599119663	-1
10.5599119663	-1
10.5599119663	-1
10.5599119663	-1
10.5601570606	-1
10.5601570606	-1
10.5601570606	-1
10.5601570606	-1
10.5601570606	-1
10.5601570606	-1
10.5601570606	-1
10.5601570606	-1
10.5605261326	-1
10.5605261326	-1
10.5605261326	-1
10.5605261326	-1
10.5605261326	-1
10.5605261326	-1
10.5605261326	-1
10.5605261326	-1
10.5608971119	-1
10.5608971119	-1
10.563999176	1
10.563999176	1
10.563999176	1
10.5815360546	1
10.5815360546	1
10.6011340618	1
10.6011340618	1
10.6011340618	1
10.8343670368	-1
10.8346590996	-1
10.8346590996	-1
10.8346590996	-1
10.8346590996	-1
10.8346590996	-1
10.8346590996	-1
10.8346590996	-1
10.9025650024	-1
10.9025650024	-1
10.9025650024	-1
10.9025650024	-1
10.9025650024	-1
10.9025650024	-1
10.9025650024	-1
10.9025650024	-1
10.9066810608	-1
10.9066810608	-1
10.9066810608	-1
10.9066810608	-1
10.9066810608	-1
10.9066810608	-1
10.9066810608	-1
10.9162430763	-1
10.9162430763	-1
10.9162430763	-1
10.9162430763	-1
10.9162430763	-1
10.9162430763	-1
10.9162430763	-1
10.9162430763	-1
10.9162430763	-1
10.9184541702	-1
10.9184541702	-1
10.9184541702	-1
10.9184541702	-1
10.9184541702	-1
10.9184541702	-1
10.9184541702	-1
10.9199581146	1
10.9207880497	-1
10.9239420891	-1
10.9239420891	-1
10.9239420891	-1
10.9239420891	-1
10.9239420891	-1
10.9239420891	-1
10.9239420891	-1
10.9264400005	-1
10.928508997	-1
10.928508997	-1
10.928508997	-1
10.928508997	-1
10.928508997	-1
10.928508997	-1
10.928508997	-1
10.9298801422	-1
10.9324810505	-1
10.9324810505	-1
10.9324810505	-1
10.9324810505	-1
10.9324810505	-1
10.9324810505	-1
10.9324810505	-1
10.9324810505	-1
10.9338941574	-1
10.9338941574	-1
10.9338941574	-1
10.9338941574	-1
10.9338941574	-1
10.9338941574	-1
10.9338941574	-1
10.9370510578	-1
10.9370510578	-1
10.9370510578	-1
10.9370510578	-1
10.9370510578	-1
10.9370510578	-1
10.9370510578	-1
10.9370510578	-1
10.9397110939	-1
10.9397110939	-1
10.9397110939	-1
10.9408149719	-1
10.9423110485	-1
10.9423110485	-1
10.9423110485	-1
10.9423110485	-1
10.9423110485	-1
10.9423110485	-1
10.9423110485	-1
10.9466130733	-1
10.9466609955	-1
10.9466609955	-1
10.9466609955	-1
10.9466609955	-1
10.9466609955	-1
10.9466609955	-1
10.9466609955	-1
10.9492340088	-1
10.9492340088	-1
10.9492340088	-1
10.9492340088	-1
10.9515881538	-1
10.9515881538	-1
10.9515881538	-1
10.9515881538	-1
10.9515881538	-1
10.9515881538	-1
10.9515881538	-1
10.9538621902	-1
10.9539079666	-1
10.9539079666	-1
10.9539079666	-1
10.9539079666	-1
10.9539079666	-1
10.9539079666	-1
10.9539079666	-1
10.9560520649	-1
10.9560520649	-1
10.9560520649	-1
10.9560520649	-1
10.9560520649	-1
10.9560520649	-1
10.9560520649	-1
10.9560520649	-1
10.958204031	-1
10.958204031	-1
10.958204031	-1
10.958204031	-1
10.958204031	-1
10.958204031	-1
10.958204031	-1
10.958204031	-1
10.9601891041	-1
10.9601891041	-1
10.9608721733	-1
10.9608721733	-1
10.9608721733	-1
10.9608721733	-1
10.9608721733	-1
10.9608721733	-1
10.9618060589	1
10.9618060589	1
10.9618060589	1
10.9622061253	-1
10.9622061253	-1
10.9622061253	-1
10.9622061253	-1
10.9622061253	-1
10.9622061253	-1
10.9622061253	-1
10.9622061253	-1
10.9625329971	1
10.9625329971	1
10.9633719921	-1
10.9633719921	-1
10.9633719921	-1
10.9633719921	-1
10.9633719921	-1
10.9633719921	-1
10.9633719921	-1
10.9633719921	-1
10.9647879601	-1
10.9647879601	-1
10.9647879601	-1
10.9647879601	-1
10.9647879601	-1
10.9647879601	-1
10.9647879601	-1
10.9647879601	-1
10.9698271751	-1
10.9698271751	-1
10.9698271751	-1
10.9698271751	-1
10.9698271751	-1
10.9698271751	-1
10.9698271751	-1
10.9698271751	-1
10.98351717	-1
10.98351717	-1
10.98351717	-1
10.98351717	-1
10.98351717	-1
10.98351717	-1
10.98351717	-1
10.98351717	-1
10.9838831425	-1
10.9838831425	-1
10.9838831425	-1
10.9840040207	-1
10.9840040207	-1
10.9840040207	-1
10.9840040207	-1
10.9840040207	-1
10.9840040207	-1
10.9842531681	-1
10.9842531681	-1
10.9842531681	-1
10.9842531681	-1
10.9842531681	-1
10.9842531681	-1
10.9842531681	-1
10.9842531681	-1
10.9870500565	1
10.9870500565	1
10.9870500565	1
10.9916450977	-1
10.9916450977	-1
10.9916450977	-1
10.9916450977	-1
10.9916450977	-1
10.9916450977	-1
10.9916450977	-1
10.9916450977	-1
10.9920110703	-1
10.9920110703	-1
10.9920110703	-1
10.9920110703	-1
10.9920110703	-1
10.9920110703	-1
10.9920110703	-1
10.9920110703	-1
10.9923801422	-1
10.9923801422	-1
10.9923801422	-1
10.9923801422	-1
10.9923801422	-1
10.9923801422	-1
10.9923801422	-1
10.9923801422	-1
10.9927279949	-1
10.9927279949	-1
10.9927279949	-1
10.9927279949	-1
10.9927279949	-1
10.9927279949	-1
10.9927279949	-1
10.9927279949	-1
10.9931180477	-1
10.9931180477	-1
10.9931180477	-1
10.9931180477	-1
10.9931180477	-1
10.9931180477	-1
10.9931180477	-1
10.9931180477	-1
10.9934561253	-1
10.9934561253	-1
10.9934561253	-1
10.9934561253	-1
10.9934561253	-1
10.9934561253	-1
10.9934561253	-1
10.9934561253	-1
10.9937319756	-1
10.9937319756	-1
10.9937319756	-1
10.9937319756	-1
10.9937319756	-1
10.9937319756	-1
10.9937319756	-1
10.9941020012	-1
10.9941020012	-1
10.9941020012	-1
10.9941020012	-1
10.9941020012	-1
10.9941020012	-1
10.9941020012	-1
10.9941020012	-1
11.0180640221	-1
11.0180640221	-1
11.0180640221	-1
11.0180640221	-1
11.0180640221	-1
11.0180640221	-1
11.0180640221	-1
11.0180640221	-1
11.0184290409	-1
11.0184290409	-1
11.0185520649	-1
11.0185520649	-1
11.0185520649	-1
11.0185520649	-1
11.0185520649	-1
11.0185520649	-1
11.0295290947	-1
11.0295290947	-1
11.0295290947	-1
11.0295290947	-1
11.0295290947	-1
11.0295290947	-1
11.0295290947	-1
11.0295290947	-1
11.0385000706	1
11.0385210514	-1
11.0385210514	-1
11.0385210514	-1
11.0385210514	-1
11.0385210514	-1
11.0385210514	-1
11.0385210514	-1
11.0385210514	-1
11.0389690399	-1
11.0389690399	-1
11.0389690399	-1
11.0389690399	-1
11.0389690399	-1
11.0389690399	-1
11.0389690399	-1
11.0389690399	-1
11.0393371582	-1
11.0393371582	-1
11.0393371582	-1
11.0393371582	-1
11.0393371582	-1
11.0393371582	-1
11.0393371582	-1
11.0393371582	-1
11.0469651222	-1
11.0469651222	-1
11.0469651222	-1
11.0469651222	-1
11.0469651222	-1
11.0469651222	-1
11.0469651222	-1
11.0469651222	-1
11.0469651222	-1
11.101678133	-1
11.101678133	-1
11.101678133	-1
11.101678133	-1
11.101678133	-1
11.101678133	-1
11.101678133	-1
11.1246070862	1
11.1246070862	1
11.1246070862	1
11.1248171329	1
11.1248171329	1
11.1248171329	1
11.1248171329	1
11.1248171329	1
11.1527299881	-1
11.1547839642	-1
11.1547839642	-1
11.1547839642	-1
11.1547839642	-1
11.1547839642	-1
11.1547839642	-1
11.1547839642	-1
11.1547839642	-1
11.1577260494	-1
11.1603269577	-1
11.1603269577	-1
11.1603269577	-1
11.1603269577	-1
11.1603269577	-1
11.1603269577	-1
11.1650161743	-1
11.1650161743	-1
11.1650161743	-1
11.1650161743	-1
11.1650161743	-1
11.1650161743	-1
11.1650161743	-1
11.1650161743	-1
11.1716930866	-1
11.1716930866	-1
11.1716930866	-1
11.1716930866	-1
11.1716930866	-1
11.1716930866	-1
11.1716930866	-1
11.1716930866	-1
11.181481123	-1
11.181481123	-1
11.181481123	-1
11.181481123	-1
11.181481123	-1
11.181481123	-1
11.181481123	-1
11.181481123	-1
11.191516161	-1
11.191516161	-1
11.1991140842	-1
11.1991140842	-1
11.1991140842	-1
11.1991140842	-1
11.1991140842	-1
11.1991140842	-1
11.2082259655	-1
11.2082259655	-1
11.2082259655	-1
11.2082259655	-1
11.2082259655	-1
11.2082259655	-1
11.2082259655	-1
11.2082259655	-1
11.2155311108	-1
11.2155311108	-1
11.2231559753	-1
11.2231559753	-1
11.2231559753	-1
11.2231559753	-1
11.2231559753	-1
11.2231559753	-1
11.2231559753	-1
11.230754137	-1
11.2308590412	-1
11.2308590412	-1
11.2308590412	-1
11.2308590412	-1
11.2308590412	-1
11.2356281281	-1
11.2402839661	-1
11.2402839661	-1
11.2402839661	-1
11.2402839661	-1
11.2402839661	-1
11.2402839661	-1
11.2490401268	-1
11.2490401268	-1
11.2490401268	-1
11.2490401268	-1
11.2490401268	-1
11.2490401268	-1
11.2490401268	-1
11.2490401268	-1
11.2574231625	-1
11.2574231625	-1
11.2574231625	-1
11.2574231625	-1
11.2574231625	-1
11.2574231625	-1
11.2574231625	-1
11.2574231625	-1
11.2586610317	1
11.2586610317	1
11.2586610317	1
11.2649719715	-1
11.2649719715	-1
11.2649719715	-1
11.2649719715	-1
11.2649719715	-1
11.2649719715	-1
11.2649719715	-1
11.2649719715	-1
11.2757639885	-1
11.2757639885	-1
11.2758181095	-1
11.2758181095	-1
11.2758181095	-1
11.2758181095	-1
11.2758181095	-1
11.2758181095	-1
11.2827000618	-1
11.2827000618	-1
11.2827000618	-1
11.2827000618	-1
11.2827000618	-1
11.2827000618	-1
11.2827000618	-1
11.2827000618	-1
11.2901861668	-1
11.2901861668	-1
11.2901861668	-1
11.2901861668	-1
11.2901861668	-1
11.2901861668	-1
11.2901861668	-1
11.2901861668	-1
11.2988040447	-1
11.2988040447	-1
11.2988040447	-1
11.2988040447	-1
11.2988040447	-1
11.2988040447	-1
11.2988040447	-1
11.2988040447	-1
11.30392313	-1
11.313657999	-1
11.313657999	-1
11.313657999	-1
11.313657999	-1
11.313657999	-1
11.313657999	-1
11.313657999	-1
11.318073988	-1
11.3236851692	-1
11.3236851692	-1
11.3236851692	-1
11.3236851692	-1
11.3236851692	-1
11.3236851692	-1
11.3236851692	-1
11.3303010464	-1
11.3370401859	-1
11.3370401859	-1
11.3370401859	-1
11.3370401859	-1
11.3370401859	-1
11.3370401859	-1
11.3370401859	-1
11.3497550488	-1
11.3497550488	-1
11.3497550488	-1
11.3497550488	-1
11.3497550488	-1
11.3497550488	-1
11.3497550488	-1
11.3513391018	1
11.3513391018	1
11.3513391018	1
11.3696391582	-1
11.3696391582	-1
11.3696391582	-1
11.3767240047	-1
11.3767240047	-1
11.3767240047	-1
11.3767240047	-1
11.3767240047	-1
11.3767240047	-1
11.3885071278	-1
11.3885071278	-1
11.3885071278	-1
11.3885071278	-1
11.3885071278	-1
11.3885071278	-1
11.3885071278	-1
11.3885071278	-1
11.3972849846	-1
11.3972849846	-1
11.3972849846	-1
11.3972849846	-1
11.3972849846	-1
11.3972849846	-1
11.3972849846	-1
11.3972849846	-1
11.4042890072	-1
11.4042890072	-1
11.4042890072	-1
11.4042890072	-1
11.4042890072	-1
11.4042890072	-1
11.4042890072	-1
11.4042890072	-1
11.4115991592	-1
11.4115991592	-1
11.4141590595	-1
11.4141590595	-1
11.4141590595	-1
11.4141590595	-1
11.4141590595	-1
11.4141590595	-1
11.4212040901	-1
11.4212040901	-1
11.4212040901	-1
11.4212040901	-1
11.4212040901	-1
11.4212040901	-1
11.4212040901	-1
11.4212040901	-1
11.4273471832	-1
11.4273471832	-1
11.4273471832	-1
11.4273471832	-1
11.4273471832	-1
11.4273471832	-1
11.4273471832	-1
11.4273471832	-1
11.4324681759	-1
11.4324681759	-1
11.4324681759	-1
11.4324681759	-1
11.4324681759	-1
11.4324681759	-1
11.4324681759	-1
11.4324681759	-1
11.4448981285	-1
11.4448981285	-1
11.4448981285	-1
11.4448981285	-1
11.4448981285	-1
11.4448981285	-1
11.4448981285	-1
11.4448981285	-1
11.4515311718	-1
11.4532120228	-1
11.4532120228	-1
11.4532120228	-1
11.4532120228	-1
11.4532120228	-1
11.4532120228	-1
11.4532120228	-1
11.466012001	-1
11.466012001	-1
11.466012001	-1
11.466012001	-1
11.466012001	-1
11.466012001	-1
11.466012001	-1
11.466012001	-1
11.4786880016	-1
11.4786880016	-1
11.4786880016	-1
11.4853630066	-1
11.4860429764	1
11.4860429764	1
11.4860429764	1
11.4938440323	-1
11.4938440323	-1
11.4938440323	-1
11.4938440323	-1
11.4938440323	-1
11.4938440323	-1
11.4938440323	-1
11.4987580776	-1
11.5027291775	-1
11.5027291775	-1
11.5027291775	-1
11.5027291775	-1
11.5027291775	-1
11.5027291775	-1
11.5027291775	-1
11.5072140694	-1
11.5072140694	-1
11.5166051388	-1
11.5166051388	-1
11.5166051388	-1
11.5166051388	-1
11.5166051388	-1
11.5166051388	-1
11.5166051388	-1
11.5166339874	1
11.5216109753	-1
11.5258090496	-1
11.5258090496	-1
11.5258090496	-1
11.5258090496	-1
11.5258090496	-1
11.5258090496	-1
11.5258090496	-1
11.5310730934	-1
11.5348310471	-1
11.5348310471	-1
11.5348310471	-1
11.5348310471	-1
11.5348310471	-1
11.5348310471	-1
11.5348310471	-1
11.539203167	-1
11.5440139771	-1
11.5440139771	-1
11.5440139771	-1
11.5440139771	-1
11.5440139771	-1
11.5440139771	-1
11.5440139771	-1
11.5486340523	-1
11.5605649948	-1
11.5605649948	-1
11.5605649948	-1
11.5605649948	-1
11.5605649948	-1
11.5605649948	-1
11.5605649948	-1
11.5673661232	-1
11.5755770206	-1
11.5755770206	-1
11.5755770206	-1
11.5755770206	-1
11.5755770206	-1
11.5755770206	-1
11.5755770206	-1
11.5952601433	-1
11.5952601433	-1
11.5952601433	-1
11.5952601433	-1
11.5952601433	-1
11.5952601433	-1
11.5952601433	-1
11.5952601433	-1
11.6105589867	-1
11.6105589867	-1
11.6105589867	-1
11.6105589867	-1
11.6105589867	-1
11.6105589867	-1
11.6105589867	-1
11.6105589867	-1
11.6279790401	-1
11.6279790401	-1
11.6338140965	-1
11.6338140965	-1
11.6338140965	-1
11.6338140965	-1
11.6338140965	-1
11.6338140965	-1
11.6338529587	1
11.6496660709	-1
11.6496660709	-1
11.6496660709	-1
11.6496660709	-1
11.6496660709	-1
11.6496660709	-1
11.6496660709	-1
11.6496660709	-1
11.6670329571	-1
11.6670329571	-1
11.6670329571	-1
11.6670329571	-1
11.6670329571	-1
11.6670329571	-1
11.6670329571	-1
11.6670329571	-1
11.6839900017	-1
11.6839900017	-1
11.6839900017	-1
11.6839900017	-1
11.6839900017	-1
11.6839900017	-1
11.6839900017	-1
11.6839900017	-1
11.706084013	-1
11.706084013	-1
11.706084013	-1
11.7146041393	-1
11.7146041393	-1
11.7146041393	-1
11.7146041393	-1
11.7146041393	-1
11.7146041393	-1
11.7286331654	-1
11.7286331654	-1
11.7286331654	-1
11.7286331654	-1
11.7286331654	-1
11.7286331654	-1
11.7286331654	-1
11.7286331654	-1
11.7418801785	-1
11.7418801785	-1
11.7418801785	-1
11.7418801785	-1
11.7418801785	-1
11.7418801785	-1
11.7418801785	-1
11.7418801785	-1
11.7537801266	-1
11.7537801266	-1
11.7537801266	-1
11.7537801266	-1
11.7537801266	-1
11.7537801266	-1
11.7537801266	-1
11.7537801266	-1
11.753811121	1
11.7725570202	-1
11.7725570202	-1
11.7726621628	-1
11.7726621628	-1
11.7726621628	-1
11.7726621628	-1
11.7726621628	-1
11.7726621628	-1
11.7856640816	-1
11.7856640816	-1
11.7856640816	-1
11.7856640816	-1
11.7856640816	-1
11.7856640816	-1
11.7856640816	-1
11.7856640816	-1
11.7993631363	-1
11.7993631363	-1
11.7993631363	-1
11.7993631363	-1
11.7993631363	-1
11.7993631363	-1
11.7993631363	-1
11.7993631363	-1
11.8091750145	-1
11.8091750145	-1
11.8091750145	-1
11.8091750145	-1
11.8091750145	-1
11.8091750145	-1
11.8091750145	-1
11.8091750145	-1
11.8130471706	-1
11.8205089569	-1
11.8226890564	-1
11.8226890564	-1
11.8226890564	-1
11.8226890564	-1
11.8226890564	-1
11.8226890564	-1
11.8349781036	-1
11.8349781036	-1
11.8349781036	-1
11.8349781036	-1
11.8349781036	-1
11.8349781036	-1
11.8349781036	-1
11.8349781036	-1
11.8477051258	-1
11.8477051258	-1
11.8477051258	-1
11.8477051258	-1
11.8477051258	-1
11.8477051258	-1
11.8477051258	-1
11.8535740376	-1
11.8614871502	-1
11.8614871502	-1
11.8614871502	-1
11.8614871502	-1
11.8614871502	-1
11.8614871502	-1
11.8614871502	-1
11.8689889908	-1
11.8690011501	1
11.8690011501	1
11.8779799938	-1
11.8779799938	-1
11.8779799938	-1
11.8779799938	-1
11.8779799938	-1
11.8779799938	-1
11.9052860737	-1
11.9052860737	-1
11.9052860737	-1
11.9052860737	-1
11.9052860737	-1
11.9052860737	-1
11.9052860737	-1
11.9052860737	-1
11.9259080887	-1
11.9259080887	-1
11.9259080887	-1
11.9259080887	-1
11.9259080887	-1
11.9259080887	-1
11.9259080887	-1
11.9259080887	-1
11.9369881153	-1
11.944051981	-1
11.944051981	-1
11.944051981	-1
11.944051981	-1
11.944051981	-1
11.944051981	-1
11.944051981	-1
11.9617040157	-1
11.9617040157	-1
11.9690361023	-1
11.9690361023	-1
11.9690361023	-1
11.9690361023	-1
11.9690361023	-1
11.9690361023	-1
11.979501009	-1
11.979501009	-1
11.979501009	-1
11.979501009	-1
11.979501009	-1
11.979501009	-1
11.979501009	-1
11.979501009	-1
12.0345971584	1
12.058521986	-1
12.0886659622	-1
12.0886659622	-1
12.0886659622	-1
12.0886659622	-1
12.0886659622	-1
12.0886659622	-1
12.0886659622	-1
12.0886659622	-1
12.0942351818	-1
12.0942351818	-1
12.0942351818	-1
12.0942351818	-1
12.0942351818	-1
12.0942351818	-1
12.0942351818	-1
12.0996010303	-1
12.0996010303	-1
12.1028571129	-1
12.1028571129	-1
12.1028571129	-1
12.1028571129	-1
12.1028571129	-1
12.1028571129	-1
12.1130571365	-1
12.1130571365	-1
12.1130571365	-1
12.1130571365	-1
12.1130571365	-1
12.1130571365	-1
12.1130571365	-1
12.1130571365	-1
12.1216161251	-1
12.1216161251	-1
12.1216161251	-1
12.1216161251	-1
12.1216161251	-1
12.1216161251	-1
12.1216161251	-1
12.1216161251	-1
12.1247479916	-1
12.1247479916	-1
12.1247479916	-1
12.1247479916	-1
12.1292440891	-1
12.1372871399	-1
12.1372871399	-1
12.1372871399	-1
12.1372871399	-1
12.1372871399	-1
12.1372871399	-1
12.1422581673	-1
12.1422581673	-1
12.1422581673	-1
12.1422581673	-1
12.1422581673	-1
12.1422581673	-1
12.1422581673	-1
12.1446461678	-1
12.1471540928	-1
12.1471540928	-1
12.1471540928	-1
12.1471540928	-1
12.1471540928	-1
12.1471540928	-1
12.1471540928	-1
12.1510031223	1
12.1510031223	1
12.1515061855	-1
12.1539301872	-1
12.1539301872	-1
12.1539301872	-1
12.1539301872	-1
12.1539301872	-1
12.1539301872	-1
12.1539301872	-1
12.156388998	-1
12.159070015	-1
12.159070015	-1
12.159070015	-1
12.159070015	-1
12.159070015	-1
12.159070015	-1
12.159070015	-1
12.1613659859	-1
12.1661140919	-1
12.1661140919	-1
12.1661140919	-1
12.1661140919	-1
12.1661140919	-1
12.1661140919	-1
12.1661140919	-1
12.1682651043	-1
12.1698009968	-1
12.1698009968	-1
12.1698009968	-1
12.1698009968	-1
12.1698009968	-1
12.1698009968	-1
12.1698009968	-1
12.1712341309	-1
12.1734759808	-1
12.1734759808	-1
12.1734759808	-1
12.1734759808	-1
12.1734759808	-1
12.1734759808	-1
12.1734759808	-1
12.1772451401	-1
12.1772451401	-1
12.1772451401	-1
12.1772451401	-1
12.1772451401	-1
12.1772451401	-1
12.1772451401	-1
12.1772451401	-1
12.1781811714	-1
12.291629076	-1
12.7912671566	-1
12.7918989658	1
12.7943601608	-1
12.7943601608	-1
12.7943601608	-1
12.7943601608	-1
12.7943601608	-1
12.7943601608	-1
12.7951140404	-1
12.7951140404	-1
12.7951140404	-1
12.7951140404	-1
12.7951140404	-1
12.7951140404	-1
12.7951140404	-1
12.796585083	-1
12.7980179787	-1
12.7980179787	-1
12.7980179787	-1
12.7980179787	-1
12.7980179787	-1
12.7980179787	-1
12.7980179787	-1
12.7995121479	-1
12.8013601303	-1
12.8013601303	-1
12.8013601303	-1
12.8013601303	-1
12.8013601303	-1
12.8048040867	-1
12.8084280491	-1
12.8084280491	-1
12.8084280491	-1
12.8084280491	-1
12.8084280491	-1
12.8084280491	-1
12.8084280491	-1
12.810311079	-1
12.8120729923	-1
12.8120729923	-1
12.8120729923	-1
12.8120729923	-1
12.8120729923	-1
12.8120729923	-1
12.8120729923	-1
12.8131160736	-1
12.8158271313	-1
12.8158271313	-1
12.8158271313	-1
12.8158271313	-1
12.8158271313	-1
12.8158271313	-1
12.8158271313	-1
12.8166501522	1
12.8166501522	1
12.8166501522	1
12.8168530464	-1
12.8180229664	-1
12.8180229664	-1
12.8180229664	-1
12.8180229664	-1
12.8180229664	-1
12.8180229664	-1
12.8180229664	-1
12.8189091682	-1
12.8194611073	-1
12.8194611073	-1
12.8194611073	-1
12.8194611073	-1
12.8194611073	-1
12.8194611073	-1
12.8194611073	-1
12.8197510242	-1
13.1236140728	1
13.2381291389	1
13.3619031906	-1
13.3622150421	-1
13.3622150421	-1
13.3622150421	-1
13.3622150421	-1
13.3622150421	-1
13.3622150421	-1
13.3622150421	-1
13.3626050949	-1
13.3626050949	-1
13.3626050949	-1
13.3626050949	-1
13.3626050949	-1
13.3626050949	-1
13.3626050949	-1
13.3633420467	-1
13.3633420467	-1
13.3633420467	-1
13.3633420467	-1
13.3633420467	-1
13.3633420467	-1
13.3633420467	-1
13.3633420467	-1
13.3647429943	-1
13.3647429943	-1
13.3647429943	-1
13.3647429943	-1
13.3647429943	-1
13.3647429943	-1
13.3647429943	-1
13.3647429943	-1
13.3648991585	1
13.3656101227	-1
13.3674869537	-1
13.3674869537	-1
13.3674869537	-1
13.3674869537	-1
13.3674869537	-1
13.3674869537	-1
13.3674869537	-1
13.3685510159	-1
13.3703410625	-1
13.3703410625	-1
13.3703410625	-1
13.3703410625	-1
13.3703410625	-1
13.3703410625	-1
13.3703410625	-1
13.3718760014	-1
13.3789420128	-1
13.3789420128	-1
13.3789420128	-1
13.3789420128	-1
13.3789420128	-1
13.3789420128	-1
13.3789420128	-1
13.379171133	-1
13.3792481422	-1
13.3792481422	-1
13.3792481422	-1
13.3792481422	-1
13.3794150352	-1
13.3795380592	-1
13.3795380592	-1
13.3795380592	-1
13.3795380592	-1
13.3795380592	-1
13.3795380592	-1
13.3797850609	-1
13.3797850609	-1
13.3797850609	-1
13.3797850609	-1
13.3797850609	-1
13.4780421257	-1
13.4780421257	-1
13.4780421257	-1
13.4780421257	-1
13.4780421257	-1
13.4780421257	-1
13.4780421257	-1
13.4782881737	-1
13.4784100056	-1
13.4784100056	-1
13.4784100056	-1
13.4784100056	-1
13.4784100056	-1
13.4784100056	-1
13.4784100056	-1
13.4786560535	-1
13.4787790775	-1
13.4787790775	-1
13.4787790775	-1
13.4787790775	-1
13.4787790775	-1
13.4787790775	-1
13.4787790775	-1
13.4789330959	-1
13.4789330959	-1
13.4789330959	-1
13.4789330959	-1
13.4789330959	-1
13.4789330959	-1
13.4789330959	-1
13.4789330959	-1
13.4831290245	1
13.4831290245	1
13.483328104	-1
13.483328104	-1
13.4833610058	-1
13.4833610058	-1
13.4833610058	-1
13.4833610058	-1
13.4833610058	-1
13.4833610058	-1
13.4836940765	-1
13.4836940765	-1
13.4836940765	-1
13.4836940765	-1
13.4836940765	-1
13.4836940765	-1
13.4836940765	-1
13.4836940765	-1
13.4840631485	-1
13.4840631485	-1
13.4840631485	-1
13.4840631485	-1
13.4840631485	-1
13.4840631485	-1
13.4840631485	-1
13.4840631485	-1
13.484431982	-1
13.484431982	-1
13.484431982	-1
13.484431982	-1
13.484431982	-1
13.484431982	-1
13.484431982	-1
13.484431982	-1
13.493625164	-1
13.493625164	-1
13.4938321114	-1
13.4938321114	-1
13.4938321114	-1
13.4938321114	-1
13.4938321114	-1
13.4938321114	-1
13.4939591885	-1
13.6344640255	1
13.7104730606	-1
13.7113809586	-1
13.7113809586	-1
13.7113809586	-1
13.7113809586	-1
13.7113809586	-1
13.7113809586	-1
13.7113809586	-1
13.7120649815	-1
13.7120649815	-1
13.7120649815	-1
13.7120649815	-1
13.7120649815	-1
13.7120649815	-1
13.7120649815	-1
13.7144041061	-1
13.7144041061	-1
13.7144041061	-1
13.7144041061	-1
13.7144041061	-1
13.7144041061	-1
13.7144041061	-1
13.7144041061	-1
13.7144041061	-1
13.7282881737	-1
13.7282881737	-1
13.7297420502	-1
13.7297420502	-1
13.7297420502	-1
13.7297420502	-1
13.7297420502	-1
13.7297420502	-1
13.7309479713	-1
13.7309479713	-1
13.7309479713	-1
13.7309479713	-1
13.7309479713	-1
13.7309479713	-1
13.7309479713	-1
13.7322421074	-1
13.7331211567	-1
13.7331211567	-1
13.7331211567	-1
13.7331211567	-1
13.7331211567	-1
13.7331211567	-1
13.7331211567	-1
13.7491669655	1
13.8494620323	-1
13.8494620323	-1
13.8494620323	-1
13.8494620323	-1
13.8494620323	-1
13.8494620323	-1
13.8494620323	-1
13.8494620323	-1
13.8504700661	-1
13.8586549759	-1
13.8586549759	-1
13.8586549759	-1
13.8586549759	-1
13.8586549759	-1
13.8586549759	-1
13.8586549759	-1
13.8586549759	-1
13.8617050648	-1
13.8617050648	-1
13.8617050648	-1
13.8617050648	-1
13.8617050648	-1
13.8617050648	-1
13.8617050648	-1
13.8647761345	-1
13.8647761345	-1
13.8647761345	-1
13.8647761345	-1
13.8647761345	-1
13.8647761345	-1
13.8647761345	-1
13.8697731495	-1
13.8697731495	-1
13.8697731495	-1
13.8697731495	-1
13.8697731495	-1
13.8697731495	-1
13.8697731495	-1
13.8697731495	-1
13.8738920689	-1
13.8738920689	-1
13.8751180172	1
13.8776781559	-1
13.8776781559	-1
13.8776781559	-1
13.8776781559	-1
13.8776781559	-1
13.8776781559	-1
13.8776781559	-1
13.8815481663	-1
13.8815481663	-1
13.8815481663	-1
13.8815481663	-1
13.8815481663	-1
13.8815481663	-1
13.8815481663	-1
13.9638810158	-1
14.0265080929	1
14.078649044	-1
14.078649044	-1
14.078649044	-1
14.078649044	-1
14.078649044	-1
14.078649044	-1
14.078649044	-1
14.078649044	-1
14.08061409	-1
14.08061409	-1
14.08061409	-1
14.08061409	-1
14.0837550163	-1
14.0837550163	-1
14.0854690075	-1
14.0854690075	-1
14.0854690075	-1
14.0854690075	-1
14.0854690075	-1
14.0854690075	-1
14.0854690075	-1
14.087321043	-1
14.087321043	-1
14.087321043	-1
14.087321043	-1
14.087321043	-1
14.087321043	-1
14.087321043	-1
14.0912520885	-1
14.0912520885	-1
14.0912520885	-1
14.0912520885	-1
14.0912520885	-1
14.0912520885	-1
14.0912520885	-1
14.0912520885	-1
14.0940570831	-1
14.0940570831	-1
14.0940570831	-1
14.0940570831	-1
14.0940570831	-1
14.0940570831	-1
14.0940570831	-1
14.0940570831	-1
14.0967521667	-1
14.0967521667	-1
14.0967969894	-1
14.0967969894	-1
14.0967969894	-1
14.0967969894	-1
14.0967969894	-1
14.0967969894	-1
14.0967969894	-1
14.0977270603	-1
14.0977270603	-1
14.0977270603	-1
14.0977270603	-1
14.0977270603	-1
14.0977270603	-1
14.0977270603	-1
14.1240420341	1
14.1240420341	1
14.1240420341	1
14.1937470436	-1
14.2106251717	-1
14.2106251717	-1
14.2106251717	-1
14.2106251717	-1
14.2106251717	-1
14.2106251717	-1
14.2106251717	-1
14.2106251717	-1
14.2119591236	-1
14.2119591236	-1
14.2119591236	-1
14.2119591236	-1
14.2119591236	-1
14.2119591236	-1
14.2119591236	-1
14.2164900303	-1
14.2164900303	-1
14.2186210155	-1
14.2186210155	-1
14.2186210155	-1
14.2186210155	-1
14.2186210155	-1
14.2186210155	-1
14.2186210155	-1
14.2221240997	-1
14.2221240997	-1
14.2221240997	-1
14.2221240997	-1
14.2221240997	-1
14.2221240997	-1
14.2221240997	-1
14.3000760078	1
14.3000760078	1
14.3251240253	-1
14.3939311504	1
14.3939311504	1
14.3939311504	1
14.4461171627	-1
14.4461171627	-1
14.4461171627	-1
14.4461171627	-1
14.4461171627	-1
14.4461171627	-1
14.4461171627	-1
14.4461171627	-1
14.4479901791	-1
14.4479901791	-1
14.4479901791	-1
14.4479901791	-1
14.4479901791	-1
14.4479901791	-1
14.4479901791	-1
14.4540300369	-1
14.4540300369	-1
14.4603171349	-1
14.4603171349	-1
14.4603171349	-1
14.4633271694	-1
14.4633271694	-1
14.4633271694	-1
14.4633271694	-1
14.4633271694	-1
14.4633271694	-1
14.4633271694	-1
14.4664411545	-1
14.4664411545	-1
14.4664411545	-1
14.4664411545	-1
14.4664411545	-1
14.4664411545	-1
14.4664411545	-1
14.4675569534	1
14.4675569534	1
14.4675569534	1
14.4730460644	-1
14.4730460644	-1
14.4750030041	-1
14.4750030041	-1
14.4750030041	-1
14.4750030041	-1
14.4750030041	-1
14.4750030041	-1
14.4750030041	-1
14.4766919613	-1
14.4766919613	-1
14.4766919613	-1
14.4766919613	-1
14.4766919613	-1
14.4766919613	-1
14.4766919613	-1
14.4791109562	-1
14.5111470222	-1
14.5111470222	-1
14.5111470222	-1
14.5111470222	-1
14.5111470222	-1
14.5111470222	-1
14.5111470222	-1
14.5111470222	-1
14.5126299858	-1
14.5126299858	-1
14.5126299858	-1
14.5126299858	-1
14.5126299858	-1
14.5126299858	-1
14.5126299858	-1
14.516502142	-1
14.516502142	-1
14.5175471306	-1
14.5175471306	-1
14.5175471306	-1
14.5175471306	-1
14.5175471306	-1
14.5175471306	-1
14.5175471306	-1
14.5762140751	-1
14.5770940781	-1
14.5770940781	-1
14.5770940781	-1
14.5770940781	-1
14.5770940781	-1
14.5770940781	-1
14.5770940781	-1
14.5778660774	-1
14.5778660774	-1
14.5778660774	-1
14.5778660774	-1
14.5778660774	-1
14.5778660774	-1
14.5778660774	-1
14.5825221539	-1
14.5825221539	-1
14.5825221539	-1
14.5825221539	-1
14.5825221539	-1
14.5825221539	-1
14.5825221539	-1
14.5825221539	-1
14.5856151581	-1
14.5856151581	-1
14.5857269764	-1
14.5857269764	-1
14.5857269764	-1
14.5857269764	-1
14.5857269764	-1
14.5857269764	-1
14.5857269764	-1
14.589648962	-1
14.589648962	-1
14.589648962	-1
14.589648962	-1
14.589648962	-1
14.589648962	-1
14.589648962	-1
14.5900070667	-1
14.5900070667	-1
14.5900070667	-1
14.5900070667	-1
14.5900070667	-1
14.5900070667	-1
14.5913419724	-1
14.5913419724	-1
14.5913419724	-1
14.5913419724	-1
14.5913419724	-1
14.5913419724	-1
14.5913419724	-1
14.6121590137	1
14.6121590137	1
14.6121590137	1
14.8114461899	-1
14.8140451908	-1
14.8140451908	-1
14.8140451908	-1
14.8181509972	-1
14.8181509972	-1
14.8181509972	-1
14.8181509972	-1
14.8181509972	-1
14.8181509972	-1
14.8255140781	-1
14.8255140781	-1
14.8255140781	-1
14.8255140781	-1
14.8255140781	-1
14.8255140781	-1
14.8255140781	-1
14.8255140781	-1
14.835752964	-1
14.835752964	-1
14.835752964	-1
14.835752964	-1
14.835752964	-1
14.835752964	-1
14.835752964	-1
14.835752964	-1
14.8439900875	-1
14.8439900875	-1
14.8439900875	-1
14.8439900875	-1
14.8439900875	-1
14.8439900875	-1
14.8439900875	-1
14.8439900875	-1
14.8529860973	-1
14.8529860973	-1
14.8529860973	-1
14.8529860973	-1
14.8529860973	-1
14.8529860973	-1
14.8529860973	-1
14.8529860973	-1
14.8530201912	1
14.8582060337	-1
14.8582060337	-1
14.8582060337	-1
14.8582060337	-1
14.8582060337	-1
14.8582060337	-1
14.8582060337	-1
14.8582060337	-1
14.9259200096	-1
15.0384421349	1
15.2955200672	-1
15.2963471413	1
15.6436960697	-1
15.660722971	-1
15.660722971	-1
15.660722971	-1
15.660722971	-1
15.660722971	-1
15.660722971	-1
15.660722971	-1
15.660722971	-1
15.6653449535	-1
15.6653449535	-1
15.6653449535	-1
15.6653449535	-1
15.6653449535	-1
15.6653449535	-1
15.6653449535	-1
16.0008490086	-1
16.0017039776	-1
16.0017039776	-1
16.0017039776	-1
16.0017039776	-1
16.0017039776	-1
16.0017039776	-1
16.0017039776	-1
16.0027070045	-1
16.0027070045	-1
16.0095090866	-1
16.0095090866	-1
16.0098359585	-1
16.0098359585	-1
16.0098359585	-1
16.0098359585	-1
16.0098359585	-1
16.0098359585	-1
16.0279519558	-1
16.0279519558	-1
16.0279519558	-1
16.0279519558	-1
16.0279519558	-1
16.0279519558	-1
16.0279519558	-1
16.0279519558	-1
16.0291810036	1
16.1162309647	-1
16.1162309647	-1
16.1162309647	-1
16.1162309647	-1
16.1162309647	-1
16.1162309647	-1
16.1162309647	-1
16.1162309647	-1
16.1165750027	-1
16.1165750027	-1
16.1165750027	-1
16.1165750027	-1
16.1434249878	1
16.2578890324	1
16.346832037	-1
16.3473341465	-1
16.3473341465	-1
16.3473341465	-1
16.461810112	-1
16.4618570805	1
16.5387461185	1
16.5387461185	1
16.5387461185	1
16.5548100471	1
16.5548100471	1
16.6567931175	1
16.7903850079	1
17.0184221268	1
17.3523151875	-1
17.3571879864	-1
17.3571879864	-1
17.3571879864	-1
17.3571879864	-1
17.3571879864	-1
17.3571879864	-1
17.3571879864	-1
17.3744499683	-1
17.3744990826	-1
17.3744990826	-1
17.3744990826	-1
17.3744990826	-1
17.3744990826	-1
17.3744990826	-1
17.3744990826	-1
17.3744990826	-1
17.7065110207	-1
17.7067790031	-1
17.7067790031	-1
17.7067790031	-1
17.7067790031	-1
17.7067790031	-1
17.7067790031	-1
17.7067790031	-1
17.7115910053	-1
17.7115910053	-1
17.7115910053	-1
17.7115910053	-1
17.7115910053	-1
17.7115910053	-1
17.7115910053	-1
17.7115910053	-1
17.7128431797	-1
17.7128431797	-1
17.7128431797	-1
17.7128431797	-1
17.7128431797	-1
17.7128431797	-1
17.713684082	1
17.7189490795	-1
17.719066143	-1
17.719066143	-1
17.719066143	-1
17.719066143	-1
17.719066143	-1
17.719066143	-1
17.719066143	-1
17.8214261532	-1
17.8214261532	-1
17.8214261532	-1
17.8214261532	-1
17.8214261532	-1
17.8214261532	-1
17.8214261532	-1
17.826169014	-1
17.826169014	-1
17.826169014	-1
17.826169014	-1
17.826169014	-1
17.826169014	-1
17.826169014	-1
17.826169014	-1
17.8265171051	-1
17.8265171051	-1
17.8265171051	-1
17.8265171051	-1
17.8265171051	-1
17.8266401291	-1
17.8267631531	-1
17.8267631531	-1
17.8342010975	-1
17.8342010975	-1
17.8342010975	-1
17.8342010975	-1
17.8342010975	-1
17.8342521191	-1
17.8752071857	1
17.9078071117	1
17.9078071117	1
17.9078071117	1
18.0223121643	1
18.0592169762	-1
18.0597500801	-1
18.0597500801	-1
18.0597500801	-1
18.0597500801	-1
18.0609750748	-1
18.0609750748	-1
18.0709481239	-1
18.0709481239	-1
18.072329998	-1
18.072329998	-1
18.072329998	-1
18.072329998	-1
18.072329998	-1
18.072329998	-1
18.072329998	-1
18.0728170872	-1
18.0732870102	-1
18.0732870102	-1
18.0732870102	-1
18.0732870102	-1
18.0732870102	-1
18.0732870102	-1
18.0732870102	-1
18.0740959644	-1
18.0742080212	-1
18.0742080212	-1
18.0742080212	-1
18.0743701458	1
18.0743701458	1
18.0743701458	1
18.0755901337	-1
18.0755901337	-1
18.0755901337	-1
18.0755901337	-1
18.0755901337	-1
18.0755901337	-1
18.0755901337	-1
18.0876591206	-1
18.0953860283	-1
18.0953860283	-1
18.0953860283	-1
18.0953860283	-1
18.0953860283	-1
18.0953860283	-1
18.0953860283	-1
18.0953860283	-1
18.0957291126	-1
18.0957291126	-1
18.0957291126	-1
18.0957291126	-1
18.0957291126	-1
18.0957291126	-1
18.0957291126	-1
18.0969321728	1
18.0969321728	1
18.1743221283	1
18.186879158	-1
18.186879158	-1
18.186879158	-1
18.1869831085	-1
18.1871051788	-1
18.1871051788	-1
18.1871051788	-1
18.1871051788	-1
18.1871051788	-1
18.1871051788	-1
18.1873509884	-1
18.1873509884	-1
18.1874740124	-1
18.1874740124	-1
18.1874740124	-1
18.1874740124	-1
18.1874740124	-1
18.1874740124	-1
18.1877231598	-1
18.1877231598	-1
18.1877231598	-1
18.1877231598	-1
18.1877231598	-1
18.1877231598	-1
18.1877231598	-1
18.1877231598	-1
18.1893401146	-1
18.1893401146	-1
18.1893401146	-1
18.1893401146	-1
18.1893401146	-1
18.1893401146	-1
18.1893401146	-1
18.1893401146	-1
18.2761061192	1
18.2761061192	1
18.2761061192	1
18.3877811432	-1
18.4326779842	-1
18.4326779842	-1
18.4326779842	-1
18.4326779842	-1
18.4326779842	-1
18.4326779842	-1
18.4326779842	-1
18.4326779842	-1
18.4336509705	-1
18.43486619	-1
18.43486619	-1
18.43486619	-1
18.43486619	-1
18.43486619	-1
18.43486619	-1
18.441078186	-1
18.441078186	-1
18.441078186	-1
18.441078186	-1
18.441078186	-1
18.441078186	-1
18.441078186	-1
18.441078186	-1
18.4423930645	1
18.4447140694	-1
18.4447140694	-1
18.4447140694	-1
18.4447140694	-1
18.4447140694	-1
18.4447140694	-1
18.4447140694	-1
18.4447140694	-1
18.4462070465	-1
18.4462070465	-1
18.4462070465	-1
18.4462070465	-1
18.4477241039	-1
18.4508881569	-1
18.4508881569	-1
18.4508881569	-1
18.4508881569	-1
18.4508881569	-1
18.4519431591	-1
18.4519431591	-1
18.4519431591	-1
18.4524490833	-1
18.4524490833	-1
18.4528160095	-1
18.4528160095	-1
18.4528160095	-1
18.4528160095	-1
18.4528160095	-1
18.4599380493	-1
18.4599859715	-1
18.4599859715	-1
18.4599859715	-1
18.4599859715	-1
18.4599859715	-1
18.4599859715	-1
18.4599859715	-1
18.4602911472	-1
18.4604141712	-1
18.4604141712	-1
18.4767661095	-1
18.4767661095	-1
18.4767661095	-1
18.4769001007	-1
18.4769001007	-1
18.4769330025	-1
18.4769330025	-1
18.4769330025	-1
18.4769330025	-1
18.4769330025	-1
18.4769330025	-1
18.4769330025	-1
18.5557620525	-1
18.5557620525	-1
18.5557620525	-1
18.5557620525	-1
18.5557620525	-1
18.5557620525	-1
18.5557620525	-1
18.5561339855	-1
18.5561339855	-1
18.5561339855	-1
18.5561339855	-1
18.5561339855	-1
18.5561339855	-1
18.5561339855	-1
18.5561339855	-1
18.5564990044	-1
18.5564990044	-1
18.5564990044	-1
18.5564990044	-1
18.5565891266	-1
18.5911660194	1
18.5911660194	1
18.7731001377	-1
18.7743999958	-1
18.7743999958	-1
18.7743999958	-1
18.7747499943	1
18.7965490818	-1
18.7965490818	-1
18.7965490818	-1
18.7965490818	-1
18.7965490818	-1
18.7965490818	-1
18.7965490818	-1
18.8131690025	-1
18.8140079975	-1
18.8140079975	-1
18.8140079975	-1
18.8140079975	-1
18.8140079975	-1
18.8140079975	-1
18.8889081478	-1
18.9605190754	-1
18.9605190754	-1
18.9605190754	-1
18.9605190754	-1
18.9605190754	-1
18.962293148	-1
18.9646480083	-1
18.9646480083	-1
18.9646480083	-1
18.9646480083	-1
18.9646480083	-1
18.9646480083	-1
18.9646480083	-1
18.9647510052	1
18.9653770924	-1
19.0970740318	-1
19.0970740318	-1
19.0970740318	-1
19.0970740318	-1
19.0970740318	-1
19.0970740318	-1
19.0970740318	-1
19.0970740318	-1
19.0971081257	1
19.0971081257	1
19.1040360928	-1
19.1051809788	-1
19.1051809788	-1
19.1051809788	-1
19.1051809788	-1
19.1051809788	-1
19.1051809788	-1
19.1051809788	-1
19.1051809788	-1
19.1721689701	-1
19.1721689701	-1
19.1840059757	-1
19.1840059757	-1
19.1840059757	-1
19.1840059757	-1
19.1840059757	-1
19.1840059757	-1
19.1840059757	-1
19.1840059757	-1
19.2021660805	1
19.2021660805	1
19.2021660805	1
19.4523200989	1
19.5590090752	-1
19.6965460777	-1
19.6965460777	-1
19.6965460777	-1
19.6965460777	-1
19.6965460777	-1
19.6965460777	-1
19.6965460777	-1
19.6978740692	-1
19.6992561817	-1
19.6992561817	-1
19.6992561817	-1
19.6992561817	-1
19.6992561817	-1
19.7016830444	-1
19.7019510269	-1
19.7019510269	-1
19.7019510269	-1
19.7019510269	-1
19.7019510269	-1
19.710875988	-1
19.9181671143	-1
19.9196779728	-1
19.9196779728	-1
19.9196779728	-1
19.9196779728	-1
19.9196779728	-1
19.9275021553	-1
20.0326189995	-1
20.0582010746	-1
20.0582010746	-1
20.0582010746	-1
20.0584030151	-1
20.0584030151	-1
20.0584030151	-1
20.245800972	-1
20.245800972	-1
20.245800972	-1
20.245800972	-1
20.245800972	-1
20.266463995	-1
20.266463995	-1
20.266463995	-1
20.266463995	-1
20.266463995	-1
20.3257901669	-1
20.325895071	-1
20.325895071	-1
20.6887760162	-1
20.6901810169	1
21.0565910339	-1
21.4639701843	-1
21.4773731232	1
21.8425421715	-1
21.9476799965	-1
21.9476799965	-1
21.9476799965	-1
21.9949011803	-1
21.9949011803	-1
22.3988211155	-1
22.7667851448	-1
24.0340230465	-1
24.3828160763	-1
24.4973521233	-1
24.4973521233	-1
27.7441740036	-1
28.0955381393	-1
28.2100901604	-1
28.2100901604	-1
28.9843630791	-1
29.2058660984	1
29.3201739788	1
29.3201739788	1
29.3256189823	-1
29.4400360584	-1
29.4400360584	-1
29.7001609802	-1
29.8144881725	-1
30.0621349812	-1
30.9742569923	-1
31.0887720585	-1
31.330545187	-1
31.3325080872	-1
31.3325080872	-1
31.3325080872	-1
31.3325080872	-1
31.3325080872	-1
31.3325080872	-1
31.3480110168	-1
31.3480110168	-1
31.3480110168	-1
31.3480110168	-1
31.3480110168	-1
31.3480110168	-1
31.3480110168	-1
31.3480110168	-1
31.4831080437	1
31.4832570553	1
31.4832570553	1
31.4832570553	1
31.4845621586	1
31.4845621586	1
31.4845621586	1
31.4845621586	1
31.4846580029	1
31.486934185	1
31.486934185	1
31.486934185	1
31.486934185	1
31.4881520271	1
31.4881520271	1
31.4894981384	1
31.4894981384	1
31.5166220665	1
31.5166220665	1
31.5486609936	1
31.5486609936	1
31.5486609936	1
31.5737130642	1
31.5737130642	1
31.5986840725	1
31.5986840725	1
31.5986840725	1
31.5986840725	1
31.5986840725	1
31.5986840725	1
31.7638630867	1
31.7638630867	1
31.7638630867	1
31.8020570278	1
31.8020570278	1
31.9420959949	1
31.9420959949	1
32.3790690899	-1
32.7353610992	-1
32.7369301319	1
32.7532939911	-1
32.7532939911	-1
32.7532939911	-1
32.7657060623	-1
32.7657060623	-1
32.7672460079	1
32.7672460079	1
32.7672460079	1
32.7823750973	-1
32.7823750973	-1
32.7823750973	-1
32.7842650414	1
32.7842650414	1
32.7909960747	-1
32.7909960747	-1
32.7927350998	1
32.7927350998	1
32.7927350998	1
32.8512060642	1
33.0964980125	-1
33.0977749825	1
33.1174869537	-1
33.1174869537	-1
33.1174869537	-1
33.135406971	-1
33.135406971	-1
33.1372101307	1
33.1372101307	1
33.1372101307	1
33.2122330666	-1
33.3264219761	1
33.3264219761	1
33.4824781418	-1
33.4837291241	1
33.7101721764	-1
33.7113571167	1
33.7138130665	-1
33.7138130665	-1
33.7138130665	-1
33.7138130665	-1
33.7138130665	-1
33.7138130665	-1
33.7138130665	-1
33.7138130665	-1
33.7184741497	-1
33.7184741497	-1
33.7184741497	-1
33.7184741497	-1
33.7184741497	-1
33.7200431824	-1
33.7206540108	1
33.7206540108	1
33.7206540108	1
33.7561340332	1
33.7561340332	1
33.7602770329	1
33.7602770329	1
33.7602770329	1
33.8258020878	1
33.8332560062	-1
33.8332560062	-1
33.8332560062	-1
33.8522400856	-1
33.8522400856	-1
33.8522400856	-1
33.8548150063	-1
33.8548150063	-1
33.8561110497	1
33.8561110497	1
33.8561110497	1
33.8635640144	-1
33.8635640144	-1
33.8635640144	-1
33.8956680298	1
33.8956680298	1
33.8956680298	1
33.8970370293	1
33.8970370293	1
33.8970370293	1
33.9437930584	1
33.9437930584	1
33.9437930584	1
34.0626151562	-1
34.099684	-1
34.099684	-1
34.099684	-1
34.1035130024	1
34.1035130024	1
34.1035130024	1
34.1199400425	-1
34.1199400425	-1
34.1199400425	-1
34.1403970718	-1
34.1403970718	-1
34.1403970718	-1
34.1621870995	1
34.1621870995	1
34.1621870995	1
34.198225975	-1
34.198225975	-1
34.2015960217	1
34.2015960217	1
34.2015960217	1
34.2034881115	-1
34.2034881115	-1
34.2034881115	-1
34.2416820526	-1
34.2416820526	-1
34.2416820526	-1
34.253827095	1
34.253827095	1
34.2688901424	-1
34.2688901424	-1
34.2688901424	-1
34.2688901424	-1
34.2688901424	-1
34.2688901424	-1
34.2688901424	-1
34.3160271645	1
34.5368280411	-1
34.5568771362	-1
34.5568771362	-1
34.5568771362	-1
34.5583040714	1
34.6095621586	-1
34.6095621586	-1
34.6095621586	-1
34.6096661091	-1
34.6096661091	-1
34.673415184	1
34.673415184	1
34.7793951035	-1
34.7793951035	-1
34.7793951035	-1
34.7793951035	-1
34.780591011	-1
34.780591011	-1
34.7880520821	-1
34.8077349663	-1
34.8077349663	-1
34.8077349663	-1
34.8077349663	-1
34.8077349663	-1
34.8077349663	-1
34.8077349663	-1
34.9087221622	-1
34.9087221622	-1
34.9087221622	-1
34.9087221622	-1
34.9087221622	-1
34.9087221622	-1
34.9087221622	-1
34.9087221622	-1
34.9134631157	-1
34.9134631157	-1
34.9134631157	-1
34.9134631157	-1
34.9134631157	-1
34.9134631157	-1
34.9134631157	-1
34.9221949577	-1
34.9221949577	-1
34.9221949577	-1
34.9863879681	-1
34.9863879681	-1
34.9863879681	-1
34.9987571239	-1
34.9987571239	-1
34.9987571239	-1
34.9987571239	-1
34.9987571239	-1
34.9987571239	-1
34.9989860058	-1
34.9989860058	-1
35.023099184	1
35.1459410191	-1
35.1459410191	-1
35.1459410191	-1
35.1459410191	-1
35.1459410191	-1
35.1459410191	-1
35.1459410191	-1
35.1459751129	1
35.1501150131	-1
35.153345108	-1
35.153345108	-1
35.153345108	-1
35.153345108	-1
35.153345108	-1
35.153345108	-1
35.153345108	-1
35.17466712	1
35.17466712	1
35.17466712	1
35.176320076	1
35.176320076	1
35.1772060394	-1
35.1772060394	-1
35.1772060394	-1
35.1772060394	-1
35.1772060394	-1
35.179336071	-1
35.179336071	-1
35.179336071	-1
35.179336071	-1
35.179336071	-1
35.179336071	-1
35.179336071	-1
35.1910941601	-1
35.1910941601	-1
35.1910941601	-1
35.1910941601	-1
35.1910941601	-1
35.1910941601	-1
35.1910941601	-1
35.1910941601	-1
35.2852721214	-1
35.2852721214	-1
35.2852721214	-1
35.2852721214	-1
35.2852721214	-1
35.2852721214	-1
35.2852721214	-1
35.2853159904	1
35.2853159904	1
35.2924599648	-1
35.2990560532	-1
35.2990560532	-1
35.2990560532	-1
35.3061180115	-1
35.3487801552	-1
35.3487801552	-1
35.3487801552	-1
35.3487801552	-1
35.3487801552	-1
35.3487801552	-1
35.4053630829	-1
35.4053630829	-1
35.4079961777	1
35.408187151	-1
35.408187151	-1
35.408187151	-1
35.408187151	-1
35.408187151	-1
35.413985014	-1
35.4174861908	-1
35.4174861908	-1
35.4174861908	-1
35.4174861908	-1
35.4174861908	-1
35.4174861908	-1
35.4174861908	-1
35.4290370941	-1
35.4290370941	-1
35.4290370941	-1
35.4290370941	-1
35.4376029968	-1
35.4376029968	-1
35.4450070858	-1
35.4450070858	-1
35.4488079548	-1
35.4488079548	-1
35.4488079548	-1
35.4488079548	-1
35.4633970261	-1
35.492180109	1
35.492180109	1
35.492180109	1
35.4994661808	1
35.4994661808	1
35.5055229664	1
35.5055229664	1
35.5055229664	1
35.5416431427	-1
35.5416431427	-1
35.5416431427	-1
35.5416431427	-1
35.5416431427	-1
35.5416431427	-1
35.5416431427	-1
35.5416431427	-1
35.5416431427	-1
35.5489490032	-1
35.5489490032	-1
35.5489490032	-1
35.5489490032	-1
35.5489490032	-1
35.5489490032	-1
35.5489490032	-1
35.6423480511	-1
35.6423480511	-1
35.6423480511	-1
35.6423480511	-1
35.6423480511	-1
35.6423480511	-1
35.6423480511	-1
35.6423480511	-1
35.6436910629	-1
35.6436910629	-1
35.6436910629	-1
35.6436910629	-1
35.6436910629	-1
35.6436910629	-1
35.6436910629	-1
35.6436910629	-1
35.6442420483	-1
35.6442420483	-1
35.6513371468	-1
35.6513371468	-1
35.6513371468	-1
35.6513371468	-1
35.6513371468	-1
35.6513371468	-1
35.6515731812	-1
35.6515731812	-1
35.6515731812	-1
35.6515731812	-1
35.6515731812	-1
35.6515731812	-1
35.6515731812	-1
35.6515731812	-1
35.6636049747	-1
35.6636049747	-1
35.6636190414	1
35.6636431217	-1
35.6636431217	-1
35.6636431217	-1
35.6636431217	-1
35.6636431217	-1
35.6636431217	-1
35.6636431217	-1
35.6639640331	-1
35.6639640331	-1
35.6639640331	-1
35.6639640331	-1
35.6639640331	-1
35.6639640331	-1
35.6639640331	-1
35.6642110348	-1
35.7578520775	-1
35.7578520775	-1
35.7578520775	-1
35.7578520775	-1
35.7578520775	-1
35.7578520775	-1
35.7578520775	-1
35.7578520775	-1
35.7791280746	1
35.8998720646	-1
35.9026210308	-1
35.9026210308	-1
35.9026210308	-1
35.9026210308	-1
35.9026210308	-1
35.9026210308	-1
35.9072899818	-1
35.9072899818	-1
35.9072899818	-1
35.9072899818	-1
35.9072899818	-1
35.9072899818	-1
35.9072899818	-1
35.9072899818	-1
35.9125351906	-1
35.9125351906	-1
35.9125351906	-1
35.9125351906	-1
35.9125351906	-1
35.9125351906	-1
35.9125351906	-1
35.9125351906	-1
35.9207651615	-1
35.9207651615	-1
35.9207651615	-1
35.9291660786	-1
35.9291660786	-1
35.9291660786	-1
35.9291660786	-1
35.9291660786	-1
35.9291660786	-1
35.9291660786	-1
35.9313151836	-1
35.9380741119	-1
35.9380741119	-1
35.9380741119	-1
35.9408171177	-1
35.9408171177	-1
35.9515931606	-1
35.9515931606	-1
35.9515931606	-1
35.9515931606	-1
35.9515931606	-1
35.9515931606	-1
35.9515931606	-1
36.2647559643	-1
36.2678570747	1
36.3751521111	-1
36.3751521111	-1
36.3751521111	-1
36.3770010471	1
36.3770010471	1
36.3770010471	1
36.3793649673	-1
36.3813619614	1
36.3813619614	1
36.3813619614	1
36.4013390541	-1
36.4013390541	-1
36.4013390541	-1
36.4356219769	-1
36.4356219769	-1
36.4400651455	-1
36.4400651455	-1
36.4400651455	-1
36.4410200119	1
36.4410200119	1
36.4410200119	1
36.467772007	-1
36.467772007	-1
36.6674411297	-1
36.8309440613	-1
36.8309440613	-1
37.0810689926	-1
37.3013181686	-1
37.4478211403	-1
37.4478211403	-1
37.4478211403	-1
37.4548630714	-1
37.4548630714	-1
37.4855000973	-1
37.4855000973	-1
37.4855000973	-1
37.4855000973	-1
37.4862771034	-1
37.4862771034	-1
37.4862771034	-1
37.4870240688	-1
37.4966001511	1
37.4971821308	1
37.4971821308	1
37.4971821308	1
37.4983899593	1
37.4983899593	1
37.4983899593	1
37.4984951019	1
37.4984951019	1
37.5025110245	1
37.5025110245	1
37.5025110245	1
37.534744978	1
37.534744978	1
37.534744978	1
37.6347911358	-1
37.6347911358	-1
37.6347911358	-1
37.6347911358	-1
37.7381300926	1
37.8224260807	-1
37.8224260807	-1
37.8224260807	-1
37.8553099632	1
37.8553099632	1
37.8553099632	1
37.8895571232	1
37.8895571232	1
38.0396580696	-1
38.1907510757	-1
38.3427360058	-1
38.3427360058	-1
38.3584001064	1
38.4872779846	-1
38.4873130322	1
38.4873130322	1
38.4973859787	1
38.4973859787	1
38.4973859787	1
38.4973859787	1
38.4983110428	1
38.4983110428	1
38.4983110428	1
38.4983110428	1
38.603151083	-1
38.7174811363	-1
38.7184071541	1
38.7406480312	-1
38.7406480312	-1
38.7406480312	-1
38.7497889996	-1
38.7497889996	-1
38.7536091805	-1
38.7536091805	-1
38.7536091805	-1
38.7536091805	-1
38.7536091805	-1
38.7536091805	-1
38.7628951073	-1
38.7628951073	-1
38.7628951073	-1
38.7628951073	-1
38.7628951073	-1
38.7628951073	-1
38.7628951073	-1
38.7628951073	-1
38.7720639706	-1
38.7720639706	-1
38.7720639706	-1
38.7720639706	-1
38.7720639706	-1
38.7720639706	-1
38.7720639706	-1
38.7720639706	-1
38.7856709957	-1
38.7856709957	-1
38.7856709957	-1
38.7968220711	-1
38.7968220711	-1
38.8134939671	-1
38.8134939671	-1
38.8134939671	-1
38.8134939671	-1
38.8134939671	-1
38.8134939671	-1
38.8134939671	-1
38.8134939671	-1
38.8244459629	-1
38.8244459629	-1
38.8244459629	-1
38.8244459629	-1
38.8244459629	-1
38.8244459629	-1
38.8244459629	-1
38.8244459629	-1
38.8330361843	1
38.8510911465	-1
38.8510911465	-1
38.8510911465	-1
38.8510911465	-1
38.8510911465	-1
38.8510911465	-1
38.8510911465	-1
38.8510911465	-1
38.8512740135	-1
38.8514490128	-1
38.8514490128	-1
38.8514490128	-1
38.8514490128	-1
38.8514490128	-1
38.8514490128	-1
38.8514490128	-1
38.8684170246	-1
38.8684749603	-1
38.8684749603	-1
38.8684749603	-1
38.8684749603	-1
38.8684749603	-1
38.8684749603	-1
38.8684749603	-1
38.9475650787	1
38.9475650787	1
39.0623161793	-1
39.2147991657	-1
39.2147991657	-1
39.3682851791	-1
39.3687810898	-1
39.3687810898	-1
39.3687810898	-1
39.3687810898	-1
39.3796331882	-1
39.3796331882	-1
39.3880691528	-1
39.3880691528	-1
39.3884820938	-1
39.3884820938	-1
39.3884820938	-1
39.3884820938	-1
39.3891961575	-1
39.3891961575	-1
39.390433073	-1
39.390433073	-1
39.3908159733	-1
39.3908159733	-1
39.3908159733	-1
39.3908159733	-1
39.3908159733	-1
39.3916971684	-1
39.3924610615	-1
39.3924610615	-1
39.3924610615	-1
39.3924610615	-1
39.3924610615	-1
39.4167649746	-1
39.4167649746	-1
39.4167649746	-1
39.4167649746	-1
39.4167649746	-1
39.4167649746	-1
39.4167649746	-1
39.4167649746	-1
39.4172949791	-1
39.4172949791	-1
39.4172949791	-1
39.4183340073	-1
39.4183340073	-1
39.419011116	-1
39.419011116	-1
39.419011116	-1
39.419011116	-1
39.419011116	-1
39.419011116	-1
39.4198961258	-1
39.4198961258	-1
39.4198961258	-1
39.4198961258	-1
39.4198961258	-1
39.4198961258	-1
39.4198961258	-1
39.4198961258	-1
39.4284980297	1
39.4449210167	-1
39.4449210167	-1
39.4449210167	-1
39.4449210167	-1
39.4449210167	-1
39.4449210167	-1
39.4449210167	-1
39.4449210167	-1
39.4452681541	-1
39.4452681541	-1
39.4452681541	-1
39.4452681541	-1
39.4452681541	-1
39.4452681541	-1
39.4452681541	-1
39.4452681541	-1
39.445636034	-1
39.445636034	-1
39.445636034	-1
39.4829499722	-1
39.4829499722	-1
39.4829499722	-1
39.4829499722	-1
39.4829499722	-1
39.4829499722	-1
39.4974281788	1
39.4974281788	1
39.4974281788	1
39.5497760773	-1
39.5497760773	-1
39.5497760773	-1
39.5497760773	-1
39.5497760773	-1
39.5497760773	-1
39.5497760773	-1
39.5497760773	-1
39.5564451218	-1
39.5982010365	-1
39.7683990002	-1
39.7690329552	1
39.7759130001	-1
39.7759130001	-1
39.7759130001	-1
39.7759130001	-1
39.7759130001	-1
39.7759130001	-1
40.137196064	-1
40.1983501911	-1
40.1983501911	-1
40.1983501911	-1
40.2085871696	-1
40.2085871696	-1
40.2085871696	-1
40.2085871696	-1
40.2085871696	-1
40.2085871696	-1
40.2273659706	-1
40.2273659706	-1
40.2273659706	-1
40.2273659706	-1
40.2273659706	-1
40.2273659706	-1
40.2273659706	-1
40.2273659706	-1
40.2433781624	-1
40.2433781624	-1
40.2433781624	-1
40.2433781624	-1
40.2433781624	-1
40.2433781624	-1
40.2433781624	-1
40.2433781624	-1
40.2493181229	-1
40.2493181229	-1
40.259966135	-1
40.259966135	-1
40.259966135	-1
40.2792580128	-1
40.2792580128	-1
40.2792580128	-1
40.2792580128	-1
40.2792580128	-1
40.2792580128	-1
40.2933681011	-1
40.2933681011	-1
40.2994701862	-1
40.2994701862	-1
40.2994701862	-1
40.2994701862	-1
40.2994701862	-1
40.3096270561	-1
40.3096270561	-1
40.3096270561	-1
40.3096270561	-1
40.3096270561	-1
40.3099830151	1
40.3145821095	-1
40.3182480335	-1
40.3182480335	-1
40.3182480335	-1
40.3182480335	-1
40.3182480335	-1
40.3182480335	-1
40.3260290623	-1
40.3260290623	-1
40.3260290623	-1
40.3260290623	-1
40.3260290623	-1
40.3260290623	-1
40.3260290623	-1
40.3353140354	-1
40.3353140354	-1
40.3353140354	-1
40.3353140354	-1
40.3353140354	-1
40.3353140354	-1
40.3353140354	-1
40.3419830799	-1
40.3520581722	-1
40.3520581722	-1
40.3520581722	-1
40.3520581722	-1
40.3520581722	-1
40.3520581722	-1
40.3520581722	-1
40.3584060669	-1
40.3640589714	-1
40.3640589714	-1
40.3640589714	-1
40.3640589714	-1
40.3640589714	-1
40.3640589714	-1
40.3640589714	-1
40.5128979683	-1
40.5128979683	-1
40.5128979683	-1
40.5128979683	-1
40.5128979683	-1
40.5128979683	-1
40.5128979683	-1
40.5128979683	-1
40.5164251328	-1
40.5164251328	-1
40.5164251328	-1
40.5164251328	-1
40.5164251328	-1
40.5164251328	-1
40.5164251328	-1
40.5199751854	1
40.5224540234	-1
40.5224540234	-1
40.5224540234	-1
40.5224540234	-1
40.5224540234	-1
40.5224540234	-1
40.5224540234	-1
40.5224540234	-1
40.5250680447	-1
40.5250680447	-1
40.6341421604	1
40.8694021702	-1
40.9373559952	1
41.0516121387	1
41.0516121387	1
41.0914461613	1
41.0914461613	1
41.0914461613	1
41.0914461613	1
41.0939030647	1
41.0939030647	1
41.0939030647	1
41.0939030647	1
41.0939030647	1
41.0939030647	1
41.0954129696	1
41.0971369743	1
41.0971369743	1
41.0971369743	1
41.0971369743	1
41.0971369743	1
41.0971369743	1
41.0971369743	1
41.0975980759	1
41.0975980759	1
41.0975980759	1
41.0975980759	1
41.0975980759	1
41.0975980759	1
41.0975980759	1
41.0975980759	1
41.1662530899	1
41.1662530899	1
41.1662530899	1
41.1662530899	1
41.2087919712	1
41.2087919712	1
41.2087919712	1
41.2087919712	1
41.2087919712	1
41.2087919712	1
41.2087919712	1
41.2087919712	1
41.2101061344	1
41.2124080658	1
41.2124080658	1
