0.0	1
0.250899791718	1
0.379683971405	-1
0.380626916885	1
0.713780879974	-1
0.714891910553	1
0.766969919205	1
0.766969919205	1
0.766969919205	1
1.0155518055	1
1.08892202377	1
1.08892202377	1
1.18707180023	-1
1.18846988678	1
1.32760286331	-1
1.32887792587	1
1.4022128582	-1
1.40345096588	1
1.47696185112	-1
1.47696185112	-1
1.47831702232	1
1.62225699425	-1
1.62345290184	1
1.7165389061	-1
1.7700688839	-1
1.7700688839	-1
1.7700688839	-1
1.7700688839	-1
1.7700688839	-1
1.7700688839	-1
1.7700688839	-1
1.7700688839	-1
1.7700688839	-1
1.84610486031	1
1.90338993073	-1
1.90338993073	-1
1.91740584373	-1
1.91740584373	-1
1.91740584373	-1
1.91740584373	-1
1.91740584373	-1
1.91740584373	-1
1.91740584373	-1
1.95880079269	1
2.06428980827	-1
2.06428980827	-1
2.06498193741	-1
2.06498193741	-1
2.06498193741	-1
2.06498193741	-1
2.06498193741	-1
2.06498193741	-1
2.06498193741	-1
2.10165190697	1
2.21468901634	1
2.24953579903	-1
2.24953579903	-1
2.25289487839	-1
2.25289487839	-1
2.25289487839	-1
2.25289487839	-1
2.25289487839	-1
2.25289487839	-1
2.25289487839	-1
2.323376894	1
2.40007281303	-1
2.40123295784	1
2.5472137928	-1
2.54837584496	1
2.70037484169	-1
2.81298995018	-1
2.92483997345	-1
3.05658197403	-1
3.05658197403	-1
3.05658197403	-1
3.07908582687	-1
3.07908582687	-1
3.07908582687	-1
3.07908582687	-1
3.07908582687	-1
3.0800139904	-1
3.08021497726	-1
3.08021497726	-1
3.08021497726	-1
3.08021497726	-1
3.08021497726	-1
3.08021497726	-1
3.08075284958	1
3.12053894997	1
3.12053894997	1
3.12053894997	1
3.12085080147	-1
3.12085080147	-1
3.12085080147	-1
3.12085080147	-1
3.12420988083	1
3.12420988083	1
3.19601893425	1
3.35582280159	-1
3.39917397499	1
3.44411897659	-1
3.44411897659	-1
3.44411897659	-1
3.44411897659	-1
3.46384501457	-1
3.46384501457	-1
3.46384501457	-1
3.46384501457	-1
3.46625185013	1
3.46625185013	1
3.46625185013	1
3.46625185013	1
3.46625185013	1
3.46625185013	1
3.48263978958	-1
3.48263978958	-1
3.48263978958	-1
3.48263978958	-1
3.48466300964	1
3.48466300964	1
3.48466300964	1
3.48507380486	-1
3.48507380486	-1
3.48659396172	1
3.48659396172	1
3.50454902649	-1
3.50454902649	-1
3.5046608448	-1
3.5046608448	-1
3.5046608448	-1
3.5046608448	-1
3.52834486961	-1
3.52895784378	-1
3.52895784378	-1
3.52895784378	-1
3.52895784378	-1
3.54803299904	-1
3.54803299904	-1
3.54803299904	-1
3.54803299904	-1
3.548350811	-1
3.548350811	-1
3.548350811	-1
3.54842782021	-1
3.61333799362	-1
3.61333799362	-1
3.61333799362	-1
3.61333799362	-1
3.61333799362	-1
3.61333799362	-1
3.61357498169	-1
3.61357498169	-1
3.61954379082	-1
3.61955499649	1
3.63236379623	-1
3.63236379623	-1
3.63236379623	-1
3.6329369545	-1
3.6329369545	-1
3.6329369545	-1
3.6329369545	-1
3.6329369545	-1
3.6329369545	-1
3.6329369545	-1
3.6329369545	-1
3.67282295227	-1
3.67282295227	-1
3.67282295227	-1
3.67282295227	-1
3.67282295227	-1
3.67282295227	-1
3.67282295227	-1
3.67282295227	-1
3.67317199707	-1
3.67317199707	-1
3.67317199707	-1
3.67317199707	-1
3.67317199707	-1
3.67317199707	-1
3.67317199707	-1
3.67317199707	-1
3.68715786934	-1
3.69330000877	-1
3.69333982468	1
3.69333982468	1
3.71373701096	1
3.71373701096	1
3.71373701096	1
3.71373701096	1
3.71373701096	1
3.71373701096	1
3.71373701096	1
3.71373701096	1
3.71373701096	1
3.71373701096	1
3.81957197189	-1
3.8995449543	1
3.96781492233	-1
4.03072690964	-1
4.03072690964	-1
4.03072690964	-1
4.04006481171	-1
4.04006481171	-1
4.08101797104	1
4.11524486542	-1
4.11524486542	-1
4.11524486542	-1
4.11524486542	-1
4.11524486542	-1
4.11524486542	-1
4.11524486542	-1
4.11524486542	-1
4.11543798447	-1
4.18889284134	1
4.19510984421	-1
4.19510984421	-1
4.19510984421	-1
4.20142889023	-1
4.20142889023	-1
4.20142889023	-1
4.20142889023	-1
4.20142889023	-1
4.21159887314	-1
4.21159887314	-1
4.21159887314	-1
4.21159887314	-1
4.23634600639	-1
4.23634600639	-1
4.23634600639	-1
4.23645782471	-1
4.23645782471	-1
4.23645782471	-1
4.24105286598	1
4.24105286598	1
4.24105286598	1
4.24105286598	1
4.24105286598	1
4.25243401527	-1
4.25243401527	-1
4.25298094749	-1
4.25298094749	-1
4.25298094749	-1
4.25298094749	-1
4.25298094749	-1
4.25331497192	-1
4.25331497192	-1
4.25331497192	-1
4.25383782387	-1
4.25383782387	-1
4.25383782387	-1
4.25388479233	-1
4.25388479233	-1
4.27280497551	-1
4.27280497551	-1
4.27280497551	-1
4.27287101746	-1
4.27287101746	-1
4.27287101746	-1
4.27287101746	-1
4.27287101746	-1
4.27287101746	-1
4.27287101746	-1
4.27287101746	-1
4.27569580078	-1
4.27569580078	-1
4.27569580078	-1
4.27569580078	-1
4.27569580078	-1
4.27569580078	-1
4.27569580078	-1
4.30087089539	-1
4.3471288681	-1
4.3471288681	-1
4.3471288681	-1
4.3471288681	-1
4.3471288681	-1
4.35366296768	-1
4.3540418148	-1
4.3540418148	-1
4.3540418148	-1
4.3540418148	-1
4.3540418148	-1
4.37368488312	1
4.37440800667	-1
4.39677000046	-1
4.39677000046	-1
4.39677000046	-1
4.39677000046	-1
4.39677000046	-1
4.39677000046	-1
4.39677000046	-1
4.39700579643	-1
4.39700579643	-1
4.39700579643	-1
4.39700579643	-1
4.4114279747	-1
4.4114279747	-1
4.4114279747	-1
4.4114279747	-1
4.4114279747	-1
4.4114279747	-1
4.41167283058	-1
4.41167283058	-1
4.41167283058	-1
4.41179180145	-1
4.41179180145	-1
4.41179180145	-1
4.41179180145	-1
4.41179180145	-1
4.41179180145	-1
4.41179180145	-1
4.41216087341	-1
4.41216087341	-1
4.41216087341	-1
4.41223788261	-1
4.41223788261	-1
4.41223788261	-1
4.41223788261	-1
4.41223788261	-1
4.41223788261	-1
4.41223788261	-1
4.43876695633	-1
4.43888497353	-1
4.43888497353	-1
4.43888497353	-1
4.43888497353	-1
4.43888497353	-1
4.43888497353	-1
4.43888497353	-1
4.43923282623	-1
4.43923282623	-1
4.43923282623	-1
4.43923282623	-1
4.43923282623	-1
4.43923282623	-1
4.43923282623	-1
4.44087982178	1
4.44087982178	1
4.44087982178	1
4.47032380104	-1
4.47032380104	-1
4.47032380104	-1
4.47032380104	-1
4.47032380104	-1
4.47032380104	-1
4.47032380104	-1
4.47032380104	-1
4.47032380104	-1
4.50124502182	-1
4.50124502182	-1
4.50124502182	-1
4.50155496597	-1
4.50155496597	-1
4.50155496597	-1
4.50155496597	-1
4.50229597092	-1
4.50229597092	-1
4.50229597092	-1
4.50229597092	-1
4.50229597092	-1
4.50229597092	-1
4.50229597092	-1
4.50438690186	-1
4.50438690186	-1
4.5315527916	-1
4.5315527916	-1
4.5315527916	-1
4.5347700119	-1
4.5347700119	-1
4.5347700119	-1
4.5347700119	-1
4.5347700119	-1
4.55854487419	-1
4.55854487419	-1
4.55854487419	-1
4.55866479874	-1
4.55866479874	-1
4.55866479874	-1
4.55878686905	-1
4.55878686905	-1
4.55885100365	-1
4.55885100365	-1
4.55885100365	-1
4.56018280983	1
4.57560300827	-1
4.57560300827	-1
4.57572388649	-1
4.57572388649	-1
4.57572388649	-1
4.57572388649	-1
4.57572388649	-1
4.57572388649	-1
4.57572388649	-1
4.57596898079	-1
4.57596898079	-1
4.57596898079	-1
4.57596898079	-1
4.57596898079	-1
4.57596898079	-1
4.57621479034	-1
4.57635784149	-1
4.57635784149	-1
4.57635784149	-1
4.57645988464	-1
4.57645988464	-1
4.57645988464	-1
4.57645988464	-1
4.57645988464	-1
4.57645988464	-1
4.57645988464	-1
4.57645988464	-1
4.57684993744	-1
4.57684993744	-1
4.59424591064	-1
4.59424591064	-1
4.59424591064	-1
4.59435892105	-1
4.59435892105	-1
4.59448194504	-1
4.59448194504	-1
4.59448194504	-1
4.59460496902	-1
4.59460496902	-1
4.59469795227	-1
4.59469795227	-1
4.59469795227	-1
4.59469795227	-1
4.60825181007	-1
4.60825181007	-1
4.60825181007	-1
4.60825181007	-1
4.60825181007	-1
4.60848879814	-1
4.60848879814	-1
4.61806201935	-1
4.61806201935	-1
4.61806201935	-1
4.61806201935	-1
4.61817789078	-1
4.61965179443	1
4.61965179443	1
4.61965179443	1
4.66267681122	-1
4.66267681122	-1
4.66267681122	-1
4.66267681122	-1
4.66267681122	-1
4.66267681122	-1
4.66267681122	-1
4.66267681122	-1
4.66267681122	-1
4.66303396225	-1
4.66303396225	-1
4.66303396225	-1
4.66315197945	-1
4.66315197945	-1
4.66315197945	-1
4.66315197945	-1
4.66315197945	-1
4.66315197945	-1
4.66339898109	-1
4.66345000267	-1
4.66345000267	-1
4.66345000267	-1
4.67469882965	-1
4.67469882965	-1
4.67469882965	-1
4.67469882965	-1
4.67469882965	-1
4.67469882965	-1
4.67469882965	-1
4.67469882965	-1
4.71225881577	-1
4.71225881577	-1
4.71225881577	-1
4.71225881577	-1
4.71225881577	-1
4.71225881577	-1
4.71225881577	-1
4.71248483658	-1
4.71248483658	-1
4.71248483658	-1
4.71248483658	-1
4.71248483658	-1
4.71273088455	-1
4.71273088455	-1
4.71285295486	-1
4.71285295486	-1
4.71285295486	-1
4.71285295486	-1
4.71285295486	-1
4.72552585602	-1
4.72552585602	-1
4.72552585602	-1
4.72552585602	-1
4.72552585602	-1
4.72552585602	-1
4.72566580772	-1
4.72566580772	-1
4.72566580772	-1
4.72566580772	-1
4.72566580772	-1
4.72566580772	-1
4.72566580772	-1
4.72599983215	-1
4.72612380981	-1
4.72612380981	-1
4.72612380981	-1
4.72612380981	-1
4.72617292404	-1
4.72643089294	-1
4.72643089294	-1
4.72643089294	-1
4.72643089294	-1
4.72643089294	-1
4.73621797562	-1
4.73625087738	1
4.73627400398	-1
4.73627400398	-1
4.73627400398	-1
4.73627400398	-1
4.73627400398	-1
4.73627400398	-1
4.73627400398	-1
4.73664999008	-1
4.74506402016	-1
4.74506402016	-1
4.74520993233	-1
4.74520993233	-1
4.74520993233	-1
4.74520993233	-1
4.74520993233	-1
4.74520993233	-1
4.74520993233	-1
4.74600982666	-1
4.74604988098	-1
4.74604988098	-1
4.74604988098	-1
4.74604988098	-1
4.74604988098	-1
4.74604988098	-1
4.74720883369	1
4.74720883369	1
4.74720883369	1
4.74859786034	-1
4.74859786034	-1
4.74859786034	-1
4.74859786034	-1
4.74859786034	-1
4.74859786034	-1
4.74859786034	-1
4.74903988838	-1
4.74916100502	-1
4.74916100502	-1
4.74916100502	-1
4.74916100502	-1
4.74916100502	-1
4.74916100502	-1
4.74916100502	-1
4.74916100502	-1
4.74933290482	-1
4.81731295586	-1
4.81731295586	-1
4.81731295586	-1
4.81731295586	-1
4.81731295586	-1
4.81731295586	-1
4.81731295586	-1
4.81731295586	-1
4.81753897667	-1
4.81753897667	-1
4.81753897667	-1
4.81753897667	-1
4.81753897667	-1
4.81753897667	-1
4.81753897667	-1
4.8179090023	-1
4.8179090023	-1
4.81825685501	-1
4.81825685501	-1
4.81845879555	-1
4.81845879555	-1
4.81845879555	-1
4.81845879555	-1
4.81845879555	-1
4.81845879555	-1
4.81845879555	-1
4.84328079224	-1
4.84328079224	-1
4.84328079224	-1
4.84328079224	-1
4.84328079224	-1
4.84328079224	-1
4.84328079224	-1
4.84328079224	-1
4.84377288818	-1
4.84377288818	-1
4.84377288818	-1
4.84377288818	-1
4.84377288818	-1
4.84377288818	-1
4.84377288818	-1
4.85923099518	-1
4.86246800423	-1
4.86246800423	-1
4.86246800423	-1
4.86246800423	-1
4.86246800423	-1
4.86246800423	-1
4.86246800423	-1
4.86246800423	-1
4.86269497871	-1
4.86280298233	-1
4.86280298233	-1
4.86280298233	-1
4.86280298233	-1
4.86280298233	-1
4.86280298233	-1
4.86280298233	-1
4.86296701431	-1
4.86296701431	-1
4.86296701431	-1
4.86296701431	-1
4.86296701431	-1
4.86296701431	-1
4.86296701431	-1
4.86343383789	-1
4.86343383789	-1
4.88687682152	-1
4.88687682152	-1
4.88687682152	-1
4.88687682152	-1
4.88687682152	-1
4.88687682152	-1
4.88687682152	-1
4.88687682152	-1
4.88822793961	-1
4.88822793961	-1
4.88822793961	-1
4.88853979111	-1
4.88853979111	-1
4.88853979111	-1
4.88853979111	-1
4.88853979111	-1
4.88853979111	-1
4.89116501808	-1
4.89116501808	-1
4.89116501808	-1
4.89116501808	-1
4.89116501808	-1
4.89116501808	-1
4.89116501808	-1
4.89116501808	-1
4.89116501808	-1
4.89119791985	1
4.89119791985	1
4.89150881767	-1
4.89150881767	-1
4.89150881767	-1
4.89150881767	-1
4.89150881767	-1
4.89150881767	-1
4.89150881767	-1
4.89150881767	-1
4.89187884331	-1
4.89187884331	-1
4.89187884331	-1
4.89187884331	-1
4.89187884331	-1
4.89187884331	-1
4.91055297852	-1
4.93817687035	-1
4.93817687035	-1
4.93817687035	-1
4.93817687035	-1
4.93817687035	-1
4.93817687035	-1
4.93817687035	-1
4.95710301399	-1
4.95715093613	-1
4.95715093613	-1
4.95715093613	-1
4.95715093613	-1
4.95715093613	-1
4.95715093613	-1
4.96449589729	-1
4.96449589729	-1
4.96449589729	-1
4.96449589729	-1
4.96449589729	-1
4.96449589729	-1
4.96449589729	-1
4.96449589729	-1
4.97579693794	-1
4.97579693794	-1
4.97579693794	-1
4.97579693794	-1
4.97579693794	-1
4.97579693794	-1
4.97580885887	1
4.98830699921	-1
4.98830699921	-1
4.98843002319	-1
4.98843002319	-1
4.98843002319	-1
4.98843002319	-1
4.98843002319	-1
4.98843002319	-1
4.98843002319	-1
4.98867487907	-1
4.98867487907	-1
4.98867487907	-1
4.98879790306	-1
5.02044701576	-1
5.02044701576	-1
5.02044701576	-1
5.02044701576	-1
5.02044701576	-1
5.02044701576	-1
5.02080583572	-1
5.02080583572	-1
5.02080583572	-1
5.02080583572	-1
5.02080583572	-1
5.02080583572	-1
5.02080583572	-1
5.03121900558	-1
5.03135180473	-1
5.03135180473	-1
5.03135180473	-1
5.03135180473	-1
5.03135180473	-1
5.03135180473	-1
5.03135180473	-1
5.03159785271	-1
5.05617690086	-1
5.05617690086	-1
5.05617690086	-1
5.05621290207	1
5.05621290207	1
5.07092881203	-1
5.07092881203	-1
5.07153701782	-1
5.07153701782	-1
5.07153701782	-1
5.07175779343	-1
5.07175779343	-1
5.07175779343	-1
5.07175779343	-1
5.07175779343	-1
5.07175779343	-1
5.07175779343	-1
5.10565900803	-1
5.10565900803	-1
5.10565900803	-1
5.10565900803	-1
5.10565900803	-1
5.10565900803	-1
5.10565900803	-1
5.10565900803	-1
5.105894804	-1
5.179448843	1
5.21896195412	-1
5.21896195412	-1
5.21896195412	-1
5.32780981064	1
5.527769804	-1
5.52895689011	1
5.74667286873	-1
5.95412182808	-1
6.14138197899	-1
6.14249801636	1
6.21620988846	-1
6.21624493599	1
6.21624493599	1
6.69289588928	-1
6.92018485069	-1
6.99370288849	-1
8.5721988678	-1
11.7554168701	-1
14.2129998207	-1
14.3026947975	-1
14.3762760162	-1
14.3762760162	-1
14.7480888367	-1
14.8953888416	-1
15.0438449383	-1
15.1898949146	-1
16.1606628895	1
16.233910799	1
16.4329838753	-1
16.4977688789	1
16.4997940063	1
16.4997940063	1
16.4997940063	1
16.4997940063	1
16.5016989708	1
16.5016989708	1
16.5038039684	1
16.5038039684	1
16.5715968609	1
16.581717968	-1
16.5843398571	-1
16.5843398571	-1
16.5843398571	-1
16.5843398571	-1
16.5843398571	-1
16.5843398571	-1
16.5843398571	-1
16.5864088535	-1
16.5864570141	-1
16.5864570141	-1
16.5864570141	-1
16.5864570141	-1
16.5864570141	-1
16.5864570141	-1
16.5864570141	-1
16.606128931	-1
16.606128931	-1
16.606128931	-1
16.606128931	-1
16.606128931	-1
16.606128931	-1
16.606128931	-1
16.606128931	-1
16.6552968025	-1
16.7320950031	-1
16.7325108051	-1
16.7325108051	-1
16.7325108051	-1
16.7325108051	-1
16.7325108051	-1
16.7331578732	-1
16.7331578732	-1
16.7331578732	-1
16.7331578732	-1
16.7331578732	-1
16.7331578732	-1
16.7331578732	-1
16.7335100174	-1
16.7335100174	-1
16.7335100174	-1
16.7335100174	-1
16.7335100174	-1
16.7335100174	-1
16.7335100174	-1
16.7337548733	-1
16.7340409756	-1
16.7340409756	-1
16.7340409756	-1
16.7340409756	-1
16.7340409756	-1
16.7340409756	-1
16.7340409756	-1
16.7340409756	-1
16.7344098091	-1
16.7344098091	-1
16.7344098091	-1
16.7344098091	-1
16.7344098091	-1
16.7344098091	-1
16.7344098091	-1
16.7344098091	-1
16.7358028889	1
16.8067238331	-1
16.8067238331	-1
16.8067238331	-1
16.8067238331	-1
16.8067238331	-1
16.8067238331	-1
16.8067238331	-1
16.8067238331	-1
16.8067238331	-1
16.8072729111	-1
16.8072729111	-1
16.8072729111	-1
16.8072729111	-1
16.8072729111	-1
16.8072729111	-1
16.8075239658	-1
16.8082590103	1
16.8082590103	1
16.8082590103	1
16.8797450066	-1
16.8797450066	-1
16.8797450066	-1
16.8799538612	-1
16.8799538612	-1
16.8799538612	-1
16.8799538612	-1
16.8799538612	-1
16.8799538612	-1
16.8799538612	-1
16.8801980019	-1
16.8801980019	-1
16.8801980019	-1
16.8801980019	-1
16.8801980019	-1
16.8801980019	-1
16.8801980019	-1
16.8805649281	-1
16.8805649281	-1
16.8805649281	-1
16.8805649281	-1
16.8805649281	-1
16.8805649281	-1
16.8805649281	-1
16.8805649281	-1
16.8810169697	-1
16.8814058304	-1
16.8814058304	-1
16.8814058304	-1
16.8814058304	-1
16.8816728592	-1
16.8816728592	-1
16.8816728592	-1
16.8816728592	-1
16.8816728592	-1
16.8816728592	-1
16.8816728592	-1
16.8820400238	-1
16.8820400238	-1
16.8820400238	-1
16.8820400238	-1
16.8820400238	-1
16.8820400238	-1
16.8820400238	-1
16.8820400238	-1
16.9010019302	-1
16.9010019302	-1
16.9010019302	-1
16.9010019302	-1
16.9010019302	-1
16.9010019302	-1
16.9010019302	-1
16.9010019302	-1
16.9010019302	-1
16.9535830021	1
16.9537777901	-1
16.9537777901	-1
16.9537777901	-1
16.9537777901	-1
16.9537777901	-1
16.9537777901	-1
16.9537777901	-1
16.954023838	-1
16.954023838	-1
16.954023838	-1
16.954023838	-1
16.954023838	-1
16.954023838	-1
16.954023838	-1
16.9543919563	-1
16.9543919563	-1
16.9543919563	-1
16.9543919563	-1
16.9545149803	-1
16.9545149803	-1
16.9545149803	-1
16.9545149803	-1
16.9545149803	-1
16.9545149803	-1
16.9545149803	-1
16.9548819065	-1
16.9548819065	-1
16.9548819065	-1
16.9548819065	-1
17.0272548199	-1
17.0272548199	-1
17.0272548199	-1
17.0272870064	1
17.1400868893	1
17.1744318008	-1
17.2479708195	-1
17.248003006	1
17.5339188576	-1
17.5345628262	1
17.5759949684	-1
17.5759949684	-1
17.5759949684	-1
17.5759949684	-1
17.608191967	-1
17.6139419079	1
17.7006947994	-1
17.7007288933	1
17.7743330002	-1
17.9671018124	-1
17.9926979542	-1
17.9926979542	-1
17.9926979542	-1
17.9926979542	-1
17.9926979542	-1
17.9926979542	-1
17.9926979542	-1
17.9926979542	-1
17.9933409691	-1
17.9933409691	-1
17.9933409691	-1
17.9933409691	-1
17.9933409691	-1
18.0122158527	-1
18.0122668743	-1
18.0122668743	-1
18.0122668743	-1
18.0122668743	-1
18.0122668743	-1
18.0122668743	-1
18.0122668743	-1
18.0125639439	-1
18.0125639439	-1
18.0125639439	-1
18.0125639439	-1
18.0125639439	-1
18.0125639439	-1
18.0125639439	-1
18.1167600155	-1
18.1167600155	-1
18.1167600155	-1
18.1167600155	-1
18.1167600155	-1
18.1167600155	-1
18.1949648857	1
18.3416419029	1
18.3474400043	1
18.3474400043	1
18.3474400043	1
18.3474400043	1
18.4154310226	1
18.4406299591	-1
18.5298709869	1
18.5298709869	1
18.6312248707	-1
18.6326768398	1
18.7451438904	1
18.7593238354	-1
18.8187367916	-1
18.8187367916	-1
18.8187367916	-1
18.8187909126	1
18.8187909126	1
18.8206748962	1
18.8206748962	1
18.8206748962	1
18.8206748962	1
18.8816809654	1
18.8816809654	1
18.9302129745	-1
18.9302129745	-1
18.9302129745	-1
18.9320209026	1
18.9320209026	1
18.9320209026	1
18.955354929	-1
19.0688838959	-1
19.0688838959	-1
19.0752658844	1
19.0752658844	1
19.0752658844	1
19.0752658844	1
19.0752658844	1
19.0752658844	1
19.0752658844	1
19.0752658844	1
19.0752658844	1
19.0752658844	1
19.0753808022	1
19.0753808022	1
19.0753808022	1
19.1151618958	-1
19.1151618958	-1
19.1151618958	-1
19.1337599754	-1
19.1337599754	-1
19.1429078579	-1
19.1606400013	-1
19.1606400013	-1
19.1606400013	-1
19.1606400013	-1
19.1606400013	-1
19.1607408524	-1
19.1616079807	-1
19.1616079807	-1
19.1616079807	-1
19.1616079807	-1
19.1616079807	-1
19.1621549129	-1
19.1621549129	-1
19.1621549129	-1
19.1621549129	-1
19.1621549129	-1
19.1621549129	-1
19.1779048443	-1
19.1779048443	-1
19.1779048443	-1
19.1779048443	-1
19.2074949741	-1
19.207559824	-1
19.207559824	-1
19.2244257927	-1
19.2244257927	-1
19.2244257927	-1
19.2244257927	-1
19.2244257927	-1
19.2245519161	-1
19.2245519161	-1
19.2245519161	-1
19.2245519161	-1
19.2245519161	-1
19.2245519161	-1
19.2245519161	-1
19.2636938095	-1
19.2636938095	-1
19.2636938095	-1
19.2636938095	-1
19.2636938095	-1
19.2636938095	-1
19.2636938095	-1
19.2636938095	-1
19.2900619507	-1
19.2976608276	-1
19.2976608276	-1
19.2976608276	-1
19.2976608276	-1
19.2976608276	-1
19.2976608276	-1
19.2976608276	-1
19.2976608276	-1
19.2976608276	-1
19.2980098724	-1
19.2980098724	-1
19.2993299961	1
19.3094739914	-1
19.3094739914	-1
19.3094739914	-1
19.3094739914	-1
19.3094739914	-1
19.3094739914	-1
19.3094739914	-1
19.3094739914	-1
19.3097848892	-1
19.3097848892	-1
19.3097848892	-1
19.3099679947	-1
19.3099679947	-1
19.3099679947	-1
19.3099679947	-1
19.3099679947	-1
19.3099679947	-1
19.3102169037	-1
19.3102169037	-1
19.3102519512	-1
19.3102519512	-1
19.3372638226	-1
19.3372638226	-1
19.3372638226	-1
19.3373169899	-1
19.3373169899	-1
19.3373169899	-1
19.3494689465	-1
19.3494689465	-1
19.3494689465	-1
19.3635578156	-1
19.3694558144	-1
19.3694558144	-1
19.3694558144	-1
19.3694558144	-1
19.3694558144	-1
19.3745548725	-1
19.374683857	-1
19.374683857	-1
19.374683857	-1
19.374683857	-1
19.374683857	-1
19.3749468327	-1
19.3749468327	-1
19.3749468327	-1
19.3749468327	-1
19.3749468327	-1
19.3749468327	-1
19.3770949841	-1
19.3770949841	-1
19.3770949841	-1
19.3831968307	-1
19.3831968307	-1
19.3831968307	-1
19.3831968307	-1
19.3831968307	-1
19.3831968307	-1
19.3831968307	-1
19.3831968307	-1
19.383548975	-1
19.383548975	-1
19.4172739983	-1
19.4172739983	-1
19.4172739983	-1
19.4172739983	-1
19.4172739983	-1
19.4172739983	-1
19.41741395	-1
19.41741395	-1
19.41741395	-1
19.41741395	-1
19.41741395	-1
19.4177470207	-1
19.4177470207	-1
19.4177470207	-1
19.4177470207	-1
19.4177470207	-1
19.4210269451	1
19.4212429523	1
19.4212429523	1
19.4212429523	1
19.4212429523	1
19.4212429523	1
19.4212429523	1
19.4212429523	1
19.4212429523	1
19.4574530125	-1
19.4574530125	-1
19.4574530125	-1
19.4574530125	-1
19.4574530125	-1
19.4574530125	-1
19.4574530125	-1
19.4577209949	-1
19.4578130245	-1
19.4578130245	-1
19.4578130245	-1
19.4578130245	-1
19.4578130245	-1
19.4579679966	-1
19.4579679966	-1
19.4580500126	-1
19.459004879	1
19.4606068134	-1
19.4606068134	-1
19.4606068134	-1
19.460711956	-1
19.460711956	-1
19.4607458115	-1
19.4607458115	-1
19.4607458115	-1
19.4607458115	-1
19.4609568119	-1
19.4609568119	-1
19.4609568119	-1
19.4609568119	-1
19.4609568119	-1
19.4609568119	-1
19.4612028599	-1
19.4613218307	-1
19.4613218307	-1
19.4613218307	-1
19.4613218307	-1
19.4613218307	-1
19.4615719318	-1
19.4615719318	-1
19.4615719318	-1
19.4615719318	-1
19.4615719318	-1
19.4615719318	-1
19.4615719318	-1
19.4615719318	-1
19.464651823	1
19.464651823	1
19.4908850193	-1
19.4908850193	-1
19.4908850193	-1
19.5009608269	-1
19.5009608269	-1
19.5009608269	-1
19.5009608269	-1
19.5009608269	-1
19.5009608269	-1
19.5009608269	-1
19.5009608269	-1
19.5237569809	-1
19.5237569809	-1
19.5237569809	-1
19.5237569809	-1
19.5237569809	-1
19.5241539478	-1
19.5241539478	-1
19.5241539478	-1
19.5241539478	-1
19.5311768055	-1
19.5311768055	-1
19.5312309265	-1
19.5312309265	-1
19.5312309265	-1
19.5312309265	-1
19.5314188004	-1
19.531526804	-1
19.531526804	-1
19.531526804	-1
19.531649828	-1
19.531649828	-1
19.531649828	-1
19.531649828	-1
19.531649828	-1
19.531649828	-1
19.531649828	-1
19.531649828	-1
19.5319879055	-1
19.5319879055	-1
19.5319879055	-1
19.5321419239	-1
19.5321419239	-1
19.5321419239	-1
19.5321419239	-1
19.5321419239	-1
19.5321419239	-1
19.5321419239	-1
19.5321419239	-1
19.5678508282	1
19.5678508282	1
19.5686509609	-1
19.5686509609	-1
19.5686509609	-1
19.5686509609	-1
19.5686509609	-1
19.5686509609	-1
19.5686509609	-1
19.5690858364	-1
19.569206953	-1
19.569206953	-1
19.569206953	-1
19.5812039375	-1
19.5812039375	-1
19.5812039375	-1
19.5812039375	-1
19.5812039375	-1
19.5812039375	-1
19.5813448429	-1
19.5813448429	-1
19.5815548897	-1
19.5815548897	-1
19.5816779137	-1
19.5816779137	-1
19.5816779137	-1
19.5816779137	-1
19.5816779137	-1
19.5816779137	-1
19.5816779137	-1
19.6068868637	-1
19.6068868637	-1
19.6068868637	-1
19.6068868637	-1
19.6068868637	-1
19.6068868637	-1
19.6068868637	-1
19.6068868637	-1
19.6072359085	-1
19.6072359085	-1
19.6072359085	-1
19.6072359085	-1
19.6072359085	-1
19.6072359085	-1
19.6072359085	-1
19.6075749397	-1
19.6075749397	-1
19.6075749397	-1
19.6075749397	-1
19.6075749397	-1
19.6075749397	-1
19.6075749397	-1
19.6075749397	-1
19.6075749397	-1
19.6079728603	-1
19.6079728603	-1
19.6079728603	-1
19.6079728603	-1
19.6079728603	-1
19.6079728603	-1
19.6079728603	-1
19.6079728603	-1
19.6083409786	-1
19.6083409786	-1
19.6083409786	-1
19.6083409786	-1
19.6083409786	-1
19.6085398197	-1
19.6085398197	-1
19.6085398197	-1
19.6087129116	-1
19.6087129116	-1
19.6087379456	-1
19.6087379456	-1
19.6087379456	-1
19.6089558601	-1
19.6089558601	-1
19.6161208153	-1
19.6161208153	-1
19.6161208153	-1
19.6162259579	-1
19.6162259579	-1
19.6162259579	-1
19.6419389248	1
19.6419389248	1
19.6431119442	-1
19.6431119442	-1
19.6431119442	-1
19.6431119442	-1
19.6431119442	-1
19.6431119442	-1
19.6431119442	-1
19.6539258957	-1
19.6539258957	-1
19.6539258957	-1
19.6539258957	-1
19.6539258957	-1
19.6547839642	-1
19.6547839642	-1
19.6696310043	-1
19.6696310043	-1
19.6696310043	-1
19.6696310043	-1
19.6696798801	-1
19.6696798801	-1
19.6759188175	-1
19.6759188175	-1
19.6759188175	-1
19.6761260033	-1
19.6806550026	-1
19.6806550026	-1
19.6806550026	-1
19.6806550026	-1
19.6806550026	-1
19.6806550026	-1
19.6806550026	-1
19.6806550026	-1
19.6806550026	-1
19.6806550026	-1
19.6809999943	-1
19.6809999943	-1
19.6809999943	-1
19.6939809322	-1
19.6940858364	-1
19.6940858364	-1
19.6940858364	-1
19.6940858364	-1
19.6940858364	-1
19.6940858364	-1
19.6940858364	-1
19.6940858364	-1
19.6944539547	-1
19.6944539547	-1
19.6944539547	-1
19.6945478916	-1
19.6945478916	-1
19.6945478916	-1
19.6945478916	-1
19.6945478916	-1
19.6945478916	-1
19.6945478916	-1
19.6947917938	-1
19.6949470043	-1
19.6949470043	-1
19.6949470043	-1
19.6949470043	-1
19.6949470043	-1
19.6949470043	-1
19.6949470043	-1
19.6949470043	-1
19.7157080173	-1
19.7157080173	-1
19.7157409191	1
19.7157409191	1
19.716794014	-1
19.716794014	-1
19.716794014	-1
19.716794014	-1
19.716794014	-1
19.716794014	-1
19.716794014	-1
19.7169568539	-1
19.7171478271	-1
19.7171478271	-1
19.7171478271	-1
19.7172880173	-1
19.7172880173	-1
19.7172880173	-1
19.7173910141	-1
19.7173910141	-1
19.717512846	-1
19.717512846	-1
19.717512846	-1
19.7297978401	-1
19.7297978401	-1
19.72991395	-1
19.72991395	-1
19.72991395	-1
19.72991395	-1
19.72991395	-1
19.72991395	-1
19.72991395	-1
19.72991395	-1
19.72991395	-1
19.7432339191	-1
19.7432339191	-1
19.7432339191	-1
19.754803896	-1
19.754803896	-1
19.754803896	-1
19.754803896	-1
19.754803896	-1
19.754803896	-1
19.7550318241	-1
19.7550318241	-1
19.7550318241	-1
19.7550318241	-1
19.7550318241	-1
19.7550318241	-1
19.7550318241	-1
19.7553977966	-1
19.7553977966	-1
19.7553977966	-1
19.7553977966	-1
19.7555158138	-1
19.7686059475	-1
19.7686059475	-1
19.7686059475	-1
19.7686059475	-1
19.7686059475	-1
19.7686059475	-1
19.7686059475	-1
19.7686059475	-1
19.7686059475	-1
19.7686059475	-1
19.768917799	-1
19.768917799	-1
19.768917799	-1
19.768917799	-1
19.768917799	-1
19.768917799	-1
19.768917799	-1
19.768917799	-1
19.7693238258	-1
19.7693238258	-1
19.7693238258	-1
19.7693238258	-1
19.7693238258	-1
19.7693238258	-1
19.7693238258	-1
19.7693238258	-1
19.7696928978	-1
19.7696928978	-1
19.7696928978	-1
19.7696928978	-1
19.7696928978	-1
19.7696928978	-1
19.7696928978	-1
19.7696928978	-1
19.7894480228	1
19.7894480228	1
19.7904210091	-1
19.7904210091	-1
19.7904210091	-1
19.7904210091	-1
19.7904210091	-1
19.7904210091	-1
19.7904210091	-1
19.7906849384	-1
19.7906849384	-1
19.7906849384	-1
19.7906849384	-1
19.7906849384	-1
19.7906849384	-1
19.7906849384	-1
19.7906849384	-1
19.7910518646	-1
19.7910518646	-1
19.7910518646	-1
19.7910518646	-1
19.7910518646	-1
19.7910518646	-1
19.7910518646	-1
19.7910518646	-1
19.8135669231	-1
19.813783884	-1
19.813783884	-1
19.813783884	-1
19.813783884	-1
19.813783884	-1
19.813783884	-1
19.8307778835	-1
19.8307778835	-1
19.8307778835	-1
19.8307778835	-1
19.8307778835	-1
19.8307778835	-1
19.8307778835	-1
19.8307778835	-1
19.8311488628	-1
19.8311488628	-1
19.8318049908	-1
19.8318049908	-1
19.8318049908	-1
19.8318049908	-1
19.8318049908	-1
19.8318049908	-1
19.8421440125	-1
19.8421440125	-1
19.8421440125	-1
19.8421440125	-1
19.8421440125	-1
19.8421440125	-1
19.8421440125	-1
19.8421440125	-1
19.8421440125	-1
19.8424940109	-1
19.8424940109	-1
19.8424940109	-1
19.8424940109	-1
19.8424940109	-1
19.8424940109	-1
19.8424940109	-1
19.8424940109	-1
19.8632559776	-1
19.8632910252	1
19.8632910252	1
19.8649058342	-1
19.8649058342	-1
19.8649058342	-1
19.8649058342	-1
19.8649058342	-1
19.8649058342	-1
19.8649058342	-1
19.8649058342	-1
19.8649058342	-1
19.8651838303	-1
19.8651838303	-1
19.8651838303	-1
19.8651838303	-1
19.8651838303	-1
19.865418911	-1
19.865418911	-1
19.865418911	-1
19.865418911	-1
19.865418911	-1
19.865418911	-1
19.865418911	-1
19.865418911	-1
19.865418911	-1
19.8658809662	-1
19.8658809662	-1
19.8660049438	-1
19.8660049438	-1
19.8660049438	-1
19.8660049438	-1
19.8660049438	-1
19.8662488461	-1
19.8662488461	-1
19.8662488461	-1
19.8662779331	-1
19.8662779331	-1
19.8662779331	-1
19.8662779331	-1
19.8662779331	-1
19.8662779331	-1
19.8666188717	-1
19.8666188717	-1
19.8666188717	-1
19.8666188717	-1
19.8877539635	-1
19.8878548145	-1
19.8878548145	-1
19.8878548145	-1
19.8878548145	-1
19.8878548145	-1
19.8878548145	-1
19.8878548145	-1
19.8878548145	-1
19.8882288933	-1
19.8882288933	-1
19.8882288933	-1
19.8882288933	-1
19.8882288933	-1
19.8882288933	-1
19.8882288933	-1
19.8882288933	-1
19.9054028988	-1
19.9054028988	-1
19.9054028988	-1
19.9054529667	-1
19.9054529667	-1
19.9054529667	-1
19.9054529667	-1
19.9054529667	-1
19.9054529667	-1
19.9054529667	-1
19.9159698486	-1
19.9165668488	-1
19.9165668488	-1
19.9165668488	-1
19.9165668488	-1
19.9165668488	-1
19.9165668488	-1
19.9165668488	-1
19.9165668488	-1
19.916934967	-1
19.916934967	-1
19.916934967	-1
19.916934967	-1
19.916934967	-1
19.916934967	-1
19.916934967	-1
19.916934967	-1
19.9171819687	-1
19.9171819687	-1
19.9171819687	-1
19.9171819687	-1
19.9171819687	-1
19.9171819687	-1
19.9171819687	-1
19.9171819687	-1
19.9175488949	-1
19.9175488949	-1
19.9175488949	-1
19.9175488949	-1
19.9175488949	-1
19.9175488949	-1
19.9175488949	-1
19.9175488949	-1
19.9370148182	1
19.9370148182	1
19.9399499893	-1
19.9399499893	-1
19.9399499893	-1
19.9399499893	-1
19.9399499893	-1
19.9399499893	-1
19.9399499893	-1
19.9401049614	-1
19.9401049614	-1
19.9401049614	-1
19.9401049614	-1
19.9403328896	-1
19.9403328896	-1
19.9403328896	-1
19.9403328896	-1
19.9403328896	-1
19.9403328896	-1
19.9403328896	-1
19.9403328896	-1
19.9407918453	-1
19.9407918453	-1
19.9407918453	-1
19.9753398895	-1
19.9753398895	-1
19.9753398895	-1
19.9753398895	-1
19.9757299423	-1
19.9757659435	-1
19.9757659435	-1
20.0085539818	-1
20.0085539818	-1
20.0085539818	-1
20.008605957	-1
20.008605957	-1
20.008605957	-1
20.008605957	-1
20.008605957	-1
20.008605957	-1
20.008605957	-1
20.0088639259	-1
20.0105597973	1
20.0105597973	1
20.0118160248	-1
20.0118160248	-1
20.0118160248	-1
20.0118160248	-1
20.0118160248	-1
20.011936903	-1
20.011936903	-1
20.046849966	-1
20.0484528542	-1
20.0484528542	-1
20.0484528542	-1
20.0484528542	-1
20.0484528542	-1
20.0484528542	-1
20.0484528542	-1
20.0484528542	-1
20.0484528542	-1
20.0516009331	-1
20.0516009331	-1
20.0516009331	-1
20.0607550144	-1
20.0841808319	-1
20.1027138233	-1
20.1027138233	-1
20.1027138233	-1
20.1028409004	-1
20.1028409004	-1
20.1028409004	-1
20.1028409004	-1
20.1028409004	-1
20.1197588444	-1
20.1197588444	-1
20.1197588444	-1
20.1197588444	-1
20.1197588444	-1
20.1197588444	-1
20.1197588444	-1
20.1213769913	1
20.127040863	-1
20.1393499374	-1
20.1393499374	-1
20.1393499374	-1
20.1393499374	-1
20.1622447968	-1
20.1622447968	-1
20.1622447968	-1
20.1622447968	-1
20.1622447968	-1
20.1647088528	-1
20.1648159027	-1
20.1648159027	-1
20.1648159027	-1
20.1648159027	-1
20.1648159027	-1
20.1800639629	-1
20.1800639629	-1
20.1800639629	-1
20.2081599236	-1
20.2081599236	-1
20.2305498123	-1
20.2305498123	-1
20.2305498123	-1
20.2305498123	-1
20.2305498123	-1
20.2305498123	-1
20.2305498123	-1
20.2305498123	-1
20.23554492	-1
20.2381658554	-1
20.2381658554	-1
20.2381658554	-1
20.2381658554	-1
20.2381658554	-1
20.2381658554	-1
20.2381658554	-1
20.2389240265	-1
20.2394778728	-1
20.2394778728	-1
20.2394778728	-1
20.2394778728	-1
20.2394979	-1
20.2394979	-1
20.2394979	-1
20.2504329681	-1
20.2511098385	1
20.2747209072	-1
20.2747209072	-1
20.2747209072	-1
20.2748959064	-1
20.2748959064	-1
20.2765638828	-1
20.2765638828	-1
20.2765638828	-1
20.2765638828	-1
20.2771828175	-1
20.2772009373	-1
20.2772009373	-1
20.2772009373	-1
20.2772009373	-1
20.2945849895	-1
20.3087558746	-1
20.31199193	-1
20.31199193	-1
20.31199193	-1
20.3128118515	-1
20.3128118515	-1
20.3163340092	-1
20.3163340092	-1
20.3163340092	-1
20.316631794	-1
20.316631794	-1
20.316631794	-1
20.316631794	-1
20.316631794	-1
20.316631794	-1
20.3558418751	-1
20.3558418751	-1
20.3558418751	-1
20.3558418751	-1
20.3558418751	-1
20.3558418751	-1
20.3558709621	1
20.3560788631	-1
20.3560788631	-1
20.3560788631	-1
20.3560788631	-1
20.3560788631	-1
20.3572468758	-1
20.3572468758	-1
20.3573689461	-1
20.3573689461	-1
20.3573689461	-1
20.3573689461	-1
20.3573689461	-1
20.385504961	-1
20.4047348499	-1
20.4047348499	-1
20.4047348499	-1
20.4047348499	-1
20.4047348499	-1
20.4084470272	-1
20.4084470272	-1
20.4084470272	-1
20.4084470272	-1
20.4084470272	-1
20.4084470272	-1
20.4084470272	-1
20.4126060009	-1
20.4126060009	-1
20.4126060009	-1
20.4126060009	-1
20.4126060009	-1
20.4126060009	-1
20.4288158417	-1
20.4289298058	-1
20.4289298058	-1
20.4289298058	-1
20.4289298058	-1
20.4308760166	-1
20.4308760166	-1
20.4309058189	1
20.4309279919	-1
20.4309279919	-1
20.4309279919	-1
20.4309279919	-1
20.4309279919	-1
20.4423940182	-1
20.4423940182	-1
20.4423940182	-1
20.4423940182	-1
20.4423940182	-1
20.4423940182	-1
20.4658617973	-1
20.4658617973	-1
20.4658617973	-1
20.4658617973	-1
20.4658617973	-1
20.4843959808	-1
20.4844999313	-1
20.4844999313	-1
20.5078639984	-1
20.5078639984	-1
20.5078639984	-1
20.5082559586	-1
20.5082559586	-1
20.5082559586	-1
20.5082559586	-1
20.5082559586	-1
20.5082559586	-1
20.5082559586	-1
20.5082559586	-1
20.5086219311	-1
20.5086219311	-1
20.5086219311	-1
20.5086219311	-1
20.5086219311	-1
20.5086219311	-1
20.5086219311	-1
20.5101850033	1
20.5281169415	-1
20.5311069489	-1
20.5311069489	-1
20.5311069489	-1
20.5311069489	-1
20.5311069489	-1
20.5311069489	-1
20.5311069489	-1
20.5320899487	-1
20.548555851	-1
20.548555851	-1
20.548555851	-1
20.5634589195	-1
20.5634589195	-1
20.5634589195	-1
20.5634589195	-1
20.5634589195	-1
20.5634589195	-1
20.5793538094	-1
20.5793538094	-1
20.5794599056	-1
20.5794599056	-1
20.5794599056	-1
20.5794599056	-1
20.5794599056	-1
20.5794599056	-1
20.5807259083	-1
20.5807259083	-1
20.5830600262	-1
20.5830600262	-1
20.5830600262	-1
20.5830600262	-1
20.5830600262	-1
20.5830600262	-1
20.583698988	-1
20.583698988	-1
20.583698988	-1
20.619081974	-1
20.6191158295	1
20.6221938133	-1
20.6292397976	-1
20.6292397976	-1
20.6292397976	-1
20.6313898563	-1
20.6313898563	-1
20.6313898563	-1
20.6383118629	-1
20.6383118629	-1
20.6383600235	-1
20.6383600235	-1
20.6383600235	-1
20.6383600235	-1
20.6383600235	-1
20.6630289555	-1
20.6630289555	-1
20.6630289555	-1
20.6630289555	-1
20.6630289555	-1
20.6630289555	-1
20.6630289555	-1
20.6630289555	-1
20.6654658318	-1
20.6717879772	-1
20.6717879772	-1
20.6717879772	-1
20.6717879772	-1
20.6717879772	-1
20.6970260143	-1
20.6970260143	-1
20.6970407963	1
20.6970589161	-1
20.6970589161	-1
20.6970589161	-1
20.6970589161	-1
20.6970589161	-1
20.6970589161	-1
20.6970589161	-1
20.6975359917	-1
20.6975359917	-1
20.6975359917	-1
20.6975359917	-1
20.6975359917	-1
20.6975359917	-1
20.6975359917	-1
20.7180168629	-1
20.7180168629	-1
20.7180168629	-1
20.7180168629	-1
20.7180168629	-1
20.7180168629	-1
20.7180168629	-1
20.7180168629	-1
20.7181689739	-1
20.7333819866	-1
20.7333819866	-1
20.7333819866	-1
20.7333819866	-1
20.7348349094	-1
20.7351739407	-1
20.7351739407	-1
20.7352788448	-1
20.7352788448	-1
20.7352788448	-1
20.7352788448	-1
20.7362480164	-1
20.7362480164	-1
20.7362480164	-1
20.7386848927	-1
20.7481048107	-1
20.7481048107	-1
20.7481048107	-1
20.748128891	-1
20.748128891	-1
20.7710897923	-1
20.7710897923	-1
20.7710897923	-1
20.7711288929	1
20.7711288929	1
20.772400856	-1
20.772400856	-1
20.7728838921	-1
20.7728838921	-1
20.7728838921	-1
20.776050806	-1
20.791123867	-1
20.791123867	-1
20.791123867	-1
20.8099658489	-1
20.8099658489	-1
20.8099658489	-1
20.8099658489	-1
20.8099658489	-1
20.8099658489	-1
20.8101918697	-1
20.8101918697	-1
20.8103158474	-1
20.8103158474	-1
20.8103158474	-1
20.8107960224	-1
20.8107960224	-1
20.8116137981	-1
20.8116137981	-1
20.8116137981	-1
20.8259398937	-1
20.8259398937	-1
20.8259398937	-1
20.8259398937	-1
20.8259398937	-1
20.8479537964	-1
20.8479537964	-1
20.8479869366	1
20.8496918678	-1
20.8496918678	-1
20.8496918678	-1
20.8496918678	-1
20.8496918678	-1
20.8496918678	-1
20.8496918678	-1
20.8506348133	-1
20.8507409096	-1
20.8507409096	-1
20.8507409096	-1
20.8507409096	-1
20.8507409096	-1
20.8863289356	-1
20.8863289356	-1
20.8863289356	-1
20.9083449841	-1
20.9083449841	-1
20.9083449841	-1
20.9083449841	-1
20.9083449841	-1
20.9083449841	-1
20.9083449841	-1
20.9083449841	-1
20.9251968861	-1
20.9251968861	-1
20.9251968861	-1
20.9251968861	-1
20.9251968861	-1
20.9251968861	-1
20.9251968861	-1
20.9254457951	-1
20.9256520271	-1
20.9256520271	-1
20.9256520271	-1
20.9256520271	-1
20.9256520271	-1
20.9256520271	-1
20.9256520271	-1
20.9277780056	-1
20.9278838634	-1
20.9278838634	-1
20.9278838634	-1
20.9605150223	1
21.033880949	-1
21.0339148045	1
21.1846969128	1
21.1849179268	1
21.1849179268	1
21.1849179268	1
21.1849179268	1
21.1849179268	1
21.1869039536	1
21.1871459484	1
21.1871459484	1
21.1871459484	1
21.1871459484	1
21.1871459484	1
21.1871459484	1
21.1871459484	1
21.1871459484	1
21.2583069801	1
21.5109279156	-1
