0.0	1
0.250399827957	1
0.376012802124	-1
0.377487897873	1
0.628933906555	-1
0.63112783432	1
0.64870595932	1
0.64870595932	1
0.64870595932	1
0.8983938694	1
0.971754789352	1
0.971754789352	1
1.06596493721	-1
1.06725287437	1
1.21369791031	-1
1.21539878845	1
1.2888147831	-1
1.29012393951	1
1.36366581917	-1
1.36366581917	-1
1.36510181427	1
1.50963687897	-1
1.51079487801	1
1.51233792305	-1
1.51233792305	-1
1.51233792305	-1
1.59748291969	1
1.69220590591	-1
1.80448794365	-1
1.84040880203	-1
1.84040880203	-1
1.84040880203	-1
1.84040880203	-1
1.84040880203	-1
1.84040880203	-1
1.84040880203	-1
1.86231994629	-1
1.86326289177	-1
1.86326289177	-1
1.86326289177	-1
1.86326289177	-1
1.86326289177	-1
1.86326289177	-1
1.86326289177	-1
1.86326289177	-1
1.86326289177	-1
1.86363196373	-1
1.86363196373	-1
1.86592292786	-1
1.86592292786	-1
1.86592292786	-1
1.87429976463	1
2.01306080818	-1
2.01406478882	-1
2.01406478882	-1
2.01406478882	-1
2.01406478882	-1
2.08688688278	-1
2.12542796135	1
2.17584991455	-1
2.17607498169	-1
2.17607498169	-1
2.17607498169	-1
2.17607498169	-1
2.17607498169	-1
2.17607498169	-1
2.32326292992	-1
2.32454395294	1
2.3876209259	-1
2.3876209259	-1
2.3876209259	-1
2.3876209259	-1
2.3876209259	-1
2.3876209259	-1
2.3876209259	-1
2.3876209259	-1
2.38780498505	-1
2.38780498505	-1
2.38780498505	-1
2.38780498505	-1
2.38780498505	-1
2.38780498505	-1
2.38780498505	-1
2.39681077003	-1
2.42221999168	-1
2.42221999168	-1
2.42221999168	-1
2.42221999168	-1
2.42221999168	-1
2.42221999168	-1
2.42221999168	-1
2.42221999168	-1
2.42239999771	-1
2.43747878075	1
2.44411587715	1
2.44411587715	1
2.44411587715	1
2.44411587715	1
2.47821879387	1
2.47821879387	1
2.47975087166	1
2.47975087166	1
2.51745676994	1
2.51745676994	1
2.5352678299	-1
2.5352678299	-1
2.5352678299	-1
2.5352678299	-1
2.5352678299	-1
2.5352678299	-1
2.53546881676	-1
2.53546881676	-1
2.53546881676	-1
2.53546881676	-1
2.53546881676	-1
2.53546881676	-1
2.53546881676	-1
2.53546881676	-1
2.53586387634	-1
2.53586387634	-1
2.53586387634	-1
2.53904676437	1
2.53904676437	1
2.53904676437	1
2.53904676437	1
2.53904676437	1
2.56485199928	1
2.68328881264	-1
2.72229385376	-1
2.72229385376	-1
2.72229385376	-1
2.72229385376	-1
2.72229385376	-1
2.72229385376	-1
2.72229385376	-1
2.72229385376	-1
2.72229385376	-1
2.73013091087	1
2.75770688057	-1
2.75770688057	-1
2.75770688057	-1
2.75770688057	-1
2.76231479645	-1
2.76517391205	1
2.76517391205	1
2.76517391205	1
2.76517391205	1
2.76517391205	1
2.76517391205	1
2.76517391205	1
2.76517391205	1
2.76517391205	1
2.78430891037	-1
2.78430891037	-1
2.79593276978	-1
2.79593276978	-1
2.79754185677	1
2.79754185677	1
2.83862090111	1
2.85091495514	-1
2.85091495514	-1
2.85091495514	-1
2.85103082657	-1
2.85103082657	-1
2.85300898552	1
2.85300898552	1
2.85300898552	1
2.86946177483	-1
2.86946177483	-1
2.86946177483	-1
2.87072777748	1
2.87072777748	1
2.91200685501	1
2.94292283058	-1
2.94292283058	-1
3.02134895325	-1
3.02134895325	-1
3.02134895325	-1
3.02159881592	-1
3.02159881592	-1
3.02209091187	1
3.02321195602	-1
3.02321195602	-1
3.02321195602	-1
3.02321195602	-1
3.02321195602	-1
3.02321195602	-1
3.02321195602	-1
3.02399492264	-1
3.02411580086	-1
3.02411580086	-1
3.02411580086	-1
3.02411580086	-1
3.02411580086	-1
3.02411580086	-1
3.02411580086	-1
3.05698084831	-1
3.05698084831	-1
3.05698084831	-1
3.05698084831	-1
3.05698084831	-1
3.05698084831	-1
3.05698084831	-1
3.05698084831	-1
3.05717492104	-1
3.05735778809	-1
3.05735778809	-1
3.05735778809	-1
3.05735778809	-1
3.05735778809	-1
3.05735778809	-1
3.05735778809	-1
3.09569191933	-1
3.09569191933	-1
3.09569191933	-1
3.09569191933	-1
3.09569191933	-1
3.09569191933	-1
3.09569191933	-1
3.09569191933	-1
3.17182779312	-1
3.17182779312	-1
3.17182779312	-1
3.17193078995	-1
3.17193078995	-1
3.17193078995	-1
3.17193078995	-1
3.17193078995	-1
3.17193078995	-1
3.17193078995	-1
3.17217493057	-1
3.17217493057	-1
3.17217493057	-1
3.17217493057	-1
3.17217493057	-1
3.17217493057	-1
3.17217493057	-1
3.17251086235	-1
3.17251086235	-1
3.17251086235	-1
3.17251086235	-1
3.17251086235	-1
3.17251086235	-1
3.17251086235	-1
3.17251086235	-1
3.17418384552	1
3.17577791214	-1
3.17577791214	-1
3.17577791214	-1
3.17577791214	-1
3.17577791214	-1
3.17577791214	-1
3.17577791214	-1
3.17577791214	-1
3.17577791214	-1
3.17612886429	-1
3.17612886429	-1
3.1762509346	-1
3.1762509346	-1
3.1762509346	-1
3.1762509346	-1
3.1762509346	-1
3.1762509346	-1
3.20756196976	-1
3.20756196976	-1
3.20756196976	-1
3.20756196976	-1
3.20756196976	-1
3.20756196976	-1
3.24548387527	-1
3.24548387527	-1
3.2456548214	-1
3.2456548214	-1
3.2456548214	-1
3.2456548214	-1
3.24577784538	-1
3.2459218502	-1
3.2459218502	-1
3.2459218502	-1
3.2459218502	-1
3.2459218502	-1
3.2459218502	-1
3.2459218502	-1
3.2461309433	-1
3.2461309433	-1
3.2461309433	-1
3.2461309433	-1
3.2461309433	-1
3.2461309433	-1
3.2461309433	-1
3.27731180191	-1
3.27734780312	1
3.31927394867	-1
3.31927394867	-1
3.31927394867	-1
3.31927394867	-1
3.31927394867	-1
3.31927394867	-1
3.31944799423	-1
3.31944799423	-1
3.31944799423	-1
3.31944799423	-1
3.31944799423	-1
3.31944799423	-1
3.31974697113	-1
3.31974697113	-1
3.31974697113	-1
3.31974697113	-1
3.31974697113	-1
3.31999087334	-1
3.31999087334	-1
3.31999087334	-1
3.31999087334	-1
3.31999087334	-1
3.31999087334	-1
3.31999087334	-1
3.31999087334	-1
3.3203599453	-1
3.3203599453	-1
3.3203599453	-1
3.3203599453	-1
3.3203599453	-1
3.3203599453	-1
3.3203599453	-1
3.32060480118	-1
3.32398176193	-1
3.32398176193	-1
3.32398176193	-1
3.32398176193	-1
3.32398176193	-1
3.32398176193	-1
3.32398176193	-1
3.32398176193	-1
3.32433199883	-1
3.32433199883	-1
3.32433199883	-1
3.32491779327	-1
3.32491779327	-1
3.32503080368	-1
3.32503080368	-1
3.32503080368	-1
3.32503080368	-1
3.32553195953	-1
3.32553195953	-1
3.35076093674	1
3.35167479515	-1
3.35167479515	-1
3.35167479515	-1
3.35167479515	-1
3.35167479515	-1
3.35167479515	-1
3.37516379356	-1
3.37516379356	-1
3.37516379356	-1
3.37516379356	-1
3.37516379356	-1
3.37516379356	-1
3.37516379356	-1
3.37516379356	-1
3.39305496216	-1
3.39305496216	-1
3.39305496216	-1
3.39305496216	-1
3.39305496216	-1
3.39305496216	-1
3.39305496216	-1
3.39305496216	-1
3.39342284203	-1
3.39342284203	-1
3.39342284203	-1
3.39342284203	-1
3.39354586601	-1
3.40172386169	1
3.40172386169	1
3.40172386169	1
3.41635394096	1
3.41635394096	1
3.41654491425	1
3.41654491425	1
3.41654491425	1
3.41654491425	1
3.41654491425	1
3.41654491425	1
3.4670188427	-1
3.4670188427	-1
3.4670188427	-1
3.4670188427	-1
3.4670188427	-1
3.4670188427	-1
3.4670188427	-1
3.4670188427	-1
3.4670188427	-1
3.46739792824	-1
3.46739792824	-1
3.46739792824	-1
3.46739792824	-1
3.46739792824	-1
3.46764397621	-1
3.46764397621	-1
3.46764397621	-1
3.46764397621	-1
3.46764397621	-1
3.46764397621	-1
3.46780180931	-1
3.46780180931	-1
3.46780180931	-1
3.46780180931	-1
3.4680109024	-1
3.46804285049	-1
3.46804285049	-1
3.46804285049	-1
3.46804285049	-1
3.46804285049	-1
3.46804285049	-1
3.46804285049	-1
3.46828389168	-1
3.46828389168	-1
3.46828389168	-1
3.46828389168	-1
3.46828389168	-1
3.46828389168	-1
3.46828389168	-1
3.46874880791	-1
3.46874880791	-1
3.46874880791	-1
3.46874880791	-1
3.46874880791	-1
3.46874880791	-1
3.46874880791	-1
3.46874880791	-1
3.46912097931	-1
3.46912097931	-1
3.46914291382	-1
3.46914291382	-1
3.46914291382	-1
3.46914291382	-1
3.46914291382	-1
3.46914291382	-1
3.46914291382	-1
3.46948695183	-1
3.46948695183	-1
3.46948695183	-1
3.46948695183	-1
3.46948695183	-1
3.46948695183	-1
3.46948695183	-1
3.46948695183	-1
3.46951079369	1
3.46951079369	1
3.46951079369	1
3.46951079369	1
3.46951079369	1
3.46976876259	-1
3.46976876259	-1
3.46976876259	-1
3.46976876259	-1
3.46976876259	-1
3.46976876259	-1
3.46976876259	-1
3.46992993355	1
3.47012877464	-1
3.47012877464	-1
3.47012877464	-1
3.49770188332	-1
3.49770188332	-1
3.49770188332	-1
3.49770188332	-1
3.49770188332	-1
3.49770188332	-1
3.49770188332	-1
3.49770188332	-1
3.5080177784	1
3.5080177784	1
3.5080177784	1
3.5080177784	1
3.5407269001	-1
3.5407269001	-1
3.5407269001	-1
3.5407269001	-1
3.5407269001	-1
3.5407269001	-1
3.5407269001	-1
3.5407269001	-1
3.5407269001	-1
3.54204082489	-1
3.54204082489	-1
3.54204082489	-1
3.54204082489	-1
3.54204082489	-1
3.54204082489	-1
3.54204082489	-1
3.54204082489	-1
3.54204082489	-1
3.54240584373	-1
3.54240584373	-1
3.54240584373	-1
3.54240584373	-1
3.54240584373	-1
3.54240584373	-1
3.54240584373	-1
3.54240584373	-1
3.54270792007	-1
3.54270792007	-1
3.54270792007	-1
3.54270792007	-1
3.54270792007	-1
3.54270792007	-1
3.5458779335	1
3.5458779335	1
3.5458779335	1
3.5458779335	1
3.5458779335	1
3.5458779335	1
3.5458779335	1
3.55997776985	-1
3.55997776985	-1
3.55997776985	-1
3.55997776985	-1
3.55997776985	-1
3.55997776985	-1
3.55997776985	-1
3.55997776985	-1
3.55997776985	-1
3.56034493446	-1
3.56034493446	-1
3.56034493446	-1
3.56034493446	-1
3.56034493446	-1
3.56034493446	-1
3.56058979034	-1
3.56058979034	-1
3.56058979034	-1
3.56058979034	-1
3.56058979034	-1
3.56058979034	-1
3.56058979034	-1
3.5609588623	-1
3.5609588623	-1
3.56102991104	-1
3.56102991104	-1
3.56102991104	-1
3.56102991104	-1
3.56102991104	-1
3.56102991104	-1
3.56102991104	-1
3.56102991104	-1
3.56145095825	-1
3.56145095825	-1
3.56145095825	-1
3.56145095825	-1
3.56145095825	-1
3.56145095825	-1
3.56145095825	-1
3.58146882057	1
3.61458778381	-1
3.61469483376	-1
3.61469483376	-1
3.61469483376	-1
3.61469483376	-1
3.61469483376	-1
3.61469483376	-1
3.61469483376	-1
3.61494278908	-1
3.61494278908	-1
3.61494278908	-1
3.61524796486	-1
3.61524796486	-1
3.61524796486	-1
3.61524796486	-1
3.61524796486	-1
3.61524796486	-1
3.61524796486	-1
3.61524796486	-1
3.61545181274	-1
3.61545181274	-1
3.61545181274	-1
3.61545181274	-1
3.61545181274	-1
3.61545181274	-1
3.61545181274	-1
3.6159029007	-1
3.6159029007	-1
3.6159029007	-1
3.6159029007	-1
3.6159029007	-1
3.6159029007	-1
3.6159029007	-1
3.61857390404	-1
3.61857390404	-1
3.61857390404	-1
3.61857390404	-1
3.61857390404	-1
3.61857390404	-1
3.61857390404	-1
3.61857390404	-1
3.61904096603	-1
3.61971592903	-1
3.61971592903	-1
3.61971592903	-1
3.61971592903	-1
3.61971592903	-1
3.61971592903	-1
3.61971592903	-1
3.61971592903	-1
3.63436388969	-1
3.63436388969	-1
3.63436388969	-1
3.63436388969	-1
3.63436388969	-1
3.63436388969	-1
3.63436388969	-1
3.63449978828	-1
3.63449978828	-1
3.63449978828	-1
3.63449978828	-1
3.63449978828	-1
3.63449978828	-1
3.63449978828	-1
3.63449978828	-1
3.63496899605	-1
3.63496899605	-1
3.63496899605	-1
3.63496899605	-1
3.63496899605	-1
3.63496899605	-1
3.63496899605	-1
3.63496899605	-1
3.63528800011	-1
3.63528800011	-1
3.63528800011	-1
3.63528800011	-1
3.63528800011	-1
3.63528800011	-1
3.63528800011	-1
3.63528800011	-1
3.63570690155	-1
3.63570690155	-1
3.63570690155	-1
3.63570690155	-1
3.63570690155	-1
3.63570690155	-1
3.63570690155	-1
3.63570690155	-1
3.63891482353	1
3.63891482353	1
3.63891482353	1
3.688975811	-1
3.688975811	-1
3.688975811	-1
3.688975811	-1
3.688975811	-1
3.688975811	-1
3.688975811	-1
3.68922185898	-1
3.68922185898	-1
3.68922185898	-1
3.68922185898	-1
3.68922185898	-1
3.68922185898	-1
3.68922185898	-1
3.68959093094	-1
3.68959093094	-1
3.68959093094	-1
3.68959093094	-1
3.68959093094	-1
3.68959093094	-1
3.68959093094	-1
3.68959093094	-1
3.68995785713	-1
3.68995785713	-1
3.68995785713	-1
3.68995785713	-1
3.68995785713	-1
3.68995785713	-1
3.68995785713	-1
3.68995785713	-1
3.69032788277	-1
3.69032788277	-1
3.69032788277	-1
3.69032788277	-1
3.69032788277	-1
3.69032788277	-1
3.69032788277	-1
3.69032788277	-1
3.69163489342	-1
3.69163489342	-1
3.69163489342	-1
3.69163489342	-1
3.69163489342	-1
3.69163489342	-1
3.69163489342	-1
3.69163489342	-1
3.70810294151	-1
3.70810294151	-1
3.70810294151	-1
3.70810294151	-1
3.70810294151	-1
3.70810294151	-1
3.70810294151	-1
3.70834779739	-1
3.70834779739	-1
3.70834779739	-1
3.75285387039	-1
3.75298786163	-1
3.75298786163	-1
3.75298786163	-1
3.75298786163	-1
3.75298786163	-1
3.75298786163	-1
3.75298786163	-1
3.75298786163	-1
3.75335693359	-1
3.75335693359	-1
3.75335693359	-1
3.75335693359	-1
3.75335693359	-1
3.75335693359	-1
3.75335693359	-1
3.75739479065	-1
3.75742292404	-1
3.75742292404	-1
3.75742292404	-1
3.75742292404	-1
3.75742292404	-1
3.75742292404	-1
3.75775885582	-1
3.75775885582	-1
3.75775885582	-1
3.75775885582	-1
3.75775885582	-1
3.75775885582	-1
3.75775885582	-1
3.76234579086	1
3.76234579086	1
3.76577091217	-1
3.76577091217	-1
3.76577091217	-1
3.76577091217	-1
3.76577091217	-1
3.76577091217	-1
3.76577091217	-1
3.76625990868	-1
3.76625990868	-1
3.76625990868	-1
3.76625990868	-1
3.76625990868	-1
3.76625990868	-1
3.76625990868	-1
3.7668337822	-1
3.7668337822	-1
3.7668337822	-1
3.7668337822	-1
3.7668337822	-1
3.7668337822	-1
3.7668337822	-1
3.77160787582	-1
3.77163696289	-1
3.77163696289	-1
3.77163696289	-1
3.77163696289	-1
3.77163696289	-1
3.77163696289	-1
3.77163696289	-1
3.77742385864	-1
3.77742385864	-1
3.77754187584	-1
3.77754187584	-1
3.77754187584	-1
3.77754187584	-1
3.77754187584	-1
3.77754187584	-1
3.77881479263	-1
3.77881479263	-1
3.77881479263	-1
3.77881479263	-1
3.77881479263	-1
3.78161978722	-1
3.78161978722	-1
3.78161978722	-1
3.78161978722	-1
3.78161978722	-1
3.78161978722	-1
3.78161978722	-1
3.78161978722	-1
3.78962779045	-1
3.78962779045	-1
3.78962779045	-1
3.78962779045	-1
3.78962779045	-1
3.78962779045	-1
3.78962779045	-1
3.83603596687	1
3.92750477791	1
3.92750477791	1
3.92750477791	1
3.92750477791	1
3.92846083641	1
3.92846083641	1
3.93632292747	-1
3.93633890152	1
3.93659877777	-1
3.93659877777	-1
3.93659877777	-1
3.93659877777	-1
3.93659877777	-1
3.93672084808	-1
3.93672084808	-1
3.93672084808	-1
3.93672084808	-1
3.93672084808	-1
3.93672084808	-1
3.93672084808	-1
3.93709087372	-1
3.93709087372	-1
3.93709087372	-1
3.93709087372	-1
3.93709087372	-1
3.93709087372	-1
3.93709087372	-1
3.9372959137	-1
3.93745779991	-1
3.93745779991	-1
3.93745779991	-1
3.93745779991	-1
3.93745779991	-1
3.93745779991	-1
3.93745779991	-1
3.93745779991	-1
3.93782687187	-1
3.93782687187	-1
3.93782687187	-1
3.93782687187	-1
3.93782687187	-1
3.93807578087	-1
3.93807578087	-1
3.93807578087	-1
3.93807578087	-1
3.93807578087	-1
3.93807578087	-1
3.93831896782	-1
3.93831896782	-1
3.93844199181	-1
3.93844199181	-1
3.93844199181	-1
3.93844199181	-1
3.93844199181	-1
3.93844199181	-1
3.93868780136	-1
3.93868780136	-1
3.93868780136	-1
3.93868780136	-1
3.93868780136	-1
3.93868780136	-1
3.93868780136	-1
3.93868780136	-1
3.93906092644	-1
3.93906092644	-1
3.93906092644	-1
3.93906092644	-1
3.93906092644	-1
3.93906092644	-1
3.93906092644	-1
3.93906092644	-1
3.9393517971	-1
3.9393517971	-1
3.9393517971	-1
3.9393517971	-1
3.9393517971	-1
3.9393517971	-1
3.9393517971	-1
3.93967080116	-1
3.93967080116	-1
3.93967080116	-1
3.93967080116	-1
3.93967080116	-1
3.93967080116	-1
3.93967080116	-1
3.94003891945	-1
3.94003891945	-1
3.94003891945	-1
3.94003891945	-1
3.94003891945	-1
3.94003891945	-1
3.94003891945	-1
3.94003891945	-1
3.94323396683	1
3.94323396683	1
3.94323396683	1
4.01180696487	-1
4.01180696487	-1
4.01180696487	-1
4.01180696487	-1
4.01180696487	-1
4.01180696487	-1
4.01180696487	-1
4.01180696487	-1
4.01180696487	-1
4.0121178627	-1
4.0121178627	-1
4.0121178627	-1
4.0121178627	-1
4.0121178627	-1
4.0121178627	-1
4.0121178627	-1
4.0121178627	-1
4.01255393028	-1
4.01255393028	-1
4.01255393028	-1
4.01255393028	-1
4.01255393028	-1
4.01255393028	-1
4.01255393028	-1
4.01255393028	-1
4.01292586327	-1
4.01292586327	-1
4.01292586327	-1
4.01292586327	-1
4.01292586327	-1
4.01292586327	-1
4.01292586327	-1
4.01292586327	-1
4.01329088211	-1
4.01329088211	-1
4.01329088211	-1
4.01329088211	-1
4.01329088211	-1
4.01329088211	-1
4.01329088211	-1
4.01353788376	-1
4.01353788376	-1
4.01353788376	-1
4.01353788376	-1
4.01353788376	-1
4.01353788376	-1
4.01353788376	-1
4.01353788376	-1
4.01390576363	-1
4.01390576363	-1
4.01390576363	-1
4.01390576363	-1
4.01390576363	-1
4.01390576363	-1
4.01390576363	-1
4.01390576363	-1
4.01427578926	-1
4.01427578926	-1
4.01427578926	-1
4.01427578926	-1
4.01427578926	-1
4.01427578926	-1
4.01427578926	-1
4.01427578926	-1
4.0146458149	-1
4.0146458149	-1
4.0146458149	-1
4.0146458149	-1
4.0146458149	-1
4.0146458149	-1
4.0146458149	-1
4.0146458149	-1
4.01501178741	-1
4.01501178741	-1
4.01501178741	-1
4.01501178741	-1
4.01501178741	-1
4.01501178741	-1
4.01501178741	-1
4.01501178741	-1
4.0153799057	-1
4.0153799057	-1
4.0153799057	-1
4.0153799057	-1
4.0153799057	-1
4.0153799057	-1
4.0153799057	-1
4.0153799057	-1
4.01572394371	-1
4.01572394371	-1
4.01572394371	-1
4.01572394371	-1
4.01572394371	-1
4.01572394371	-1
4.01572394371	-1
4.01572394371	-1
4.02371191978	1
4.02371191978	1
4.02371191978	1
4.08605480194	-1
4.08605480194	-1
4.08605480194	-1
4.08605480194	-1
4.08605480194	-1
4.08605480194	-1
4.08605480194	-1
4.08623290062	-1
4.08623290062	-1
4.08623290062	-1
4.08623290062	-1
4.08623290062	-1
4.08623290062	-1
4.08623290062	-1
4.08623290062	-1
4.08666586876	-1
4.08666586876	-1
4.08666586876	-1
4.08666586876	-1
4.08666586876	-1
4.08666586876	-1
4.08666586876	-1
4.08666586876	-1
4.08700180054	-1
4.08700180054	-1
4.08700180054	-1
4.08700180054	-1
4.08700180054	-1
4.08700180054	-1
4.08700180054	-1
4.08700180054	-1
4.0875658989	-1
4.0875658989	-1
4.0875658989	-1
4.0875658989	-1
4.0875658989	-1
4.0875658989	-1
4.0875658989	-1
4.0875658989	-1
4.08790493011	-1
4.08790493011	-1
4.08790493011	-1
4.08790493011	-1
4.08790493011	-1
4.08790493011	-1
4.08790493011	-1
4.08790493011	-1
4.0883038044	-1
4.0883038044	-1
4.0883038044	-1
4.0883038044	-1
4.0883038044	-1
4.0883038044	-1
4.0883038044	-1
4.0883038044	-1
4.08867287636	-1
4.08867287636	-1
4.08867287636	-1
4.08867287636	-1
4.08867287636	-1
4.08867287636	-1
4.08867287636	-1
4.08867287636	-1
4.08948087692	-1
4.08948087692	-1
4.08948087692	-1
4.08948087692	-1
4.08948087692	-1
4.08948087692	-1
4.08948087692	-1
4.08962392807	-1
4.08962392807	-1
4.08962392807	-1
4.08962392807	-1
4.08962392807	-1
4.08962392807	-1
4.08962392807	-1
4.08962392807	-1
4.09008598328	-1
4.09008598328	-1
4.09008598328	-1
4.09008598328	-1
4.09008598328	-1
4.09008598328	-1
4.09008598328	-1
4.09008598328	-1
4.09045481682	-1
4.09045481682	-1
4.09045481682	-1
4.09045481682	-1
4.09045481682	-1
4.09045481682	-1
4.09045481682	-1
4.09045481682	-1
4.09411692619	1
4.09411692619	1
4.09411692619	1
4.16041898727	-1
4.16041898727	-1
4.16041898727	-1
4.16041898727	-1
4.16041898727	-1
4.16041898727	-1
4.16041898727	-1
4.16041898727	-1
4.16065478325	-1
4.16065478325	-1
4.16065478325	-1
4.16065478325	-1
4.16065478325	-1
4.16065478325	-1
4.16065478325	-1
4.16065478325	-1
4.16102385521	-1
4.16102385521	-1
4.16102385521	-1
4.16102385521	-1
4.16102385521	-1
4.16102385521	-1
4.16102385521	-1
4.16102385521	-1
4.16138291359	-1
4.16138291359	-1
4.16138291359	-1
4.16138291359	-1
4.16138291359	-1
4.16138291359	-1
4.16138291359	-1
4.16138291359	-1
4.16176080704	-1
4.16176080704	-1
4.16176080704	-1
4.16176080704	-1
4.16176080704	-1
4.16176080704	-1
4.16176080704	-1
4.162129879	-1
4.162129879	-1
4.162129879	-1
4.162129879	-1
4.162129879	-1
4.162129879	-1
4.162129879	-1
4.162129879	-1
4.16249799728	-1
4.16249799728	-1
4.16249799728	-1
4.16249799728	-1
4.16249799728	-1
4.16249799728	-1
4.16249799728	-1
4.16249799728	-1
4.21769881248	-1
4.21769881248	-1
4.21956086159	-1
4.21956086159	-1
4.21956086159	-1
4.22000193596	-1
4.22000193596	-1
4.22012591362	-1
4.22012591362	-1
4.22012591362	-1
4.22080993652	-1
4.22080993652	-1
4.22080993652	-1
4.22080993652	-1
4.22080993652	-1
4.22080993652	-1
4.22080993652	-1
4.22080993652	-1
4.22080993652	-1
4.2211689949	-1
4.2211689949	-1
4.2211689949	-1
4.2211689949	-1
4.2211689949	-1
4.22143578529	-1
4.22143578529	-1
4.22145795822	1
4.22145795822	1
4.22145795822	1
4.22187781334	1
4.22187781334	1
4.22187781334	1
4.22187781334	1
4.23317289352	-1
4.23317289352	-1
4.23317289352	-1
4.23317289352	-1
4.23317289352	-1
4.23317289352	-1
4.23317289352	-1
4.23816776276	-1
4.23816776276	-1
4.24042892456	-1
4.24042892456	-1
4.24042892456	-1
4.24042892456	-1
4.24042892456	-1
4.24110078812	-1
4.24110078812	-1
4.24110078812	-1
4.24110078812	-1
4.24110078812	-1
4.24142980576	-1
4.24142980576	-1
4.24142980576	-1
4.24142980576	-1
4.24142980576	-1
4.24142980576	-1
4.24142980576	-1
4.24206399918	-1
4.24209690094	-1
4.24209690094	-1
4.24209690094	-1
4.24209690094	-1
4.24209690094	-1
4.24209690094	-1
4.24209690094	-1
4.24234390259	-1
4.24255490303	-1
4.24255490303	-1
4.24255490303	-1
4.24255490303	-1
4.24255490303	-1
4.24255490303	-1
4.24255490303	-1
4.24255490303	-1
4.242800951	-1
4.242800951	-1
4.242800951	-1
4.242800951	-1
4.242800951	-1
4.24347686768	-1
4.24351191521	-1
4.24351191521	-1
4.24351191521	-1
4.24351191521	-1
4.24351191521	-1
4.24351191521	-1
4.24351191521	-1
4.29311680794	-1
4.29321885109	-1
4.29321885109	-1
4.29321885109	-1
4.29321885109	-1
4.29321885109	-1
4.29321885109	-1
4.29321885109	-1
4.29321885109	-1
4.29346299171	-1
4.29346299171	-1
4.29346299171	-1
4.29346299171	-1
4.29346299171	-1
4.29346299171	-1
4.29346299171	-1
4.29346299171	-1
4.29383277893	-1
4.29383277893	-1
4.29383277893	-1
4.29383277893	-1
4.29383277893	-1
4.29383277893	-1
4.29383277893	-1
4.29383277893	-1
4.29420280457	-1
4.29420280457	-1
4.29420280457	-1
4.29420280457	-1
4.29420280457	-1
4.29420280457	-1
4.29420280457	-1
4.29420280457	-1
4.29829692841	1
4.29829692841	1
4.29829692841	1
4.29829692841	1
4.29829692841	1
4.29829692841	1
4.29829692841	1
4.30696797371	-1
4.30696797371	-1
4.30696797371	-1
4.30696797371	-1
4.30696797371	-1
4.30696797371	-1
4.30696797371	-1
4.30713677406	-1
4.30713677406	-1
4.30713677406	-1
4.30713677406	-1
4.30713677406	-1
4.30713677406	-1
4.30713677406	-1
4.30713677406	-1
4.30759382248	-1
4.30759382248	-1
4.30759382248	-1
4.30759382248	-1
4.30759382248	-1
4.30759382248	-1
4.30759382248	-1
4.30759382248	-1
4.30790090561	-1
4.30790090561	-1
4.30790090561	-1
4.3114759922	1
4.3114759922	1
4.3114759922	1
4.3114759922	1
4.3114759922	1
4.3114759922	1
4.3114759922	1
4.31580591202	-1
4.31580591202	-1
4.31580591202	-1
4.31580591202	-1
4.31580591202	-1
4.31580591202	-1
4.31580591202	-1
4.31580591202	-1
4.31615376472	-1
4.37373781204	-1
4.37373781204	-1
4.37373781204	-1
4.37373781204	-1
4.37373781204	-1
4.37373781204	-1
4.37373781204	-1
4.37373781204	-1
4.37373781204	-1
4.37408781052	-1
4.37408781052	-1
4.37408781052	-1
4.37408781052	-1
4.37408781052	-1
4.37433290482	-1
4.37433290482	-1
4.37433290482	-1
4.37433290482	-1
4.37433290482	-1
4.37433290482	-1
4.37433290482	-1
4.37433290482	-1
4.37460684776	-1
4.37460684776	-1
4.37460684776	-1
4.37460684776	-1
4.37460684776	-1
4.37460684776	-1
4.37460684776	-1
4.37460684776	-1
4.37507176399	-1
4.37507176399	-1
4.37507176399	-1
4.37507176399	-1
4.37507176399	-1
4.37507176399	-1
4.37507176399	-1
4.37507176399	-1
4.37507176399	-1
4.3890748024	-1
4.3890748024	-1
4.3890748024	-1
4.3890748024	-1
4.3890748024	-1
4.3890748024	-1
4.3890748024	-1
4.3890748024	-1
4.39423680305	-1
4.39435076714	-1
4.39435076714	-1
4.39435076714	-1
4.39435076714	-1
4.39435076714	-1
4.39435076714	-1
4.39435076714	-1
4.39459586143	-1
4.39471077919	-1
4.39471077919	-1
4.39471077919	-1
4.39471077919	-1
4.39471077919	-1
4.39471077919	-1
4.39471077919	-1
4.39495682716	-1
4.39507985115	-1
4.39507985115	-1
4.39507985115	-1
4.39507985115	-1
4.39507985115	-1
4.39507985115	-1
4.39507985115	-1
4.3953268528	-1
4.39544796944	-1
4.39544796944	-1
4.39544796944	-1
4.39544796944	-1
4.39544796944	-1
4.39544796944	-1
4.39544796944	-1
4.39569282532	-1
4.39569282532	-1
4.39569282532	-1
4.39569282532	-1
4.39569282532	-1
4.39569282532	-1
4.39569282532	-1
4.44739890099	-1
4.44739890099	-1
4.44739890099	-1
4.44739890099	-1
4.44739890099	-1
4.44739890099	-1
4.44739890099	-1
4.44739890099	-1
4.44739890099	-1
4.44774889946	-1
4.44774889946	-1
4.44774889946	-1
4.44774889946	-1
4.44774889946	-1
4.44774889946	-1
4.44774889946	-1
4.44774889946	-1
4.44811797142	-1
4.44811797142	-1
4.44811797142	-1
4.44811797142	-1
4.44811797142	-1
4.44811797142	-1
4.44811797142	-1
4.44811797142	-1
4.44846582413	-1
4.44846582413	-1
4.44846582413	-1
4.44846582413	-1
4.44846582413	-1
4.44846582413	-1
4.44846582413	-1
4.44846582413	-1
4.44867277145	1
4.44867277145	1
4.44867277145	1
4.44885897636	-1
4.44885897636	-1
4.44885897636	-1
4.44885897636	-1
4.44885897636	-1
4.44885897636	-1
4.44885897636	-1
4.4491019249	-1
4.4491019249	-1
4.4491019249	-1
4.4491019249	-1
4.4491019249	-1
4.4491019249	-1
4.4491019249	-1
4.4491019249	-1
4.44947099686	-1
4.44947099686	-1
4.44947099686	-1
4.44947099686	-1
4.44947099686	-1
4.44947099686	-1
4.44947099686	-1
4.44947099686	-1
4.44983792305	-1
4.44983792305	-1
4.44983792305	-1
4.44983792305	-1
4.44983792305	-1
4.44983792305	-1
4.44983792305	-1
4.44983792305	-1
4.46869683266	-1
4.46869683266	-1
4.46869683266	-1
4.46869683266	-1
4.46869683266	-1
4.46869683266	-1
4.46869683266	-1
4.46869683266	-1
4.46884393692	-1
4.46884393692	-1
4.46884393692	-1
4.46884393692	-1
4.46884393692	-1
4.46884393692	-1
4.46884393692	-1
4.46994590759	-1
4.46994590759	-1
4.46994590759	-1
4.46994590759	-1
4.46994590759	-1
4.46994590759	-1
4.46994590759	-1
4.46994590759	-1
4.52478599548	-1
4.5248208046	1
4.5248208046	1
4.53593087196	-1
4.53593087196	-1
4.53593087196	-1
4.53593087196	-1
4.53593087196	-1
4.53593087196	-1
4.53593087196	-1
4.53593087196	-1
4.53610491753	-1
4.53610491753	-1
4.53610491753	-1
4.53610491753	-1
4.53610491753	-1
4.53610491753	-1
4.53610491753	-1
4.53652596474	-1
4.53652596474	-1
4.53652596474	-1
4.53652596474	-1
4.53652596474	-1
4.53652596474	-1
4.53652596474	-1
4.5368938446	-1
4.5368938446	-1
4.5368938446	-1
4.53701877594	-1
4.53701877594	-1
4.53701877594	-1
4.53701877594	-1
4.53701877594	-1
4.53701877594	-1
4.53701877594	-1
4.53701877594	-1
4.53729295731	-1
4.53729295731	-1
4.53729295731	-1
4.53729295731	-1
4.53729295731	-1
4.53729295731	-1
4.53729295731	-1
4.53763198853	-1
4.54207181931	-1
4.54207181931	-1
4.54207181931	-1
4.54207181931	-1
4.54207181931	-1
4.54207181931	-1
4.54207181931	-1
4.54207181931	-1
4.5422129631	-1
4.5422129631	-1
4.5422129631	-1
4.54254794121	-1
4.54254794121	-1
4.54254794121	-1
4.54254794121	-1
4.54254794121	-1
4.54254794121	-1
4.54254794121	-1
4.54254794121	-1
4.54254794121	-1
4.54291391373	-1
4.54291391373	-1
4.54291391373	-1
4.54291391373	-1
4.54291391373	-1
4.54291391373	-1
4.54291391373	-1
4.5431599617	-1
4.5431599617	-1
4.54328298569	-1
4.54842686653	-1
4.54842686653	-1
4.54842686653	-1
4.54842686653	-1
4.54842686653	-1
4.54842686653	-1
4.54842686653	-1
4.54842686653	-1
4.54877090454	-1
4.54877090454	-1
4.54877090454	-1
4.54889392853	-1
4.54889392853	-1
4.54889392853	-1
4.54889392853	-1
4.54889392853	-1
4.54889392853	-1
4.54889392853	-1
4.54889392853	-1
4.59825491905	1
4.59825491905	1
4.6099588871	-1
4.6099588871	-1
4.6099588871	-1
4.6099588871	-1
4.6099588871	-1
4.6099588871	-1
4.6099588871	-1
4.6099588871	-1
4.6099588871	-1
4.61030983925	-1
4.61030983925	-1
4.61030983925	-1
4.61030983925	-1
4.61030983925	-1
4.61030983925	-1
4.61030983925	-1
4.61030983925	-1
4.61067795753	-1
4.61067795753	-1
4.61067795753	-1
4.61067795753	-1
4.61067795753	-1
4.61067795753	-1
4.61067795753	-1
4.61067795753	-1
4.61104893684	-1
4.61104893684	-1
4.61104893684	-1
4.61104893684	-1
4.61104893684	-1
4.61104893684	-1
4.61104893684	-1
4.61104893684	-1
4.61246085167	-1
4.61246085167	-1
4.61246085167	-1
4.61246085167	-1
4.61246085167	-1
4.61246085167	-1
4.61246085167	-1
4.6127679348	-1
4.6127679348	-1
4.6127679348	-1
4.6127679348	-1
4.6127679348	-1
4.6127679348	-1
4.6127679348	-1
4.6127679348	-1
4.61313581467	-1
4.61313581467	-1
4.61313581467	-1
4.61313581467	-1
4.61313581467	-1
4.61313581467	-1
4.61313581467	-1
4.61313581467	-1
4.6135058403	-1
4.6135058403	-1
4.6135058403	-1
4.6135058403	-1
4.6135058403	-1
4.6135058403	-1
4.6135058403	-1
4.6135058403	-1
4.61696195602	-1
4.61696195602	-1
4.61696195602	-1
4.61696195602	-1
4.61696195602	-1
4.61696195602	-1
4.61696195602	-1
4.61696195602	-1
4.6173119545	-1
4.6173119545	-1
4.6173119545	-1
4.6173119545	-1
4.6173119545	-1
4.6173119545	-1
4.6173119545	-1
4.6173119545	-1
4.61768198013	-1
4.61768198013	-1
4.61768198013	-1
4.61768198013	-1
4.61768198013	-1
4.61768198013	-1
4.61768198013	-1
4.61818289757	1
4.61818289757	1
4.61818289757	1
4.67204499245	1
4.68519687653	-1
4.68519687653	-1
4.68519687653	-1
4.68519687653	-1
4.68519687653	-1
4.68519687653	-1
4.68519687653	-1
4.68519687653	-1
4.68535685539	-1
4.68599486351	-1
4.68599486351	-1
4.68599486351	-1
4.68644976616	-1
4.68644976616	-1
4.68644976616	-1
4.68644976616	-1
4.68644976616	-1
4.68679785728	-1
4.68679785728	-1
4.68777680397	-1
4.68777680397	-1
4.68777680397	-1
4.68782091141	-1
4.68782091141	-1
4.68782091141	-1
4.68782091141	-1
4.68782091141	-1
4.68812990189	-1
4.68812990189	-1
4.68812990189	-1
4.68812990189	-1
4.68812990189	-1
4.68812990189	-1
4.68812990189	-1
4.68812990189	-1
4.68845677376	-1
4.68845677376	-1
4.68845677376	-1
4.68845677376	-1
4.68845677376	-1
4.68845677376	-1
4.68845677376	-1
4.68868899345	-1
4.69420981407	-1
4.69420981407	-1
4.69420981407	-1
4.69420981407	-1
4.69420981407	-1
4.69420981407	-1
4.69420981407	-1
4.69420981407	-1
4.69420981407	-1
4.69420981407	-1
4.69454693794	-1
4.69468188286	-1
4.69468188286	-1
4.69468188286	-1
4.69468188286	-1
4.69468188286	-1
4.69468188286	-1
4.69468188286	-1
4.69492793083	-1
4.69492793083	-1
4.69492793083	-1
4.69492793083	-1
4.69492793083	-1
4.69492793083	-1
4.69492793083	-1
4.69529485703	-1
4.69529485703	-1
4.69541883469	-1
4.69541883469	-1
4.69541883469	-1
4.69541883469	-1
4.69541883469	-1
4.69554185867	-1
4.70221495628	-1
4.70221495628	-1
4.70221495628	-1
4.70221495628	-1
4.70221495628	-1
4.70221495628	-1
4.70236182213	-1
4.70236182213	-1
4.70236182213	-1
4.70236182213	-1
4.70236182213	-1
4.70236182213	-1
4.70236182213	-1
4.71221399307	1
4.71221399307	1
4.71221399307	1
4.75992488861	-1
4.75992488861	-1
4.75992488861	-1
4.75992488861	-1
4.75992488861	-1
4.75992488861	-1
4.75992488861	-1
4.75992488861	-1
4.75992488861	-1
4.76027393341	-1
4.76027393341	-1
4.76027393341	-1
4.76027393341	-1
4.76027393341	-1
4.76027393341	-1
4.76027393341	-1
4.76027393341	-1
4.76055598259	-1
4.76055598259	-1
4.76055598259	-1
4.76055598259	-1
4.76055598259	-1
4.76055598259	-1
4.76055598259	-1
4.76055598259	-1
4.76101183891	-1
4.76101183891	-1
4.76101183891	-1
4.76101183891	-1
4.76101183891	-1
4.76101183891	-1
4.76101183891	-1
4.76101183891	-1
4.76220488548	-1
4.76220488548	-1
4.76220488548	-1
4.76220488548	-1
4.76220488548	-1
4.76220488548	-1
4.76220488548	-1
4.76243281364	-1
4.76243281364	-1
4.76243281364	-1
4.76243281364	-1
4.76243281364	-1
4.76243281364	-1
4.76243281364	-1
4.76243281364	-1
4.76289582253	-1
4.76289582253	-1
4.76289582253	-1
4.76289582253	-1
4.76289582253	-1
4.76289582253	-1
4.76289582253	-1
4.76289582253	-1
4.76326489449	-1
4.76326489449	-1
4.76326489449	-1
4.76326489449	-1
4.76326489449	-1
4.76326489449	-1
4.76326489449	-1
4.76326489449	-1
4.76904392242	-1
4.76904392242	-1
4.76904392242	-1
4.76904392242	-1
4.76904392242	-1
4.76904392242	-1
4.76904392242	-1
4.76904392242	-1
4.76929283142	-1
4.76929283142	-1
4.76929283142	-1
4.76929283142	-1
4.76929283142	-1
4.76929283142	-1
4.77790498734	-1
4.77795577049	-1
4.77795577049	-1
4.77795577049	-1
4.77795577049	-1
4.77795577049	-1
4.77795577049	-1
4.77795577049	-1
4.77795577049	-1
4.77820086479	-1
4.77820086479	-1
4.77820086479	-1
4.77820086479	-1
4.77820086479	-1
4.77820086479	-1
4.77820086479	-1
4.77820086479	-1
4.77866482735	-1
4.77866482735	-1
4.81899690628	1
4.83731484413	-1
4.83731484413	-1
4.83731484413	-1
4.83731484413	-1
4.83731484413	-1
4.83731484413	-1
4.83731484413	-1
4.83731484413	-1
4.83948278427	-1
4.83948278427	-1
4.83948278427	-1
4.83948278427	-1
4.83948278427	-1
4.83948278427	-1
4.83948278427	-1
4.84309196472	-1
4.84309196472	-1
4.85171079636	-1
4.85171079636	-1
4.85171079636	-1
4.85171079636	-1
4.85171079636	-1
4.85171079636	-1
4.85203886032	-1
4.85203886032	-1
4.85216188431	-1
4.85216188431	-1
4.85216188431	-1
4.85216188431	-1
4.91079187393	-1
4.91082882881	1
4.91082882881	1
4.91085886955	-1
4.91085886955	-1
4.91085886955	-1
4.91085886955	-1
4.91085886955	-1
4.91085886955	-1
4.91085886955	-1
4.91601276398	-1
4.91601276398	-1
4.91601276398	-1
4.91601276398	-1
4.91601276398	-1
4.91601276398	-1
4.91601276398	-1
4.91636180878	-1
4.91636180878	-1
4.91656899452	-1
4.91656899452	-1
4.91656899452	-1
4.91656899452	-1
4.92524981499	-1
4.92524981499	-1
4.92524981499	-1
4.92524981499	-1
4.92524981499	-1
4.92524981499	-1
4.92524981499	-1
4.92524981499	-1
4.92524981499	-1
4.92563891411	-1
4.92563891411	-1
4.92563891411	-1
4.92563891411	-1
4.92563891411	-1
4.92563891411	-1
4.92563891411	-1
4.92563891411	-1
4.98477196693	1
4.98658299446	-1
4.98658299446	-1
4.98658299446	-1
4.98658299446	-1
4.98658299446	-1
4.98658299446	-1
4.98658299446	-1
4.98658299446	-1
4.9903318882	-1
4.9903318882	-1
4.9903318882	-1
4.9903318882	-1
4.9903318882	-1
4.9903318882	-1
4.9903318882	-1
4.9903318882	-1
4.99070096016	-1
4.99070096016	-1
4.99070096016	-1
4.99070096016	-1
4.99070096016	-1
4.99070096016	-1
4.99070096016	-1
4.99959278107	-1
4.99959278107	-1
4.99959278107	-1
5.03553676605	1
5.03553676605	1
5.03553676605	1
5.05185079575	1
5.05185079575	1
5.05185079575	1
5.05185079575	1
5.05340790749	1
5.07709288597	-1
5.07713580132	1
5.07713580132	1
5.25789690018	-1
5.27068781853	1
5.34409880638	-1
5.34413290024	1
5.34854078293	-1
5.34854078293	-1
5.34854078293	-1
5.34883093834	-1
5.34883093834	-1
5.34907698631	-1
5.34907698631	-1
5.34907698631	-1
5.34907698631	-1
5.34907698631	-1
5.34907698631	-1
5.34907698631	-1
5.34907698631	-1
5.34907698631	-1
5.34944677353	-1
5.34944677353	-1
5.34944677353	-1
5.34944677353	-1
5.34944677353	-1
5.36881780624	-1
5.36881780624	-1
5.36881780624	-1
5.36881780624	-1
5.36881780624	-1
5.36881780624	-1
5.36881780624	-1
5.36881780624	-1
5.36881780624	-1
5.38136982918	-1
5.38136982918	-1
5.38147497177	-1
5.38147497177	-1
5.38147497177	-1
5.38147497177	-1
5.38203597069	-1
5.41778182983	-1
5.41778182983	-1
5.41778182983	-1
5.41778182983	-1
5.41778182983	-1
5.41778182983	-1
5.41778182983	-1
5.41781377792	1
5.42260193825	-1
5.4226398468	-1
5.4226398468	-1
5.4226398468	-1
5.4226398468	-1
5.4226398468	-1
5.4226398468	-1
5.4226398468	-1
5.42296385765	-1
5.42296385765	-1
5.42296385765	-1
5.42296385765	-1
5.42296385765	-1
5.42296385765	-1
5.42296385765	-1
5.4425008297	-1
5.4425008297	-1
5.4425008297	-1
5.44253492355	-1
5.44253492355	-1
5.44253492355	-1
5.44253492355	-1
5.44253492355	-1
5.44253492355	-1
5.44253492355	-1
5.44315481186	-1
5.45525598526	-1
5.45525598526	-1
5.45536184311	-1
5.45536184311	-1
5.45536184311	-1
5.491522789	-1
5.491522789	-1
5.49155497551	1
5.49157786369	-1
5.49157786369	-1
5.49157786369	-1
5.49157786369	-1
5.49157786369	-1
5.49157786369	-1
5.49607896805	-1
5.49607896805	-1
5.49607896805	-1
5.49607896805	-1
5.49607896805	-1
5.49607896805	-1
5.49607896805	-1
5.49607896805	-1
5.49728083611	-1
5.49728083611	-1
5.49728083611	-1
5.49728083611	-1
5.49728083611	-1
5.49728083611	-1
5.49728083611	-1
5.49728083611	-1
5.51598191261	-1
5.51598191261	-1
5.51598191261	-1
5.51598191261	-1
5.51598191261	-1
5.51598191261	-1
5.51598191261	-1
5.51670789719	-1
5.5167889595	-1
5.5167889595	-1
5.5167889595	-1
5.51694083214	-1
5.51694083214	-1
5.51694083214	-1
5.51694083214	-1
5.51694083214	-1
5.51694083214	-1
5.52894091606	-1
5.52894091606	-1
5.56536793709	-1
5.56536793709	-1
5.56536793709	-1
5.56536793709	-1
5.56536793709	-1
5.56536793709	-1
5.56536793709	-1
5.56536793709	-1
5.56540083885	1
5.56540083885	1
5.57057094574	-1
5.57057094574	-1
5.57057094574	-1
5.57057094574	-1
5.57057094574	-1
5.57057094574	-1
5.57057094574	-1
5.57057094574	-1
5.57057094574	-1
5.57092189789	-1
5.57092189789	-1
5.57092189789	-1
5.57092189789	-1
5.57092189789	-1
5.57092189789	-1
5.57092189789	-1
5.57092189789	-1
5.5901889801	-1
5.5901889801	-1
5.5901889801	-1
5.5901889801	-1
5.5901889801	-1
5.5901889801	-1
5.5901889801	-1
5.5901889801	-1
5.59054088593	-1
5.59054088593	-1
5.59054088593	-1
5.59054088593	-1
5.59054088593	-1
5.59054088593	-1
5.59054088593	-1
5.59054088593	-1
5.60240292549	-1
5.60240292549	-1
5.60240292549	-1
5.60240292549	-1
5.60240292549	-1
5.60240292549	-1
5.60240292549	-1
5.63922786713	1
5.64314699173	-1
5.64314699173	-1
5.64325284958	-1
5.64325284958	-1
5.64325284958	-1
5.64325284958	-1
5.64325284958	-1
5.64325284958	-1
5.64325284958	-1
5.64325284958	-1
5.64502978325	-1
5.64502978325	-1
5.64502978325	-1
5.64502978325	-1
5.64502978325	-1
5.64502978325	-1
5.64502978325	-1
5.64502978325	-1
5.66315793991	-1
5.66315793991	-1
5.66315793991	-1
5.66315793991	-1
5.66315793991	-1
5.66315793991	-1
5.66315793991	-1
5.66315793991	-1
5.66505599022	-1
5.66505599022	-1
5.66505599022	-1
5.66505599022	-1
5.66505599022	-1
5.66505599022	-1
5.66505599022	-1
5.66505599022	-1
5.6758928299	-1
5.6758928299	-1
5.6758928299	-1
5.6758928299	-1
5.6758928299	-1
5.6758928299	-1
5.6758928299	-1
5.71278691292	1
5.71278691292	1
5.71740198135	-1
5.71740198135	-1
5.71740198135	-1
5.71740198135	-1
5.71740198135	-1
5.71740198135	-1
5.71740198135	-1
5.71740198135	-1
5.71870279312	-1
5.71870279312	-1
5.71870279312	-1
5.71870279312	-1
5.71870279312	-1
5.71870279312	-1
5.71870279312	-1
5.71870279312	-1
5.71934890747	-1
5.71934890747	-1
5.71934890747	-1
5.71934890747	-1
5.71934890747	-1
5.71934890747	-1
5.71934890747	-1
5.71934890747	-1
5.73845696449	-1
5.73845696449	-1
5.73845696449	-1
5.73845696449	-1
5.73845696449	-1
5.73845696449	-1
5.73845696449	-1
5.73970198631	-1
5.73970198631	-1
5.73970198631	-1
5.73970198631	-1
5.73970198631	-1
5.73970198631	-1
5.73970198631	-1
5.73970198631	-1
5.7497689724	-1
5.7497689724	-1
5.7497689724	-1
5.7497689724	-1
5.7497689724	-1
5.7497689724	-1
5.7497689724	-1
5.7497689724	-1
5.78651976585	1
5.79176282883	-1
5.79176282883	-1
5.79176282883	-1
5.79176282883	-1
5.79176282883	-1
5.79176282883	-1
5.79176282883	-1
5.79176282883	-1
5.79282879829	-1
5.79282879829	-1
5.79282879829	-1
5.79282879829	-1
5.79282879829	-1
5.79282879829	-1
5.79282879829	-1
5.79282879829	-1
5.81029677391	-1
5.81029677391	-1
5.81029677391	-1
5.81029677391	-1
5.81029677391	-1
5.81029677391	-1
5.81029677391	-1
5.81029677391	-1
5.81323981285	-1
5.81323981285	-1
5.81323981285	-1
5.81323981285	-1
5.81323981285	-1
5.81323981285	-1
5.81323981285	-1
5.81323981285	-1
5.82352185249	-1
5.82352185249	-1
5.82352185249	-1
5.82352185249	-1
5.82352185249	-1
5.82352185249	-1
5.82352185249	-1
5.82352185249	-1
5.86015176773	-1
5.86015176773	-1
5.86015176773	-1
5.86015176773	-1
5.86015176773	-1
5.86015176773	-1
5.86015176773	-1
5.86146092415	1
5.86531877518	-1
5.86531877518	-1
5.86531877518	-1
5.86799883842	1
5.86799883842	1
5.86799883842	1
5.91257596016	-1
5.91257596016	-1
5.91257596016	-1
6.01377296448	1
6.01377296448	1
6.26201081276	-1
6.3658349514	1
6.37990784645	-1
6.38875198364	-1
6.38875198364	-1
6.38875198364	-1
6.38875198364	-1
6.40952181816	-1
6.40952181816	-1
6.4103178978	-1
6.4103178978	-1
6.4103178978	-1
6.4103178978	-1
6.4103178978	-1
6.4103178978	-1
6.4103178978	-1
6.4103178978	-1
6.41132378578	-1
6.41132378578	-1
6.41132378578	-1
6.41132378578	-1
6.41132378578	-1
6.41132378578	-1
6.41132378578	-1
6.42891383171	-1
6.42894077301	-1
6.42894077301	-1
6.42894077301	-1
6.42894077301	-1
6.42894077301	-1
6.42894077301	-1
6.42894077301	-1
6.43898487091	1
6.45350599289	-1
6.45350599289	-1
6.46219277382	-1
6.46219277382	-1
6.46231198311	-1
6.46231198311	-1
6.46231198311	-1
6.46231198311	-1
6.46231198311	-1
7.252409935	1
7.27429986	1
7.27429986	1
7.27429986	1
7.27732682228	1
7.27732682228	1
7.28059887886	1
7.28059887886	1
7.28059887886	1
7.3987839222	1
7.54633188248	-1
7.64743494987	-1
7.64743494987	-1
7.64743494987	-1
7.65241479874	1
7.65265583992	1
7.65265583992	1
7.65265583992	1
7.65265583992	1
7.65265583992	1
7.65265583992	1
7.65265583992	1
7.65265583992	1
7.65282797813	1
7.65282797813	1
7.65282797813	1
7.65282797813	1
7.65282797813	1
7.65282797813	1
7.65282797813	1
7.65282797813	1
7.65294694901	1
7.65294694901	1
7.65294694901	1
7.65294694901	1
7.71540093422	-1
7.71540093422	-1
7.71540093422	-1
7.71738195419	1
7.71738195419	1
7.79923892021	1
7.79923892021	1
8.04625582695	-1
8.0469148159	-1
8.0469148159	-1
8.0469148159	-1
8.0469148159	-1
8.0469148159	-1
8.0469148159	-1
8.0469148159	-1
8.0469148159	-1
8.04761099815	-1
8.04761099815	-1
8.04761099815	-1
8.05211186409	1
8.07054281235	-1
8.07054281235	-1
8.07054281235	-1
8.07054281235	-1
8.07054281235	-1
8.07054281235	-1
8.07054281235	-1
8.07054281235	-1
8.09836792946	1
8.09836792946	1
8.09836792946	1
8.10101389885	1
8.10101389885	1
8.10101389885	1
8.12036681175	-1
8.12036681175	-1
8.12561583519	1
8.13532090187	1
8.13532090187	1
8.13532090187	1
8.14796185493	1
8.14796185493	1
8.14796185493	1
8.20269179344	-1
8.21893978119	-1
8.21893978119	-1
8.21893978119	-1
8.21893978119	-1
8.21893978119	-1
8.21893978119	-1
8.21893978119	-1
8.23414492607	1
8.23414492607	1
8.23414492607	1
8.23637676239	1
8.23637676239	1
8.23637676239	1
8.23866987228	1
8.23866987228	1
8.23866987228	1
8.23866987228	1
8.23866987228	1
8.23866987228	1
8.23866987228	1
8.23866987228	1
8.24028086662	1
8.24028086662	1
8.24028086662	1
8.24028086662	1
8.24028086662	1
8.24028086662	1
8.24028086662	1
8.24028086662	1
8.27303385735	1
8.27303385735	1
8.27333378792	1
8.27333378792	1
8.27333378792	1
8.27333378792	1
8.27333378792	1
8.27333378792	1
8.27333378792	1
8.40403699875	-1
8.40403699875	-1
8.46331381798	-1
8.46331381798	-1
8.46331381798	-1
8.47772598267	-1
8.55214476585	-1
8.62565088272	-1
