0.0	1
0.249918937683	1
0.474978923798	-1
0.475857019424	1
0.620112895966	-1
0.620606899261	1
0.63272690773	1
0.63272690773	1
0.63272690773	1
0.882261991501	1
1.01180887222	-1
1.0118470192	1
1.0118470192	1
1.08517980576	1
1.15048503876	-1
1.16014289856	1
1.28345298767	-1
1.2857708931	1
1.41005301476	-1
1.41126585007	1
1.48482203484	-1
1.63685393333	-1
1.6380109787	1
1.71017384529	-1
1.7504940033	-1
1.7504940033	-1
1.7504940033	-1
1.7504940033	-1
1.7504940033	-1
1.7504940033	-1
1.7504940033	-1
1.7504940033	-1
1.75071883202	-1
1.75092196465	-1
1.75092196465	-1
1.75092196465	-1
1.75092196465	-1
1.75092196465	-1
1.76336193085	1
1.81991100311	-1
1.81991100311	-1
1.82654881477	-1
1.82654881477	-1
1.82654881477	-1
1.82654881477	-1
1.82679486275	-1
1.82679486275	-1
1.82679486275	-1
1.82679486275	-1
1.82679486275	-1
1.82679486275	-1
1.8270418644	-1
1.82716393471	-1
1.82716393471	-1
1.82716393471	-1
1.82716393471	-1
1.82716393471	-1
1.86472797394	1
1.86472797394	1
1.86472797394	1
1.86697793007	1
1.86697793007	1
1.89163303375	-1
1.89409899712	1
1.89409899712	1
1.89409899712	1
1.89409899712	1
1.89409899712	1
1.89409899712	1
1.90089988708	-1
1.99936795235	-1
1.99936795235	-1
1.99936795235	-1
2.01626992226	-1
2.01626992226	-1
2.01626992226	-1
2.01626992226	-1
2.06393098831	1
2.16780495644	-1
2.16780495644	-1
2.16780495644	-1
2.16785287857	-1
2.16785287857	-1
2.16785287857	-1
2.16785287857	-1
2.16785287857	-1
2.16785287857	-1
2.26442885399	-1
2.26442885399	-1
2.26442885399	-1
2.26442885399	-1
2.26442885399	-1
2.26442885399	-1
2.26442885399	-1
2.26442885399	-1
2.26578998566	1
2.27001190186	-1
2.27001190186	-1
2.27001190186	-1
2.27001190186	-1
2.27001190186	-1
2.27001190186	-1
2.33792090416	-1
2.33810687065	-1
2.33810687065	-1
2.33810687065	-1
2.33810687065	-1
2.35333895683	-1
2.35333895683	-1
2.35337090492	1
2.35656094551	1
2.35656094551	1
2.35656094551	1
2.35656094551	1
2.35656094551	1
2.35656094551	1
2.35656094551	1
2.35656094551	1
2.35656094551	1
2.37899494171	-1
2.37899494171	-1
2.38005399704	-1
2.38005399704	-1
2.38005399704	-1
2.38016891479	-1
2.38016891479	-1
2.38016891479	-1
2.38016891479	-1
2.38016891479	-1
2.38016891479	-1
2.38084292412	1
2.38084292412	1
2.41416096687	-1
2.41729283333	-1
2.41729283333	-1
2.41729283333	-1
2.41729283333	-1
2.41729283333	-1
2.41729283333	-1
2.42814898491	-1
2.42814898491	-1
2.42818403244	1
2.42818403244	1
2.42821884155	-1
2.42821884155	-1
2.42821884155	-1
2.42821884155	-1
2.49069094658	-1
2.53950786591	1
2.56852984428	-1
2.56852984428	-1
2.64219284058	-1
2.64222788811	1
2.64222788811	1
2.71591496468	-1
2.76956892014	-1
2.76956892014	-1
2.76956892014	-1
2.76983690262	-1
2.76983690262	-1
2.77055501938	-1
2.77055501938	-1
2.77055501938	-1
2.77055501938	-1
2.77055501938	-1
2.77055501938	-1
2.77209687233	-1
2.77209687233	-1
2.77209687233	-1
2.77209687233	-1
2.77209687233	-1
2.77751493454	1
2.82859182358	-1
2.82859182358	-1
2.82859182358	-1
2.82996702194	-1
2.82996702194	-1
2.82996702194	-1
2.83926391602	-1
2.83926391602	-1
2.83926391602	-1
2.87030291557	-1
2.87030291557	-1
2.87030291557	-1
2.87030291557	-1
2.87030291557	-1
2.87030291557	-1
2.87030291557	-1
2.87030291557	-1
2.87030291557	-1
2.87033581734	1
2.88677692413	-1
2.88677692413	-1
2.88682198524	-1
2.88682198524	-1
2.88682198524	-1
2.88682198524	-1
2.88682198524	-1
2.88682198524	-1
2.88682198524	-1
2.88704299927	-1
2.88704299927	-1
2.88704299927	-1
2.88704299927	-1
2.88704299927	-1
2.90343689919	-1
2.90343689919	-1
2.90343689919	-1
2.90343689919	-1
2.90343689919	-1
2.90343689919	-1
2.91278481483	-1
2.9452548027	-1
2.9452548027	-1
2.9452548027	-1
2.9452548027	-1
2.94530487061	-1
2.94530487061	-1
2.94530487061	-1
2.94530487061	-1
2.94530487061	-1
2.94530487061	-1
2.94530487061	-1
2.94530487061	-1
2.96057987213	-1
2.96057987213	-1
2.96057987213	-1
2.96057987213	-1
2.96057987213	-1
2.96057987213	-1
2.96057987213	-1
2.96096491814	-1
2.96096491814	-1
2.96369600296	1
2.98823094368	-1
2.98823094368	-1
2.98823094368	-1
3.02282881737	1
3.02282881737	1
3.02282881737	1
3.03800082207	-1
3.03800082207	-1
3.03849101067	-1
3.03849101067	-1
3.03849101067	-1
3.03849101067	-1
3.03849101067	-1
3.03849101067	-1
3.03849101067	-1
3.03849101067	-1
3.11158299446	-1
3.11158299446	-1
3.11158299446	-1
3.11158299446	-1
3.11158299446	-1
3.11158299446	-1
3.11158299446	-1
3.11158299446	-1
3.11183786392	-1
3.11183786392	-1
3.11183786392	-1
3.11183786392	-1
3.11183786392	-1
3.11183786392	-1
3.11183786392	-1
3.11183786392	-1
3.11205482483	-1
3.11205482483	-1
3.11205482483	-1
3.11205482483	-1
3.11205482483	-1
3.11205482483	-1
3.11205482483	-1
3.13705897331	-1
3.13705897331	-1
3.13705897331	-1
3.13705897331	-1
3.13705897331	-1
3.13705897331	-1
3.13705897331	-1
3.13705897331	-1
3.16783189774	1
3.1852209568	-1
3.1852209568	-1
3.1852209568	-1
3.1852209568	-1
3.1852209568	-1
3.1852209568	-1
3.1852209568	-1
3.1852209568	-1
3.18564987183	-1
3.18564987183	-1
3.18564987183	-1
3.21049594879	-1
3.21049594879	-1
3.21049594879	-1
3.21049594879	-1
3.21049594879	-1
3.21049594879	-1
3.21049594879	-1
3.21049594879	-1
3.25869202614	-1
3.25869202614	-1
3.25869202614	-1
3.25869202614	-1
3.25869202614	-1
3.25869202614	-1
3.25869202614	-1
3.25869202614	-1
3.25962495804	-1
3.25962495804	-1
3.25962495804	-1
3.25962495804	-1
3.25962495804	-1
3.25962495804	-1
3.25962495804	-1
3.25962495804	-1
3.26176190376	1
3.31909394264	-1
3.31909394264	-1
3.31909394264	-1
3.31909394264	-1
3.31909394264	-1
3.31909394264	-1
3.31909394264	-1
3.31909394264	-1
3.32027387619	1
3.32027387619	1
3.32027387619	1
3.33307790756	-1
3.33307790756	-1
3.33307790756	-1
3.33307790756	-1
3.33307790756	-1
3.33307790756	-1
3.33307790756	-1
3.33402085304	-1
3.33402085304	-1
3.33402085304	-1
3.39265084267	-1
3.39265084267	-1
3.39265084267	-1
3.39265084267	-1
3.39265084267	-1
3.39265084267	-1
3.39265084267	-1
3.39265084267	-1
3.39268493652	1
3.40735602379	-1
3.40735602379	-1
3.40735602379	-1
3.40735602379	-1
3.40735602379	-1
3.40735602379	-1
3.40735602379	-1
3.40735602379	-1
3.40832495689	-1
3.40832495689	-1
3.40832495689	-1
3.40832495689	-1
3.40832495689	-1
3.40832495689	-1
3.40832495689	-1
3.40832495689	-1
3.46641492844	-1
3.46641492844	-1
3.46641492844	-1
3.46641492844	-1
3.46641492844	-1
3.46641492844	-1
3.46641492844	-1
3.46641492844	-1
3.48186397552	-1
3.48186397552	-1
3.48186397552	-1
3.48186397552	-1
3.48186397552	-1
3.48186397552	-1
3.48186397552	-1
3.48267793655	-1
3.48267793655	-1
3.48267793655	-1
3.48267793655	-1
3.48267793655	-1
3.48267793655	-1
3.48267793655	-1
3.48267793655	-1
3.48326802254	1
3.55801892281	-1
3.55801892281	-1
3.55801892281	-1
3.55801892281	-1
3.55801892281	-1
3.55801892281	-1
3.55801892281	-1
3.55801892281	-1
3.55838799477	-1
3.55838799477	-1
3.55838799477	-1
3.55838799477	-1
3.55838799477	-1
3.55838799477	-1
3.55838799477	-1
3.55838799477	-1
3.55924797058	-1
3.55924797058	-1
3.55924797058	-1
3.55924797058	-1
3.55924797058	-1
3.55924797058	-1
3.55924797058	-1
3.55924797058	-1
3.58077788353	1
3.58077788353	1
3.58077788353	1
3.58307099342	1
3.58307099342	1
3.63169598579	-1
3.63169598579	-1
3.63169598579	-1
3.63169598579	-1
3.63169598579	-1
3.63169598579	-1
3.63169598579	-1
3.63169598579	-1
3.63263988495	-1
3.63263988495	-1
3.63263988495	-1
3.63263988495	-1
3.63263988495	-1
3.63263988495	-1
3.63263988495	-1
3.63263988495	-1
3.63300800323	-1
3.63300800323	-1
3.63300800323	-1
3.63300800323	-1
3.63300800323	-1
3.63300800323	-1
3.63300800323	-1
3.63300800323	-1
3.70510792732	1
3.70513081551	-1
3.70513081551	-1
3.70513081551	-1
3.70513081551	-1
3.70513081551	-1
3.70513081551	-1
3.70513081551	-1
3.7071249485	-1
3.7071249485	-1
3.7071249485	-1
3.7071249485	-1
3.7071249485	-1
3.7071249485	-1
3.7071249485	-1
3.7071249485	-1
3.70868492126	-1
3.70868492126	-1
3.70868492126	-1
3.70868492126	-1
3.70868492126	-1
3.70868492126	-1
3.70868492126	-1
3.70868492126	-1
3.7787938118	1
3.77970385551	-1
3.77970385551	-1
3.77970385551	-1
3.77970385551	-1
3.77970385551	-1
3.77970385551	-1
3.77970385551	-1
3.77970385551	-1
3.78063702583	-1
3.78063702583	-1
3.78063702583	-1
3.78063702583	-1
3.78063702583	-1
3.78063702583	-1
3.78063702583	-1
3.78063702583	-1
3.82186102867	-1
3.82186102867	-1
3.82186102867	-1
3.82186102867	-1
3.82186102867	-1
3.82186102867	-1
3.82186102867	-1
3.82186102867	-1
3.85243797302	1
3.85262584686	-1
3.85262584686	-1
3.85262584686	-1
3.85262584686	-1
3.85262584686	-1
3.85262584686	-1
3.85262584686	-1
3.85262584686	-1
3.85350680351	-1
3.85350680351	-1
3.85350680351	-1
3.85350680351	-1
3.85350680351	-1
3.85350680351	-1
3.85350680351	-1
3.85350680351	-1
3.85591888428	-1
3.85591888428	-1
3.85591888428	-1
3.85591888428	-1
3.85591888428	-1
3.85591888428	-1
3.85591888428	-1
3.85591888428	-1
3.92796492577	-1
3.92796492577	-1
3.92796492577	-1
3.92796492577	-1
3.92796492577	-1
3.92796492577	-1
3.92796492577	-1
3.92796492577	-1
3.9285390377	-1
3.9285390377	-1
3.9285390377	-1
3.9285390377	-1
3.9285390377	-1
3.9285390377	-1
3.9285390377	-1
3.9285390377	-1
3.92929601669	-1
3.92929601669	-1
3.92929601669	-1
3.92929601669	-1
3.92929601669	-1
3.92929601669	-1
3.92929601669	-1
3.93086099625	1
4.00156998634	-1
4.00156998634	-1
4.00156998634	-1
4.00156998634	-1
4.00156998634	-1
4.00156998634	-1
4.00156998634	-1
4.00156998634	-1
4.00234389305	-1
4.00234389305	-1
4.00234389305	-1
4.00234389305	-1
4.00234389305	-1
4.00234389305	-1
4.00234389305	-1
4.00234389305	-1
4.00258994102	-1
4.00258994102	-1
4.00258994102	-1
4.00258994102	-1
4.00258994102	-1
4.00258994102	-1
4.00258994102	-1
4.0044708252	-1
4.0044708252	-1
4.0044708252	-1
4.0044708252	-1
4.0044708252	-1
4.0044708252	-1
4.0044708252	-1
4.0044708252	-1
4.00450396538	1
4.07818102837	-1
4.07818102837	-1
4.07818102837	-1
4.07818102837	-1
4.07818102837	-1
4.07818102837	-1
4.07818102837	-1
4.07818102837	-1
4.0789539814	-1
4.0789539814	-1
4.0789539814	-1
4.0789539814	-1
4.0789539814	-1
4.0789539814	-1
4.0789539814	-1
4.0789539814	-1
4.08033680916	-1
4.08033680916	-1
4.08033680916	-1
4.08033680916	-1
4.08033680916	-1
4.08033680916	-1
4.08033680916	-1
4.08033680916	-1
4.08037090302	1
4.08193898201	1
4.08193898201	1
4.08193898201	1
4.15179181099	-1
4.15179181099	-1
4.15179181099	-1
4.15179181099	-1
4.15179181099	-1
4.15179181099	-1
4.15179181099	-1
4.15179181099	-1
4.15268301964	-1
4.15268301964	-1
4.15268301964	-1
4.15268301964	-1
4.15268301964	-1
4.15268301964	-1
4.15268301964	-1
4.15268301964	-1
4.15304088593	-1
4.15304088593	-1
4.15304088593	-1
4.15304088593	-1
4.15304088593	-1
4.15304088593	-1
4.15304088593	-1
4.15304088593	-1
4.15587282181	-1
4.15587282181	-1
4.15587282181	-1
4.15587282181	-1
4.15587282181	-1
4.15587282181	-1
4.15587282181	-1
4.225440979	-1
4.225440979	-1
4.225440979	-1
4.225440979	-1
4.225440979	-1
4.225440979	-1
4.225440979	-1
4.225440979	-1
4.22722196579	-1
4.22722196579	-1
4.22722196579	-1
4.22722196579	-1
4.22722196579	-1
4.22722196579	-1
4.22722196579	-1
4.22722196579	-1
4.22867488861	-1
4.22867488861	-1
4.22867488861	-1
4.22867488861	-1
4.22867488861	-1
4.22867488861	-1
4.22867488861	-1
4.22867488861	-1
4.23005485535	1
4.23005485535	1
4.29941082001	-1
4.29941082001	-1
4.29941082001	-1
4.29941082001	-1
4.29941082001	-1
4.29941082001	-1
4.29941082001	-1
4.29941082001	-1
4.29941082001	-1
4.29941082001	-1
4.29941082001	-1
4.30088400841	-1
4.30088400841	-1
4.30088400841	-1
4.30088400841	-1
4.30147790909	-1
4.30147790909	-1
4.49335885048	-1
4.49441599846	-1
4.49441599846	-1
4.49441599846	-1
4.49441599846	-1
4.49441599846	-1
4.49441599846	-1
4.49441599846	-1
4.5695309639	-1
4.5695309639	-1
4.5695309639	-1
4.5695309639	-1
4.5695309639	-1
4.6034309864	-1
4.60603189468	-1
4.60603189468	-1
4.60603189468	-1
4.60603189468	-1
4.60603189468	-1
4.60603189468	-1
4.60647988319	-1
4.60647988319	-1
4.60660195351	-1
4.60660195351	-1
4.60660195351	-1
4.60660195351	-1
4.60672497749	-1
4.60690903664	-1
4.60690903664	-1
4.60690903664	-1
4.60690903664	-1
4.60690903664	-1
4.6098678112	-1
4.6098678112	-1
4.6098678112	-1
4.6098678112	-1
4.6098678112	-1
4.6098678112	-1
4.67697381973	-1
4.67697381973	-1
4.73841094971	-1
4.73841094971	-1
4.73841094971	-1
4.73841094971	-1
4.73927783966	-1
4.73927783966	-1
4.73927783966	-1
4.73969984055	-1
4.74002695084	-1
4.74002695084	-1
4.74002695084	-1
4.74007892609	-1
4.74007892609	-1
4.74007892609	-1
4.74007892609	-1
4.74027299881	-1
4.74060082436	-1
4.74060082436	-1
4.74060082436	-1
4.74060082436	-1
4.74060082436	-1
4.74099588394	1
4.75313997269	-1
4.75313997269	-1
4.75313997269	-1
4.75313997269	-1
4.75313997269	-1
4.75313997269	-1
4.75313997269	-1
4.78026485443	-1
4.78026485443	-1
4.78026485443	-1
4.78026485443	-1
4.78026485443	-1
4.78026485443	-1
4.82658100128	1
4.87050795555	-1
4.87050795555	-1
4.87050795555	-1
4.87065887451	-1
4.87065887451	-1
4.87065887451	-1
4.87065887451	-1
4.87065887451	-1
4.87065887451	-1
4.87098789215	-1
4.87098789215	-1
4.87098789215	-1
4.87125396729	-1
4.87125396729	-1
4.87125396729	-1
4.87125396729	-1
4.87125396729	-1
4.87172698975	-1
4.87172698975	-1
4.87172698975	-1
4.87184691429	-1
4.87188386917	-1
4.87188386917	-1
4.87188386917	-1
4.87188386917	-1
4.87188386917	-1
4.90095591545	1
4.97354388237	-1
4.97354388237	-1
5.00798988342	-1
5.00798988342	-1
5.00798988342	-1
5.00798988342	-1
5.00798988342	-1
5.00798988342	-1
5.10702896118	1
5.27086400986	1
5.27086400986	1
5.38596892357	1
5.71715402603	-1
5.71933603287	1
5.82731890678	-1
5.87992691994	-1
5.87992691994	-1
5.87992691994	-1
5.93986988068	-1
6.09153389931	-1
6.16562581062	-1
6.1672129631	-1
6.1672129631	-1
6.1672129631	-1
6.1672129631	-1
6.1672129631	-1
6.19963884354	-1
6.31478786469	-1
6.31478786469	-1
6.37154698372	1
6.37312102318	1
6.37312102318	1
6.37312102318	1
6.37397885323	1
6.37397885323	1
6.3757519722	1
6.3757519722	1
6.3757519722	1
6.44655203819	1
6.44655203819	1
6.618090868	1
6.69129991531	1
6.69129991531	1
6.76164293289	-1
6.76281380653	-1
6.76281380653	-1
6.76281380653	-1
6.76281380653	-1
6.76281380653	-1
6.76281380653	-1
6.76281380653	-1
6.76948094368	-1
6.76953101158	-1
6.76953101158	-1
6.76953101158	-1
6.76953101158	-1
6.76953101158	-1
6.83585381508	-1
6.83585381508	-1
6.83585381508	-1
6.83585381508	-1
6.83585381508	-1
6.83607602119	-1
6.83705592155	-1
6.83705592155	-1
6.83705592155	-1
6.83705592155	-1
6.83705592155	-1
6.87164402008	-1
6.87169194221	-1
6.87169194221	-1
6.87169194221	-1
6.87169194221	-1
6.87187480927	-1
6.87286186218	-1
6.87286186218	-1
6.87286186218	-1
6.87286186218	-1
6.87290596962	-1
6.87290596962	-1
6.87386083603	1
6.87504291534	1
6.87504291534	1
6.87504291534	1
6.88387203217	-1
6.88387203217	-1
6.88387203217	-1
6.88966584206	-1
6.90930485725	-1
6.90930485725	-1
6.90930485725	-1
6.90961503983	-1
6.91251993179	-1
6.91251993179	-1
6.91251993179	-1
6.91251993179	-1
6.91251993179	-1
6.98061299324	-1
6.98085999489	-1
6.98085999489	-1
6.98085999489	-1
6.98085999489	-1
6.98085999489	-1
6.98114681244	-1
6.98114681244	-1
6.98114681244	-1
6.98114681244	-1
6.98114681244	-1
6.98114681244	-1
6.98219299316	-1
6.98219299316	-1
6.98219299316	-1
6.98219299316	-1
6.98219299316	-1
6.98219299316	-1
6.98337197304	-1
6.98348283768	-1
6.98348283768	-1
6.98348283768	-1
6.98348283768	-1
6.98348283768	-1
7.01511883736	-1
7.01511883736	-1
7.01511883736	-1
7.01530694962	-1
7.01530694962	-1
7.01530694962	-1
7.01530694962	-1
7.01530694962	-1
7.01530694962	-1
7.05465602875	1
7.05465602875	1
7.09166789055	-1
7.10758185387	-1
7.10758185387	-1
7.10758185387	-1
7.10758185387	-1
7.10758185387	-1
7.10758185387	-1
7.14272284508	-1
7.14272284508	-1
7.18195581436	1
7.26528596878	-1
7.40222501755	-1
7.40862798691	1
7.45033192635	-1
7.45033192635	-1
7.45033192635	-1
7.48980903625	1
7.50044989586	-1
7.50044989586	-1
7.50044989586	-1
7.50056195259	-1
7.50056195259	-1
7.50056195259	-1
7.50056195259	-1
7.50111985207	-1
7.50123882294	-1
7.50123882294	-1
7.50123882294	-1
7.50123882294	-1
7.50123882294	-1
7.50380301476	-1
7.50392198563	-1
7.50392198563	-1
7.50392198563	-1
7.50392198563	-1
7.50622582436	-1
7.51842999458	-1
7.51842999458	-1
7.51842999458	-1
7.54125380516	-1
7.54125380516	-1
7.55806899071	-1
7.55806899071	-1
7.56671690941	1
7.56671690941	1
7.56671690941	1
7.6277179718	-1
7.6277179718	-1
7.6277179718	-1
7.62800598145	-1
7.62800598145	-1
7.62800598145	-1
7.63009190559	-1
7.63009190559	-1
7.63009190559	-1
7.63009190559	-1
7.63009190559	-1
7.63090181351	-1
7.63090181351	-1
7.63090181351	-1
7.63090181351	-1
7.63090181351	-1
7.63090181351	-1
7.63149094582	-1
7.63161087036	-1
7.63161087036	-1
7.63161087036	-1
7.63161087036	-1
7.63161087036	-1
7.63177394867	-1
7.631980896	-1
7.631980896	-1
7.631980896	-1
7.631980896	-1
7.631980896	-1
7.63238787651	-1
7.63238787651	-1
7.63238787651	-1
7.63238787651	-1
7.63238787651	-1
7.63238787651	-1
7.65121293068	-1
7.65121293068	-1
7.70174694061	-1
7.70174694061	-1
7.70174694061	-1
7.70174694061	-1
7.70178103447	1
7.81919193268	-1
7.81919193268	-1
7.81922698021	1
7.89931702614	-1
7.96989703178	-1
7.96989703178	-1
7.96989703178	-1
7.96989703178	-1
7.96989703178	-1
7.96989703178	-1
7.96989703178	-1
7.96989703178	-1
7.97521781921	-1
7.97521781921	-1
7.97521781921	-1
7.97521781921	-1
7.97521781921	-1
7.9773068428	-1
7.9773068428	-1
7.9773068428	-1
7.9773068428	-1
7.9773068428	-1
8.00513982773	-1
8.00581097603	-1
8.00581097603	-1
8.00581097603	-1
8.01001191139	-1
8.01001191139	-1
8.01001191139	-1
8.01005482674	-1
8.05076289177	-1
8.05076289177	-1
8.05076289177	-1
8.0553560257	-1
8.0553560257	-1
8.0553560257	-1
8.0553560257	-1
8.0553560257	-1
8.0553560257	-1
8.19184494019	1
8.19198703766	1
8.19198703766	1
8.19198703766	1
8.19314098358	1
8.19314098358	1
8.19314098358	1
8.19314098358	1
8.19314098358	1
8.19314098358	1
8.19727683067	-1
8.26603794098	1
8.27058887482	-1
8.41151285172	1
8.48485302925	1
8.59529495239	-1
8.60023498535	1
8.70102381706	-1
8.70105886459	1
8.76487803459	-1
8.76487803459	-1
8.76487803459	-1
8.76487803459	-1
8.7727599144	-1
8.7727599144	-1
8.7727599144	-1
8.77308988571	-1
8.77345895767	-1
8.77345895767	-1
8.77345895767	-1
8.77345895767	-1
8.77345895767	-1
8.77345895767	-1
8.77456593513	-1
8.77542996407	-1
8.77542996407	-1
8.77542996407	-1
8.77542996407	-1
8.77542996407	-1
8.77542996407	-1
8.77542996407	-1
8.77755880356	1
8.8489048481	-1
8.8511300087	-1
8.8511300087	-1
8.8511300087	-1
8.8511300087	-1
8.89082598686	1
8.89082598686	1
9.02850103378	1
9.03593087196	-1
9.03593087196	-1
9.11123299599	-1
9.11126685143	1
9.21950292587	-1
9.22082090378	1
9.32890200615	-1
9.32894396782	1
9.43704795837	-1
9.43708395958	1
9.61998295784	-1
9.88966798782	-1
10.0026350021	-1
10.1582229137	-1
10.1582229137	-1
10.4117259979	1
11.4115588665	1
11.5984218121	-1
11.7638909817	-1
12.4128279686	1
12.4861249924	1
12.7290959358	-1
13.4120309353	1
14.4117159843	1
14.4856820107	1
16.7148599625	1
16.7153148651	1
16.7153148651	1
16.7153148651	1
16.7153148651	1
16.7153148651	1
16.716809988	1
16.7176179886	1
16.7176179886	1
16.7176179886	1
16.7176179886	1
16.7176179886	1
16.7176179886	1
16.7176179886	1
16.7178189754	1
16.7178189754	1
