0.0	1
0.250669956207	1
0.491029977798	-1
0.492451906204	1
0.616968870163	-1
0.617753982544	1
0.643900871277	1
0.643900871277	1
0.643900871277	1
0.895177841187	1
0.895177841187	1
0.895177841187	1
1.07301092148	-1
1.07459497452	1
1.25410294533	-1
1.25565695763	1
1.37040495872	-1
1.37040495872	-1
1.3717880249	1
1.44603085518	-1
1.44603085518	-1
1.44603085518	-1
1.45605802536	-1
1.45605802536	-1
1.45605802536	-1
1.45605802536	-1
1.45605802536	-1
1.45605802536	-1
1.45605802536	-1
1.45605802536	-1
1.48645687103	1
1.48645687103	1
1.64062595367	1
1.66349196434	-1
1.72610902786	-1
1.72610902786	-1
1.72610902786	-1
1.72610902786	-1
1.72610902786	-1
1.72610902786	-1
1.72610902786	-1
1.72610902786	-1
1.76864504814	1
2.19007182121	-1
2.19117498398	1
2.21453690529	-1
2.21453690529	-1
2.21453690529	-1
2.21453690529	-1
2.21453690529	-1
2.21453690529	-1
2.21453690529	-1
2.21453690529	-1
2.21453690529	-1
2.22845697403	-1
2.22845697403	-1
2.23471283913	-1
2.23471283913	-1
2.23471283913	-1
2.23471283913	-1
2.23471283913	-1
2.23471283913	-1
2.23471283913	-1
2.30476689339	-1
2.33039903641	-1
2.33039903641	-1
2.33039903641	-1
2.33039903641	-1
2.33039903641	-1
2.33039903641	-1
2.34007096291	-1
2.34007096291	-1
2.34007096291	-1
2.34007096291	-1
2.34007096291	-1
2.34007096291	-1
2.34007096291	-1
2.34007096291	-1
2.3612818718	1
2.37392902374	-1
2.37392902374	-1
2.37392902374	-1
2.37392902374	-1
2.37392902374	-1
2.38997387886	-1
2.38997387886	-1
2.38997387886	-1
2.38997387886	-1
2.38997387886	-1
2.38997387886	-1
2.38997387886	-1
2.40046000481	1
2.40046000481	1
2.40046000481	1
2.40457391739	-1
2.40467882156	-1
2.40467882156	-1
2.40467882156	-1
2.40467882156	-1
2.40467882156	-1
2.40467882156	-1
2.40467882156	-1
2.42648983002	1
2.42648983002	1
2.4281308651	-1
2.4281308651	-1
2.4281308651	-1
2.4281308651	-1
2.4281308651	-1
2.4281308651	-1
2.4281308651	-1
2.4281308651	-1
2.454818964	-1
2.454818964	-1
2.454818964	-1
2.454818964	-1
2.454818964	-1
2.454818964	-1
2.454818964	-1
2.454818964	-1
2.45517897606	-1
2.45517897606	-1
2.45517897606	-1
2.45517897606	-1
2.45517897606	-1
2.45517897606	-1
2.45517897606	-1
2.45542287827	-1
2.4760248661	-1
2.47604489326	1
2.47604489326	1
2.49359488487	-1
2.49359488487	-1
2.49359488487	-1
2.49359488487	-1
2.49359488487	-1
2.49359488487	-1
2.49359488487	-1
2.49375796318	-1
2.49375796318	-1
2.49375796318	-1
2.49375796318	-1
2.49375796318	-1
2.49375796318	-1
2.49375796318	-1
2.49375796318	-1
2.51562690735	-1
2.51562690735	-1
2.51562690735	-1
2.51562690735	-1
2.51562690735	-1
2.51562690735	-1
2.51562690735	-1
2.51562690735	-1
2.52591586113	-1
2.52591586113	-1
2.59315490723	1
2.59336900711	1
2.59336900711	1
2.59336900711	1
2.59336900711	1
2.59336900711	1
2.59336900711	1
2.59336900711	1
2.59336900711	1
2.60601782799	1
2.70802497864	-1
2.70802497864	-1
2.70806002617	1
2.79094600677	-1
2.79094600677	-1
2.79094600677	-1
2.79291701317	1
2.79291701317	1
2.79291701317	1
2.81715703011	-1
2.81715703011	-1
2.82128691673	-1
2.82128691673	-1
2.82128691673	-1
2.82128691673	-1
2.82291197777	1
2.84074687958	-1
2.84074687958	-1
2.84074687958	-1
2.84074687958	-1
2.85685586929	-1
2.85685586929	-1
2.86475396156	-1
2.86475396156	-1
2.86475396156	-1
2.86475396156	-1
2.86475396156	-1
2.86475396156	-1
2.86475396156	-1
2.87119793892	-1
2.88282203674	-1
2.88282203674	-1
2.88282203674	-1
2.88282203674	-1
2.88282203674	-1
2.88282203674	-1
2.89269185066	-1
2.89269185066	-1
2.89269185066	-1
2.89269185066	-1
2.89269185066	-1
2.89269185066	-1
2.89269185066	-1
2.89269185066	-1
2.90361905098	-1
2.90361905098	-1
2.90361905098	-1
2.90361905098	-1
2.90361905098	-1
2.90361905098	-1
2.90361905098	-1
2.90361905098	-1
2.91612887383	-1
2.91612887383	-1
2.93329000473	-1
2.93329000473	-1
2.93339586258	-1
2.93339586258	-1
2.93339586258	-1
2.93339586258	-1
2.93339586258	-1
2.93339586258	-1
2.93339586258	-1
2.93764901161	1
2.93764901161	1
2.94649887085	-1
2.94649887085	-1
2.94649887085	-1
2.96701788902	-1
2.96701788902	-1
2.96701788902	-1
2.96701788902	-1
2.96701788902	-1
2.96701788902	-1
2.96701788902	-1
2.96701788902	-1
2.96736884117	-1
2.96736884117	-1
2.96736884117	-1
2.96736884117	-1
2.96736884117	-1
2.98725295067	-1
2.98725295067	-1
2.98735690117	-1
2.99749684334	-1
2.99749684334	-1
2.99749684334	-1
2.99749684334	-1
2.99749684334	-1
2.99749684334	-1
2.99749684334	-1
3.00746488571	-1
3.00746488571	-1
3.00746488571	-1
3.00746488571	-1
3.00746488571	-1
3.00746488571	-1
3.00746488571	-1
3.00746488571	-1
3.01530790329	-1
3.01530790329	-1
3.03662705421	-1
3.03662705421	-1
3.03662705421	-1
3.04684591293	-1
3.04684591293	-1
3.05237603188	1
3.05237603188	1
3.06517386436	-1
3.06517386436	-1
3.06517386436	-1
3.06517386436	-1
3.06517386436	-1
3.06517386436	-1
3.06517386436	-1
3.06517386436	-1
3.07287192345	-1
3.08006095886	-1
3.08006095886	-1
3.08006095886	-1
3.08006095886	-1
3.08006095886	-1
3.08006095886	-1
3.08006095886	-1
3.0876789093	-1
3.0876789093	-1
3.0876789093	-1
3.0876789093	-1
3.0876789093	-1
3.0876789093	-1
3.0876789093	-1
3.0876789093	-1
3.09439492226	-1
3.09439492226	-1
3.09439492226	-1
3.1011068821	-1
3.10933589935	-1
3.10933589935	-1
3.10933589935	-1
3.10933589935	-1
3.10933589935	-1
3.10933589935	-1
3.10933589935	-1
3.1157169342	-1
3.1234369278	-1
3.1234369278	-1
3.1234369278	-1
3.1234369278	-1
3.1234369278	-1
3.1234369278	-1
3.1234369278	-1
3.13115787506	-1
3.13115787506	-1
3.13115787506	-1
3.13115787506	-1
3.13115787506	-1
3.13115787506	-1
3.13115787506	-1
3.13115787506	-1
3.14723300934	-1
3.14723300934	-1
3.14723300934	-1
3.14723300934	-1
3.14723300934	-1
3.14723300934	-1
3.14723300934	-1
3.14723300934	-1
3.14758086205	-1
3.14758086205	-1
3.14758086205	-1
3.14758086205	-1
3.14758086205	-1
3.14758086205	-1
3.14758086205	-1
3.14758086205	-1
3.17236185074	-1
3.17236185074	-1
3.17236185074	-1
3.17236185074	-1
3.17236185074	-1
3.17236185074	-1
3.17236185074	-1
3.17236185074	-1
3.1724050045	1
3.1724050045	1
3.17270803452	-1
3.17270803452	-1
3.17270803452	-1
3.17270803452	-1
3.17270803452	-1
3.17270803452	-1
3.17270803452	-1
3.17270803452	-1
3.18935704231	-1
3.18935704231	-1
3.18935704231	-1
3.18935704231	-1
3.18935704231	-1
3.18935704231	-1
3.18935704231	-1
3.18935704231	-1
3.18970489502	-1
3.18970489502	-1
3.18970489502	-1
3.18970489502	-1
3.18970489502	-1
3.18970489502	-1
3.18970489502	-1
3.18970489502	-1
3.20246195793	-1
3.21186089516	-1
3.21186089516	-1
3.21186089516	-1
3.21186089516	-1
3.21186089516	-1
3.21186089516	-1
3.21186089516	-1
3.21200203896	-1
3.21200203896	-1
3.21200203896	-1
3.22683000565	-1
3.22683000565	-1
3.22683000565	-1
3.22683000565	-1
3.22683000565	-1
3.22683000565	-1
3.22683000565	-1
3.22683000565	-1
3.22741603851	1
3.22741603851	1
3.22741603851	1
3.22741603851	1
3.22741603851	1
3.22741603851	1
3.24296998978	-1
3.2430729866	-1
3.2430729866	-1
3.2430729866	-1
3.2430729866	-1
3.2430729866	-1
3.2430729866	-1
3.2430729866	-1
3.25135087967	1
3.25135087967	1
3.25225305557	-1
3.25225305557	-1
3.25225305557	-1
3.25225305557	-1
3.25225305557	-1
3.25225305557	-1
3.25225305557	-1
3.25225305557	-1
3.26254105568	-1
3.26655697823	-1
3.26655697823	-1
3.26655697823	-1
3.26655697823	-1
3.26655697823	-1
3.26655697823	-1
3.26655697823	-1
3.27114701271	-1
3.2892768383	-1
3.2892768383	-1
3.2892768383	-1
3.2892768383	-1
3.2892768383	-1
3.2892768383	-1
3.2892768383	-1
3.28939390182	1
3.29996991158	-1
3.29996991158	-1
3.29996991158	-1
3.29996991158	-1
3.29996991158	-1
3.29996991158	-1
3.29996991158	-1
3.29996991158	-1
3.30901193619	-1
3.31431484222	-1
3.31431484222	-1
3.31431484222	-1
3.31431484222	-1
3.31431484222	-1
3.31431484222	-1
3.31431484222	-1
3.32150292397	-1
3.32150292397	-1
3.32150292397	-1
3.32150292397	-1
3.32150292397	-1
3.32150292397	-1
3.32150292397	-1
3.32150292397	-1
3.32754397392	-1
3.32754397392	-1
3.32754397392	-1
3.32754397392	-1
3.32754397392	-1
3.32754397392	-1
3.32754397392	-1
3.32754397392	-1
3.33495783806	-1
3.33495783806	-1
3.33495783806	-1
3.33495783806	-1
3.33495783806	-1
3.33495783806	-1
3.33495783806	-1
3.33495783806	-1
3.34278082848	-1
3.34432291985	1
3.34432291985	1
3.34432291985	1
3.34470391273	1
3.34470391273	1
3.34804296494	-1
3.34804296494	-1
3.34804296494	-1
3.34804296494	-1
3.34804296494	-1
3.34804296494	-1
3.35584592819	-1
3.35584592819	-1
3.35584592819	-1
3.35584592819	-1
3.35584592819	-1
3.35584592819	-1
3.35584592819	-1
3.36182689667	-1
3.36182689667	-1
3.36182689667	-1
3.36839985847	-1
3.37796187401	-1
3.37796187401	-1
3.37796187401	-1
3.37796187401	-1
3.37796187401	-1
3.37796187401	-1
3.37796187401	-1
3.3876709938	-1
3.3876709938	-1
3.3876709938	-1
3.3876709938	-1
3.3876709938	-1
3.3876709938	-1
3.3876709938	-1
3.3876709938	-1
3.38775396347	1
3.38775396347	1
3.38775396347	1
3.39571785927	-1
3.39571785927	-1
3.39571785927	-1
3.39571785927	-1
3.39571785927	-1
3.39571785927	-1
3.39571785927	-1
3.39571785927	-1
3.40400695801	-1
3.40400695801	-1
3.40400695801	-1
3.40400695801	-1
3.40400695801	-1
3.40400695801	-1
3.40400695801	-1
3.40400695801	-1
3.40427994728	1
3.41765189171	1
3.41765189171	1
3.41765189171	1
3.41940689087	1
3.41940689087	1
3.42208099365	-1
3.42208099365	-1
3.42208099365	-1
3.42208099365	-1
3.42208099365	-1
3.42208099365	-1
3.42744803429	1
3.42744803429	1
3.42744803429	1
3.44071698189	-1
3.44071698189	-1
3.44071698189	-1
3.44071698189	-1
3.44071698189	-1
3.44071698189	-1
3.44348192215	1
3.44348192215	1
3.44354104996	1
3.44354104996	1
3.44354104996	1
3.44354104996	1
3.44354104996	1
3.44354104996	1
3.44354104996	1
3.44354104996	1
3.44860196114	-1
3.44860196114	-1
3.44860196114	-1
3.44860196114	-1
3.44860196114	-1
3.44860196114	-1
3.44860196114	-1
3.45505404472	-1
3.46155500412	-1
3.46155500412	-1
3.46155500412	-1
3.46155500412	-1
3.48292994499	-1
3.48292994499	-1
3.48292994499	-1
3.48292994499	-1
3.49192690849	-1
3.49192690849	-1
3.49192690849	-1
3.50308799744	-1
3.50308799744	-1
3.50308799744	-1
3.50308799744	-1
3.50308799744	-1
3.50308799744	-1
3.50308799744	-1
3.51088905334	-1
3.51088905334	-1
3.51088905334	-1
3.51088905334	-1
3.51088905334	-1
3.51088905334	-1
3.51088905334	-1
3.51088905334	-1
3.51421785355	1
3.51421785355	1
3.51421785355	1
3.51421785355	1
3.51421785355	1
3.51421785355	1
3.51421785355	1
3.51421785355	1
3.51421785355	1
3.51949501038	-1
3.51949501038	-1
3.51949501038	-1
3.51949501038	-1
3.51949501038	-1
3.51949501038	-1
3.51949501038	-1
3.51949501038	-1
3.5311229229	-1
3.5311229229	-1
3.5311229229	-1
3.5311229229	-1
3.5311229229	-1
3.5311229229	-1
3.5311229229	-1
3.5311229229	-1
3.53847789764	-1
3.54625582695	-1
3.54625582695	-1
3.56242990494	-1
3.56242990494	-1
3.56242990494	-1
3.56242990494	-1
3.56242990494	-1
3.56242990494	-1
3.56242990494	-1
3.56242990494	-1
3.57143187523	-1
3.57143187523	-1
3.57143187523	-1
3.57143187523	-1
3.57143187523	-1
3.57143187523	-1
3.57143187523	-1
3.58467698097	-1
3.58467698097	-1
3.5933778286	-1
3.5933778286	-1
3.5933778286	-1
3.5933778286	-1
3.5933778286	-1
3.5933778286	-1
3.5933778286	-1
3.59972882271	-1
3.59972882271	-1
3.59972882271	-1
3.60775399208	-1
3.62360501289	-1
3.62360501289	-1
3.62360501289	-1
3.62360501289	-1
3.62360501289	-1
3.62360501289	-1
3.62360501289	-1
3.63399791718	1
3.63399791718	1
3.68414187431	-1
3.68414187431	-1
3.68414187431	-1
3.68414187431	-1
3.68414187431	-1
3.68414187431	-1
3.68414187431	-1
3.68414187431	-1
3.68414187431	-1
3.68414187431	-1
3.68449091911	-1
3.68449091911	-1
3.68449091911	-1
3.68449091911	-1
3.68449091911	-1
3.68449091911	-1
3.69098997116	-1
3.69098997116	-1
3.69098997116	-1
3.69098997116	-1
3.69098997116	-1
3.69098997116	-1
3.69098997116	-1
3.69098997116	-1
3.69792294502	-1
3.69792294502	-1
3.69792294502	-1
3.69792294502	-1
3.69792294502	-1
3.69792294502	-1
3.69792294502	-1
3.69792294502	-1
3.70365691185	-1
3.71258592606	-1
3.71258592606	-1
3.71258592606	-1
3.71258592606	-1
3.71258592606	-1
3.71258592606	-1
3.71258592606	-1
3.72083091736	-1
3.72083091736	-1
3.72083091736	-1
3.72083091736	-1
3.72083091736	-1
3.72083091736	-1
3.72083091736	-1
3.72083091736	-1
3.73008584976	-1
3.73008584976	-1
3.73008584976	-1
3.73008584976	-1
3.73008584976	-1
3.73008584976	-1
3.73008584976	-1
3.73008584976	-1
3.73877382278	-1
3.73877382278	-1
3.73877382278	-1
3.73877382278	-1
3.73877382278	-1
3.73877382278	-1
3.73877382278	-1
3.73877382278	-1
3.74891090393	-1
3.74892687798	1
3.74892687798	1
3.75226902962	-1
3.75226902962	-1
3.75226902962	-1
3.75226902962	-1
3.75226902962	-1
3.75226902962	-1
3.75226902962	-1
3.76394200325	-1
3.76394200325	-1
3.76394200325	-1
3.76394200325	-1
3.76394200325	-1
3.76394200325	-1
3.76394200325	-1
3.76394200325	-1
3.77914690971	-1
3.77914690971	-1
3.78577685356	-1
3.78577685356	-1
3.78577685356	-1
3.78577685356	-1
3.78577685356	-1
3.78577685356	-1
3.78577685356	-1
3.79683184624	-1
3.80356884003	-1
3.80356884003	-1
3.80356884003	-1
3.80356884003	-1
3.80356884003	-1
3.80356884003	-1
3.80356884003	-1
3.81148004532	-1
3.81148004532	-1
3.81148004532	-1
3.81148004532	-1
3.81148004532	-1
3.81148004532	-1
3.81819391251	-1
3.81819391251	-1
3.81819391251	-1
3.81819391251	-1
3.81819391251	-1
3.81819391251	-1
3.81819391251	-1
3.81819391251	-1
3.82667183876	-1
3.82667183876	-1
3.82667183876	-1
3.82667183876	-1
3.82667183876	-1
3.82667183876	-1
3.82667183876	-1
3.82667183876	-1
3.83459401131	-1
3.83459401131	-1
3.83459401131	-1
3.84184288979	-1
3.85003495216	-1
3.85003495216	-1
3.85003495216	-1
3.85003495216	-1
3.85003495216	-1
3.85003495216	-1
3.85003495216	-1
3.85939693451	-1
3.85939693451	-1
3.85939693451	-1
3.86381983757	1
3.8755209446	-1
3.8755209446	-1
3.8755209446	-1
3.8755209446	-1
3.8755209446	-1
3.8755209446	-1
3.8755209446	-1
3.8755209446	-1
3.88227891922	-1
3.89679884911	-1
3.89679884911	-1
3.89679884911	-1
3.89679884911	-1
3.89679884911	-1
3.89679884911	-1
3.89679884911	-1
3.89679884911	-1
3.90394496918	-1
3.90394496918	-1
3.90394496918	-1
3.90394496918	-1
3.90394496918	-1
3.90394496918	-1
3.90394496918	-1
3.90394496918	-1
3.91023087502	-1
3.91023087502	-1
3.91023087502	-1
3.91023087502	-1
3.91023087502	-1
3.91023087502	-1
3.91023087502	-1
3.91023087502	-1
3.91785597801	-1
3.91785597801	-1
3.91785597801	-1
3.91785597801	-1
3.91785597801	-1
3.91785597801	-1
3.91785597801	-1
3.91785597801	-1
3.92085886002	1
3.92085886002	1
3.92085886002	1
3.92967891693	-1
3.92967891693	-1
3.92967891693	-1
3.92967891693	-1
3.94251799583	-1
3.94262003899	-1
3.94262003899	-1
3.94262003899	-1
3.94262003899	-1
3.94262003899	-1
3.94853901863	-1
3.95589089394	-1
3.95589089394	-1
3.95589089394	-1
3.95589089394	-1
3.95589089394	-1
3.95589089394	-1
3.95589089394	-1
3.96320199966	-1
3.96320199966	-1
3.96320199966	-1
3.96320199966	-1
3.96320199966	-1
3.96320199966	-1
3.96320199966	-1
3.97856092453	-1
3.97860097885	1
3.98642492294	-1
3.98642492294	-1
3.98642492294	-1
3.98642492294	-1
3.98642492294	-1
3.98642492294	-1
3.98642492294	-1
3.98642492294	-1
3.98642492294	-1
3.98677587509	-1
3.98677587509	-1
3.98677587509	-1
3.98677587509	-1
3.98677587509	-1
3.98677587509	-1
3.990929842	-1
3.990929842	-1
3.990929842	-1
3.990929842	-1
3.990929842	-1
3.990929842	-1
3.990929842	-1
3.990929842	-1
3.99607205391	-1
3.99607205391	-1
3.99607205391	-1
3.99607205391	-1
3.99607205391	-1
3.99607205391	-1
3.99607205391	-1
3.99607205391	-1
4.01163601875	-1
4.01163601875	-1
4.01163601875	-1
4.01163601875	-1
4.01163601875	-1
4.01163601875	-1
4.01163601875	-1
4.01551890373	-1
4.02035188675	-1
4.02035188675	-1
4.02035188675	-1
4.02035188675	-1
4.02035188675	-1
4.02035188675	-1
4.02035188675	-1
4.02078986168	1
4.02078986168	1
4.02078986168	1
4.02648282051	-1
4.02648282051	-1
4.04331493378	-1
4.04962182045	-1
4.04962182045	-1
4.04962182045	-1
4.04962182045	-1
4.04962182045	-1
4.04962182045	-1
4.04962182045	-1
4.07292699814	-1
4.07292699814	-1
4.07292699814	-1
4.07292699814	-1
4.07292699814	-1
4.07292699814	-1
4.07292699814	-1
4.07292699814	-1
4.07292699814	-1
4.07327699661	-1
4.07327699661	-1
4.07327699661	-1
4.07327699661	-1
4.07327699661	-1
4.07327699661	-1
4.07887601852	-1
4.07887601852	-1
4.07887601852	-1
4.07887601852	-1
4.07887601852	-1
4.07887601852	-1
4.07887601852	-1
4.07887601852	-1
4.0839240551	-1
4.0839240551	-1
4.0839240551	-1
4.0839240551	-1
4.0839240551	-1
4.0839240551	-1
4.0839240551	-1
4.0839240551	-1
4.09139800072	-1
4.09334087372	1
4.09627199173	-1
4.09627199173	-1
4.09627199173	-1
4.09627199173	-1
4.09627199173	-1
4.09627199173	-1
4.09627199173	-1
4.10225105286	-1
4.10225105286	-1
4.10225105286	-1
4.10225105286	-1
4.10225105286	-1
4.10225105286	-1
4.10225105286	-1
4.10225105286	-1
4.10538482666	-1
4.10538482666	-1
4.10538482666	-1
4.10538482666	-1
4.10538482666	-1
4.10538482666	-1
4.10538482666	-1
4.10538482666	-1
4.10849690437	-1
4.10849690437	-1
4.10849690437	-1
4.10849690437	-1
4.10849690437	-1
4.10849690437	-1
4.10849690437	-1
4.10849690437	-1
4.11683297157	-1
4.11683297157	-1
4.11683297157	-1
4.11683297157	-1
4.11683297157	-1
4.11683297157	-1
4.11683297157	-1
4.11683297157	-1
4.12168598175	-1
4.12168598175	-1
4.12168598175	-1
4.12168598175	-1
4.12168598175	-1
4.12168598175	-1
4.12168598175	-1
4.12168598175	-1
4.12752199173	-1
4.12752199173	-1
4.12752199173	-1
4.12752199173	-1
4.12752199173	-1
4.12752199173	-1
4.12752199173	-1
4.12752199173	-1
4.13518095016	-1
4.13518095016	-1
4.13518095016	-1
4.13518095016	-1
4.13518095016	-1
4.13518095016	-1
4.13518095016	-1
4.13518095016	-1
4.13640785217	1
4.13640785217	1
4.13640785217	1
4.15031599998	-1
4.15031599998	-1
4.15031599998	-1
4.15031599998	-1
4.15031599998	-1
4.15031599998	-1
4.15045285225	-1
4.15045285225	-1
4.15045285225	-1
4.15045285225	-1
4.15045285225	-1
4.15045285225	-1
4.15045285225	-1
4.15045285225	-1
4.18593001366	-1
4.18593001366	-1
4.18593001366	-1
4.18593001366	-1
4.18593001366	-1
4.18593001366	-1
4.18593001366	-1
4.18593001366	-1
4.18593001366	-1
4.18627786636	-1
4.18627786636	-1
4.18627786636	-1
4.18627786636	-1
4.18627786636	-1
4.18627786636	-1
4.18652582169	-1
4.18652582169	-1
4.18652582169	-1
4.18652582169	-1
4.18652582169	-1
4.18652582169	-1
4.18652582169	-1
4.18652582169	-1
4.19365000725	-1
4.19365000725	-1
4.19365000725	-1
4.19365000725	-1
4.19365000725	-1
4.19365000725	-1
4.19365000725	-1
4.19365000725	-1
4.20419692993	-1
4.20419692993	-1
4.20419692993	-1
4.20419692993	-1
4.20419692993	-1
4.20419692993	-1
4.20419692993	-1
4.20419692993	-1
4.20907998085	-1
4.20907998085	-1
4.20907998085	-1
4.20907998085	-1
4.20907998085	-1
4.20907998085	-1
4.20907998085	-1
4.20907998085	-1
4.21513986588	-1
4.21513986588	-1
4.21513986588	-1
4.21513986588	-1
4.21513986588	-1
4.21513986588	-1
4.21513986588	-1
4.21513986588	-1
4.21957397461	-1
4.21957397461	-1
4.21957397461	-1
4.21957397461	-1
4.21957397461	-1
4.21957397461	-1
4.21957397461	-1
4.21957397461	-1
4.22381305695	-1
4.23005795479	-1
4.23005795479	-1
4.23005795479	-1
4.23005795479	-1
4.23005795479	-1
4.23005795479	-1
4.23005795479	-1
4.2343249321	-1
4.2343249321	-1
4.2343249321	-1
4.2343249321	-1
4.2343249321	-1
4.2343249321	-1
4.2343249321	-1
4.2343249321	-1
4.23970389366	-1
4.24095392227	1
4.24095392227	1
4.24095392227	1
4.25618886948	-1
4.25618886948	-1
4.25618886948	-1
4.25618886948	-1
4.25618886948	-1
4.25618886948	-1
4.26048994064	-1
4.26048994064	-1
4.26048994064	-1
4.26409387589	-1
4.26409387589	-1
4.26890802383	-1
4.26890802383	-1
4.26890802383	-1
4.26890802383	-1
4.26890802383	-1
4.26890802383	-1
4.26890802383	-1
4.27244997025	-1
4.27244997025	-1
4.27244997025	-1
4.27244997025	-1
4.27244997025	-1
4.27244997025	-1
4.27244997025	-1
4.27244997025	-1
4.27631902695	-1
4.27631902695	-1
4.27631902695	-1
4.27631902695	-1
4.27631902695	-1
4.27631902695	-1
4.27631902695	-1
4.27631902695	-1
4.28232097626	-1
4.28232097626	-1
4.28232097626	-1
4.28232097626	-1
4.28232097626	-1
4.28232097626	-1
4.28232097626	-1
4.28232097626	-1
4.29081201553	-1
4.29081201553	-1
4.29081201553	-1
4.29081201553	-1
4.29081201553	-1
4.29081201553	-1
4.29081201553	-1
4.29081201553	-1
4.32266998291	-1
4.3226878643	1
4.36169981956	-1
4.36169981956	-1
4.36169981956	-1
4.36169981956	-1
4.36169981956	-1
4.36169981956	-1
4.36169981956	-1
4.36169981956	-1
4.43762683868	1
4.48170995712	-1
4.48170995712	-1
4.48170995712	-1
4.48170995712	-1
4.48170995712	-1
4.48170995712	-1
4.48170995712	-1
4.57012104988	-1
4.57012104988	-1
4.57012104988	-1
4.57012104988	-1
4.57012104988	-1
4.57012104988	-1
4.57012104988	-1
4.57541203499	-1
4.57541203499	-1
4.57541203499	-1
4.57541203499	-1
4.57541203499	-1
4.57541203499	-1
4.57541203499	-1
4.57541203499	-1
4.58106303215	-1
4.58106303215	-1
4.58106303215	-1
4.58106303215	-1
4.58106303215	-1
4.58106303215	-1
4.58106303215	-1
4.58106303215	-1
4.58415198326	1
4.60409998894	-1
4.60409998894	-1
4.60871291161	-1
4.60871291161	-1
4.69119787216	-1
4.69119787216	-1
4.69119787216	-1
4.69119787216	-1
4.69119787216	-1
4.69119787216	-1
4.69119787216	-1
4.69119787216	-1
4.69119787216	-1
4.69154787064	-1
4.69154787064	-1
4.69154787064	-1
4.69258499146	1
4.69258499146	1
4.69258499146	1
4.69555497169	-1
4.69555497169	-1
4.69555497169	-1
4.69555497169	-1
4.69934201241	1
4.69934201241	1
4.70126390457	-1
4.70126390457	-1
4.70126390457	-1
4.70126390457	-1
4.70126390457	-1
4.70126390457	-1
4.70126390457	-1
4.71185898781	-1
4.71185898781	-1
4.71185898781	-1
4.71185898781	-1
4.71185898781	-1
4.71185898781	-1
4.71185898781	-1
4.71185898781	-1
4.73205399513	-1
4.73205399513	-1
4.77531099319	-1
4.77531099319	-1
4.77531099319	-1
4.77531099319	-1
4.77531099319	-1
4.77531099319	-1
4.77531099319	-1
4.78114199638	-1
4.78114199638	-1
4.78114199638	-1
4.78114199638	-1
4.78114199638	-1
4.78114199638	-1
4.78114199638	-1
4.78114199638	-1
4.79514694214	-1
4.80479192734	-1
4.80479192734	-1
4.80479192734	-1
4.80479192734	-1
4.80479192734	-1
4.80479192734	-1
4.80479192734	-1
4.81587004662	-1
4.81587004662	-1
4.81587004662	-1
4.81587004662	-1
4.81587004662	-1
4.81587004662	-1
4.81587004662	-1
4.81587004662	-1
4.82160592079	-1
4.82160592079	-1
4.82160592079	-1
4.82160592079	-1
4.82160592079	-1
4.82160592079	-1
4.82160592079	-1
4.82163786888	1
4.82163786888	1
4.83559393883	-1
4.83559393883	-1
4.83559393883	-1
4.83559393883	-1
4.83559393883	-1
4.83559393883	-1
4.83559393883	-1
4.83559393883	-1
4.84863686562	-1
4.84863686562	-1
4.84863686562	-1
4.84863686562	-1
4.85420894623	-1
4.86893391609	-1
4.86893391609	-1
4.86893391609	-1
4.90327501297	-1
4.90327501297	-1
4.90327501297	-1
4.90327501297	-1
4.90327501297	-1
4.90327501297	-1
4.90327501297	-1
4.90327501297	-1
4.92761182785	-1
4.92761182785	-1
4.92761182785	-1
4.94842600822	1
4.94842600822	1
4.94842600822	1
4.96376895905	-1
4.96376895905	-1
4.96376895905	-1
4.96376895905	-1
4.96376895905	-1
4.96376895905	-1
4.96376895905	-1
4.96376895905	-1
4.96376895905	-1
4.96845698357	-1
4.96845698357	-1
4.96845698357	-1
4.96845698357	-1
4.96845698357	-1
4.96845698357	-1
4.96845698357	-1
4.96845698357	-1
4.9724919796	-1
4.9724919796	-1
4.9724919796	-1
4.9724919796	-1
4.9724919796	-1
4.9724919796	-1
4.9724919796	-1
4.9724919796	-1
4.97795796394	-1
4.97795796394	-1
4.97795796394	-1
4.97795796394	-1
4.97795796394	-1
4.97795796394	-1
4.97795796394	-1
4.97795796394	-1
4.98797488213	-1
4.98797488213	-1
4.98797488213	-1
4.98797488213	-1
4.98797488213	-1
4.98797488213	-1
4.98797488213	-1
4.98797488213	-1
4.99249982834	-1
4.99249982834	-1
4.99249982834	-1
4.99249982834	-1
4.99249982834	-1
4.99249982834	-1
4.99249982834	-1
4.99249982834	-1
4.99826192856	-1
4.99826192856	-1
4.99826192856	-1
4.99826192856	-1
4.99826192856	-1
4.99826192856	-1
4.99826192856	-1
5.04102492332	1
5.04102492332	1
5.04102492332	1
5.08279705048	1
5.13243484497	-1
5.13243484497	-1
5.13243484497	-1
5.13243484497	-1
5.13243484497	-1
5.14101195335	-1
5.14736104012	-1
5.14736104012	-1
5.17286205292	-1
5.17286205292	-1
5.17286205292	-1
5.17286205292	-1
5.23652791977	1
5.30704903603	1
5.30704903603	1
5.30704903603	1
5.30936384201	1
5.30936384201	1
5.3128080368	1
5.3128080368	1
5.3128080368	1
5.31555199623	1
5.31555199623	1
5.31555199623	1
5.45345282555	-1
5.5125849247	1
5.53189086914	-1
5.53189086914	-1
5.53189086914	-1
5.55544805527	1
5.55544805527	1
5.55544805527	1
5.55997085571	1
5.55997085571	1
5.63263702393	1
5.63263702393	1
5.6843919754	-1
5.6843919754	-1
5.6843919754	-1
5.69317698479	-1
5.69317698479	-1
5.69317698479	-1
5.70079398155	-1
5.70079398155	-1
5.70079398155	-1
5.71109390259	-1
5.71109390259	-1
5.71109390259	-1
5.71109390259	-1
5.71109390259	-1
5.71109390259	-1
5.71109390259	-1
5.71971583366	-1
5.71971583366	-1
5.71971583366	-1
5.71971583366	-1
5.71971583366	-1
5.71971583366	-1
5.71971583366	-1
5.71971583366	-1
5.72671198845	-1
5.72671198845	-1
5.72671198845	-1
5.72671198845	-1
5.72671198845	-1
5.72671198845	-1
5.72671198845	-1
5.72671198845	-1
5.73165798187	1
5.73165798187	1
5.73165798187	1
5.73482704163	-1
5.73482704163	-1
5.73482704163	-1
5.73482704163	-1
5.73482704163	-1
5.73482704163	-1
5.73482704163	-1
5.73482704163	-1
5.73955702782	1
5.73955702782	1
5.7472319603	-1
5.7472319603	-1
5.7472319603	-1
5.7472319603	-1
5.7472319603	-1
5.7472319603	-1
5.7472319603	-1
5.75129389763	-1
5.754570961	-1
5.754570961	-1
5.754570961	-1
5.754570961	-1
5.754570961	-1
5.75850296021	-1
5.7619638443	-1
5.7619638443	-1
5.7619638443	-1
5.7619638443	-1
5.7619638443	-1
5.7619638443	-1
5.7619638443	-1
5.76549196243	-1
5.76549196243	-1
5.76549196243	-1
5.76549196243	-1
5.76549196243	-1
5.7715678215	-1
5.7715678215	-1
5.77527403831	-1
5.77527403831	-1
5.77527403831	-1
5.77527403831	-1
5.77527403831	-1
5.77883791924	-1
5.77883791924	-1
5.77883791924	-1
5.77883791924	-1
5.78229904175	-1
5.80411100388	-1
5.80411100388	-1
5.80411100388	-1
5.9044649601	1
6.00899982452	-1
6.01915597916	-1
6.01915597916	-1
6.01915597916	-1
6.01915597916	-1
6.01915597916	-1
6.02309393883	1
6.04072189331	-1
6.07442903519	-1
6.07442903519	-1
6.07442903519	-1
6.07442903519	-1
6.07442903519	-1
6.07442903519	-1
6.07442903519	-1
6.07442903519	-1
6.07915592194	-1
6.07915592194	-1
6.07915592194	-1
6.07915592194	-1
6.0989408493	-1
6.10510492325	-1
6.10510492325	-1
6.10510492325	-1
6.10510492325	-1
6.10510492325	-1
6.10510492325	-1
6.10510492325	-1
6.11407804489	-1
6.11407804489	-1
6.11407804489	-1
6.11407804489	-1
6.11407804489	-1
6.11407804489	-1
6.1208319664	-1
6.1208319664	-1
6.12812304497	-1
6.12812304497	-1
6.12812304497	-1
6.12812304497	-1
6.12812304497	-1
6.13773488998	-1
6.14563393593	-1
6.14563393593	-1
6.14563393593	-1
6.14563393593	-1
6.14563393593	-1
6.14563393593	-1
6.14563393593	-1
6.15364289284	-1
6.15364289284	-1
6.15364289284	-1
6.15364289284	-1
6.15364289284	-1
6.15364289284	-1
6.15364289284	-1
6.16988396645	-1
6.16988396645	-1
6.16988396645	-1
6.16988396645	-1
6.16988396645	-1
6.16988396645	-1
6.16988396645	-1
6.16988396645	-1
6.18794202805	-1
6.18794202805	-1
6.18794202805	-1
6.18794202805	-1
6.18794202805	-1
6.18794202805	-1
6.18794202805	-1
6.19938898087	-1
6.20045804977	1
6.20920491219	-1
6.20920491219	-1
6.20920491219	-1
6.20920491219	-1
6.2174179554	-1
6.2174179554	-1
6.2174179554	-1
6.22459697723	-1
6.22459697723	-1
6.22459697723	-1
6.22459697723	-1
6.22459697723	-1
6.22459697723	-1
6.22459697723	-1
6.22459697723	-1
6.23225688934	-1
6.23225688934	-1
6.23225688934	-1
6.23225688934	-1
6.23225688934	-1
6.2381670475	-1
6.2381670475	-1
6.2381670475	-1
6.2381670475	-1
6.2381670475	-1
6.2381670475	-1
6.27240204811	-1
6.27240204811	-1
6.27240204811	-1
6.27240204811	-1
6.27240204811	-1
6.27240204811	-1
6.27240204811	-1
6.3466989994	1
6.3466989994	1
6.38715982437	-1
6.3919608593	1
6.3919608593	1
6.3919608593	1
6.39238190651	1
6.39238190651	1
6.39238190651	1
6.47595500946	-1
6.47595500946	-1
6.47595500946	-1
6.47595500946	-1
6.47595500946	-1
6.47595500946	-1
6.62848997116	1
6.62848997116	1
6.64051985741	-1
6.76201987267	-1
6.76201987267	-1
6.76201987267	-1
6.76201987267	-1
6.76201987267	-1
6.76201987267	-1
6.76201987267	-1
6.76201987267	-1
6.76201987267	-1
6.76201987267	-1
6.76236796379	-1
6.76236796379	-1
6.76236796379	-1
6.76236796379	-1
6.76236796379	-1
6.76236796379	-1
6.76678299904	-1
6.76678299904	-1
6.76678299904	-1
6.76678299904	-1
6.76678299904	-1
6.76678299904	-1
6.76678299904	-1
6.76678299904	-1
6.77180886269	-1
6.77180886269	-1
6.77180886269	-1
6.77180886269	-1
6.77180886269	-1
6.77180886269	-1
6.77180886269	-1
6.77180886269	-1
6.78730297089	-1
6.79015898705	-1
6.79015898705	-1
6.79015898705	-1
6.79015898705	-1
6.79015898705	-1
6.79015898705	-1
6.79015898705	-1
6.79360389709	-1
6.79360389709	-1
6.79360389709	-1
6.79360389709	-1
6.79360389709	-1
6.79360389709	-1
6.79360389709	-1
6.79360389709	-1
6.79832291603	1
6.83838391304	-1
6.83838391304	-1
6.83838391304	-1
6.83838391304	-1
6.95247197151	1
6.95247197151	1
7.02629804611	-1
7.02629804611	-1
7.07210898399	-1
7.07210898399	-1
7.07210898399	-1
7.07210898399	-1
7.07210898399	-1
7.07210898399	-1
7.1254119873	-1
7.1254119873	-1
7.12643003464	1
7.13319993019	1
7.13319993019	1
7.13319993019	1
7.13420605659	1
7.13420605659	1
7.15574598312	1
7.15574598312	1
7.15574598312	1
7.17419290543	1
7.17419290543	1
7.17628383636	1
7.17628383636	1
7.17628383636	1
7.18696689606	1
7.18696689606	1
7.18766784668	1
7.18766784668	1
7.18766784668	1
7.1883020401	1
7.1883020401	1
7.19943284988	1
7.19943284988	1
7.19943284988	1
7.25545287132	1
7.27055883408	-1
7.37841296196	1
7.41909599304	-1
7.41909599304	-1
7.4213578701	1
7.4213578701	1
7.4213578701	1
7.49974989891	1
7.62829899788	1
7.62829899788	1
7.74374294281	-1
7.76998901367	-1
7.76998901367	-1
7.76998901367	-1
7.76998901367	-1
7.76998901367	-1
7.76998901367	-1
7.76998901367	-1
7.77565097809	-1
7.77565097809	-1
7.77565097809	-1
7.77565097809	-1
7.77565097809	-1
7.77565097809	-1
7.77565097809	-1
7.77565097809	-1
7.7823870182	-1
7.7823870182	-1
7.7823870182	-1
7.7823870182	-1
7.7823870182	-1
7.7823870182	-1
7.7823870182	-1
7.7823870182	-1
7.78675603867	-1
7.78675603867	-1
7.78675603867	-1
7.78675603867	-1
7.78675603867	-1
7.78675603867	-1
7.78675603867	-1
7.78675603867	-1
7.78801202774	1
7.79307484627	1
7.79307484627	1
7.79307484627	1
7.79494094849	1
7.79494094849	1
7.79808092117	-1
7.79808092117	-1
7.79808092117	-1
7.79808092117	-1
7.79808092117	-1
7.79808092117	-1
7.79808092117	-1
7.79808092117	-1
7.80186200142	-1
7.80186200142	-1
7.80186200142	-1
7.80186200142	-1
7.80186200142	-1
7.80186200142	-1
7.80186200142	-1
7.80186200142	-1
7.80784201622	-1
7.80784201622	-1
7.80784201622	-1
7.80784201622	-1
7.80784201622	-1
7.80784201622	-1
7.80784201622	-1
7.80784201622	-1
7.81308293343	-1
7.81308293343	-1
7.81308293343	-1
7.81308293343	-1
7.81308293343	-1
7.81308293343	-1
7.81308293343	-1
7.81308293343	-1
7.82455182076	-1
7.82455182076	-1
7.82455182076	-1
7.82455182076	-1
7.82455182076	-1
7.82455182076	-1
7.82455182076	-1
7.82455182076	-1
7.8302359581	-1
7.8302359581	-1
7.8302359581	-1
7.8302359581	-1
7.8302359581	-1
7.8302359581	-1
7.8302359581	-1
7.8302359581	-1
7.83130383492	1
7.83130383492	1
7.83130383492	1
7.83594298363	1
7.83594298363	1
7.83619189262	-1
7.83619189262	-1
7.83619189262	-1
7.83619189262	-1
7.83619189262	-1
7.83619189262	-1
7.83619189262	-1
7.83619189262	-1
7.8432290554	-1
7.8432290554	-1
7.8432290554	-1
7.8432290554	-1
7.8432290554	-1
7.8432290554	-1
7.8748190403	-1
7.8748190403	-1
7.8748190403	-1
7.8748190403	-1
7.8748190403	-1
7.8748190403	-1
7.8748190403	-1
7.8748190403	-1
7.8748190403	-1
7.8748190403	-1
7.8751578331	-1
7.8751578331	-1
7.8751578331	-1
7.8751578331	-1
7.8751578331	-1
7.8751578331	-1
7.87722086906	1
7.87722086906	1
7.87722086906	1
7.88483786583	-1
7.88483786583	-1
7.88483786583	-1
7.88483786583	-1
7.88483786583	-1
7.88483786583	-1
7.88483786583	-1
7.88483786583	-1
7.88519382477	-1
7.88519382477	-1
7.88519382477	-1
7.88519382477	-1
7.88519382477	-1
7.88519382477	-1
7.88519382477	-1
7.88519382477	-1
7.88819599152	1
7.88819599152	1
7.89312195778	-1
7.89312195778	-1
7.89312195778	-1
7.89312195778	-1
7.89312195778	-1
7.89312195778	-1
7.89312195778	-1
7.89312195778	-1
7.89719104767	-1
7.89719104767	-1
7.89719104767	-1
7.89719104767	-1
7.89719104767	-1
7.89719104767	-1
7.89719104767	-1
7.89719104767	-1
7.90196204185	-1
7.90196204185	-1
7.90196204185	-1
7.90196204185	-1
7.90196204185	-1
7.90196204185	-1
7.90196204185	-1
7.90196204185	-1
7.90378403664	-1
7.90378403664	-1
7.90378403664	-1
7.90378403664	-1
7.90378403664	-1
7.90378403664	-1
7.90378403664	-1
7.90378403664	-1
7.90382885933	1
7.90382885933	1
7.91283488274	-1
7.91666483879	-1
7.91666483879	-1
7.91666483879	-1
7.91666483879	-1
7.91666483879	-1
7.91666483879	-1
7.91666483879	-1
7.919880867	1
7.919880867	1
7.919880867	1
7.92103505135	1
7.92103505135	1
7.93606495857	-1
7.98702788353	1
7.98702788353	1
7.98702788353	1
7.9907848835	1
7.9907848835	1
7.9907848835	1
7.9907848835	1
7.99370288849	1
7.9955098629	1
7.9955098629	1
7.9955098629	1
7.99684882164	1
7.99684882164	1
8.00038099289	-1
8.00038099289	-1
8.04020595551	1
8.07111501694	-1
8.07111501694	-1
8.07111501694	-1
8.07111501694	-1
8.07111501694	-1
8.07111501694	-1
8.07111501694	-1
8.07111501694	-1
8.08367204666	-1
8.08367204666	-1
8.08367204666	-1
8.08367204666	-1
8.08367204666	-1
8.08367204666	-1
8.08367204666	-1
8.08367204666	-1
8.09198188782	-1
8.18567085266	1
8.2299258709	-1
8.2427508831	1
8.2427508831	1
8.2427508831	1
8.25001382828	1
8.25001382828	1
8.33646082878	1
8.3445789814	-1
8.3445789814	-1
8.35658884048	-1
8.35658884048	-1
8.35658884048	-1
8.35658884048	-1
8.35658884048	-1
8.35658884048	-1
8.35658884048	-1
8.39312291145	-1
8.39887690544	-1
8.39887690544	-1
8.39887690544	-1
8.40358996391	1
8.40358996391	1
8.40358996391	1
8.40448689461	-1
8.40448689461	-1
8.40448689461	-1
8.40448689461	-1
8.40448689461	-1
8.40448689461	-1
8.40448689461	-1
8.41326904297	1
8.41326904297	1
8.41345000267	1
8.41345000267	1
8.41345000267	1
8.5341398716	-1
8.5341398716	-1
8.5341398716	-1
8.54486989975	-1
8.54486989975	-1
8.55054402351	-1
8.55054402351	-1
8.55054402351	-1
8.55054402351	-1
8.55054402351	-1
8.55054402351	-1
8.55054402351	-1
8.5685210228	-1
8.5685210228	-1
8.5685210228	-1
8.5685210228	-1
8.5685210228	-1
8.5685210228	-1
8.58607983589	1
8.60931491852	-1
8.60931491852	-1
8.60931491852	-1
8.60931491852	-1
8.60931491852	-1
8.62158083916	-1
8.62948799133	-1
8.62948799133	-1
8.62948799133	-1
8.62948799133	-1
8.62948799133	-1
8.66737294197	-1
8.66737294197	-1
8.66737294197	-1
8.66737294197	-1
8.66737294197	-1
8.66737294197	-1
8.66737294197	-1
8.66737294197	-1
8.6704750061	-1
8.6704750061	-1
8.6704750061	-1
8.6704750061	-1
8.6704750061	-1
8.6704750061	-1
8.6704750061	-1
8.6704750061	-1
8.67434191704	-1
8.67434191704	-1
8.67434191704	-1
8.67434191704	-1
8.67434191704	-1
8.67434191704	-1
8.67434191704	-1
8.67434191704	-1
8.69327688217	-1
8.69819188118	-1
8.69819188118	-1
8.69819188118	-1
8.69819188118	-1
8.69819188118	-1
8.69819188118	-1
8.69819188118	-1
8.69819188118	-1
8.70060801506	-1
8.70060801506	-1
8.70060801506	-1
8.70060801506	-1
8.70060801506	-1
8.70060801506	-1
8.70060801506	-1
8.70093584061	1
8.70521688461	-1
8.70521688461	-1
8.70521688461	-1
8.70521688461	-1
8.70521688461	-1
8.71195197105	-1
8.71313905716	-1
8.71313905716	-1
8.71313905716	-1
8.71313905716	-1
8.74298000336	-1
8.74542093277	-1
8.74542093277	-1
8.74542093277	-1
8.74542093277	-1
8.74542093277	-1
8.74542093277	-1
8.74542093277	-1
8.76784086227	-1
8.77265191078	-1
8.77265191078	-1
8.77265191078	-1
8.77265191078	-1
8.77265191078	-1
8.77265191078	-1
8.77265191078	-1
8.77265191078	-1
8.77288103104	-1
8.77288103104	-1
8.77288103104	-1
8.77288103104	-1
8.77288103104	-1
8.77288103104	-1
8.78268694878	-1
8.78268694878	-1
8.78268694878	-1
8.78268694878	-1
8.78268694878	-1
8.79552698135	-1
8.80248904228	-1
8.80248904228	-1
8.80707788467	-1
8.80707788467	-1
8.80707788467	-1
8.80707788467	-1
8.80707788467	-1
8.80707788467	-1
8.80707788467	-1
8.81104898453	-1
8.81104898453	-1
8.81104898453	-1
8.81104898453	-1
8.81104898453	-1
8.81655883789	1
8.86005401611	-1
8.86005401611	-1
8.86005401611	-1
8.86005401611	-1
8.86005401611	-1
9.045181036	-1
9.045181036	-1
9.16012096405	-1
9.27470803261	-1
9.2760488987	1
9.39078497887	-1
9.39083695412	1
9.54436993599	1
10.0325469971	-1
10.0343248844	1
10.2934808731	-1
10.7227768898	-1
10.8374929428	-1
10.8374929428	-1
12.7563648224	-1
17.9616248608	-1
18.9966778755	-1
19.1111159325	-1
19.2256138325	-1
19.2849218845	1
19.340102911	-1
19.3997139931	1
19.4546208382	-1
19.8705039024	-1
20.0954999924	-1
20.2100348473	-1
20.4049229622	1
20.4066238403	1
20.4066238403	1
20.4066238403	1
20.407697916	1
20.407697916	1
20.407697916	1
20.407697916	1
20.4081740379	1
20.4110100269	1
20.4110100269	1
20.4110100269	1
20.411345005	1
20.411345005	1
20.4120600224	1
20.4120600224	1
20.4120600224	1
20.4133269787	1
20.4133269787	1
20.4155938625	1
20.4155938625	1
20.4156138897	1
20.4156138897	1
20.4156138897	1
20.5193958282	1
20.5193958282	1
20.5193958282	1
20.5193958282	1
20.521545887	1
20.521545887	1
20.521545887	1
20.521545887	1
20.521545887	1
20.521545887	1
20.521545887	1
20.521545887	1
20.521545887	1
20.5496218204	1
20.5496218204	1
20.5496218204	1
20.5501899719	1
20.5501899719	1
20.574698925	1
20.574698925	1
20.574862957	1
20.574862957	1
20.574862957	1
20.574862957	1
20.614554882	-1
20.6343989372	1
20.7590718269	-1
20.7591159344	1
20.8737409115	-1
20.8737649918	1
20.8749468327	-1
20.8749468327	-1
20.8749468327	-1
20.8749468327	-1
20.8749468327	-1
20.8749468327	-1
20.8749468327	-1
20.9149038792	-1
20.9149038792	-1
20.9208848476	-1
20.9208848476	-1
20.9208848476	-1
20.9208848476	-1
20.9208848476	-1
20.9208848476	-1
20.9208848476	-1
20.9380719662	-1
20.9719698429	-1
20.9719698429	-1
20.9719698429	-1
20.9719698429	-1
20.9719698429	-1
20.9719698429	-1
20.9719698429	-1
20.9719698429	-1
20.9896800518	-1
20.9896800518	-1
20.9896800518	-1
20.9896800518	-1
20.9896800518	-1
20.9896800518	-1
20.9896800518	-1
20.9896988869	1
20.9899220467	-1
20.9899220467	-1
20.9899220467	-1
20.9899220467	-1
20.9899220467	-1
20.9899220467	-1
20.9899220467	-1
20.9899220467	-1
21.0439078808	-1
21.0439078808	-1
21.0440268517	-1
21.0440268517	-1
21.044148922	-1
21.044148922	-1
21.0621399879	-1
21.0621399879	-1
21.0621399879	-1
21.0621399879	-1
21.0621399879	-1
21.0621399879	-1
21.0621399879	-1
21.0621399879	-1
21.0623748302	-1
21.0623748302	-1
21.0623748302	-1
21.0623748302	-1
21.0623748302	-1
21.0623748302	-1
21.0623748302	-1
21.0936260223	-1
21.0936260223	-1
21.0936260223	-1
21.0937478542	-1
21.1056499481	-1
21.1056499481	-1
21.1056499481	-1
21.1057538986	-1
21.1057538986	-1
21.1057538986	-1
21.1057538986	-1
21.1058819294	-1
21.125246048	-1
21.125246048	-1
21.125246048	-1
21.125246048	-1
21.1477370262	-1
21.1477370262	-1
21.1477370262	-1
21.1477370262	-1
21.1477370262	-1
21.1477370262	-1
21.1477370262	-1
21.1477370262	-1
21.167703867	-1
21.167703867	-1
21.167703867	-1
21.167703867	-1
21.167703867	-1
21.167703867	-1
21.167703867	-1
21.1688690186	1
21.1881358624	-1
21.1881358624	-1
21.1881358624	-1
21.1883649826	-1
21.1883649826	-1
21.1883649826	-1
21.2082669735	-1
21.2082669735	-1
21.2082669735	-1
21.2082669735	-1
21.2082669735	-1
21.2082669735	-1
21.2206380367	-1
21.2206380367	-1
21.2206380367	-1
21.2206380367	-1
21.2206380367	-1
21.2206380367	-1
21.2352600098	-1
21.2352600098	-1
21.2352600098	-1
21.2530329227	-1
21.2530329227	-1
21.2530329227	-1
21.2530329227	-1
21.2530329227	-1
21.2530329227	-1
21.2530329227	-1
21.2530329227	-1
21.2800269127	-1
21.2800269127	-1
21.2800269127	-1
21.2800269127	-1
21.2800269127	-1
21.2800269127	-1
21.2965500355	-1
21.2965500355	-1
21.2965500355	-1
21.3125228882	-1
21.3125228882	-1
21.3125228882	-1
21.3203458786	-1
21.3203458786	-1
21.3203458786	-1
21.3203458786	-1
21.3203458786	-1
21.3203458786	-1
21.3203458786	-1
21.333781004	-1
21.333781004	-1
21.333781004	-1
21.3935189247	-1
21.3935189247	-1
21.3935189247	-1
21.3935189247	-1
21.4246668816	-1
21.4246668816	-1
21.4246668816	-1
21.4246668816	-1
21.4246668816	-1
21.4246668816	-1
21.4246668816	-1
21.4504458904	-1
21.4600329399	-1
21.4600329399	-1
21.4600329399	-1
21.4600329399	-1
21.4600329399	-1
21.4600329399	-1
21.4600329399	-1
21.5100469589	-1
21.5100469589	-1
21.5100469589	-1
21.5100469589	-1
21.5100469589	-1
21.5100469589	-1
21.5100469589	-1
21.5100469589	-1
21.5105409622	1
21.541189909	-1
21.541189909	-1
21.541189909	-1
21.541189909	-1
21.541189909	-1
21.541189909	-1
21.541189909	-1
21.5700850487	-1
21.5700850487	-1
21.5700850487	-1
21.6011698246	-1
21.6011698246	-1
21.6011698246	-1
21.6011698246	-1
21.6011698246	-1
21.6011698246	-1
21.6011698246	-1
21.6487429142	-1
21.6499428749	1
21.6640229225	-1
21.6640229225	-1
21.6640229225	-1
21.6640229225	-1
21.6640229225	-1
21.6640229225	-1
21.6640229225	-1
21.6640229225	-1
21.6801798344	-1
21.6801798344	-1
21.6801798344	-1
21.6801798344	-1
21.6801798344	-1
21.6801798344	-1
21.6801798344	-1
21.7060229778	-1
21.7060229778	-1
21.7060229778	-1
21.7060229778	-1
21.7060229778	-1
21.7171900272	-1
21.7171900272	-1
21.7171900272	-1
21.7171900272	-1
21.7390959263	-1
21.7390959263	-1
21.7390959263	-1
21.7390959263	-1
21.7390959263	-1
21.7390959263	-1
21.7390959263	-1
21.7390959263	-1
21.7633228302	-1
21.7633228302	-1
21.8029458523	-1
21.8029458523	-1
21.8029458523	-1
21.8029780388	1
21.8143129349	-1
21.8143129349	-1
21.8143129349	-1
21.9289088249	-1
21.9342839718	1
21.9389219284	1
21.9389219284	1
21.9389219284	1
21.9406449795	1
21.9406449795	1
21.9611809254	1
21.9611809254	1
21.9611809254	1
21.9625749588	1
21.9625749588	1
21.9662559032	1
21.9662559032	1
21.9662559032	1
22.0162918568	1
22.0162918568	1
22.0175209045	1
22.0175209045	1
22.0175209045	1
22.0175209045	1
22.022495985	1
22.0240700245	1
22.0240700245	1
22.0240700245	1
22.0757060051	1
22.0757060051	1
22.0757060051	1
22.0760910511	1
22.0760910511	1
22.0760910511	1
22.0760910511	1
22.0760910511	1
22.0760910511	1
22.0760910511	1
22.0760910511	1
22.0760910511	1
22.0913338661	1
22.0913338661	1
22.0913338661	1
22.0913338661	1
22.0913338661	1
22.0913338661	1
22.0913338661	1
22.0913338661	1
22.3519020081	1
22.4225690365	-1
22.4439530373	-1
22.4439530373	-1
22.4439530373	-1
22.4533400536	-1
22.4533400536	-1
22.4533400536	-1
22.4533400536	-1
22.4533400536	-1
22.4533400536	-1
22.4894058704	-1
22.4894058704	-1
22.4894058704	-1
22.4894058704	-1
22.4894058704	-1
22.4894058704	-1
22.4894058704	-1
22.4894058704	-1
22.5176749229	-1
22.5176749229	-1
22.5308749676	-1
22.5308749676	-1
22.5308749676	-1
22.5308749676	-1
22.5591478348	-1
22.5591478348	-1
22.5935258865	-1
22.5935258865	-1
22.5935258865	-1
22.5935258865	-1
22.5935258865	-1
22.5935258865	-1
22.6123650074	-1
22.6123650074	-1
22.6123650074	-1
22.6123650074	-1
22.6123650074	-1
22.6123650074	-1
22.6123650074	-1
22.6235058308	-1
22.6266338825	1
22.6420810223	-1
22.6420810223	-1
22.6420810223	-1
22.6502928734	-1
22.6502928734	-1
22.6502928734	-1
22.6502928734	-1
22.6502928734	-1
22.6738438606	-1
22.6746518612	-1
22.6746518612	-1
22.6746518612	-1
22.6746518612	-1
22.6746518612	-1
22.6746518612	-1
22.6746518612	-1
22.6931538582	-1
22.6931538582	-1
22.6931538582	-1
22.6931538582	-1
22.6931538582	-1
22.6931538582	-1
22.6931538582	-1
22.7083108425	-1
22.7083108425	-1
22.7083108425	-1
22.7083108425	-1
22.7083108425	-1
22.7083108425	-1
22.7083108425	-1
22.7083108425	-1
22.7443900108	-1
22.7443900108	-1
22.7443900108	-1
22.7443900108	-1
22.7443900108	-1
22.7443900108	-1
22.7443900108	-1
22.7444310188	1
22.7444310188	1
22.7651588917	-1
22.7673490047	-1
22.7673490047	-1
22.7673490047	-1
22.8427519798	-1
22.8427519798	-1
22.8427519798	-1
22.8427519798	-1
22.8427519798	-1
22.8604049683	-1
22.8724439144	-1
22.8724439144	-1
22.8724439144	-1
22.8724439144	-1
22.8724439144	-1
22.8724439144	-1
22.8724439144	-1
22.8781468868	1
22.8861439228	-1
22.8861439228	-1
22.8861439228	-1
22.8861439228	-1
22.8861439228	-1
22.8861439228	-1
22.8861439228	-1
22.9029769897	-1
22.9157569408	-1
22.9157569408	-1
22.9157569408	-1
22.9157569408	-1
22.9157569408	-1
22.9157569408	-1
22.9157569408	-1
22.9482140541	-1
22.9482140541	-1
22.9616389275	-1
22.9616389275	-1
22.9616389275	-1
22.9616389275	-1
22.9616389275	-1
22.9616389275	-1
22.9616389275	-1
22.9783818722	-1
22.9921028614	-1
22.9921028614	-1
22.9921028614	-1
22.9921028614	-1
22.9921028614	-1
22.9921028614	-1
22.9921028614	-1
23.0036289692	-1
23.0036289692	-1
23.0036289692	-1
23.0036289692	-1
23.0036609173	1
23.0263419151	-1
23.0263419151	-1
23.0263419151	-1
23.0774979591	-1
23.0774979591	-1
23.0774979591	-1
23.086977005	-1
23.086977005	-1
23.086977005	-1
23.086977005	-1
23.086977005	-1
23.086977005	-1
23.1087038517	-1
23.1087038517	-1
23.1107988358	1
23.1107988358	1
23.1107988358	1
23.1192469597	-1
23.1192469597	-1
23.1192469597	-1
23.1192469597	-1
23.1192469597	-1
23.1192469597	-1
23.1192469597	-1
23.129554987	-1
23.129554987	-1
23.129554987	-1
23.129554987	-1
23.129554987	-1
23.129554987	-1
23.1416568756	-1
23.142729044	1
23.142729044	1
23.142729044	1
23.1502158642	-1
23.1502158642	-1
23.1502158642	-1
23.1502158642	-1
23.1589899063	1
23.1589899063	1
23.1613149643	-1
23.171145916	-1
23.171145916	-1
23.171145916	-1
23.171145916	-1
23.171145916	-1
23.171145916	-1
23.171145916	-1
23.1816689968	-1
23.1816689968	-1
23.1816689968	-1
23.1816689968	-1
23.1816689968	-1
23.1816689968	-1
23.1816689968	-1
23.2023880482	-1
23.2023880482	-1
23.2023880482	-1
23.2023880482	-1
23.2023880482	-1
23.2023880482	-1
23.2023880482	-1
23.2233829498	-1
23.2233829498	-1
23.2233829498	-1
23.2233829498	-1
23.2233829498	-1
23.2233829498	-1
23.2233829498	-1
23.2233829498	-1
23.2422230244	1
23.2441630363	-1
23.2441630363	-1
23.2441630363	-1
23.2441630363	-1
23.2441630363	-1
23.2441630363	-1
23.2751538754	-1
23.2751538754	-1
23.2861208916	-1
23.2861208916	-1
23.2861208916	-1
23.2861208916	-1
23.2861208916	-1
23.2861208916	-1
23.2861208916	-1
23.3070189953	-1
23.3070189953	-1
23.3070189953	-1
23.3070189953	-1
23.3070189953	-1
23.3070189953	-1
23.3070189953	-1
23.3247358799	-1
23.3248410225	-1
23.3248410225	-1
23.3248410225	-1
23.3248410225	-1
23.3248410225	-1
23.3248410225	-1
23.3248410225	-1
23.3473260403	-1
23.3473260403	-1
23.3473260403	-1
23.3473260403	-1
23.3473260403	-1
23.3473260403	-1
23.3473260403	-1
23.3473260403	-1
23.3698568344	-1
23.3698568344	-1
23.3698568344	-1
23.3698568344	-1
23.3698568344	-1
23.3698568344	-1
23.3698568344	-1
23.3698568344	-1
23.3698978424	1
23.4072849751	-1
23.4072849751	-1
23.4200668335	1
23.4200668335	1
23.4200668335	1
23.4226670265	1
23.4226670265	1
23.4299960136	-1
23.4299960136	-1
23.4299960136	-1
23.4299960136	-1
23.4333059788	1
23.4333059788	1
23.4333059788	1
23.4442820549	-1
23.4442820549	-1
23.4442820549	-1
23.4442820549	-1
23.4442820549	-1
23.4442820549	-1
23.4442820549	-1
23.4586448669	-1
23.4586448669	-1
23.4586448669	-1
23.4586448669	-1
23.4586448669	-1
23.4586448669	-1
23.5248930454	-1
23.5367310047	-1
23.5367310047	-1
23.5367310047	-1
23.5367310047	-1
23.5623500347	-1
23.5623500347	-1
23.5767259598	-1
23.5767259598	-1
23.5767259598	-1
23.5767259598	-1
23.5767259598	-1
23.5767259598	-1
23.6500859261	-1
23.6500859261	-1
23.6500859261	-1
23.6500859261	-1
23.6500859261	-1
23.6500859261	-1
23.6500859261	-1
23.6501269341	1
23.7268679142	-1
23.7268679142	-1
23.7268679142	-1
23.7374038696	-1
23.7374038696	-1
23.7374038696	-1
23.7374038696	-1
23.7520020008	-1
23.7657468319	1
23.7657468319	1
23.8072359562	-1
23.8072359562	-1
23.8072359562	-1
23.8072359562	-1
23.8072359562	-1
23.8072359562	-1
23.848762989	-1
23.848762989	-1
23.867071867	-1
23.867071867	-1
23.867071867	-1
23.867071867	-1
23.867071867	-1
23.867071867	-1
23.9046318531	1
23.9719049931	-1
23.9719049931	-1
23.9719049931	-1
23.9719049931	-1
23.9719049931	-1
23.9719049931	-1
23.9955148697	-1
24.0167088509	-1
24.0167088509	-1
24.0167088509	-1
24.0167088509	-1
24.0428609848	-1
24.0428609848	-1
24.0428948402	1
24.0428948402	1
24.0800900459	-1
24.0800900459	-1
24.1037130356	-1
24.1037130356	-1
24.1037130356	-1
24.1037130356	-1
24.1037130356	-1
24.1037130356	-1
24.1446390152	-1
24.1446390152	-1
24.1446390152	-1
24.1749918461	-1
24.1749918461	-1
24.1749918461	-1
24.1749918461	-1
24.1750268936	1
24.1750268936	1
24.1876790524	-1
24.2076778412	-1
24.2076778412	-1
24.2076778412	-1
24.2259309292	-1
24.2259309292	-1
24.2281358242	1
24.2281358242	1
24.2281358242	1
24.2592828274	-1
24.2592828274	-1
24.2914178371	-1
24.2914178371	-1
24.2914178371	-1
24.2914178371	-1
24.2914178371	-1
24.2914178371	-1
24.2914178371	-1
24.2914178371	-1
24.2914178371	-1
24.299353838	-1
24.299353838	-1
24.299353838	-1
24.299353838	-1
24.3058009148	-1
24.3308019638	-1
24.3308019638	-1
24.3362870216	-1
24.3362870216	-1
24.3362870216	-1
24.3362870216	-1
24.3362870216	-1
24.3362870216	-1
24.3362870216	-1
24.3423390388	-1
24.3423390388	-1
24.3423390388	-1
24.3423390388	-1
24.3423390388	-1
24.3891968727	-1
24.3891968727	-1
24.4062259197	-1
24.4062259197	-1
24.4062609673	1
24.4069519043	1
24.4069519043	1
24.4069519043	1
24.4069519043	1
24.5260429382	1
24.5685708523	-1
24.6315000057	-1
24.6315000057	-1
24.6315000057	-1
24.6338150501	1
24.6338150501	1
24.6338150501	1
24.6416149139	-1
24.6416149139	-1
24.6416149139	-1
24.6416149139	-1
24.646602869	-1
24.646602869	-1
24.646602869	-1
24.6833729744	1
24.6833729744	1
24.6833729744	1
24.6833729744	1
24.7603328228	-1
24.7603328228	-1
24.7603328228	-1
24.7603328228	-1
24.7603328228	-1
24.7603328228	-1
24.7603328228	-1
24.7603328228	-1
24.7823488712	-1
24.7823488712	-1
24.7823488712	-1
24.7823488712	-1
24.7823488712	-1
24.7823488712	-1
24.7823488712	-1
24.7823488712	-1
24.8454589844	-1
24.8484489918	-1
24.8484489918	-1
24.8484489918	-1
24.8731489182	-1
24.8818728924	1
24.8824629784	-1
24.8824629784	-1
24.8824629784	-1
24.8824629784	-1
24.8824629784	-1
24.8824629784	-1
24.8824629784	-1
24.8824629784	-1
24.8884658813	-1
24.8884658813	-1
24.8884658813	-1
24.8884658813	-1
24.8884658813	-1
24.8884658813	-1
24.8884658813	-1
24.8978228569	-1
24.8978228569	-1
24.8978228569	-1
24.8978228569	-1
24.8978228569	-1
24.8978228569	-1
24.8978228569	-1
24.8978228569	-1
24.9641349316	-1
24.9641349316	-1
24.9749059677	-1
24.9749059677	-1
24.9794569016	-1
24.9794569016	-1
24.9794569016	-1
24.9794569016	-1
24.9794569016	-1
24.9794569016	-1
24.9882359505	-1
24.9915549755	-1
24.9915549755	-1
24.9915549755	-1
24.9915549755	-1
24.9915549755	-1
24.9915549755	-1
24.9915549755	-1
25.002243042	-1
25.002243042	-1
25.002243042	-1
25.002243042	-1
25.002243042	-1
25.002243042	-1
25.002243042	-1
25.002243042	-1
25.0036458969	1
25.034927845	-1
25.034927845	-1
25.0405869484	-1
25.0405869484	-1
25.0405869484	-1
25.0405869484	-1
25.0405869484	-1
25.0405869484	-1
25.0405869484	-1
25.0442359447	-1
25.0442359447	-1
25.0442359447	-1
25.0442359447	-1
25.0442359447	-1
25.0442359447	-1
25.0442359447	-1
25.0557148457	-1
25.0557148457	-1
25.0557148457	-1
25.0557148457	-1
25.0557148457	-1
25.0557148457	-1
25.0557148457	-1
25.0557148457	-1
25.0743918419	-1
25.0743918419	-1
25.0743918419	-1
25.0743918419	-1
25.0743918419	-1
25.0743918419	-1
25.0743918419	-1
25.0743918419	-1
25.0896070004	-1
25.0896070004	-1
25.0897109509	-1
25.0897109509	-1
25.0897109509	-1
25.0897109509	-1
25.0897109509	-1
25.0897109509	-1
25.0897109509	-1
25.0897109509	-1
25.0980818272	-1
25.0981278419	-1
25.0981278419	-1
25.0981278419	-1
25.1169240475	-1
25.1169240475	-1
25.1169240475	-1
25.1169779301	-1
25.12220788	-1
25.12220788	-1
25.12220788	-1
25.12220788	-1
25.1222410202	1
25.1380429268	-1
25.1380429268	-1
25.1380429268	-1
25.1380429268	-1
25.1380429268	-1
25.1382648945	-1
25.1382648945	-1
25.1382648945	-1
25.1382648945	-1
25.1382648945	-1
25.1382648945	-1
25.1382648945	-1
25.148501873	-1
25.1486070156	-1
25.1486070156	-1
25.1486070156	-1
25.1486070156	-1
25.1486070156	-1
25.1486070156	-1
25.1486070156	-1
25.1488518715	-1
25.1488518715	-1
25.1488518715	-1
25.1488518715	-1
25.1551468372	1
25.1551468372	1
25.1551468372	1
25.1551468372	1
25.1682858467	1
25.1682858467	1
25.1682858467	1
25.1682858467	1
25.1902370453	-1
25.1902370453	-1
25.1943540573	-1
25.1943540573	-1
25.1943540573	-1
25.2007219791	-1
25.2007219791	-1
25.2007219791	-1
25.2007219791	-1
25.2007219791	-1
25.2007219791	-1
25.2007219791	-1
25.2034039497	-1
25.2061898708	-1
25.2061898708	-1
25.2061898708	-1
25.2061898708	-1
25.2061898708	-1
25.2061898708	-1
25.2061898708	-1
25.2095890045	-1
25.2144010067	-1
25.2144010067	-1
25.2144010067	-1
25.2144010067	-1
25.2144010067	-1
25.2144010067	-1
25.2144010067	-1
25.220813036	-1
25.2317268848	-1
25.2317268848	-1
25.2317268848	-1
25.2317268848	-1
25.2317268848	-1
25.2317268848	-1
25.2317268848	-1
25.2697339058	1
25.2887790203	-1
25.2887790203	-1
25.2887790203	-1
25.2887790203	-1
25.2887790203	-1
25.3222658634	-1
25.3708050251	1
25.3708050251	1
25.3708050251	1
25.3777208328	-1
25.3777208328	-1
25.3777208328	-1
25.3875489235	-1
25.3875489235	-1
25.3875489235	-1
25.3875489235	-1
25.3875489235	-1
25.3875489235	-1
25.3875489235	-1
25.3875489235	-1
25.4417169094	1
25.4417169094	1
25.4417169094	1
25.4455289841	1
25.4455289841	1
25.4458148479	1
25.4458148479	1
25.4458148479	1
25.4458148479	1
25.4458148479	1
25.4458148479	1
25.4458148479	1
25.4458148479	1
25.445966959	1
25.445966959	1
25.445966959	1
25.445966959	1
25.445966959	1
25.4468369484	1
25.4470009804	1
25.4470009804	1
25.4470009804	1
25.4833290577	-1
25.4833290577	-1
25.4833290577	-1
25.4833290577	-1
25.4833290577	-1
25.4833290577	-1
25.4833290577	-1
25.4833290577	-1
25.5138258934	1
25.5138258934	1
25.5138258934	1
25.5634460449	-1
25.5634460449	-1
25.5634460449	-1
25.5681438446	-1
25.5681438446	-1
25.6286919117	-1
25.6701769829	-1
25.6701769829	-1
25.6701769829	-1
25.6769640446	-1
25.6769640446	-1
25.6769640446	-1
25.6769640446	-1
25.6769640446	-1
25.6769640446	-1
25.6806390285	-1
25.6806390285	-1
25.6806390285	-1
25.6806390285	-1
25.6806390285	-1
25.6806390285	-1
25.6846690178	-1
25.6846690178	-1
25.6927728653	-1
25.6927728653	-1
25.6927728653	-1
25.6927728653	-1
25.6927728653	-1
25.6927728653	-1
25.6927728653	-1
25.6927728653	-1
25.7075090408	-1
25.7075090408	-1
25.7929229736	-1
25.7929229736	-1
25.7929229736	-1
25.797451973	-1
25.797451973	-1
25.797451973	-1
25.797451973	-1
25.797451973	-1
25.797451973	-1
25.797451973	-1
25.8018200397	-1
25.8018200397	-1
25.8018200397	-1
25.8018200397	-1
25.8018200397	-1
25.8018200397	-1
25.8018200397	-1
25.811414957	-1
25.811414957	-1
25.811414957	-1
25.811414957	-1
25.811414957	-1
25.811414957	-1
25.811414957	-1
25.811414957	-1
25.8213069439	-1
25.8213069439	-1
25.8213069439	-1
25.8213069439	-1
25.8213069439	-1
25.8213069439	-1
25.8213069439	-1
25.8213069439	-1
25.8226180077	1
25.8416249752	-1
25.8416249752	-1
25.8416249752	-1
25.8480818272	-1
25.8480818272	-1
25.8480818272	-1
25.8480818272	-1
25.8480818272	-1
25.8690240383	-1
25.8690240383	-1
25.8690240383	-1
25.8690240383	-1
25.8690240383	-1
25.9124429226	1
25.9124429226	1
25.9124429226	1
25.9124429226	1
25.9137480259	-1
25.9137480259	-1
25.9137480259	-1
25.917042017	1
25.917042017	1
25.917042017	1
25.9216718674	1
25.9236588478	-1
25.9236588478	-1
25.9236588478	-1
25.9236588478	-1
25.9236588478	-1
25.9236588478	-1
25.9236588478	-1
25.9236588478	-1
25.9270579815	-1
25.9270579815	-1
25.9270579815	-1
25.9270579815	-1
25.9270579815	-1
25.9270579815	-1
25.9270579815	-1
25.9314420223	-1
25.9363639355	-1
25.9363639355	-1
25.9363639355	-1
25.9363639355	-1
25.9363639355	-1
25.9363639355	-1
25.9363639355	-1
25.9396929741	-1
25.9397289753	1
25.9397289753	1
25.9445869923	-1
25.9445869923	-1
25.9445869923	-1
25.9445869923	-1
25.9445869923	-1
25.9445869923	-1
25.9445869923	-1
25.9494128227	-1
25.9494128227	-1
25.9494128227	-1
25.9494128227	-1
25.9494128227	-1
25.9494128227	-1
25.9494128227	-1
25.9588730335	-1
25.9588730335	-1
25.9588730335	-1
25.9588730335	-1
25.9588730335	-1
25.9588730335	-1
25.9588730335	-1
25.9588730335	-1
25.964799881	-1
25.964799881	-1
25.964799881	-1
25.964799881	-1
25.964799881	-1
25.964799881	-1
25.964799881	-1
25.964799881	-1
25.9673390388	-1
25.9731149673	-1
25.9731149673	-1
25.9755728245	-1
25.9755728245	-1
25.9755728245	-1
25.9755728245	-1
25.9961760044	-1
25.997948885	-1
25.997948885	-1
25.997948885	-1
25.997948885	-1
25.997948885	-1
25.997948885	-1
25.997948885	-1
26.0273928642	-1
26.0273928642	-1
26.0273928642	-1
26.027504921	-1
26.0276279449	-1
26.0276279449	-1
26.0276279449	-1
26.0276279449	-1
26.0276279449	-1
26.0276279449	-1
26.0386929512	-1
26.0386929512	-1
26.0386929512	-1
26.0386929512	-1
26.0386929512	-1
26.0386929512	-1
26.0386929512	-1
26.0386929512	-1
26.0417900085	-1
26.0417900085	-1
26.0417900085	-1
26.0417900085	-1
26.0417900085	-1
26.0417900085	-1
26.0417900085	-1
26.0510659218	-1
26.0510659218	-1
26.0510659218	-1
26.0510659218	-1
26.0510659218	-1
26.0510659218	-1
26.0510659218	-1
26.0510659218	-1
26.0559399128	-1
26.0559399128	-1
26.0559399128	-1
26.0559399128	-1
26.0559399128	-1
26.0559399128	-1
26.0559399128	-1
26.0559399128	-1
26.05595994	1
26.05595994	1
26.063174963	-1
26.063174963	-1
26.0745959282	-1
26.0745959282	-1
26.0745959282	-1
26.1301898956	-1
26.1301898956	-1
26.1345899105	-1
26.1345899105	-1
26.1345899105	-1
26.1421689987	-1
26.1421689987	-1
26.1421689987	-1
26.1421689987	-1
26.1421689987	-1
26.1421689987	-1
26.1421689987	-1
26.1421689987	-1
26.1482360363	-1
26.1482360363	-1
26.1482360363	-1
26.1482360363	-1
26.1482360363	-1
26.1482360363	-1
26.1482360363	-1
26.1482360363	-1
26.1540019512	-1
26.1584868431	-1
26.1584868431	-1
26.1584868431	-1
26.1584868431	-1
26.2077300549	1
26.2077300549	1
26.2332799435	-1
26.2333819866	-1
26.2333819866	-1
26.2333819866	-1
26.2333819866	-1
26.2333819866	-1
26.2333819866	-1
26.2333819866	-1
26.3271329403	-1
26.3271329403	-1
26.3271329403	-1
26.3271329403	-1
26.3271329403	-1
26.3271329403	-1
26.3271329403	-1
26.3271329403	-1
26.435281992	1
26.5279049873	-1
26.579087019	-1
26.579087019	-1
26.579087019	-1
26.5790989399	1
26.5790989399	1
26.6812028885	-1
26.6812028885	-1
26.7692189217	1
26.8155930042	1
26.8155930042	1
26.8155930042	1
26.9045670033	1
26.9045670033	1
26.9045670033	1
26.9048800468	1
26.9048800468	1
26.9051568508	1
26.9051568508	1
26.9051568508	1
26.9069218636	1
26.9069218636	1
26.9069218636	1
26.9069218636	1
26.9069218636	1
26.9069218636	1
26.9086308479	1
26.9086308479	1
26.9086308479	1
26.9086308479	1
26.9086308479	1
26.9086308479	1
26.9093329906	1
26.9093329906	1
26.9105658531	1
26.9105658531	1
26.9105658531	1
26.9680030346	1
26.9680030346	1
26.9680030346	1
26.9680030346	1
26.9680030346	1
26.9680030346	1
27.0286149979	1
27.0286149979	1
27.0286149979	1
27.0286149979	1
27.0286149979	1
27.0286149979	1
27.0286149979	1
27.0286149979	1
27.0288078785	1
27.0288078785	1
27.0288078785	1
27.0288078785	1
27.0288078785	1
27.0288078785	1
27.0288078785	1
27.0288078785	1
27.0289969444	1
27.0289969444	1
27.0289969444	1
27.0289969444	1
27.0289969444	1
27.0289969444	1
27.0289969444	1
27.0289969444	1
27.0291728973	1
27.0291728973	1
27.0291728973	1
27.0291728973	1
27.0291728973	1
27.0291728973	1
27.0291728973	1
27.0291728973	1
27.1367208958	-1
27.1448669434	1
27.1448669434	1
27.1448669434	1
27.1448669434	1
27.1448669434	1
27.1448669434	1
27.1448669434	1
27.1449840069	1
27.1449840069	1
27.1449840069	1
27.2511930466	-1
27.3661339283	-1
27.3661339283	-1
27.5170400143	-1
