0.0	1
0.250133991241	1
0.487576961517	-1
0.488413095474	1
0.826143980026	-1
0.827612161636	1
0.82937002182	1
0.82937002182	1
0.82937002182	1
0.885092973709	1
0.885092973709	1
0.902317047119	1
1.56260108948	-1
1.56420302391	1
1.59493613243	-1
1.59493613243	-1
1.59493613243	-1
1.64047813416	-1
1.64051198959	1
1.64051198959	1
1.71518611908	-1
1.71522116661	1
1.71522116661	1
2.56894302368	-1
2.60289716721	-1
2.60289716721	-1
2.60289716721	-1
2.60289716721	-1
2.60289716721	-1
2.60289716721	-1
2.60289716721	-1
2.60289716721	-1
2.69014406204	1
2.7323820591	-1
2.7323820591	-1
2.7323820591	-1
2.7324860096	-1
2.7324860096	-1
2.7324860096	-1
2.7324860096	-1
2.7324860096	-1
2.77698397636	-1
2.77698397636	-1
2.77698397636	-1
2.81308817863	-1
2.81308817863	-1
2.81308817863	-1
2.81308817863	-1
2.81308817863	-1
2.81308817863	-1
2.81308817863	-1
2.84919214249	-1
2.84919214249	-1
2.84919214249	-1
2.84919214249	-1
2.84919214249	-1
2.84919214249	-1
2.84919214249	-1
2.84919214249	-1
2.93990015984	1
3.01487517357	-1
3.63694405556	-1
3.63833904266	1
3.69387412071	-1
3.69387412071	-1
3.69387412071	-1
3.69387412071	-1
3.69387412071	-1
3.69387412071	-1
3.69387412071	-1
3.75380396843	1
3.75940918922	1
3.75940918922	1
3.75940918922	1
3.78611111641	-1
3.78611111641	-1
3.78611111641	-1
3.78631711006	-1
3.78631711006	-1
3.78631711006	-1
3.78631711006	-1
3.78631711006	-1
3.8096241951	1
3.8096241951	1
3.82807612419	1
3.85909605026	-1
3.85909605026	-1
3.85909605026	-1
4.25360012054	-1
4.39426517487	-1
4.40184307098	1
4.46753811836	-1
4.46753811836	-1
4.46753811836	-1
4.47004008293	1
4.47004008293	1
4.47004008293	1
4.47179412842	-1
4.47179412842	-1
4.47179412842	-1
4.47179412842	-1
4.47179412842	-1
4.47179412842	-1
4.49319601059	-1
4.49319601059	-1
4.49319601059	-1
4.49319601059	-1
4.52164316177	-1
4.56753706932	1
4.56753706932	1
4.78989100456	-1
4.81989407539	-1
4.81989407539	-1
4.81989407539	-1
4.84438705444	-1
4.84438705444	-1
4.84438705444	-1
4.84438705444	-1
4.84438705444	-1
4.84438705444	-1
4.89723801613	1
4.9793381691	-1
5.09422302246	-1
5.11065411568	1
5.11510801315	1
5.11510801315	1
5.11510801315	1
5.14320802689	-1
5.14320802689	-1
5.14320802689	-1
5.14320802689	-1
5.14320802689	-1
5.14320802689	-1
5.14320802689	-1
5.14320802689	-1
5.18973112106	1
5.21932601929	-1
5.21932601929	-1
5.21932601929	-1
5.21963810921	-1
5.21963810921	-1
5.21963810921	-1
5.21963810921	-1
5.21963810921	-1
5.21963810921	-1
5.21963810921	-1
5.24597501755	-1
5.26432609558	-1
5.26872801781	-1
5.26872801781	-1
5.26872801781	-1
5.26872801781	-1
5.26872801781	-1
5.26872801781	-1
5.29799199104	-1
5.29799199104	-1
5.29799199104	-1
5.29799199104	-1
5.29799199104	-1
5.29799199104	-1
5.29799199104	-1
5.29799199104	-1
5.30745410919	-1
5.30745410919	-1
5.30745410919	-1
5.32191205025	-1
5.32191205025	-1
5.32191205025	-1
5.32191205025	-1
5.32191205025	-1
5.32191205025	-1
5.32191205025	-1
5.34230113029	-1
5.3424680233	-1
5.3424680233	-1
5.3424680233	-1
5.3424680233	-1
5.3424680233	-1
5.3424680233	-1
5.3424680233	-1
5.35735297203	-1
5.35735297203	-1
5.35735297203	-1
5.35735297203	-1
5.35735297203	-1
5.35735297203	-1
5.35735297203	-1
5.35735297203	-1
5.37255096436	-1
5.37260198593	-1
5.37260198593	-1
5.37260198593	-1
5.37260198593	-1
5.37260198593	-1
5.42032599449	-1
5.42032599449	-1
5.42032599449	-1
5.42032599449	-1
5.42032599449	-1
5.42032599449	-1
5.42032599449	-1
5.42032599449	-1
5.42032599449	-1
5.42176699638	1
5.42582416534	1
5.42582416534	1
5.42582416534	1
5.49333310127	-1
5.49333310127	-1
5.49333310127	-1
5.49333310127	-1
5.49333310127	-1
5.49333310127	-1
5.49333310127	-1
5.50676512718	-1
5.52169418335	-1
5.52169418335	-1
5.52169418335	-1
5.52180504799	-1
5.52180504799	-1
5.52180504799	-1
5.52180504799	-1
5.52180504799	-1
5.52180504799	-1
5.54074716568	-1
5.54074716568	-1
5.54074716568	-1
5.54074716568	-1
5.54074716568	-1
5.54074716568	-1
5.54074716568	-1
5.54074716568	-1
5.55446219444	-1
5.55446219444	-1
5.55446219444	-1
5.55446219444	-1
5.55446219444	-1
5.55446219444	-1
5.55446219444	-1
5.55446219444	-1
5.59718108177	-1
5.5972840786	-1
5.5972840786	-1
5.5972840786	-1
5.5972840786	-1
5.5972840786	-1
5.5972840786	-1
5.59845304489	1
5.62748908997	-1
5.62748908997	-1
5.62748908997	-1
5.62748908997	-1
5.62748908997	-1
5.62748908997	-1
5.66058206558	-1
5.66058206558	-1
5.66062998772	-1
5.66062998772	-1
5.66062998772	-1
5.66062998772	-1
5.66062998772	-1
5.66062998772	-1
5.66062998772	-1
5.68595409393	-1
5.68595409393	-1
5.68599009514	1
5.68599009514	1
5.7022550106	-1
5.72156596184	-1
5.72156596184	-1
5.72156596184	-1
5.72156596184	-1
5.72156596184	-1
5.91038107872	-1
5.91038107872	-1
5.91183710098	1
5.93366503716	-1
5.93366503716	-1
5.93366503716	-1
5.93366503716	-1
5.93366503716	-1
5.93366503716	-1
5.93366503716	-1
5.93794202805	-1
5.93805718422	-1
5.93805718422	-1
5.93805718422	-1
5.93805718422	-1
5.93805718422	-1
5.93805718422	-1
5.93805718422	-1
5.9623939991	-1
5.9623939991	-1
5.9623939991	-1
5.9623939991	-1
5.9623939991	-1
5.9623939991	-1
5.9623939991	-1
5.9623939991	-1
5.98533415794	-1
5.990473032	-1
5.990473032	-1
5.990473032	-1
5.990473032	-1
5.990473032	-1
5.990473032	-1
5.990473032	-1
5.990473032	-1
5.990473032	-1
5.99081110954	-1
5.99081110954	-1
5.99081110954	-1
5.99081110954	-1
5.99194598198	1
6.00808501244	-1
6.06503415108	-1
6.0763220787	-1
6.0763220787	-1
6.0763220787	-1
6.0763220787	-1
6.0763220787	-1
6.14083600044	1
6.18668699265	-1
6.18668699265	-1
6.18668699265	-1
6.18668699265	-1
6.18668699265	-1
6.18668699265	-1
6.18668699265	-1
6.18668699265	-1
6.20806002617	-1
6.20806002617	-1
6.20806002617	-1
6.20806002617	-1
6.20806002617	-1
6.20806002617	-1
6.20806002617	-1
6.20806002617	-1
6.2147359848	-1
6.21478509903	-1
6.21478509903	-1
6.21478509903	-1
6.21478509903	-1
6.21478509903	-1
6.21478509903	-1
6.21478509903	-1
6.25826215744	-1
6.25826215744	-1
6.25826215744	-1
6.25826215744	-1
6.27854704857	-1
6.27854704857	-1
6.27854704857	-1
6.27854704857	-1
6.27854704857	-1
6.27854704857	-1
6.27854704857	-1
6.29834699631	-1
6.29834699631	-1
6.29834699631	-1
6.29834699631	-1
6.29834699631	-1
6.29834699631	-1
6.29834699631	-1
6.29834699631	-1
6.31766009331	-1
6.31771016121	-1
6.31771016121	-1
6.31771016121	-1
6.31771016121	-1
6.31771016121	-1
6.31771016121	-1
6.31771016121	-1
6.35042500496	-1
6.35053896904	-1
6.35053896904	-1
6.35053896904	-1
6.35053896904	-1
6.35170006752	1
6.35261416435	-1
6.40696597099	-1
6.40696597099	-1
6.40696597099	-1
6.40696597099	-1
6.42080903053	-1
6.42080903053	-1
6.42080903053	-1
6.42080903053	-1
6.42080903053	-1
6.44720816612	-1
6.44724011421	1
6.45411014557	-1
6.45411014557	-1
6.45411014557	-1
6.45411014557	-1
6.45411014557	-1
6.46957612038	-1
6.46957612038	-1
6.46957612038	-1
6.46957612038	-1
6.46957612038	-1
6.46957612038	-1
6.49073219299	-1
6.49073219299	-1
6.49073219299	-1
6.49073219299	-1
6.49073219299	-1
6.49073219299	-1
6.49073219299	-1
6.49073219299	-1
6.52199316025	-1
6.54280900955	-1
6.54280900955	-1
6.54280900955	-1
6.54280900955	-1
6.54280900955	-1
6.54280900955	-1
6.54355502129	1
6.57175803185	-1
6.57175803185	-1
6.62967300415	-1
6.62967300415	-1
6.62967300415	-1
6.62971615791	1
6.62971615791	1
6.62974119186	-1
6.62974119186	-1
6.63928508759	1
6.63928508759	1
6.63928508759	1
6.71376204491	1
6.78866910934	-1
6.78866910934	-1
6.79007697105	1
6.90433216095	1
6.90433216095	1
6.9384701252	-1
6.96781015396	-1
6.96781015396	-1
6.96781015396	-1
7.04447007179	-1
7.04447007179	-1
7.04447007179	-1
7.04447007179	-1
7.04447007179	-1
7.07161307335	-1
7.11117506027	-1
7.11117506027	-1
7.11117506027	-1
7.11117506027	-1
7.11117506027	-1
7.11117506027	-1
7.11117506027	-1
7.17017602921	-1
7.17017602921	-1
7.17017602921	-1
7.17017602921	-1
7.17017602921	-1
7.17017602921	-1
7.17017602921	-1
7.17017602921	-1
7.17737412453	-1
7.19188499451	-1
7.19188499451	-1
7.19188499451	-1
7.21989417076	-1
7.21989417076	-1
7.24243116379	-1
7.26282215118	-1
7.26282215118	-1
7.26282215118	-1
7.26282215118	-1
7.26282215118	-1
7.26282215118	-1
7.26282215118	-1
7.29183101654	-1
7.29193496704	-1
7.29193496704	-1
7.29193496704	-1
7.31679201126	-1
7.31841206551	1
7.34099817276	-1
7.34099817276	-1
7.34099817276	-1
7.34099817276	-1
7.34099817276	-1
7.34099817276	-1
7.34099817276	-1
7.34099817276	-1
7.35486412048	-1
7.35486412048	-1
7.35486412048	-1
7.35486412048	-1
7.35486412048	-1
7.35486412048	-1
7.35486412048	-1
7.35486412048	-1
7.38112711906	-1
7.38160800934	-1
7.38160800934	-1
7.40179800987	-1
7.40179800987	-1
7.40179800987	-1
7.40179800987	-1
7.40179800987	-1
7.40179800987	-1
7.40179800987	-1
7.40906715393	-1
7.4091770649	-1
7.4091770649	-1
7.4091770649	-1
7.4091770649	-1
7.4091770649	-1
7.4091770649	-1
7.4091770649	-1
7.4094171524	-1
7.4094171524	-1
7.4094171524	-1
7.4094171524	-1
7.4094171524	-1
7.4094171524	-1
7.4094171524	-1
7.46614408493	-1
7.46745300293	1
7.48266816139	-1
7.48266816139	-1
7.48266816139	-1
7.48266816139	-1
7.48266816139	-1
7.48266816139	-1
7.48266816139	-1
7.48529100418	-1
7.48529100418	-1
7.48529100418	-1
7.48529100418	-1
7.48529100418	-1
7.48529100418	-1
7.48529100418	-1
7.5065009594	-1
7.5065009594	-1
7.5065009594	-1
7.50708317757	-1
7.50708317757	-1
7.50708317757	-1
7.50708317757	-1
7.50708317757	-1
7.50708317757	-1
7.50708317757	-1
7.50708317757	-1
7.50745010376	-1
7.50745010376	-1
7.50745010376	-1
7.50745010376	-1
7.51967406273	-1
7.53791999817	-1
7.53791999817	-1
7.53791999817	-1
7.53791999817	-1
7.53791999817	-1
7.53791999817	-1
7.53791999817	-1
7.53791999817	-1
7.53791999817	-1
7.5420460701	1
7.56849503517	-1
7.56849503517	-1
7.56849503517	-1
7.56849503517	-1
7.57967495918	-1
7.57967495918	-1
7.57967495918	-1
7.57967495918	-1
7.57967495918	-1
7.57967495918	-1
7.57967495918	-1
7.59404015541	-1
7.59404015541	-1
7.59404015541	-1
7.59404015541	-1
7.59404015541	-1
7.59404015541	-1
7.59404015541	-1
7.59404015541	-1
7.60114407539	-1
7.60114407539	-1
7.60114407539	-1
7.60114407539	-1
7.60114407539	-1
7.60114407539	-1
7.60114407539	-1
7.60114407539	-1
7.61678099632	1
7.64989709854	-1
7.64989709854	-1
7.64989709854	-1
7.64989709854	-1
7.64989709854	-1
7.64989709854	-1
7.64989709854	-1
7.65941905975	-1
7.65975117683	-1
7.65975117683	-1
7.65975117683	-1
7.65975117683	-1
7.65975117683	-1
7.65975117683	-1
7.67531108856	-1
7.67531108856	-1
7.67531108856	-1
7.67531108856	-1
7.67531108856	-1
7.67531108856	-1
7.67531108856	-1
7.67531108856	-1
7.69251298904	1
7.7034471035	-1
7.7034471035	-1
7.7034471035	-1
7.7034471035	-1
7.7034471035	-1
7.7034471035	-1
7.73498702049	-1
7.73498702049	-1
7.73498702049	-1
7.73498702049	-1
7.73498702049	-1
7.7499961853	-1
7.7499961853	-1
7.7499961853	-1
7.7499961853	-1
7.7499961853	-1
7.7499961853	-1
7.7499961853	-1
7.7499961853	-1
7.76114106178	-1
7.76114106178	-1
7.76114106178	-1
7.76114106178	-1
7.76114106178	-1
7.76114106178	-1
7.76114106178	-1
7.76114106178	-1
7.76691913605	1
7.76691913605	1
7.79045796394	-1
7.79045796394	-1
7.79045796394	-1
7.79045796394	-1
7.79045796394	-1
7.79045796394	-1
7.79045796394	-1
7.80311799049	-1
7.80326414108	-1
7.80326414108	-1
7.80326414108	-1
7.80326414108	-1
7.80326414108	-1
7.80326414108	-1
7.80326414108	-1
7.81716609001	-1
7.81716609001	-1
7.81716609001	-1
7.81716609001	-1
7.82989907265	1
7.82989907265	1
7.82989907265	1
7.84149503708	-1
7.84392213821	-1
7.84392213821	-1
7.84392213821	-1
7.84392213821	-1
7.84392213821	-1
7.84392213821	-1
7.84392213821	-1
7.87315416336	-1
7.87326002121	-1
7.87326002121	-1
7.87326002121	-1
7.87326002121	-1
7.87326002121	-1
7.87326002121	-1
7.87326002121	-1
7.9150531292	-1
7.9150531292	-1
7.9150531292	-1
7.9150531292	-1
7.9150531292	-1
7.9150531292	-1
7.9150531292	-1
7.9150531292	-1
7.94323611259	-1
7.94323611259	-1
7.94323611259	-1
7.94323611259	-1
7.94323611259	-1
7.94323611259	-1
7.94323611259	-1
7.94323611259	-1
7.9536190033	-1
7.9536190033	-1
7.9536190033	-1
7.9536190033	-1
7.9536190033	-1
7.9536190033	-1
7.9536190033	-1
7.9536190033	-1
7.97408914566	-1
7.97413802147	-1
7.97413802147	-1
7.97413802147	-1
7.97413802147	-1
7.99164700508	1
7.9979531765	-1
7.9979531765	-1
7.9979531765	-1
7.9979531765	-1
7.9979531765	-1
7.9979531765	-1
7.9979531765	-1
7.9979531765	-1
8.00832605362	-1
8.01205205917	-1
8.01205205917	-1
8.01205205917	-1
8.01205205917	-1
8.01205205917	-1
8.01205205917	-1
8.01205205917	-1
8.0359351635	-1
8.03618812561	-1
8.03618812561	-1
8.03618812561	-1
8.03618812561	-1
8.03618812561	-1
8.03618812561	-1
8.03618812561	-1
8.04925012589	-1
8.04935503006	-1
8.04935503006	-1
8.04935503006	-1
8.04935503006	-1
8.04935503006	-1
8.04935503006	-1
8.04935503006	-1
8.06075906754	-1
8.06080818176	-1
8.06080818176	-1
8.06080818176	-1
8.06080818176	-1
8.06080818176	-1
8.06080818176	-1
8.06080818176	-1
8.10055112839	-1
8.10055112839	-1
8.10055112839	-1
8.10058498383	1
8.10058498383	1
8.10061001778	-1
8.10061001778	-1
8.10061001778	-1
8.10061001778	-1
8.10061001778	-1
8.10061001778	-1
8.12948608398	-1
8.12948608398	-1
8.12948608398	-1
8.12948608398	-1
8.12948608398	-1
8.14974117279	-1
8.14974117279	-1
8.14974117279	-1
8.14974117279	-1
8.14974117279	-1
8.17555499077	1
8.2503349781	-1
8.25756216049	-1
8.25756216049	-1
8.25756216049	-1
8.25756216049	-1
8.28817009926	-1
8.28817009926	-1
8.28828501701	-1
8.28828501701	-1
8.28828501701	-1
8.28828501701	-1
8.28828501701	-1
8.28828501701	-1
8.30425715446	1
8.36105108261	-1
8.36105108261	-1
8.36105108261	-1
8.36155509949	-1
8.36155509949	-1
8.36155509949	-1
8.36155509949	-1
8.36155509949	-1
8.36155509949	-1
8.36155509949	-1
8.37291717529	-1
8.37303709984	-1
8.37303709984	-1
8.37303709984	-1
8.37303709984	-1
8.37303709984	-1
8.37303709984	-1
8.37303709984	-1
8.40297818184	-1
8.40299201012	1
8.40300798416	-1
8.40300798416	-1
8.40300798416	-1
8.40300798416	-1
8.40300798416	-1
8.40300798416	-1
8.40300798416	-1
8.40334415436	-1
8.41640019417	-1
8.41640019417	-1
8.41640019417	-1
8.41640019417	-1
8.41640019417	-1
8.41640019417	-1
8.41640019417	-1
8.42624807358	-1
8.42636299133	-1
8.42636299133	-1
8.42636299133	-1
8.42636299133	-1
8.42636299133	-1
8.42636299133	-1
8.44422912598	-1
8.44422912598	-1
8.44422912598	-1
8.44422912598	-1
8.44422912598	-1
8.44422912598	-1
8.44422912598	-1
8.44422912598	-1
8.51137709618	1
8.564453125	-1
8.564453125	-1
8.564453125	-1
8.564453125	-1
8.564453125	-1
8.564453125	-1
8.59975218773	1
8.60254216194	-1
8.60254216194	-1
8.60254216194	-1
8.60254216194	-1
8.60254216194	-1
8.60254216194	-1
8.60254216194	-1
8.60254216194	-1
8.67535614967	1
8.70348095894	-1
8.70348095894	-1
8.70348095894	-1
8.70358705521	-1
8.70358705521	-1
8.70358705521	-1
8.70358705521	-1
8.70358705521	-1
8.70358705521	-1
8.72694897652	-1
8.72694897652	-1
8.72694897652	-1
8.72694897652	-1
8.72694897652	-1
8.72694897652	-1
8.72694897652	-1
8.72694897652	-1
8.74292707443	-1
8.74292707443	-1
8.74292707443	-1
8.74292707443	-1
8.74292707443	-1
8.74292707443	-1
8.74292707443	-1
8.74292707443	-1
8.76008796692	-1
8.76008796692	-1
8.76008796692	-1
8.76008796692	-1
8.76008796692	-1
8.76008796692	-1
8.76008796692	-1
8.76008796692	-1
8.77527999878	-1
8.77646017075	1
8.78822302818	-1
8.78822302818	-1
8.78822302818	-1
8.78822302818	-1
8.78822302818	-1
8.78822302818	-1
8.78822302818	-1
8.80650997162	-1
8.80661511421	-1
8.80661511421	-1
8.80661511421	-1
8.80661511421	-1
8.80661511421	-1
8.80661511421	-1
8.80661511421	-1
8.83718800545	-1
8.83718800545	-1
8.83718800545	-1
8.83718800545	-1
8.83718800545	-1
8.83718800545	-1
8.83718800545	-1
8.83718800545	-1
8.83743000031	-1
8.84230399132	-1
8.84230399132	-1
8.84230399132	-1
8.84230399132	-1
8.84230399132	-1
8.84230399132	-1
8.84230399132	-1
8.89105200768	-1
8.89118719101	-1
8.89118719101	-1
8.89118719101	-1
8.89118719101	-1
8.90573596954	-1
8.90573596954	-1
8.90573596954	-1
8.90573596954	-1
8.90573596954	-1
8.9296681881	-1
8.95142006874	-1
8.95142006874	-1
8.95142006874	-1
8.95142006874	-1
8.95142006874	-1
8.95142006874	-1
8.98037314415	-1
8.98208618164	-1
8.98208618164	-1
8.98208618164	-1
8.98208618164	-1
8.98208618164	-1
8.98213410378	1
9.02202701569	-1
9.05401611328	-1
9.05401611328	-1
9.05476307869	-1
9.05766105652	-1
9.05766105652	-1
9.05766105652	-1
9.05766105652	-1
9.05766105652	-1
9.05766105652	-1
9.05766105652	-1
9.05769395828	1
9.06789898872	-1
9.06794595718	-1
9.06794595718	-1
9.06794595718	-1
9.06794595718	-1
9.06794595718	-1
9.06794595718	-1
9.06794595718	-1
9.06825208664	-1
9.06825208664	-1
9.06825208664	-1
9.06825208664	-1
9.06825208664	-1
9.06825208664	-1
9.06825208664	-1
9.09441399574	-1
9.09441399574	-1
9.09441399574	-1
9.1189520359	-1
9.1189520359	-1
9.11907315254	-1
9.11907315254	-1
9.11907315254	-1
9.11907315254	-1
9.11907315254	-1
9.11907315254	-1
9.13217997551	1
9.24677395821	1
9.24677395821	1
9.67480897903	-1
9.70665001869	-1
9.70665001869	-1
9.70665001869	-1
9.70665001869	-1
9.70665001869	-1
9.70665001869	-1
9.70665001869	-1
9.70665001869	-1
9.71977901459	-1
9.7491440773	-1
9.7491440773	-1
9.7491440773	-1
9.7491440773	-1
9.7491440773	-1
9.7491440773	-1
9.7491440773	-1
9.74945616722	-1
9.76672315598	-1
9.76672315598	-1
9.7667760849	-1
9.7667760849	-1
9.7667760849	-1
9.7667760849	-1
9.7667760849	-1
9.7667760849	-1
9.79628515244	-1
9.79628515244	-1
9.79628515244	-1
9.79628515244	-1
9.79628515244	-1
9.79628515244	-1
9.79628515244	-1
9.79628515244	-1
9.81074905396	-1
9.81916308403	-1
9.81916308403	-1
9.81916308403	-1
9.81916308403	-1
9.81916308403	-1
9.81916308403	-1
9.81916308403	-1
9.81916308403	-1
9.87071013451	-1
9.88181805611	1
9.95617818832	1
9.96795606613	1
9.96795606613	1
9.96795606613	1
9.96811103821	1
9.96811103821	1
9.96811103821	1
9.96896910667	1
9.96896910667	1
10.0306191444	1
10.0306191444	1
10.2803239822	-1
