0.0	1
0.250481843948	1
0.310306072235	-1
0.389741897583	1
0.565804004669	-1
0.567378997803	1
0.624808073044	1
0.624808073044	1
0.624808073044	1
0.705311059952	-1
0.734714031219	-1
0.734714031219	-1
0.734714031219	-1
0.734714031219	-1
0.734714031219	-1
0.734714031219	-1
0.734714031219	-1
0.734714031219	-1
0.734750032425	1
0.876441001892	1
1.01433205605	-1
1.0157968998	1
1.0157968998	1
1.0157968998	1
1.15553092957	-1
1.15553092957	-1
1.24628591537	1
1.24628591537	1
1.33414292336	-1
1.33414292336	-1
1.38566398621	1
1.47350001335	-1
1.50569200516	-1
1.50569200516	-1
1.50569200516	-1
1.50569200516	-1
1.50569200516	-1
1.50569200516	-1
1.50569200516	-1
1.50569200516	-1
1.50569200516	-1
1.5384850502	1
1.61246991158	-1
1.61246991158	-1
1.64658594131	-1
1.64658594131	-1
1.64658594131	-1
1.64658594131	-1
1.64658594131	-1
1.64658594131	-1
1.64658594131	-1
1.71406698227	1
1.73011803627	-1
1.75256204605	-1
1.76868891716	-1
1.76868891716	-1
1.76868891716	-1
1.76868891716	-1
1.76868891716	-1
1.76868891716	-1
1.76868891716	-1
1.86365795135	-1
1.88000106812	1
1.89222693443	-1
1.89689588547	-1
1.89689588547	-1
1.89689588547	-1
1.89689588547	-1
1.89689588547	-1
1.89689588547	-1
1.89689588547	-1
2.03660106659	-1
2.03833794594	1
2.17665791512	-1
2.26207089424	-1
2.26207089424	-1
2.26207089424	-1
2.28206086159	-1
2.28206086159	-1
2.29874300957	-1
2.29874300957	-1
2.29874300957	-1
2.29874300957	-1
2.30448007584	1
2.33168387413	-1
2.33168387413	-1
2.33649086952	-1
2.33649086952	-1
2.33649086952	-1
2.33649086952	-1
2.33649086952	-1
2.33649086952	-1
2.33649086952	-1
2.35427284241	-1
2.35427284241	-1
2.37982296944	-1
2.37982296944	-1
2.37982296944	-1
2.37982296944	-1
2.37982296944	-1
2.37982296944	-1
2.37982296944	-1
2.37998390198	-1
2.37998390198	-1
2.37998390198	-1
2.37998390198	-1
2.37998390198	-1
2.37998390198	-1
2.37998390198	-1
2.44426488876	-1
2.44426488876	-1
2.44426488876	-1
2.44445705414	-1
2.44445705414	-1
2.44457888603	-1
2.44457888603	-1
2.44457888603	-1
2.44457888603	-1
2.44457888603	-1
2.44457888603	-1
2.44457888603	-1
2.44457888603	-1
2.49411797523	-1
2.49411797523	-1
2.49411797523	-1
2.49411797523	-1
2.49411797523	-1
2.49436306953	-1
2.4944858551	-1
2.4944858551	-1
2.4944858551	-1
2.4944858551	-1
2.4944858551	-1
2.4944858551	-1
2.4944858551	-1
2.49473190308	-1
2.49473190308	-1
2.49473190308	-1
2.49473190308	-1
2.49473190308	-1
2.49473190308	-1
2.49630403519	1
2.51216387749	1
2.51216387749	1
2.51216387749	1
2.51323199272	1
2.51323199272	1
2.51438093185	1
2.51438093185	1
2.51438093185	1
2.52327990532	1
2.52327990532	1
2.55852198601	-1
2.5585770607	-1
2.5585770607	-1
2.5585770607	-1
2.5585770607	-1
2.5585770607	-1
2.5585770607	-1
2.5585770607	-1
2.5585770607	-1
2.58576393127	-1
2.58576393127	-1
2.58576393127	-1
2.58576393127	-1
2.58576393127	-1
2.58576393127	-1
2.58576393127	-1
2.5859849453	-1
2.58610606194	-1
2.58610606194	-1
2.58610606194	-1
2.58610606194	-1
2.58610606194	-1
2.58610606194	-1
2.58610606194	-1
2.58635306358	-1
2.58635306358	-1
2.58635306358	-1
2.58635306358	-1
2.58635306358	-1
2.58635306358	-1
2.58635306358	-1
2.58635306358	-1
2.63470196724	-1
2.63474607468	-1
2.63474607468	-1
2.63474607468	-1
2.63494896889	-1
2.63494896889	-1
2.63494896889	-1
2.63494896889	-1
2.63494896889	-1
2.63494896889	-1
2.63494896889	-1
2.63494896889	-1
2.63531684875	-1
2.63531684875	-1
2.63531684875	-1
2.63531684875	-1
2.63531684875	-1
2.63531684875	-1
2.63531684875	-1
2.63531684875	-1
2.63680100441	1
2.63680100441	1
2.63680100441	1
2.72542500496	-1
2.72542500496	-1
2.72542500496	-1
2.72542500496	-1
2.72542500496	-1
2.72552585602	-1
2.72552585602	-1
2.72552585602	-1
2.72564888	-1
2.72564888	-1
2.72564888	-1
2.72564888	-1
2.72564888	-1
2.72564888	-1
2.72564888	-1
2.72601699829	-1
2.72601699829	-1
2.72614002228	-1
2.72614002228	-1
2.72614002228	-1
2.72614002228	-1
2.72614002228	-1
2.72628903389	-1
2.72628903389	-1
2.73029088974	1
2.73029088974	1
2.73029088974	1
2.73029088974	1
2.75542402267	1
2.75542402267	1
2.75768899918	1
2.75768899918	1
2.82249689102	-1
2.82249689102	-1
2.82249689102	-1
2.82271289825	-1
2.82271289825	-1
2.82271289825	-1
2.82353186607	-1
2.82353186607	-1
2.83846187592	-1
2.83846187592	-1
2.83846187592	-1
2.83846187592	-1
2.83846187592	-1
2.83846187592	-1
2.83846187592	-1
2.83846187592	-1
2.84143090248	-1
2.84143090248	-1
2.84143090248	-1
2.84143090248	-1
2.84143090248	-1
2.85485291481	1
2.85485291481	1
2.85485291481	1
2.86345887184	-1
2.86345887184	-1
2.86345887184	-1
2.86424899101	1
2.86424899101	1
2.86573004723	-1
2.86573004723	-1
2.86573004723	-1
2.86780691147	1
2.86780691147	1
2.86780691147	1
2.87627005577	-1
2.87627005577	-1
2.87627005577	-1
2.87627005577	-1
2.87627005577	-1
2.87627005577	-1
2.90679693222	-1
2.90679693222	-1
2.90728902817	-1
2.90728902817	-1
2.90728902817	-1
2.90728902817	-1
2.90728902817	-1
2.90728902817	-1
2.90728902817	-1
2.92247486115	-1
2.92247486115	-1
2.92585301399	1
2.92585301399	1
2.92585301399	1
2.92585301399	1
2.92585301399	1
2.92585301399	1
2.97070097923	-1
2.97070097923	-1
2.98754787445	-1
2.98754787445	-1
2.98754787445	-1
2.98754787445	-1
2.98754787445	-1
2.98754787445	-1
2.98754787445	-1
3.02483797073	-1
3.02483797073	-1
3.02483797073	-1
3.02483797073	-1
3.03196406364	-1
3.03196406364	-1
3.03196406364	-1
3.03196406364	-1
3.03196406364	-1
3.03196406364	-1
3.03196406364	-1
3.05973386765	-1
3.05973386765	-1
3.05973386765	-1
3.05973386765	-1
3.05973386765	-1
3.05973386765	-1
3.05973386765	-1
3.05973386765	-1
3.05973386765	-1
3.05973386765	-1
3.06294202805	-1
3.06825494766	-1
3.06825494766	-1
3.06825494766	-1
3.06825494766	-1
3.06825494766	-1
3.06825494766	-1
3.06825494766	-1
3.06825494766	-1
3.07028007507	-1
3.07028007507	-1
3.07028007507	-1
3.07028007507	-1
3.07028007507	-1
3.07028007507	-1
3.07028007507	-1
3.07255387306	-1
3.08017206192	-1
3.08017206192	-1
3.08017206192	-1
3.08017206192	-1
3.08017206192	-1
3.08017206192	-1
3.08017206192	-1
3.09117102623	-1
3.10892486572	-1
3.10892486572	-1
3.10892486572	-1
3.10897302628	-1
3.10897302628	-1
3.10897302628	-1
3.10897302628	-1
3.10897302628	-1
3.10897302628	-1
3.10897302628	-1
3.10897302628	-1
3.12154006958	-1
3.12154006958	-1
3.12154006958	-1
3.12154006958	-1
3.12154006958	-1
3.12154006958	-1
3.12154006958	-1
3.12154006958	-1
3.12157392502	1
3.12157392502	1
3.14845395088	-1
3.14845395088	-1
3.14845395088	-1
3.14845395088	-1
3.14845395088	-1
3.14845395088	-1
3.14845395088	-1
3.14845395088	-1
3.14879894257	-1
3.14879894257	-1
3.14879894257	-1
3.14879894257	-1
3.14879894257	-1
3.14879894257	-1
3.172082901	-1
3.19937992096	-1
3.19937992096	-1
3.19937992096	-1
3.19937992096	-1
3.19937992096	-1
3.19937992096	-1
3.19937992096	-1
3.19937992096	-1
3.19937992096	-1
3.20985603333	-1
3.20985603333	-1
3.2099070549	-1
3.2099070549	-1
3.2099070549	-1
3.2099070549	-1
3.2099070549	-1
3.21823096275	-1
3.22770094872	-1
3.22770094872	-1
3.22770094872	-1
3.22770094872	-1
3.22770094872	-1
3.25094103813	-1
3.25094103813	-1
3.25094103813	-1
3.25094103813	-1
3.25094103813	-1
3.26102590561	-1
3.26102590561	-1
3.26102590561	-1
3.26102590561	-1
3.26102590561	-1
3.26102590561	-1
3.26102590561	-1
3.26102590561	-1
3.26544594765	1
3.26544594765	1
3.273458004	-1
3.273458004	-1
3.273458004	-1
3.273458004	-1
3.273458004	-1
3.273458004	-1
3.273458004	-1
3.273458004	-1
3.273458004	-1
3.28114891052	-1
3.28114891052	-1
3.29634284973	-1
3.29634284973	-1
3.29634284973	-1
3.29982686043	-1
3.29982686043	-1
3.29982686043	-1
3.29982686043	-1
3.30316185951	-1
3.30316185951	-1
3.30316185951	-1
3.53502488136	-1
3.54823589325	-1
3.54823589325	-1
3.54823589325	-1
3.5618288517	-1
3.5618288517	-1
3.5618288517	-1
3.5618288517	-1
3.5618288517	-1
3.5618288517	-1
3.5618288517	-1
3.5618288517	-1
3.57755804062	-1
3.57755804062	-1
3.57755804062	-1
3.58163189888	-1
3.58163189888	-1
3.58163189888	-1
3.58163189888	-1
3.58163189888	-1
3.58163189888	-1
3.58163189888	-1
3.59098100662	-1
3.59098100662	-1
3.59098100662	-1
3.59098100662	-1
3.59098100662	-1
3.59098100662	-1
3.59098100662	-1
3.59977507591	-1
3.59977507591	-1
3.59977507591	-1
3.59977507591	-1
3.59977507591	-1
3.59977507591	-1
3.59977507591	-1
3.59977507591	-1
3.60115790367	1
3.60258698463	-1
3.60258698463	-1
3.60258698463	-1
3.60258698463	-1
3.60258698463	-1
3.60258698463	-1
3.60258698463	-1
3.60559105873	-1
3.61150097847	-1
3.61150097847	-1
3.61150097847	-1
3.61150097847	-1
3.61150097847	-1
3.61150097847	-1
3.61150097847	-1
3.61150097847	-1
3.61897706985	-1
3.61897706985	-1
3.61897706985	-1
3.61897706985	-1
3.61897706985	-1
3.61897706985	-1
3.61897706985	-1
3.62219905853	-1
3.62551689148	-1
3.62551689148	-1
3.62551689148	-1
3.62551689148	-1
3.62551689148	-1
3.62551689148	-1
3.62551689148	-1
3.65560984612	-1
3.65560984612	-1
3.65560984612	-1
3.65560984612	-1
3.65560984612	-1
3.65560984612	-1
3.65560984612	-1
3.65560984612	-1
3.65560984612	-1
3.65595293045	-1
3.65595293045	-1
3.65595293045	-1
3.65595293045	-1
3.65595293045	-1
3.65595293045	-1
3.65595293045	-1
3.65631985664	-1
3.65631985664	-1
3.65631985664	-1
3.65631985664	-1
3.65631985664	-1
3.65631985664	-1
3.65631985664	-1
3.65631985664	-1
3.65668201447	-1
3.65668201447	-1
3.69616794586	-1
3.69616794586	-1
3.69616794586	-1
3.69616794586	-1
3.69627690315	-1
3.69639706612	-1
3.69639706612	-1
3.69639706612	-1
3.69639706612	-1
3.69639706612	-1
3.69639706612	-1
3.69639706612	-1
3.69781684875	1
3.69781684875	1
3.69781684875	1
3.73950600624	-1
3.73950600624	-1
3.73950600624	-1
3.73950600624	-1
3.73950600624	-1
3.73950600624	-1
3.73950600624	-1
3.73987293243	-1
3.73987293243	-1
3.73987293243	-1
3.73987293243	-1
3.73987293243	-1
3.73987293243	-1
3.73987293243	-1
3.73987293243	-1
3.74024200439	-1
3.74024200439	-1
3.74024200439	-1
3.74024200439	-1
3.74024200439	-1
3.74024200439	-1
3.74024200439	-1
3.74048686028	-1
3.74051785469	-1
3.74051785469	-1
3.74051785469	-1
3.74051785469	-1
3.74051785469	-1
3.74051785469	-1
3.74051785469	-1
3.74085688591	-1
3.74085688591	-1
3.74085688591	-1
3.74085688591	-1
3.74110388756	-1
3.74110388756	-1
3.74110388756	-1
3.74110388756	-1
3.74110388756	-1
3.74110388756	-1
3.74110388756	-1
3.74110388756	-1
3.74238491058	1
3.75830197334	-1
3.75830197334	-1
3.75830197334	-1
3.75830197334	-1
3.75830197334	-1
3.75830197334	-1
3.75830197334	-1
3.75865197182	-1
3.75865197182	-1
3.75865197182	-1
3.75865197182	-1
3.75865197182	-1
3.75865197182	-1
3.75865197182	-1
3.75865197182	-1
3.75902199745	-1
3.75902199745	-1
3.75902199745	-1
3.75902199745	-1
3.75914287567	-1
3.75926685333	-1
3.75926685333	-1
3.75926685333	-1
3.75926685333	-1
3.75926685333	-1
3.75926685333	-1
3.75926685333	-1
3.75951194763	-1
3.75951194763	-1
3.75951194763	-1
3.75951194763	-1
3.75951194763	-1
3.75951194763	-1
3.75951194763	-1
3.77117586136	-1
3.77117586136	-1
3.77117586136	-1
3.77139091492	-1
3.77139091492	-1
3.77139091492	-1
3.77139091492	-1
3.77139091492	-1
3.77139091492	-1
3.77139091492	-1
3.77139091492	-1
3.79532694817	-1
3.79532694817	-1
3.79532694817	-1
3.79532694817	-1
3.7954480648	-1
3.7955698967	-1
3.7955698967	-1
3.7955698967	-1
3.7955698967	-1
3.7955698967	-1
3.7955698967	-1
3.7955698967	-1
3.79708194733	1
3.79708194733	1
3.79708194733	1
3.80714201927	-1
3.80714201927	-1
3.80714201927	-1
3.80714201927	-1
3.80714201927	-1
3.80714201927	-1
3.80714201927	-1
3.80750894547	-1
3.80750894547	-1
3.80750894547	-1
3.80750894547	-1
3.80750894547	-1
3.80750894547	-1
3.80750894547	-1
3.80750894547	-1
3.80787801743	-1
3.80787801743	-1
3.80787801743	-1
3.80787801743	-1
3.80787801743	-1
3.80787801743	-1
3.80787801743	-1
3.84337806702	-1
3.843531847	-1
3.843531847	-1
3.843531847	-1
3.843531847	-1
3.843531847	-1
3.843531847	-1
3.843531847	-1
3.8437769413	-1
3.8437769413	-1
3.8437769413	-1
3.8437769413	-1
3.8437769413	-1
3.8437769413	-1
3.8437769413	-1
3.88095092773	-1
3.88095092773	-1
3.88095092773	-1
3.88095092773	-1
3.88095092773	-1
3.88095092773	-1
3.88095092773	-1
3.88095092773	-1
3.88129901886	-1
3.88129901886	-1
3.88129901886	-1
3.88129901886	-1
3.88129901886	-1
3.88129901886	-1
3.88129901886	-1
3.88154506683	-1
3.88166689873	-1
3.88166689873	-1
3.88166689873	-1
3.88166689873	-1
3.88166689873	-1
3.88166689873	-1
3.88166689873	-1
3.8819129467	-1
3.88203597069	-1
3.88203597069	-1
3.88203597069	-1
3.88215994835	-1
3.88215994835	-1
3.88215994835	-1
3.88215994835	-1
3.88215994835	-1
3.88215994835	-1
3.88215994835	-1
3.88215994835	-1
3.88252902031	-1
3.88252902031	-1
3.88252902031	-1
3.88252902031	-1
3.88252902031	-1
3.88252902031	-1
3.88252902031	-1
3.88277387619	-1
3.88289690018	-1
3.88289690018	-1
3.88289690018	-1
3.88289690018	-1
3.88289690018	-1
3.88289690018	-1
3.88289690018	-1
3.88314199448	-1
3.88317203522	-1
3.88317203522	-1
3.88317203522	-1
3.88317203522	-1
3.88317203522	-1
3.88317203522	-1
3.88317203522	-1
3.88377285004	1
3.88377285004	1
3.89893889427	-1
3.89893889427	-1
3.89893889427	-1
3.89893889427	-1
3.89893889427	-1
3.89893889427	-1
3.89893889427	-1
3.89893889427	-1
3.89893889427	-1
3.89927887917	-1
3.89927887917	-1
3.89940404892	-1
3.89952492714	-1
3.89952492714	-1
3.89952492714	-1
3.89952492714	-1
3.89952492714	-1
3.89952492714	-1
3.89952492714	-1
3.92637300491	-1
3.92637300491	-1
3.92637300491	-1
3.92637300491	-1
3.92637300491	-1
3.92637300491	-1
3.92637300491	-1
3.92674207687	-1
3.92674207687	-1
3.92674207687	-1
3.92686486244	-1
3.92686486244	-1
3.92686486244	-1
3.92686486244	-1
3.92686486244	-1
3.92686486244	-1
3.92686486244	-1
3.92686486244	-1
3.9272339344	-1
3.9272339344	-1
3.9272339344	-1
3.9272339344	-1
3.9272339344	-1
3.9272339344	-1
3.9272339344	-1
3.92739701271	-1
3.9276008606	-1
3.9276008606	-1
3.9276008606	-1
3.9276008606	-1
3.9276008606	-1
3.9276008606	-1
3.9276008606	-1
3.92786693573	-1
3.92798805237	-1
3.92798805237	-1
3.92798805237	-1
3.92798805237	-1
3.92798805237	-1
3.92798805237	-1
3.93064284325	1
3.93064284325	1
3.93064284325	1
3.95913887024	-1
3.95913887024	-1
3.95913887024	-1
3.95913887024	-1
3.95913887024	-1
3.95913887024	-1
3.95913887024	-1
3.95913887024	-1
3.95948600769	-1
3.95948600769	-1
3.95948600769	-1
3.95948600769	-1
3.95948600769	-1
3.95948600769	-1
3.95948600769	-1
3.95973205566	-1
3.95985603333	-1
3.95985603333	-1
3.95985603333	-1
3.95985603333	-1
3.95985603333	-1
3.95997786522	-1
3.96010494232	-1
3.96010494232	-1
3.96010494232	-1
3.96010494232	-1
3.96010494232	-1
3.96010494232	-1
3.96010494232	-1
3.96025395393	-1
3.96046996117	-1
3.96046996117	-1
3.96046996117	-1
3.96046996117	-1
3.96046996117	-1
3.96046996117	-1
3.96046996117	-1
3.96046996117	-1
3.96084189415	-1
3.96084189415	-1
3.96084189415	-1
3.96084189415	-1
3.96084189415	-1
3.96084189415	-1
3.96084189415	-1
4.00148892403	-1
4.00156807899	-1
4.00156807899	-1
4.00156807899	-1
4.00156807899	-1
4.00156807899	-1
4.00156807899	-1
4.00156807899	-1
4.00185704231	-1
4.0019800663	-1
4.0019800663	-1
4.0019800663	-1
4.0019800663	-1
4.0019800663	-1
4.0019800663	-1
4.0019800663	-1
4.00222492218	-1
4.0022919178	-1
4.0022919178	-1
4.0022919178	-1
4.0022919178	-1
4.0022919178	-1
4.0022919178	-1
4.0022919178	-1
4.0022919178	-1
4.0022919178	-1
4.02164006233	-1
4.02164006233	-1
4.02164006233	-1
4.02164006233	-1
4.02164006233	-1
4.02164006233	-1
4.02164006233	-1
4.02188587189	-1
4.02342796326	1
4.02342796326	1
4.03871703148	-1
4.03871703148	-1
4.03871703148	-1
4.03871703148	-1
4.03871703148	-1
4.03871703148	-1
4.03871703148	-1
4.03894591331	-1
4.03902888298	-1
4.03902888298	-1
4.03902888298	-1
4.03902888298	-1
4.03902888298	-1
4.03902888298	-1
4.03902888298	-1
4.03902888298	-1
4.03943586349	-1
4.03943586349	-1
4.03943586349	-1
4.03943586349	-1
4.03943586349	-1
4.03943586349	-1
4.03943586349	-1
4.03968095779	-1
4.03980302811	-1
4.03980302811	-1
4.03980302811	-1
4.03980302811	-1
4.03980302811	-1
4.03980302811	-1
4.03980302811	-1
4.0399889946	-1
4.0399889946	-1
4.0399889946	-1
4.0399889946	-1
4.0399889946	-1
4.0399889946	-1
4.0399889946	-1
4.0399889946	-1
4.04041790962	-1
4.04041790962	-1
4.04045987129	-1
4.04045987129	-1
4.04045987129	-1
4.04045987129	-1
4.04045987129	-1
4.04045987129	-1
4.04045987129	-1
4.04078602791	-1
4.04078602791	-1
4.0409090519	-1
4.0409090519	-1
4.0409090519	-1
4.0409090519	-1
4.0409090519	-1
4.0409090519	-1
4.0409090519	-1
4.04127693176	-1
4.04127693176	-1
4.04127693176	-1
4.04127693176	-1
4.04127693176	-1
4.04127693176	-1
4.04127693176	-1
4.04152393341	-1
4.04164791107	-1
4.04164791107	-1
4.04164791107	-1
4.04164791107	-1
4.04164791107	-1
4.04164791107	-1
4.04164791107	-1
4.06587195396	-1
4.06597590446	-1
4.06597590446	-1
4.06597590446	-1
4.06597590446	-1
4.06597590446	-1
4.06597590446	-1
4.06597590446	-1
4.06622195244	-1
4.06622195244	-1
4.06624984741	-1
4.06624984741	-1
4.06624984741	-1
4.06624984741	-1
4.06646800041	-1
4.06646800041	-1
4.06646800041	-1
4.06646800041	-1
4.06646800041	-1
4.06646800041	-1
4.06646800041	-1
4.0986969471	-1
4.0986969471	-1
4.0986969471	-1
4.0986969471	-1
4.0986969471	-1
4.0986969471	-1
4.0986969471	-1
4.0989408493	-1
4.09906387329	-1
4.09906387329	-1
4.09906387329	-1
4.09906387329	-1
4.09906387329	-1
4.09930896759	-1
4.09930896759	-1
4.09930896759	-1
4.09930896759	-1
4.09943604469	-1
4.09943604469	-1
4.09943604469	-1
4.10046386719	1
4.10046386719	1
4.10046386719	1
4.17801690102	1
4.50206804276	-1
4.52014803886	-1
4.52014803886	-1
4.52014803886	-1
4.52014803886	-1
4.52014803886	-1
4.52014803886	-1
4.52535295486	-1
4.52535295486	-1
4.52535295486	-1
4.52535295486	-1
4.52535295486	-1
4.52535295486	-1
4.5496430397	-1
4.5496430397	-1
4.5496430397	-1
4.5496430397	-1
4.5496430397	-1
4.5496430397	-1
4.5496430397	-1
4.5496430397	-1
4.55091190338	-1
4.55091190338	-1
4.55091190338	-1
4.55091190338	-1
4.55091190338	-1
4.55091190338	-1
4.55091190338	-1
4.55091190338	-1
4.55208802223	-1
4.55208802223	-1
4.55744194984	-1
4.55744194984	-1
4.55744194984	-1
4.55744194984	-1
4.55744194984	-1
4.55744194984	-1
4.55744194984	-1
4.55768895149	-1
4.55773091316	-1
4.55773091316	-1
4.55773091316	-1
4.55773091316	-1
4.55793404579	-1
4.557970047	-1
4.557970047	-1
4.557970047	-1
4.557970047	-1
4.557970047	-1
4.55817985535	-1
4.55821299553	-1
4.55821299553	-1
4.58865785599	-1
4.58865785599	-1
4.58865785599	-1
4.58865785599	-1
4.58865785599	-1
4.58865785599	-1
4.58865785599	-1
4.58865785599	-1
4.5907189846	-1
4.59270405769	-1
4.59270405769	-1
4.59270405769	-1
4.59270405769	-1
4.59270405769	-1
4.59270405769	-1
4.59270405769	-1
4.59721207619	-1
4.59828495979	-1
4.59828495979	-1
4.59828495979	-1
4.59828495979	-1
4.59828495979	-1
4.59828495979	-1
4.59828495979	-1
4.59957003593	-1
4.59957003593	-1
4.59957003593	-1
4.59957003593	-1
4.59957003593	-1
4.59957003593	-1
4.59957003593	-1
4.61808395386	-1
4.61808395386	-1
4.61952400208	1
4.63037204742	-1
4.63037204742	-1
4.63037204742	-1
4.63037204742	-1
4.63037204742	-1
4.63037204742	-1
4.63060903549	-1
4.63060903549	-1
4.63060903549	-1
4.63060903549	-1
4.63060903549	-1
4.63085389137	-1
4.63085389137	-1
4.63085389137	-1
4.63085389137	-1
4.63085389137	-1
4.63085389137	-1
4.63085389137	-1
4.63085389137	-1
4.63122391701	-1
4.63122391701	-1
4.63122391701	-1
4.63122391701	-1
4.63122391701	-1
4.63122391701	-1
4.63122391701	-1
4.63144397736	-1
4.65898299217	-1
4.65898299217	-1
4.65898299217	-1
4.65898299217	-1
4.68910002708	-1
4.68910002708	-1
4.68920397758	-1
4.68920397758	-1
4.68920397758	-1
4.68920397758	-1
4.68920397758	-1
4.68920397758	-1
4.68920397758	-1
4.68920397758	-1
4.68957185745	-1
4.68957185745	-1
4.68969297409	-1
4.68969297409	-1
4.68969297409	-1
4.68981695175	-1
4.68981695175	-1
4.68981695175	-1
4.68981695175	-1
4.68981695175	-1
4.68981695175	-1
4.68981695175	-1
4.68981695175	-1
4.68981695175	-1
4.69349098206	-1
4.69349098206	-1
4.69360494614	-1
4.69360494614	-1
4.69360494614	-1
4.69360494614	-1
4.69360494614	-1
4.69360494614	-1
4.69360494614	-1
4.69360494614	-1
4.69397306442	-1
4.69397306442	-1
4.69397306442	-1
4.69397306442	-1
4.69397306442	-1
4.69397306442	-1
4.69397306442	-1
4.69421887398	-1
4.69432687759	-1
4.69432687759	-1
4.69432687759	-1
4.69432687759	-1
4.69432687759	-1
4.69432687759	-1
4.69432687759	-1
4.70968604088	-1
4.70979905128	-1
4.70979905128	-1
4.70979905128	-1
4.70979905128	-1
4.70979905128	-1
4.70979905128	-1
4.70979905128	-1
4.71004390717	-1
4.71016788483	-1
4.71016788483	-1
4.71016788483	-1
4.71016788483	-1
4.71016788483	-1
4.71016788483	-1
4.71016788483	-1
4.71016788483	-1
4.71016788483	-1
4.71051096916	-1
4.71051096916	-1
4.7106590271	-1
4.7106590271	-1
4.7106590271	-1
4.7106590271	-1
4.7106590271	-1
4.7106590271	-1
4.7106590271	-1
4.71191000938	1
4.71191000938	1
4.71191000938	1
4.75762200356	-1
4.75774598122	-1
4.75774598122	-1
4.75774598122	-1
4.75774598122	-1
4.75774598122	-1
4.75774598122	-1
4.75774598122	-1
4.75798892975	-1
4.75811290741	-1
4.75811290741	-1
4.75811290741	-1
4.75811290741	-1
4.75811290741	-1
4.75823497772	-1
4.75835990906	-1
4.75835990906	-1
4.75835990906	-1
4.75835990906	-1
4.75835990906	-1
4.75835990906	-1
4.75860404968	-1
4.75860404968	-1
4.75860404968	-1
4.75860404968	-1
4.75860404968	-1
4.75860404968	-1
4.75860404968	-1
4.75860404968	-1
4.75887489319	-1
4.75887489319	-1
4.75887489319	-1
4.75887489319	-1
4.75887489319	-1
4.75887489319	-1
4.75921797752	-1
4.75921797752	-1
4.75921797752	-1
4.75921797752	-1
4.75921797752	-1
4.75921797752	-1
4.75921797752	-1
4.75958704948	-1
4.75958704948	-1
4.75958704948	-1
4.75958704948	-1
4.75958704948	-1
4.75958704948	-1
4.75958704948	-1
4.75958704948	-1
4.75976204872	1
4.79859495163	-1
4.79859495163	-1
4.79859495163	-1
4.79870486259	-1
4.79870486259	-1
4.79870486259	-1
4.79870486259	-1
4.79870486259	-1
4.79870486259	-1
4.79870486259	-1
4.79894685745	-1
4.79907107353	-1
4.79907107353	-1
4.79907107353	-1
4.79907107353	-1
4.79907107353	-1
4.79907107353	-1
4.79907107353	-1
4.79931688309	-1
4.79943990707	-1
4.79943990707	-1
4.79943990707	-1
4.79943990707	-1
4.79943990707	-1
4.79943990707	-1
4.79943990707	-1
4.7996840477	-1
4.79980802536	-1
4.79980802536	-1
4.79980802536	-1
4.79980802536	-1
4.79980802536	-1
4.79980802536	-1
4.79980802536	-1
4.79998493195	-1
4.80017805099	-1
4.80017805099	-1
4.80017805099	-1
4.80017805099	-1
4.80017805099	-1
4.80017805099	-1
4.80017805099	-1
4.80017805099	-1
4.8004219532	-1
4.8004219532	-1
4.8004219532	-1
4.8004219532	-1
4.8004219532	-1
4.8004219532	-1
4.8004219532	-1
4.80514597893	1
4.80514597893	1
4.80514597893	1
4.82986998558	-1
4.82986998558	-1
4.83003401756	-1
4.83003401756	-1
4.83003401756	-1
4.83003401756	-1
4.83003401756	-1
4.83003401756	-1
4.83003401756	-1
4.83027887344	-1
4.83027887344	-1
4.83027887344	-1
4.83027887344	-1
4.83027887344	-1
4.83027887344	-1
4.83027887344	-1
4.83064007759	-1
4.83064007759	-1
4.83077192307	-1
4.83077192307	-1
4.83077192307	-1
4.83077192307	-1
4.83077192307	-1
4.83077192307	-1
4.83077192307	-1
4.84942603111	-1
4.84942603111	-1
4.84942603111	-1
4.84942603111	-1
4.84942603111	-1
4.84967207909	-1
4.84967207909	-1
4.84967207909	-1
4.84967207909	-1
4.84967207909	-1
4.84967207909	-1
4.84967207909	-1
4.84967207909	-1
4.85004091263	-1
4.85004091263	-1
4.85004091263	-1
4.85004091263	-1
4.85004091263	-1
4.85004091263	-1
4.85004091263	-1
4.8502869606	-1
4.85041093826	-1
4.85041093826	-1
4.85041093826	-1
4.85041093826	-1
4.85041093826	-1
4.85041093826	-1
4.85041093826	-1
4.85066986084	-1
4.85077905655	-1
4.85077905655	-1
4.85077905655	-1
4.85077905655	-1
4.85077905655	-1
4.85077905655	-1
4.85077905655	-1
4.85101890564	-1
4.85114192963	-1
4.85114192963	-1
4.85114192963	-1
4.85114192963	-1
4.85114192963	-1
4.85114192963	-1
4.85114192963	-1
4.89736795425	-1
4.89742588997	-1
4.89742588997	-1
4.89742588997	-1
4.89742588997	-1
4.89742588997	-1
4.89742588997	-1
4.89742588997	-1
4.89773607254	-1
4.89773607254	-1
4.89773607254	-1
4.89773607254	-1
4.89773607254	-1
4.89773607254	-1
4.89773607254	-1
4.89805793762	-1
4.89805793762	-1
4.89805793762	-1
4.89822697639	-1
4.89822697639	-1
4.89822697639	-1
4.89822697639	-1
4.89822697639	-1
4.89822697639	-1
4.89847302437	-1
4.89847302437	-1
4.89847302437	-1
4.89847302437	-1
4.89847302437	-1
4.89847302437	-1
4.89847302437	-1
4.89884185791	-1
4.89884185791	-1
4.89884185791	-1
4.89884185791	-1
4.89884185791	-1
4.89884185791	-1
4.89884185791	-1
4.89908790588	-1
4.89921092987	-1
4.89921092987	-1
4.89921092987	-1
4.89921092987	-1
4.89921092987	-1
4.89921092987	-1
4.89921092987	-1
4.89936089516	-1
4.89957904816	-1
4.89957904816	-1
4.89957904816	-1
4.89957904816	-1
4.89957904816	-1
4.89957904816	-1
4.89957904816	-1
4.89982485771	-1
4.89982485771	-1
4.8999478817	-1
4.8999478817	-1
4.8999478817	-1
4.8999478817	-1
4.8999478817	-1
4.8999478817	-1
4.8999478817	-1
4.89999198914	1
4.89999198914	1
4.900192976	-1
4.90023803711	-1
4.90023803711	-1
4.90023803711	-1
4.90023803711	-1
4.90023803711	-1
4.90023803711	-1
4.90023803711	-1
4.90056204796	-1
4.90067601204	-1
4.90067601204	-1
4.90067601204	-1
4.90067601204	-1
4.90067601204	-1
4.90067601204	-1
4.90067601204	-1
4.93821406364	1
4.93821406364	1
4.93824291229	-1
4.93824291229	-1
4.93824291229	-1
4.93824291229	-1
4.93824291229	-1
4.93824291229	-1
4.93824291229	-1
4.93865299225	-1
4.93865299225	-1
4.93877601624	-1
4.93877601624	-1
4.93877601624	-1
4.93877601624	-1
4.93877601624	-1
4.93877601624	-1
4.93877601624	-1
4.93877601624	-1
4.93877601624	-1
4.93909406662	-1
4.93909406662	-1
4.93909406662	-1
4.93909406662	-1
4.93926692009	-1
4.93926692009	-1
4.93938994408	-1
4.93938994408	-1
4.93938994408	-1
4.93938994408	-1
4.93938994408	-1
4.93938994408	-1
4.93938994408	-1
4.9695558548	-1
4.9695558548	-1
4.9695558548	-1
4.9695558548	-1
4.9695558548	-1
4.9695558548	-1
4.9695558548	-1
4.9695558548	-1
4.96992397308	-1
4.96992397308	-1
4.96992397308	-1
4.97004699707	-1
4.97004699707	-1
4.97004699707	-1
4.97004699707	-1
4.97004699707	-1
4.97004699707	-1
4.97004699707	-1
4.97029185295	-1
4.97029185295	-1
4.97029185295	-1
4.97029185295	-1
4.97029185295	-1
4.97029185295	-1
4.97029185295	-1
4.97063684464	-1
4.97063684464	-1
4.97063684464	-1
4.97063684464	-1
4.97063684464	-1
4.97063684464	-1
4.97063684464	-1
4.97063684464	-1
4.97098398209	-1
4.97098398209	-1
4.97098398209	-1
4.97098398209	-1
4.97098398209	-1
4.97098398209	-1
4.97098398209	-1
4.97098398209	-1
4.97142100334	-1
4.97142100334	-1
4.97142100334	-1
4.97142100334	-1
4.97142100334	-1
4.97142100334	-1
4.97142100334	-1
4.97142100334	-1
4.97142100334	-1
4.97178792953	-1
4.97178792953	-1
4.97178792953	-1
4.97178792953	-1
4.97178792953	-1
4.97178792953	-1
4.97178792953	-1
4.98911499977	-1
4.98911499977	-1
4.98911499977	-1
4.98911499977	-1
4.98911499977	-1
4.98911499977	-1
4.98911499977	-1
4.98911499977	-1
4.98941898346	-1
4.98954200745	-1
4.98954200745	-1
4.98954200745	-1
4.98954200745	-1
4.98954200745	-1
4.98954200745	-1
4.98954200745	-1
4.98954200745	-1
4.9899148941	-1
4.9899148941	-1
4.9899148941	-1
4.9899148941	-1
4.9899148941	-1
4.9899148941	-1
4.9899148941	-1
4.9899148941	-1
4.99027991295	-1
4.99027991295	-1
4.99027991295	-1
4.99027991295	-1
4.99027991295	-1
4.99027991295	-1
4.99027991295	-1
4.99027991295	-1
5.03073000908	-1
5.03073000908	-1
5.03073000908	-1
5.03073000908	-1
5.03073000908	-1
5.03079390526	-1
5.03079390526	-1
5.03079390526	-1
5.03109288216	-1
5.03109288216	-1
5.03109288216	-1
5.03109288216	-1
5.03109288216	-1
5.03109288216	-1
5.03109288216	-1
5.03109288216	-1
5.03146290779	-1
5.03146290779	-1
5.03146290779	-1
5.03146290779	-1
5.03146290779	-1
5.03146290779	-1
5.03170704842	-1
5.03170704842	-1
5.03170704842	-1
5.03170704842	-1
5.03170704842	-1
5.03170704842	-1
5.03170704842	-1
5.03170704842	-1
5.03170704842	-1
5.03170704842	-1
5.03207588196	-1
5.03207588196	-1
5.03207588196	-1
5.03207588196	-1
5.03207588196	-1
5.0323240757	-1
5.0323240757	-1
5.0323240757	-1
5.03244495392	-1
5.03244495392	-1
5.03244495392	-1
5.03244495392	-1
5.03244495392	-1
5.03244495392	-1
5.03244495392	-1
5.03244495392	-1
5.03272104263	-1
5.03272104263	-1
5.0329349041	-1
5.0329349041	-1
5.0329349041	-1
5.0329349041	-1
5.0329349041	-1
5.0329349041	-1
5.03301787376	1
5.03301787376	1
5.03301787376	1
5.03513097763	1
5.03513097763	1
5.04043197632	-1
5.04043197632	-1
5.04043197632	-1
5.04043197632	-1
5.04043197632	-1
5.04043197632	-1
5.04067587852	-1
5.04067587852	-1
5.04079890251	-1
5.04079890251	-1
5.04079890251	-1
5.04079890251	-1
5.04079890251	-1
5.04079890251	-1
5.04079890251	-1
5.04079890251	-1
5.04112887383	-1
5.04112887383	-1
5.04112887383	-1
5.04112887383	-1
5.04112887383	-1
5.04112887383	-1
5.04112887383	-1
5.04112887383	-1
5.04112887383	-1
5.04153800011	-1
5.04153800011	-1
5.04153800011	-1
5.04153800011	-1
5.04153800011	-1
5.04153800011	-1
5.04153800011	-1
5.04182100296	-1
5.04182100296	-1
5.15385890007	1
5.50896191597	-1
5.52173900604	-1
5.52173900604	-1
5.52173900604	-1
5.52173900604	-1
5.52173900604	-1
5.52268195152	-1
5.52268195152	-1
5.52268195152	-1
5.52268195152	-1
5.52268195152	-1
5.52779984474	-1
5.5405189991	-1
5.5405189991	-1
5.5405189991	-1
5.5405189991	-1
5.5405189991	-1
5.5405189991	-1
5.5405189991	-1
5.54131603241	-1
5.54131603241	-1
5.54131603241	-1
5.54131603241	-1
5.54131603241	-1
5.54264092445	-1
5.544039011	-1
5.544039011	-1
5.544039011	-1
5.54624986649	-1
5.54624986649	-1
5.54624986649	-1
5.54624986649	-1
5.54624986649	-1
5.54624986649	-1
5.54708003998	1
5.55280399323	-1
5.55280399323	-1
5.55280399323	-1
5.55280399323	-1
5.55280399323	-1
5.55280399323	-1
5.55280399323	-1
5.56524205208	-1
5.56524205208	-1
5.56524205208	-1
5.56552505493	-1
5.56552505493	-1
5.56552505493	-1
5.56552505493	-1
5.56552505493	-1
5.56552505493	-1
5.56552505493	-1
5.5697619915	-1
5.569865942	-1
5.569865942	-1
5.569865942	-1
5.569865942	-1
5.569865942	-1
5.569865942	-1
5.5701520443	-1
5.5701520443	-1
5.5701520443	-1
5.5701520443	-1
5.5701520443	-1
5.5701520443	-1
5.5701520443	-1
5.5701520443	-1
5.57086992264	-1
5.57086992264	-1
5.57086992264	-1
5.57086992264	-1
5.57086992264	-1
5.57086992264	-1
5.57086992264	-1
5.57184100151	-1
5.58028697968	-1
5.58028697968	-1
5.58034300804	-1
5.58034300804	-1
5.58034300804	-1
5.58034300804	-1
5.58034300804	-1
5.58034300804	-1
5.58034300804	-1
5.58393192291	-1
5.59926891327	-1
5.59926891327	-1
5.59926891327	-1
5.59926891327	-1
5.59926891327	-1
5.59926891327	-1
5.59926891327	-1
5.59926891327	-1
5.59957790375	-1
5.59957790375	-1
5.59957790375	-1
5.59957790375	-1
5.59957790375	-1
5.59957790375	-1
5.59957790375	-1
5.61837697029	-1
5.61848187447	-1
5.61848187447	-1
5.61848187447	-1
5.61848187447	-1
5.61848187447	-1
5.61848187447	-1
5.61848187447	-1
5.61872696877	-1
5.61872696877	-1
5.61872696877	-1
5.61872696877	-1
5.61872696877	-1
5.61872696877	-1
5.61872696877	-1
5.6190969944	-1
5.6190969944	-1
5.6190969944	-1
5.6190969944	-1
5.6190969944	-1
5.6190969944	-1
5.6190969944	-1
5.6190969944	-1
5.61942696571	-1
5.61942696571	-1
5.61942696571	-1
5.61942696571	-1
5.61942696571	-1
5.61942696571	-1
5.61942696571	-1
5.61942696571	-1
5.61961603165	-1
5.61983299255	-1
5.61983299255	-1
5.61983299255	-1
5.61995601654	-1
5.61995601654	-1
5.62387800217	1
5.62387800217	1
5.62387800217	1
5.63748288155	-1
5.63748288155	-1
5.63748288155	-1
5.63748288155	-1
5.63748288155	-1
5.63748288155	-1
5.63748288155	-1
5.63748288155	-1
5.68016386032	-1
5.68016386032	-1
5.68016386032	-1
5.68016386032	-1
5.68016386032	-1
5.68016386032	-1
5.68016386032	-1
5.68016386032	-1
5.68016386032	-1
5.68053197861	-1
5.68053197861	-1
5.68053197861	-1
5.68053197861	-1
5.68053197861	-1
5.68053197861	-1
5.68053197861	-1
5.68053197861	-1
5.68092107773	-1
5.68092107773	-1
5.68092107773	-1
5.68092107773	-1
5.68092107773	-1
5.68092107773	-1
5.68092107773	-1
5.68092107773	-1
5.7052500248	-1
5.7052500248	-1
5.70531105995	-1
5.70531105995	-1
5.70531105995	-1
5.70531105995	-1
5.70531105995	-1
5.70549607277	-1
5.70549607277	-1
5.70561885834	-1
5.70561885834	-1
5.70580601692	-1
5.70580601692	-1
5.70580601692	-1
5.70580601692	-1
5.70580601692	-1
5.70580601692	-1
5.7059879303	-1
5.7059879303	-1
5.70603299141	-1
5.70603299141	-1
5.70603299141	-1
5.70603299141	-1
5.7062330246	-1
5.7062330246	-1
5.70627093315	-1
5.70627093315	-1
5.82561397552	1
6.34419202805	1
6.48359298706	1
6.51620197296	-1
6.51741695404	-1
6.51741695404	-1
6.51741695404	-1
6.51741695404	-1
6.51741695404	-1
6.52058601379	-1
6.52115488052	-1
6.52115488052	-1
6.52115488052	-1
6.52115488052	-1
6.52115488052	-1
6.52115488052	-1
6.52115488052	-1
6.52390384674	-1
6.54952001572	-1
6.54952001572	-1
6.54952001572	-1
6.54952001572	-1
6.54952001572	-1
6.54952001572	-1
6.54952001572	-1
6.54952001572	-1
6.54952001572	-1
6.54983186722	-1
6.54983186722	-1
6.54983186722	-1
6.54983186722	-1
6.54999399185	-1
6.54999399185	-1
6.55006599426	-1
6.55006599426	-1
6.55006599426	-1
6.55006599426	-1
6.55006599426	-1
6.55006599426	-1
6.55006599426	-1
6.55880904198	-1
6.55880904198	-1
6.55886006355	-1
6.55886006355	-1
6.55886006355	-1
6.55886006355	-1
6.55886006355	-1
6.55886006355	-1
6.55886006355	-1
6.65659189224	1
6.65659189224	1
6.66344404221	-1
6.66344404221	-1
6.66344404221	-1
6.66344404221	-1
6.66344404221	-1
6.66344404221	-1
6.66344404221	-1
6.66344404221	-1
6.66379404068	-1
6.66379404068	-1
6.66379404068	-1
6.66379404068	-1
6.66379404068	-1
6.66379404068	-1
6.66379404068	-1
6.66379404068	-1
6.66416192055	-1
6.66416192055	-1
6.66416192055	-1
6.66416192055	-1
6.66416192055	-1
6.66416192055	-1
6.66416192055	-1
6.66416192055	-1
6.68976688385	-1
6.68976688385	-1
6.68976688385	-1
6.68976688385	-1
6.68976688385	-1
6.68976688385	-1
6.68976688385	-1
6.68976688385	-1
6.69010901451	-1
6.69010901451	-1
6.69010901451	-1
6.69010901451	-1
6.69010901451	-1
6.69010901451	-1
6.69010901451	-1
6.69035387039	-1
6.69047784805	-1
6.69047784805	-1
6.69047784805	-1
6.69047784805	-1
6.69047784805	-1
6.69047784805	-1
6.69047784805	-1
6.69047784805	-1
6.69074606895	-1
6.69074606895	-1
6.69074606895	-1
6.69074606895	-1
6.69074606895	-1
6.69074606895	-1
6.69074606895	-1
6.69074606895	-1
6.79657387733	1
6.79676198959	-1
6.79676198959	-1
6.79676198959	-1
6.79676198959	-1
6.79676198959	-1
6.79676198959	-1
6.79676198959	-1
6.79676198959	-1
6.79713106155	-1
6.79713106155	-1
6.79713106155	-1
6.79713106155	-1
6.79713106155	-1
6.79713106155	-1
6.79713106155	-1
6.80442094803	-1
6.80445504189	-1
6.80445504189	-1
6.80445504189	-1
6.80445504189	-1
6.80445504189	-1
6.80445504189	-1
6.80445504189	-1
6.80478906631	-1
6.80478906631	-1
6.80478906631	-1
6.80478906631	-1
6.80478906631	-1
6.80478906631	-1
6.80478906631	-1
6.80478906631	-1
6.8051109314	-1
6.8051109314	-1
6.80527997017	-1
6.80527997017	-1
6.80527997017	-1
6.80527997017	-1
6.80527997017	-1
6.80527997017	-1
6.80527997017	-1
6.80552601814	-1
6.80552601814	-1
6.80552601814	-1
6.80552601814	-1
6.80552601814	-1
6.80552601814	-1
6.80552601814	-1
6.83024001122	-1
6.83024001122	-1
6.83024001122	-1
6.83024001122	-1
6.83024001122	-1
6.83057188988	-1
6.83057188988	-1
6.83057188988	-1
6.83057188988	-1
6.83057188988	-1
6.83057188988	-1
6.83057188988	-1
6.83057188988	-1
6.83094096184	-1
6.83094096184	-1
6.83094096184	-1
6.83094096184	-1
6.83103704453	-1
6.87033891678	-1
6.87033891678	-1
6.87033891678	-1
6.87033891678	-1
6.87033891678	-1
6.87046003342	-1
6.87058186531	-1
6.87058186531	-1
6.8707048893	-1
6.8707048893	-1
6.8707048893	-1
6.8707048893	-1
6.8707048893	-1
6.8707048893	-1
6.8707048893	-1
6.8707048893	-1
6.94388699532	-1
6.94389986992	1
6.94389986992	1
6.94391894341	-1
6.94391894341	-1
6.94391894341	-1
6.94391894341	-1
6.94391894341	-1
6.94391894341	-1
6.94391894341	-1
6.9442448616	-1
6.94436693192	-1
6.94436693192	-1
6.9444899559	-1
6.9444899559	-1
6.9444899559	-1
6.9444899559	-1
6.9444899559	-1
6.94461297989	-1
6.94472289085	-1
6.94472289085	-1
6.94472289085	-1
6.94472289085	-1
6.94472289085	-1
6.94472289085	-1
6.94472289085	-1
6.94495892525	-1
6.94510507584	-1
6.94510507584	-1
6.94510507584	-1
6.94510507584	-1
6.94510507584	-1
6.94510507584	-1
6.94510507584	-1
6.97013998032	-1
6.97016596794	-1
6.97016596794	-1
6.97016596794	-1
6.97016596794	-1
6.97016596794	-1
6.97016596794	-1
6.97016596794	-1
6.9704978466	-1
6.97062087059	-1
6.97062087059	-1
6.97062087059	-1
6.97062087059	-1
6.97062087059	-1
6.97062087059	-1
6.97062087059	-1
6.97086691856	-1
6.97099304199	-1
6.97099304199	-1
6.97099304199	-1
6.97099304199	-1
6.97099304199	-1
6.97099304199	-1
6.97099304199	-1
6.97099304199	-1
6.97099304199	-1
6.97135806084	-1
6.97135806084	-1
6.97148084641	-1
6.97148084641	-1
6.97148084641	-1
6.97148084641	-1
6.97148084641	-1
6.97148084641	-1
6.97148084641	-1
6.97148084641	-1
6.97185087204	-1
6.97185087204	-1
6.97185087204	-1
6.97454595566	1
6.97454595566	1
6.97454595566	1
7.04935097694	1
7.04935097694	1
7.11396789551	1
7.11396789551	1
7.29834294319	1
7.3358669281	1
7.3358669281	1
7.3358669281	1
7.45787191391	1
7.55274987221	-1
7.59057688713	-1
7.59057688713	-1
7.59057688713	-1
7.60908889771	-1
7.60908889771	-1
7.60908889771	-1
7.60908889771	-1
7.60908889771	-1
7.60908889771	-1
7.60908889771	-1
7.60912299156	1
7.60912299156	1
7.62045288086	-1
7.63169288635	-1
7.63169288635	-1
7.65004992485	-1
7.65004992485	-1
7.65004992485	-1
7.65004992485	-1
7.65004992485	-1
7.65004992485	-1
7.65004992485	-1
7.65004992485	-1
7.6671860218	-1
7.6671860218	-1
7.6671860218	-1
7.6671860218	-1
7.6671860218	-1
7.6671860218	-1
7.6671860218	-1
7.6671860218	-1
7.66743206978	-1
7.66919803619	1
7.66919803619	1
7.66919803619	1
7.80692505836	1
7.8460650444	-1
7.8460650444	-1
7.8460650444	-1
7.8898088932	-1
7.8898088932	-1
7.88986206055	-1
7.88986206055	-1
7.88986206055	-1
7.93695092201	-1
7.93695092201	-1
7.93695092201	-1
7.95446300507	-1
7.95446300507	-1
7.95446300507	-1
7.95450496674	1
7.95450496674	1
7.96422600746	-1
7.96422600746	-1
7.96584296227	-1
7.96584296227	-1
7.96584296227	-1
7.96584296227	-1
7.97227406502	-1
8.00373101234	-1
8.00373101234	-1
8.00373101234	-1
8.19389486313	1
8.19389486313	1
8.20085906982	-1
8.20085906982	-1
8.20085906982	-1
8.2036819458	-1
8.2036819458	-1
8.2427880764	-1
8.2427880764	-1
8.2427880764	-1
8.2427880764	-1
8.2427880764	-1
8.2427880764	-1
8.2427880764	-1
8.2427880764	-1
8.25286984444	-1
8.25286984444	-1
8.25286984444	-1
8.25286984444	-1
8.25286984444	-1
8.25286984444	-1
8.25286984444	-1
8.25286984444	-1
8.26511788368	1
8.26511788368	1
8.26511788368	1
8.26765084267	-1
8.26776599884	-1
8.26776599884	-1
8.26776599884	-1
8.26776599884	-1
8.26776599884	-1
8.26776599884	-1
8.26776599884	-1
8.26776599884	-1
8.26813292503	-1
8.26813292503	-1
8.26813292503	-1
8.26813292503	-1
8.26813292503	-1
8.26813292503	-1
8.26861405373	-1
8.26861405373	-1
8.27080893517	1
8.27080893517	1
8.33384799957	-1
8.33384799957	-1
8.33384799957	-1
8.33389687538	1
8.33389687538	1
8.50883889198	-1
8.50883889198	-1
8.50883889198	-1
8.50887989998	1
8.50887989998	1
8.51229786873	-1
8.51229786873	-1
8.51229786873	-1
8.51229786873	-1
8.51229786873	-1
8.51229786873	-1
8.51229786873	-1
8.51646184921	-1
8.51646184921	-1
8.51646184921	-1
8.51646184921	-1
8.51646184921	-1
8.51646184921	-1
8.51646184921	-1
8.52397298813	-1
8.52397298813	-1
8.52397298813	-1
8.52397298813	-1
8.52397298813	-1
8.52397298813	-1
8.52397298813	-1
8.52693986893	-1
8.53009104729	-1
8.53009104729	-1
8.53009104729	-1
8.53009104729	-1
8.53009104729	-1
8.53009104729	-1
8.53009104729	-1
8.59819102287	-1
8.59819102287	-1
8.59819102287	-1
8.62410187721	-1
8.62410187721	-1
8.62772297859	-1
8.62772297859	-1
8.62772297859	-1
8.62772297859	-1
8.62772297859	-1
8.62772297859	-1
8.62772297859	-1
8.64007091522	-1
8.64007091522	-1
8.64007091522	-1
8.64007091522	-1
8.64007091522	-1
8.64007091522	-1
8.64007091522	-1
8.65219402313	-1
8.65219402313	-1
8.65219402313	-1
8.65219402313	-1
8.65219402313	-1
8.65221190453	1
8.65221190453	1
8.65223097801	-1
8.65880799294	-1
8.65880799294	-1
8.66351103783	-1
8.66351103783	-1
8.66351103783	-1
8.66351103783	-1
8.66351103783	-1
8.66351103783	-1
8.66351103783	-1
8.66351103783	-1
8.66383004189	-1
8.66383004189	-1
8.66383004189	-1
8.66383004189	-1
8.66383004189	-1
8.66383004189	-1
8.66383004189	-1
8.66383004189	-1
8.69320607185	-1
8.69320607185	-1
8.69320607185	-1
8.69320607185	-1
8.69320607185	-1
8.69320607185	-1
8.69320607185	-1
8.69320607185	-1
8.69320607185	-1
8.69320607185	-1
8.71190786362	-1
8.71190786362	-1
8.71190786362	-1
8.71213006973	-1
8.71213006973	-1
8.71213006973	-1
8.71213006973	-1
8.71213006973	-1
8.71213006973	-1
8.71213006973	-1
8.71213006973	-1
8.71237397194	-1
8.71237397194	-1
8.71237397194	-1
8.71237397194	-1
8.71237397194	-1
8.71262097359	-1
8.71532988548	1
8.71532988548	1
8.71532988548	1
8.72223091125	-1
8.72223091125	-1
8.72223091125	-1
8.72223091125	-1
8.72223091125	-1
8.72223091125	-1
8.72223091125	-1
8.7223880291	-1
8.7799949646	-1
8.7799949646	-1
8.7799949646	-1
8.7799949646	-1
8.78009796143	-1
8.78009796143	-1
8.78018403053	-1
8.78018403053	-1
8.78018403053	-1
8.78018403053	-1
8.78018403053	-1
8.78018403053	-1
8.78018403053	-1
8.7803800106	-1
8.7803800106	-1
8.7803800106	-1
8.7803800106	-1
8.7803800106	-1
8.7803800106	-1
8.7803800106	-1
8.78083491325	-1
8.78083491325	-1
8.78083491325	-1
8.78083491325	-1
8.78083491325	-1
8.78083491325	-1
8.78083491325	-1
8.78083491325	-1
8.78818202019	1
8.78818202019	1
8.80353999138	1
8.8035569191	-1
8.8035569191	-1
8.80376601219	-1
8.80376601219	-1
8.80376601219	-1
8.80376601219	-1
8.80376601219	-1
8.80376601219	-1
8.80376601219	-1
8.80401206017	-1
8.80413484573	-1
8.80413484573	-1
8.80413484573	-1
8.80413484573	-1
8.80413484573	-1
8.80425786972	-1
8.80436396599	-1
8.80436396599	-1
8.80450296402	-1
8.80450296402	-1
8.80450296402	-1
8.80450296402	-1
8.80450296402	-1
8.80450296402	-1
8.80450296402	-1
8.81150889397	1
8.81150889397	1
8.81150889397	1
8.84577298164	-1
8.84577298164	-1
8.84577298164	-1
8.84577298164	-1
8.84577298164	-1
8.84577298164	-1
8.84577298164	-1
8.8459379673	-1
8.8459379673	-1
8.8459379673	-1
8.8459379673	-1
8.8459379673	-1
8.8459379673	-1
8.8459379673	-1
8.8459379673	-1
8.84638190269	-1
8.84638190269	-1
8.84650492668	-1
8.84650492668	-1
8.84650492668	-1
8.84650492668	-1
8.84650492668	-1
8.84650492668	-1
8.84650492668	-1
8.88222289085	-1
8.88232684135	-1
8.88232684135	-1
8.88232684135	-1
8.88232684135	-1
8.88232684135	-1
8.88232684135	-1
8.88232684135	-1
8.882573843	-1
8.882573843	-1
8.882573843	-1
8.882573843	-1
8.882573843	-1
8.882573843	-1
8.882573843	-1
8.88294291496	-1
8.88294291496	-1
8.88546895981	1
8.88546895981	1
8.8982770443	-1
8.8982770443	-1
8.8982770443	-1
8.8982770443	-1
8.8982770443	-1
8.92172598839	-1
9.04953503609	-1
9.04953503609	-1
9.04953503609	-1
9.0837328434	-1
9.08376502991	1
9.08376502991	1
9.14008903503	1
9.14008903503	1
9.14008903503	1
9.14095902443	1
9.14095902443	1
9.14095902443	1
9.14095902443	1
9.22360491753	-1
9.36339402199	-1
9.36339402199	-1
9.47184801102	-1
9.47184801102	-1
9.47184801102	-1
9.47923994064	-1
9.47923994064	-1
9.47923994064	-1
9.47923994064	-1
9.47923994064	-1
9.47923994064	-1
9.48675394058	-1
9.48675394058	-1
9.48675394058	-1
9.48675394058	-1
9.49072599411	-1
9.49783301353	-1
9.49783301353	-1
9.50811100006	-1
9.50811100006	-1
9.50811100006	-1
9.51632189751	-1
9.51632189751	-1
9.51632189751	-1
9.51632189751	-1
9.51632189751	-1
9.51632189751	-1
9.51632189751	-1
9.52725791931	-1
9.53245997429	-1
9.53245997429	-1
9.53245997429	-1
9.53245997429	-1
9.53245997429	-1
9.53245997429	-1
9.55251002312	-1
9.55251002312	-1
9.56329488754	-1
9.56329488754	-1
9.56329488754	-1
9.5708489418	1
9.57141399384	-1
9.57141399384	-1
9.57141399384	-1
9.57481193542	-1
9.57481193542	-1
9.58112192154	-1
9.58112192154	-1
9.58112192154	-1
9.58112192154	-1
9.58112192154	-1
9.58112192154	-1
9.58112192154	-1
9.58112192154	-1
9.5844578743	-1
9.5844578743	-1
9.5844578743	-1
9.5844578743	-1
9.5844578743	-1
9.5844578743	-1
9.5844578743	-1
9.5855820179	1
9.5855820179	1
9.5855820179	1
9.5904378891	-1
9.5904378891	-1
9.5904378891	-1
9.5904378891	-1
9.5904378891	-1
9.5904378891	-1
9.5935959816	-1
9.6038479805	-1
9.6038479805	-1
9.6038479805	-1
9.6038479805	-1
9.6038479805	-1
9.6038479805	-1
9.6038479805	-1
9.60894703865	-1
9.6185529232	-1
9.6185529232	-1
9.6185529232	-1
9.62150287628	-1
9.62150287628	-1
9.62150287628	-1
9.62150287628	-1
9.62150287628	-1
9.62150287628	-1
9.62150287628	-1
9.62422299385	-1
9.62422299385	-1
9.62422299385	-1
9.62422299385	-1
9.62422299385	-1
9.62422299385	-1
9.62422299385	-1
9.62633299828	-1
9.62633299828	-1
9.62633299828	-1
9.62633299828	-1
9.62633299828	-1
9.62633299828	-1
9.62633299828	-1
9.63747406006	-1
9.63758206367	-1
9.63758206367	-1
9.63758206367	-1
9.63758206367	-1
9.63758206367	-1
9.63758206367	-1
9.63758206367	-1
9.63782405853	-1
9.63795185089	-1
9.63795185089	-1
9.63807106018	-1
9.63807106018	-1
9.63807106018	-1
9.63807106018	-1
9.63807106018	-1
9.63970685005	1
9.63970685005	1
9.66670393944	-1
9.66680288315	-1
9.66680288315	-1
9.66680288315	-1
9.66680288315	-1
9.66680288315	-1
9.66680288315	-1
9.66704797745	-1
9.66704797745	-1
9.66704797745	-1
9.66704797745	-1
9.66704797745	-1
9.66704797745	-1
9.66704797745	-1
9.66739201546	-1
9.66739201546	-1
9.66739201546	-1
9.66739201546	-1
9.66739201546	-1
9.66739201546	-1
9.66739201546	-1
9.66759991646	-1
9.66778492928	-1
9.66778492928	-1
9.66778492928	-1
9.66778492928	-1
9.66778492928	-1
9.66778492928	-1
9.66778492928	-1
9.66803097725	-1
9.66803097725	-1
9.66803097725	-1
9.66803097725	-1
9.66803097725	-1
9.66803097725	-1
9.66803097725	-1
9.66803097725	-1
9.66832900047	-1
9.66832900047	-1
9.6685230732	-1
9.6685230732	-1
9.6685230732	-1
9.6685230732	-1
9.6685230732	-1
9.6685230732	-1
9.6685230732	-1
9.69185304642	-1
9.69185304642	-1
9.69185304642	-1
9.69185304642	-1
9.69185304642	-1
9.69185304642	-1
9.69185304642	-1
9.70255589485	-1
9.70255589485	-1
9.70260596275	-1
9.70260596275	-1
9.70260596275	-1
9.70260596275	-1
9.70260596275	-1
9.70260596275	-1
9.70260596275	-1
9.72826194763	1
9.74848890305	-1
9.74848890305	-1
9.74848890305	-1
9.74848890305	-1
9.74848890305	-1
9.74848890305	-1
9.74848890305	-1
9.74883985519	-1
9.74883985519	-1
9.74896287918	-1
9.74896287918	-1
9.74896287918	-1
9.74896287918	-1
9.74896287918	-1
9.74896287918	-1
9.74896287918	-1
9.74920988083	-1
9.74920988083	-1
9.74920988083	-1
9.74920988083	-1
9.74920988083	-1
9.74920988083	-1
9.74920988083	-1
9.74954986572	-1
9.74954986572	-1
9.74954986572	-1
9.74954986572	-1
9.74970006943	-1
9.7497420311	-1
9.7497420311	-1
9.7497420311	-1
9.7497420311	-1
9.7497420311	-1
9.7497420311	-1
9.7497420311	-1
9.7497420311	-1
9.7500910759	-1
9.7500910759	-1
9.7500910759	-1
9.7500910759	-1
9.7500910759	-1
9.7500910759	-1
9.7500910759	-1
9.75040388107	-1
9.75040388107	-1
9.75040388107	-1
9.75040388107	-1
9.75040388107	-1
9.75040388107	-1
9.75040388107	-1
9.75082802773	-1
9.75082802773	-1
9.75082802773	-1
9.75082802773	-1
9.75082802773	-1
9.75082802773	-1
9.75082802773	-1
9.75082802773	-1
9.80630898476	-1
9.80642199516	-1
9.80642199516	-1
9.80654406548	-1
9.80654406548	-1
9.80654406548	-1
9.80666804314	-1
9.80666804314	-1
9.80666804314	-1
9.80666804314	-1
9.80666804314	-1
9.80666804314	-1
9.80666804314	-1
9.80691289902	-1
9.80691289902	-1
9.80691289902	-1
9.80691289902	-1
9.80691289902	-1
9.80691289902	-1
9.80691289902	-1
9.80716204643	-1
9.82591295242	1
9.82591295242	1
9.82591295242	1
9.86464691162	-1
9.86464691162	-1
9.86464691162	-1
9.86555790901	-1
9.86555790901	-1
9.86555790901	-1
9.86555790901	-1
9.86555790901	-1
9.86555790901	-1
9.86555790901	-1
9.86628985405	-1
9.8673620224	-1
9.8673620224	-1
9.8673620224	-1
9.8673620224	-1
9.8673620224	-1
9.8673620224	-1
9.87739491463	-1
9.87739491463	-1
9.90206599236	-1
9.90206599236	-1
9.90206599236	-1
9.90352106094	-1
9.90352106094	-1
9.90352106094	-1
9.90352106094	-1
9.90352106094	-1
9.90352106094	-1
9.90352106094	-1
9.90352106094	-1
9.90540385246	-1
9.90540385246	-1
9.92096686363	-1
9.92096686363	-1
9.92096686363	-1
9.92096686363	-1
9.92096686363	-1
9.92096686363	-1
9.92096686363	-1
9.93535685539	-1
9.94681501389	-1
9.94681501389	-1
9.99530792236	-1
9.99530792236	-1
9.99530792236	-1
9.99608802795	-1
9.99608802795	-1
9.99608802795	-1
9.99608802795	-1
9.99608802795	-1
9.99638485909	1
9.99638485909	1
9.99638485909	1
10.261950016	-1
10.401540041	-1
10.4085249901	1
10.665542841	-1
10.8420889378	-1
10.8420889378	-1
10.9132549763	1
10.91375494	1
10.91375494	1
10.91375494	1
10.91375494	1
10.91375494	1
10.91375494	1
10.9176340103	1
10.9176340103	1
10.9176340103	1
10.9176340103	1
10.9176340103	1
10.9176340103	1
10.9176340103	1
10.9176340103	1
10.9176340103	1
10.9178540707	1
10.9178540707	1
10.9178540707	1
10.9178540707	1
10.9178540707	1
10.9178540707	1
10.9178540707	1
10.9178540707	1
10.9179749489	1
10.9179749489	1
11.244781971	-1
11.4621210098	-1
