0.0	1
0.250099182129	1
0.502513170242	-1
0.503952980042	1
0.734555006027	-1
0.735685110092	1
0.738418102264	1
0.738418102264	1
0.738418102264	1
0.921542167664	1
0.921542167664	1
0.921542167664	1
1.30463910103	-1
1.30643200874	1
1.42120504379	-1
1.4225871563	1
1.53737902641	-1
1.53737902641	-1
1.53898620605	1
1.69104003906	1
1.74933099747	-1
1.87382411957	-1
1.87382411957	-1
1.87382411957	-1
1.87382411957	-1
1.87382411957	-1
1.87382411957	-1
1.87382411957	-1
1.87382411957	-1
1.91571116447	1
1.94943118095	-1
1.94943118095	-1
1.94943118095	-1
1.95944499969	-1
1.95944499969	-1
1.95944499969	-1
1.95944499969	-1
1.95944499969	-1
1.95944499969	-1
1.95944499969	-1
1.96622109413	-1
2.03025913239	1
2.14498114586	-1
2.16594600677	1
2.16793608665	-1
2.16793608665	-1
2.16793608665	-1
2.16793608665	-1
2.16793608665	-1
2.16793608665	-1
2.16793608665	-1
2.16793608665	-1
2.2320561409	-1
2.28956007957	-1
2.28956007957	-1
2.28956007957	-1
2.28956007957	-1
2.28956007957	-1
2.28956007957	-1
2.28956007957	-1
2.28956007957	-1
2.51025819778	-1
2.51149320602	1
2.6325981617	-1
2.70619916916	-1
2.70619916916	-1
2.70619916916	-1
2.70619916916	-1
2.70619916916	-1
2.70619916916	-1
2.8093020916	1
2.81291103363	1
2.81291103363	1
2.81291103363	1
2.81507515907	1
2.81507515907	1
2.90143108368	-1
2.9369699955	1
3.09095811844	1
3.17313313484	-1
3.32007002831	-1
3.32771205902	1
3.44251012802	-1
3.4827041626	-1
3.4827041626	-1
3.4827041626	-1
3.4898750782	-1
3.4898750782	-1
3.4898750782	-1
3.4898750782	-1
3.4898750782	-1
3.4898750782	-1
3.5047621727	-1
3.5047621727	-1
3.5047621727	-1
3.5047621727	-1
3.5047621727	-1
3.5047621727	-1
3.5047621727	-1
3.5047621727	-1
3.54053020477	-1
3.54053020477	-1
3.56842207909	-1
3.56842207909	-1
3.56842207909	-1
3.56842207909	-1
3.56842207909	-1
3.56842207909	-1
3.56842207909	-1
3.56865906715	-1
3.56865906715	-1
3.56865906715	-1
3.56984305382	1
3.60484313965	-1
3.6049451828	-1
3.6049451828	-1
3.60506916046	-1
3.60506916046	-1
3.60506916046	-1
3.60506916046	-1
3.60506916046	-1
3.60506916046	-1
3.60506916046	-1
3.62114310265	-1
3.62114310265	-1
3.62114310265	-1
3.62114310265	-1
3.62114310265	-1
3.62114310265	-1
3.62114310265	-1
3.62114310265	-1
3.63609004021	-1
3.63609004021	-1
3.63609004021	-1
3.63609004021	-1
3.63609004021	-1
3.63609004021	-1
3.63609004021	-1
3.63644099236	-1
3.63644099236	-1
3.63644099236	-1
3.63644099236	-1
3.63644099236	-1
3.63644099236	-1
3.63644099236	-1
3.68370199203	-1
3.68370199203	-1
3.68370199203	-1
3.68600320816	1
3.68600320816	1
3.68600320816	1
3.70779514313	-1
3.70779514313	-1
3.70779514313	-1
3.70779514313	-1
3.70779514313	-1
3.70779514313	-1
3.70779514313	-1
3.70780920982	1
3.70803117752	-1
3.70803117752	-1
3.70803117752	-1
3.70803117752	-1
3.70803117752	-1
3.70803117752	-1
3.70803117752	-1
3.72052311897	-1
3.72052311897	-1
3.72052311897	-1
3.72052311897	-1
3.72052311897	-1
3.72052311897	-1
3.72052311897	-1
3.76334500313	-1
3.76334500313	-1
3.76334500313	-1
3.76733803749	-1
3.76733803749	-1
3.76733803749	-1
3.76733803749	-1
3.76733803749	-1
3.76733803749	-1
3.76733803749	-1
3.78877806664	-1
3.78882718086	-1
3.78882718086	-1
3.78882718086	-1
3.78882718086	-1
3.78882718086	-1
3.78882718086	-1
3.78882718086	-1
3.78913116455	-1
3.78913116455	-1
3.78913116455	-1
3.78913116455	-1
3.78913116455	-1
3.78913116455	-1
3.82287502289	-1
3.82287502289	-1
3.82291603088	1
3.83627200127	-1
3.84181809425	-1
3.84181809425	-1
3.84181809425	-1
3.84181809425	-1
3.85908412933	-1
3.85908412933	-1
3.86745905876	-1
3.86745905876	-1
3.86745905876	-1
3.86745905876	-1
3.86745905876	-1
3.86745905876	-1
3.86745905876	-1
3.87366199493	-1
3.8813021183	-1
3.8813021183	-1
3.8813021183	-1
3.8813021183	-1
3.8813021183	-1
3.90384912491	-1
3.90384912491	-1
3.90384912491	-1
3.90765714645	-1
3.90765714645	-1
3.90765714645	-1
3.90765714645	-1
3.90765714645	-1
3.90765714645	-1
3.90765714645	-1
3.92674398422	-1
3.93046998978	-1
3.93046998978	-1
3.93046998978	-1
3.93046998978	-1
3.93046998978	-1
3.93046998978	-1
3.95645499229	1
3.95645499229	1
3.96985006332	-1
3.96985006332	-1
3.96985006332	-1
3.96985006332	-1
3.96985006332	-1
3.96985006332	-1
3.96985006332	-1
4.00636506081	-1
4.05883407593	-1
4.05883407593	-1
4.05883407593	-1
4.07190012932	1
4.0861082077	-1
4.0861082077	-1
4.0861082077	-1
4.0861082077	-1
4.0861082077	-1
4.0861082077	-1
4.0861082077	-1
4.0861082077	-1
4.12146711349	-1
4.14506912231	-1
4.14506912231	-1
4.14506912231	-1
4.14506912231	-1
4.14506912231	-1
4.14506912231	-1
4.14506912231	-1
4.17402505875	-1
4.17882919312	-1
4.17882919312	-1
4.17882919312	-1
4.17882919312	-1
4.18449211121	-1
4.18449211121	-1
4.18449211121	-1
4.18449211121	-1
4.18449211121	-1
4.18449211121	-1
4.18449211121	-1
4.23920917511	-1
4.23920917511	-1
4.23920917511	-1
4.2438352108	-1
4.2438352108	-1
4.2438352108	-1
4.2438352108	-1
4.2438352108	-1
4.2438352108	-1
4.2438352108	-1
4.2438352108	-1
4.24420905113	-1
4.24420905113	-1
4.24420905113	-1
4.24420905113	-1
4.25977110863	-1
4.25977110863	-1
4.26830005646	-1
4.26830005646	-1
4.26830005646	-1
4.26830005646	-1
4.26830005646	-1
4.28316307068	-1
4.28316307068	-1
4.28316307068	-1
4.28316307068	-1
4.28316307068	-1
4.28316307068	-1
4.28428316116	1
4.33892011642	-1
4.3736641407	-1
4.3736641407	-1
4.3736641407	-1
4.3736641407	-1
4.39609003067	1
4.39609003067	1
4.39609003067	1
4.39797115326	1
4.39797115326	1
4.4046561718	-1
4.4046561718	-1
4.4046959877	1
4.41102218628	-1
4.41102218628	-1
4.41102218628	-1
4.41102218628	-1
4.41102218628	-1
4.41102218628	-1
4.43510913849	-1
4.43510913849	-1
4.4409930706	-1
4.4409930706	-1
4.4409930706	-1
4.4409930706	-1
4.4409930706	-1
4.44853115082	-1
4.44853115082	-1
4.44853115082	-1
4.46512699127	-1
4.46512699127	-1
4.46512699127	-1
4.49883508682	-1
4.49883508682	-1
4.49883508682	-1
4.52094912529	1
4.54825305939	-1
4.54825305939	-1
4.54825305939	-1
4.54825305939	-1
4.54825305939	-1
4.54825305939	-1
4.5607252121	-1
4.5607252121	-1
4.5607252121	-1
4.57913517952	-1
4.62085413933	-1
4.62085413933	-1
4.62085413933	-1
4.62085413933	-1
4.62085413933	-1
4.62085413933	-1
4.64909100533	-1
4.64909100533	-1
4.65033197403	1
4.6771261692	-1
4.6771261692	-1
4.6771261692	-1
4.6771261692	-1
4.6771261692	-1
4.6771261692	-1
4.6771261692	-1
4.6771261692	-1
4.68694019318	-1
4.68694019318	-1
4.68694019318	-1
4.68694019318	-1
4.73369407654	-1
4.73369407654	-1
4.73369407654	-1
4.73369407654	-1
4.73369407654	-1
4.73369407654	-1
4.73369407654	-1
4.73369407654	-1
4.74786019325	-1
4.74786019325	-1
4.74786019325	-1
4.74786019325	-1
4.74786019325	-1
4.74786019325	-1
4.77949500084	-1
4.77949500084	-1
4.77949500084	-1
4.77949500084	-1
4.77949500084	-1
4.77949500084	-1
4.77949500084	-1
4.77949500084	-1
4.77949500084	-1
4.8046541214	-1
4.8046541214	-1
4.8046541214	-1
4.8046541214	-1
4.8046541214	-1
4.8046541214	-1
4.8046541214	-1
4.82502913475	-1
4.82502913475	-1
4.82502913475	-1
4.82502913475	-1
4.82502913475	-1
4.82502913475	-1
4.84448599815	-1
4.84448599815	-1
4.84448599815	-1
4.94244718552	-1
4.94244718552	-1
4.94244718552	-1
4.94244718552	-1
4.94244718552	-1
4.94244718552	-1
4.94244718552	-1
4.94244718552	-1
4.96503400803	-1
4.96503400803	-1
4.969810009	-1
4.969810009	-1
4.969810009	-1
4.969810009	-1
4.969810009	-1
4.99610114098	-1
4.99712920189	1
5.00326609612	-1
5.00326609612	-1
5.00326609612	-1
5.00326609612	-1
5.00326609612	-1
5.04979705811	-1
5.04979705811	-1
5.04979705811	-1
5.04979705811	-1
5.05581498146	-1
5.05581498146	-1
5.05581498146	-1
5.05581498146	-1
5.05581498146	-1
5.05581498146	-1
5.05581498146	-1
5.06192111969	-1
5.06192111969	-1
5.06192111969	-1
5.06192111969	-1
5.06192111969	-1
5.06192111969	-1
5.07014107704	-1
5.07014107704	-1
5.07980799675	-1
5.07980799675	-1
5.08793616295	-1
5.08793616295	-1
5.08793616295	-1
5.08793616295	-1
5.08793616295	-1
5.08793616295	-1
5.08793616295	-1
5.08793616295	-1
5.13837504387	-1
5.14410400391	-1
5.14410400391	-1
5.14410400391	-1
5.14410400391	-1
5.16045808792	-1
5.16389918327	-1
5.16389918327	-1
5.16389918327	-1
5.16389918327	-1
5.16389918327	-1
5.16389918327	-1
5.16389918327	-1
5.16389918327	-1
5.16423201561	-1
5.16423201561	-1
5.16423201561	-1
5.16423201561	-1
5.16423201561	-1
5.16807699203	-1
5.17426300049	-1
5.17426300049	-1
5.17426300049	-1
5.17426300049	-1
5.17426300049	-1
5.17426300049	-1
5.1787071228	-1
5.1787071228	-1
5.17974901199	1
5.19455504417	-1
5.19850897789	-1
5.19850897789	-1
5.19850897789	-1
5.19850897789	-1
5.19850897789	-1
5.21302604675	-1
5.22161006927	-1
5.22161006927	-1
5.22771906853	-1
5.22771906853	-1
5.22771906853	-1
5.22771906853	-1
5.22771906853	-1
5.22771906853	-1
5.22771906853	-1
5.22771906853	-1
5.24266719818	-1
5.27342009544	-1
5.27342009544	-1
5.27876400948	-1
5.27876400948	-1
5.27876400948	-1
5.27876400948	-1
5.27876400948	-1
5.27876400948	-1
5.27876400948	-1
5.27876400948	-1
5.27907514572	-1
5.27907514572	-1
5.27907514572	-1
5.27907514572	-1
5.28428506851	-1
5.28428506851	-1
5.29043698311	-1
5.29043698311	-1
5.29043698311	-1
5.29043698311	-1
5.29043698311	-1
5.29043698311	-1
5.29043698311	-1
5.29600715637	-1
5.29604721069	1
5.31845903397	-1
5.31845903397	-1
5.31845903397	-1
5.31845903397	-1
5.31845903397	-1
5.31845903397	-1
5.31845903397	-1
5.31845903397	-1
5.33690309525	-1
5.34056019783	-1
5.34056019783	-1
5.34056019783	-1
5.34056019783	-1
5.34056019783	-1
5.34056019783	-1
5.34056019783	-1
5.36407804489	-1
5.36833810806	-1
5.36833810806	-1
5.37292718887	-1
5.37292718887	-1
5.37292718887	-1
5.37292718887	-1
5.37292718887	-1
5.37292718887	-1
5.3963341713	-1
5.3963341713	-1
5.42090606689	-1
5.42090606689	-1
5.42090606689	-1
5.42093801498	1
5.42093801498	1
5.43327498436	-1
5.45034003258	-1
5.45034003258	-1
5.45034003258	-1
5.45034003258	-1
5.45034003258	-1
5.48332619667	-1
5.48869299889	-1
5.48869299889	-1
5.48869299889	-1
5.57764601707	1
5.73084306717	1
6.25486302376	-1
6.35717320442	-1
6.35717320442	-1
6.35717320442	-1
6.35717320442	-1
6.35717320442	-1
6.35717320442	-1
6.35717320442	-1
6.35717320442	-1
6.39050912857	-1
6.39050912857	-1
6.39050912857	-1
6.39050912857	-1
6.39050912857	-1
6.39050912857	-1
6.39050912857	-1
6.39050912857	-1
6.42882514	-1
6.42882514	-1
6.42882514	-1
6.42882514	-1
6.42882514	-1
6.42882514	-1
6.42882514	-1
6.42882514	-1
6.48907709122	-1
6.49306702614	-1
6.49306702614	-1
6.49306702614	-1
6.49306702614	-1
6.50713515282	-1
6.55306315422	1
6.59298419952	-1
6.59298419952	-1
6.59298419952	-1
6.66758608818	1
6.66758608818	1
6.78226518631	1
6.78226518631	1
7.16396808624	-1
7.55337619781	-1
7.5534350872	1
7.66798305511	1
7.66798305511	1
7.67926907539	1
7.67926907539	1
7.67926907539	1
7.67926907539	1
7.67926907539	1
7.67926907539	1
7.68135619164	1
7.68135619164	1
7.68135619164	1
7.68135619164	1
7.68135619164	1
7.68135619164	1
7.68135619164	1
7.68135619164	1
7.68135619164	1
