0.0	1
0.250628948212	1
0.466089010239	-1
0.467474937439	1
0.71328997612	-1
0.714066982269	1
0.716938018799	1
0.716938018799	1
0.716938018799	1
0.942221164703	1
1.01691198349	1
1.01691198349	1
1.33117699623	-1
1.33280515671	1
1.4885289669	-1
1.48988509178	1
1.64225912094	-1
1.6434071064	1
1.79697704315	-1
1.79807806015	1
1.93889307976	-1
1.952491045	-1
1.952491045	-1
1.952491045	-1
1.952491045	-1
1.952491045	-1
1.952491045	-1
1.952491045	-1
1.952491045	-1
2.03864097595	1
2.09737896919	-1
2.09737896919	-1
2.09737896919	-1
2.11451816559	-1
2.11455702782	1
2.14577007294	-1
2.14577007294	-1
2.14577007294	-1
2.14577007294	-1
2.14577007294	-1
2.14577007294	-1
2.14577007294	-1
2.28962397575	1
2.31969594955	-1
2.31969594955	-1
2.3394651413	-1
2.3394651413	-1
2.3394651413	-1
2.3394651413	-1
2.3394651413	-1
2.3394651413	-1
2.3394651413	-1
2.46712207794	-1
2.46712207794	-1
2.56539797783	-1
2.56582903862	-1
2.56582903862	-1
2.56582903862	-1
2.56582903862	-1
2.56582903862	-1
2.56582903862	-1
2.77515912056	-1
2.77630710602	1
2.92965292931	-1
2.97401094437	-1
2.97401094437	-1
2.97401094437	-1
2.97401094437	-1
2.97401094437	-1
2.98360896111	1
3.05709695816	1
3.12088298798	-1
3.12088298798	-1
3.12088298798	-1
3.12098503113	-1
3.12098503113	-1
3.12098503113	-1
3.12098503113	-1
3.12098503113	-1
3.12098503113	-1
3.12098503113	-1
3.12874698639	-1
3.14677500725	1
3.14996314049	1
3.14996314049	1
3.14996314049	1
3.15239596367	1
3.15239596367	1
3.22344112396	1
3.27239894867	-1
3.2727329731	-1
3.2727329731	-1
3.2727329731	-1
3.2727329731	-1
3.2727329731	-1
3.2727329731	-1
3.2727329731	-1
3.28167200089	-1
3.28167200089	-1
3.28167200089	-1
3.28167200089	-1
3.2820110321	-1
3.2820110321	-1
3.2820110321	-1
3.2820110321	-1
3.2820110321	-1
3.2820110321	-1
3.2820110321	-1
3.28324198723	-1
3.28324198723	-1
3.28324198723	-1
3.28324198723	-1
3.28324198723	-1
3.28324198723	-1
3.28324198723	-1
3.29669904709	1
3.31198716164	1
3.31198716164	1
3.31198716164	1
3.3548271656	1
3.3548271656	1
3.44346404076	1
3.44346404076	1
3.45039916039	-1
3.45152616501	-1
3.45152616501	-1
3.45152616501	-1
3.45152616501	-1
3.45152616501	-1
3.45152616501	-1
3.45152616501	-1
3.45152616501	-1
3.45152616501	-1
3.47712612152	-1
3.47712612152	-1
3.47712612152	-1
3.47712612152	-1
3.47712612152	-1
3.47712612152	-1
3.47712612152	-1
3.47712612152	-1
3.52550816536	1
3.52550816536	1
3.5628349781	1
3.5628349781	1
3.5628349781	1
3.56335997581	1
3.56335997581	1
3.58414697647	-1
3.58414697647	-1
3.58414697647	-1
3.58414697647	-1
3.58414697647	-1
3.58414697647	-1
3.58414697647	-1
3.58414697647	-1
3.67468214035	-1
3.67468214035	-1
3.67472410202	1
3.67472410202	1
3.73678398132	-1
3.73678398132	-1
3.73678398132	-1
3.73678398132	-1
3.73678398132	-1
3.73678398132	-1
3.73678398132	-1
3.73678398132	-1
3.79226994514	-1
3.79226994514	-1
3.79226994514	-1
3.79372000694	1
3.929459095	1
3.93507003784	-1
3.93507003784	-1
3.93507003784	-1
3.9738740921	-1
3.97539401054	1
3.97539401054	1
3.97539401054	1
3.98522901535	-1
3.98522901535	-1
3.98522901535	-1
3.98678994179	1
3.98678994179	1
4.0424489975	1
4.04798698425	-1
4.15941214561	-1
4.15941214561	-1
4.15941214561	-1
4.15945506096	1
4.15945506096	1
4.17794394493	-1
4.2904779911	-1
4.2904779911	-1
4.29051804543	1
4.36438512802	-1
4.36438512802	-1
4.36443114281	1
4.38381314278	1
4.38381314278	1
4.38381314278	1
4.38566398621	1
4.38566398621	1
4.44067502022	-1
4.44069695473	1
4.51443815231	-1
4.51443815231	-1
4.5159471035	1
4.58969116211	-1
4.58969116211	-1
4.59133696556	1
4.64547300339	-1
4.64547300339	-1
4.64547300339	-1
4.66481614113	-1
4.66485214233	1
4.71186494827	-1
4.71186494827	-1
4.71186494827	-1
4.71186494827	-1
4.71186494827	-1
4.71186494827	-1
4.71186494827	-1
4.72677302361	-1
4.72687911987	-1
4.72687911987	-1
4.72687911987	-1
4.72687911987	-1
4.74071407318	1
4.76538300514	-1
4.76538300514	-1
4.76538300514	-1
4.76538300514	-1
4.76538300514	-1
4.76538300514	-1
4.76538300514	-1
4.76538300514	-1
4.81655216217	-1
4.81659293175	1
4.81659293175	1
4.85175395012	-1
4.85175395012	-1
4.85175395012	-1
4.85175395012	-1
4.85175395012	-1
4.85175395012	-1
4.85175395012	-1
4.87938094139	-1
4.88528013229	1
4.88528013229	1
4.88528013229	1
4.89031410217	-1
4.89035797119	1
4.91204404831	-1
4.91204404831	-1
4.91204404831	-1
4.91214895248	-1
4.91214895248	-1
4.91214895248	-1
4.91214895248	-1
4.91214895248	-1
4.91239404678	-1
4.91239404678	-1
4.91239404678	-1
4.91239404678	-1
4.91239404678	-1
4.91239404678	-1
4.91239404678	-1
4.91649913788	-1
4.91649913788	-1
4.91649913788	-1
4.91649913788	-1
4.91649913788	-1
4.91649913788	-1
4.91649913788	-1
4.92537403107	-1
4.92537403107	-1
4.92537403107	-1
4.92537403107	-1
4.92537403107	-1
4.92537403107	-1
4.92537403107	-1
4.92537403107	-1
4.95923113823	-1
4.95923113823	-1
4.95923113823	-1
4.95923113823	-1
4.95923113823	-1
4.95923113823	-1
4.95923113823	-1
4.95923113823	-1
4.95923113823	-1
4.95923113823	-1
4.96427702904	1
4.96427702904	1
5.01275801659	-1
5.01275801659	-1
5.01275801659	-1
5.01677799225	-1
5.01677799225	-1
5.01677799225	-1
5.01677799225	-1
5.01677799225	-1
5.01677799225	-1
5.01677799225	-1
5.01677799225	-1
5.06729698181	-1
5.06729698181	-1
5.06729698181	-1
5.06729698181	-1
5.06729698181	-1
5.06729698181	-1
5.06729698181	-1
5.06729698181	-1
5.07024693489	-1
5.07024693489	-1
5.07024693489	-1
5.07024693489	-1
5.07024693489	-1
5.07024693489	-1
5.07024693489	-1
5.07024693489	-1
5.07089495659	-1
5.07135009766	-1
5.07135009766	-1
5.07135009766	-1
5.07135009766	-1
5.07135009766	-1
5.07135009766	-1
5.07152295113	1
5.07761406898	-1
5.07761406898	-1
5.07761406898	-1
5.07761406898	-1
5.07761406898	-1
5.07761406898	-1
5.07761406898	-1
5.12918114662	-1
5.12918114662	-1
5.12918114662	-1
5.12918114662	-1
5.12918114662	-1
5.12918114662	-1
5.12918114662	-1
5.12918114662	-1
5.13163614273	-1
5.13163614273	-1
5.13163614273	-1
5.13163614273	-1
5.13163614273	-1
5.13163614273	-1
5.13163614273	-1
5.13163614273	-1
5.14146709442	-1
5.14151597023	-1
5.14151597023	-1
5.14151597023	-1
5.14151597023	-1
5.14151597023	-1
5.14151597023	-1
5.14151597023	-1
5.14405202866	-1
5.15974402428	1
5.17251300812	-1
5.17251300812	-1
5.17251300812	-1
5.17251300812	-1
5.17251300812	-1
5.17251300812	-1
5.17251300812	-1
5.17251300812	-1
5.17251300812	-1
5.17286300659	-1
5.17286300659	-1
5.17286300659	-1
5.17286300659	-1
5.17286300659	-1
5.21901893616	-1
5.21901893616	-1
5.21901893616	-1
5.21912407875	-1
5.21912407875	-1
5.21912407875	-1
5.21912407875	-1
5.21912407875	-1
5.21912407875	-1
5.22082805634	-1
5.22082805634	-1
5.22082805634	-1
5.22082805634	-1
5.22082805634	-1
5.22082805634	-1
5.22082805634	-1
5.22082805634	-1
5.22082805634	-1
5.22119307518	-1
5.22131609917	-1
5.22131609917	-1
5.22131609917	-1
5.22131609917	-1
5.22131609917	-1
5.22131609917	-1
5.23521900177	-1
5.23521900177	-1
5.23521900177	-1
5.23521900177	-1
5.23521900177	-1
5.23521900177	-1
5.23523592949	1
5.23523592949	1
5.24707198143	-1
5.24707198143	-1
5.24719500542	-1
5.24719500542	-1
5.24719500542	-1
5.24719500542	-1
5.24719500542	-1
5.24719500542	-1
5.24846410751	-1
5.24846410751	-1
5.24846410751	-1
5.24846410751	-1
5.24846410751	-1
5.24846410751	-1
5.24846410751	-1
5.24846410751	-1
5.28629112244	-1
5.29285407066	-1
5.29285407066	-1
5.29285407066	-1
5.29285407066	-1
5.29285407066	-1
5.29285407066	-1
5.29285407066	-1
5.29451203346	-1
5.2954120636	-1
5.2954120636	-1
5.2954120636	-1
5.2954120636	-1
5.2954120636	-1
5.2954120636	-1
5.2954120636	-1
5.2954120636	-1
5.29577112198	-1
5.29577112198	-1
5.29577112198	-1
5.29577112198	-1
5.29577112198	-1
5.29577112198	-1
5.29577112198	-1
5.29577112198	-1
5.29613900185	-1
5.29613900185	-1
5.29613900185	-1
5.29613900185	-1
5.29613900185	-1
5.29613900185	-1
5.29613900185	-1
5.30899000168	-1
5.30899000168	-1
5.30899000168	-1
5.30899000168	-1
5.30899000168	-1
5.30899000168	-1
5.30899000168	-1
5.30899000168	-1
5.37995100021	1
5.37995100021	1
5.38330101967	-1
5.38330101967	-1
5.38330101967	-1
5.38330101967	-1
5.38330101967	-1
5.38330101967	-1
5.38330101967	-1
5.38330101967	-1
5.38330101967	-1
5.38375210762	-1
5.38375210762	-1
5.38375210762	-1
5.38375210762	-1
5.38375210762	-1
5.38375210762	-1
5.38375210762	-1
5.38375210762	-1
5.38402509689	-1
5.38402509689	-1
5.38402509689	-1
5.38402509689	-1
5.44021296501	-1
5.45643305779	-1
5.45643305779	-1
5.45646595955	1
5.49299097061	-1
5.49299097061	-1
5.49299097061	-1
5.49299097061	-1
5.49299097061	-1
5.49299097061	-1
5.50309801102	-1
5.50309801102	-1
5.50309801102	-1
5.50309801102	-1
5.50309801102	-1
5.50309801102	-1
5.50309801102	-1
5.50309801102	-1
5.59645104408	-1
5.59645104408	-1
5.59645104408	-1
5.59645104408	-1
5.59645104408	-1
5.59645104408	-1
5.59645104408	-1
5.59645104408	-1
5.59658694267	-1
5.60360813141	-1
5.60526609421	1
5.62818908691	-1
5.62818908691	-1
5.62818908691	-1
5.62818908691	-1
5.62818908691	-1
5.62818908691	-1
5.62818908691	-1
5.62818908691	-1
5.62818908691	-1
5.63161301613	1
5.63161301613	1
5.63161301613	1
5.65488696098	-1
5.65488696098	-1
5.65488696098	-1
5.6561820507	1
5.6561820507	1
5.65670800209	-1
5.65670800209	-1
5.65670800209	-1
5.65670800209	-1
5.70994615555	1
5.75365900993	-1
5.75365900993	-1
5.75365900993	-1
5.78360700607	1
5.82437515259	-1
5.82437515259	-1
5.82437515259	-1
5.82437515259	-1
5.82437515259	-1
5.82437515259	-1
5.82437515259	-1
5.82437515259	-1
5.82437515259	-1
5.84746694565	-1
5.84746694565	-1
5.84746694565	-1
5.84746694565	-1
5.84746694565	-1
5.84746694565	-1
5.84746694565	-1
5.84746694565	-1
5.85817503929	-1
5.85818910599	1
5.85818910599	1
5.90997195244	-1
5.90997195244	-1
5.90997195244	-1
5.90997195244	-1
5.90997195244	-1
5.90997195244	-1
6.06470513344	-1
6.22197294235	-1
6.22326207161	1
6.35335612297	-1
6.35394906998	-1
6.35394906998	-1
6.35394906998	-1
6.35401916504	-1
6.35401916504	-1
6.35401916504	-1
6.35401916504	-1
6.35401916504	-1
6.35401916504	-1
6.35401916504	-1
6.35401916504	-1
6.35444903374	-1
6.35444903374	-1
6.35444903374	-1
6.35444903374	-1
6.35444903374	-1
6.35456299782	-1
6.35456299782	-1
6.35456299782	-1
6.35456299782	-1
6.35456299782	-1
6.35456299782	-1
6.35456299782	-1
6.3586370945	1
6.36824011803	-1
6.36824011803	-1
6.3683450222	-1
6.3683450222	-1
6.3683450222	-1
6.3683450222	-1
6.3683450222	-1
6.3683450222	-1
6.3683450222	-1
6.36859107018	-1
6.36871314049	-1
6.36871314049	-1
6.36871314049	-1
6.36871314049	-1
6.36871314049	-1
6.36871314049	-1
6.36871314049	-1
6.42937994003	-1
6.42937994003	-1
6.42937994003	-1
6.42937994003	-1
6.42937994003	-1
6.42937994003	-1
6.42937994003	-1
6.42971897125	-1
6.42971897125	-1
6.42971897125	-1
6.42971897125	-1
6.42971897125	-1
6.42971897125	-1
6.42971897125	-1
6.42971897125	-1
6.4301700592	-1
6.4301700592	-1
6.4301700592	-1
6.4301700592	-1
6.4301700592	-1
6.4301700592	-1
6.4301700592	-1
6.4301700592	-1
6.4301700592	-1
6.47240614891	1
6.47240614891	1
6.56845498085	-1
6.56928801537	1
6.64332199097	-1
6.64332199097	-1
6.75385594368	-1
6.75385594368	-1
6.86583209038	-1
6.86583209038	-1
6.92155599594	-1
6.92155599594	-1
6.92155599594	-1
6.92155599594	-1
6.92155599594	-1
6.92155599594	-1
6.92155599594	-1
6.92155599594	-1
6.92398405075	-1
6.92525911331	1
6.99552297592	-1
7.11781907082	-1
7.26221704483	-1
7.45537209511	-1
7.69011807442	-1
7.85474705696	-1
10.0493619442	-1
11.9769740105	-1
13.6058869362	-1
15.3963119984	1
15.4700090885	1
15.7062590122	-1
16.0373561382	-1
16.192399025	-1
16.2839379311	-1
16.2841470242	-1
16.2841470242	-1
16.2841470242	-1
16.2841470242	-1
16.2841470242	-1
16.2841470242	-1
16.2841470242	-1
16.2841470242	-1
16.3456630707	-1
16.3457109928	-1
16.3457109928	-1
16.3457109928	-1
16.3457109928	-1
16.3457109928	-1
16.3457109928	-1
16.4384491444	-1
16.4386370182	-1
16.4386370182	-1
16.4386370182	-1
16.4386370182	-1
16.4386370182	-1
16.4386370182	-1
16.4386370182	-1
16.4388821125	-1
16.4388821125	-1
16.4389121532	-1
16.4389121532	-1
16.4389121532	-1
16.4389121532	-1
16.4389121532	-1
16.4389121532	-1
16.4389121532	-1
16.4997329712	-1
16.4997329712	-1
16.4997329712	-1
16.4997329712	-1
16.4997329712	-1
16.4997329712	-1
16.4997329712	-1
16.4997329712	-1
16.4997329712	-1
16.5143020153	-1
16.5143020153	-1
16.5143020153	-1
16.5143020153	-1
16.5144081116	-1
16.5161919594	1
16.5935349464	-1
16.5938241482	-1
16.5938241482	-1
16.5938241482	-1
16.5938241482	-1
16.5938241482	-1
16.5938241482	-1
16.5938241482	-1
16.5938241482	-1
16.5940699577	-1
16.5940699577	-1
16.6514260769	1
16.6537790298	1
16.6537790298	1
16.6537790298	1
16.6537790298	1
16.6537790298	1
16.6537790298	1
16.6537790298	1
16.6550209522	1
16.6593880653	1
16.6593880653	1
16.6593880653	1
16.659621954	1
16.659621954	1
16.659621954	1
16.659621954	1
16.659621954	1
16.659621954	1
16.6618900299	1
16.6618900299	1
16.7288529873	1
16.7288529873	1
16.7288529873	1
16.7288529873	1
16.7288529873	1
16.9059741497	1
16.9805879593	1
17.1593210697	-1
17.3308911324	-1
17.4762721062	-1
17.4815101624	-1
17.4815101624	-1
17.4815101624	-1
17.4815101624	-1
17.4887900352	-1
17.4887900352	-1
17.490819931	1
17.5334441662	-1
17.5334441662	-1
17.5334441662	-1
17.5334441662	-1
17.5334441662	-1
17.5334441662	-1
17.5334441662	-1
17.5522310734	1
17.5522310734	1
17.5522310734	1
17.6272530556	-1
17.6274840832	-1
17.6274840832	-1
17.6274840832	-1
17.6274840832	-1
17.6274840832	-1
17.6274840832	-1
17.6274840832	-1
17.6277310848	-1
17.6277310848	-1
17.6415090561	-1
17.6415090561	-1
17.6415410042	1
17.6415410042	1
17.6447491646	1
17.6447491646	1
17.6447491646	1
17.7238111496	-1
17.7238111496	-1
17.7238111496	-1
17.7240400314	-1
17.7240400314	-1
17.7240400314	-1
17.7240400314	-1
17.7240400314	-1
17.7240400314	-1
17.7240400314	-1
17.724241972	-1
17.724241972	-1
17.724241972	-1
17.724241972	-1
17.724241972	-1
17.724241972	-1
17.724241972	-1
17.7920589447	1
17.7920589447	1
17.841686964	-1
17.841686964	-1
17.841686964	-1
17.841686964	-1
17.841686964	-1
17.841686964	-1
17.841686964	-1
17.841686964	-1
17.8683300018	1
17.8696391582	-1
17.8696391582	-1
17.8696391582	-1
17.8696391582	-1
17.8696391582	-1
17.8696391582	-1
17.8696391582	-1
17.8696391582	-1
17.8697929382	-1
17.8726520538	-1
17.8726520538	-1
17.8726520538	-1
17.8726520538	-1
17.8726520538	-1
17.8726520538	-1
17.8726520538	-1
17.8783659935	-1
17.8786740303	-1
17.8786740303	-1
17.8786740303	-1
17.8786740303	-1
17.8786740303	-1
17.8786740303	-1
17.8786740303	-1
17.9174990654	-1
17.9174990654	-1
17.9174990654	-1
17.9174990654	-1
17.9174990654	-1
17.9174990654	-1
17.9174990654	-1
17.9422969818	-1
18.0251350403	-1
18.2039959431	-1
18.2179219723	-1
18.2179219723	-1
18.2179219723	-1
18.2179219723	-1
18.2345299721	-1
18.2345299721	-1
18.2358529568	1
18.2564520836	-1
18.2564520836	-1
18.2564520836	-1
18.2736051083	1
18.2736051083	1
18.2736051083	1
18.3146691322	-1
18.3146691322	-1
18.3146691322	-1
18.3146691322	-1
18.3146820068	1
18.3340771198	-1
18.3340771198	-1
18.3341810703	-1
18.3341810703	-1
18.3341810703	-1
18.3341810703	-1
18.3476171494	-1
18.3723721504	-1
18.3723721504	-1
18.3723721504	-1
18.3891820908	1
18.3891820908	1
18.4627001286	-1
18.5460391045	-1
18.5460391045	-1
18.5460391045	-1
18.5460391045	-1
18.5460391045	-1
18.5460391045	-1
18.5738611221	-1
18.5759849548	1
18.7127039433	-1
18.7127370834	1
18.7129130363	-1
18.7129130363	-1
18.7129130363	-1
18.7129130363	-1
18.7129130363	-1
18.7129130363	-1
18.9110400677	-1
18.9222660065	-1
18.9222660065	-1
18.9222660065	-1
18.9222660065	-1
18.9222660065	-1
18.9222660065	-1
18.9222660065	-1
18.9222660065	-1
18.9222660065	-1
18.9222660065	-1
18.9226131439	-1
18.9226131439	-1
18.9226131439	-1
18.9226131439	-1
18.9226131439	-1
18.9763300419	-1
18.9763300419	-1
18.9763300419	-1
18.9763300419	-1
18.9763300419	-1
18.9763300419	-1
18.9763300419	-1
18.9763300419	-1
18.9852349758	-1
18.9866139889	1
19.0603599548	-1
19.0603599548	-1
19.0603599548	-1
19.0603599548	-1
19.0603599548	-1
19.0603599548	-1
19.0603599548	-1
19.0762970448	-1
19.0762970448	-1
19.0762970448	-1
19.0762970448	-1
19.0762970448	-1
19.0762970448	-1
19.0763339996	1
19.1517939568	1
19.2306361198	-1
19.2306640148	1
19.2306640148	1
19.3041980267	-1
19.3042161465	1
19.4004840851	-1
19.4005241394	1
19.5136139393	1
19.5136139393	1
19.5552389622	-1
19.6608531475	1
19.6622519493	1
19.6622519493	1
19.6622519493	1
19.7096660137	-1
19.710860014	1
19.710860014	1
19.8642179966	-1
19.8690609932	1
19.9487760067	-1
19.9488091469	1
19.9488091469	1
20.0194909573	-1
20.0194909573	-1
20.0194909573	-1
20.0194909573	-1
20.0227191448	1
20.0227191448	1
20.1270849705	-1
20.1271250248	1
20.2009720802	-1
20.2009720802	-1
20.3152821064	-1
20.3285319805	-1
20.3285319805	-1
20.3285319805	-1
20.3285319805	-1
20.3916471004	1
20.4828579426	-1
20.484151125	1
20.5629141331	-1
20.6378619671	-1
20.6378619671	-1
20.6378619671	-1
20.6378619671	-1
20.6378619671	-1
20.6378619671	-1
20.6378619671	-1
20.6378619671	-1
20.6617259979	1
20.7924499512	-1
20.7924499512	-1
20.7924499512	-1
20.792484045	1
20.8661990166	1
20.8661990166	1
20.94049716	-1
20.94049716	-1
20.9421260357	1
21.0159430504	-1
21.0159790516	1
21.1019721031	-1
21.1031229496	1
21.2563409805	-1
21.2577321529	1
21.3314111233	-1
21.3314111233	-1
21.3314499855	1
21.4111790657	-1
21.4113430977	-1
21.4113430977	-1
21.4113430977	-1
21.4113430977	-1
21.4875180721	1
21.5657961369	-1
21.567168951	1
21.6809761524	1
21.7206730843	-1
21.7946109772	1
21.8749649525	-1
21.8759591579	1
21.9293479919	-1
21.9293479919	-1
21.9293479919	-1
21.9293479919	-1
21.9293479919	-1
21.9293479919	-1
21.9293479919	-1
21.9293479919	-1
21.9293479919	-1
22.030064106	-1
22.1499049664	-1
22.1499049664	-1
22.1527600288	1
22.2236061096	-1
22.2236061096	-1
22.3061039448	1
22.341479063	-1
22.4154911041	-1
22.4154911041	-1
22.4155249596	1
22.49716115	-1
22.4971950054	1
22.5332641602	-1
22.5332641602	-1
22.5332641602	-1
22.5707440376	-1
22.5707969666	1
22.652285099	-1
22.662610054	1
22.7362661362	-1
22.7362661362	-1
22.7363049984	1
22.7363049984	1
22.8105280399	-1
22.8105280399	-1
22.8105621338	1
22.9237279892	1
22.9638750553	-1
23.0377070904	1
23.1203520298	-1
23.1216540337	1
23.1951739788	-1
23.2508230209	-1
23.2508230209	-1
23.2508230209	-1
23.2508230209	-1
23.2508230209	-1
23.2508230209	-1
23.2508230209	-1
23.2509729862	-1
23.2532861233	1
23.2767679691	-1
23.2767679691	-1
23.2767679691	-1
23.2767679691	-1
23.2767679691	-1
23.2767679691	-1
23.2767679691	-1
23.4065930843	1
23.4264831543	-1
23.4378499985	-1
23.4378499985	-1
23.4378499985	-1
23.4378499985	-1
23.4378499985	-1
23.4378499985	-1
23.7245090008	-1
23.725908041	1
23.8006060123	-1
23.8786530495	-1
23.8786530495	-1
23.8786530495	-1
23.8786530495	-1
23.8786530495	-1
23.8786530495	-1
23.8786530495	-1
23.8786530495	-1
23.9396779537	-1
23.9396779537	-1
23.9396779537	-1
23.9903841019	1
24.060999155	-1
24.060999155	-1
24.0940721035	-1
24.0940721035	-1
24.0940721035	-1
24.0940721035	-1
24.2416739464	1
24.2884299755	-1
24.2884299755	-1
24.2884299755	-1
24.2885320187	-1
24.2885320187	-1
24.2885320187	-1
24.2885320187	-1
24.2885320187	-1
24.2885320187	-1
24.2885320187	-1
24.3543400764	1
24.3543400764	1
24.3794980049	-1
24.4429199696	-1
24.4429199696	-1
24.4429199696	-1
24.4429199696	-1
24.4555871487	1
24.5264730453	-1
24.5686080456	1
24.6387140751	-1
24.6387140751	-1
24.6828949451	1
24.749710083	-1
24.8235549927	-1
24.8235549927	-1
24.8235890865	1
24.8970520496	-1
24.8970930576	1
24.9708631039	-1
24.9708631039	-1
24.9708991051	1
25.1286759377	1
25.2016539574	-1
25.2422881126	1
25.4237439632	-1
25.4249620438	1
25.5950870514	-1
25.5961101055	1
25.6338570118	-1
25.6338570118	-1
25.6338570118	-1
25.6367411613	-1
25.6367411613	-1
25.6367411613	-1
25.6367411613	-1
25.7710011005	-1
25.7710011005	-1
25.7710011005	-1
25.7724809647	1
25.7885210514	-1
25.7885210514	-1
25.7886381149	-1
25.7886381149	-1
25.7886381149	-1
25.7886381149	-1
25.7886381149	-1
25.7886381149	-1
25.7940559387	-1
25.8835599422	-1
25.8835599422	-1
25.8835599422	-1
25.8835599422	-1
25.8835599422	-1
25.8835599422	-1
26.0120930672	-1
26.0132601261	1
26.0489621162	1
26.0489621162	1
26.0489621162	1
26.0858910084	-1
26.0858910084	-1
26.1229081154	1
26.1922559738	-1
26.1922559738	-1
26.1922559738	-1
26.1922559738	-1
26.1922559738	-1
26.1922559738	-1
26.1922559738	-1
26.1922559738	-1
26.2841720581	1
26.3324229717	-1
26.396312952	-1
26.396312952	-1
26.396312952	-1
26.3963470459	1
26.3963470459	1
26.51790905	-1
26.51790905	-1
26.9896490574	-1
26.9909689426	1
27.1804590225	-1
27.3335859776	-1
27.3348829746	1
27.335996151	-1
27.335996151	-1
27.335996151	-1
27.4083390236	1
27.9817330837	-1
28.1358101368	-1
28.2097411156	-1
28.2097411156	-1
28.2855329514	-1
28.2906720638	-1
28.2906720638	-1
28.2906720638	-1
28.2906720638	-1
28.2906720638	-1
28.2906720638	-1
28.4108879566	1
28.4493250847	1
28.4493250847	1
28.4493250847	1
28.4498369694	1
28.4498369694	1
28.4766221046	1
28.4766221046	1
28.4766221046	1
28.4847371578	1
28.6548080444	1
28.694642067	1
28.694642067	1
28.694642067	1
28.6967680454	1
28.6967680454	1
28.6967680454	1
28.8016879559	1
28.8930981159	-1
28.8942041397	1
29.0460469723	-1
29.0472869873	1
29.1213290691	-1
29.1213290691	-1
29.1227080822	1
29.1962571144	-1
29.1962571144	-1
29.1962909698	1
29.269919157	-1
29.269919157	-1
29.2699539661	1
29.2699539661	1
29.2757029533	1
29.2757029533	1
29.2757029533	1
29.3440129757	-1
29.3440129757	-1
29.3440489769	1
29.3440489769	1
29.3691821098	-1
29.3691821098	-1
29.3691821098	-1
29.3742170334	-1
29.3742170334	-1
29.417566061	1
29.417566061	1
29.5689899921	-1
29.6430821419	-1
29.6430821419	-1
29.6430821419	-1
29.723555088	-1
29.723555088	-1
29.723555088	-1
29.723555088	-1
29.723555088	-1
29.723555088	-1
29.7237701416	-1
29.7237701416	-1
29.7237701416	-1
29.7237701416	-1
29.7237701416	-1
29.7237701416	-1
29.7237701416	-1
29.7240140438	-1
29.7352819443	1
29.7857019901	1
29.7857019901	1
29.7857019901	1
29.7967541218	-1
29.7967541218	-1
29.7967541218	-1
29.7968580723	-1
29.7968580723	-1
29.7968580723	-1
29.7968580723	-1
29.7968580723	-1
29.8356020451	-1
29.8356020451	-1
29.8356020451	-1
29.8356020451	-1
29.8356020451	-1
29.8356020451	-1
29.8356020451	-1
29.8356020451	-1
29.8796739578	-1
29.8796739578	-1
29.8796739578	-1
29.8796739578	-1
29.8796739578	-1
29.8796739578	-1
29.8796739578	-1
29.8796739578	-1
29.9515299797	-1
29.9515299797	-1
29.9515299797	-1
29.9515299797	-1
29.9515299797	-1
29.9515299797	-1
29.9515299797	-1
29.9515299797	-1
29.9515299797	-1
29.9518809319	-1
29.9518809319	-1
29.9518809319	-1
29.9518809319	-1
29.9518809319	-1
29.9518809319	-1
29.9518809319	-1
29.9521269798	-1
29.9523451328	1
29.9928410053	-1
29.9928410053	-1
29.9928410053	-1
29.9928410053	-1
29.9928410053	-1
29.9928410053	-1
29.9928410053	-1
29.9928410053	-1
29.9928410053	-1
29.9931659698	-1
29.9931659698	-1
29.9931659698	-1
29.9931659698	-1
29.9931659698	-1
29.9931659698	-1
30.0264811516	1
30.0356249809	-1
30.0356249809	-1
30.0356249809	-1
30.0356249809	-1
30.0356249809	-1
30.0356249809	-1
30.0356249809	-1
30.0356249809	-1
30.0377960205	-1
30.0377960205	-1
30.0678851604	1
30.0678851604	1
30.0678851604	1
30.1011929512	-1
30.1011929512	-1
30.1011929512	-1
30.1011929512	-1
30.1011929512	-1
30.1011929512	-1
30.1011929512	-1
30.1011929512	-1
30.1012310982	1
30.1063079834	-1
30.1064939499	-1
30.1064939499	-1
30.1064939499	-1
30.1064939499	-1
30.1064939499	-1
30.1064939499	-1
30.1064939499	-1
30.1064939499	-1
30.1068639755	-1
30.1068639755	-1
30.1069850922	-1
30.1069850922	-1
30.1069850922	-1
30.1069850922	-1
30.1069850922	-1
30.1071090698	-1
30.1071910858	-1
30.1071910858	-1
30.1071910858	-1
30.1071910858	-1
30.1071910858	-1
30.1071910858	-1
30.1071910858	-1
30.1105160713	-1
30.1105160713	-1
30.1105160713	-1
30.1513440609	1
30.1513440609	1
30.1513440609	1
30.2851920128	-1
30.3149931431	1
30.3989920616	1
30.3989920616	1
30.3989920616	1
30.4569840431	-1
30.5257589817	1
30.5820889473	-1
30.5820889473	-1
30.6107361317	-1
30.6107361317	-1
30.6107361317	-1
30.6107361317	-1
30.6107361317	-1
30.6107361317	-1
30.6305270195	1
30.6516339779	-1
30.6516339779	-1
30.6709151268	1
30.6709151268	1
30.6709151268	1
30.7443840504	1
30.8149170876	-1
30.8149170876	-1
30.8802239895	1
30.8802239895	1
30.8802239895	1
30.8890631199	-1
30.8890631199	-1
30.9755370617	1
30.9755370617	1
31.0243051052	-1
31.14032197	1
31.1542799473	-1
31.2210230827	-1
31.2210230827	-1
31.2210230827	-1
31.2212090492	-1
31.2212090492	-1
31.2212090492	-1
31.225883007	-1
31.225883007	-1
31.225883007	-1
31.225883007	-1
31.225883007	-1
31.225883007	-1
31.225883007	-1
31.225883007	-1
31.2276279926	1
31.3091039658	-1
31.3091039658	-1
31.3091039658	-1
31.3842160702	-1
31.3842160702	-1
31.3847939968	-1
31.3847939968	-1
31.3847939968	-1
31.3847939968	-1
31.3847939968	-1
31.3847939968	-1
31.3847939968	-1
31.3861250877	1
31.3875739574	-1
31.3875739574	-1
31.3882901669	-1
31.3882901669	-1
31.3882901669	-1
31.3882901669	-1
31.3882901669	-1
31.3882901669	-1
31.3882901669	-1
31.4631209373	-1
31.4631209373	-1
31.4631209373	-1
31.4631531239	1
31.4633080959	-1
31.4633080959	-1
31.4633080959	-1
31.4633080959	-1
31.4633080959	-1
31.4633080959	-1
31.4633080959	-1
31.5292489529	-1
31.538339138	1
31.6182451248	-1
31.6188249588	-1
31.6188249588	-1
31.6188249588	-1
31.6188249588	-1
31.6188249588	-1
31.6559281349	-1
31.6791090965	-1
31.6791090965	-1
31.6791090965	-1
31.6791090965	-1
31.6791090965	-1
31.6791090965	-1
31.6791090965	-1
31.6791090965	-1
31.7880189419	1
31.8028969765	-1
31.8028969765	-1
31.8298821449	-1
31.8298821449	-1
31.8298821449	-1
31.9602749348	-1
31.9604461193	-1
31.9604461193	-1
31.9604461193	-1
31.9604461193	-1
31.9604461193	-1
31.9604461193	-1
31.9604461193	-1
31.9715430737	-1
31.9715430737	-1
31.9715430737	-1
31.9715430737	-1
32.0349490643	-1
32.0349490643	-1
32.1382009983	-1
32.1383910179	-1
32.1383910179	-1
32.1383910179	-1
32.1383910179	-1
32.2140100002	1
32.3227360249	-1
32.3227710724	1
32.8573961258	-1
33.0259530544	-1
33.0259530544	-1
33.1663100719	-1
34.968006134	-1
41.2718400955	-1
41.4284379482	-1
41.5416309834	1
41.6005430222	-1
41.6158249378	1
41.6158249378	1
41.7375440598	-1
42.1764440536	-1
42.2713651657	1
42.2748811245	1
42.2748811245	1
42.2748811245	1
42.2748811245	1
42.2748811245	1
42.2748811245	1
42.2748811245	1
42.2748811245	1
42.2748811245	1
42.2762870789	1
42.2762870789	1
42.2782120705	1
42.2782120705	1
42.2782120705	1
42.2782120705	1
42.2782120705	1
42.2782120705	1
42.2800450325	1
42.2800450325	1
42.3382661343	-1
42.4185681343	1
42.4185681343	1
42.5265779495	1
42.600438118	1
42.600438118	1
42.6474540234	-1
42.6746039391	1
42.6746039391	1
42.8296501637	-1
43.023663044	-1
43.0978429317	-1
43.0995030403	1
43.1806941032	-1
43.1821241379	1
43.2173120975	-1
43.2173120975	-1
43.2173120975	-1
43.2562000751	1
43.3705911636	1
43.4398720264	-1
43.651373148	-1
43.6902430058	-1
43.6902430058	-1
43.6902430058	-1
43.6902430058	-1
43.7300629616	1
43.8032839298	1
43.8074851036	-1
43.8324091434	-1
43.8324091434	-1
43.8324091434	-1
43.8324091434	-1
43.909963131	1
44.0244791508	1
44.058355093	-1
44.169834137	-1
44.2130229473	-1
44.2130229473	-1
44.2130229473	-1
44.2130229473	-1
44.357378006	-1
44.3675141335	-1
44.3675141335	-1
44.3675141335	-1
44.5211670399	-1
44.5960769653	-1
44.6193420887	-1
44.6193420887	-1
44.6193420887	-1
44.6193420887	-1
44.6193420887	-1
44.6193420887	-1
44.6193420887	-1
44.6193420887	-1
44.7240331173	-1
44.7240331173	-1
44.7240331173	-1
44.7240331173	-1
44.7240331173	-1
44.7240331173	-1
44.7240331173	-1
44.7240331173	-1
44.7240331173	-1
44.7243771553	-1
44.7243771553	-1
44.7243771553	-1
44.7243771553	-1
44.7243771553	-1
44.7243771553	-1
44.7254509926	1
44.7734410763	-1
44.7734410763	-1
44.7734410763	-1
44.7734410763	-1
44.7734410763	-1
44.7734410763	-1
44.7736680508	-1
44.7736680508	-1
44.7736680508	-1
44.7736680508	-1
44.7736680508	-1
44.7736680508	-1
44.7736680508	-1
44.7736680508	-1
44.8205440044	-1
44.8205440044	-1
44.8205440044	-1
44.8205440044	-1
44.8205440044	-1
44.8205440044	-1
44.8205440044	-1
44.8205440044	-1
44.8477950096	1
44.9186160564	-1
44.9186160564	-1
44.9186160564	-1
44.9186160564	-1
44.9186160564	-1
44.9186160564	-1
44.9186160564	-1
44.9186160564	-1
44.9279520512	-1
44.9279520512	-1
44.9279520512	-1
44.9279520512	-1
44.9279520512	-1
44.9279520512	-1
44.9279520512	-1
44.9279520512	-1
44.9279520512	-1
44.9283051491	-1
44.9283051491	-1
44.9283051491	-1
44.9284391403	-1
44.9284391403	-1
44.9284391403	-1
44.9284391403	-1
44.9284391403	-1
44.9284391403	-1
44.9284391403	-1
44.9287960529	-1
44.9287960529	-1
44.9287960529	-1
44.9287960529	-1
44.9287960529	-1
44.9287960529	-1
44.9287960529	-1
44.9287960529	-1
44.9922189713	-1
44.9922189713	-1
44.9922189713	-1
44.9922189713	-1
44.9922189713	-1
44.9922189713	-1
44.9922189713	-1
44.9922189713	-1
45.0330879688	-1
45.0330879688	-1
45.0330879688	-1
45.0330879688	-1
45.0330879688	-1
45.0330879688	-1
45.0330879688	-1
45.0727081299	-1
45.0727591515	-1
45.0727591515	-1
45.0727591515	-1
45.0727591515	-1
45.0727591515	-1
45.0727591515	-1
45.0727591515	-1
45.0733129978	-1
45.0733129978	-1
45.0733129978	-1
45.0733129978	-1
45.0733129978	-1
45.0733129978	-1
45.0733129978	-1
45.0739350319	1
45.082239151	-1
45.082239151	-1
45.082239151	-1
45.082239151	-1
45.082239151	-1
45.082239151	-1
45.082239151	-1
45.082239151	-1
45.0825901031	-1
45.0825901031	-1
45.0825901031	-1
45.0825901031	-1
45.0825901031	-1
45.082711935	-1
45.082834959	-1
45.082834959	-1
45.082834959	-1
45.082834959	-1
45.082834959	-1
45.082834959	-1
45.082834959	-1
45.082834959	-1
45.1069190502	-1
45.1069190502	-1
45.1069190502	-1
45.1069190502	-1
45.1069190502	-1
45.1069190502	-1
45.1069190502	-1
45.1466679573	-1
45.1467020512	-1
45.1467020512	-1
45.1467020512	-1
45.1467020512	-1
45.1467020512	-1
45.1467020512	-1
45.1467020512	-1
45.1467020512	-1
45.1467020512	-1
45.1476309299	-1
45.1476309299	-1
45.1476309299	-1
45.1476621628	-1
45.1476621628	-1
45.1476621628	-1
45.1476621628	-1
45.1476621628	-1
45.1476621628	-1
45.1476621628	-1
45.1476621628	-1
45.1476621628	-1
45.1558101177	1
45.1558101177	1
45.1558411121	-1
45.1558411121	-1
45.1558411121	-1
45.3230330944	1
45.3248240948	1
45.3248240948	1
45.3248240948	1
45.325001955	1
45.325001955	1
45.325001955	1
45.325206995	1
45.325206995	1
45.3254480362	1
45.3254480362	1
45.3259191513	1
45.3259191513	1
45.3259191513	1
45.3259191513	1
45.3259191513	1
45.3259191513	1
45.3259191513	1
45.3259191513	1
45.396832943	1
45.396832943	1
45.3985490799	1
45.3985490799	1
45.3985490799	1
45.3985490799	1
