0.0	1
0.251092910767	1
1.01992893219	-1
1.02119588852	1
1.2536649704	-1
1.25517702103	1
1.25976204872	1
1.25976204872	1
1.25976204872	1
1.25976204872	1
1.25976204872	1
1.25976204872	1
2.11622786522	-1
2.11769104004	1
2.34326100349	-1
2.34472703934	1
2.44263792038	-1
2.44263792038	-1
2.44263792038	-1
2.51078891754	1
2.51078891754	1
2.67769002914	-1
2.67772603035	1
2.84656095505	-1
2.84858393669	-1
2.84858393669	-1
2.84858393669	-1
2.84858393669	-1
2.84858393669	-1
2.84858393669	-1
2.84858393669	-1
2.84858393669	-1
3.02902889252	1
3.21210384369	-1
3.28005290031	1
3.3833758831	-1
3.3833758831	-1
3.3833758831	-1
3.3833758831	-1
3.3833758831	-1
3.3833758831	-1
3.3833758831	-1
3.3833758831	-1
3.38722491264	-1
3.38722491264	-1
3.38722491264	-1
3.38722491264	-1
3.38722491264	-1
3.38722491264	-1
3.38722491264	-1
3.38722491264	-1
3.39340090752	-1
3.42076086998	-1
3.42076086998	-1
3.42076086998	-1
3.42076086998	-1
3.42076086998	-1
3.42076086998	-1
3.42076086998	-1
3.59114193916	-1
3.59630203247	-1
3.59630203247	-1
3.59630203247	-1
3.60121583939	-1
3.60121583939	-1
3.60121583939	-1
3.60121583939	-1
3.60121583939	-1
3.60121583939	-1
3.64078783989	1
3.73586702347	-1
3.73586702347	-1
3.73586702347	-1
3.73586702347	-1
3.73586702347	-1
3.7690038681	1
3.7690038681	1
3.7690038681	1
3.77163600922	1
3.77163600922	1
3.84954285622	1
3.84954285622	1
4.00554585457	-1
4.02688598633	1
4.02688598633	1
4.02688598633	1
4.29552292824	-1
4.46288204193	-1
4.46288204193	-1
4.46288204193	-1
4.46288204193	-1
4.46288204193	-1
4.46288204193	-1
4.46288204193	-1
4.46288204193	-1
4.48880600929	-1
4.53215789795	-1
4.53215789795	-1
4.53215789795	-1
4.53368592262	1
4.57315993309	-1
4.57315993309	-1
4.57798695564	-1
4.57798695564	-1
4.57798695564	-1
4.57798695564	-1
4.57798695564	-1
4.57798695564	-1
4.70117783546	1
4.70117783546	1
4.71796393394	-1
4.71796393394	-1
4.71796393394	-1
4.71796393394	-1
4.71796393394	-1
4.72382187843	-1
4.7312400341	-1
4.7312400341	-1
4.73255300522	1
4.73255300522	1
4.73255300522	1
4.8361890316	-1
4.8361890316	-1
4.8361890316	-1
4.84534692764	1
4.84534692764	1
4.85010504723	-1
5.25328993797	-1
5.36944794655	-1
5.36944794655	-1
5.36944794655	-1
5.36944794655	-1
5.36944794655	-1
5.36944794655	-1
5.36944794655	-1
5.36944794655	-1
5.38883781433	-1
5.39223885536	-1
5.39223885536	-1
5.39223885536	-1
5.39223885536	-1
5.39223885536	-1
5.39223885536	-1
5.42867803574	1
5.59142589569	-1
5.59142589569	-1
5.59142589569	-1
5.59142589569	-1
5.59142589569	-1
5.59142589569	-1
5.59142589569	-1
5.59142589569	-1
5.59883189201	-1
5.60122799873	-1
5.60122799873	-1
5.60122799873	-1
5.60978889465	-1
5.60978889465	-1
5.60978889465	-1
5.60978889465	-1
5.60978889465	-1
5.60978889465	-1
5.61286282539	1
5.7044069767	-1
5.7044069767	-1
5.7044069767	-1
5.7044069767	-1
5.70452094078	-1
5.74115490913	-1
5.74115490913	-1
5.7583489418	1
5.7583489418	1
5.7583489418	1
5.75877594948	1
5.75877594948	1
5.76158189774	1
5.76158189774	1
5.76158189774	1
5.76190590858	1
5.76190590858	1
5.77360701561	-1
5.77360701561	-1
5.77360701561	-1
5.77360701561	-1
5.77360701561	-1
5.77360701561	-1
5.77360701561	-1
5.77375888824	-1
5.77375888824	-1
5.77375888824	-1
5.77375888824	-1
5.77375888824	-1
5.77375888824	-1
5.77375888824	-1
5.77420902252	-1
5.77420902252	-1
5.77420902252	-1
5.77420902252	-1
5.77420902252	-1
5.77420902252	-1
5.77420902252	-1
5.77420902252	-1
5.7871658802	-1
5.7871658802	-1
5.7871658802	-1
5.78728795052	-1
5.78728795052	-1
5.78728795052	-1
5.78728795052	-1
5.78728795052	-1
5.78728795052	-1
5.78728795052	-1
5.8929040432	-1
5.89300394058	-1
5.89300394058	-1
5.89300394058	-1
5.89300394058	-1
5.89300394058	-1
5.89300394058	-1
5.89300394058	-1
5.89300394058	-1
5.94698691368	-1
5.94698691368	-1
5.94698691368	-1
5.94698691368	-1
5.94698691368	-1
5.94698691368	-1
5.94698691368	-1
5.94722986221	-1
5.94735598564	-1
5.94735598564	-1
5.94735598564	-1
5.94735598564	-1
5.94735598564	-1
5.94735598564	-1
5.94735598564	-1
5.95907902718	1
5.95911097527	-1
5.95927286148	-1
5.95927286148	-1
5.95927286148	-1
5.95927286148	-1
5.95927286148	-1
5.95927286148	-1
5.95927286148	-1
5.95951890945	-1
5.95951890945	-1
5.95964097977	-1
5.95964097977	-1
5.95964097977	-1
5.95964097977	-1
5.95964097977	-1
5.95964097977	-1
5.95991182327	-1
5.95991182327	-1
5.95991182327	-1
5.95991182327	-1
5.95991182327	-1
5.95991182327	-1
5.97171187401	-1
5.97171187401	-1
5.97171187401	-1
5.97171187401	-1
5.97171187401	-1
5.97171187401	-1
5.97171187401	-1
5.97213387489	-1
5.97213387489	-1
5.97213387489	-1
5.97213387489	-1
5.97213387489	-1
5.97213387489	-1
5.97213387489	-1
5.97213387489	-1
6.0841319561	-1
6.0841319561	-1
6.0841319561	-1
6.0841319561	-1
6.0841319561	-1
6.0841319561	-1
6.0841319561	-1
6.0841319561	-1
6.11526584625	-1
6.11526584625	-1
6.11526584625	-1
6.11526584625	-1
6.11526584625	-1
6.11526584625	-1
6.11526584625	-1
6.11526584625	-1
6.12908196449	1
6.12908196449	1
6.12926697731	-1
6.12926697731	-1
6.12926697731	-1
6.12926697731	-1
6.12926697731	-1
6.12926697731	-1
6.12926697731	-1
6.12951087952	-1
6.12951087952	-1
6.12951087952	-1
6.12951087952	-1
6.12951087952	-1
6.12951087952	-1
6.12951087952	-1
6.12987995148	-1
6.12987995148	-1
6.12987995148	-1
6.12987995148	-1
6.12987995148	-1
6.12987995148	-1
6.12987995148	-1
6.12987995148	-1
6.12987995148	-1
6.1421148777	-1
6.1421148777	-1
6.1421148777	-1
6.1421148777	-1
6.1421148777	-1
6.1421148777	-1
6.1421148777	-1
6.14241290092	-1
6.14253687859	-1
6.14253687859	-1
6.14253687859	-1
6.14265799522	-1
6.14265799522	-1
6.14278101921	-1
6.14278101921	-1
6.14278101921	-1
6.14278101921	-1
6.14278101921	-1
6.14278101921	-1
6.14302682877	-1
6.14302682877	-1
6.14302682877	-1
6.14302682877	-1
6.14302682877	-1
6.14302682877	-1
6.14302682877	-1
6.14302682877	-1
6.1481180191	1
6.1481180191	1
6.1481180191	1
6.25520586967	-1
6.25520586967	-1
6.25520586967	-1
6.25520586967	-1
6.25520586967	-1
6.25520586967	-1
6.25520586967	-1
6.25520586967	-1
6.25566196442	-1
6.25566196442	-1
6.25566196442	-1
6.25566196442	-1
6.25566196442	-1
6.25566196442	-1
6.25566196442	-1
6.25590586662	-1
6.25827097893	1
6.25827097893	1
6.2987909317	-1
6.2987909317	-1
6.2987909317	-1
6.2987909317	-1
6.2987909317	-1
6.2987909317	-1
6.29901504517	-1
6.29901504517	-1
6.29901504517	-1
6.29901504517	-1
6.29901504517	-1
6.29901504517	-1
6.29901504517	-1
6.29901504517	-1
6.31124997139	-1
6.31124997139	-1
6.31124997139	-1
6.31124997139	-1
6.31124997139	-1
6.31124997139	-1
6.31124997139	-1
6.31139993668	-1
6.311606884	-1
6.311606884	-1
6.311606884	-1
6.311606884	-1
6.311606884	-1
6.311606884	-1
6.311606884	-1
6.31185293198	-1
6.31197690964	-1
6.31197690964	-1
6.31197690964	-1
6.31197690964	-1
6.31197690964	-1
6.31197690964	-1
6.31197690964	-1
6.31197690964	-1
6.31224799156	-1
6.31224799156	-1
6.3178050518	-1
6.3178050518	-1
6.3178050518	-1
6.3178050518	-1
6.3178050518	-1
6.3178050518	-1
6.3178050518	-1
6.31803703308	-1
6.31803703308	-1
6.31803703308	-1
6.31803703308	-1
6.31803703308	-1
6.31803703308	-1
6.31803703308	-1
6.31831002235	-1
6.31831002235	-1
6.31831002235	-1
6.31831002235	-1
6.31831002235	-1
6.31831002235	-1
6.31831002235	-1
6.31831002235	-1
6.31877398491	-1
6.31877398491	-1
6.31877398491	-1
6.31877398491	-1
6.31877398491	-1
6.31877398491	-1
6.31877398491	-1
6.31877398491	-1
6.46482896805	-1
6.46486186981	-1
6.46486186981	-1
6.46507382393	-1
6.46507382393	-1
6.46507382393	-1
6.46507382393	-1
6.46507382393	-1
6.46507382393	-1
6.46532201767	-1
6.46532201767	-1
6.46532201767	-1
6.46532201767	-1
6.46532201767	-1
6.46532201767	-1
6.46532201767	-1
6.46789193153	1
6.47808384895	-1
6.47808384895	-1
6.47808384895	-1
6.47808384895	-1
6.47808384895	-1
6.47808384895	-1
6.47808384895	-1
6.47808384895	-1
6.51690292358	-1
6.5303709507	-1
6.5303709507	-1
6.5303709507	-1
6.5303709507	-1
6.5303709507	-1
6.5303709507	-1
6.5303709507	-1
6.53175497055	1
6.53175497055	1
6.53175497055	1
6.53251695633	1
6.53251695633	1
6.55919885635	-1
6.56245493889	-1
6.56245493889	-1
6.56245493889	-1
6.56245493889	-1
6.56593585014	-1
6.56593585014	-1
6.56593585014	-1
6.56593585014	-1
6.56593585014	-1
6.56593585014	-1
6.56593585014	-1
6.57763504982	-1
6.57763504982	-1
6.57763504982	-1
6.57763504982	-1
6.57763504982	-1
6.57763504982	-1
6.57763504982	-1
6.5813908577	-1
6.62138485909	-1
6.62138485909	-1
6.66947889328	1
6.81380295753	-1
6.84104895592	1
7.24991703033	-1
7.25110602379	1
7.28470897675	-1
7.28470897675	-1
7.28470897675	-1
7.30335783958	-1
7.30335783958	-1
7.30335783958	-1
7.30335783958	-1
7.33108186722	-1
7.33355283737	-1
7.33355283737	-1
7.33355283737	-1
7.33355283737	-1
7.33355283737	-1
7.33355283737	-1
7.33355283737	-1
7.33621287346	-1
7.33621287346	-1
7.33621287346	-1
7.33621287346	-1
7.33621287346	-1
7.33621287346	-1
7.33621287346	-1
7.36779093742	-1
7.36779093742	-1
7.3704328537	-1
7.3704328537	-1
7.3704328537	-1
7.3704328537	-1
7.3704328537	-1
7.3704328537	-1
7.3704328537	-1
7.3704328537	-1
7.3704328537	-1
7.38648796082	-1
7.38648796082	-1
7.38648796082	-1
7.38648796082	-1
7.38648796082	-1
7.38648796082	-1
7.38648796082	-1
7.38662600517	-1
7.40936303139	-1
7.40936303139	-1
7.40936303139	-1
7.40936303139	-1
7.40936303139	-1
7.40936303139	-1
7.40936303139	-1
7.4185769558	1
7.45074987411	-1
7.45085501671	-1
7.45085501671	-1
7.45085501671	-1
7.45085501671	-1
7.45085501671	-1
7.45085501671	-1
7.45085501671	-1
7.45085501671	-1
7.50216794014	-1
7.50216794014	-1
7.50216794014	-1
7.50216794014	-1
7.50216794014	-1
7.50216794014	-1
7.50216794014	-1
7.50216794014	-1
7.50216794014	-1
7.50262498856	-1
7.50262498856	-1
7.50262498856	-1
7.50262498856	-1
7.50262498856	-1
7.50262498856	-1
7.50262498856	-1
7.54007601738	-1
7.54007601738	-1
7.54007601738	-1
7.54007601738	-1
7.54007601738	-1
7.54007601738	-1
7.54007601738	-1
7.54040884972	-1
7.54040884972	-1
7.5405318737	-1
7.5405318737	-1
7.5405318737	-1
7.5405318737	-1
7.5405318737	-1
7.5405318737	-1
7.5405318737	-1
7.540776968	-1
7.54090094566	-1
7.54090094566	-1
7.54090094566	-1
7.54090094566	-1
7.54090094566	-1
7.54090094566	-1
7.54090094566	-1
7.54090094566	-1
7.54222798347	1
7.54222798347	1
7.54222798347	1
7.54784703255	-1
7.54784703255	-1
7.54784703255	-1
7.54784703255	-1
7.54784703255	-1
7.54784703255	-1
7.54784703255	-1
7.5653989315	-1
7.56561684608	-1
7.56561684608	-1
7.56561684608	-1
7.56561684608	-1
7.56561684608	-1
7.56561684608	-1
7.56561684608	-1
7.60114693642	-1
7.60131287575	-1
7.60131287575	-1
7.60131287575	-1
7.60131287575	-1
7.60131287575	-1
7.60131287575	-1
7.60131287575	-1
7.60155892372	-1
7.60155892372	-1
7.60155892372	-1
7.60155892372	-1
7.60155892372	-1
7.60155892372	-1
7.60155892372	-1
7.6880569458	-1
7.6880569458	-1
7.6880569458	-1
7.6880569458	-1
7.6880569458	-1
7.6880569458	-1
7.6880569458	-1
7.68828487396	-1
7.68840885162	-1
7.68840885162	-1
7.68840885162	-1
7.68840885162	-1
7.68840885162	-1
7.68840885162	-1
7.68840885162	-1
7.68840885162	-1
7.68865299225	-1
7.68865299225	-1
7.68865299225	-1
7.68865299225	-1
7.68865299225	-1
7.68865299225	-1
7.68865299225	-1
7.68865299225	-1
7.71063685417	-1
7.7106719017	-1
7.7106719017	-1
7.7106719017	-1
7.7106719017	-1
7.7106719017	-1
7.7106719017	-1
7.7106719017	-1
7.71099591255	-1
7.71111798286	-1
7.71111798286	-1
7.71111798286	-1
7.71111798286	-1
7.71111798286	-1
7.71111798286	-1
7.71111798286	-1
7.71136498451	-1
7.71147489548	-1
7.71147489548	-1
7.71147489548	-1
7.71147489548	-1
7.71147489548	-1
7.71147489548	-1
7.71147489548	-1
7.72819495201	-1
7.72829985619	-1
7.72829985619	-1
7.72829985619	-1
7.72829985619	-1
7.72829985619	-1
7.72829985619	-1
7.72829985619	-1
7.72829985619	-1
7.72829985619	-1
7.7298078537	1
7.7298078537	1
7.7298078537	1
7.77095293999	-1
7.77095293999	-1
7.77095293999	-1
7.77095293999	-1
7.77095293999	-1
7.77095293999	-1
7.77124500275	-1
7.77124500275	-1
7.77124500275	-1
7.77124500275	-1
7.77124500275	-1
7.77124500275	-1
7.77124500275	-1
7.79270291328	-1
7.79270291328	-1
7.79270291328	-1
7.79270291328	-1
7.79270291328	-1
7.79270291328	-1
7.79270291328	-1
7.79284286499	-1
7.79292988777	-1
7.80478692055	-1
7.80478692055	-1
7.80478692055	-1
7.80478692055	-1
7.80478692055	-1
7.80478692055	-1
7.80478692055	-1
7.8187789917	-1
7.8187789917	-1
7.8187789917	-1
7.8187789917	-1
7.8187789917	-1
7.8187789917	-1
7.8187789917	-1
7.88073587418	-1
7.88073587418	-1
7.88073587418	-1
7.88073587418	-1
7.88073587418	-1
7.88073587418	-1
7.88073587418	-1
7.88073587418	-1
7.88073587418	-1
7.88117289543	-1
7.88117289543	-1
7.88117289543	-1
7.88117289543	-1
7.88117289543	-1
7.88117289543	-1
7.88117289543	-1
7.88117289543	-1
7.88150286674	-1
7.88150286674	-1
7.8816640377	-1
7.8816640377	-1
7.8816640377	-1
7.8816640377	-1
7.8816640377	-1
7.8816640377	-1
7.89772701263	-1
7.89772701263	-1
7.89772701263	-1
7.89772701263	-1
7.89772701263	-1
7.89772701263	-1
7.89772701263	-1
7.89772701263	-1
7.89808893204	-1
7.89808893204	-1
7.89808893204	-1
7.89808893204	-1
7.89808893204	-1
7.89808893204	-1
7.89808893204	-1
7.89808893204	-1
7.89841794968	-1
7.89841794968	-1
7.89841794968	-1
7.89841794968	-1
7.94824790955	1
7.94824790955	1
7.95851683617	-1
7.95862388611	-1
7.95862388611	-1
7.95862388611	-1
7.95862388611	-1
7.95874786377	-1
7.95874786377	-1
7.95874786377	-1
7.96941184998	-1
7.96941184998	-1
7.96941184998	-1
7.96941184998	-1
7.96941184998	-1
7.96941184998	-1
7.96941184998	-1
7.9867169857	-1
7.9867169857	-1
7.9867169857	-1
7.9867169857	-1
7.9867169857	-1
7.9867169857	-1
7.9867169857	-1
7.9867169857	-1
8.0189909935	-1
8.0189909935	-1
8.0189909935	-1
8.0189909935	-1
8.0189909935	-1
8.0189909935	-1
8.0189909935	-1
8.0189909935	-1
8.02980399132	-1
8.02980399132	-1
8.02985095978	-1
8.02985095978	-1
8.02985095978	-1
8.02985095978	-1
8.02985095978	-1
8.02985095978	-1
8.02985095978	-1
8.05034399033	-1
8.05034399033	-1
8.05034399033	-1
8.05034399033	-1
8.05034399033	-1
8.05034399033	-1
8.05034399033	-1
8.06773090363	-1
8.06773090363	-1
8.06773090363	-1
8.06773090363	-1
8.06773090363	-1
8.06773090363	-1
8.06773090363	-1
8.06773090363	-1
8.09328794479	-1
8.09328794479	-1
8.09328794479	-1
8.09328794479	-1
8.09328794479	-1
8.09328794479	-1
8.09328794479	-1
8.09328794479	-1
8.13793182373	-1
8.13793182373	-1
8.13796496391	1
8.30710792542	-1
8.30710792542	-1
8.36864495277	-1
8.36864495277	-1
8.36864495277	-1
8.36864495277	-1
8.36864495277	-1
8.36864495277	-1
8.36864495277	-1
8.36864495277	-1
8.36864495277	-1
8.42387485504	-1
8.42387485504	-1
8.42716288567	-1
8.42716288567	-1
8.42716288567	-1
8.42716288567	-1
8.42716288567	-1
8.42716288567	-1
8.43706297874	-1
8.43706297874	-1
8.43706297874	-1
8.43706297874	-1
8.43706297874	-1
8.43706297874	-1
8.43706297874	-1
8.43706297874	-1
8.46442890167	-1
8.46442890167	-1
8.46442890167	-1
8.46442890167	-1
8.46442890167	-1
8.46442890167	-1
8.46442890167	-1
8.46442890167	-1
8.57279801369	-1
8.57279801369	-1
8.57279801369	-1
8.58779287338	-1
8.58779287338	-1
8.58779287338	-1
8.58779287338	-1
8.58779287338	-1
8.58779287338	-1
8.60253190994	-1
8.60253190994	-1
8.60253190994	-1
8.60253190994	-1
8.60253190994	-1
8.60253190994	-1
8.60253190994	-1
8.60253190994	-1
8.60376000404	1
8.61633300781	-1
8.61633300781	-1
8.61633300781	-1
8.61633300781	-1
8.61633300781	-1
8.61633300781	-1
8.61633300781	-1
8.61633300781	-1
8.68430185318	-1
8.68430185318	-1
8.68430185318	-1
8.68430185318	-1
8.69028401375	-1
8.69028401375	-1
8.69028401375	-1
8.69028401375	-1
8.69028401375	-1
8.69028401375	-1
8.69028401375	-1
8.70077586174	-1
8.70077586174	-1
8.70077586174	-1
8.70077586174	-1
8.70077586174	-1
8.70077586174	-1
8.70077586174	-1
8.76201987267	-1
8.76205897331	1
8.76707792282	-1
8.76707792282	-1
8.76707792282	-1
8.76707792282	-1
8.76707792282	-1
8.76707792282	-1
8.76707792282	-1
8.78825187683	-1
8.78825187683	-1
8.78825187683	-1
8.78825187683	-1
8.78825187683	-1
8.84133195877	-1
8.84133195877	-1
8.84133195877	-1
8.84133195877	-1
8.84133195877	-1
8.84133195877	-1
8.84133195877	-1
8.84133195877	-1
8.8481118679	-1
8.8481118679	-1
8.8481118679	-1
8.8481118679	-1
8.8481118679	-1
8.8481118679	-1
8.8481118679	-1
8.8481118679	-1
8.85028100014	-1
8.85028100014	-1
8.85028100014	-1
8.85028100014	-1
8.85028100014	-1
8.85028100014	-1
8.85028100014	-1
8.85028100014	-1
8.95257401466	-1
8.95554304123	-1
8.95554304123	-1
8.95554304123	-1
8.95554304123	-1
8.95554304123	-1
8.98327803612	1
9.03404688835	-1
9.03404688835	-1
9.03404688835	-1
9.03404688835	-1
9.03404688835	-1
9.03404688835	-1
9.03404688835	-1
9.03404688835	-1
9.03591990471	-1
9.03591990471	-1
9.03591990471	-1
9.03591990471	-1
9.03591990471	-1
9.03591990471	-1
9.03591990471	-1
9.03856086731	-1
9.03856086731	-1
9.03856086731	-1
9.03856086731	-1
9.03856086731	-1
9.03856086731	-1
9.03856086731	-1
9.03856086731	-1
9.04118204117	-1
9.04118204117	-1
9.04238986969	-1
9.04238986969	-1
9.04238986969	-1
9.04238986969	-1
9.04238986969	-1
9.04238986969	-1
9.04238986969	-1
9.04382395744	-1
9.0448539257	-1
9.0448539257	-1
9.0448539257	-1
9.0448539257	-1
9.0448539257	-1
9.0448539257	-1
9.0448539257	-1
9.04572892189	-1
9.04665088654	-1
9.04665088654	-1
9.04665088654	-1
9.04665088654	-1
9.04665088654	-1
9.04665088654	-1
9.0493118763	-1
9.0493118763	-1
9.0493118763	-1
9.0493118763	-1
9.0493118763	-1
9.0493118763	-1
9.0493118763	-1
9.0493118763	-1
9.05189299583	-1
9.05189299583	-1
9.05189299583	-1
9.05189299583	-1
9.05189299583	-1
9.05281400681	-1
9.05281400681	-1
9.05281400681	-1
9.05281400681	-1
9.05281400681	-1
9.05281400681	-1
9.05281400681	-1
9.08560085297	-1
9.08560085297	-1
9.08560085297	-1
9.08560085297	-1
9.08560085297	-1
9.08560085297	-1
9.08560085297	-1
9.09764194489	-1
9.09764194489	-1
9.09764194489	-1
9.09764194489	-1
9.09764194489	-1
9.09764194489	-1
9.09764194489	-1
9.09764194489	-1
9.09764194489	-1
9.12483882904	-1
9.16548299789	1
9.16548299789	1
13.1561460495	-1
16.5943000317	1
16.7299668789	1
17.1232988834	-1
17.4698648453	1
17.4706048965	1
17.4706048965	1
17.4706048965	1
17.4735410213	1
17.4735410213	1
17.4759509563	1
17.4759509563	1
17.4759509563	1
17.6846909523	-1
17.7408709526	1
17.757491827	-1
17.757491827	-1
17.757491827	-1
17.757491827	-1
17.757491827	-1
17.757491827	-1
17.757491827	-1
17.7758498192	-1
17.7758498192	-1
17.7758498192	-1
17.7758498192	-1
17.7758498192	-1
17.7758498192	-1
17.7758498192	-1
17.7758498192	-1
18.0084350109	-1
18.0107688904	-1
18.0107688904	-1
18.0107688904	-1
18.0107688904	-1
18.0107688904	-1
18.0107688904	-1
18.1440019608	-1
18.279681921	-1
18.279681921	-1
18.2825510502	1
18.3018319607	1
18.3018319607	1
18.3018319607	1
18.3026390076	1
18.3026390076	1
18.3026390076	1
18.4154438972	-1
18.4180710316	1
18.5442500114	1
18.5442500114	1
18.5442500114	1
18.6891138554	1
18.6891138554	1
18.8915948868	-1
18.8929769993	1
18.9236869812	-1
18.9236869812	-1
18.9236869812	-1
18.9275438786	-1
18.9275438786	-1
18.9275438786	-1
18.9275438786	-1
18.9275438786	-1
18.9275438786	-1
18.9275438786	-1
18.9275438786	-1
18.9289619923	1
18.9289619923	1
18.9289619923	1
18.9317388535	-1
18.9317388535	-1
18.9317388535	-1
18.9317388535	-1
18.9317388535	-1
18.9317388535	-1
18.9317388535	-1
18.9317388535	-1
19.0287659168	-1
19.0287659168	-1
19.0287659168	-1
19.0287659168	-1
19.0287659168	-1
19.0287659168	-1
19.0287659168	-1
19.0287659168	-1
19.0638120174	-1
19.0638120174	-1
19.0638120174	-1
19.0638120174	-1
19.0638120174	-1
19.0639278889	-1
19.0639629364	-1
19.0639629364	-1
19.0639629364	-1
19.0639629364	-1
19.0639629364	-1
19.0639629364	-1
19.0639629364	-1
19.0642969608	-1
19.0642969608	-1
19.0642969608	-1
19.0642969608	-1
19.0642969608	-1
19.0642969608	-1
19.0642969608	-1
19.0793228149	-1
19.0793228149	-1
19.0793228149	-1
19.0793228149	-1
19.0793228149	-1
19.0793228149	-1
19.0793228149	-1
19.0795679092	-1
19.1657118797	-1
19.1657118797	-1
19.1657118797	-1
19.1657118797	-1
19.1657118797	-1
19.1657118797	-1
19.1657118797	-1
19.1657118797	-1
19.1657278538	1
19.1657278538	1
19.1660699844	-1
19.1660699844	-1
19.1661949158	-1
19.1661949158	-1
19.1661949158	-1
19.1661949158	-1
19.1661949158	-1
19.2002799511	-1
19.2002799511	-1
19.2002799511	-1
19.2002799511	-1
19.2002799511	-1
19.2002799511	-1
19.2002799511	-1
19.2002799511	-1
19.2002799511	-1
19.2150039673	-1
19.2150039673	-1
19.2150039673	-1
19.2150039673	-1
19.2150039673	-1
19.2150039673	-1
19.2150039673	-1
19.2150039673	-1
19.2153668404	-1
19.2153668404	-1
19.2153668404	-1
19.2153668404	-1
19.2154889107	-1
19.2156128883	-1
19.2156128883	-1
19.2156128883	-1
19.2156128883	-1
19.2156128883	-1
19.2156128883	-1
19.2156128883	-1
19.2156128883	-1
19.2407209873	-1
19.2407209873	-1
19.2407209873	-1
19.2407209873	-1
19.2407708168	-1
19.2407708168	-1
19.2409439087	-1
19.2409439087	-1
19.2409439087	-1
19.2409439087	-1
19.2409439087	-1
19.2409439087	-1
19.2409439087	-1
19.302052021	1
19.3020648956	-1
19.302273035	-1
19.302273035	-1
19.302273035	-1
19.302273035	-1
19.302273035	-1
19.302273035	-1
19.302273035	-1
19.302273035	-1
19.3026418686	-1
19.3026418686	-1
19.3026418686	-1
19.3026418686	-1
19.3026418686	-1
19.3026418686	-1
19.3026418686	-1
19.3026418686	-1
19.3030109406	-1
19.3030109406	-1
19.3030109406	-1
19.3030109406	-1
19.3030109406	-1
19.3030109406	-1
19.3030109406	-1
19.3509969711	-1
19.3511259556	-1
19.3511259556	-1
19.3511259556	-1
19.3511259556	-1
19.3511259556	-1
19.3511259556	-1
19.3511259556	-1
19.3946359158	-1
19.3946359158	-1
19.3946359158	-1
19.3946359158	-1
19.3946359158	-1
19.3946359158	-1
19.3946359158	-1
19.3946359158	-1
19.3983609676	-1
19.4018528461	-1
19.4018528461	-1
19.4018528461	-1
19.4018528461	-1
19.4018528461	-1
19.4018528461	-1
19.4018528461	-1
19.4380090237	-1
19.4380290508	1
19.4380290508	1
19.4380459785	-1
19.4380459785	-1
19.4380459785	-1
19.4380459785	-1
19.4380459785	-1
19.4380459785	-1
19.4380459785	-1
19.4383749962	-1
19.4383749962	-1
19.4383749962	-1
19.4383749962	-1
19.4383749962	-1
19.4383749962	-1
19.4383749962	-1
19.4383749962	-1
19.4387428761	-1
19.4387428761	-1
19.4387428761	-1
19.4387428761	-1
19.438988924	-1
19.438988924	-1
19.438988924	-1
19.438988924	-1
19.438988924	-1
19.438988924	-1
19.438988924	-1
19.438988924	-1
19.4393570423	-1
19.4393570423	-1
19.4393570423	-1
19.4393570423	-1
19.4393570423	-1
19.4393570423	-1
19.4393570423	-1
19.4396028519	-1
19.4397258759	-1
19.4397258759	-1
19.4397258759	-1
19.4397258759	-1
19.4397258759	-1
19.4397258759	-1
19.4397258759	-1
19.4399719238	-1
19.4400708675	-1
19.4400708675	-1
19.4400708675	-1
19.4400708675	-1
19.4400708675	-1
19.4400708675	-1
19.4400708675	-1
19.4570608139	-1
19.4570608139	-1
19.5304119587	-1
19.5304119587	-1
19.5304119587	-1
19.5304119587	-1
19.5304119587	-1
19.5304119587	-1
19.5304119587	-1
19.5306508541	-1
19.5306508541	-1
19.5306508541	-1
19.5306508541	-1
19.5306508541	-1
19.5306508541	-1
19.5306508541	-1
19.5310189724	-1
19.5310189724	-1
19.5310189724	-1
19.5310189724	-1
19.5310189724	-1
19.5310189724	-1
19.531265974	-1
19.531265974	-1
19.531388998	-1
19.531388998	-1
19.533411026	1
19.533411026	1
19.533411026	1
19.5374748707	-1
19.5389239788	1
19.5389239788	1
19.7020599842	-1
19.718020916	-1
19.718020916	-1
19.718020916	-1
19.718020916	-1
19.718020916	-1
19.718020916	-1
19.718020916	-1
19.718020916	-1
19.7229499817	-1
19.7229499817	-1
19.7229499817	-1
19.7229499817	-1
19.7229499817	-1
19.7229499817	-1
19.7229499817	-1
19.7288868427	-1
19.7288868427	-1
19.7288868427	-1
19.7288868427	-1
19.7288868427	-1
19.7288868427	-1
19.7288868427	-1
19.7288868427	-1
19.7334749699	-1
19.7334749699	-1
19.7334749699	-1
19.7334749699	-1
19.7334749699	-1
19.7334749699	-1
19.7334749699	-1
19.7370989323	-1
19.7370989323	-1
19.7370989323	-1
19.7370989323	-1
19.7370989323	-1
19.7370989323	-1
19.7370989323	-1
19.7370989323	-1
19.7387359142	-1
19.7387359142	-1
19.7387359142	-1
19.7387359142	-1
19.7387359142	-1
19.7387359142	-1
19.7387359142	-1
19.7423899174	-1
19.7423899174	-1
19.7423899174	-1
19.7423899174	-1
19.7423899174	-1
19.7423899174	-1
19.7423899174	-1
19.7423899174	-1
19.7450258732	-1
19.7450258732	-1
19.7450258732	-1
19.7450258732	-1
19.7468249798	-1
19.777053833	-1
19.777053833	-1
19.7770869732	1
19.8537509441	-1
19.8537509441	-1
19.8537509441	-1
19.8537509441	-1
19.8538498878	-1
19.8539788723	-1
19.8539788723	-1
19.8539788723	-1
19.9495010376	1
19.9495010376	1
20.0392308235	-1
20.0865850449	1
20.160271883	-1
20.160271883	-1
20.160271883	-1
20.160271883	-1
20.2149899006	-1
20.2224709988	1
20.2224709988	1
20.3324959278	-1
20.3324959278	-1
20.3324959278	-1
20.3324959278	-1
20.4685978889	-1
20.4685978889	-1
20.4685978889	-1
20.4687018394	-1
20.4687018394	-1
20.4687018394	-1
20.4687018394	-1
20.4687018394	-1
20.4687018394	-1
20.4877178669	1
20.5274448395	-1
20.5274448395	-1
20.5274448395	-1
20.5274448395	-1
20.5274448395	-1
20.5274448395	-1
20.5274448395	-1
20.5274448395	-1
20.5420088768	-1
20.5452768803	-1
20.5452768803	-1
20.5452768803	-1
20.5452768803	-1
20.5452768803	-1
20.7580850124	-1
20.7595829964	1
20.794328928	-1
20.794328928	-1
20.794328928	-1
20.8027689457	-1
20.8027689457	-1
20.8027689457	-1
20.8027689457	-1
20.8027689457	-1
20.8027689457	-1
20.8027689457	-1
20.8120038509	-1
20.8120038509	-1
20.8120038509	-1
20.8120038509	-1
20.8120038509	-1
20.8120038509	-1
20.8120038509	-1
20.8157298565	-1
20.8157298565	-1
20.8157298565	-1
20.8157298565	-1
20.8157298565	-1
20.8157298565	-1
20.8157298565	-1
20.8198258877	-1
20.9714899063	-1
20.9714899063	-1
20.9714899063	-1
20.9714899063	-1
20.9714899063	-1
20.9714899063	-1
20.9714899063	-1
20.9714899063	-1
20.9714899063	-1
21.06001091	1
21.2732670307	1
21.4445559978	-1
21.5079379082	-1
21.5079379082	-1
21.5079379082	-1
21.5149199963	-1
21.5149199963	-1
21.5149199963	-1
21.5149199963	-1
21.5149199963	-1
21.5149199963	-1
21.5149199963	-1
21.5149199963	-1
21.5178699493	-1
21.5178699493	-1
21.5178699493	-1
21.5178699493	-1
21.5178699493	-1
21.5178699493	-1
21.5178699493	-1
21.5208580494	-1
21.6437840462	-1
21.6437840462	-1
21.7794368267	-1
21.7794368267	-1
21.8566398621	1
21.858577013	1
21.858577013	1
21.858577013	1
21.9041500092	1
21.9041500092	1
21.9057688713	1
21.9057688713	1
21.9057688713	1
21.9057688713	1
21.9091060162	1
21.9103219509	1
21.9103219509	1
21.9103219509	1
21.9117178917	1
21.9117178917	1
21.9150099754	-1
21.9523370266	1
21.9523370266	1
21.9523370266	1
22.0262949467	1
22.0262949467	1
22.0262949467	1
22.0262949467	1
22.0310900211	1
22.0310900211	1
22.0310900211	1
22.0310900211	1
22.0310900211	1
22.0310900211	1
22.0310900211	1
22.0310900211	1
22.0310900211	1
22.0445628166	1
22.0445628166	1
22.044839859	1
22.044839859	1
22.044839859	1
22.044839859	1
22.044839859	1
22.044839859	1
22.044839859	1
22.044839859	1
22.0467858315	1
22.0467858315	1
22.0467858315	1
22.088201046	1
22.088201046	1
22.088201046	1
22.088201046	1
22.088201046	1
22.3957998753	-1
22.4249408245	-1
22.4249408245	-1
22.4249408245	-1
22.4249408245	-1
22.4362249374	-1
22.4362249374	-1
22.4420199394	-1
22.4420199394	-1
22.4518089294	-1
22.4518089294	-1
22.4585459232	-1
22.4585459232	-1
22.4585459232	-1
22.4651808739	-1
22.4651808739	-1
22.5316779613	-1
22.5316779613	-1
22.5316779613	-1
22.5316779613	-1
22.5316779613	-1
22.5316779613	-1
22.5607368946	-1
22.5607368946	-1
22.5607368946	-1
22.5607368946	-1
22.5607368946	-1
22.5607368946	-1
22.5607368946	-1
22.5607368946	-1
22.5778770447	-1
22.5781450272	-1
22.5781450272	-1
22.5781450272	-1
22.5781450272	-1
22.5781450272	-1
22.5781450272	-1
22.5781450272	-1
22.578389883	-1
22.5874319077	-1
22.5874319077	-1
22.5874319077	-1
22.5874319077	-1
22.5874319077	-1
22.5874319077	-1
22.5874319077	-1
