0.0	1
0.249477148056	1
7.35721302032	-1
7.6210360527	-1
7.62465596199	1
7.62481093407	1
7.62481093407	1
7.62481093407	1
7.75989198685	1
7.75989198685	1
8.32986211777	-1
8.33114004135	1
8.46672701836	-1
8.92669415474	-1
8.93891906738	-1
8.93891906738	-1
8.93891906738	-1
8.93891906738	-1
8.93891906738	-1
9.01833605766	-1
9.04251599312	1
9.0473151207	1
9.0473151207	1
9.0473151207	1
9.07835912704	-1
9.07835912704	-1
9.07835912704	-1
9.07835912704	-1
9.12873911858	-1
9.12873911858	-1
9.13151311874	-1
9.13151311874	-1
9.13151311874	-1
9.13151311874	-1
9.13151311874	-1
9.14102315903	1
9.14102315903	1
9.17313408852	-1
9.17313408852	-1
9.17313408852	-1
9.17313408852	-1
9.17313408852	-1
9.17313408852	-1
9.17313408852	-1
9.17313408852	-1
9.22359514236	-1
9.22359514236	-1
9.22359514236	-1
9.22359514236	-1
9.22359514236	-1
9.22359514236	-1
9.22359514236	-1
9.22359514236	-1
9.26719403267	-1
9.26719403267	-1
9.26719403267	-1
9.26719403267	-1
9.29669094086	1
9.29669094086	1
9.29669094086	1
9.3580391407	1
9.37752604485	1
9.37752604485	1
9.37752604485	1
9.39014005661	1
9.39014005661	1
9.49343204498	1
9.51298499107	-1
9.60846304893	1
9.60846304893	1
9.60846304893	1
9.62599992752	1
9.62599992752	1
9.68645095825	-1
9.68645095825	-1
9.74839806557	-1
9.74839806557	-1
9.74839806557	-1
9.74970793724	1
9.74970793724	1
9.74970793724	1
9.76397705078	1
9.81442308426	-1
9.81442308426	-1
9.82213401794	-1
9.82276892662	1
9.82276892662	1
9.82276892662	1
9.82402300835	1
9.82402300835	1
9.83842301369	-1
9.83842301369	-1
9.83842301369	-1
9.8688750267	-1
9.8688750267	-1
9.89934897423	1
9.95771098137	-1
10.0741641521	1
10.0741641521	1
10.0800950527	-1
10.0800950527	-1
10.0800950527	-1
10.1426341534	-1
10.1524219513	-1
10.1524219513	-1
10.1524219513	-1
10.1524219513	-1
10.1575829983	-1
10.1575829983	-1
10.1771309376	-1
10.1771309376	-1
10.2058520317	-1
10.2058520317	-1
10.2058520317	-1
10.2058520317	-1
10.2058520317	-1
10.207679987	1
10.207679987	1
10.207679987	1
10.254693985	-1
10.2578930855	-1
10.2578930855	-1
10.2578930855	-1
10.2578930855	-1
10.2578930855	-1
10.2645070553	1
10.2645070553	1
10.2645070553	1
10.2886259556	-1
10.2886259556	-1
10.2886259556	-1
10.2886259556	-1
10.2886259556	-1
10.2886259556	-1
10.2886259556	-1
10.2886259556	-1
10.2886259556	-1
10.3381450176	-1
10.3381450176	-1
10.3859250546	-1
10.3859250546	-1
10.3859250546	-1
10.3859250546	-1
10.3859250546	-1
10.3859250546	-1
10.3859250546	-1
10.3859250546	-1
10.3996620178	-1
10.3996620178	-1
10.3996620178	-1
10.3996620178	-1
10.3996620178	-1
10.4048421383	-1
10.4048421383	-1
10.4048421383	-1
10.4048421383	-1
10.4048421383	-1
10.4048421383	-1
10.4048421383	-1
10.424298048	-1
10.424298048	-1
10.4244091511	-1
10.4244091511	-1
10.4244091511	-1
10.4244091511	-1
10.4334311485	-1
10.4334311485	-1
10.4334311485	-1
10.4334311485	-1
10.4334311485	-1
10.4334311485	-1
10.4334311485	-1
10.4334311485	-1
10.4334311485	-1
10.440433979	-1
10.440433979	-1
10.440433979	-1
10.440433979	-1
10.4404809475	-1
10.4830701351	-1
10.4830701351	-1
10.4830701351	-1
10.4830701351	-1
10.4830701351	-1
10.519382	-1
10.519382	-1
10.519382	-1
10.519382	-1
10.519382	-1
10.519382	-1
10.5329360962	-1
10.5329360962	-1
10.5329360962	-1
10.5329360962	-1
10.5329360962	-1
10.5330841541	-1
10.5330841541	-1
10.5330841541	-1
10.5330841541	-1
10.5330841541	-1
10.5330841541	-1
10.5330841541	-1
10.5599870682	-1
10.5600941181	-1
10.5600941181	-1
10.5600941181	-1
10.5600941181	-1
10.5600941181	-1
10.5600941181	-1
10.5600941181	-1
10.5600941181	-1
10.5603380203	-1
10.560461998	-1
10.560461998	-1
10.5605890751	-1
10.5605890751	-1
10.5605890751	-1
10.5624899864	1
10.5809180737	-1
10.5809180737	-1
10.5809180737	-1
10.6146900654	-1
10.6146900654	-1
10.6147429943	-1
10.6147429943	-1
10.6147429943	-1
10.6147429943	-1
10.6147429943	-1
10.6147429943	-1
10.6150391102	-1
10.6150391102	-1
10.6150391102	-1
10.6150391102	-1
10.6150391102	-1
10.6150391102	-1
10.6150391102	-1
10.6150391102	-1
10.6487650871	-1
10.6487650871	-1
10.6487650871	-1
10.6487650871	-1
10.6487650871	-1
10.6487650871	-1
10.6487650871	-1
10.6487650871	-1
10.668569088	-1
10.668569088	-1
10.668569088	-1
10.7549469471	-1
10.7549469471	-1
10.7549469471	-1
10.7549469471	-1
10.7549469471	-1
10.7549469471	-1
10.7549469471	-1
10.7549469471	-1
10.7784380913	-1
10.7784380913	-1
10.7784380913	-1
10.7784380913	-1
10.7784380913	-1
10.7784380913	-1
10.7784380913	-1
10.7784380913	-1
10.7886991501	-1
10.7959749699	1
10.8410580158	-1
10.8410580158	-1
10.8410580158	-1
10.8410580158	-1
10.8410580158	-1
10.9699399471	1
11.168348074	-1
11.2153761387	-1
11.2153761387	-1
11.2153761387	-1
11.2153761387	-1
11.2153761387	-1
11.2153761387	-1
11.2153761387	-1
11.2229230404	-1
11.2230300903	-1
11.2230300903	-1
11.2230300903	-1
11.2230300903	-1
11.2230300903	-1
11.2230300903	-1
11.2230300903	-1
11.2369301319	-1
11.2369301319	-1
11.2369301319	-1
11.2369301319	-1
11.2369301319	-1
11.2369301319	-1
11.2369301319	-1
11.2369301319	-1
11.2383289337	1
11.287637949	-1
11.287637949	-1
11.287637949	-1
11.287637949	-1
11.287637949	-1
11.287637949	-1
11.287637949	-1
11.287637949	-1
11.304060936	-1
11.3158760071	-1
11.3158760071	-1
11.3158760071	-1
11.3158760071	-1
11.3158760071	-1
11.3158760071	-1
11.3158760071	-1
11.3379509449	-1
11.3379509449	-1
11.3379509449	-1
11.3379509449	-1
11.3379509449	-1
11.3379509449	-1
11.3570780754	-1
11.3570780754	-1
11.3668670654	-1
11.3668670654	-1
11.3668670654	-1
11.3668670654	-1
11.3668670654	-1
11.3668670654	-1
11.3668670654	-1
11.3759701252	1
11.3936049938	-1
11.3936049938	-1
11.3936049938	-1
11.3936049938	-1
11.3936049938	-1
11.3936049938	-1
11.3936049938	-1
11.3936049938	-1
11.4154350758	-1
11.4453010559	-1
11.4453010559	-1
11.4453010559	-1
11.4453010559	-1
11.4453010559	-1
11.4453010559	-1
11.4453010559	-1
11.4453010559	-1
11.5425951481	-1
11.5425951481	-1
11.5425951481	-1
11.5426270962	1
11.5472569466	-1
11.5472569466	-1
11.5472569466	-1
11.6336021423	1
11.6336021423	1
11.6336021423	1
11.6809151173	1
11.6809151173	1
11.7539160252	1
11.7539160252	1
11.8798749447	1
11.8798749447	1
11.8798749447	1
12.0320961475	-1
12.0328900814	1
12.1707410812	-1
12.2011909485	-1
12.2011909485	-1
12.2011909485	-1
12.2011909485	-1
12.2011909485	-1
12.2011909485	-1
12.2011909485	-1
12.2150609493	-1
12.2150609493	-1
12.2150609493	-1
12.2150609493	-1
12.2150609493	-1
12.2150609493	-1
12.2150609493	-1
12.2302060127	-1
12.2302060127	-1
12.2302060127	-1
12.2302060127	-1
12.2302060127	-1
12.2302060127	-1
12.2302060127	-1
12.2365291119	-1
12.2365291119	-1
12.2422261238	-1
12.2422261238	-1
12.2422261238	-1
12.2422261238	-1
12.2422261238	-1
12.2422261238	-1
12.2422261238	-1
12.2702400684	-1
12.2703630924	-1
12.2703630924	-1
12.2703630924	-1
12.2703630924	-1
12.2703630924	-1
12.2703630924	-1
12.2703630924	-1
12.2703630924	-1
12.2715520859	1
12.3505280018	-1
12.3505280018	-1
12.3505280018	-1
12.3505280018	-1
12.3505280018	-1
12.3505280018	-1
12.3505280018	-1
12.3507630825	-1
12.3508851528	-1
12.3508851528	-1
12.3508851528	-1
12.3508851528	-1
12.3508851528	-1
12.3508851528	-1
12.3511309624	-1
12.3511309624	-1
12.3512539864	-1
12.3512539864	-1
12.3512539864	-1
12.3512539864	-1
12.3512539864	-1
12.3512539864	-1
12.3512539864	-1
12.3512539864	-1
12.3512539864	-1
12.3716700077	-1
12.3716700077	-1
12.3716700077	-1
12.3716700077	-1
12.3716700077	-1
12.3851189613	-1
12.3851189613	-1
12.3851189613	-1
12.3851189613	-1
12.3851189613	-1
12.3851189613	-1
12.3851189613	-1
12.3851189613	-1
12.3855750561	-1
12.3855750561	-1
12.3855750561	-1
12.3856980801	-1
12.3856980801	-1
12.3885290623	1
12.3885290623	1
12.3885290623	1
12.422631979	1
12.422631979	1
12.4376709461	-1
12.4376709461	-1
12.4376709461	-1
12.4377250671	1
12.4395189285	1
12.4395189285	1
12.4395189285	1
12.4408359528	1
12.4408359528	1
12.4923961163	-1
12.4923961163	-1
12.4923961163	-1
12.4923961163	-1
12.7498021126	1
12.7498021126	1
12.7543430328	-1
12.792755127	-1
12.792755127	-1
12.792755127	-1
12.8200139999	-1
12.8200139999	-1
12.8200139999	-1
12.8200139999	-1
12.8200139999	-1
12.8200139999	-1
12.8200139999	-1
12.8200139999	-1
12.8200139999	-1
12.8200139999	-1
12.823636055	-1
12.8283410072	-1
12.8283410072	-1
12.8283410072	-1
12.8283410072	-1
12.8283410072	-1
12.8283410072	-1
12.8283410072	-1
12.8319649696	-1
12.8476800919	-1
12.8476800919	-1
12.8476800919	-1
12.8476800919	-1
12.8476800919	-1
12.8476800919	-1
12.8476800919	-1
12.8539869785	-1
12.8656089306	-1
12.8656089306	-1
12.8656089306	-1
12.8656089306	-1
12.8656089306	-1
12.8656089306	-1
12.8656089306	-1
12.8656089306	-1
12.8724179268	-1
12.8724179268	-1
12.8724179268	-1
12.8724179268	-1
12.8724179268	-1
12.8724179268	-1
12.8724179268	-1
12.8938860893	-1
12.8938970566	1
12.8939180374	-1
12.8939180374	-1
12.8939180374	-1
12.8939180374	-1
12.8939180374	-1
12.8939180374	-1
12.8939180374	-1
12.926623106	-1
12.947521925	-1
12.947521925	-1
12.947521925	-1
12.947521925	-1
12.947521925	-1
12.947521925	-1
12.947521925	-1
12.947756052	-1
12.947756052	-1
12.9639649391	-1
12.9639649391	-1
12.9639649391	-1
12.9639649391	-1
12.9639649391	-1
12.9639649391	-1
12.9639649391	-1
12.9694669247	-1
12.9694669247	-1
12.9694669247	-1
12.9694669247	-1
12.9694669247	-1
12.9694669247	-1
12.9694669247	-1
12.9939861298	-1
12.9939861298	-1
12.9939861298	-1
12.9939861298	-1
12.9939861298	-1
13.0307030678	-1
13.0307030678	-1
13.030714035	1
13.0498981476	-1
13.0498981476	-1
13.0498981476	-1
13.0498981476	-1
13.0498981476	-1
13.0498981476	-1
13.0498981476	-1
13.0601489544	-1
13.0601489544	-1
13.0601489544	-1
13.0601489544	-1
13.0601489544	-1
13.0601489544	-1
13.0601489544	-1
13.0772731304	-1
13.0772731304	-1
13.0772731304	-1
13.0772731304	-1
13.0772731304	-1
13.0772731304	-1
13.0772731304	-1
13.0772731304	-1
13.0875611305	1
13.0875611305	1
13.0875611305	1
13.1406750679	-1
13.1406750679	-1
13.1406750679	-1
13.1406750679	-1
13.1406750679	-1
13.1406750679	-1
13.1406750679	-1
13.1657960415	-1
13.1657960415	-1
13.1881320477	-1
13.1881320477	-1
13.1881320477	-1
13.1881320477	-1
13.1881320477	-1
13.1881320477	-1
13.1881320477	-1
13.1881320477	-1
13.1997089386	-1
13.1997089386	-1
13.1997089386	-1
13.1997089386	-1
13.1997089386	-1
13.1997089386	-1
13.1997089386	-1
13.2076730728	-1
13.2219259739	-1
13.2219259739	-1
13.2219259739	-1
13.2219259739	-1
13.2219259739	-1
13.2219259739	-1
13.2219259739	-1
13.2219259739	-1
13.2345581055	-1
13.2345581055	-1
13.2345581055	-1
13.2345581055	-1
13.2345581055	-1
13.2345581055	-1
13.2515029907	-1
13.2515029907	-1
13.2515029907	-1
13.2515029907	-1
13.2515029907	-1
13.2515029907	-1
13.2515029907	-1
13.2515029907	-1
13.2515029907	-1
13.2668581009	-1
13.2668581009	-1
13.2668581009	-1
13.2668581009	-1
13.2668581009	-1
13.2668581009	-1
13.2668581009	-1
13.2822360992	-1
13.2822360992	-1
13.2822360992	-1
13.2945840359	-1
13.2945840359	-1
13.2945840359	-1
13.2945840359	-1
13.2945840359	-1
13.2945840359	-1
13.2945840359	-1
13.3237740993	-1
13.3237740993	-1
13.3237740993	-1
13.3237740993	-1
13.3237740993	-1
13.3237740993	-1
13.3237740993	-1
13.3238079548	1
13.3238079548	1
13.3441030979	-1
13.3441030979	-1
13.3441030979	-1
13.3441030979	-1
13.3441030979	-1
13.3441030979	-1
13.3441030979	-1
13.3441030979	-1
13.3690030575	-1
13.3690030575	-1
13.3690030575	-1
13.3690030575	-1
13.3690030575	-1
13.3690030575	-1
13.3690030575	-1
13.3690030575	-1
13.4012999535	-1
13.4012999535	-1
13.4012999535	-1
13.4161670208	-1
13.4161670208	-1
13.4161670208	-1
13.438133955	-1
13.438133955	-1
13.438133955	-1
13.438133955	-1
13.438133955	-1
13.438133955	-1
13.4542860985	-1
13.4687891006	1
13.4687891006	1
13.4687891006	1
13.4781169891	-1
13.4781169891	-1
13.4781169891	-1
13.5021779537	-1
13.5021779537	-1
13.5021779537	-1
13.5021779537	-1
13.5021779537	-1
13.5021779537	-1
13.5021779537	-1
13.5277950764	-1
13.5277950764	-1
13.5277950764	-1
13.5277950764	-1
13.5277950764	-1
13.5277950764	-1
13.5277950764	-1
13.5277950764	-1
13.5365390778	-1
13.5365390778	-1
13.5365390778	-1
13.5365390778	-1
13.5365390778	-1
13.5365390778	-1
13.5365390778	-1
13.550287962	-1
13.550287962	-1
13.550287962	-1
13.550287962	-1
13.550287962	-1
13.550287962	-1
13.550287962	-1
13.550287962	-1
13.5637350082	-1
13.5637350082	-1
13.5637350082	-1
13.5637350082	-1
13.5637350082	-1
13.5637350082	-1
13.5637350082	-1
13.5637350082	-1
13.5765340328	-1
13.5765340328	-1
13.5824320316	-1
13.5824320316	-1
13.5824320316	-1
13.5824320316	-1
13.5824320316	-1
13.5824320316	-1
13.5824320316	-1
13.5884521008	-1
13.5884521008	-1
13.5884521008	-1
13.5884521008	-1
13.5884521008	-1
13.6007840633	-1
13.6007840633	-1
13.606883049	-1
13.606883049	-1
13.606883049	-1
13.606883049	-1
13.606883049	-1
13.606883049	-1
13.606883049	-1
13.6139271259	-1
13.613959074	1
13.6380519867	-1
13.6380519867	-1
13.6380519867	-1
13.6380519867	-1
13.6380519867	-1
13.6380519867	-1
13.6380519867	-1
13.7859089375	1
13.9016740322	-1
13.9311430454	-1
13.9311430454	-1
13.9311430454	-1
13.9311430454	-1
13.9311430454	-1
13.9311430454	-1
13.9311430454	-1
13.9311430454	-1
13.9311759472	1
13.9561080933	-1
13.9611539841	-1
13.9611539841	-1
13.9611539841	-1
13.9611539841	-1
13.9611539841	-1
13.9611539841	-1
13.9611539841	-1
13.9662289619	-1
13.9662289619	-1
13.9662289619	-1
13.9662289619	-1
13.9662289619	-1
13.9662289619	-1
13.9662289619	-1
14.037263155	-1
14.1013989449	1
14.1013989449	1
14.1733429432	-1
14.2739961147	1
14.2833530903	-1
14.2833530903	-1
14.2833530903	-1
14.2833530903	-1
14.2833530903	-1
14.3299880028	1
14.3299880028	1
14.3299880028	1
14.6208670139	-1
14.71205616	-1
14.71205616	-1
14.71205616	-1
14.71205616	-1
14.8433351517	1
14.850331068	1
14.850331068	1
14.850331068	1
14.8505041599	1
14.8505041599	1
14.8505041599	1
14.8505041599	1
14.8505041599	1
14.8505041599	1
14.93425107	-1
14.93425107	-1
15.1213860512	-1
15.1213860512	-1
15.185781002	-1
15.185781002	-1
15.185781002	-1
15.2208881378	1
15.2222759724	1
15.2222759724	1
15.2222759724	1
15.2247390747	1
15.2247390747	1
15.2247390747	1
15.2247390747	1
15.2247390747	1
15.2255620956	1
15.2255620956	1
15.2255620956	1
15.2255620956	1
15.2255620956	1
15.2255620956	1
15.2255620956	1
15.2255620956	1
15.2256770134	1
15.2256770134	1
15.2256770134	1
15.2256770134	1
15.2258410454	1
15.2258410454	1
15.2258410454	1
15.2708611488	-1
15.2708611488	-1
15.4571089745	-1
15.7304780483	-1
