0.0	1
0.250365018845	1
0.391399860382	-1
0.392675876617	1
0.695317029953	-1
0.696130990982	1
0.697620868683	1
0.697620868683	1
0.697620868683	1
0.869760036469	1
0.869760036469	1
0.869760036469	1
1.12835502625	-1
1.1298968792	1
1.28855991364	-1
1.29012393951	1
1.42558383942	-1
1.42558383942	-1
1.42676687241	1
1.56221795082	-1
1.56224989891	1
1.6978058815	-1
1.6978058815	-1
1.69783997536	1
1.73647093773	-1
1.73647093773	-1
1.73647093773	-1
1.73647093773	-1
1.73647093773	-1
1.73647093773	-1
1.73647093773	-1
1.73647093773	-1
1.75823092461	-1
1.75823092461	-1
1.75823092461	-1
1.75823092461	-1
1.75823092461	-1
1.75823092461	-1
1.7678630352	-1
1.7678630352	-1
1.83349585533	-1
1.83352899551	1
1.92311501503	-1
1.92311501503	-1
1.92311501503	-1
1.9315700531	-1
1.9315700531	-1
1.9315700531	-1
1.9315700531	-1
1.9315700531	-1
1.9315700531	-1
2.00603199005	1
2.10099196434	-1
2.10099196434	-1
2.10099196434	-1
2.10099196434	-1
2.10099196434	-1
2.10099196434	-1
2.10099196434	-1
2.10099196434	-1
2.2106628418	-1
2.2106628418	-1
2.2106628418	-1
2.21205306053	1
2.3841278553	1
2.45362997055	-1
2.58928394318	-1
2.58931803703	1
2.72464799881	-1
2.73209905624	1
2.8674249649	-1
2.8685400486	1
3.03084683418	-1
3.20529985428	-1
3.22414302826	1
3.22639489174	1
3.22639489174	1
3.22639489174	1
3.32057595253	-1
3.32057595253	-1
3.32057595253	-1
3.32419800758	-1
3.32419800758	-1
3.32419800758	-1
3.32419800758	-1
3.32419800758	-1
3.32419800758	-1
3.35984492302	-1
3.41428804398	1
3.41428804398	1
3.41428804398	1
3.41804599762	1
3.41804599762	1
3.41943097115	1
3.41943097115	1
3.41943097115	1
3.42020201683	1
3.42020201683	1
3.49546504021	-1
3.49546504021	-1
3.49550104141	1
3.49731183052	1
3.49731183052	1
3.49731183052	1
3.49731183052	1
3.63096785545	-1
3.76645588875	-1
3.88834691048	-1
3.88834691048	-1
3.88834691048	-1
3.89893484116	-1
3.89893484116	-1
3.94492888451	-1
3.94492888451	-1
3.94492888451	-1
3.95754289627	-1
3.95754289627	-1
4.01985883713	-1
4.01985883713	-1
4.01985883713	-1
4.0207388401	1
4.02811002731	-1
4.02811002731	-1
4.0827498436	-1
4.0827498436	-1
4.0827498436	-1
4.08407998085	1
4.08407998085	1
4.08407998085	1
4.0845849514	1
4.0845849514	1
4.08952593803	-1
4.08952593803	-1
4.09650182724	-1
4.09650182724	-1
4.09650182724	-1
4.09650182724	-1
4.09650182724	-1
4.10164904594	-1
4.11313796043	-1
4.11313796043	-1
4.15696501732	-1
4.15696501732	-1
4.15696501732	-1
4.1570019722	1
4.1570019722	1
4.15915393829	-1
4.15915393829	-1
4.15915393829	-1
4.15915393829	-1
4.16648483276	1
4.16648483276	1
4.16648483276	1
4.16704297066	1
4.16704297066	1
4.29351592064	-1
4.29351592064	-1
4.29351592064	-1
4.29355502129	1
4.3022339344	-1
4.3022339344	-1
4.3022339344	-1
4.3022339344	-1
4.3022339344	-1
4.3022339344	-1
4.30535101891	-1
4.30535101891	-1
4.30535101891	-1
4.30535101891	-1
4.30535101891	-1
4.30535101891	-1
4.30535101891	-1
4.31037902832	-1
4.31037902832	-1
4.31037902832	-1
4.31037902832	-1
4.31037902832	-1
4.46792697906	1
4.46792697906	1
4.49419498444	-1
4.49419498444	-1
4.49419498444	-1
4.49419498444	-1
4.49419498444	-1
4.49419498444	-1
4.55601191521	-1
4.55601191521	-1
4.57169699669	-1
4.57169699669	-1
4.57169699669	-1
4.57169699669	-1
4.58875584602	-1
4.58875584602	-1
4.58875584602	-1
4.58875584602	-1
4.58875584602	-1
4.58875584602	-1
4.59655785561	-1
4.59655785561	-1
4.60647201538	-1
4.60647201538	-1
4.60647201538	-1
4.60647201538	-1
4.62988305092	-1
4.62988305092	-1
4.62988305092	-1
4.62988305092	-1
4.62988305092	-1
4.62988305092	-1
4.62988305092	-1
4.69664001465	-1
4.69664001465	-1
4.69664001465	-1
4.6967420578	-1
4.6967420578	-1
4.6967420578	-1
4.7091729641	-1
4.72671103477	-1
4.72671103477	-1
4.72671103477	-1
4.72671103477	-1
4.72671103477	-1
4.72671103477	-1
4.74906492233	-1
4.74906492233	-1
4.74906492233	-1
4.74906492233	-1
4.74906492233	-1
4.74906492233	-1
4.74906492233	-1
4.74906492233	-1
4.7513718605	1
4.7655479908	-1
4.7655479908	-1
4.7655479908	-1
4.7655479908	-1
4.76777696609	1
4.76777696609	1
4.76777696609	1
4.77220201492	-1
4.80167293549	-1
4.80167293549	-1
4.80167293549	-1
4.80172395706	-1
4.80172395706	-1
4.80172395706	-1
4.80189990997	-1
4.80189990997	-1
4.80517196655	1
4.80517196655	1
4.80517196655	1
4.80517196655	1
4.80517196655	1
4.80517196655	1
4.80517196655	1
4.80517196655	1
4.83224487305	-1
4.83224487305	-1
4.83224487305	-1
4.83235192299	-1
4.83235192299	-1
4.83235192299	-1
4.83235192299	-1
4.83247590065	-1
4.83606290817	1
4.83606290817	1
4.83606290817	1
4.83606290817	1
4.83606290817	1
4.83606290817	1
4.83606290817	1
4.83606290817	1
4.83606290817	1
4.83606290817	1
4.84539198875	-1
4.84539198875	-1
4.84539198875	-1
4.84539198875	-1
4.84539198875	-1
4.84539198875	-1
4.84539198875	-1
4.87594795227	-1
4.87594795227	-1
4.87594795227	-1
4.87714600563	1
4.90044093132	-1
4.90044093132	-1
4.90044093132	-1
4.92892599106	-1
4.92892599106	-1
4.9729950428	-1
4.9729950428	-1
4.98089885712	-1
5.00279092789	-1
5.00279092789	-1
5.00279092789	-1
5.00279092789	-1
5.00279092789	-1
5.01696300507	-1
5.01696300507	-1
5.01696300507	-1
5.01696300507	-1
5.01696300507	-1
5.02477884293	-1
5.04460883141	-1
5.04460883141	-1
5.04460883141	-1
5.04460883141	-1
5.05007600784	-1
5.13932394981	1
5.27373695374	-1
5.27373695374	-1
5.34073400497	-1
5.34073400497	-1
5.34073400497	-1
5.34073400497	-1
5.36755800247	-1
5.36755800247	-1
5.36755800247	-1
5.36755800247	-1
5.36755800247	-1
5.36755800247	-1
5.36755800247	-1
5.38437390327	1
5.38684201241	-1
5.38684201241	-1
5.38684201241	-1
5.38684201241	-1
5.38684201241	-1
5.38684201241	-1
5.38684201241	-1
5.38684201241	-1
5.40142798424	-1
5.40142798424	-1
5.40142798424	-1
5.44571185112	-1
5.44571185112	-1
5.44708490372	-1
5.44708490372	-1
5.44708490372	-1
5.44708490372	-1
5.44708490372	-1
5.44708490372	-1
5.46199297905	-1
5.46199297905	-1
5.46199297905	-1
5.46199297905	-1
5.46199297905	-1
5.46199297905	-1
5.46199297905	-1
5.46199297905	-1
5.47810292244	-1
5.47810292244	-1
5.47810292244	-1
5.50325083733	-1
5.50325083733	-1
5.5109899044	-1
5.5109899044	-1
5.5109899044	-1
5.52063584328	-1
5.52063584328	-1
5.52063584328	-1
5.52063584328	-1
5.52066683769	1
5.52676105499	-1
5.52676105499	-1
5.52676105499	-1
5.52676105499	-1
5.53800487518	-1
5.53800487518	-1
5.54988002777	-1
5.54988002777	-1
5.54988002777	-1
5.56497192383	-1
5.56497192383	-1
5.56497192383	-1
5.57400298119	-1
5.57400298119	-1
5.58188891411	-1
5.58188891411	-1
5.58188891411	-1
5.58188891411	-1
5.58188891411	-1
5.58188891411	-1
5.58741688728	-1
5.58741688728	-1
5.58741688728	-1
5.59940195084	-1
5.59940195084	-1
5.59940195084	-1
5.59940195084	-1
5.59940195084	-1
5.59940195084	-1
5.59940195084	-1
5.59940195084	-1
5.60693287849	-1
5.60693287849	-1
5.60693287849	-1
5.60693287849	-1
5.60693287849	-1
5.60693287849	-1
5.60693287849	-1
5.60693287849	-1
5.63906288147	-1
5.63906288147	-1
5.63906288147	-1
5.65636992455	-1
5.65636992455	-1
5.65640282631	1
5.65642595291	-1
5.65642595291	-1
5.65642595291	-1
5.65642595291	-1
5.68080091476	-1
5.68080091476	-1
5.69318890572	-1
5.69318890572	-1
5.69318890572	-1
5.69318890572	-1
5.70348882675	-1
5.72097802162	-1
5.72097802162	-1
5.72097802162	-1
5.75558686256	-1
5.75558686256	-1
5.75558686256	-1
5.75558686256	-1
5.75558686256	-1
5.75558686256	-1
5.75558686256	-1
5.76400494576	-1
5.76400494576	-1
5.76400494576	-1
5.76400494576	-1
5.76400494576	-1
5.76400494576	-1
5.76400494576	-1
5.78162789345	-1
5.78162789345	-1
5.78162789345	-1
5.80061888695	-1
5.80061888695	-1
5.8006529808	1
5.8006529808	1
5.82117891312	-1
5.82117891312	-1
5.82117891312	-1
5.83283400536	-1
5.83283400536	-1
5.83766698837	-1
5.83766698837	-1
5.83766698837	-1
5.83766698837	-1
5.83766698837	-1
5.83766698837	-1
5.84792804718	-1
5.84792804718	-1
5.84792804718	-1
5.84792804718	-1
5.84792804718	-1
5.84792804718	-1
5.84792804718	-1
5.85345482826	-1
5.86570096016	-1
5.86570096016	-1
5.86570096016	-1
5.86570096016	-1
5.86570096016	-1
5.86570096016	-1
5.86570096016	-1
5.86570096016	-1
5.87241792679	-1
5.87241792679	-1
5.87837696075	-1
5.88441801071	-1
5.88441801071	-1
5.88441801071	-1
5.88441801071	-1
5.89922499657	-1
5.89922499657	-1
5.9098739624	-1
5.9098739624	-1
5.9098739624	-1
5.9098739624	-1
5.91587305069	-1
5.9258878231	-1
5.9258878231	-1
5.9258878231	-1
5.9258878231	-1
5.9258878231	-1
5.93098592758	-1
5.93098592758	-1
5.93098592758	-1
5.93098592758	-1
5.93926000595	-1
5.93929100037	1
5.94589686394	-1
5.94589686394	-1
5.94589686394	-1
5.94589686394	-1
5.94589686394	-1
5.94589686394	-1
5.94589686394	-1
5.94589686394	-1
5.96823883057	-1
5.97332882881	-1
5.97332882881	-1
5.97332882881	-1
5.97332882881	-1
5.97332882881	-1
5.97332882881	-1
5.97332882881	-1
5.98865485191	-1
5.99508404732	-1
5.99508404732	-1
5.99508404732	-1
5.99508404732	-1
6.01824498177	-1
6.01824498177	-1
6.02488493919	-1
6.02488493919	-1
6.02488493919	-1
6.02488493919	-1
6.02488493919	-1
6.02488493919	-1
6.03714990616	-1
6.03714990616	-1
6.03714990616	-1
6.03714990616	-1
6.03714990616	-1
6.03714990616	-1
6.03714990616	-1
6.03714990616	-1
6.06020689011	-1
6.06020689011	-1
6.06020689011	-1
6.06020689011	-1
6.06020689011	-1
6.07314896584	-1
6.07314896584	-1
6.0785548687	-1
6.0785548687	-1
6.0785548687	-1
6.0785548687	-1
6.0785548687	-1
6.0785548687	-1
6.09522390366	-1
6.09522390366	-1
6.09522390366	-1
6.09522390366	-1
6.09522390366	-1
6.09522390366	-1
6.1127550602	-1
6.1127550602	-1
6.1184489727	-1
6.1184489727	-1
6.1184489727	-1
6.1184489727	-1
6.11907887459	1
6.12498283386	-1
6.14503383636	-1
6.14503383636	-1
6.14503383636	-1
6.14503383636	-1
6.14503383636	-1
6.14503383636	-1
6.14503383636	-1
6.14567804337	1
6.14567804337	1
6.14567804337	1
6.26588582993	1
6.4339568615	1
6.4380068779	1
6.4380068779	1
6.4380068779	1
6.69003295898	-1
6.70771694183	-1
6.70771694183	-1
6.70771694183	-1
6.70771694183	-1
6.70771694183	-1
6.70771694183	-1
6.70771694183	-1
6.72187399864	-1
6.72192192078	-1
6.72192192078	-1
6.72192192078	-1
6.72192192078	-1
6.72192192078	-1
6.72192192078	-1
6.72192192078	-1
6.73784685135	-1
6.73784685135	-1
6.73784685135	-1
6.73784685135	-1
6.73784685135	-1
6.73784685135	-1
6.73784685135	-1
6.73784685135	-1
6.73915696144	1
6.74336385727	-1
6.74336385727	-1
6.77763700485	-1
6.77763700485	-1
6.81751799583	-1
6.81751799583	-1
6.81751799583	-1
6.81751799583	-1
6.81751799583	-1
6.81751799583	-1
6.81751799583	-1
6.82864785194	-1
6.82875394821	-1
6.82875394821	-1
6.82875394821	-1
6.82875394821	-1
6.82875394821	-1
6.82875394821	-1
6.82875394821	-1
6.85722303391	-1
6.85722303391	-1
6.85722303391	-1
6.85722303391	-1
6.85722303391	-1
6.85722303391	-1
6.85722303391	-1
6.85722303391	-1
6.85758090019	-1
6.85758090019	-1
6.85758090019	-1
6.85758090019	-1
6.85758090019	-1
6.85758090019	-1
6.85758090019	-1
6.85758090019	-1
6.87335991859	-1
6.87335991859	-1
6.87335991859	-1
6.87335991859	-1
6.87347388268	-1
6.87347388268	-1
6.87347388268	-1
6.87347388268	-1
6.87347388268	-1
6.87347388268	-1
6.87347388268	-1
6.87384295464	-1
6.87384295464	-1
6.91191291809	1
6.91191291809	1
7.00955986977	-1
7.43880391121	1
7.45456790924	-1
7.47251605988	-1
7.47251605988	-1
7.47251605988	-1
7.47251605988	-1
7.47251605988	-1
7.48298287392	-1
7.50030684471	-1
7.50030684471	-1
7.50030684471	-1
7.50030684471	-1
7.50030684471	-1
7.50030684471	-1
7.50030684471	-1
7.5086619854	-1
7.51430487633	-1
7.51430487633	-1
7.51430487633	-1
7.52615904808	-1
7.52615904808	-1
7.54068803787	-1
7.54068803787	-1
7.54068803787	-1
7.54068803787	-1
7.54068803787	-1
7.54068803787	-1
7.59042000771	-1
7.59042000771	-1
7.59042000771	-1
7.59042000771	-1
7.59042000771	-1
7.59042000771	-1
7.59042000771	-1
7.59042000771	-1
7.59158396721	1
7.61843395233	-1
7.61843395233	-1
7.61843395233	-1
7.61854791641	-1
7.61854791641	-1
7.61854791641	-1
7.61854791641	-1
7.61854791641	-1
7.61854791641	-1
7.61854791641	-1
7.61879301071	-1
7.64425086975	-1
7.64425086975	-1
7.64425086975	-1
7.64425086975	-1
7.64425086975	-1
7.64425086975	-1
7.64425086975	-1
7.64447999001	-1
7.64447999001	-1
7.64460587502	-1
7.64460587502	-1
7.73174405098	-1
7.73174405098	-1
7.73174405098	-1
7.73174405098	-1
7.73174405098	-1
7.73174405098	-1
7.73174405098	-1
7.73178601265	1
7.74642205238	-1
7.74642205238	-1
7.74642205238	-1
7.74642205238	-1
7.74642205238	-1
7.74642205238	-1
7.88440990448	1
7.88440990448	1
7.88440990448	1
8.03927898407	1
8.03927898407	1
8.19031882286	1
8.19031882286	1
8.33433699608	-1
8.33437895775	1
8.33437895775	1
8.39931988716	-1
8.39931988716	-1
8.39931988716	-1
8.40403199196	-1
8.40403199196	-1
8.40403199196	-1
8.40403199196	-1
8.40403199196	-1
8.40403199196	-1
8.41843795776	-1
8.41843795776	-1
8.41843795776	-1
8.41843795776	-1
8.41843795776	-1
8.41843795776	-1
8.41843795776	-1
8.42538905144	-1
8.47018790245	-1
8.47022199631	1
8.47022199631	1
8.47284293175	-1
8.47284293175	-1
8.47284293175	-1
8.47284293175	-1
8.47284293175	-1
8.47284293175	-1
8.47284293175	-1
8.55872702599	-1
8.55872702599	-1
8.60592103004	1
8.60592103004	1
8.74170303345	-1
8.74170303345	-1
8.741740942	1
8.87745904922	-1
8.87745904922	-1
8.87749385834	1
8.87749385834	1
8.97756004333	-1
8.97756004333	-1
8.97756004333	-1
8.98975992203	-1
8.98975992203	-1
8.98975992203	-1
9.01295590401	1
9.01295590401	1
9.02238988876	1
9.02238988876	1
9.02238988876	1
9.0778799057	-1
9.0778799057	-1
9.0778799057	-1
9.08136105537	-1
9.08136105537	-1
9.08136105537	-1
9.08830189705	-1
9.08830189705	-1
9.09121084213	-1
9.09121084213	-1
9.09121084213	-1
9.13208603859	1
9.13208603859	1
9.13208603859	1
9.16013598442	1
9.16013598442	1
9.16013598442	1
9.22026801109	-1
9.22026801109	-1
9.22026801109	-1
9.28403687477	-1
9.28403687477	-1
9.29297089577	1
9.29297089577	1
9.29297089577	1
9.37750887871	-1
9.37750887871	-1
9.37750887871	-1
9.37971401215	-1
9.37971401215	-1
9.37971401215	-1
9.38434100151	-1
9.38434100151	-1
9.41944384575	-1
9.41944384575	-1
9.48976802826	-1
9.48976802826	-1
9.48976802826	-1
9.48976802826	-1
9.48976802826	-1
9.52290987968	-1
9.52982187271	-1
9.52982187271	-1
9.52982187271	-1
9.52982187271	-1
9.52982187271	-1
9.73760986328	-1
9.73760986328	-1
9.87331104279	-1
10.1253130436	-1
10.207490921	-1
10.207490921	-1
10.207490921	-1
10.207490921	-1
10.207490921	-1
10.2083890438	1
10.2482779026	-1
10.2645208836	-1
10.2645208836	-1
10.2645208836	-1
10.2645208836	-1
10.2645208836	-1
10.2645208836	-1
10.2645208836	-1
10.2743659019	-1
10.2818210125	-1
10.2818210125	-1
10.2818210125	-1
10.2818210125	-1
10.2818210125	-1
10.2818210125	-1
10.2818210125	-1
10.3154098988	1
10.3154098988	1
10.3154098988	1
10.3229818344	-1
10.3229818344	-1
10.3229818344	-1
10.3229818344	-1
10.3229818344	-1
10.3229818344	-1
10.3229818344	-1
10.3229818344	-1
10.3442578316	-1
10.3442578316	-1
10.3442578316	-1
10.3442578316	-1
10.3442578316	-1
10.3442578316	-1
10.3442578316	-1
10.3442938328	1
10.3695528507	-1
10.3695528507	-1
10.4093039036	-1
10.4093039036	-1
10.4093039036	-1
10.4093039036	-1
10.4093039036	-1
10.4093039036	-1
10.4093039036	-1
10.4093039036	-1
10.4093039036	-1
10.4096498489	-1
10.4096498489	-1
10.4096498489	-1
10.4096498489	-1
10.4334130287	-1
10.4334130287	-1
10.4334130287	-1
10.4334130287	-1
10.4334130287	-1
10.4334130287	-1
10.4334130287	-1
10.4334130287	-1
10.4338760376	-1
10.4338760376	-1
10.4338760376	-1
10.4338760376	-1
10.4338760376	-1
10.4338760376	-1
10.4338760376	-1
10.4338760376	-1
10.4800870419	-1
10.4800870419	-1
10.4800870419	-1
10.4800870419	-1
10.4800870419	-1
10.4801330566	1
10.4801330566	1
10.4857800007	1
10.4857800007	1
10.4857800007	1
10.4857800007	1
10.5443499088	1
10.5443499088	1
10.7545478344	-1
10.7887058258	1
10.9240529537	-1
10.9246039391	1
11.0600068569	-1
11.1098108292	1
11.1223900318	-1
11.1223900318	-1
11.1223900318	-1
11.1463389397	-1
11.1463389397	-1
11.2335460186	-1
11.2335460186	-1
11.253898859	-1
11.253898859	-1
11.253898859	-1
11.2539329529	1
11.2539329529	1
11.3860478401	1
11.3860478401	1
11.3860478401	1
11.3860478401	1
11.4437768459	-1
11.4437768459	-1
11.4437768459	-1
11.5217130184	-1
11.5265200138	1
11.5265200138	1
11.5265200138	1
11.7119019032	-1
11.7468218803	-1
11.7468218803	-1
11.7468218803	-1
11.8033618927	-1
11.8033618927	-1
11.8033618927	-1
11.8054230213	1
11.8529779911	-1
11.8529779911	-1
12.0175759792	-1
12.0175759792	-1
12.0186729431	1
12.0847959518	-1
12.0847959518	-1
12.0847959518	-1
12.1542739868	-1
12.2899110317	-1
12.2899110317	-1
12.4377989769	-1
12.4928588867	-1
12.4928588867	-1
12.4928588867	-1
12.4936330318	1
12.709800005	-1
12.709800005	-1
12.709800005	-1
12.7098138332	1
12.7098138332	1
12.7455699444	-1
12.9334189892	-1
13.3150219917	-1
13.4999339581	1
13.5177259445	1
13.5177259445	1
13.5177259445	1
13.6531019211	1
13.6814780235	-1
13.893404007	-1
13.9016258717	1
14.0372848511	-1
14.0372848511	-1
14.0372998714	1
14.1956000328	-1
14.4976320267	-1
14.5173728466	1
14.5184340477	1
14.5184340477	1
14.5184340477	1
14.6528120041	-1
14.6528120041	-1
14.7882709503	-1
14.788310051	1
14.9520919323	1
14.9520919323	1
14.9520919323	1
15.0753550529	-1
15.0951459408	1
15.2949118614	-1
15.2964289188	1
15.4040260315	-1
15.4040260315	-1
15.4040260315	-1
15.4040260315	-1
15.4497740269	1
15.5672700405	-1
15.5672700405	-1
15.6079130173	-1
15.6079130173	-1
15.6079130173	-1
15.6079568863	1
15.6079568863	1
15.6244540215	-1
15.6244540215	-1
15.6244540215	-1
15.755188942	1
15.8791470528	-1
16.0535638332	-1
16.0535638332	-1
16.0865938663	-1
16.0865938663	-1
16.0865938663	-1
16.0865938663	-1
16.0865938663	-1
16.0865938663	-1
16.3247058392	-1
16.3247058392	-1
16.4494299889	1
16.4497318268	1
16.4497318268	1
16.4497318268	1
16.4497318268	1
16.4497318268	1
16.4497318268	1
16.4497318268	1
16.4497318268	1
16.449805975	1
16.4562978745	1
16.4562978745	1
16.4562978745	1
16.4562978745	1
16.4562978745	1
16.4562978745	1
16.4562978745	1
16.4562978745	1
16.4562978745	1
16.4565000534	1
16.4565000534	1
16.4565000534	1
16.4565000534	1
16.4565000534	1
16.4565000534	1
16.4565000534	1
16.4565000534	1
16.5846209526	1
16.5846209526	1
16.5846209526	1
16.5846209526	1
16.5846209526	1
16.5846209526	1
16.5846209526	1
16.5846209526	1
16.5853979588	1
16.5853979588	1
16.5853979588	1
16.5853979588	1
16.5853979588	1
16.5853979588	1
16.5853979588	1
