0.0	1
0.250094890594	1
0.39840388298	-1
0.399905920029	1
0.636749982834	-1
0.637894868851	1
0.663532018661	1
0.663532018661	1
0.663532018661	1
0.914960861206	1
1.05019688606	1
1.05019688606	1
1.08041787148	-1
1.22740292549	1
1.3172109127	-1
1.3172109127	-1
1.3172109127	-1
1.35903191566	1
1.35903191566	1
1.35903191566	1
1.49322390556	-1
1.49322390556	-1
1.52505087852	1
1.78756308556	-1
1.80375003815	1
1.86102199554	-1
1.86102199554	-1
1.86102199554	-1
1.86826992035	-1
1.86826992035	-1
1.86826992035	-1
1.86826992035	-1
1.86826992035	-1
1.86826992035	-1
1.90487003326	-1
1.90487003326	-1
1.9184319973	-1
1.9184319973	-1
1.9184319973	-1
1.9184319973	-1
1.9184319973	-1
1.9184319973	-1
1.93935108185	-1
1.93938493729	1
1.99585294724	-1
1.99585294724	-1
1.99585294724	-1
1.99585294724	-1
1.99585294724	-1
1.99585294724	-1
1.99585294724	-1
1.99585294724	-1
2.05286693573	-1
2.05286693573	-1
2.05286693573	-1
2.07474994659	1
2.11700296402	-1
2.11700296402	-1
2.11700296402	-1
2.11700296402	-1
2.11700296402	-1
2.11700296402	-1
2.11700296402	-1
2.21033287048	1
2.34602093697	-1
2.34602093697	-1
2.34758901596	1
2.48291802406	-1
2.4829518795	1
2.61830306053	-1
2.79384207726	-1
2.79384207726	-1
2.80254101753	1
2.83799505234	-1
2.83799505234	-1
2.83799505234	-1
2.85765695572	-1
2.85765695572	-1
2.86474204063	-1
2.86474204063	-1
2.86474204063	-1
2.86474204063	-1
2.86474204063	-1
2.86474204063	-1
2.88352298737	-1
2.88352298737	-1
2.88352298737	-1
2.89591002464	-1
2.89591002464	-1
2.89591002464	-1
2.89591002464	-1
2.89591002464	-1
2.89591002464	-1
2.90202188492	-1
2.90202188492	-1
2.90529608727	1
2.90529608727	1
2.90529608727	1
2.92050695419	-1
2.92050695419	-1
2.92050695419	-1
2.92050695419	-1
2.92050695419	-1
2.92050695419	-1
2.92050695419	-1
2.92073202133	-1
2.92073202133	-1
2.93924188614	1
2.93924188614	1
2.96072697639	-1
2.9607629776	1
2.96078491211	-1
2.96078491211	-1
2.96078491211	-1
2.96078491211	-1
2.96078491211	-1
2.96078491211	-1
3.00057792664	-1
3.00057792664	-1
3.00057792664	-1
3.00057792664	-1
3.00057792664	-1
3.00057792664	-1
3.00057792664	-1
3.00057792664	-1
3.00096702576	-1
3.00096702576	-1
3.00096702576	-1
3.00096702576	-1
3.00096702576	-1
3.00096702576	-1
3.00096702576	-1
3.01076507568	1
3.01076507568	1
3.01076507568	1
3.01197886467	1
3.01197886467	1
3.03752803802	-1
3.03752803802	-1
3.03752803802	-1
3.03752803802	-1
3.03752803802	-1
3.03752803802	-1
3.03752803802	-1
3.03752803802	-1
3.03787398338	-1
3.03787398338	-1
3.03787398338	-1
3.04019188881	1
3.04019188881	1
3.04019188881	1
3.05633091927	-1
3.05633091927	-1
3.05633091927	-1
3.05633091927	-1
3.05633091927	-1
3.05633091927	-1
3.05650901794	-1
3.05650901794	-1
3.05650901794	-1
3.08565402031	-1
3.08565402031	-1
3.08565402031	-1
3.08565402031	-1
3.08565402031	-1
3.08565402031	-1
3.08565402031	-1
3.11261487007	-1
3.11265206337	1
3.11267495155	-1
3.11267495155	-1
3.11267495155	-1
3.11267495155	-1
3.11267495155	-1
3.11267495155	-1
3.11267495155	-1
3.13687491417	-1
3.13706803322	-1
3.13706803322	-1
3.13706803322	-1
3.13706803322	-1
3.13706803322	-1
3.13706803322	-1
3.13706803322	-1
3.1373128891	-1
3.13743591309	-1
3.13743591309	-1
3.13743591309	-1
3.13743591309	-1
3.13743591309	-1
3.13743591309	-1
3.13743591309	-1
3.13768291473	-1
3.13768291473	-1
3.13768291473	-1
3.13768291473	-1
3.13768291473	-1
3.13768291473	-1
3.13768291473	-1
3.18689990044	1
3.18689990044	1
3.18689990044	1
3.1903219223	-1
3.1903219223	-1
3.19041395187	-1
3.19041395187	-1
3.1931180954	1
3.1931180954	1
3.1931180954	1
3.1931180954	1
3.1931180954	1
3.1931180954	1
3.22112703323	-1
3.22112703323	-1
3.22112703323	-1
3.22112703323	-1
3.22112703323	-1
3.22112703323	-1
3.22112703323	-1
3.22526693344	1
3.22526693344	1
3.22736501694	1
3.22736501694	1
3.22924900055	-1
3.22924900055	-1
3.22924900055	-1
3.22924900055	-1
3.22924900055	-1
3.22924900055	-1
3.22924900055	-1
3.22924900055	-1
3.24850988388	-1
3.24850988388	-1
3.24850988388	-1
3.24850988388	-1
3.24850988388	-1
3.24850988388	-1
3.24850988388	-1
3.24850988388	-1
3.24854302406	1
3.26646208763	-1
3.26646208763	-1
3.26646208763	-1
3.26646208763	-1
3.26646208763	-1
3.26646208763	-1
3.26660895348	-1
3.27396702766	-1
3.27396702766	-1
3.27396702766	-1
3.27396702766	-1
3.27396702766	-1
3.27396702766	-1
3.27396702766	-1
3.28067398071	-1
3.3042318821	-1
3.3042318821	-1
3.3042318821	-1
3.3042318821	-1
3.3042318821	-1
3.3042318821	-1
3.3042318821	-1
3.31879401207	-1
3.31879401207	-1
3.31879401207	-1
3.31879401207	-1
3.31879401207	-1
3.31879401207	-1
3.31879401207	-1
3.3279569149	1
3.3279569149	1
3.3279569149	1
3.33931303024	-1
3.33931303024	-1
3.33931303024	-1
3.33931303024	-1
3.33931303024	-1
3.36122608185	-1
3.37158703804	-1
3.37158703804	-1
3.37158703804	-1
3.37158703804	-1
3.37158703804	-1
3.37158703804	-1
3.37158703804	-1
3.38115000725	-1
3.38115000725	-1
3.38115000725	-1
3.38115000725	-1
3.40493893623	-1
3.40493893623	-1
3.40493893623	-1
3.40493893623	-1
3.40493893623	-1
3.40493893623	-1
3.40496993065	1
3.43039894104	-1
3.43039894104	-1
3.43039894104	-1
3.43039894104	-1
3.43039894104	-1
3.43039894104	-1
3.43039894104	-1
3.43039894104	-1
3.44432497025	-1
3.44432497025	-1
3.46227407455	-1
3.46364808083	1
3.46364808083	1
3.46364808083	1
3.52540397644	-1
3.52540397644	-1
3.52540397644	-1
3.55640697479	-1
3.55640697479	-1
3.58987092972	-1
3.58987092972	-1
3.58987092972	-1
3.60673999786	-1
3.60673999786	-1
3.60673999786	-1
3.60673999786	-1
3.60673999786	-1
3.62419486046	-1
3.65657806396	-1
3.65657806396	-1
3.65657806396	-1
3.65657806396	-1
3.65657806396	-1
3.65657806396	-1
3.65657806396	-1
3.7067129612	-1
3.70674204826	1
3.70674204826	1
3.72005295753	-1
3.72005295753	-1
3.72005295753	-1
3.73291301727	-1
3.75275802612	-1
3.75275802612	-1
3.75275802612	-1
3.75275802612	-1
3.75275802612	-1
3.75275802612	-1
3.75275802612	-1
3.75275802612	-1
3.75984501839	-1
3.75984501839	-1
3.75984501839	-1
3.75984501839	-1
3.75984501839	-1
3.75984501839	-1
3.75984501839	-1
3.77522492409	-1
3.77522492409	-1
3.78064799309	-1
3.78064799309	-1
3.78064799309	-1
3.78064799309	-1
3.78064799309	-1
3.78064799309	-1
3.78064799309	-1
3.78707790375	-1
3.79295706749	-1
3.79295706749	-1
3.79295706749	-1
3.79295706749	-1
3.79295706749	-1
3.79295706749	-1
3.79295706749	-1
3.79893708229	-1
3.80859398842	-1
3.80859398842	-1
3.80859398842	-1
3.80859398842	-1
3.80859398842	-1
3.80859398842	-1
3.80859398842	-1
3.81283402443	-1
3.81728887558	-1
3.81728887558	-1
3.81728887558	-1
3.81728887558	-1
3.81728887558	-1
3.81728887558	-1
3.81728887558	-1
3.82119393349	-1
3.82119393349	-1
3.82119393349	-1
3.82119393349	-1
3.82119393349	-1
3.83604097366	-1
3.83604097366	-1
3.83616304398	-1
3.83616304398	-1
3.83616304398	-1
3.83817696571	1
3.83817696571	1
3.83817696571	1
3.84855294228	-1
3.84855294228	-1
3.8485660553	1
3.8511428833	1
3.8511428833	1
3.8511428833	1
3.86394190788	-1
3.86394190788	-1
3.86394190788	-1
3.86621809006	1
3.86621809006	1
3.8683180809	-1
3.88782286644	-1
3.88782286644	-1
3.88782286644	-1
3.88782286644	-1
3.88782286644	-1
3.88782286644	-1
3.88782286644	-1
3.89539790154	-1
3.89732289314	-1
3.89732289314	-1
3.89732289314	-1
3.89732289314	-1
3.89732289314	-1
3.89732289314	-1
3.910779953	-1
3.910779953	-1
3.910779953	-1
3.910779953	-1
3.910779953	-1
3.910779953	-1
3.910779953	-1
3.91638898849	-1
3.91638898849	-1
3.91638898849	-1
3.91638898849	-1
3.91638898849	-1
3.92603397369	-1
3.93176794052	-1
3.93176794052	-1
3.93176794052	-1
3.93176794052	-1
3.93176794052	-1
3.93176794052	-1
3.94622707367	-1
3.94622707367	-1
3.94622707367	-1
3.94622707367	-1
3.94622707367	-1
3.95779705048	-1
3.95779705048	-1
3.95779705048	-1
3.95779705048	-1
3.95779705048	-1
3.95779705048	-1
3.95779705048	-1
3.96918201447	-1
3.98377799988	-1
3.98377799988	-1
3.98377799988	-1
3.98377799988	-1
3.98377799988	-1
3.98377799988	-1
3.98377799988	-1
3.98650288582	1
3.99567508698	-1
3.99567508698	-1
3.99567508698	-1
3.99567508698	-1
3.99567508698	-1
3.99567508698	-1
3.99567508698	-1
3.99567508698	-1
4.01782107353	-1
4.01782107353	-1
4.01782107353	-1
4.01782107353	-1
4.01782107353	-1
4.01782107353	-1
4.01782107353	-1
4.01782107353	-1
4.04824304581	-1
4.04824304581	-1
4.04824304581	-1
4.04824304581	-1
4.04824304581	-1
4.04824304581	-1
4.04824304581	-1
4.04824304581	-1
4.04824304581	-1
4.05594396591	-1
4.05594396591	-1
4.0758690834	-1
4.0758690834	-1
4.0758690834	-1
4.0758690834	-1
4.0758690834	-1
4.0758690834	-1
4.0758690834	-1
4.0758690834	-1
4.09307289124	-1
4.09307289124	-1
4.09307289124	-1
4.09773087502	-1
4.09773087502	-1
4.09773087502	-1
4.09773087502	-1
4.09773087502	-1
4.09773087502	-1
4.09773087502	-1
4.10171604156	-1
4.10171604156	-1
4.10171604156	-1
4.10171604156	-1
4.10171604156	-1
4.10171604156	-1
4.10546398163	-1
4.10982298851	-1
4.10982298851	-1
4.10982298851	-1
4.10982298851	-1
4.10982298851	-1
4.10982298851	-1
4.10982298851	-1
4.11384296417	-1
4.11498093605	1
4.11498093605	1
4.11498093605	1
4.11738491058	-1
4.11738491058	-1
4.11738491058	-1
4.11738491058	-1
4.11738491058	-1
4.11738491058	-1
4.11738491058	-1
4.1255979538	-1
4.13511991501	-1
4.13511991501	-1
4.13511991501	-1
4.13954401016	-1
4.13954401016	-1
4.13954401016	-1
4.13954401016	-1
4.13954401016	-1
4.15463685989	-1
4.15463685989	-1
4.15463685989	-1
4.15463685989	-1
4.15463685989	-1
4.15463685989	-1
4.15463685989	-1
4.15463685989	-1
4.16399502754	-1
4.16399502754	-1
4.16399502754	-1
4.16399502754	-1
4.16399502754	-1
4.16399502754	-1
4.18394088745	-1
4.18394088745	-1
4.18394088745	-1
4.18394088745	-1
4.18394088745	-1
4.18394088745	-1
4.18394088745	-1
4.18394088745	-1
4.19604492188	-1
4.19604492188	-1
4.19604492188	-1
4.20447492599	-1
4.20447492599	-1
4.20447492599	-1
4.20447492599	-1
4.20447492599	-1
4.20447492599	-1
4.20447492599	-1
4.21179294586	-1
4.21179294586	-1
4.21179294586	-1
4.21179294586	-1
4.22051692009	-1
4.22051692009	-1
4.23474788666	-1
4.23474788666	-1
4.23474788666	-1
4.23474788666	-1
4.23474788666	-1
4.23474788666	-1
4.25793504715	-1
4.25793504715	-1
4.26480603218	-1
4.26480603218	-1
4.26480603218	-1
4.26480603218	-1
4.26480603218	-1
4.26480603218	-1
4.26483988762	1
4.28244686127	-1
4.28244686127	-1
4.28244686127	-1
4.28244686127	-1
4.28244686127	-1
4.29928803444	-1
4.30969190598	-1
4.30969190598	-1
4.30969190598	-1
4.30969190598	-1
4.30969190598	-1
4.30969190598	-1
4.31872105598	-1
4.31872105598	-1
4.31872105598	-1
4.31872105598	-1
4.31872105598	-1
4.31872105598	-1
4.31872105598	-1
4.33373498917	-1
4.35363888741	-1
4.35363888741	-1
4.35363888741	-1
4.35363888741	-1
4.35363888741	-1
4.35363888741	-1
4.35363888741	-1
4.35363888741	-1
4.36670708656	-1
4.36670708656	-1
4.36670708656	-1
4.36670708656	-1
4.36670708656	-1
4.36670708656	-1
4.36670708656	-1
4.36670708656	-1
4.37622690201	-1
4.38912987709	-1
4.38912987709	-1
4.38912987709	-1
4.38912987709	-1
4.38912987709	-1
4.38912987709	-1
4.38912987709	-1
4.39446592331	-1
4.39446592331	-1
4.39446592331	-1
4.39446592331	-1
4.39446592331	-1
4.39446592331	-1
4.39446592331	-1
4.40332198143	-1
4.40332198143	-1
4.40335392952	1
4.40335392952	1
4.40745997429	-1
4.40745997429	-1
4.40745997429	-1
4.40745997429	-1
4.40745997429	-1
4.40745997429	-1
4.40745997429	-1
4.41132903099	-1
4.41132903099	-1
4.41132903099	-1
4.41132903099	-1
4.41132903099	-1
4.41132903099	-1
4.41132903099	-1
4.43309903145	-1
4.43309903145	-1
4.43309903145	-1
4.43309903145	-1
4.43309903145	-1
4.43309903145	-1
4.43309903145	-1
4.43309903145	-1
4.46152186394	-1
4.46152186394	-1
4.46152186394	-1
4.46152186394	-1
4.46152186394	-1
4.46152186394	-1
4.46152186394	-1
4.46152186394	-1
4.47493600845	-1
4.47493600845	-1
4.47493600845	-1
4.47493600845	-1
4.47493600845	-1
4.47493600845	-1
4.47493600845	-1
4.47493600845	-1
4.48200201988	-1
4.49351000786	-1
4.49351000786	-1
4.49351000786	-1
4.49351000786	-1
4.49351000786	-1
4.49351000786	-1
4.49351000786	-1
4.49969506264	-1
4.50950503349	-1
4.50950503349	-1
4.50950503349	-1
4.50950503349	-1
4.50950503349	-1
4.50950503349	-1
4.50950503349	-1
4.50950503349	-1
4.51384496689	-1
4.51384496689	-1
4.51384496689	-1
4.51384496689	-1
4.52372288704	-1
4.52372288704	-1
4.52372288704	-1
4.52372288704	-1
4.52372288704	-1
4.52372288704	-1
4.52372288704	-1
4.53135490417	-1
4.53135490417	-1
4.53135490417	-1
4.53135490417	-1
4.53135490417	-1
4.53135490417	-1
4.53135490417	-1
4.53135490417	-1
4.55398607254	-1
4.55398607254	-1
4.55398607254	-1
4.55398607254	-1
4.55398607254	-1
4.55398607254	-1
4.55398607254	-1
4.55398607254	-1
4.5540189743	1
4.5540189743	1
4.55947208405	-1
4.55947208405	-1
4.55947208405	-1
4.55947208405	-1
4.55947208405	-1
4.55947208405	-1
4.55947208405	-1
4.56987786293	-1
4.56987786293	-1
4.57409286499	-1
4.57409286499	-1
4.57409286499	-1
4.57409286499	-1
4.57409286499	-1
4.57409286499	-1
4.57409286499	-1
4.57833600044	-1
4.5814678669	-1
4.5814678669	-1
4.5814678669	-1
4.5814678669	-1
4.5814678669	-1
4.5814678669	-1
4.5814678669	-1
4.5970389843	-1
4.5970389843	-1
4.5970389843	-1
4.5970389843	-1
4.5970389843	-1
4.5970389843	-1
4.5970389843	-1
4.5970389843	-1
4.59737992287	-1
4.59750294685	-1
4.59750294685	-1
4.59750294685	-1
4.59750294685	-1
4.59750294685	-1
4.59750294685	-1
4.59750294685	-1
4.61289405823	-1
4.61289405823	-1
4.61289405823	-1
4.61289405823	-1
4.61289405823	-1
4.61289405823	-1
4.61289405823	-1
4.61289405823	-1
4.62815499306	-1
4.62815499306	-1
4.62815499306	-1
4.62815499306	-1
4.62815499306	-1
4.62815499306	-1
4.62815499306	-1
4.62815499306	-1
4.63504004478	-1
4.63761997223	-1
4.63761997223	-1
4.63761997223	-1
4.63761997223	-1
4.63761997223	-1
4.63761997223	-1
4.63761997223	-1
4.64812493324	-1
4.65868902206	-1
4.65868902206	-1
4.65868902206	-1
4.65868902206	-1
4.65868902206	-1
4.65868902206	-1
4.65868902206	-1
4.65927505493	1
4.65927505493	1
4.65927505493	1
4.68855595589	-1
4.68855595589	-1
4.68855595589	-1
4.68855595589	-1
4.68855595589	-1
4.68855595589	-1
4.68855595589	-1
4.68855595589	-1
4.69992089272	-1
4.69992089272	-1
4.69992089272	-1
4.69992089272	-1
4.69992089272	-1
4.69992089272	-1
4.69992089272	-1
4.69992089272	-1
4.71622204781	-1
4.71622204781	-1
4.71622204781	-1
4.71622204781	-1
4.71622204781	-1
4.71622204781	-1
4.72588801384	-1
4.7341709137	1
4.7341709137	1
4.7341709137	1
4.7480199337	-1
4.7480199337	-1
4.7480199337	-1
4.78273105621	-1
4.78273105621	-1
4.78409600258	1
4.78409600258	1
4.81148290634	-1
4.81148290634	-1
4.81148290634	-1
4.82684206963	-1
4.82684206963	-1
4.84506797791	-1
4.84506797791	-1
4.84506797791	-1
4.85469889641	-1
4.85469889641	-1
4.85469889641	-1
4.85469889641	-1
4.85469889641	-1
4.85469889641	-1
4.85469889641	-1
4.85921788216	-1
4.85921788216	-1
4.85921788216	-1
4.85921788216	-1
4.85921788216	-1
4.85921788216	-1
4.85921788216	-1
4.86846709251	-1
4.87289786339	-1
4.87289786339	-1
4.87289786339	-1
4.87289786339	-1
4.87289786339	-1
4.87740397453	-1
4.88397097588	-1
4.88397097588	-1
4.88397097588	-1
4.88397097588	-1
4.88766288757	-1
4.90214300156	-1
4.90214300156	-1
4.90214300156	-1
4.90973806381	-1
4.90973806381	-1
4.90973806381	-1
4.90973806381	-1
4.90973806381	-1
4.90973806381	-1
4.90973806381	-1
4.91223597527	-1
4.91610789299	-1
4.91610789299	-1
4.91610789299	-1
4.91610789299	-1
4.91610789299	-1
4.91610789299	-1
4.91610789299	-1
4.91877198219	-1
4.92268109322	-1
4.92268109322	-1
4.92268109322	-1
4.92268109322	-1
4.92268109322	-1
4.92268109322	-1
4.92268109322	-1
4.92593789101	-1
4.93479609489	-1
4.93479609489	-1
4.93479609489	-1
4.93479609489	-1
4.93479609489	-1
4.93479609489	-1
4.93479609489	-1
4.93676590919	1
4.93676590919	1
4.93676590919	1
4.93843793869	-1
4.95466709137	-1
4.95466709137	-1
4.95466709137	-1
4.95466709137	-1
4.95466709137	-1
4.95466709137	-1
4.95466709137	-1
4.95933508873	-1
4.96272397041	-1
4.96272397041	-1
4.96272397041	-1
4.96272397041	-1
4.96272397041	-1
4.96272397041	-1
4.96927690506	-1
4.96927690506	-1
4.96927690506	-1
4.97045397758	1
4.97045397758	1
4.97576808929	-1
4.97576808929	-1
4.98161888123	-1
4.98161888123	-1
4.99134898186	-1
4.99134898186	-1
4.99134898186	-1
5.008507967	-1
5.008507967	-1
5.0110180378	-1
5.0110180378	-1
5.0110180378	-1
5.02665805817	-1
5.02665805817	-1
5.02665805817	-1
5.02665805817	-1
5.02665805817	-1
5.03221988678	1
5.03221988678	1
5.03221988678	1
5.05002999306	1
5.05002999306	1
5.07230687141	-1
5.07230687141	-1
5.07230687141	-1
5.07230687141	-1
5.07230687141	-1
5.07757401466	-1
5.08682489395	-1
5.08682489395	-1
5.08682489395	-1
5.08682489395	-1
5.08682489395	-1
5.08682489395	-1
5.08715391159	1
5.08715391159	1
5.08715391159	1
5.09898209572	-1
5.10616898537	-1
5.10616898537	-1
5.10616898537	-1
5.10616898537	-1
5.12169098854	-1
5.12169098854	-1
5.13018393517	1
5.13018393517	1
5.13018393517	1
5.13500189781	-1
5.13500189781	-1
5.13500189781	-1
5.13500189781	-1
5.13500189781	-1
5.13500189781	-1
5.1543700695	-1
5.1543700695	-1
5.1543700695	-1
5.1543700695	-1
5.1543700695	-1
5.1543700695	-1
5.1543700695	-1
5.1543700695	-1
5.15858507156	-1
5.15858507156	-1
5.15858507156	-1
5.15858507156	-1
5.15858507156	-1
5.15858507156	-1
5.15858507156	-1
5.17341995239	-1
5.17341995239	-1
5.18488907814	-1
5.18488907814	-1
5.18488907814	-1
5.18488907814	-1
5.18488907814	-1
5.18488907814	-1
5.18488907814	-1
5.18488907814	-1
5.1957859993	-1
5.1957859993	-1
5.1957859993	-1
5.1957859993	-1
5.1957859993	-1
5.1957859993	-1
5.1957859993	-1
5.1957859993	-1
5.2113468647	-1
5.2113468647	-1
5.2113468647	-1
5.2113468647	-1
5.2113468647	-1
5.2113468647	-1
5.2113468647	-1
5.2113468647	-1
5.24871993065	-1
5.24871993065	-1
5.24871993065	-1
5.25046396255	1
5.25046396255	1
5.25582790375	-1
5.25582790375	-1
5.25582790375	-1
5.28091406822	-1
5.28091406822	-1
5.29131603241	-1
5.29131603241	-1
5.29131603241	-1
5.29131603241	-1
5.29131603241	-1
5.29131603241	-1
5.30327606201	-1
5.30327606201	-1
5.30327606201	-1
5.30327606201	-1
5.30327606201	-1
5.30327606201	-1
5.30327606201	-1
5.30327606201	-1
5.32524895668	-1
5.32524895668	-1
5.32524895668	-1
5.32524895668	-1
5.32524895668	-1
5.32524895668	-1
5.32524895668	-1
5.32524895668	-1
5.34542298317	-1
5.34542298317	-1
5.34542298317	-1
5.34542298317	-1
5.34542298317	-1
5.34542298317	-1
5.34542298317	-1
5.34542298317	-1
5.35150408745	-1
5.36317586899	-1
5.36317586899	-1
5.36317586899	-1
5.36317586899	-1
5.36317586899	-1
5.36317586899	-1
5.36317586899	-1
5.37507390976	-1
5.38373589516	-1
5.38373589516	-1
5.38373589516	-1
5.38373589516	-1
5.38373589516	-1
5.38373589516	-1
5.38373589516	-1
5.38887786865	-1
5.38887786865	-1
5.40198206902	-1
5.40274691582	1
5.42112994194	-1
5.42112994194	-1
5.42112994194	-1
5.42112994194	-1
5.42112994194	-1
5.42112994194	-1
5.42112994194	-1
5.43476605415	-1
5.43476605415	-1
5.43476605415	-1
5.43476605415	-1
5.43476605415	-1
5.43476605415	-1
5.46178197861	-1
5.46178197861	-1
5.46178197861	-1
5.46178197861	-1
5.46178197861	-1
5.46178197861	-1
5.46178197861	-1
5.46853804588	-1
5.47850203514	-1
5.47850203514	-1
5.47850203514	-1
5.47850203514	-1
5.47850203514	-1
5.47850203514	-1
5.47850203514	-1
5.48461389542	-1
5.49944186211	-1
5.49944186211	-1
5.49944186211	-1
5.49944186211	-1
5.49944186211	-1
5.49944186211	-1
5.49944186211	-1
5.50587105751	-1
5.51092886925	-1
5.51092886925	-1
5.51092886925	-1
5.51092886925	-1
5.51092886925	-1
5.51092886925	-1
5.51092886925	-1
5.52155709267	-1
5.52155709267	-1
5.5249979496	-1
5.5249979496	-1
5.5249979496	-1
5.53706097603	-1
5.53706097603	-1
5.54082798958	-1
5.54082798958	-1
5.54082798958	-1
5.54082798958	-1
5.54082798958	-1
5.54082798958	-1
5.54085993767	1
5.54085993767	1
5.54907989502	-1
5.54907989502	-1
5.54907989502	-1
5.54907989502	-1
5.54907989502	-1
5.54907989502	-1
5.54907989502	-1
5.54907989502	-1
5.55618691444	-1
5.55618691444	-1
5.55618691444	-1
5.55618691444	-1
5.55618691444	-1
5.55618691444	-1
5.55618691444	-1
5.55618691444	-1
5.56415200233	-1
5.56415200233	-1
5.56415200233	-1
5.56415200233	-1
5.58726596832	-1
5.58726596832	-1
5.58726596832	-1
5.58726596832	-1
5.58726596832	-1
5.58726596832	-1
5.58726596832	-1
5.60622000694	-1
5.6062939167	-1
5.6062939167	-1
5.6062939167	-1
5.6062939167	-1
5.6062939167	-1
5.6062939167	-1
5.6062939167	-1
5.63458299637	-1
5.63458299637	-1
5.63458299637	-1
5.64476394653	-1
5.6770670414	1
5.6770670414	1
5.6770670414	1
5.69175887108	-1
5.69175887108	-1
5.69175887108	-1
5.72278308868	-1
5.7261390686	-1
5.7261390686	-1
5.7261390686	-1
5.76017904282	-1
5.76017904282	-1
5.76017904282	-1
5.76017904282	-1
5.76017904282	-1
5.78299689293	-1
5.78299689293	-1
5.78299689293	-1
5.78299689293	-1
5.78299689293	-1
5.78299689293	-1
5.78299689293	-1
5.78872203827	-1
5.80846786499	-1
5.80846786499	-1
5.80846786499	-1
5.82775402069	-1
5.82775402069	-1
5.84211206436	-1
5.84211206436	-1
5.84211206436	-1
5.84211206436	-1
5.86154794693	-1
5.87223696709	-1
5.87223696709	-1
5.87223696709	-1
5.87223696709	-1
5.87223696709	-1
5.87223696709	-1
5.87223696709	-1
5.89695096016	-1
5.89700102806	-1
5.89700102806	-1
5.89700102806	-1
5.94409394264	-1
5.94409394264	-1
5.94409394264	-1
5.94409394264	-1
5.94409394264	-1
5.94409394264	-1
5.95798206329	-1
5.95798206329	-1
5.95910000801	1
5.96875190735	-1
5.96875190735	-1
5.96875190735	-1
5.96875190735	-1
5.96875190735	-1
5.96875190735	-1
5.98456788063	-1
5.98456788063	-1
5.98456788063	-1
5.98456788063	-1
5.98456788063	-1
5.98456788063	-1
5.98456788063	-1
5.98456788063	-1
6.00109601021	-1
6.00109601021	-1
6.00109601021	-1
6.00109601021	-1
6.00109601021	-1
6.00109601021	-1
6.00109601021	-1
6.00109601021	-1
6.00696587563	-1
6.00696587563	-1
6.00696587563	-1
6.00696587563	-1
6.00696587563	-1
6.00696587563	-1
6.00696587563	-1
6.0182890892	-1
6.0182890892	-1
6.0182890892	-1
6.02553892136	-1
6.02553892136	-1
6.02553892136	-1
6.02553892136	-1
6.02553892136	-1
6.02553892136	-1
6.04496407509	-1
6.04496407509	-1
6.04496407509	-1
6.04496407509	-1
6.04496407509	-1
6.04496407509	-1
6.04496407509	-1
6.04496407509	-1
6.05057501793	-1
6.05057501793	-1
6.05057501793	-1
6.05057501793	-1
6.05057501793	-1
6.05057501793	-1
6.05057501793	-1
6.05588793755	-1
6.07685899734	-1
6.07685899734	-1
6.07685899734	-1
6.08777689934	-1
6.08777689934	-1
6.08777689934	-1
6.08777689934	-1
6.08777689934	-1
6.09670090675	-1
6.09670090675	-1
6.09673500061	1
6.10071587563	-1
6.10071587563	-1
6.10071587563	-1
6.10071587563	-1
6.10071587563	-1
6.10071587563	-1
6.10878491402	-1
6.10878491402	-1
6.10878491402	-1
6.10878491402	-1
6.10878491402	-1
6.12486600876	-1
6.12486600876	-1
6.12486600876	-1
6.12486600876	-1
6.12486600876	-1
6.12486600876	-1
6.12486600876	-1
6.12946605682	-1
6.12946605682	-1
6.14189696312	-1
6.14189696312	-1
6.14189696312	-1
6.14189696312	-1
6.14189696312	-1
6.14189696312	-1
6.14189696312	-1
6.15125894547	-1
6.15125894547	-1
6.15125894547	-1
6.15125894547	-1
6.15125894547	-1
6.15125894547	-1
6.15125894547	-1
6.15125894547	-1
6.1563770771	-1
6.16346287727	-1
6.16346287727	-1
6.16346287727	-1
6.16346287727	-1
6.16346287727	-1
6.16346287727	-1
6.16346287727	-1
6.16978788376	-1
6.16978788376	-1
6.16978788376	-1
6.17577004433	-1
6.18602991104	-1
6.18602991104	-1
6.18602991104	-1
6.18602991104	-1
6.18602991104	-1
6.18602991104	-1
6.19551301003	-1
6.19551301003	-1
6.19551301003	-1
6.19551301003	-1
6.19551301003	-1
6.19551301003	-1
6.19551301003	-1
6.19551301003	-1
6.19670200348	1
6.19670200348	1
6.19670200348	1
6.2043390274	-1
6.2043390274	-1
6.2043390274	-1
6.2043390274	-1
6.2043390274	-1
6.2043390274	-1
6.2043390274	-1
6.2043390274	-1
6.20800995827	-1
6.20800995827	-1
6.20800995827	-1
6.20800995827	-1
6.20800995827	-1
6.20800995827	-1
6.20800995827	-1
6.21127986908	-1
6.21750593185	-1
6.21750593185	-1
6.21750593185	-1
6.21750593185	-1
6.21750593185	-1
6.21750593185	-1
6.21750593185	-1
6.22121286392	-1
6.22715997696	-1
6.22715997696	-1
6.22715997696	-1
6.22715997696	-1
6.22715997696	-1
6.23452401161	-1
6.23452401161	-1
6.23808503151	-1
6.23808503151	-1
6.23808503151	-1
6.23808503151	-1
6.2408490181	-1
6.2408490181	-1
6.24588704109	-1
6.24588704109	-1
6.25340294838	-1
6.25340294838	-1
6.25340294838	-1
6.25340294838	-1
6.25340294838	-1
6.25711107254	-1
6.26370596886	-1
6.26370596886	-1
6.26370596886	-1
6.26370596886	-1
6.26370596886	-1
6.26370596886	-1
6.26370596886	-1
6.26619386673	-1
6.27748799324	-1
6.27748799324	-1
6.27748799324	-1
6.27759289742	-1
6.27759289742	-1
6.28518605232	-1
6.28518605232	-1
6.28518605232	-1
6.28518605232	-1
6.28518605232	-1
6.28518605232	-1
6.2974319458	-1
6.2974319458	-1
6.29748106003	-1
6.29748106003	-1
6.29748106003	-1
6.29748106003	-1
6.29748106003	-1
6.29748106003	-1
6.30052399635	-1
6.30052399635	-1
6.30052399635	-1
6.30052399635	-1
6.30052399635	-1
6.30349493027	-1
6.30801987648	-1
6.30801987648	-1
6.30801987648	-1
6.30801987648	-1
6.30801987648	-1
6.30801987648	-1
6.3247089386	-1
6.3247089386	-1
6.3247089386	-1
6.3247089386	-1
6.3247089386	-1
6.3247089386	-1
6.3247089386	-1
6.34127688408	-1
6.34127688408	-1
6.34127688408	-1
6.35530400276	-1
6.35530400276	-1
6.36290287971	-1
6.36290287971	-1
6.36290287971	-1
6.36290287971	-1
6.36290287971	-1
6.37211799622	-1
6.37211799622	-1
6.37211799622	-1
6.37211799622	-1
6.37211799622	-1
6.37211799622	-1
6.37211799622	-1
6.37211799622	-1
6.37214994431	1
6.39085507393	-1
6.39085507393	-1
6.39085507393	-1
6.39085507393	-1
6.40458488464	-1
6.40458488464	-1
6.40458488464	-1
6.40887594223	-1
6.4128909111	-1
6.4128909111	-1
6.4128909111	-1
6.4128909111	-1
6.4128909111	-1
6.41608500481	-1
6.42970299721	-1
6.42970299721	-1
6.42970299721	-1
6.44112992287	-1
6.44112992287	-1
6.44112992287	-1
6.44112992287	-1
6.44112992287	-1
6.44112992287	-1
6.44660401344	-1
6.44660401344	-1
6.47291588783	-1
6.47291588783	-1
6.47291588783	-1
6.47291588783	-1
6.47291588783	-1
6.47291588783	-1
6.47291588783	-1
6.47291588783	-1
6.478484869	-1
6.478484869	-1
6.478484869	-1
6.478484869	-1
6.478484869	-1
6.478484869	-1
6.478484869	-1
6.4841170311	-1
6.49639105797	-1
6.49639105797	-1
6.49639105797	-1
6.49639105797	-1
6.49639105797	-1
6.49639105797	-1
6.49639105797	-1
6.51438307762	-1
6.51441407204	1
6.51891088486	-1
6.51891088486	-1
6.51891088486	-1
6.51891088486	-1
6.51891088486	-1
6.51891088486	-1
6.51891088486	-1
6.52779793739	-1
6.52779793739	-1
6.52779793739	-1
6.52779793739	-1
6.52779793739	-1
6.52779793739	-1
6.52779793739	-1
6.52779793739	-1
6.53932499886	-1
6.53932499886	-1
6.53932499886	-1
6.53932499886	-1
6.53932499886	-1
6.53932499886	-1
6.53932499886	-1
6.53932499886	-1
6.54266500473	-1
6.54266500473	-1
6.55198192596	-1
6.55198192596	-1
6.55580997467	-1
6.55580997467	-1
6.56013393402	-1
6.56013393402	-1
6.56013393402	-1
6.56013393402	-1
6.56013393402	-1
6.56013393402	-1
6.56013393402	-1
6.56246805191	-1
6.56246805191	-1
6.56246805191	-1
6.56246805191	-1
6.56246805191	-1
6.5705370903	-1
6.5705370903	-1
6.5705370903	-1
6.5705370903	-1
6.5705370903	-1
6.5705370903	-1
6.5705370903	-1
6.57360696793	-1
6.57809090614	-1
6.57809090614	-1
6.57809090614	-1
6.57809090614	-1
6.57809090614	-1
6.57809090614	-1
6.57809090614	-1
6.58151102066	-1
6.58151102066	-1
6.58151102066	-1
6.59388303757	-1
6.59388303757	-1
6.59388303757	-1
6.59388303757	-1
6.59388303757	-1
6.60391688347	-1
6.62658691406	-1
6.62658691406	-1
6.64172101021	-1
6.64172101021	-1
6.64172101021	-1
6.64172101021	-1
6.64172101021	-1
6.64172101021	-1
6.69571995735	-1
6.69575309753	1
6.69575309753	1
6.71739006042	-1
6.71739006042	-1
6.71739006042	-1
6.71739006042	-1
6.71739006042	-1
6.71739006042	-1
6.71739006042	-1
6.77282595634	-1
6.77282595634	-1
6.77282595634	-1
6.77282595634	-1
6.77282595634	-1
6.77282595634	-1
6.77282595634	-1
6.77282595634	-1
6.82178902626	-1
6.82178902626	-1
6.82178902626	-1
6.82178902626	-1
6.82178902626	-1
6.82178902626	-1
6.82178902626	-1
6.83205986023	1
6.84204101562	-1
6.84204101562	-1
6.84204101562	-1
6.84204101562	-1
6.84204101562	-1
6.85846686363	-1
6.87534093857	-1
6.87534093857	-1
6.87534093857	-1
6.87534093857	-1
6.87534093857	-1
6.87534093857	-1
6.90974497795	-1
6.90974497795	-1
6.90974497795	-1
6.90974497795	-1
6.90974497795	-1
6.90974497795	-1
6.90974497795	-1
6.90974497795	-1
6.93801593781	-1
6.93801593781	-1
6.93801593781	-1
6.93801593781	-1
6.93801593781	-1
6.93801593781	-1
6.93801593781	-1
6.93801593781	-1
6.94805908203	-1
6.94805908203	-1
6.94805908203	-1
6.94805908203	-1
6.94805908203	-1
6.94805908203	-1
6.94805908203	-1
6.96618294716	-1
6.96618294716	-1
6.96618294716	-1
6.96618294716	-1
6.96618294716	-1
7.00118303299	-1
7.00118303299	-1
7.00118303299	-1
7.00118303299	-1
7.00118303299	-1
7.00118303299	-1
7.00118303299	-1
7.00118303299	-1
7.0012140274	1
7.01631593704	-1
7.01631593704	-1
7.01631593704	-1
7.01631593704	-1
7.01631593704	-1
7.01631593704	-1
7.01631593704	-1
7.01631593704	-1
7.0247130394	-1
7.0247130394	-1
7.0247130394	-1
7.0247130394	-1
7.0247130394	-1
7.0247130394	-1
7.0247130394	-1
7.03300595284	-1
7.03300595284	-1
7.04955101013	-1
7.04955101013	-1
7.04955101013	-1
7.04955101013	-1
7.04955101013	-1
7.04955101013	-1
7.04955101013	-1
7.05494809151	-1
7.10392403603	-1
7.10392403603	-1
7.10941195488	-1
7.10941195488	-1
7.10941195488	-1
7.10941195488	-1
7.10941195488	-1
7.10941195488	-1
7.10941195488	-1
7.11776709557	-1
7.11776709557	-1
7.11776709557	-1
7.11776709557	-1
7.11776709557	-1
7.11776709557	-1
7.11776709557	-1
7.11776709557	-1
7.13675093651	-1
7.13678193092	1
7.13917398453	-1
7.13917398453	-1
7.13917398453	-1
7.13917398453	-1
7.13917398453	-1
7.13917398453	-1
7.13917398453	-1
7.14922308922	-1
7.14922308922	-1
7.14922308922	-1
7.14922308922	-1
7.14922308922	-1
7.14922308922	-1
7.14922308922	-1
7.14922308922	-1
7.16400790215	-1
7.16400790215	-1
7.16771507263	-1
7.16771507263	-1
7.16771507263	-1
7.16771507263	-1
7.16771507263	-1
7.16771507263	-1
7.17854809761	-1
7.17854809761	-1
7.17854809761	-1
7.17854809761	-1
7.17854809761	-1
7.17854809761	-1
7.17854809761	-1
7.17854809761	-1
7.18639206886	-1
7.18639206886	-1
7.18639206886	-1
7.18639206886	-1
7.18639206886	-1
7.18639206886	-1
7.18639206886	-1
7.18639206886	-1
7.19603705406	-1
7.19603705406	-1
7.19603705406	-1
7.19603705406	-1
7.19603705406	-1
7.19603705406	-1
7.19603705406	-1
7.20060396194	-1
7.20060396194	-1
7.21983408928	-1
7.21994400024	-1
7.21994400024	-1
7.21994400024	-1
7.21994400024	-1
7.21994400024	-1
7.21994400024	-1
7.21994400024	-1
7.24434399605	-1
7.24434399605	-1
7.25376605988	-1
7.25376605988	-1
7.25376605988	-1
7.25376605988	-1
7.25376605988	-1
7.25376605988	-1
7.25376605988	-1
7.26415300369	-1
7.27220892906	1
7.27220892906	1
7.27592396736	-1
7.27592396736	-1
7.27592396736	-1
7.27592396736	-1
7.27592396736	-1
7.27592396736	-1
7.27592396736	-1
7.2959549427	-1
7.2959549427	-1
7.2959549427	-1
7.2959549427	-1
7.2959549427	-1
7.2959549427	-1
7.2959549427	-1
7.2959549427	-1
7.30611586571	-1
7.30611586571	-1
7.30611586571	-1
7.30611586571	-1
7.30611586571	-1
7.30611586571	-1
7.30611586571	-1
7.30611586571	-1
7.32183599472	-1
7.32183599472	-1
7.3254199028	-1
7.3254199028	-1
7.3254199028	-1
7.3254199028	-1
7.3254199028	-1
7.3254199028	-1
7.34559297562	-1
7.34559297562	-1
7.34559297562	-1
7.34559297562	-1
7.34559297562	-1
7.34559297562	-1
7.34559297562	-1
7.34559297562	-1
7.36039590836	-1
7.36039590836	-1
7.36039590836	-1
7.36039590836	-1
7.36039590836	-1
7.36039590836	-1
7.36039590836	-1
7.37147593498	-1
7.37147593498	-1
7.37147593498	-1
7.37147593498	-1
7.37147593498	-1
7.37147593498	-1
7.37147593498	-1
7.37147593498	-1
7.38300490379	-1
7.40758395195	-1
7.40758395195	-1
7.40758395195	-1
7.40764594078	1
7.42502689362	-1
7.42502689362	-1
7.42502689362	-1
7.42502689362	-1
7.42502689362	-1
7.42502689362	-1
7.43711805344	-1
7.43711805344	-1
7.43711805344	-1
7.43711805344	-1
7.43711805344	-1
7.43711805344	-1
7.43711805344	-1
7.43711805344	-1
7.44549894333	-1
7.44549894333	-1
7.44549894333	-1
7.44549894333	-1
7.44549894333	-1
7.45234894753	-1
7.45234894753	-1
7.45234894753	-1
7.45234894753	-1
7.45234894753	-1
7.45234894753	-1
7.45234894753	-1
7.45234894753	-1
7.45667505264	-1
7.45667505264	-1
7.45667505264	-1
7.45667505264	-1
7.45667505264	-1
7.45667505264	-1
7.47416400909	-1
7.47416400909	-1
7.47416400909	-1
7.47416400909	-1
7.47416400909	-1
7.47416400909	-1
7.47416400909	-1
7.47416400909	-1
7.49199295044	-1
7.49199295044	-1
7.49199295044	-1
7.49199295044	-1
7.49199295044	-1
7.49199295044	-1
7.49199295044	-1
7.49199295044	-1
7.50612592697	-1
7.50612592697	-1
7.50612592697	-1
7.51026201248	-1
7.51026201248	-1
7.51026201248	-1
7.51026201248	-1
7.51026201248	-1
7.51026201248	-1
7.51085400581	1
7.51085400581	1
7.51085400581	1
7.51820492744	-1
7.51820492744	-1
7.51820492744	-1
7.51820492744	-1
7.51820492744	-1
7.51820492744	-1
7.52226209641	-1
7.52535200119	-1
7.52535200119	-1
7.52535200119	-1
7.52535200119	-1
7.5316619873	-1
7.5316619873	-1
7.5316619873	-1
7.5316619873	-1
7.5316619873	-1
7.5316619873	-1
7.53604388237	-1
7.54294395447	-1
7.54294395447	-1
7.54294395447	-1
7.54294395447	-1
7.54294395447	-1
7.54294395447	-1
7.54294395447	-1
7.54613089561	-1
7.54613089561	-1
7.54613089561	-1
7.54613089561	-1
7.54613089561	-1
7.54906606674	-1
7.55617499352	-1
7.55617499352	-1
7.55617499352	-1
7.55617499352	-1
7.55617499352	-1
7.55617499352	-1
7.56339097023	-1
7.56339097023	-1
7.56339097023	-1
7.56339097023	-1
7.56339097023	-1
7.56339097023	-1
7.56339097023	-1
7.56339097023	-1
7.5695669651	-1
7.5695669651	-1
7.5695669651	-1
7.5695669651	-1
7.5695669651	-1
7.5829398632	-1
7.5829398632	-1
7.5868499279	-1
7.5868499279	-1
7.5868499279	-1
7.5868499279	-1
7.5868499279	-1
7.5868499279	-1
7.59369492531	-1
7.59369492531	-1
7.59369492531	-1
7.59369492531	-1
7.59369492531	-1
7.59369492531	-1
7.59369492531	-1
7.59369492531	-1
7.60636997223	-1
7.60636997223	-1
7.60636997223	-1
7.60636997223	-1
7.60636997223	-1
7.60636997223	-1
7.60636997223	-1
7.60636997223	-1
7.614579916	-1
7.614579916	-1
7.614579916	-1
7.614579916	-1
7.614579916	-1
7.614579916	-1
7.614579916	-1
7.614579916	-1
7.61789488792	-1
7.62094593048	-1
7.62094593048	-1
7.62094593048	-1
7.62094593048	-1
7.62094593048	-1
7.62094593048	-1
7.62741994858	-1
7.62741994858	-1
7.62741994858	-1
7.62741994858	-1
7.62741994858	-1
7.62741994858	-1
7.62741994858	-1
7.62741994858	-1
7.62944507599	-1
7.62944507599	-1
7.62944507599	-1
7.63459706306	-1
7.63464093208	-1
7.63464093208	-1
7.63464093208	-1
7.63464093208	-1
7.63464093208	-1
7.63464093208	-1
7.64672207832	-1
7.64672207832	-1
7.64672207832	-1
7.64672207832	-1
7.64672207832	-1
7.64672207832	-1
7.64686799049	-1
7.64686799049	-1
7.64686799049	-1
7.64686799049	-1
7.64686799049	-1
7.64686799049	-1
7.64686799049	-1
7.64720487595	-1
7.66088104248	-1
7.66088104248	-1
7.66088104248	-1
7.66088104248	-1
7.66088104248	-1
7.66088104248	-1
7.66088104248	-1
7.66102600098	-1
7.67846608162	1
7.67846608162	1
7.68261003494	-1
7.68261003494	-1
7.68261003494	-1
7.68261003494	-1
7.68261003494	-1
7.68261003494	-1
7.68261003494	-1
7.71013498306	-1
7.71013498306	-1
7.71013498306	-1
7.71013498306	-1
7.71013498306	-1
7.71013498306	-1
7.71013498306	-1
7.71013498306	-1
7.72620892525	-1
7.72620892525	-1
7.72620892525	-1
7.72620892525	-1
7.72620892525	-1
7.72620892525	-1
7.73943805695	-1
7.75254487991	-1
7.75254487991	-1
7.75254487991	-1
7.75254487991	-1
7.75254487991	-1
7.75254487991	-1
7.75254487991	-1
7.77259302139	-1
7.77259302139	-1
7.77259302139	-1
7.77259302139	-1
7.77259302139	-1
7.77259302139	-1
7.77259302139	-1
7.77259302139	-1
7.78952598572	-1
7.78952598572	-1
7.78952598572	-1
7.78952598572	-1
7.78952598572	-1
7.78952598572	-1
7.78952598572	-1
7.78952598572	-1
7.79083108902	1
7.79083108902	1
7.79083108902	1
7.80781793594	-1
7.80781793594	-1
7.80781793594	-1
7.80781793594	-1
7.80781793594	-1
7.80781793594	-1
7.80781793594	-1
7.80781793594	-1
7.81407904625	-1
7.81821703911	-1
7.81821703911	-1
7.81821703911	-1
7.81821703911	-1
7.81821703911	-1
7.81821703911	-1
7.83339500427	-1
7.83339500427	-1
7.83339500427	-1
7.83339500427	-1
7.83339500427	-1
7.83339500427	-1
7.83339500427	-1
7.83339500427	-1
7.84389686584	-1
7.84389686584	-1
7.84389686584	-1
7.84389686584	-1
7.84389686584	-1
7.84389686584	-1
7.84389686584	-1
7.84389686584	-1
7.85256290436	-1
7.85256290436	-1
7.85256290436	-1
7.85256290436	-1
7.85256290436	-1
7.85256290436	-1
7.85256290436	-1
7.85256290436	-1
7.85792708397	-1
7.87963199615	-1
7.87963199615	-1
7.87963199615	-1
7.87963199615	-1
7.87963199615	-1
7.87963199615	-1
7.87963199615	-1
7.88630986214	-1
7.89370203018	-1
7.89370203018	-1
7.89370203018	-1
7.89370203018	-1
7.89370203018	-1
7.89370203018	-1
7.89370203018	-1
7.90103602409	-1
7.90746593475	-1
7.90746593475	-1
7.90746593475	-1
7.90746593475	-1
7.90746593475	-1
7.90746593475	-1
7.90746593475	-1
7.91866707802	-1
7.92418599129	-1
7.92418599129	-1
7.92418599129	-1
7.92418599129	-1
7.92418599129	-1
7.92418599129	-1
7.92418599129	-1
7.9277780056	-1
7.9277780056	-1
7.94237995148	-1
7.94237995148	-1
7.949477911	1
7.949477911	1
7.95424890518	-1
7.95424890518	-1
7.95424890518	-1
7.95424890518	-1
7.95424890518	-1
7.95424890518	-1
7.98896789551	-1
7.98896789551	-1
7.98896789551	-1
7.98896789551	-1
7.98896789551	-1
7.98896789551	-1
7.98896789551	-1
7.98896789551	-1
8.00764799118	-1
8.00764799118	-1
8.00764799118	-1
8.00764799118	-1
8.00764799118	-1
8.00764799118	-1
8.00764799118	-1
8.0156750679	-1
8.03441905975	-1
8.03441905975	-1
8.03441905975	-1
8.03441905975	-1
8.03441905975	-1
8.03441905975	-1
8.03441905975	-1
8.03441905975	-1
8.04028987885	-1
8.05796408653	-1
8.05796408653	-1
8.05796408653	-1
8.05796408653	-1
8.05796408653	-1
8.05796408653	-1
8.05796408653	-1
8.06320500374	-1
8.06826686859	-1
8.06826686859	-1
8.06826686859	-1
8.06826686859	-1
8.06826686859	-1
8.06826686859	-1
8.06826686859	-1
8.07280898094	-1
8.076638937	-1
8.076638937	-1
8.076638937	-1
8.076638937	-1
8.076638937	-1
8.076638937	-1
8.076638937	-1
8.08075594902	-1
8.08403205872	-1
8.08403205872	-1
8.08403205872	-1
8.08403205872	-1
8.08403205872	-1
8.08403205872	-1
8.08403205872	-1
8.08541202545	1
8.09462499619	-1
8.09462499619	-1
8.09462499619	-1
8.09462499619	-1
8.09462499619	-1
8.09462499619	-1
8.09462499619	-1
8.09462499619	-1
8.10192990303	-1
8.10192990303	-1
8.10192990303	-1
8.10192990303	-1
8.10192990303	-1
8.10192990303	-1
8.10192990303	-1
8.10192990303	-1
8.10504102707	-1
8.11392903328	-1
8.11392903328	-1
8.11392903328	-1
8.11392903328	-1
8.11392903328	-1
8.11392903328	-1
8.11392903328	-1
8.12965798378	-1
8.13649606705	-1
8.13649606705	-1
8.13649606705	-1
8.13649606705	-1
8.13649606705	-1
8.13649606705	-1
8.13649606705	-1
8.14628505707	-1
8.16287589073	-1
8.16287589073	-1
8.16287589073	-1
8.17426109314	-1
8.17426109314	-1
8.17948389053	-1
8.17948389053	-1
8.17948389053	-1
8.17948389053	-1
8.17948389053	-1
8.17948389053	-1
8.18755197525	-1
8.18755197525	-1
8.18755197525	-1
8.18755197525	-1
8.18755197525	-1
8.18755197525	-1
8.18755197525	-1
8.19795298576	-1
8.20246100426	-1
8.20246100426	-1
8.20246100426	-1
8.20246100426	-1
8.20246100426	-1
8.20246100426	-1
8.20246100426	-1
8.20633101463	-1
8.21104001999	-1
8.21104001999	-1
8.21104001999	-1
8.21104001999	-1
8.21104001999	-1
8.21104001999	-1
8.21104001999	-1
8.21406888962	-1
8.21787905693	-1
8.21787905693	-1
8.21787905693	-1
8.21787905693	-1
8.21787905693	-1
8.21787905693	-1
8.21787905693	-1
8.21848797798	1
8.21848797798	1
8.21848797798	1
8.22120094299	-1
8.22120094299	-1
8.22120094299	-1
8.22120094299	-1
8.22120094299	-1
8.22120094299	-1
8.22120094299	-1
8.22805905342	-1
8.22805905342	-1
8.23096609116	-1
8.23096609116	-1
8.23096609116	-1
8.23096609116	-1
8.23096609116	-1
8.23096609116	-1
8.23096609116	-1
8.23430395126	-1
8.23430395126	-1
8.23430395126	-1
8.23430395126	-1
8.23430395126	-1
8.23430395126	-1
8.23430395126	-1
8.23430395126	-1
8.23760008812	-1
8.24036407471	-1
8.24036407471	-1
8.24036407471	-1
8.24036407471	-1
8.24036407471	-1
8.24036407471	-1
8.24036407471	-1
8.24300789833	-1
8.24891591072	-1
8.24891591072	-1
8.24891591072	-1
8.24891591072	-1
8.24891591072	-1
8.24891591072	-1
8.24891591072	-1
8.25750494003	-1
8.26320004463	-1
8.26320004463	-1
8.26320004463	-1
8.26320004463	-1
8.26320004463	-1
8.26320004463	-1
8.26320004463	-1
8.26727509499	-1
8.27069497108	-1
8.27069497108	-1
8.27069497108	-1
8.27069497108	-1
8.27069497108	-1
8.27069497108	-1
8.27069497108	-1
8.28331589699	-1
8.28331589699	-1
8.28331589699	-1
8.28331589699	-1
8.28331589699	-1
8.29137992859	-1
8.29137992859	-1
8.3013510704	-1
8.3013510704	-1
8.30938005447	-1
8.30938005447	-1
8.30938005447	-1
8.30938005447	-1
8.30938005447	-1
8.30938005447	-1
8.30938005447	-1
8.32049798965	-1
8.32060289383	-1
8.32060289383	-1
8.32060289383	-1
8.32060289383	-1
8.32060289383	-1
8.32060289383	-1
8.32060289383	-1
8.35637497902	-1
8.35641098022	1
8.35641098022	1
9.95801496506	-1
10.1456170082	-1
10.9772160053	-1
11.1126818657	-1
11.1126818657	-1
11.2481060028	-1
13.6497590542	-1
13.7851679325	-1
13.7851679325	-1
13.9205510616	-1
15.1351699829	1
15.27054286	1
15.5956449509	-1
15.7560110092	-1
15.784003973	-1
15.784003973	-1
15.784003973	-1
15.784003973	-1
15.784003973	-1
15.784003973	-1
16.3690750599	1
16.3710110188	1
16.3710110188	1
16.3710110188	1
16.3710110188	1
16.3736410141	1
16.3736410141	1
16.3736410141	1
16.3736410141	1
16.3736410141	1
16.3757169247	1
16.3757169247	1
16.3757169247	1
16.3757169247	1
16.3757169247	1
16.3757169247	1
16.3757169247	1
16.3757169247	1
16.3757169247	1
16.3757998943	1
16.3802340031	1
16.3802340031	1
16.3802340031	1
16.3802340031	1
16.384223938	1
16.5044178963	1
16.5044178963	1
16.5044178963	1
16.5044178963	1
16.5044178963	1
16.5044178963	1
16.5044178963	1
16.5044178963	1
16.5063199997	1
16.5093569756	1
16.5093569756	1
16.5093569756	1
16.5093569756	1
16.5093569756	1
16.5093569756	1
16.6451649666	1
16.6699490547	1
16.6699490547	1
16.6699490547	1
16.690664053	1
16.690664053	1
16.6951060295	1
16.6951060295	1
16.6951060295	1
16.6975910664	1
16.6975910664	1
16.7364869118	-1
16.78697896	1
16.7971019745	-1
16.7971019745	-1
16.7971019745	-1
16.8159439564	-1
16.8159439564	-1
16.8173549175	1
16.8173549175	1
16.8173549175	1
16.8231289387	-1
16.8231289387	-1
16.8231289387	-1
16.8231289387	-1
16.8231289387	-1
16.8231289387	-1
16.8433010578	-1
16.8433010578	-1
16.8433010578	-1
16.8433010578	-1
16.8433010578	-1
16.8433010578	-1
16.8433010578	-1
16.8433010578	-1
16.8688709736	-1
16.8688709736	-1
16.8688709736	-1
16.8688709736	-1
16.8688709736	-1
16.868927002	-1
16.9021279812	1
16.9021279812	1
16.9046480656	-1
16.9046480656	-1
16.9046480656	-1
16.9046480656	-1
16.9046480656	-1
16.9046480656	-1
16.9046480656	-1
16.9398050308	1
16.9398050308	1
16.9398050308	1
16.9450609684	-1
16.9450609684	-1
16.9450609684	-1
16.9450609684	-1
16.9450609684	-1
16.9589629173	-1
16.9589629173	-1
16.9589629173	-1
16.9589629173	-1
16.9589629173	-1
16.9589629173	-1
16.9589629173	-1
16.9592540264	-1
16.9592540264	-1
16.9592540264	-1
16.9592540264	-1
16.9592540264	-1
16.9592540264	-1
16.9592540264	-1
16.9872288704	-1
16.9872288704	-1
16.9872648716	-1
16.9872648716	-1
16.9872648716	-1
16.9872648716	-1
16.9872648716	-1
16.9872648716	-1
17.0073680878	-1
17.0073680878	-1
17.0073680878	-1
17.0073680878	-1
17.0073680878	-1
17.0073680878	-1
17.0073680878	-1
17.0073680878	-1
17.0077679157	-1
17.0279369354	-1
17.0279369354	-1
17.0279369354	-1
17.0279369354	-1
17.0279369354	-1
17.0279369354	-1
17.0279369354	-1
17.092165947	-1
17.092165947	-1
17.092165947	-1
17.092165947	-1
17.092165947	-1
17.092165947	-1
17.092165947	-1
17.092165947	-1
17.0936439037	1
17.0952498913	-1
17.0952498913	-1
17.0952498913	-1
17.0952498913	-1
17.0952498913	-1
17.0952498913	-1
17.0952498913	-1
17.0956010818	-1
17.0956010818	-1
17.0956010818	-1
17.0957238674	-1
17.0957238674	-1
17.0957238674	-1
17.0957238674	-1
17.0957238674	-1
17.0957238674	-1
17.0957238674	-1
17.0959689617	-1
17.0960969925	-1
17.0960969925	-1
17.0960969925	-1
17.0960969925	-1
17.0960969925	-1
17.127904892	-1
17.1279568672	-1
17.1279568672	-1
17.1279568672	-1
17.1279568672	-1
17.1279568672	-1
17.1279568672	-1
17.1436889172	-1
17.1436889172	-1
17.1436889172	-1
17.1436889172	-1
17.1439259052	-1
17.1439259052	-1
17.1439259052	-1
17.1440479755	-1
17.1440479755	-1
17.1440479755	-1
17.1440479755	-1
17.1440479755	-1
17.1440479755	-1
17.1441729069	-1
17.1694719791	-1
17.1694719791	-1
17.1694719791	-1
17.1695849895	-1
17.1695849895	-1
17.1695849895	-1
17.1695849895	-1
17.1695849895	-1
17.2192709446	-1
17.2192709446	-1
17.2192709446	-1
17.2192709446	-1
17.2192709446	-1
17.2192709446	-1
17.2192709446	-1
17.2192709446	-1
17.2315080166	1
17.2315080166	1
17.2315409184	-1
17.2315409184	-1
17.2315409184	-1
17.2315409184	-1
17.2315409184	-1
17.2318248749	-1
17.2319500446	-1
17.2319500446	-1
17.2319500446	-1
17.2319500446	-1
17.2319500446	-1
17.2319500446	-1
17.2319500446	-1
17.2321939468	-1
17.2321939468	-1
17.2321939468	-1
17.2321939468	-1
17.2485849857	-1
17.2485849857	-1
17.2485849857	-1
17.2485849857	-1
17.2485849857	-1
17.2485849857	-1
17.2485849857	-1
17.2488229275	-1
17.279280901	-1
17.279280901	-1
17.279280901	-1
17.279280901	-1
17.279280901	-1
17.279280901	-1
17.279280901	-1
17.2795000076	-1
17.2796220779	-1
17.2796220779	-1
17.2796220779	-1
17.2796220779	-1
17.2796220779	-1
17.2796220779	-1
17.2796220779	-1
17.2798678875	-1
17.2799918652	-1
17.2799918652	-1
17.2799918652	-1
17.2799918652	-1
17.2799918652	-1
17.2799918652	-1
17.2799918652	-1
17.2817358971	1
17.2817358971	1
17.2817358971	1
17.3051760197	-1
17.3051760197	-1
17.3051760197	-1
17.3051760197	-1
17.3051760197	-1
17.3051760197	-1
17.3051760197	-1
17.3051760197	-1
17.3055269718	-1
17.3055269718	-1
17.3055269718	-1
17.3055269718	-1
17.3055269718	-1
17.3055269718	-1
17.3055269718	-1
17.3055269718	-1
17.3056809902	-1
17.3058960438	-1
17.3058960438	-1
17.3058960438	-1
17.3058960438	-1
17.3058960438	-1
17.3058960438	-1
17.3058960438	-1
17.3378539085	-1
17.3379678726	-1
17.3379678726	-1
17.3379678726	-1
17.3379678726	-1
17.3379678726	-1
17.3379678726	-1
17.3379678726	-1
17.3382120132	-1
17.3671450615	-1
17.3671450615	-1
17.3671450615	-1
17.3671450615	-1
17.3671450615	-1
17.3671450615	-1
17.3671450615	-1
17.367372036	-1
17.3674578667	-1
17.3674578667	-1
17.3674578667	-1
17.3674578667	-1
17.367620945	-1
17.384346962	-1
17.384346962	-1
17.384346962	-1
17.384346962	-1
17.384346962	-1
17.384346962	-1
17.384346962	-1
17.3844878674	-1
17.3846969604	-1
17.3846969604	-1
17.3846969604	-1
17.3846969604	-1
17.3846969604	-1
17.3846969604	-1
17.3846969604	-1
17.4096140862	-1
17.4096140862	-1
17.4096140862	-1
17.4096140862	-1
17.4096140862	-1
17.4096140862	-1
17.4096140862	-1
17.4096140862	-1
17.4160079956	-1
17.4160079956	-1
17.4160079956	-1
17.4160079956	-1
17.4160079956	-1
17.4160079956	-1
17.4160079956	-1
17.4160079956	-1
17.4407980442	-1
17.4407980442	-1
17.4407980442	-1
17.4407980442	-1
17.4407980442	-1
17.4407980442	-1
17.4407980442	-1
17.4407980442	-1
17.4411590099	-1
17.4411590099	-1
17.4411590099	-1
17.4411590099	-1
17.4411590099	-1
17.4411590099	-1
17.4411590099	-1
17.4413850307	-1
17.4413850307	-1
17.4413850307	-1
17.4415280819	-1
17.4515240192	-1
17.4515240192	-1
17.4515240192	-1
17.4515240192	-1
17.4515240192	-1
17.4515240192	-1
17.4515240192	-1
17.4640700817	-1
17.4640700817	-1
17.4640700817	-1
17.4640700817	-1
17.4640700817	-1
17.4640700817	-1
17.4640700817	-1
17.4640700817	-1
17.4652950764	1
17.4652950764	1
17.4652950764	1
17.4745099545	-1
17.4745099545	-1
17.4745099545	-1
17.4745099545	-1
17.4745099545	-1
17.4745099545	-1
17.4745099545	-1
17.4745099545	-1
17.4855759144	-1
17.4855759144	-1
17.4855759144	-1
17.4855759144	-1
17.4855759144	-1
17.4855759144	-1
17.5027968884	-1
17.5028579235	-1
17.5028579235	-1
17.5028579235	-1
17.5028579235	-1
17.5028579235	-1
17.5028579235	-1
17.5087339878	-1
17.5087339878	-1
17.5087339878	-1
17.5135278702	-1
17.5135278702	-1
17.5135278702	-1
17.5135278702	-1
17.5135278702	-1
17.5135278702	-1
17.5219259262	-1
17.5219259262	-1
17.5219259262	-1
17.5219259262	-1
17.5219259262	-1
17.5219259262	-1
17.5219259262	-1
17.5219259262	-1
17.539550066	-1
17.539550066	-1
17.539550066	-1
17.539550066	-1
17.539550066	-1
17.539550066	-1
17.539550066	-1
17.539550066	-1
17.5451600552	-1
17.5451600552	-1
17.5687880516	-1
17.5687880516	-1
17.5687880516	-1
17.5687880516	-1
17.5687880516	-1
17.5687880516	-1
17.5814728737	-1
17.5814728737	-1
17.5814728737	-1
17.5930240154	-1
17.5930240154	-1
17.5930240154	-1
17.5930240154	-1
17.5930240154	-1
17.5930240154	-1
17.5989830494	-1
17.6028740406	-1
17.6028740406	-1
17.6028740406	-1
17.6028740406	-1
17.6028740406	-1
17.6123759747	-1
17.6208660603	-1
17.6208660603	-1
17.6208660603	-1
17.6208660603	-1
17.6208660603	-1
17.6208660603	-1
17.6208660603	-1
17.626226902	-1
17.6285040379	1
17.6285040379	1
17.6285040379	1
17.6346180439	-1
17.6346180439	-1
17.6346180439	-1
17.6377980709	-1
17.6377980709	-1
17.6504580975	-1
17.6504580975	-1
17.6504580975	-1
17.6504580975	-1
17.6504580975	-1
17.6504580975	-1
17.6504580975	-1
17.6504580975	-1
17.6567819118	-1
17.6567819118	-1
17.6567819118	-1
17.6567819118	-1
17.6567819118	-1
17.6567819118	-1
17.6567819118	-1
17.6567819118	-1
17.6926860809	-1
17.6926860809	-1
17.6926860809	-1
17.6926860809	-1
17.6926860809	-1
17.6926860809	-1
17.6926860809	-1
17.6926860809	-1
17.7138268948	-1
17.7138268948	-1
17.7138268948	-1
17.7138268948	-1
17.7138268948	-1
17.7138268948	-1
17.7138268948	-1
17.7138268948	-1
17.7237300873	-1
17.733684063	-1
17.733684063	-1
17.733684063	-1
17.733684063	-1
17.733684063	-1
17.733684063	-1
17.733684063	-1
17.7463600636	-1
17.7463600636	-1
17.7463600636	-1
17.7463600636	-1
17.7463600636	-1
17.7463600636	-1
17.7463600636	-1
17.7463600636	-1
17.7530059814	-1
17.7530059814	-1
17.7530059814	-1
17.7530059814	-1
17.7530059814	-1
17.7530059814	-1
17.7593250275	-1
17.765460968	-1
17.765460968	-1
17.765460968	-1
17.765460968	-1
17.765460968	-1
17.765460968	-1
17.765460968	-1
17.7779860497	-1
17.7779860497	-1
17.7779860497	-1
17.7779860497	-1
17.7779860497	-1
17.7779860497	-1
17.7779860497	-1
17.7779860497	-1
17.7844569683	-1
17.7844569683	-1
17.7844569683	-1
17.7844569683	-1
17.7844569683	-1
17.7844569683	-1
17.7844569683	-1
17.7844569683	-1
17.7906119823	-1
17.7906119823	-1
17.7906119823	-1
17.7906119823	-1
17.7906119823	-1
17.7906119823	-1
17.7906119823	-1
17.7906119823	-1
17.7906439304	1
17.7906439304	1
17.7964179516	-1
17.8008000851	-1
17.8008000851	-1
17.8008000851	-1
17.8008000851	-1
17.8008000851	-1
17.8008000851	-1
17.8008000851	-1
17.8049969673	-1
17.8049969673	-1
17.8049969673	-1
17.8049969673	-1
17.8049969673	-1
17.8049969673	-1
17.8049969673	-1
17.8049969673	-1
17.8131089211	-1
17.8131089211	-1
17.8131089211	-1
17.8131089211	-1
17.8131089211	-1
17.8131089211	-1
17.8131089211	-1
17.8131089211	-1
17.823718071	-1
17.823718071	-1
17.823718071	-1
17.823718071	-1
17.823718071	-1
17.823718071	-1
17.823718071	-1
17.823718071	-1
17.8333480358	-1
17.8333480358	-1
17.8333480358	-1
17.8333480358	-1
17.8333480358	-1
17.8333480358	-1
17.8333480358	-1
17.8333480358	-1
17.8492949009	-1
17.8492949009	-1
17.8492949009	-1
17.8492949009	-1
17.8492949009	-1
17.8492949009	-1
17.8492949009	-1
17.8492949009	-1
17.8496448994	-1
17.8496448994	-1
17.8496448994	-1
17.8496448994	-1
17.8496448994	-1
17.8496448994	-1
17.8496448994	-1
17.8496448994	-1
17.8500130177	-1
17.8500130177	-1
17.8500130177	-1
17.8500130177	-1
17.8500130177	-1
17.8500130177	-1
17.8500130177	-1
17.8500130177	-1
17.8502628803	-1
17.8594050407	-1
17.8594050407	-1
17.8594050407	-1
17.8594050407	-1
17.8594050407	-1
17.8594050407	-1
17.8594050407	-1
17.8819799423	-1
17.8819799423	-1
17.8819799423	-1
17.8819799423	-1
17.8819799423	-1
17.8819799423	-1
17.8819799423	-1
17.8819799423	-1
17.8823299408	-1
17.8823299408	-1
17.8823299408	-1
17.8823299408	-1
17.8823299408	-1
17.8823299408	-1
17.8823299408	-1
17.8823299408	-1
17.9009330273	-1
17.9009330273	-1
17.9009330273	-1
17.9009330273	-1
17.9009330273	-1
17.9009330273	-1
17.9009330273	-1
17.9009330273	-1
17.9082400799	-1
17.9082400799	-1
17.9082400799	-1
17.9082400799	-1
17.9082400799	-1
17.9082400799	-1
17.9082400799	-1
17.9082400799	-1
17.9086048603	-1
17.9086048603	-1
17.9086048603	-1
17.9086048603	-1
17.9086048603	-1
17.9086048603	-1
17.9086048603	-1
17.9086048603	-1
17.9201929569	-1
17.9201929569	-1
17.9201929569	-1
17.9201929569	-1
17.9201929569	-1
17.9201929569	-1
17.9201929569	-1
17.9201929569	-1
17.9216079712	1
17.9216079712	1
17.9216079712	1
17.9361560345	-1
17.9361560345	-1
17.9361560345	-1
17.9361560345	-1
17.9361560345	-1
17.9361560345	-1
17.9361560345	-1
17.9361560345	-1
17.9361920357	1
17.9415609837	-1
17.9415609837	-1
17.9415609837	-1
17.9415609837	-1
17.9415609837	-1
17.9415609837	-1
17.9415609837	-1
17.9415609837	-1
17.9531328678	-1
17.9531328678	-1
17.9531328678	-1
17.9531328678	-1
17.9531328678	-1
17.9531328678	-1
17.9531328678	-1
17.9531328678	-1
17.9591019154	-1
17.9591019154	-1
17.9591019154	-1
17.9591019154	-1
17.9591019154	-1
17.9591019154	-1
17.9591019154	-1
17.9591019154	-1
17.9682760239	-1
17.9682760239	-1
17.9682760239	-1
17.9682760239	-1
17.9682760239	-1
17.9682760239	-1
17.9682760239	-1
17.9682760239	-1
17.984842062	-1
17.9848940372	-1
17.9848940372	-1
17.9848940372	-1
17.9848940372	-1
17.9848940372	-1
17.9848940372	-1
17.9848940372	-1
17.9851930141	-1
17.9851930141	-1
17.9851930141	-1
17.9851930141	-1
17.9851930141	-1
17.9851930141	-1
17.9851930141	-1
17.9851930141	-1
17.9912018776	-1
17.9912018776	-1
17.9912018776	-1
17.9912018776	-1
17.9912018776	-1
17.9912018776	-1
17.9912018776	-1
17.9912018776	-1
17.995456934	-1
17.995456934	-1
17.995456934	-1
17.995456934	-1
17.995456934	-1
17.995456934	-1
17.995456934	-1
17.995456934	-1
18.0058400631	-1
18.0116488934	-1
18.0116488934	-1
18.0116488934	-1
18.0116488934	-1
18.0116488934	-1
18.0116488934	-1
18.0116488934	-1
18.0208160877	-1
18.0208160877	-1
18.0208160877	-1
18.0208160877	-1
18.0208160877	-1
18.0208160877	-1
18.0208160877	-1
18.0208160877	-1
18.0255630016	-1
18.0255630016	-1
18.0255630016	-1
18.0255630016	-1
18.0255630016	-1
18.0255630016	-1
18.0255630016	-1
18.0255630016	-1
18.0269649029	1
18.0269649029	1
18.0269649029	1
18.0366809368	-1
18.0366809368	-1
18.0366809368	-1
18.0366809368	-1
18.0366809368	-1
18.0366809368	-1
18.0366809368	-1
18.0366809368	-1
18.052325964	-1
18.052325964	-1
18.052325964	-1
18.052325964	-1
18.052325964	-1
18.052325964	-1
18.052325964	-1
18.052325964	-1
18.0580329895	-1
18.0580329895	-1
18.0580329895	-1
18.0580329895	-1
18.0580329895	-1
18.0580329895	-1
18.0580329895	-1
18.0580329895	-1
18.0644218922	-1
18.0644218922	-1
18.0644218922	-1
18.0644218922	-1
18.0644218922	-1
18.0644218922	-1
18.0644218922	-1
18.0644218922	-1
18.072081089	-1
18.072081089	-1
18.072081089	-1
18.072081089	-1
18.072081089	-1
18.072081089	-1
18.072081089	-1
18.072081089	-1
18.0721158981	1
18.0918228626	-1
18.0918228626	-1
18.0918228626	-1
18.0918228626	-1
18.0918228626	-1
18.0918228626	-1
18.0918228626	-1
18.0918228626	-1
18.0982379913	-1
18.0982379913	-1
18.0982379913	-1
18.0982379913	-1
18.0982379913	-1
18.0982379913	-1
18.0982379913	-1
18.0982379913	-1
18.1034078598	-1
18.1034078598	-1
18.1034078598	-1
18.1034078598	-1
18.1034078598	-1
18.1034078598	-1
18.1034078598	-1
18.1034078598	-1
18.1085119247	-1
18.1085119247	-1
18.1085119247	-1
18.1085119247	-1
18.1085119247	-1
18.1085119247	-1
18.1085119247	-1
18.1085119247	-1
18.1213099957	-1
18.125825882	-1
18.125825882	-1
18.125825882	-1
18.125825882	-1
18.125825882	-1
18.125825882	-1
18.125825882	-1
18.1423149109	-1
18.1423149109	-1
18.1423149109	-1
18.1423149109	-1
18.1423149109	-1
18.1423149109	-1
18.1423149109	-1
18.1423149109	-1
18.1553878784	-1
18.1553878784	-1
18.1553878784	-1
18.1553878784	-1
18.1553878784	-1
18.1553878784	-1
18.1553878784	-1
18.1553878784	-1
18.1690270901	-1
18.1690270901	-1
18.1690270901	-1
18.1690270901	-1
18.1690270901	-1
18.1690270901	-1
18.1690270901	-1
18.1690270901	-1
18.171724081	1
18.171724081	1
18.171724081	1
18.171724081	1
18.1846029758	-1
18.1846029758	-1
18.1846029758	-1
18.1846029758	-1
18.1846029758	-1
18.1846029758	-1
18.1846029758	-1
18.1846029758	-1
18.1858820915	1
18.1858820915	1
18.1916480064	-1
18.1916480064	-1
18.1916480064	-1
18.1916480064	-1
18.1916480064	-1
18.1916480064	-1
18.1916480064	-1
18.1916480064	-1
18.2024400234	-1
18.2024400234	-1
18.2024400234	-1
18.2024400234	-1
18.2024400234	-1
18.2024400234	-1
18.2024400234	-1
18.2024400234	-1
18.2160379887	-1
18.2160379887	-1
18.2160379887	-1
18.2160379887	-1
18.2160379887	-1
18.2160379887	-1
18.2160379887	-1
18.2160379887	-1
18.2160739899	1
18.2298109531	-1
18.2298109531	-1
18.2298109531	-1
18.2298109531	-1
18.2298109531	-1
18.2298109531	-1
18.2298109531	-1
18.2298109531	-1
18.2459750175	-1
18.2459750175	-1
18.2459750175	-1
18.2459750175	-1
18.2459750175	-1
18.2459750175	-1
18.2459750175	-1
18.2459750175	-1
18.2529449463	-1
18.2529449463	-1
18.2529449463	-1
18.2529449463	-1
18.2529449463	-1
18.2529449463	-1
18.2529449463	-1
18.2529449463	-1
18.2622718811	-1
18.2622718811	-1
18.2622718811	-1
18.2622718811	-1
18.2622718811	-1
18.2622718811	-1
18.2622718811	-1
18.2622718811	-1
18.2689628601	-1
18.274064064	-1
18.274064064	-1
18.274064064	-1
18.274064064	-1
18.274064064	-1
18.274064064	-1
18.274064064	-1
18.2785279751	-1
18.2785279751	-1
18.2785279751	-1
18.2785279751	-1
18.2785279751	-1
18.2785279751	-1
18.2785279751	-1
18.2785279751	-1
18.2835509777	-1
18.2835509777	-1
18.2835509777	-1
18.2835509777	-1
18.2835509777	-1
18.2835509777	-1
18.2835509777	-1
18.2835509777	-1
18.2889909744	-1
18.2889909744	-1
18.2889909744	-1
18.2889909744	-1
18.2889909744	-1
18.2889909744	-1
18.2889909744	-1
18.2889909744	-1
18.2929918766	-1
18.2945790291	1
18.2945790291	1
18.2945790291	1
18.3032109737	-1
18.3032109737	-1
18.3032109737	-1
18.3032109737	-1
18.3032109737	-1
18.3032109737	-1
18.3032109737	-1
18.3119058609	-1
18.3119058609	-1
18.3119058609	-1
18.3119058609	-1
18.3119058609	-1
18.3119058609	-1
18.3119058609	-1
18.3119058609	-1
18.3173539639	-1
18.3173539639	-1
18.3173539639	-1
18.3173539639	-1
18.3173539639	-1
18.3173539639	-1
18.3173539639	-1
18.3173539639	-1
18.3220629692	-1
18.3220629692	-1
18.3220629692	-1
18.3220629692	-1
18.3220629692	-1
18.3220629692	-1
18.3220629692	-1
18.3220629692	-1
18.3302030563	-1
18.3302030563	-1
18.3302030563	-1
18.3302030563	-1
18.3302030563	-1
18.3302030563	-1
18.3302030563	-1
18.3302030563	-1
18.3325800896	1
18.3325800896	1
18.3343420029	-1
18.3343420029	-1
18.3343420029	-1
18.3343420029	-1
18.3343420029	-1
18.3343420029	-1
18.3343420029	-1
18.3343420029	-1
18.3374018669	-1
18.3374018669	-1
18.3374018669	-1
18.3374018669	-1
18.3374018669	-1
18.3374018669	-1
18.3374018669	-1
18.3374018669	-1
18.3452670574	-1
18.3452670574	-1
18.3452670574	-1
18.3452670574	-1
18.3452670574	-1
18.3452670574	-1
18.3452670574	-1
18.3452670574	-1
18.3537240028	-1
18.3537240028	-1
18.3537240028	-1
18.3537240028	-1
18.3537240028	-1
18.3537240028	-1
18.3537240028	-1
18.3537240028	-1
18.3537590504	1
18.3652648926	-1
18.3652648926	-1
18.3652648926	-1
18.3652648926	-1
18.3652648926	-1
18.3652648926	-1
18.3652648926	-1
18.3652648926	-1
18.3654170036	-1
18.3654170036	-1
18.3654170036	-1
18.3654170036	-1
18.3654170036	-1
18.3654170036	-1
18.3654170036	-1
18.3654170036	-1
18.3658719063	-1
18.3658719063	-1
18.3658719063	-1
18.3658719063	-1
18.3658719063	-1
18.3658719063	-1
18.3658719063	-1
18.3658719063	-1
18.3814809322	-1
18.3815939426	-1
18.3815939426	-1
18.3815939426	-1
18.3815939426	-1
18.3815939426	-1
18.3815939426	-1
18.3977339268	-1
18.3977339268	-1
18.3977870941	-1
18.3977870941	-1
18.4003150463	1
18.4003150463	1
18.4003150463	1
18.4013049603	1
18.4013049603	1
18.4099309444	-1
18.4099309444	-1
18.4099309444	-1
18.4099309444	-1
18.4099309444	-1
18.4141559601	-1
18.4187400341	-1
18.4187400341	-1
18.4187400341	-1
18.4187400341	-1
18.4187400341	-1
18.4187400341	-1
18.4304280281	-1
18.4304280281	-1
18.4304280281	-1
18.4304280281	-1
18.4304280281	-1
18.4304280281	-1
18.4304280281	-1
18.4304280281	-1
18.4471700191	-1
18.4471700191	-1
18.4471700191	-1
18.4471700191	-1
18.4471700191	-1
18.4471700191	-1
18.4471700191	-1
18.4471700191	-1
18.4623250961	1
18.4623250961	1
18.4623250961	1
18.4645340443	-1
18.4645340443	-1
18.4645340443	-1
18.4645340443	-1
18.4645340443	-1
18.4645340443	-1
18.4645340443	-1
18.4645340443	-1
18.4815149307	-1
18.4815149307	-1
18.4815149307	-1
18.4815149307	-1
18.4815149307	-1
18.4815149307	-1
18.4815149307	-1
18.4829649925	1
18.4829649925	1
18.4888710976	-1
18.5041298866	-1
18.5041298866	-1
18.5041298866	-1
18.5041298866	-1
18.5041298866	-1
18.5041298866	-1
18.5041298866	-1
18.5041298866	-1
18.5041680336	1
18.5115120411	-1
18.5115120411	-1
18.5115120411	-1
18.5115120411	-1
18.5115120411	-1
18.5115120411	-1
18.5115120411	-1
18.5115120411	-1
18.5209240913	-1
18.5209240913	-1
18.5209240913	-1
18.5209240913	-1
18.5209240913	-1
18.5209240913	-1
18.5209240913	-1
18.5209240913	-1
18.5246870518	-1
18.5332269669	-1
18.5365839005	-1
18.5365839005	-1
18.5365839005	-1
18.5365839005	-1
18.5365839005	-1
18.5365839005	-1
18.5460250378	-1
18.5460250378	-1
18.5460250378	-1
18.5460250378	-1
18.5460250378	-1
18.5460250378	-1
18.5460250378	-1
18.5460250378	-1
18.5556969643	-1
18.5556969643	-1
18.5556969643	-1
18.5556969643	-1
18.5556969643	-1
18.5556969643	-1
18.5556969643	-1
18.5556969643	-1
18.5712609291	-1
18.5712609291	-1
18.5712609291	-1
18.5712609291	-1
18.5712609291	-1
18.5712609291	-1
18.5712609291	-1
18.5856039524	-1
18.6051599979	-1
18.6051599979	-1
18.6051599979	-1
18.6051599979	-1
18.6051599979	-1
18.6051599979	-1
18.6051599979	-1
18.6051599979	-1
18.6051599979	-1
18.6067509651	1
18.6067509651	1
18.6067509651	1
18.6104149818	-1
18.6104149818	-1
18.6104149818	-1
18.6104149818	-1
18.6104149818	-1
18.6104149818	-1
18.6104149818	-1
18.614989996	-1
18.6192200184	-1
18.6192200184	-1
18.6192200184	-1
18.6192200184	-1
18.6192200184	-1
18.6192200184	-1
18.6192200184	-1
18.6231019497	-1
18.633564949	-1
18.633564949	-1
18.633564949	-1
18.633564949	-1
18.633564949	-1
18.633564949	-1
18.633564949	-1
18.6420428753	-1
18.6420428753	-1
18.6420428753	-1
18.6420428753	-1
18.6420428753	-1
18.6420428753	-1
18.6420428753	-1
18.6420428753	-1
18.6586949825	-1
18.7016029358	-1
18.7016029358	-1
18.7016029358	-1
18.7016029358	-1
18.7016029358	-1
18.7016029358	-1
18.7016029358	-1
18.7457680702	-1
18.7457680702	-1
18.7606818676	-1
18.7606818676	-1
18.7606818676	-1
18.7606818676	-1
18.7606818676	-1
18.7606818676	-1
18.7760539055	-1
18.7760539055	-1
18.7907180786	-1
18.7907180786	-1
18.7907180786	-1
18.7907180786	-1
18.7907180786	-1
18.7907509804	1
18.8035778999	-1
18.815128088	-1
18.815128088	-1
18.815128088	-1
18.815128088	-1
18.815128088	-1
18.815128088	-1
18.815128088	-1
18.8456039429	-1
18.8457069397	-1
18.8457069397	-1
18.8457069397	-1
18.8903598785	-1
18.8903598785	-1
18.8903598785	-1
18.8903598785	-1
18.8903598785	-1
18.8903598785	-1
18.8903598785	-1
18.8903598785	-1
18.9220070839	-1
18.9220070839	-1
18.9220070839	-1
18.9220070839	-1
18.9367508888	-1
18.9388430119	-1
18.9541668892	-1
18.9541668892	-1
18.9541668892	-1
18.9541668892	-1
18.9541668892	-1
18.9541668892	-1
18.9750480652	-1
18.9750480652	-1
18.9750480652	-1
18.9750480652	-1
18.9750480652	-1
18.9750480652	-1
18.9750480652	-1
18.9750480652	-1
18.9939720631	-1
18.9939720631	-1
18.9939720631	-1
18.9939720631	-1
18.9939720631	-1
18.9939720631	-1
18.9939720631	-1
18.9939720631	-1
18.9952559471	1
19.0272080898	-1
19.0272080898	-1
19.0272080898	-1
19.0272080898	-1
19.0272080898	-1
19.0272080898	-1
19.0272080898	-1
19.0272080898	-1
19.0411548615	-1
19.0670399666	-1
19.0670399666	-1
19.0670399666	-1
19.0670399666	-1
19.0670399666	-1
19.0670399666	-1
19.0670399666	-1
19.0736939907	-1
19.0838360786	-1
19.0838360786	-1
19.0838360786	-1
19.1105570793	-1
19.1105570793	-1
19.1105570793	-1
19.1105570793	-1
19.1105570793	-1
19.1105570793	-1
19.1105570793	-1
19.1105570793	-1
19.1332359314	-1
19.1332359314	-1
19.1332359314	-1
19.1332359314	-1
19.1332359314	-1
19.1332359314	-1
19.1332359314	-1
19.1332359314	-1
19.1332709789	1
19.1609520912	-1
19.1609520912	-1
19.1609520912	-1
19.1609520912	-1
19.1609520912	-1
19.1609520912	-1
19.1609520912	-1
19.1609520912	-1
19.1743059158	-1
19.185281992	-1
19.185281992	-1
19.185281992	-1
19.185281992	-1
19.185281992	-1
19.185281992	-1
19.185281992	-1
19.1919159889	-1
19.1970770359	-1
19.1970770359	-1
19.1970770359	-1
19.1970770359	-1
19.1970770359	-1
19.1970770359	-1
19.2319319248	-1
19.2319319248	-1
19.2319319248	-1
19.2319319248	-1
19.2319319248	-1
19.2319319248	-1
19.24198699	-1
19.24198699	-1
19.2527780533	-1
19.2527780533	-1
19.2527780533	-1
19.2527780533	-1
19.272662878	1
19.272662878	1
19.272662878	1
19.272662878	1
19.272662878	1
19.272662878	1
19.272662878	1
19.272662878	1
19.272662878	1
19.272662878	1
19.2755510807	-1
19.2755510807	-1
19.2869410515	-1
19.2869410515	-1
19.2869410515	-1
19.2869410515	-1
19.2869410515	-1
19.2869410515	-1
19.298774004	-1
19.298774004	-1
19.298774004	-1
19.298774004	-1
19.298774004	-1
19.298774004	-1
19.3046300411	-1
19.3065328598	1
19.3065328598	1
19.3065328598	1
19.3200910091	-1
19.3200910091	-1
19.3200910091	-1
19.3346529007	-1
19.3346529007	-1
19.3346529007	-1
19.3547430038	-1
19.3794739246	-1
19.3794739246	-1
19.3794739246	-1
19.3825910091	1
19.3825910091	1
19.3836050034	1
19.3836050034	1
19.3836050034	1
19.3836050034	1
19.3902130127	-1
19.3902130127	-1
19.4081609249	-1
19.4081609249	-1
19.4081609249	-1
19.4181799889	-1
19.4181799889	-1
19.427947998	-1
19.427947998	-1
19.427947998	-1
19.4347319603	-1
19.4347319603	-1
19.4481709003	-1
19.4481709003	-1
19.4481709003	-1
19.4481709003	-1
19.4481709003	-1
19.4533929825	-1
19.4644889832	-1
19.4644889832	-1
19.4769449234	-1
19.4769449234	-1
19.4769449234	-1
19.4769449234	-1
19.480091095	-1
19.4905269146	-1
19.4905269146	-1
19.4905269146	-1
19.4973049164	1
19.4973049164	1
19.4973049164	1
19.500180006	-1
19.500180006	-1
19.5034499168	-1
19.5034499168	-1
19.5034499168	-1
19.5034499168	-1
19.5034499168	-1
19.5034499168	-1
19.5066030025	-1
19.5066030025	-1
19.5130109787	-1
19.5130109787	-1
19.5130109787	-1
19.5130109787	-1
19.5130109787	-1
19.5130109787	-1
19.5130109787	-1
19.5265898705	-1
19.5265898705	-1
19.5265898705	-1
19.5448448658	-1
19.5448448658	-1
19.5448448658	-1
19.5448448658	-1
19.5448448658	-1
19.5448448658	-1
19.5658960342	-1
19.5658960342	-1
19.5659298897	1
19.5707700253	-1
19.5707700253	-1
19.5707700253	-1
19.5707700253	-1
19.5707700253	-1
19.5707700253	-1
19.5842530727	-1
19.5842530727	-1
19.5842530727	-1
19.5842530727	-1
19.5842530727	-1
19.5842530727	-1
19.5842530727	-1
19.5960409641	-1
19.5960409641	-1
19.5960409641	-1
19.5960409641	-1
19.5960409641	-1
19.5960409641	-1
19.6029949188	-1
19.6029949188	-1
19.6099250317	-1
19.6099250317	-1
19.6099250317	-1
19.6275770664	-1
19.6275770664	-1
19.6350519657	-1
19.6350519657	-1
19.6350519657	-1
19.648526907	-1
19.648526907	-1
19.648526907	-1
19.648526907	-1
19.7364020348	-1
19.7364020348	-1
19.7364020348	-1
19.7364020348	-1
19.7364020348	-1
19.7364339828	1
19.7700080872	-1
19.7865879536	-1
19.7865879536	-1
19.7865879536	-1
19.7872779369	1
19.7872779369	1
19.7872779369	1
19.8081409931	-1
19.8081409931	-1
19.8149170876	-1
19.8149170876	-1
19.8149170876	-1
19.8149170876	-1
19.8149170876	-1
19.8149170876	-1
19.8256490231	-1
19.8256490231	-1
19.8316469193	-1
19.8316469193	-1
19.8316469193	-1
19.8316469193	-1
19.8316469193	-1
19.8316469193	-1
19.8404378891	-1
19.8404378891	-1
19.8404378891	-1
19.8404378891	-1
19.8404378891	-1
19.8404378891	-1
19.8404378891	-1
19.8404378891	-1
19.8512470722	-1
19.8617959023	-1
19.8617959023	-1
19.8617959023	-1
19.8712730408	-1
19.8712730408	-1
19.8712730408	-1
19.8712730408	-1
19.8712730408	-1
19.8712730408	-1
19.8755528927	-1
19.8791189194	-1
19.8791189194	-1
19.8791189194	-1
19.8791189194	-1
19.8791189194	-1
19.8826179504	-1
19.8859770298	-1
19.8859770298	-1
19.8859770298	-1
19.8859770298	-1
19.8859770298	-1
19.8859770298	-1
19.8900110722	-1
19.8900110722	-1
19.8900110722	-1
19.8900110722	-1
19.8900110722	-1
19.8964099884	-1
19.8964099884	-1
19.8964099884	-1
19.8964099884	-1
19.8964099884	-1
19.8964099884	-1
19.8964099884	-1
19.8997199535	-1
19.9031300545	-1
19.9031300545	-1
19.9031300545	-1
19.9031300545	-1
19.9031300545	-1
19.9031300545	-1
19.9073979855	-1
19.9073979855	-1
19.9073979855	-1
19.9073979855	-1
19.9073979855	-1
19.9073979855	-1
19.9073979855	-1
19.9229209423	-1
19.9229209423	-1
19.9229209423	-1
19.9229209423	-1
19.9229209423	-1
19.9229209423	-1
19.9577019215	-1
19.9577019215	-1
19.9577019215	-1
19.9577019215	-1
19.9577019215	-1
19.9577019215	-1
19.9577019215	-1
19.9685089588	-1
19.9685089588	-1
19.9850549698	-1
19.9850549698	-1
19.9850549698	-1
19.9850549698	-1
19.9850549698	-1
19.9850549698	-1
19.9850549698	-1
19.9955990314	-1
19.9957208633	-1
19.9957208633	-1
19.9957208633	-1
19.9957208633	-1
19.9957208633	-1
19.9957208633	-1
19.9957208633	-1
20.0033800602	-1
20.0033800602	-1
20.0033800602	-1
20.0033800602	-1
20.0033800602	-1
20.0033800602	-1
20.0033800602	-1
20.0033800602	-1
20.0046319962	1
20.0046319962	1
20.0046319962	1
20.0079259872	-1
20.0079259872	-1
20.0079259872	-1
20.0152568817	-1
20.0152568817	-1
20.0152568817	-1
20.0152568817	-1
20.0152568817	-1
20.0152568817	-1
20.0189220905	-1
20.0240249634	-1
20.0240249634	-1
20.0240249634	-1
20.0240249634	-1
20.0240249634	-1
20.0352940559	-1
20.0352940559	-1
20.0352940559	-1
20.0352940559	-1
20.0352940559	-1
20.0352940559	-1
20.0352940559	-1
20.0352940559	-1
20.0430569649	-1
20.0430569649	-1
20.0430569649	-1
20.0430569649	-1
20.0469269753	-1
20.0469269753	-1
20.0469269753	-1
20.0469269753	-1
20.0469269753	-1
20.0469269753	-1
20.0469269753	-1
20.0537080765	-1
20.0537080765	-1
20.0537080765	-1
20.0574259758	-1
20.0574259758	-1
20.0574259758	-1
20.0574259758	-1
20.0574259758	-1
20.0738730431	-1
20.0738730431	-1
20.0738730431	-1
20.0792560577	-1
20.0792560577	-1
20.1056759357	-1
20.1056759357	-1
20.1056759357	-1
20.1056759357	-1
20.1056759357	-1
20.1056759357	-1
20.1056759357	-1
20.1056759357	-1
20.1337759495	1
20.1337759495	1
20.1337759495	1
20.2694709301	-1
20.2694709301	-1
20.2790808678	1
20.2790808678	1
20.2790808678	1
20.3395659924	-1
20.3395659924	-1
20.3395659924	-1
20.3416099548	1
20.3416099548	1
20.3416099548	1
20.3416099548	1
20.4147250652	-1
20.4771490097	1
20.5896708965	-1
20.6250169277	1
20.6250169277	1
20.6250169277	1
20.7252569199	-1
20.7585530281	-1
20.7585530281	-1
20.7585530281	-1
20.7585530281	-1
20.7761650085	-1
20.7761650085	-1
20.7887260914	-1
20.7887260914	-1
20.7887260914	-1
20.7887370586	1
20.7887370586	1
20.8254210949	-1
20.8254210949	-1
20.8342950344	1
20.8342950344	1
20.8342950344	1
20.8473410606	-1
20.8473410606	-1
20.8474559784	1
20.8474559784	1
20.8806090355	-1
20.8806090355	-1
20.8806090355	-1
20.8806090355	-1
20.8806090355	-1
20.895457983	1
20.895457983	1
20.895457983	1
20.9193229675	1
20.9193229675	1
21.0293610096	-1
21.0558810234	-1
21.0558810234	-1
21.0558810234	-1
21.0558810234	-1
21.1431629658	1
21.1431629658	1
21.1884219646	-1
21.1884219646	-1
21.2126710415	-1
21.2126710415	-1
21.2126710415	-1
21.2357518673	1
21.2357518673	1
21.2357518673	1
21.279779911	-1
21.279779911	-1
21.3089859486	-1
21.3089859486	-1
21.3089859486	-1
21.3089859486	-1
21.3089859486	-1
21.3089859486	-1
21.3099780083	1
21.3099780083	1
21.3099780083	1
21.3523359299	-1
21.3523359299	-1
21.3523359299	-1
21.3581218719	-1
21.3581218719	-1
21.3581218719	-1
21.3581218719	-1
21.3581218719	-1
21.379611969	1
21.379611969	1
21.3812510967	1
21.3812510967	1
21.3812510967	1
21.4102540016	-1
21.4102540016	-1
21.4102540016	-1
21.4102540016	-1
21.4102540016	-1
21.4102540016	-1
21.4102540016	-1
21.4102540016	-1
21.4266200066	-1
21.4266200066	-1
21.4266200066	-1
21.4266200066	-1
21.4266200066	-1
21.4266200066	-1
21.4266200066	-1
21.4266200066	-1
21.4266560078	1
21.4266560078	1
21.4330770969	-1
21.4377670288	-1
21.4377670288	-1
21.4377670288	-1
21.45429492	-1
21.45429492	-1
21.4635100365	-1
21.4635100365	-1
21.4635100365	-1
21.4635100365	-1
21.4635100365	-1
21.4635100365	-1
21.4732980728	-1
21.4732980728	-1
21.4732980728	-1
21.4732980728	-1
21.4989700317	1
21.4989700317	1
21.4989700317	1
21.5646650791	-1
21.5646650791	-1
21.5646650791	-1
21.591919899	-1
21.591919899	-1
21.591919899	-1
21.591919899	-1
21.591919899	-1
21.591919899	-1
21.6233248711	-1
21.6568040848	1
21.6568040848	1
21.6568040848	1
21.7926449776	-1
21.7926449776	-1
21.7939269543	1
21.7939269543	1
21.7939269543	1
21.875483036	-1
21.875483036	-1
21.875483036	-1
21.885874033	-1
21.885874033	-1
21.9298679829	-1
21.9298679829	-1
21.932213068	1
21.932213068	1
21.932213068	1
22.0660939217	-1
22.1936209202	-1
22.1936209202	-1
22.1936209202	-1
22.2019360065	-1
22.2019469738	1
22.2019469738	1
22.2359859943	-1
22.2359859943	-1
22.2359859943	-1
22.2359859943	-1
22.2359859943	-1
22.2392430305	-1
22.2445058823	-1
22.2445058823	-1
22.2445058823	-1
22.2445058823	-1
22.2489988804	1
22.2489988804	1
22.2489988804	1
22.2914860249	-1
22.3100850582	-1
22.3100850582	-1
22.3374230862	-1
22.3560669422	1
22.3560669422	1
22.3560669422	1
22.3839640617	-1
22.3839640617	-1
22.3839640617	-1
22.4728939533	1
22.4749360085	1
22.4749360085	1
22.4749360085	1
22.5278198719	-1
22.5278198719	-1
22.5278198719	-1
22.55418396	-1
22.55418396	-1
22.6084120274	-1
22.7437958717	-1
22.7726299763	-1
22.7726299763	-1
22.7726299763	-1
22.7726299763	-1
22.8062119484	-1
22.8062119484	-1
22.809071064	1
22.8345279694	-1
22.8345279694	-1
22.8345279694	-1
22.8345279694	-1
22.8345279694	-1
22.8483788967	-1
22.8483788967	-1
22.8541929722	-1
22.8541929722	-1
22.8541929722	-1
22.8541929722	-1
22.8541929722	-1
22.8541929722	-1
22.8647398949	-1
22.8647398949	-1
22.8647398949	-1
22.8647398949	-1
22.869756937	-1
22.8816549778	-1
22.8816549778	-1
22.8816549778	-1
22.8816549778	-1
22.8816549778	-1
22.8816549778	-1
22.8816549778	-1
22.8941290379	-1
22.9058840275	-1
22.9058840275	-1
22.9058840275	-1
22.9058840275	-1
22.9367308617	-1
22.9367308617	-1
22.9367308617	-1
22.9367308617	-1
22.9367308617	-1
22.9367308617	-1
22.9562399387	-1
22.9562399387	-1
22.9562718868	1
22.963944912	-1
22.963944912	-1
22.963944912	-1
22.963944912	-1
22.963944912	-1
22.963944912	-1
22.963944912	-1
22.9692020416	-1
22.9692020416	-1
22.9692020416	-1
22.9753880501	-1
22.9894149303	-1
22.9894149303	-1
22.9894149303	-1
22.9894149303	-1
22.9894149303	-1
22.9894149303	-1
22.9894149303	-1
22.9994680882	-1
23.0037889481	-1
23.0037889481	-1
23.0037889481	-1
23.0283029079	-1
23.0283029079	-1
23.036536932	-1
23.036536932	-1
23.036536932	-1
23.036536932	-1
23.036536932	-1
23.036536932	-1
23.0436239243	-1
23.0436239243	-1
23.0436239243	-1
23.0436239243	-1
23.0436239243	-1
23.0436239243	-1
23.0436239243	-1
23.0593299866	-1
23.0593299866	-1
23.0593299866	-1
23.0593299866	-1
23.0593299866	-1
23.0593299866	-1
23.0654718876	-1
23.0776760578	-1
23.0776760578	-1
23.0776760578	-1
23.0776760578	-1
23.0776760578	-1
23.0776760578	-1
23.0776760578	-1
23.0821809769	-1
23.0821809769	-1
23.1104230881	-1
23.1104230881	-1
23.1104550362	1
23.1378750801	-1
23.1378750801	-1
23.1721739769	-1
23.1721739769	-1
23.1721739769	-1
23.1794769764	-1
23.1794769764	-1
23.1794769764	-1
23.317841053	1
23.3852629662	1
23.3852629662	1
23.3852629662	1
23.3854730129	1
23.3854730129	1
23.3854730129	1
23.3854730129	1
23.3857800961	1
23.4935560226	-1
23.6564240456	-1
23.6564240456	-1
23.6564240456	-1
23.6695699692	-1
23.7346959114	-1
23.7346959114	-1
23.7346959114	-1
23.7822608948	-1
23.7822608948	-1
23.7822608948	-1
23.8612289429	1
23.8660149574	1
23.8660149574	1
23.8660149574	1
23.8660149574	1
23.8660149574	1
23.8660149574	1
23.8660149574	1
23.8660149574	1
23.8660149574	1
23.8661549091	1
23.8661549091	1
23.8661549091	1
23.8661549091	1
23.8689610958	1
23.8712089062	1
23.8712089062	1
23.8712089062	1
23.8712089062	1
23.8712089062	1
23.8712089062	1
23.8712089062	1
23.8712089062	1
23.8712949753	1
23.8712949753	1
23.8712949753	1
23.8712949753	1
23.8712949753	1
23.8714399338	1
23.8714399338	1
23.8714399338	1
23.8714399338	1
23.8714399338	1
23.8714399338	1
23.8714399338	1
23.8714399338	1
23.8715109825	1
23.8715109825	1
23.8715109825	1
23.8715109825	1
23.8715109825	1
23.8715109825	1
23.8715109825	1
23.8715109825	1
24.0016179085	1
24.0016179085	1
24.1322700977	-1
24.1371839046	1
24.4117178917	-1
