0.0	1
0.250597000122	1
1.8975610733	-1
1.89845609665	1
2.03105306625	-1
2.03175210953	1
2.03698611259	1
2.03698611259	1
2.03698611259	1
2.03698611259	1
2.03698611259	1
2.03698611259	1
2.77255415916	-1
2.77427506447	1
2.94023108482	-1
2.94162297249	1
3.06123805046	-1
3.06123805046	-1
3.06123805046	-1
3.07410097122	-1
3.07414197922	1
3.07414197922	1
3.23480606079	-1
3.23484802246	1
3.35453605652	-1
3.35453605652	-1
3.35453605652	-1
3.35453605652	-1
3.35453605652	-1
3.35453605652	-1
3.35453605652	-1
3.35453605652	-1
3.38029313087	1
3.50247216225	-1
3.50247216225	-1
3.50247216225	-1
3.50247216225	-1
3.50247216225	-1
3.50247216225	-1
3.51273012161	-1
3.63059711456	1
3.68205094337	-1
3.68205094337	-1
3.91618299484	-1
4.01597309113	-1
4.01597309113	-1
4.01597309113	-1
4.01597309113	-1
4.01597309113	-1
4.01597309113	-1
4.01597309113	-1
4.01597309113	-1
4.01951599121	-1
4.02263116837	-1
4.02263116837	-1
4.04865717888	-1
4.09643602371	-1
4.09643602371	-1
4.09643602371	-1
4.09643602371	-1
4.09643602371	-1
4.53558111191	-1
4.53684401512	1
4.8707549572	-1
5.04595899582	-1
5.06264305115	1
5.31243610382	1
5.88513708115	-1
6.05394911766	-1
6.06136703491	1
6.52278709412	-1
6.52409005165	1
6.71068000793	-1
8.06417798996	1
8.19632315636	1
8.19632315636	1
8.65688705444	-1
8.78926110268	-1
8.80488300323	1
8.80716896057	1
8.80716896057	1
8.80716896057	1
9.35377717018	-1
9.35647702217	-1
9.35647702217	-1
9.35647702217	-1
9.35647702217	-1
9.35647702217	-1
9.35647702217	-1
9.37984800339	-1
9.37984800339	-1
9.37984800339	-1
9.37984800339	-1
9.37984800339	-1
9.43725204468	1
9.44220709801	1
9.44220709801	1
9.44220709801	1
9.48885297775	-1
9.49113512039	1
9.49113512039	1
9.49127411842	1
9.49127411842	1
9.49127411842	1
9.7018289566	1
9.80092716217	-1
9.83396100998	1
9.84895014763	-1
9.84895014763	-1
9.84895014763	-1
9.90819406509	-1
9.90819406509	-1
9.91575098038	-1
9.91575098038	-1
9.91575098038	-1
9.91575098038	-1
9.91575098038	-1
9.91575098038	-1
9.96911501884	1
9.96930408478	1
9.96930408478	1
9.96930408478	1
9.96930408478	1
9.96930408478	1
9.96930408478	1
9.99482798576	-1
9.99482798576	-1
9.99482798576	-1
10.0070159435	-1
10.0070159435	-1
10.0182549953	-1
10.0182549953	-1
10.0182549953	-1
10.0182549953	-1
10.0182549953	-1
10.0183651447	-1
10.0344901085	-1
10.0344901085	-1
10.0344901085	-1
10.0344901085	-1
10.0344901085	-1
10.0687351227	-1
10.0687351227	-1
10.0687351227	-1
10.0687351227	-1
10.0687351227	-1
10.0687351227	-1
10.0687351227	-1
10.0687351227	-1
10.0687351227	-1
10.093585968	-1
10.093585968	-1
10.093585968	-1
10.093585968	-1
10.093585968	-1
10.093585968	-1
10.0938131809	-1
10.1047770977	1
10.1047770977	1
10.1218299866	-1
10.1218299866	-1
10.1218299866	-1
10.1218299866	-1
10.2543420792	-1
10.3057661057	-1
10.3057661057	-1
10.3057661057	-1
10.3066380024	1
10.336507082	-1
10.336507082	-1
10.336507082	-1
10.336507082	-1
10.336507082	-1
10.336507082	-1
10.336507082	-1
10.336507082	-1
10.3474590778	-1
10.3474590778	-1
10.3474590778	-1
10.3474590778	-1
10.3474590778	-1
10.3474590778	-1
10.3474590778	-1
10.3625640869	-1
10.3802900314	-1
10.3802900314	-1
10.3802900314	-1
10.3870351315	-1
10.3870351315	-1
10.3870351315	-1
10.3870351315	-1
10.3870351315	-1
10.4182350636	-1
10.4182350636	-1
10.4182350636	-1
10.4182350636	-1
10.4182350636	-1
10.4182350636	-1
10.4182350636	-1
10.4182350636	-1
10.4185841084	-1
10.4185841084	-1
10.4185841084	-1
10.4185841084	-1
10.4345550537	-1
10.4737710953	-1
10.4737710953	-1
10.4737710953	-1
10.4737710953	-1
10.4737710953	-1
10.4737889767	1
10.490666151	-1
10.490666151	-1
10.490666151	-1
10.490666151	-1
10.490666151	-1
10.490666151	-1
10.490666151	-1
10.490666151	-1
10.5059449673	-1
10.5059449673	-1
10.5059449673	-1
10.5059449673	-1
10.5059449673	-1
10.5059449673	-1
10.5059449673	-1
10.5201570988	-1
10.5201570988	-1
10.5201570988	-1
10.5345921516	-1
10.5345921516	-1
10.5345921516	-1
10.5345921516	-1
10.5345921516	-1
10.5345921516	-1
10.5345921516	-1
10.5345921516	-1
10.5512831211	-1
10.5512831211	-1
10.5577020645	-1
10.5577020645	-1
10.5577020645	-1
10.5577020645	-1
10.5577020645	-1
10.5577020645	-1
10.5577020645	-1
10.5577020645	-1
10.6058621407	-1
10.6058621407	-1
10.6058621407	-1
10.6060459614	-1
10.6060459614	-1
10.6060459614	-1
10.6060459614	-1
10.6060459614	-1
10.6060459614	-1
10.6060459614	-1
10.6060459614	-1
10.6064140797	-1
10.6064140797	-1
10.6064140797	-1
10.6065371037	-1
10.6065371037	-1
10.6066401005	-1
10.6066401005	-1
10.6386120319	-1
10.6386120319	-1
10.6386120319	-1
10.6386120319	-1
10.6386120319	-1
10.6386120319	-1
10.6386451721	1
10.652531147	-1
10.652531147	-1
10.652531147	-1
10.6605989933	-1
10.6605989933	-1
10.6605989933	-1
10.6651661396	-1
10.6759359837	-1
10.6759359837	-1
10.6759359837	-1
10.680175066	-1
10.680175066	-1
10.680175066	-1
10.680175066	-1
10.680175066	-1
10.680175066	-1
10.7391121387	-1
10.7408950329	1
10.7408950329	1
10.7408950329	1
10.7542099953	-1
10.7542099953	-1
10.7542099953	-1
10.7605359554	-1
10.7605359554	-1
10.7605359554	-1
10.8207631111	-1
10.8207631111	-1
10.833851099	-1
10.833851099	-1
10.833851099	-1
10.833851099	-1
10.833851099	-1
10.833851099	-1
10.8587310314	-1
10.8587310314	-1
10.8587310314	-1
10.8587310314	-1
10.8675780296	-1
10.8847999573	-1
10.8847999573	-1
10.8847999573	-1
10.8847999573	-1
10.8847999573	-1
10.8847999573	-1
10.9152929783	-1
10.9152929783	-1
10.9152929783	-1
10.9291551113	-1
10.9291551113	-1
10.9362201691	-1
10.9362201691	-1
10.9362201691	-1
10.9362201691	-1
10.9362201691	-1
10.9488551617	-1
10.9488551617	-1
10.9488551617	-1
10.9488551617	-1
10.9488551617	-1
10.9488551617	-1
10.9488880634	1
10.9663059711	-1
10.9663059711	-1
10.9663059711	-1
10.9663059711	-1
10.9663059711	-1
10.9663059711	-1
10.9663059711	-1
10.9663059711	-1
10.979460001	-1
10.979460001	-1
10.979460001	-1
10.979460001	-1
10.979460001	-1
10.979460001	-1
10.9880731106	-1
10.9880731106	-1
10.9880731106	-1
10.9954669476	-1
10.9954669476	-1
11.0083451271	-1
11.0083451271	-1
11.0083451271	-1
11.0083451271	-1
11.0083451271	-1
11.0841200352	-1
11.0841610432	1
11.0888290405	-1
11.0888290405	-1
11.0888290405	-1
11.0888290405	-1
11.0888290405	-1
11.0888290405	-1
11.0888290405	-1
11.0948700905	-1
11.1053540707	-1
11.1053540707	-1
11.1053540707	-1
11.1053540707	-1
11.1053540707	-1
11.1107001305	-1
11.1160860062	-1
11.1160860062	-1
11.1160860062	-1
11.1160860062	-1
11.1160860062	-1
11.1160860062	-1
11.1160860062	-1
11.1197900772	-1
11.1239070892	-1
11.1239070892	-1
11.1239070892	-1
11.1239070892	-1
11.1239070892	-1
11.1239070892	-1
11.1239070892	-1
11.1271851063	-1
11.131893158	-1
11.131893158	-1
11.131893158	-1
11.131893158	-1
11.131893158	-1
11.131893158	-1
11.131893158	-1
11.1352710724	-1
11.1409051418	-1
11.1409051418	-1
11.1648650169	-1
11.1648650169	-1
11.1648650169	-1
11.1648650169	-1
11.1648650169	-1
11.1648650169	-1
11.1648650169	-1
11.1648650169	-1
11.1700110435	-1
11.1700110435	-1
11.1700110435	-1
11.1700110435	-1
11.1700110435	-1
11.1700110435	-1
11.1700110435	-1
11.2167799473	-1
11.2167799473	-1
11.2167799473	-1
11.2168209553	1
11.2168209553	1
11.2168450356	-1
11.2170059681	-1
11.2170059681	-1
11.2170059681	-1
11.2170059681	-1
11.2170059681	-1
11.2170059681	-1
11.2475981712	-1
11.2475981712	-1
11.2475981712	-1
11.2475981712	-1
11.2475981712	-1
11.2475981712	-1
11.2475981712	-1
11.2475981712	-1
11.2475981712	-1
11.2485170364	-1
11.2485170364	-1
11.2485170364	-1
11.2485170364	-1
11.2485170364	-1
11.2485170364	-1
11.2485170364	-1
11.2485170364	-1
11.2487840652	-1
11.2487840652	-1
11.2487840652	-1
11.2487840652	-1
11.2487840652	-1
11.2487840652	-1
11.256814003	-1
11.2644109726	-1
11.2644109726	-1
11.2644109726	-1
11.2741291523	-1
11.2741291523	-1
11.2741291523	-1
11.2777409554	-1
11.2777409554	-1
11.2777409554	-1
11.2777409554	-1
11.2777409554	-1
11.2974410057	-1
11.2974410057	-1
11.3126001358	-1
11.3126001358	-1
11.3126001358	-1
11.3126001358	-1
11.3126001358	-1
11.3126001358	-1
11.3126001358	-1
11.3288180828	-1
11.3288180828	-1
11.3288180828	-1
11.3429691792	-1
11.3555350304	-1
11.3555350304	-1
11.3555350304	-1
11.3555350304	-1
11.3555350304	-1
11.3555350304	-1
11.3555791378	1
11.3601391315	-1
11.3601391315	-1
11.3687181473	-1
11.3687181473	-1
11.3687181473	-1
11.3687181473	-1
11.3687181473	-1
11.3687181473	-1
11.3870921135	-1
11.3870921135	-1
11.3870921135	-1
11.3984880447	-1
11.3984880447	-1
11.4040570259	-1
11.4040570259	-1
11.4040570259	-1
11.4040570259	-1
11.4040570259	-1
11.4174070358	-1
11.4174070358	-1
11.4174070358	-1
11.4174070358	-1
11.4174070358	-1
11.4174070358	-1
11.427106142	-1
11.427106142	-1
11.4593760967	-1
11.4593760967	-1
11.4593760967	-1
11.4593760967	-1
11.4593760967	-1
11.4753000736	-1
11.5093569756	-1
11.5093569756	-1
11.5093901157	1
11.5093901157	1
11.521294117	-1
11.521294117	-1
11.521294117	-1
11.5586390495	-1
11.5586390495	-1
11.5586390495	-1
11.5586390495	-1
11.5700559616	-1
11.5884890556	-1
11.5884890556	-1
11.5884890556	-1
11.6172411442	-1
11.6172411442	-1
11.6172411442	-1
11.6172411442	-1
11.6172411442	-1
11.6172411442	-1
11.6172411442	-1
11.621817112	-1
11.621817112	-1
11.621817112	-1
11.621817112	-1
11.6369161606	-1
11.6369161606	-1
11.6402361393	-1
11.6402361393	-1
11.6402361393	-1
11.6402361393	-1
11.6402361393	-1
11.6458029747	-1
11.6500451565	-1
11.6500451565	-1
11.6500451565	-1
11.6500451565	-1
11.6500451565	-1
11.6500451565	-1
11.6500451565	-1
11.6536290646	-1
11.6649711132	-1
11.6649711132	-1
11.6649711132	-1
11.6649711132	-1
11.6649711132	-1
11.6649711132	-1
11.6649711132	-1
11.6889131069	-1
11.6901161671	1
11.7026410103	-1
11.7026410103	-1
11.7026410103	-1
11.7026410103	-1
11.7026410103	-1
11.7026410103	-1
11.7026410103	-1
11.7089891434	-1
11.7268869877	-1
11.7268869877	-1
11.7268869877	-1
11.7268869877	-1
11.7268869877	-1
11.7268869877	-1
11.7268869877	-1
11.7484929562	-1
11.7486059666	-1
11.7486059666	-1
11.7486059666	-1
11.7486059666	-1
11.7486059666	-1
11.7486059666	-1
11.7486059666	-1
11.7625169754	-1
11.7625169754	-1
11.7625169754	-1
11.7625169754	-1
11.7625169754	-1
11.7625169754	-1
11.7625169754	-1
11.7625169754	-1
11.7719621658	-1
11.7719621658	-1
11.7719621658	-1
11.7719621658	-1
11.7719621658	-1
11.7719621658	-1
11.7719621658	-1
11.7719621658	-1
11.8087379932	-1
11.8087379932	-1
11.811519146	-1
11.811519146	-1
11.811519146	-1
11.811519146	-1
11.811519146	-1
11.811519146	-1
11.811519146	-1
11.8147821426	-1
11.8147821426	-1
11.8147821426	-1
11.8147821426	-1
11.8147821426	-1
11.8147821426	-1
11.8147821426	-1
11.8209609985	-1
11.8209609985	-1
11.8209609985	-1
11.8209609985	-1
11.8209609985	-1
11.8209609985	-1
11.8209609985	-1
11.8209609985	-1
11.8390021324	-1
11.8390021324	-1
11.8390021324	-1
11.8390021324	-1
11.8390021324	-1
11.8390021324	-1
11.8390021324	-1
11.8390021324	-1
11.8390340805	1
11.8390340805	1
11.8509750366	-1
11.8509750366	-1
11.8509750366	-1
11.8509750366	-1
11.8509750366	-1
11.8509750366	-1
11.8509750366	-1
11.8509750366	-1
11.906028986	-1
11.906028986	-1
11.906028986	-1
11.906028986	-1
11.906028986	-1
11.906028986	-1
11.906028986	-1
11.906028986	-1
11.9100830555	-1
11.9100830555	-1
11.9100830555	-1
11.9100830555	-1
11.9100830555	-1
11.9100830555	-1
11.9100830555	-1
11.932281971	-1
11.932281971	-1
11.932281971	-1
11.932281971	-1
11.932281971	-1
11.932281971	-1
11.932281971	-1
11.932281971	-1
11.9473750591	-1
11.9473750591	-1
11.9587481022	-1
11.9587481022	-1
11.9587481022	-1
11.9587481022	-1
11.9587481022	-1
11.9587481022	-1
11.9587481022	-1
11.9644341469	-1
11.9644341469	-1
11.9644341469	-1
11.9644341469	-1
11.9644341469	-1
11.9644341469	-1
11.9644341469	-1
11.9838881493	-1
11.9839270115	1
12.0080959797	-1
12.0080959797	-1
12.0080959797	-1
12.0080959797	-1
12.0080959797	-1
12.0080959797	-1
12.0080959797	-1
12.0080959797	-1
12.0164301395	-1
12.0164301395	-1
12.0164301395	-1
12.0164301395	-1
12.0164301395	-1
12.0164301395	-1
12.0164301395	-1
12.0164301395	-1
12.0296809673	-1
12.043790102	-1
12.043790102	-1
12.0768091679	1
12.0768091679	1
12.0768091679	1
12.0773539543	1
12.0773539543	1
12.1163010597	1
12.3015160561	1
13.0054039955	-1
13.0092051029	-1
13.0092051029	-1
13.0092051029	-1
13.0092051029	-1
13.1554601192	1
13.2876861095	1
13.6380710602	-1
13.6608841419	-1
13.6608841419	-1
13.6608841419	-1
13.6608841419	-1
13.8802771568	-1
13.8802771568	-1
13.8802771568	-1
13.8820471764	1
13.89103508	-1
13.89103508	-1
13.89103508	-1
13.89103508	-1
13.89103508	-1
13.89103508	-1
13.89103508	-1
13.89833498	-1
13.89833498	-1
13.89833498	-1
13.89833498	-1
13.89833498	-1
13.89833498	-1
13.89833498	-1
13.9474411011	-1
13.9474411011	-1
13.9474411011	-1
13.9474411011	-1
13.9474411011	-1
13.9474411011	-1
13.9474411011	-1
13.9474411011	-1
14.0128309727	-1
14.0128309727	-1
14.0128791332	-1
14.0128791332	-1
14.0128791332	-1
14.0128791332	-1
14.0128791332	-1
14.0128791332	-1
14.0131800175	-1
14.0131800175	-1
14.0131800175	-1
14.0131800175	-1
14.0131800175	-1
14.0131800175	-1
14.0131800175	-1
14.0143041611	1
14.0143041611	1
14.0309100151	-1
14.0310330391	-1
14.0310330391	-1
14.0310330391	-1
14.0310330391	-1
14.0310330391	-1
14.0310330391	-1
14.0310330391	-1
14.0312790871	-1
14.0314011574	-1
14.0314011574	-1
14.0314011574	-1
14.0314011574	-1
14.0314011574	-1
14.0314011574	-1
14.0314011574	-1
14.0799779892	-1
14.0799779892	-1
14.0799779892	-1
14.0799779892	-1
14.0799779892	-1
14.0799779892	-1
14.0799779892	-1
14.0799779892	-1
14.1060571671	-1
14.1060571671	-1
14.1060571671	-1
14.1060571671	-1
14.1060571671	-1
14.1060571671	-1
14.1060571671	-1
14.1064150333	-1
14.1064150333	-1
14.1064150333	-1
14.1064150333	-1
14.1064150333	-1
14.1064150333	-1
14.1064150333	-1
14.1064150333	-1
14.1457960606	-1
14.1457960606	-1
14.1457960606	-1
14.1457960606	-1
14.1457960606	-1
14.1457960606	-1
14.1457960606	-1
14.1457960606	-1
14.1460411549	-1
14.1461641788	-1
14.1461641788	-1
14.1461641788	-1
14.1461641788	-1
14.1462869644	-1
14.1462869644	-1
14.1462869644	-1
14.1462869644	-1
14.1462869644	-1
14.1462869644	-1
14.1462869644	-1
14.164083004	1
14.164083004	1
14.1641030312	-1
14.1641030312	-1
14.1641030312	-1
14.1641030312	-1
14.1641030312	-1
14.1641030312	-1
14.1641030312	-1
14.1641030312	-1
14.1645541191	-1
14.1645541191	-1
14.1645541191	-1
14.1645541191	-1
14.1645541191	-1
14.1645541191	-1
14.1645541191	-1
14.1645541191	-1
14.1649081707	-1
14.1649081707	-1
14.1649081707	-1
14.1649081707	-1
14.1649081707	-1
14.1649081707	-1
14.1649081707	-1
14.1649081707	-1
14.2387211323	-1
14.2387211323	-1
14.2387211323	-1
14.2387211323	-1
14.2387211323	-1
14.2387211323	-1
14.2387211323	-1
14.2390389442	-1
14.2391631603	-1
14.2391631603	-1
14.2391631603	-1
14.2391631603	-1
14.2391631603	-1
14.2391631603	-1
14.2391631603	-1
14.3335511684	1
14.3912761211	-1
14.5238139629	-1
14.5854551792	-1
14.5854551792	-1
14.5854551792	-1
14.6293799877	-1
14.6293799877	-1
14.6588180065	-1
14.6588180065	-1
14.6588180065	-1
14.666918993	-1
14.666918993	-1
14.666918993	-1
14.666918993	-1
14.666918993	-1
14.666918993	-1
14.666918993	-1
14.666918993	-1
14.6706981659	-1
14.6706981659	-1
14.6706981659	-1
14.6706981659	-1
14.6706981659	-1
14.6706981659	-1
14.7441589832	1
14.7665359974	1
14.7665359974	1
14.7665359974	1
14.8764121532	1
14.8923990726	-1
15.0147721767	1
15.0247759819	-1
15.1855070591	1
15.1855070591	1
15.2300190926	-1
15.2599389553	-1
15.2599389553	-1
15.2599389553	-1
16.0674850941	1
16.1997189522	1
18.0421550274	-1
18.0695080757	-1
18.0695080757	-1
18.0695080757	-1
18.0695080757	-1
18.0695080757	-1
18.0695080757	-1
18.0695080757	-1
18.0695080757	-1
18.070348978	1
18.0825130939	-1
18.0825130939	-1
18.0825130939	-1
18.0825130939	-1
18.0825130939	-1
18.0825130939	-1
18.0825130939	-1
18.0825130939	-1
18.0873639584	-1
18.0873639584	-1
18.0873639584	-1
18.2019641399	-1
18.2019641399	-1
18.2019641399	-1
18.2019641399	-1
18.2019641399	-1
18.2019641399	-1
18.2019641399	-1
18.2138211727	-1
18.2138681412	-1
18.2138681412	-1
18.2138681412	-1
18.2138681412	-1
18.2138681412	-1
18.2138681412	-1
18.2138681412	-1
18.2291779518	-1
18.2291779518	-1
18.2291779518	-1
18.2291779518	-1
18.2291779518	-1
18.2291779518	-1
18.2291779518	-1
18.2291779518	-1
18.2581210136	-1
18.2581210136	-1
18.2581210136	-1
18.2581210136	-1
18.2581210136	-1
18.2581210136	-1
18.2581210136	-1
18.2581210136	-1
18.2594020367	1
18.2823431492	-1
18.2823431492	-1
18.282446146	-1
18.282446146	-1
18.282446146	-1
18.282446146	-1
18.282446146	-1
18.282446146	-1
18.3344199657	-1
18.3344199657	-1
18.3344199657	-1
18.3344199657	-1
18.3344199657	-1
18.3344199657	-1
18.3344199657	-1
18.3344199657	-1
18.3592610359	-1
18.3637051582	-1
18.3637051582	-1
18.3637051582	-1
18.3637051582	-1
18.3637051582	-1
18.3637051582	-1
18.3637051582	-1
18.3685979843	-1
18.3806800842	-1
18.3806800842	-1
18.3806800842	-1
18.3806800842	-1
18.3806800842	-1
18.3806800842	-1
18.3806800842	-1
18.3905110359	-1
18.4113380909	-1
18.4113380909	-1
18.4113380909	-1
18.4113380909	-1
18.4113380909	-1
18.4113380909	-1
18.4113380909	-1
18.4153690338	-1
18.4219870567	-1
18.4219870567	-1
18.4219870567	-1
18.4219870567	-1
18.4219870567	-1
18.4219870567	-1
18.4219870567	-1
18.4391741753	-1
18.5201611519	-1
18.5201611519	-1
18.5201611519	-1
18.5201611519	-1
18.5201611519	-1
18.5457141399	-1
18.5467340946	1
18.5594160557	-1
18.5594160557	-1
18.5594160557	-1
18.5594160557	-1
18.5594160557	-1
18.5594160557	-1
18.584100008	-1
18.584100008	-1
18.584100008	-1
18.584100008	-1
18.584100008	-1
18.584100008	-1
18.584100008	-1
18.584100008	-1
18.6014389992	-1
18.6105310917	-1
18.6105310917	-1
18.6105310917	-1
18.6105310917	-1
18.6105310917	-1
18.6105310917	-1
18.6105310917	-1
18.6184761524	-1
18.6365351677	-1
18.6365351677	-1
18.6365351677	-1
18.6365351677	-1
18.6365351677	-1
18.6365351677	-1
18.6365351677	-1
18.652269125	-1
18.6827399731	-1
18.6827399731	-1
18.6827399731	-1
18.6827399731	-1
18.6827399731	-1
18.6827399731	-1
18.6827399731	-1
18.6827740669	1
18.6827740669	1
18.695786953	-1
18.7020831108	-1
18.7020831108	-1
18.7020831108	-1
18.7020831108	-1
18.7020831108	-1
18.7020831108	-1
18.7020831108	-1
18.7090351582	-1
18.7149851322	-1
18.7149851322	-1
18.7149851322	-1
18.7264420986	-1
18.7264420986	-1
18.7264420986	-1
18.7264420986	-1
18.7264420986	-1
18.7264420986	-1
18.7264420986	-1
18.7524380684	-1
18.7524831295	-1
18.7524831295	-1
18.7524831295	-1
18.7524831295	-1
18.7524831295	-1
18.7524831295	-1
18.7524831295	-1
18.7682511806	-1
18.7682511806	-1
18.7682511806	-1
18.7682511806	-1
18.7682511806	-1
18.7682511806	-1
18.7682511806	-1
18.7682511806	-1
18.7699329853	1
18.7699329853	1
18.7699329853	1
18.7894279957	-1
18.7894279957	-1
18.7894279957	-1
18.7894279957	-1
18.7894279957	-1
18.7894279957	-1
18.7894279957	-1
18.7894279957	-1
18.806399107	-1
18.806399107	-1
18.806399107	-1
18.806399107	-1
18.806399107	-1
18.806399107	-1
18.806399107	-1
18.806399107	-1
18.8587930202	-1
18.9922971725	-1
18.9922971725	-1
18.992331028	1
19.0670490265	1
19.0670490265	1
19.0670490265	1
19.0670490265	1
19.3961760998	-1
19.5660090446	-1
19.6982381344	-1
20.0680789948	1
20.0808770657	-1
20.2133960724	-1
20.2133960724	-1
20.2218630314	1
20.5376000404	-1
20.6270489693	-1
20.6270489693	-1
20.6270489693	-1
20.7060961723	-1
20.716258049	1
20.8485469818	1
20.8584191799	-1
20.8707890511	-1
20.8707890511	-1
20.8707890511	-1
20.8707890511	-1
20.8707890511	-1
20.8707890511	-1
20.8707890511	-1
20.8707890511	-1
20.8707890511	-1
20.8711299896	-1
20.8711299896	-1
20.8870480061	-1
20.8870480061	-1
20.8870480061	-1
20.8870480061	-1
20.8870480061	-1
20.8870480061	-1
20.8870480061	-1
20.8870480061	-1
20.9104089737	-1
20.9104089737	-1
20.9104089737	-1
20.9104089737	-1
20.9104089737	-1
20.9104089737	-1
20.9104089737	-1
21.0035731792	-1
21.0035731792	-1
21.0035731792	-1
21.0035731792	-1
21.0035731792	-1
21.0035731792	-1
21.0035731792	-1
21.0035731792	-1
21.0035841465	1
21.0039300919	-1
21.0039300919	-1
21.0039300919	-1
21.0040531158	-1
21.0041761398	-1
21.0041761398	-1
21.0041761398	-1
21.0041761398	-1
21.0427620411	-1
21.0427620411	-1
21.0428650379	-1
21.0428650379	-1
21.0428650379	-1
21.0428650379	-1
21.0428650379	-1
21.0428650379	-1
21.0431101322	-1
21.0431101322	-1
21.0431101322	-1
21.0431101322	-1
21.0431101322	-1
21.0431101322	-1
21.043348074	-1
21.043348074	-1
21.0505230427	-1
21.0505230427	-1
21.0505230427	-1
21.0505230427	-1
21.0505230427	-1
21.0505230427	-1
21.0505230427	-1
21.0507500172	-1
21.1370539665	-1
21.1370539665	-1
21.1370539665	-1
21.1370539665	-1
21.1370961666	1
21.2695579529	-1
21.2695579529	-1
21.2696011066	1
21.2696011066	1
21.4414739609	1
21.4414739609	1
21.5082271099	-1
21.5326600075	-1
21.5326600075	-1
21.5326600075	-1
21.5326600075	-1
21.5326600075	-1
21.5326600075	-1
21.549695015	-1
21.549695015	-1
21.5561740398	-1
21.5561740398	-1
21.5561740398	-1
21.5561740398	-1
21.5561740398	-1
21.5561740398	-1
21.5634381771	-1
21.5634381771	-1
21.5634381771	-1
21.5634381771	-1
21.5634381771	-1
21.5634381771	-1
21.5634381771	-1
21.5685710907	-1
21.5837671757	-1
21.5837671757	-1
21.5837671757	-1
21.5837671757	-1
21.5837671757	-1
21.5838041306	1
21.5988371372	-1
21.5988371372	-1
21.5988371372	-1
21.6651690006	-1
21.6651690006	-1
21.6651690006	-1
21.6651690006	-1
21.6651690006	-1
21.703441143	1
21.703441143	1
21.703441143	1
21.7124171257	1
21.7124171257	1
21.7124171257	1
22.0476081371	-1
22.0491261482	1
22.0520510674	-1
22.0520510674	-1
22.0520510674	-1
22.0520510674	-1
22.0520510674	-1
22.0520510674	-1
22.0520510674	-1
22.0572931767	-1
22.0572931767	-1
22.0572931767	-1
22.0572931767	-1
22.0572931767	-1
22.0572931767	-1
22.0572931767	-1
22.061052084	-1
22.061052084	-1
22.061052084	-1
22.061052084	-1
22.061052084	-1
22.061052084	-1
22.061052084	-1
22.1816680431	-1
22.1816680431	-1
22.1816680431	-1
22.1817090511	1
22.4984781742	-1
22.4997229576	1
22.5762159824	-1
22.5762159824	-1
22.5762159824	-1
22.6321370602	-1
22.6321570873	1
22.7648160458	-1
22.7648160458	-1
22.7648510933	1
22.7648510933	1
22.8433480263	-1
22.8433480263	-1
22.8433480263	-1
22.8433480263	-1
22.8973891735	1
22.8973891735	1
22.9113719463	1
22.9113719463	1
22.9113719463	1
22.9113719463	1
23.0269391537	-1
23.0269391537	-1
23.0269391537	-1
23.1625239849	-1
23.1625239849	-1
23.1625630856	1
23.2218329906	-1
23.2218329906	-1
23.2218329906	-1
23.2218329906	-1
23.4276430607	-1
23.5601170063	-1
23.7299480438	-1
24.5445690155	-1
24.5490150452	-1
24.5490150452	-1
24.5490150452	-1
24.5490150452	-1
24.5490150452	-1
24.5490150452	-1
24.5490150452	-1
24.5703289509	-1
24.5703289509	-1
24.5703289509	-1
24.5703289509	-1
24.5703289509	-1
24.5703289509	-1
24.5952630043	1
24.633491993	-1
24.6387310028	-1
24.6387310028	-1
24.6387310028	-1
24.6387310028	-1
24.6387310028	-1
24.7651610374	1
24.8973531723	1
24.8973531723	1
25.0254869461	-1
25.0819270611	1
25.082930088	1
25.082930088	1
25.082930088	1
25.082930088	1
25.0916450024	-1
25.0916450024	-1
25.0916450024	-1
25.0916450024	-1
27.0814521313	1
27.2137711048	1
28.0511260033	-1
28.0527341366	1
28.4303290844	-1
28.4318089485	1
28.607656002	-1
28.608134985	1
28.74091506	-1
28.74091506	-1
28.7426099777	1
29.1085641384	-1
29.1676871777	-1
29.1676871777	-1
29.1676871777	-1
29.2045869827	-1
29.2045869827	-1
29.2045869827	-1
29.2194361687	1
29.2204070091	-1
29.2204070091	-1
29.2245671749	1
29.2245671749	1
29.2245671749	1
29.2532451153	-1
29.2532451153	-1
29.2532451153	-1
29.2532451153	-1
29.2532451153	-1
29.2662789822	1
29.2662789822	1
29.2662789822	1
29.2662789822	1
29.2779929638	-1
29.2833881378	-1
29.2833881378	-1
29.2833881378	-1
29.6948490143	-1
29.7710750103	-1
29.7710750103	-1
29.7710750103	-1
29.8031389713	-1
29.8031389713	-1
29.8031389713	-1
29.8031389713	-1
29.8031389713	-1
29.8031389713	-1
29.8031389713	-1
29.8031389713	-1
29.8031389713	-1
29.8107430935	-1
29.8107430935	-1
29.8107430935	-1
29.8119039536	1
29.8683609962	-1
29.8683609962	-1
29.8683609962	-1
29.8683609962	-1
29.8683609962	-1
29.8683609962	-1
29.8683609962	-1
29.8683609962	-1
29.8683609962	-1
29.8860571384	-1
29.8860571384	-1
29.8860571384	-1
29.9103741646	-1
29.9103741646	-1
29.9103741646	-1
29.9103741646	-1
29.9103741646	-1
29.9103741646	-1
29.9103741646	-1
29.9358921051	-1
29.9358921051	-1
29.9358921051	-1
29.9358921051	-1
29.9358921051	-1
29.9358921051	-1
29.9358921051	-1
29.9358921051	-1
29.9362499714	-1
29.9362499714	-1
29.9362499714	-1
29.9362499714	-1
29.9362499714	-1
29.9362499714	-1
29.9362499714	-1
29.9362499714	-1
29.9364950657	-1
29.9364950657	-1
29.9364950657	-1
29.9364950657	-1
29.9441001415	1
29.998363018	-1
29.998363018	-1
29.9984230995	-1
29.9984230995	-1
29.9984230995	-1
30.0180931091	1
30.0180931091	1
30.0180931091	1
30.0180931091	1
30.0180931091	1
30.0180931091	1
30.0225970745	1
30.0225970745	1
30.0225970745	1
30.4870910645	-1
30.4984920025	-1
30.4984920025	-1
30.4984920025	-1
30.6309940815	-1
30.8022320271	-1
30.8022320271	-1
30.9283950329	1
30.9285900593	1
30.9285900593	1
30.9285900593	1
30.9299509525	1
30.9299509525	1
30.9299509525	1
30.9299509525	1
30.9299509525	1
30.9299509525	1
30.9309360981	1
30.9309360981	1
30.9309360981	1
30.9309360981	1
