0.0	1
0.249464988708	1
0.438709974289	-1
0.440299034119	1
0.66850399971	-1
0.669306993484	1
0.672529935837	1
0.672529935837	1
0.672529935837	1
0.845024108887	1
0.845024108887	1
0.845024108887	1
1.33395814896	-1
1.33545899391	1
1.45062494278	-1
1.45166707039	1
1.56679797173	-1
1.56804609299	1
1.68332314491	-1
1.68448805809	1
1.91858315468	-1
1.92000198364	1
2.25176715851	-1
2.2645881176	-1
2.2645881176	-1
2.2645881176	-1
2.2645881176	-1
2.2645881176	-1
2.2645881176	-1
2.2645881176	-1
2.27908611298	-1
2.27908611298	-1
2.2862739563	1
2.3797211647	-1
2.47293901443	-1
2.47293901443	-1
2.47293901443	-1
2.47293901443	-1
2.47293901443	-1
2.47293901443	-1
2.47293901443	-1
2.47293901443	-1
2.47293901443	-1
2.5325460434	1
2.58645606041	-1
2.58645606041	-1
2.58645606041	-1
2.58645606041	-1
2.58645606041	-1
2.58645606041	-1
2.58645606041	-1
2.58645606041	-1
2.60349011421	-1
2.61622810364	-1
2.61622810364	-1
2.61622810364	-1
2.61622810364	-1
2.61622810364	-1
2.61622810364	-1
2.61622810364	-1
2.6306450367	-1
2.64744496346	1
2.76246213913	-1
2.7635550499	1
2.8786110878	-1
2.95924496651	-1
2.95924496651	-1
2.95924496651	-1
2.95924496651	-1
2.95924496651	-1
2.99160003662	1
3.03856992722	1
3.03856992722	1
3.03856992722	1
3.1316139698	-1
3.1316139698	-1
3.1316139698	-1
3.1316139698	-1
3.1316139698	-1
3.1316139698	-1
3.1316139698	-1
3.1316139698	-1
3.24170994759	1
3.24170994759	1
3.24170994759	1
3.24989700317	1
3.24989700317	1
3.26904416084	-1
3.26904416084	-1
3.32267713547	-1
3.32267713547	-1
3.32267713547	-1
3.3844461441	1
3.41063714027	-1
3.41063714027	-1
3.41063714027	-1
3.41063714027	-1
3.41063714027	-1
3.41063714027	-1
3.41063714027	-1
3.41063714027	-1
3.42666101456	1
3.42666101456	1
3.42666101456	1
3.49951505661	-1
3.49955916405	1
3.61498904228	-1
3.61498904228	-1
3.62350010872	1
3.73852014542	-1
3.73856306076	1
3.89358115196	1
3.94543814659	-1
4.13012099266	-1
4.33350205421	-1
4.33462810516	1
4.4342610836	-1
4.4342610836	-1
4.4342610836	-1
4.44982194901	-1
4.46370005608	1
4.46596813202	1
4.46596813202	1
4.46596813202	1
4.46629714966	1
4.46629714966	1
4.53090000153	-1
4.53090000153	-1
4.53090000153	-1
4.53090000153	-1
4.53090000153	-1
4.53090000153	-1
4.5463180542	-1
4.5463180542	-1
4.54811811447	1
4.54811811447	1
4.54811811447	1
4.59227395058	-1
4.59227395058	-1
4.59227395058	-1
4.6135289669	-1
4.6135289669	-1
4.69894695282	-1
4.69899106026	1
4.69899106026	1
4.77765011787	-1
4.77765011787	-1
4.77765011787	-1
4.77765011787	-1
4.89984512329	-1
4.89984512329	-1
4.89984512329	-1
5.01337695122	-1
5.01337695122	-1
5.01337695122	-1
5.02060198784	-1
5.02060198784	-1
5.02643895149	-1
5.02643895149	-1
5.02643895149	-1
5.02643895149	-1
5.04418516159	-1
5.05947113037	-1
5.05947113037	-1
5.05947113037	-1
5.05947113037	-1
5.05947113037	-1
5.05947113037	-1
5.15926599503	-1
5.16803193092	-1
5.16803193092	-1
5.16803193092	-1
5.16803193092	-1
5.16803193092	-1
5.16803193092	-1
5.16803193092	-1
5.17089605331	-1
5.17089605331	-1
5.17089605331	-1
5.17089605331	-1
5.17089605331	-1
5.17089605331	-1
5.17089605331	-1
5.28301501274	-1
5.28778910637	-1
5.28778910637	-1
5.28778910637	-1
5.28778910637	-1
5.28778910637	-1
5.28778910637	-1
5.28778910637	-1
5.31742310524	-1
5.31742310524	-1
5.31869912148	1
5.3246691227	-1
5.3246691227	-1
5.3246691227	-1
5.3246691227	-1
5.3246691227	-1
5.3246691227	-1
5.3246691227	-1
5.33307504654	-1
5.33307504654	-1
5.33307504654	-1
5.33307504654	-1
5.34629607201	-1
5.34629607201	-1
5.34629607201	-1
5.34629607201	-1
5.34629607201	-1
5.40289902687	-1
5.44066309929	-1
5.44066309929	-1
5.44066309929	-1
5.44066309929	-1
5.44066309929	-1
5.44066309929	-1
5.44069695473	1
5.47779011726	-1
5.47779011726	-1
5.50136494637	-1
5.50136494637	-1
5.50136494637	-1
5.50136494637	-1
5.50136494637	-1
5.50136494637	-1
5.54768300056	-1
5.54768300056	-1
5.5542371273	-1
5.5542371273	-1
5.5542371273	-1
5.5542371273	-1
5.58939909935	-1
5.58939909935	-1
5.58939909935	-1
5.58939909935	-1
5.58939909935	-1
5.58943295479	1
5.58943295479	1
5.59642195702	-1
5.60203313828	-1
5.60203313828	-1
5.60203313828	-1
5.60203313828	-1
5.60203313828	-1
5.60203313828	-1
5.60203313828	-1
5.60965204239	-1
5.62155413628	1
5.62155413628	1
5.62155413628	1
5.66210699081	-1
5.66210699081	-1
5.66210699081	-1
5.66210699081	-1
5.66210699081	-1
5.66210699081	-1
5.66210699081	-1
5.66210699081	-1
5.69904112816	-1
5.69904112816	-1
5.69904112816	-1
5.70469307899	1
5.86960101128	1
5.9973320961	1
5.9973320961	1
6.12860202789	-1
6.25018715858	-1
6.25018715858	-1
6.25018715858	-1
6.25919103622	1
6.28893399239	-1
6.28893399239	-1
6.30330395699	1
6.30330395699	1
6.30330395699	1
6.30490207672	-1
6.30490207672	-1
6.30490207672	-1
6.33918595314	-1
6.33918595314	-1
6.33918595314	-1
6.33918595314	-1
6.33918595314	-1
6.33918595314	-1
6.40556812286	1
6.43676614761	-1
6.43676614761	-1
6.43676614761	-1
6.43676614761	-1
6.43676614761	-1
6.43676614761	-1
6.43676614761	-1
6.43676614761	-1
6.4543261528	-1
6.4543261528	-1
6.4543261528	-1
6.4543261528	-1
6.4543261528	-1
6.4543261528	-1
6.4543261528	-1
6.4543261528	-1
6.45536398888	-1
6.49576210976	-1
6.49576210976	-1
6.49576210976	-1
6.49576210976	-1
6.49576210976	-1
6.49576210976	-1
6.49576210976	-1
6.49576210976	-1
6.51689815521	-1
6.51689815521	-1
6.51689815521	-1
6.51975297928	1
6.51975297928	1
6.51975297928	1
6.52079701424	-1
6.52083992958	1
6.58259510994	-1
6.58259510994	-1
6.58259510994	-1
6.58259510994	-1
6.58259510994	-1
6.58259510994	-1
6.58259510994	-1
6.58351492882	1
6.58351492882	1
6.58351492882	1
6.5990049839	-1
6.60843896866	-1
6.60843896866	-1
6.60843896866	-1
6.60978102684	1
6.60978102684	1
6.61314606667	-1
6.61314606667	-1
6.61314606667	-1
6.61314606667	-1
6.61314606667	-1
6.61314606667	-1
6.61314606667	-1
6.61863303185	-1
6.61863303185	-1
6.61863303185	-1
6.61863303185	-1
6.61863303185	-1
6.61863303185	-1
6.63511896133	-1
6.63524007797	-1
6.63524007797	-1
6.74602603912	-1
6.74602603912	-1
6.74602603912	-1
6.7589931488	-1
6.7589931488	-1
6.7589931488	-1
6.7589931488	-1
6.7589931488	-1
6.7589931488	-1
6.7589931488	-1
6.77140498161	-1
6.77152609825	-1
6.77152609825	-1
6.77152609825	-1
6.77152609825	-1
6.77152609825	-1
6.77262401581	1
6.77732300758	-1
6.7878279686	-1
6.7878279686	-1
6.7878279686	-1
6.797052145	-1
6.797052145	-1
6.797052145	-1
6.80546808243	-1
6.80546808243	-1
6.91111207008	-1
6.91111207008	-1
6.91111207008	-1
6.91114807129	1
6.9218609333	-1
6.9218609333	-1
6.93500900269	-1
6.93500900269	-1
6.93500900269	-1
6.93500900269	-1
6.93500900269	-1
6.93500900269	-1
6.93500900269	-1
6.93500900269	-1
6.94205307961	-1
6.94205307961	-1
6.94205307961	-1
6.95402812958	-1
6.95402812958	-1
6.95402812958	-1
6.95402812958	-1
6.95402812958	-1
6.95402812958	-1
6.96422505379	-1
6.96422505379	-1
6.96422505379	-1
6.96422505379	-1
6.96422505379	-1
7.05958914757	-1
7.05958914757	-1
7.05958914757	-1
7.05960392952	1
7.06170415878	1
7.06170415878	1
7.06170415878	1
7.08837294579	-1
7.08837294579	-1
7.25123906136	-1
7.25123906136	-1
7.29079604149	-1
7.29079604149	-1
7.29079604149	-1
7.3108561039	-1
7.3108561039	-1
7.3108561039	-1
7.3108561039	-1
7.3108561039	-1
7.3108561039	-1
7.31088995934	1
7.46931409836	1
7.56935596466	1
7.56935596466	1
7.56935596466	1
7.74347615242	1
7.92725896835	-1
7.92858600616	1
8.07864308357	-1
8.2308371067	-1
8.23147010803	1
8.34578609467	-1
8.43735098839	1
8.43735098839	1
8.49894499779	-1
8.49894499779	-1
8.53650093079	1
8.53650093079	1
8.53650093079	1
8.54207897186	1
8.54207897186	1
8.58962607384	1
8.58962607384	1
8.61440014839	-1
8.63530993462	-1
8.63530993462	-1
8.63530993462	-1
8.63530993462	-1
8.63530993462	-1
8.63530993462	-1
8.73022794724	-1
8.74123311043	-1
8.74123311043	-1
8.74123311043	-1
8.74123311043	-1
8.74123311043	-1
8.74123311043	-1
8.74123311043	-1
8.78507304192	1
8.792771101	1
8.792771101	1
8.792771101	1
8.79695701599	-1
8.79695701599	-1
8.79695701599	-1
8.79695701599	-1
8.79695701599	-1
8.79695701599	-1
8.79695701599	-1
8.79695701599	-1
8.83032298088	-1
8.83032298088	-1
8.83032298088	-1
8.83032298088	-1
8.83032298088	-1
8.83032298088	-1
8.83032298088	-1
8.86335897446	-1
8.86335897446	-1
8.86335897446	-1
8.86335897446	-1
8.86335897446	-1
8.86335897446	-1
8.86335897446	-1
8.90053701401	-1
8.90053701401	-1
8.90053701401	-1
8.90053701401	-1
8.90053701401	-1
8.90053701401	-1
8.90053701401	-1
8.90053701401	-1
8.92927408218	-1
8.92927408218	-1
8.92927408218	-1
8.92927408218	-1
8.92927408218	-1
8.92927408218	-1
8.92927408218	-1
8.94628000259	-1
8.94628000259	-1
8.94628000259	-1
8.94628000259	-1
8.94628000259	-1
8.94639897346	-1
8.96023201942	-1
8.97044801712	1
8.97044801712	1
8.97044801712	1
8.97169709206	1
8.97169709206	1
9.22138404846	1
9.34909510612	1
9.41784095764	-1
9.56986999512	1
9.5700969696	1
9.5700969696	1
9.5700969696	1
9.5700969696	1
9.5700969696	1
9.5700969696	1
9.63411402702	-1
9.70133900642	1
9.70133900642	1
9.77697515488	-1
9.97074198723	-1
9.9827671051	-1
9.9827671051	-1
9.9827671051	-1
9.9827671051	-1
10.2069330215	-1
10.2083871365	1
10.3219180107	-1
10.4749290943	-1
10.4749290943	-1
10.4838249683	1
10.5464200974	-1
10.5464200974	-1
10.5464200974	-1
10.5464200974	-1
10.5464200974	-1
10.5567860603	-1
10.5835690498	-1
10.5835690498	-1
10.5835690498	-1
10.5835690498	-1
10.5835690498	-1
10.5835690498	-1
10.5835690498	-1
10.5986981392	1
10.5986981392	1
10.6044261456	1
10.6044261456	1
10.6044261456	1
10.6087350845	-1
10.6087350845	-1
10.6087350845	-1
10.6087350845	-1
10.6087350845	-1
10.6087350845	-1
10.6087350845	-1
10.6087350845	-1
10.6347019672	-1
10.6719610691	-1
10.6719610691	-1
10.6763651371	1
10.6763651371	1
10.7138020992	1
10.7756149769	-1
10.7756149769	-1
10.7756149769	-1
10.7756149769	-1
10.8419139385	1
10.9240150452	1
10.9240150452	1
10.9240150452	1
11.3334150314	-1
11.3349311352	1
11.4899940491	-1
11.5683391094	1
11.5703101158	-1
11.5703101158	-1
11.5703101158	-1
11.591242075	-1
11.591242075	-1
11.6224310398	-1
11.6224310398	-1
11.6224310398	-1
11.6224310398	-1
11.6406359673	-1
11.6406891346	-1
11.6406891346	-1
11.6406891346	-1
11.6406891346	-1
11.6406891346	-1
11.6406891346	-1
11.683578968	-1
11.683578968	-1
11.683578968	-1
11.683578968	-1
11.683578968	-1
11.683578968	-1
11.683578968	-1
11.683578968	-1
11.6836209297	1
11.6836209297	1
11.7232689857	-1
11.7232689857	-1
11.7232689857	-1
11.7232689857	-1
11.7232689857	-1
11.7397711277	-1
11.7398200035	-1
11.7398200035	-1
11.7674369812	-1
11.7674369812	-1
11.7674369812	-1
11.7674369812	-1
11.7746059895	-1
11.7935800552	-1
11.7935800552	-1
11.7935800552	-1
11.799487114	1
11.825576067	-1
11.825576067	-1
11.825576067	-1
11.8449749947	-1
11.8449749947	-1
11.8551299572	-1
11.8551299572	-1
11.8551299572	-1
11.8551299572	-1
11.8551299572	-1
11.8551299572	-1
11.8796229362	-1
11.8796229362	-1
11.8796229362	-1
11.8800671101	1
11.8800671101	1
11.8800671101	1
11.9145390987	1
11.9823429585	-1
11.9823429585	-1
11.9823429585	-1
11.9823429585	-1
12.1427810192	1
12.1447160244	-1
12.3332870007	1
12.3736491203	-1
12.3802199364	1
12.3802199364	1
12.3802199364	1
12.5873661041	1
12.5873661041	1
12.5873661041	1
12.5873661041	1
12.6145789623	-1
12.768543005	-1
12.8180141449	-1
12.8180141449	-1
12.8180141449	-1
12.8180141449	-1
12.8180141449	-1
12.8180141449	-1
12.8180141449	-1
12.9360840321	1
13.0296630859	-1
13.0296630859	-1
13.0296630859	-1
13.0581240654	-1
13.0581240654	-1
13.0581240654	-1
13.0592069626	1
13.1549890041	-1
13.1549890041	-1
13.3110780716	-1
13.5865859985	1
13.6277799606	-1
13.6730999947	-1
13.6730999947	-1
13.6730999947	-1
13.7790019512	-1
13.815762043	-1
13.815762043	-1
13.815762043	-1
13.815762043	-1
13.815762043	-1
13.815762043	-1
13.815762043	-1
13.815762043	-1
13.9070949554	1
14.009770155	-1
14.009770155	-1
14.0219471455	1
14.1584839821	1
14.4594371319	-1
14.5615470409	-1
14.5615470409	-1
14.5615470409	-1
14.5615470409	-1
14.5863411427	1
14.6562690735	-1
14.6562690735	-1
14.6766619682	-1
14.7012050152	1
14.7924809456	-1
14.8161160946	1
14.9311871529	-1
15.4635050297	-1
15.8881001472	-1
15.9286401272	-1
15.9286401272	-1
15.9286401272	-1
15.9286401272	-1
16.1980249882	-1
16.2505090237	-1
16.2505090237	-1
16.2505090237	-1
16.2505090237	-1
16.2505090237	-1
16.2505090237	-1
16.3923010826	-1
16.3923010826	-1
16.3923010826	-1
16.3923010826	-1
16.3923010826	-1
16.3923010826	-1
16.3923010826	-1
16.3923010826	-1
16.3923010826	-1
16.4293780327	1
16.5432910919	-1
16.5564990044	-1
16.5564990044	-1
16.5564990044	-1
16.5564990044	-1
16.5564990044	-1
16.5564990044	-1
16.5877389908	1
16.5879781246	1
16.5879781246	1
16.5879781246	1
16.5879781246	1
16.8268101215	-1
16.8307640553	-1
16.8307640553	-1
16.8307640553	-1
16.8307640553	-1
16.8307640553	-1
16.8307640553	-1
16.8307640553	-1
17.0131750107	-1
17.0131750107	-1
17.0131750107	-1
17.0131750107	-1
17.0131750107	-1
17.0131750107	-1
17.0131750107	-1
17.0131750107	-1
17.1569061279	-1
17.1569061279	-1
17.1569061279	-1
17.1569061279	-1
17.1569061279	-1
17.2881629467	-1
17.3079500198	-1
17.3079500198	-1
17.3079500198	-1
17.3079500198	-1
17.3079500198	-1
17.3079500198	-1
17.4042389393	1
17.4502620697	-1
17.4502620697	-1
17.4502620697	-1
17.4502620697	-1
17.4502620697	-1
17.4502620697	-1
17.4502620697	-1
17.4502620697	-1
17.4502620697	-1
17.4592311382	-1
17.4592311382	-1
17.4592311382	-1
17.4592311382	-1
17.4592311382	-1
17.4592311382	-1
17.4769859314	-1
17.4769859314	-1
17.4769859314	-1
17.5535931587	1
17.5535931587	1
17.5535931587	1
17.5573070049	1
17.5889029503	-1
17.5889029503	-1
17.5889029503	-1
17.616631031	-1
17.616631031	-1
17.616631031	-1
17.6690759659	-1
17.7089860439	1
17.8238770962	1
17.8238770962	1
18.1768500805	-1
18.5877430439	1
18.6301391125	-1
18.6315610409	1
18.6315610409	1
18.6315610409	1
18.7684950829	-1
18.8573400974	1
18.9229230881	-1
19.0381131172	-1
19.0381131172	-1
19.1536560059	-1
19.2776401043	-1
19.3960020542	-1
19.459239006	-1
19.459239006	-1
19.459239006	-1
19.5111939907	-1
19.5111939907	-1
19.5883870125	1
19.6199419498	-1
19.6199419498	-1
19.6199419498	-1
19.7412490845	-1
19.7412490845	-1
19.7615449429	-1
19.7615449429	-1
19.7615449429	-1
19.7615449429	-1
19.7615449429	-1
19.7615449429	-1
19.7615449429	-1
19.7733271122	-1
19.7733271122	-1
19.7733271122	-1
19.7733271122	-1
19.8047950268	-1
19.8047950268	-1
19.8047950268	-1
19.81508708	-1
19.81508708	-1
19.8561570644	-1
19.9045889378	-1
19.9045889378	-1
19.9045889378	-1
19.9045889378	-1
19.9045889378	-1
19.9045889378	-1
19.9733970165	-1
19.9925179482	1
20.0893089771	-1
20.0904319286	1
20.0904319286	1
20.0904319286	1
20.2057080269	-1
20.2449510098	1
20.2449510098	1
20.2449510098	1
20.5664999485	-1
20.5677051544	1
20.7348740101	-1
20.735806942	1
20.8509039879	-1
20.8516080379	1
20.8897531033	-1
20.8897531033	-1
20.8897531033	-1
21.1493420601	-1
21.273319006	-1
21.3890230656	-1
21.3890230656	-1
21.3971180916	1
21.7555270195	-1
21.9219591618	-1
22.0369241238	-1
22.055355072	1
22.0588121414	1
22.0588121414	1
22.0588121414	1
22.3075771332	1
22.4230430126	1
22.4230430126	1
22.5571889877	1
22.5721480846	-1
22.7094979286	1
22.7405340672	-1
22.8555400372	-1
22.8555400372	-1
22.8564610481	1
22.9091370106	-1
22.9091370106	-1
22.9091370106	-1
22.910184145	1
22.910184145	1
22.910184145	1
22.9706311226	-1
22.9723300934	1
22.9723300934	1
23.0088419914	1
23.0876431465	-1
23.1773979664	1
23.3194620609	-1
23.4344520569	-1
23.4357359409	1
23.5496251583	-1
23.5890469551	1
23.5890469551	1
23.7027831078	-1
24.4086840153	-1
24.5891959667	1
24.6021220684	-1
24.7045450211	1
24.8790330887	-1
25.0355949402	-1
25.1506230831	-1
25.5331990719	-1
25.5889091492	1
25.6482260227	-1
25.6482260227	-1
25.7194011211	-1
25.7194011211	-1
25.7194011211	-1
25.7194359303	1
25.8243510723	-1
25.8243510723	-1
25.8243510723	-1
25.8243510723	-1
25.8243510723	-1
25.8243510723	-1
25.8243510723	-1
25.8516869545	-1
25.8531911373	1
25.8627419472	-1
25.8627419472	-1
25.8627419472	-1
25.8627419472	-1
25.8815951347	1
25.8815951347	1
25.8815951347	1
26.0097179413	1
26.0097179413	1
26.1965610981	1
26.5894210339	1
26.7046289444	1
26.7068550587	-1
26.8565449715	1
26.8565449715	1
26.9008159637	-1
26.9715280533	1
27.0556061268	-1
27.0962779522	-1
27.0962779522	-1
27.0962779522	-1
27.2855639458	-1
27.2926681042	-1
27.2926681042	-1
27.2926681042	-1
27.4512579441	-1
27.4512579441	-1
27.4512579441	-1
27.4512579441	-1
27.4512579441	-1
27.4528250694	1
27.5731060505	-1
27.5731060505	-1
27.5731060505	-1
27.5731060505	-1
27.5731060505	-1
27.5731060505	-1
27.5731060505	-1
27.5731060505	-1
27.5731239319	1
27.5731239319	1
27.5904181004	1
27.5904181004	1
27.5904181004	1
27.6136300564	-1
27.6136300564	-1
27.6136300564	-1
27.6136300564	-1
27.6136300564	-1
27.6136300564	-1
27.6136300564	-1
27.6796929836	-1
27.6796929836	-1
27.6796929836	-1
27.6796929836	-1
27.6796929836	-1
27.6796929836	-1
27.6796929836	-1
27.6796929836	-1
27.7147159576	-1
27.7289071083	-1
27.7289071083	-1
27.7648620605	-1
27.7648620605	-1
27.7648620605	-1
27.7648620605	-1
27.7648620605	-1
27.7648620605	-1
27.8685491085	1
27.8866529465	-1
27.8866529465	-1
27.8866529465	-1
27.8866529465	-1
27.8866529465	-1
27.8866529465	-1
27.8866529465	-1
27.9268910885	-1
27.9307000637	-1
27.9307000637	-1
27.9307000637	-1
27.9307000637	-1
27.9307000637	-1
28.0325641632	-1
28.0325641632	-1
28.0325641632	-1
28.0325641632	-1
28.0325641632	-1
28.0325641632	-1
28.0325641632	-1
28.0325641632	-1
28.051831007	-1
28.051831007	-1
28.051831007	-1
28.051831007	-1
28.051831007	-1
28.051831007	-1
28.051831007	-1
28.051831007	-1
28.0844991207	-1
28.0844991207	-1
28.0844991207	-1
28.0844991207	-1
28.1535401344	-1
28.1535401344	-1
28.154610157	1
28.1563830376	-1
28.1563830376	-1
28.1563830376	-1
28.1563830376	-1
28.1563830376	-1
28.2018401623	-1
28.2018401623	-1
28.2018401623	-1
28.2018401623	-1
28.2018401623	-1
28.2018401623	-1
28.2018401623	-1
28.2018401623	-1
28.2976770401	1
28.3168859482	-1
28.3376300335	-1
28.3376300335	-1
28.3376300335	-1
28.3376300335	-1
28.3376300335	-1
28.3376300335	-1
28.3376300335	-1
28.3799231052	-1
28.3829331398	-1
28.3829331398	-1
28.3829331398	-1
28.3829331398	-1
28.3829331398	-1
28.3829331398	-1
28.3829331398	-1
28.3829331398	-1
28.4507899284	-1
28.5043940544	-1
28.5043940544	-1
28.5043940544	-1
28.5043940544	-1
28.5043940544	-1
28.5043940544	-1
28.5425491333	-1
28.5425491333	-1
28.5445771217	-1
28.5445771217	-1
28.5445771217	-1
28.5445771217	-1
28.5445771217	-1
28.5445771217	-1
28.6162540913	-1
28.6162540913	-1
28.6162540913	-1
28.6162540913	-1
28.6162540913	-1
28.6162540913	-1
28.6162540913	-1
28.6162540913	-1
28.6200561523	-1
28.6212060452	1
28.6554961205	-1
28.6554961205	-1
28.6554961205	-1
28.6554961205	-1
28.6554961205	-1
28.6554961205	-1
28.6554961205	-1
28.6554961205	-1
28.6827409267	-1
28.710160017	-1
28.710160017	-1
28.710160017	-1
28.710160017	-1
28.710160017	-1
28.710160017	-1
28.7705800533	1
28.7705800533	1
28.8123779297	-1
28.8123779297	-1
28.8159191608	-1
28.8159191608	-1
28.8159191608	-1
28.8159191608	-1
28.8159191608	-1
28.8159191608	-1
28.8693840504	-1
28.8693840504	-1
28.8693840504	-1
28.8693840504	-1
28.8693840504	-1
28.8693840504	-1
28.8693840504	-1
28.8693840504	-1
28.9417710304	-1
28.9457249641	-1
28.9457249641	-1
28.9457249641	-1
28.9457249641	-1
28.9457249641	-1
28.9457249641	-1
28.9457249641	-1
28.9619460106	-1
28.9619460106	-1
28.9679269791	-1
28.9679269791	-1
28.9679269791	-1
28.9679269791	-1
28.9679269791	-1
28.9679269791	-1
29.009401083	-1
29.009401083	-1
29.009401083	-1
29.009401083	-1
29.009401083	-1
29.009401083	-1
29.009401083	-1
29.009401083	-1
29.0106840134	1
29.0970220566	-1
29.0970220566	-1
29.0970220566	-1
29.0970220566	-1
29.0970220566	-1
29.0970220566	-1
29.0970220566	-1
29.0970220566	-1
29.1048891544	1
29.1048891544	1
29.1048891544	1
29.1050760746	1
29.1050760746	1
29.1050760746	1
29.1050760746	1
29.1062669754	1
29.1064400673	1
29.1064400673	1
29.1064400673	1
29.1074740887	1
29.1074740887	1
29.1074740887	1
29.1074740887	1
29.8768110275	-1
