0.0	1
0.250360012054	1
0.384021043777	-1
0.385669946671	1
0.634561061859	-1
0.636420965195	1
0.710162878036	1
0.784373998642	1
0.821158885956	-1
0.897635936737	1
0.897635936737	1
0.961621999741	-1
0.961621999741	-1
0.961621999741	-1
0.961621999741	-1
0.961621999741	-1
0.961621999741	-1
0.961621999741	-1
0.961621999741	-1
1.03525495529	1
1.10894989967	1
1.10894989967	1
1.21200203896	-1
1.21358585358	1
1.35802483559	-1
1.35942101479	1
1.5038318634	-1
1.50501894951	1
1.65043902397	-1
1.65155291557	1
1.7256770134	-1
1.7256770134	-1
1.79671883583	-1
1.79671883583	-1
1.79671883583	-1
1.79671883583	-1
1.79671883583	-1
1.79671883583	-1
1.79671883583	-1
1.84901404381	1
1.91218996048	-1
1.91218996048	-1
1.96667194366	-1
1.96667194366	-1
1.96667194366	-1
1.96667194366	-1
1.96667194366	-1
1.96667194366	-1
1.96667194366	-1
1.96667194366	-1
2.00138092041	-1
2.00313687325	1
2.01524591446	-1
2.01524591446	-1
2.09956789017	-1
2.0996029377	1
2.1013379097	-1
2.1013379097	-1
2.1013379097	-1
2.1013379097	-1
2.1013379097	-1
2.1013379097	-1
2.48973488808	-1
2.63685584068	-1
2.63706088066	-1
2.63706088066	-1
2.63706088066	-1
2.63706088066	-1
2.63706088066	-1
2.63706088066	-1
2.63706088066	-1
2.7853269577	-1
2.7853269577	-1
2.78673601151	1
2.92304801941	-1
2.92896199226	-1
2.92896199226	-1
2.92896199226	-1
2.92896199226	-1
2.92896199226	-1
2.987637043	1
2.98990488052	1
2.98990488052	1
2.98990488052	1
2.99045300484	1
2.99045300484	1
3.06367397308	1
3.06367397308	1
3.18279504776	-1
3.21680998802	-1
3.21680998802	-1
3.21680998802	-1
3.21680998802	-1
3.21680998802	-1
3.21680998802	-1
3.21680998802	-1
3.21680998802	-1
3.23907494545	1
3.33019995689	-1
3.33019995689	-1
3.33019995689	-1
3.33019995689	-1
3.33019995689	-1
3.38600897789	1
3.48871588707	-1
3.48913884163	-1
3.48913884163	-1
3.48913884163	-1
3.48913884163	-1
3.48913884163	-1
3.48913884163	-1
3.48913884163	-1
3.48913884163	-1
3.55461192131	-1
3.55461192131	-1
3.55461192131	-1
3.55461192131	-1
3.64543104172	-1
3.70969295502	-1
3.70969295502	-1
3.70969295502	-1
3.70969295502	-1
3.70969295502	-1
3.90884304047	-1
3.90947389603	1
3.98273301125	-1
4.0012178421	1
4.0012178421	1
4.0012178421	1
4.00152993202	-1
4.00152993202	-1
4.00152993202	-1
4.00153803825	1
4.05205988884	-1
4.05205988884	-1
4.05205988884	-1
4.05205988884	-1
4.05205988884	-1
4.05421900749	1
4.05421900749	1
4.05421900749	1
4.07737588882	1
4.07737588882	1
4.07737588882	1
4.26426386833	-1
4.26536488533	1
4.43606805801	-1
4.54964089394	-1
4.58056688309	-1
4.58056688309	-1
4.58056688309	-1
4.72050690651	-1
4.72050690651	-1
4.72050690651	-1
4.72050690651	-1
4.72050690651	-1
4.72050690651	-1
4.72050690651	-1
4.72050690651	-1
4.72050690651	-1
4.72652101517	-1
4.72652101517	-1
4.72652101517	-1
4.76083803177	1
4.76089000702	1
4.76089000702	1
4.76089000702	1
4.76089000702	1
4.76089000702	1
4.76487088203	1
4.76493692398	1
4.76493692398	1
4.76493692398	1
4.76493692398	1
4.76493692398	1
4.7703268528	-1
4.7703268528	-1
4.7703268528	-1
4.7703268528	-1
4.7703268528	-1
4.87578487396	-1
4.87578487396	-1
4.8774960041	1
4.8774960041	1
4.8774960041	1
4.88716197014	-1
4.88716197014	-1
4.88716197014	-1
4.88727688789	-1
4.88727688789	-1
4.88727688789	-1
5.00453591347	-1
5.00453591347	-1
5.00453591347	-1
5.00637984276	1
5.00637984276	1
5.00637984276	1
5.00637984276	1
5.02390599251	-1
5.02390599251	-1
5.02396297455	-1
5.02396297455	-1
5.02396297455	-1
5.02396297455	-1
5.02396297455	-1
5.024340868	-1
5.02448701859	-1
5.02448701859	-1
5.02448701859	-1
5.02448701859	-1
5.02448701859	-1
5.02448701859	-1
5.02448701859	-1
5.03324389458	-1
5.03335285187	-1
5.03335285187	-1
5.03335285187	-1
5.03335285187	-1
5.21081495285	-1
5.26584792137	-1
5.26584792137	-1
5.26584792137	-1
5.26587605476	-1
5.26587605476	-1
5.26587605476	-1
5.26587605476	-1
5.26587605476	-1
5.26587605476	-1
5.26587605476	-1
5.26769995689	1
5.26784396172	1
5.26784396172	1
5.26784396172	1
5.26784396172	1
5.28517794609	-1
5.28517794609	-1
5.28517794609	-1
5.28517794609	-1
5.28517794609	-1
5.28517794609	-1
5.28517794609	-1
5.28517794609	-1
5.3049428463	-1
5.3049428463	-1
5.3049428463	-1
5.33434200287	-1
5.33434200287	-1
5.33434200287	-1
5.33434200287	-1
5.33434200287	-1
5.33434200287	-1
5.33434200287	-1
5.3383140564	-1
5.35924386978	-1
5.39738702774	-1
5.39738702774	-1
5.39738702774	-1
5.39738702774	-1
5.39738702774	-1
5.39738702774	-1
5.39738702774	-1
5.54320693016	-1
5.54320693016	-1
5.54320693016	-1
5.54330897331	-1
5.54330897331	-1
5.54330897331	-1
5.54330897331	-1
5.54330897331	-1
5.54330897331	-1
5.54490089417	1
5.55214595795	-1
5.55214595795	-1
5.55214595795	-1
5.55214595795	-1
5.55214595795	-1
5.55214595795	-1
5.55214595795	-1
5.55214595795	-1
5.55214595795	-1
5.55246186256	-1
5.55246186256	-1
5.55246186256	-1
5.55246186256	-1
5.55246186256	-1
5.55246186256	-1
5.55246186256	-1
5.56665086746	-1
5.56676101685	-1
5.56676101685	-1
5.56676101685	-1
5.56676101685	-1
5.56676101685	-1
5.56676101685	-1
5.56676101685	-1
5.56700205803	-1
5.6186029911	1
5.64074492455	-1
5.64074492455	-1
5.64074492455	-1
5.64074492455	-1
5.64074492455	-1
5.64074492455	-1
5.64074492455	-1
5.64074492455	-1
5.64090299606	-1
5.64090299606	-1
5.64090299606	-1
5.64112901688	-1
5.64112901688	-1
5.64112901688	-1
5.64112901688	-1
5.64112901688	-1
5.64112901688	-1
5.64112901688	-1
5.64112901688	-1
5.64112901688	-1
5.69255685806	-1
5.69259500504	-1
5.69259500504	-1
5.69259500504	-1
5.69259500504	-1
5.69259500504	-1
5.69259500504	-1
5.69739890099	-1
5.69739890099	-1
5.69739890099	-1
5.69739890099	-1
5.69739890099	-1
5.69739890099	-1
5.69739890099	-1
5.69739890099	-1
5.69796490669	-1
5.69796490669	-1
5.69796490669	-1
5.69796490669	-1
5.69796490669	-1
5.69796490669	-1
5.69796490669	-1
5.69796490669	-1
5.69796490669	-1
5.74430298805	-1
5.74430298805	-1
5.76429986954	-1
5.76429986954	-1
5.76441192627	-1
5.76441192627	-1
5.76441192627	-1
5.76441192627	-1
5.76441192627	-1
5.76453495026	-1
5.86197686195	-1
5.86197686195	-1
5.86197686195	-1
5.86197686195	-1
5.87786102295	-1
5.87947702408	-1
5.87947702408	-1
5.87947702408	-1
5.87947702408	-1
5.87947702408	-1
5.87947702408	-1
5.88792300224	-1
5.88792300224	-1
5.88792300224	-1
5.88792300224	-1
5.8912730217	-1
5.89821505547	-1
5.89821505547	-1
5.89821505547	-1
5.89821505547	-1
5.89821505547	-1
5.89821505547	-1
5.89821505547	-1
5.89821505547	-1
5.9024939537	-1
5.9024939537	-1
5.9024939537	-1
5.9024939537	-1
5.9024939537	-1
5.9024939537	-1
5.9024939537	-1
5.9024939537	-1
5.90376591682	1
5.9041249752	-1
5.90562200546	-1
5.90562200546	-1
5.90562200546	-1
5.90562200546	-1
5.90562200546	-1
5.90562200546	-1
5.90562200546	-1
5.90721797943	-1
5.90721797943	-1
5.90869402885	-1
5.91667604446	-1
5.91667604446	-1
5.91667604446	-1
5.91667604446	-1
5.91667604446	-1
5.91667604446	-1
5.91667604446	-1
5.91667604446	-1
6.02572584152	-1
6.02701997757	-1
6.02701997757	-1
6.02701997757	-1
6.03453683853	-1
6.03453683853	-1
6.03453683853	-1
6.03453683853	-1
6.03453683853	-1
6.03453683853	-1
6.03453683853	-1
6.03453683853	-1
6.04237699509	-1
6.04237699509	-1
6.04237699509	-1
6.04237699509	-1
6.04237699509	-1
6.04237699509	-1
6.04237699509	-1
6.04929089546	-1
6.04929089546	-1
6.04929089546	-1
6.04929089546	-1
6.04929089546	-1
6.15215706825	-1
6.15215706825	-1
6.15215706825	-1
6.15215706825	-1
6.15215706825	-1
6.15215706825	-1
6.15215706825	-1
6.15215706825	-1
6.17638683319	-1
6.17638683319	-1
6.17638683319	-1
6.17638683319	-1
6.17638683319	-1
6.18217086792	-1
6.18764805794	-1
6.18764805794	-1
6.18764805794	-1
6.18764805794	-1
6.18764805794	-1
6.18764805794	-1
6.1967830658	-1
6.1967830658	-1
6.1967830658	-1
6.1967830658	-1
6.1967830658	-1
6.1967830658	-1
6.1967830658	-1
6.20255684853	-1
6.20255684853	-1
6.20255684853	-1
6.20255684853	-1
6.20255684853	-1
6.20255684853	-1
6.20255684853	-1
6.20255684853	-1
6.20400691032	-1
6.20400691032	-1
6.20400691032	-1
6.20400691032	-1
6.20400691032	-1
6.20400691032	-1
6.20400691032	-1
6.20499587059	1
6.20532989502	-1
6.20532989502	-1
6.20532989502	-1
6.20532989502	-1
6.20532989502	-1
6.20532989502	-1
6.20532989502	-1
6.20796084404	-1
6.20796084404	-1
6.20796084404	-1
6.20796084404	-1
6.20796084404	-1
6.20796084404	-1
6.20796084404	-1
6.20796084404	-1
6.22600102425	-1
6.26204490662	-1
6.26204490662	-1
6.26204490662	-1
6.26204490662	-1
6.26204490662	-1
6.26204490662	-1
6.26204490662	-1
6.26204490662	-1
6.26204490662	-1
6.26239490509	-1
6.26239490509	-1
6.26239490509	-1
6.26239490509	-1
6.26239490509	-1
6.27863693237	1
6.30025196075	-1
6.31639790535	-1
6.31639790535	-1
6.31639790535	-1
6.31676793098	-1
6.31676793098	-1
6.3168900013	-1
6.3168900013	-1
6.3168900013	-1
6.3168900013	-1
6.3168900013	-1
6.3168900013	-1
6.31713700294	-1
6.31713700294	-1
6.31713700294	-1
6.31713700294	-1
6.31713700294	-1
6.31713700294	-1
6.31713700294	-1
6.33331084251	-1
6.33336186409	-1
6.33336186409	-1
6.33336186409	-1
6.33336186409	-1
6.33336186409	-1
6.33336186409	-1
6.33336186409	-1
6.33527588844	-1
6.39025688171	1
6.39280200005	-1
6.39280200005	-1
6.39280200005	-1
6.39323592186	-1
6.39323592186	-1
6.39323592186	-1
6.39323592186	-1
6.39323592186	-1
6.39323592186	-1
6.39323592186	-1
6.39323592186	-1
6.39323592186	-1
6.39355492592	-1
6.39355492592	-1
6.39355492592	-1
6.39355492592	-1
6.39355492592	-1
6.39505505562	-1
6.39505505562	-1
6.42740988731	-1
6.42740988731	-1
6.42740988731	-1
6.42740988731	-1
6.42740988731	-1
6.42740988731	-1
6.43609404564	-1
6.43609404564	-1
6.43613886833	-1
6.43613886833	-1
6.43613886833	-1
6.43613886833	-1
6.43613886833	-1
6.43613886833	-1
6.43613886833	-1
6.43646502495	-1
6.43658685684	-1
6.43658685684	-1
6.43658685684	-1
6.43658685684	-1
6.43658685684	-1
6.43658685684	-1
6.44793105125	-1
6.44793105125	-1
6.44793105125	-1
6.44793105125	-1
6.44793105125	-1
6.44793105125	-1
6.44793105125	-1
6.44793105125	-1
6.46269702911	-1
6.46269702911	-1
6.46269702911	-1
6.46269702911	-1
6.46269702911	-1
6.46269702911	-1
6.46269702911	-1
6.46269702911	-1
6.46269702911	-1
6.46306705475	-1
6.46306705475	-1
6.46318888664	-1
6.46318888664	-1
6.46318888664	-1
6.46318888664	-1
6.46318888664	-1
6.46318888664	-1
6.46318888664	-1
6.46318888664	-1
6.46427106857	1
6.46717905998	-1
6.46717905998	-1
6.46717905998	-1
6.46717905998	-1
6.46717905998	-1
6.46740794182	-1
6.46740794182	-1
6.46740794182	-1
6.46740794182	-1
6.46740794182	-1
6.46740794182	-1
6.46740794182	-1
6.46740794182	-1
6.46765995026	-1
6.48024702072	-1
6.48024702072	-1
6.48024702072	-1
6.48024702072	-1
6.48024702072	-1
6.48024702072	-1
6.48024702072	-1
6.48024702072	-1
6.50159192085	-1
6.50522303581	1
6.50522303581	1
6.50522303581	1
6.53865885735	-1
6.53865885735	-1
6.53865885735	-1
6.53865885735	-1
6.53865885735	-1
6.53865885735	-1
6.53865885735	-1
6.53869485855	1
6.53887987137	-1
6.53922605515	-1
6.53922605515	-1
6.53922605515	-1
6.53922605515	-1
6.53922605515	-1
6.53922605515	-1
6.53947305679	-1
6.53947305679	-1
6.53947305679	-1
6.53947305679	-1
6.53947305679	-1
6.53947305679	-1
6.53947305679	-1
6.54133296013	-1
6.54133296013	-1
6.54133296013	-1
6.5414378643	-1
6.5414378643	-1
6.5414378643	-1
6.5414378643	-1
6.5414378643	-1
6.5414378643	-1
6.5414378643	-1
6.54168391228	-1
6.54168391228	-1
6.54168391228	-1
6.54168391228	-1
6.54168391228	-1
6.54168391228	-1
6.54168391228	-1
6.5822520256	-1
6.5822520256	-1
6.5822520256	-1
6.5822520256	-1
6.5822520256	-1
6.5822520256	-1
6.5822520256	-1
6.5822520256	-1
6.58238506317	-1
6.58238506317	-1
6.58238506317	-1
6.58238506317	-1
6.5827229023	-1
6.5827229023	-1
6.58284592628	-1
6.58284592628	-1
6.58284592628	-1
6.58284592628	-1
6.58284592628	-1
6.58284592628	-1
6.58284592628	-1
6.58309102058	-1
6.58309102058	-1
6.58309102058	-1
6.58309102058	-1
6.58309102058	-1
6.58309102058	-1
6.58309102058	-1
6.58346295357	-1
6.58346295357	-1
6.58346295357	-1
6.58346295357	-1
6.58346295357	-1
6.58346295357	-1
6.58346295357	-1
6.58346295357	-1
6.61276197433	-1
6.61276197433	-1
6.61279392242	1
6.61279392242	1
6.61282801628	-1
6.61282801628	-1
6.61282801628	-1
6.61282801628	-1
6.61282801628	-1
6.61282801628	-1
6.61381101608	-1
6.61381101608	-1
6.61381101608	-1
6.61381101608	-1
6.61381101608	-1
6.61381101608	-1
6.61381101608	-1
6.61381101608	-1
6.61381101608	-1
6.70205187798	-1
6.70208597183	1
6.70223784447	-1
6.70223784447	-1
6.70223784447	-1
6.71183800697	-1
6.71183800697	-1
6.71183800697	-1
6.71188592911	-1
6.71188592911	-1
6.71188592911	-1
6.71188592911	-1
6.71188592911	-1
6.71188592911	-1
6.71223092079	-1
6.71223092079	-1
6.71223092079	-1
6.71223092079	-1
6.71223092079	-1
6.71223092079	-1
6.71223092079	-1
6.72355294228	-1
6.72355294228	-1
6.72355294228	-1
6.72355294228	-1
6.72355294228	-1
6.72355294228	-1
6.72355294228	-1
6.72355294228	-1
6.72394299507	-1
6.72394299507	-1
6.72394299507	-1
6.72394299507	-1
6.72394299507	-1
6.72394299507	-1
6.72394299507	-1
6.72394299507	-1
6.72394299507	-1
6.7249288559	-1
6.7249288559	-1
6.7249288559	-1
6.7249288559	-1
6.7249288559	-1
6.7249288559	-1
6.7249288559	-1
6.72517299652	-1
6.72529602051	-1
6.72529602051	-1
6.72529602051	-1
6.72529602051	-1
6.72529602051	-1
6.72529602051	-1
6.72529602051	-1
6.72595191002	-1
6.72619700432	-1
6.72619700432	-1
6.72619700432	-1
6.72619700432	-1
6.72619700432	-1
6.72619700432	-1
6.72619700432	-1
6.72892785072	-1
6.7290430069	-1
6.7290430069	-1
6.7290430069	-1
6.7290430069	-1
6.7290430069	-1
6.7290430069	-1
6.7290430069	-1
6.72929000854	-1
6.73684287071	-1
6.73684287071	-1
6.73684287071	-1
6.73684287071	-1
6.73684287071	-1
6.73684287071	-1
6.73684287071	-1
6.73684287071	-1
6.77603697777	-1
6.77603697777	-1
6.77603697777	-1
6.77603697777	-1
6.77603697777	-1
6.77603697777	-1
6.77603697777	-1
6.77605891228	1
6.77605891228	1
6.78581285477	-1
6.78613805771	-1
6.78613805771	-1
6.78613805771	-1
6.78613805771	-1
6.78613805771	-1
6.78613805771	-1
6.78613805771	-1
6.78613805771	-1
6.78638386726	-1
6.78638386726	-1
6.78638386726	-1
6.78638386726	-1
6.78638386726	-1
6.78638386726	-1
6.78638386726	-1
6.78638386726	-1
6.78675198555	-1
6.78675198555	-1
6.78675198555	-1
6.78675198555	-1
6.78675198555	-1
6.78675198555	-1
6.78675198555	-1
6.78675198555	-1
6.79785299301	-1
6.79785299301	-1
6.79785299301	-1
6.79785299301	-1
6.79785299301	-1
6.79785299301	-1
6.79785299301	-1
6.79785299301	-1
6.79871702194	-1
6.79871702194	-1
6.79871702194	-1
6.79871702194	-1
6.79871702194	-1
6.79871702194	-1
6.79871702194	-1
6.79916286469	-1
6.79916286469	-1
6.79916286469	-1
6.79916286469	-1
6.79916286469	-1
6.79916286469	-1
6.79916286469	-1
6.79916286469	-1
6.86080002785	-1
6.86080002785	-1
6.86080002785	-1
6.86080002785	-1
6.86080002785	-1
6.86080002785	-1
6.86080002785	-1
6.86080002785	-1
6.86094689369	1
6.86159801483	-1
6.86159801483	-1
6.86159801483	-1
6.86159801483	-1
6.86159801483	-1
6.86159801483	-1
6.86159801483	-1
6.86219406128	-1
6.86219406128	-1
6.86219406128	-1
6.86219406128	-1
6.86219406128	-1
6.86219406128	-1
6.86219406128	-1
6.86219406128	-1
6.87103390694	-1
6.87103390694	-1
6.8714530468	-1
6.8714530468	-1
6.8714530468	-1
6.8714530468	-1
6.8714530468	-1
6.8714530468	-1
6.8714530468	-1
6.87169790268	-1
6.88262200356	-1
6.88262200356	-1
6.88262200356	-1
6.88262200356	-1
6.88262200356	-1
6.88262200356	-1
6.98937797546	1
7.50293183327	-1
7.50491690636	-1
7.50491690636	-1
7.50491690636	-1
7.50491690636	-1
7.50491690636	-1
7.50491690636	-1
7.50491690636	-1
7.50539088249	-1
7.50539088249	-1
7.50539088249	-1
7.50539088249	-1
7.50539088249	-1
7.50539088249	-1
7.50539088249	-1
7.50539088249	-1
7.5062110424	-1
7.5062110424	-1
7.5062110424	-1
7.5062110424	-1
7.5062110424	-1
7.5062110424	-1
7.5062110424	-1
7.50738501549	1
7.50768589973	-1
7.50768589973	-1
7.50768589973	-1
7.50768589973	-1
7.50768589973	-1
7.50768589973	-1
7.50768589973	-1
7.50768589973	-1
7.50768589973	-1
7.57876205444	-1
7.57876205444	-1
7.57881188393	-1
7.57881188393	-1
7.57881188393	-1
7.57881188393	-1
7.57881188393	-1
7.57881188393	-1
7.57881188393	-1
7.57881188393	-1
7.57937884331	-1
7.57937884331	-1
7.57937884331	-1
7.57937884331	-1
7.57937884331	-1
7.57937884331	-1
7.57937884331	-1
7.57962703705	-1
7.57974696159	-1
7.57974696159	-1
7.57974696159	-1
7.57974696159	-1
7.57974696159	-1
7.57974696159	-1
7.57974696159	-1
7.57974696159	-1
7.57999300957	-1
7.58007788658	-1
7.58007788658	-1
7.58007788658	-1
7.58007788658	-1
7.58007788658	-1
7.58007788658	-1
7.58007788658	-1
7.58030390739	-1
7.58103990555	1
7.6489648819	-1
7.6489648819	-1
7.6489648819	-1
7.6489648819	-1
7.6489648819	-1
7.6489648819	-1
7.6489648819	-1
7.65039205551	-1
7.6505010128	-1
7.6505010128	-1
7.6505010128	-1
7.6505010128	-1
7.6505010128	-1
7.6505010128	-1
7.6505010128	-1
7.65095090866	-1
7.65095090866	-1
7.65095090866	-1
7.65095090866	-1
7.65095090866	-1
7.65095090866	-1
7.65095090866	-1
7.65095090866	-1
7.65263485909	-1
7.65263485909	-1
7.65263485909	-1
7.65263485909	-1
7.65263485909	-1
7.65263485909	-1
7.65263485909	-1
7.65263485909	-1
7.654047966	-1
7.65470099449	-1
7.65470099449	-1
7.65470099449	-1
7.65470099449	-1
7.65470099449	-1
7.65470099449	-1
7.65470099449	-1
7.65479898453	1
7.65479898453	1
7.65479898453	1
7.65510892868	-1
7.65510892868	-1
7.65510892868	-1
7.65510892868	-1
7.65510892868	-1
7.65510892868	-1
7.65510892868	-1
7.65603494644	-1
7.65603494644	-1
7.65603494644	-1
7.65603494644	-1
7.65603494644	-1
7.65603494644	-1
7.65603494644	-1
7.65603494644	-1
7.6569519043	-1
7.6569519043	-1
7.6569519043	-1
7.6569519043	-1
7.6569519043	-1
7.6569519043	-1
7.6569519043	-1
7.6569519043	-1
7.65719604492	-1
7.65798091888	-1
7.65798091888	-1
7.65798091888	-1
7.65798091888	-1
7.65798091888	-1
7.65798091888	-1
7.65798091888	-1
7.65798091888	-1
7.72295093536	-1
7.72295093536	-1
7.72295093536	-1
7.72295093536	-1
7.72295093536	-1
7.72295093536	-1
7.72295093536	-1
7.72431206703	-1
7.72442984581	-1
7.72442984581	-1
7.72442984581	-1
7.72442984581	-1
7.72446894646	-1
7.72596096992	-1
7.72596096992	-1
7.72596096992	-1
7.72596096992	-1
7.72596096992	-1
7.72596096992	-1
7.72596096992	-1
7.72684192657	-1
7.72684192657	-1
7.72684192657	-1
7.72684192657	-1
7.72684192657	-1
7.72684192657	-1
7.72684192657	-1
7.72684192657	-1
7.72719192505	-1
7.72719192505	-1
7.72719192505	-1
7.72719192505	-1
7.72719192505	-1
7.72719192505	-1
7.72719192505	-1
7.72719192505	-1
7.72854089737	-1
7.72854089737	-1
7.72854089737	-1
7.72854089737	-1
7.72854089737	-1
7.72854089737	-1
7.72854089737	-1
7.72854089737	-1
7.72895503044	-1
7.72895503044	-1
7.72895503044	-1
7.72895503044	-1
7.72895503044	-1
7.72895503044	-1
7.72895503044	-1
7.72895503044	-1
7.72908997536	1
7.72987294197	-1
7.72987294197	-1
7.72987294197	-1
7.72987294197	-1
7.72987294197	-1
7.72987294197	-1
7.72987294197	-1
7.79528784752	-1
7.79528784752	-1
7.79528784752	-1
7.79528784752	-1
7.79528784752	-1
7.79528784752	-1
7.79528784752	-1
7.79528784752	-1
7.79660105705	-1
7.79671883583	-1
7.79671883583	-1
7.79671883583	-1
7.79671883583	-1
7.79671883583	-1
7.79671883583	-1
7.79671883583	-1
7.79696393013	-1
7.79733204842	-1
7.79733204842	-1
7.79733204842	-1
7.79733204842	-1
7.79733204842	-1
7.79766106606	-1
7.79766106606	-1
7.79766106606	-1
7.79766106606	-1
7.79766106606	-1
7.79766106606	-1
7.79766106606	-1
7.79839801788	-1
7.79876589775	-1
7.79876589775	-1
7.79876589775	-1
7.79876589775	-1
7.79876589775	-1
7.79876589775	-1
7.79876589775	-1
7.79876589775	-1
7.79880189896	1
7.79880189896	1
7.79880189896	1
7.79983401299	-1
7.79983401299	-1
7.79983401299	-1
7.79983401299	-1
7.79983401299	-1
7.79983401299	-1
7.80092692375	-1
7.80092692375	-1
7.80092692375	-1
7.80092692375	-1
7.80092692375	-1
7.80092692375	-1
7.80092692375	-1
7.80092692375	-1
7.80187606812	-1
7.80187606812	-1
7.80187606812	-1
7.80187606812	-1
7.80187606812	-1
7.80187606812	-1
7.80187606812	-1
7.80187606812	-1
7.8021030426	-1
7.8021030426	-1
7.8021030426	-1
7.8021030426	-1
7.8021030426	-1
7.8021030426	-1
7.8021030426	-1
7.8021030426	-1
7.80278491974	-1
7.80278491974	-1
7.80278491974	-1
7.80278491974	-1
7.80278491974	-1
7.80278491974	-1
7.80278491974	-1
7.80278491974	-1
7.80314803123	-1
7.80314803123	-1
7.80314803123	-1
7.80314803123	-1
7.80314803123	-1
7.80314803123	-1
7.80314803123	-1
7.80314803123	-1
7.80606794357	-1
7.80606794357	-1
7.80606794357	-1
7.80606794357	-1
7.80606794357	-1
7.80606794357	-1
7.80606794357	-1
7.80630302429	-1
7.80630302429	-1
7.80630302429	-1
7.80630302429	-1
7.80630302429	-1
7.80630302429	-1
7.80630302429	-1
7.80630302429	-1
7.86911988258	-1
7.86911988258	-1
7.86911988258	-1
7.86911988258	-1
7.86911988258	-1
7.86911988258	-1
7.86911988258	-1
7.86911988258	-1
7.87130284309	-1
7.87130284309	-1
7.87130284309	-1
7.87130284309	-1
7.87130284309	-1
7.87130284309	-1
7.87130284309	-1
7.87130284309	-1
7.87696790695	1
7.87696790695	1
7.87991905212	-1
7.99057006836	1
8.50443696976	-1
8.50485086441	-1
8.50485086441	-1
8.50485086441	-1
8.50485086441	-1
8.50485086441	-1
8.50485086441	-1
8.50485086441	-1
8.50485086441	-1
8.50509595871	-1
8.50509595871	-1
8.50513005257	-1
8.50513005257	-1
8.50513005257	-1
8.50513005257	-1
8.50513005257	-1
8.50513005257	-1
8.50513005257	-1
8.50513005257	-1
8.50559401512	-1
8.50559401512	-1
8.50559401512	-1
8.50559401512	-1
8.50559401512	-1
8.50559401512	-1
8.50559401512	-1
8.50559401512	-1
8.50742602348	1
8.57841396332	-1
8.57841396332	-1
8.57841396332	-1
8.57841396332	-1
8.57841396332	-1
8.57887387276	-1
8.57887387276	-1
8.57887387276	-1
8.57887387276	-1
8.57887387276	-1
8.57887387276	-1
8.57887387276	-1
8.57911992073	-1
8.57924389839	-1
8.57924389839	-1
8.57924389839	-1
8.57924389839	-1
8.57924389839	-1
8.57948899269	-1
8.57948899269	-1
8.57948899269	-1
8.57948899269	-1
8.57948899269	-1
8.57948899269	-1
8.57948899269	-1
8.57969903946	-1
8.57985687256	-1
8.57985687256	-1
8.57985687256	-1
8.57985687256	-1
8.57985687256	-1
8.57985687256	-1
8.57985687256	-1
8.58010292053	-1
8.58022689819	-1
8.58022689819	-1
8.58022689819	-1
8.58022689819	-1
8.58022689819	-1
8.58022689819	-1
8.58022689819	-1
8.65219402313	-1
8.65219402313	-1
8.65219402313	-1
8.65219402313	-1
8.65219402313	-1
8.65219402313	-1
8.65219402313	-1
8.65219402313	-1
8.65278887749	-1
8.65331983566	-1
8.65331983566	-1
8.65331983566	-1
8.65331983566	-1
8.65331983566	-1
8.65331983566	-1
8.65331983566	-1
8.65389704704	-1
8.65389704704	-1
8.65389704704	-1
8.65389704704	-1
8.65389704704	-1
8.65389704704	-1
8.65389704704	-1
8.65471196175	1
8.65483593941	-1
8.65483593941	-1
8.65483593941	-1
8.65483593941	-1
8.65483593941	-1
8.65483593941	-1
8.65483593941	-1
8.65483593941	-1
8.6551618576	-1
8.65540790558	-1
8.65540790558	-1
8.65540790558	-1
8.65540790558	-1
8.65540790558	-1
8.65540790558	-1
8.65540790558	-1
8.6556558609	-1
8.65602493286	-1
8.65602493286	-1
8.65602493286	-1
8.65602493286	-1
8.65602493286	-1
8.65669298172	-1
8.65669298172	-1
8.65669298172	-1
8.65669298172	-1
8.65669298172	-1
8.65669298172	-1
8.65669298172	-1
8.65669298172	-1
8.65698194504	-1
8.65698194504	-1
8.65698194504	-1
8.65698194504	-1
8.65698194504	-1
8.65698194504	-1
8.65698194504	-1
8.72632694244	-1
8.72638893127	-1
8.72638893127	-1
8.72638893127	-1
8.72638893127	-1
8.72638893127	-1
8.72638893127	-1
8.72638893127	-1
8.72717094421	-1
8.72717094421	-1
8.72717094421	-1
8.72717094421	-1
8.72717094421	-1
8.72717094421	-1
8.72717094421	-1
8.72717094421	-1
8.72788286209	-1
8.72788286209	-1
8.7280049324	-1
8.7280049324	-1
8.7280049324	-1
8.7280049324	-1
8.7280049324	-1
8.7280049324	-1
8.7280049324	-1
8.7282500267	-1
8.7282500267	-1
8.7282500267	-1
8.7282500267	-1
8.7282500267	-1
8.7282500267	-1
8.7282500267	-1
8.72885203362	1
8.72885203362	1
8.72888088226	-1
8.72888088226	-1
8.72888088226	-1
8.72888088226	-1
8.72888088226	-1
8.72888088226	-1
8.72888088226	-1
8.72888088226	-1
8.72921895981	-1
8.72921895981	-1
8.72921895981	-1
8.72921895981	-1
8.72921895981	-1
8.72921895981	-1
8.72921895981	-1
8.72921895981	-1
8.7297039032	-1
8.7297039032	-1
8.7297039032	-1
8.7297039032	-1
8.7297039032	-1
8.7297039032	-1
8.7297039032	-1
8.7297039032	-1
8.72995495796	-1
8.79679393768	-1
8.79679393768	-1
8.79679393768	-1
8.79679393768	-1
8.79679393768	-1
8.79679393768	-1
8.79679393768	-1
8.79679393768	-1
8.79693388939	-1
8.79693388939	-1
8.79693388939	-1
8.79693388939	-1
8.79693388939	-1
8.79693388939	-1
8.79693388939	-1
8.79738593102	-1
8.79738593102	-1
8.79750990868	-1
8.79750990868	-1
8.79750990868	-1
8.79750990868	-1
8.79750990868	-1
8.79750990868	-1
8.79750990868	-1
8.80027389526	-1
8.80121302605	-1
8.80121302605	-1
8.80121302605	-1
8.80121302605	-1
8.80121302605	-1
8.80121302605	-1
8.80121302605	-1
8.80121302605	-1
8.80126404762	1
8.80126404762	1
8.80126404762	1
8.80153894424	-1
8.80153894424	-1
8.80153894424	-1
8.80153894424	-1
8.80153894424	-1
8.80153894424	-1
8.80153894424	-1
8.80153894424	-1
8.80203604698	-1
8.80203604698	-1
8.80203604698	-1
8.80203604698	-1
8.80203604698	-1
8.80203604698	-1
8.80203604698	-1
8.80203604698	-1
8.80231595039	-1
8.80231595039	-1
8.80231595039	-1
8.80231595039	-1
8.80231595039	-1
8.80231595039	-1
8.80231595039	-1
8.80231595039	-1
8.80356788635	-1
8.80356788635	-1
8.80356788635	-1
8.80356788635	-1
8.80356788635	-1
8.80356788635	-1
8.80356788635	-1
8.8039188385	-1
8.8039188385	-1
8.8039188385	-1
8.8039188385	-1
8.8039188385	-1
8.8039188385	-1
8.8039188385	-1
8.8039188385	-1
8.80419492722	-1
8.80419492722	-1
8.80419492722	-1
8.80419492722	-1
8.80419492722	-1
8.80419492722	-1
8.80419492722	-1
8.80419492722	-1
8.80465698242	-1
8.80465698242	-1
8.80465698242	-1
8.80465698242	-1
8.80465698242	-1
8.80465698242	-1
8.80465698242	-1
8.80465698242	-1
8.87724089622	1
8.8835978508	-1
8.8835978508	-1
8.88869786263	-1
8.88869786263	-1
8.88869786263	-1
8.88869786263	-1
8.88869786263	-1
8.88869786263	-1
8.88869786263	-1
8.88869786263	-1
8.88883495331	-1
8.88883495331	-1
8.88883495331	-1
8.88883495331	-1
8.88883495331	-1
8.88883495331	-1
8.88883495331	-1
8.88883495331	-1
8.8892018795	-1
8.8892018795	-1
8.8892018795	-1
8.8892018795	-1
8.8892018795	-1
8.8892018795	-1
8.8892018795	-1
8.8892018795	-1
8.96259689331	1
8.96259689331	1
9.50529503822	-1
9.50564098358	-1
9.50564098358	-1
9.50564098358	-1
9.50568294525	-1
9.50568294525	-1
9.50568294525	-1
9.50568294525	-1
9.50568294525	-1
9.50568294525	-1
9.50568294525	-1
9.50662302971	-1
9.50674796104	-1
9.50674796104	-1
9.50674796104	-1
9.50674796104	-1
9.50674796104	-1
9.50674796104	-1
9.50674796104	-1
9.50674796104	-1
9.50699090958	-1
9.50699090958	-1
9.50699090958	-1
9.50699090958	-1
9.50699090958	-1
9.50699090958	-1
9.50699090958	-1
9.50773000717	-1
9.50773000717	-1
9.50773000717	-1
9.50773000717	-1
9.50773000717	-1
9.50799489021	-1
9.50799489021	-1
9.50799489021	-1
9.50820088387	-1
9.50820088387	-1
9.50820088387	-1
9.50820088387	-1
9.50820088387	-1
9.50820088387	-1
9.50820088387	-1
9.50820088387	-1
9.50900793076	-1
9.50900793076	-1
9.50900793076	-1
9.50900793076	-1
9.50900793076	-1
9.50900793076	-1
9.50900793076	-1
9.50900793076	-1
9.51161694527	1
9.57972192764	-1
9.57972192764	-1
9.57972192764	-1
9.57972192764	-1
9.57972192764	-1
9.57972192764	-1
9.57972192764	-1
9.57972192764	-1
9.58018302917	-1
9.58018302917	-1
9.58018302917	-1
9.58018302917	-1
9.58018302917	-1
9.58071994781	-1
9.58071994781	-1
9.58071994781	-1
9.65127086639	-1
9.65127086639	-1
9.65127086639	-1
9.65127086639	-1
9.65127086639	-1
9.65127086639	-1
9.65127086639	-1
9.65127086639	-1
9.65154600143	-1
9.65166902542	-1
9.65166902542	-1
9.65166902542	-1
9.65166902542	-1
9.65166902542	-1
9.65166902542	-1
9.65166902542	-1
9.65356302261	-1
9.65388083458	-1
9.65388083458	-1
9.65388083458	-1
9.65388083458	-1
9.65388083458	-1
9.65388083458	-1
9.65388083458	-1
9.65388083458	-1
9.65424895287	-1
9.65424895287	-1
9.65424895287	-1
9.65424895287	-1
9.65437197685	-1
9.65437197685	-1
9.65437197685	-1
9.65449500084	-1
9.65449500084	-1
9.65449500084	-1
9.65449500084	-1
9.65449500084	-1
9.65449500084	-1
9.65449500084	-1
9.65449500084	-1
9.65481996536	1
9.65483784676	-1
9.65483784676	-1
9.65483784676	-1
9.65483784676	-1
9.65483784676	-1
9.65483784676	-1
9.65483784676	-1
9.65483784676	-1
9.65531492233	-1
9.65531492233	-1
9.65531492233	-1
9.65531492233	-1
9.65531492233	-1
9.65531492233	-1
9.65531492233	-1
9.65531492233	-1
9.6556558609	-1
9.6556558609	-1
9.6556558609	-1
9.6556558609	-1
9.6556558609	-1
9.6556558609	-1
9.6556558609	-1
9.6556558609	-1
9.72567200661	-1
9.72567200661	-1
9.72567200661	-1
9.72567200661	-1
9.72567200661	-1
9.72567200661	-1
9.72629785538	-1
9.72629785538	-1
9.72629785538	-1
9.72629785538	-1
9.72629785538	-1
9.72642087936	-1
9.72654485703	-1
9.72654485703	-1
9.72654485703	-1
9.72654485703	-1
9.72654485703	-1
9.72654485703	-1
9.72654485703	-1
9.72838687897	-1
9.72838687897	-1
9.72838687897	-1
9.72838687897	-1
9.72838687897	-1
9.72838687897	-1
9.72838687897	-1
9.7293639183	-1
9.7293639183	-1
9.7293639183	-1
9.7293639183	-1
9.7293639183	-1
9.7293639183	-1
9.7293639183	-1
9.7293639183	-1
9.7293639183	-1
9.72980093956	-1
9.72980093956	-1
9.72995996475	1
9.80384683609	-1
9.80388092995	1
10.0497689247	-1
10.1616740227	-1
10.2029159069	-1
10.2029159069	-1
10.2029159069	-1
10.2029159069	-1
10.2029159069	-1
10.2029159069	-1
10.2029159069	-1
10.2743079662	1
10.4215049744	-1
10.5537388325	-1
10.5657248497	-1
10.5657248497	-1
10.5657248497	-1
10.5657248497	-1
10.5657248497	-1
10.5657248497	-1
10.5657248497	-1
10.7824568748	-1
10.8129138947	-1
10.8129138947	-1
10.8129138947	-1
10.8129138947	-1
10.8129138947	-1
10.8129138947	-1
10.8129138947	-1
10.8129138947	-1
10.9285550117	-1
10.9285550117	-1
10.9285550117	-1
10.9285550117	-1
10.956346035	1
11.2051398754	1
11.6431419849	-1
11.6447758675	1
11.7185480595	1
11.9064538479	-1
12.6483778954	-1
12.7949008942	-1
12.8159399033	1
12.8898139	1
13.8337030411	-1
13.9754509926	-1
13.9924049377	1
14.0659749508	1
15.011592865	-1
15.146271944	-1
15.1679370403	1
15.1777248383	1
15.1777248383	1
15.1777248383	1
15.6902549267	-1
15.8017809391	-1
15.8667600155	-1
15.8667600155	-1
15.8667600155	-1
15.8752379417	1
15.875649929	-1
15.9489879608	1
15.9489879608	1
15.9810528755	-1
15.9810528755	-1
15.9810528755	-1
15.9810528755	-1
15.9810528755	-1
15.9810528755	-1
15.9810528755	-1
16.0546140671	1
16.1266629696	-1
16.1504709721	-1
16.1504709721	-1
16.1504709721	-1
16.1505270004	-1
16.1505270004	-1
16.1505270004	-1
16.1505270004	-1
16.1505270004	-1
16.2002949715	-1
16.272685051	-1
16.272685051	-1
16.272685051	-1
16.272685051	-1
16.272685051	-1
16.272685051	-1
16.272685051	-1
16.272685051	-1
16.272685051	-1
16.2730379105	-1
16.2730379105	-1
16.289098978	1
16.3907220364	-1
16.3907558918	1
16.391053915	-1
16.391053915	-1
16.391053915	-1
16.4111008644	-1
16.4111008644	-1
16.4111008644	-1
16.4154770374	-1
16.4154770374	-1
16.434773922	-1
16.434773922	-1
16.434773922	-1
16.434773922	-1
16.434773922	-1
16.434773922	-1
16.434773922	-1
16.434773922	-1
16.434773922	-1
16.4351038933	-1
16.4351038933	-1
16.4351038933	-1
16.4351038933	-1
16.4351038933	-1
16.4351038933	-1
16.4351038933	-1
16.5371320248	-1
16.5371320248	-1
16.5371320248	-1
16.5371320248	-1
16.5371320248	-1
16.5371320248	-1
16.5371320248	-1
16.5371320248	-1
16.5371320248	-1
16.5374760628	-1
16.5374760628	-1
16.5389559269	1
16.5811560154	-1
16.5811560154	-1
16.5811560154	-1
16.5812799931	-1
16.5812799931	-1
16.5812799931	-1
16.5812799931	-1
16.5812799931	-1
16.5812799931	-1
16.5812799931	-1
16.5816068649	-1
16.6126928329	1
16.6653418541	-1
16.6653418541	-1
16.6653418541	-1
16.6653418541	-1
16.6653418541	-1
16.6653418541	-1
16.6653418541	-1
16.6866838932	-1
16.852396965	-1
16.8746089935	-1
16.8746089935	-1
16.8746089935	-1
16.8936789036	-1
16.8936789036	-1
16.8937809467	-1
16.8937809467	-1
16.8937809467	-1
16.8937809467	-1
16.8937809467	-1
16.8937809467	-1
16.8937809467	-1
16.8948478699	-1
16.8948478699	-1
16.8948478699	-1
16.8948478699	-1
16.8948478699	-1
16.8948478699	-1
16.8948478699	-1
17.0499958992	-1
17.0499958992	-1
17.134018898	-1
17.1840088367	1
17.2804369926	-1
17.4672448635	-1
17.6178040504	-1
17.6343510151	1
17.748857975	1
18.6679120064	-1
18.8221750259	-1
18.8221750259	-1
18.8307199478	1
18.904337883	1
18.904337883	1
19.0814490318	1
19.4403648376	-1
19.4417190552	1
19.5157649517	-1
19.5157649517	-1
19.5157990456	1
19.6299159527	1
19.6525199413	-1
19.7035489082	1
19.7035489082	1
19.7310800552	-1
19.7310800552	-1
19.7310800552	-1
19.839840889	-1
19.839840889	-1
19.8531768322	1
19.9269800186	1
19.9269800186	1
20.3493309021	-1
20.4781649113	-1
20.5169050694	-1
20.5169050694	-1
20.5169050694	-1
20.5169050694	-1
20.5169050694	-1
20.5169050694	-1
20.5169050694	-1
20.5486710072	-1
20.5518729687	-1
20.6633708477	-1
20.6638278961	-1
20.6638278961	-1
20.6638278961	-1
20.692896843	-1
20.692896843	-1
20.692896843	-1
20.6929478645	-1
20.6929478645	-1
20.6929478645	-1
20.6929478645	-1
20.6929478645	-1
20.7371509075	-1
20.793735981	-1
20.793735981	-1
20.793735981	-1
20.793735981	-1
20.793735981	-1
20.793735981	-1
20.793735981	-1
20.8096878529	-1
20.8109478951	-1
20.8522388935	1
20.8873648643	-1
20.902148962	-1
20.902148962	-1
20.902148962	-1
20.902148962	-1
20.902148962	-1
20.902148962	-1
20.902148962	-1
20.902148962	-1
20.9058969021	-1
20.9058969021	-1
20.9058969021	-1
20.9058969021	-1
20.9058969021	-1
20.9058969021	-1
20.9058969021	-1
20.9259040356	1
20.9259040356	1
20.9562859535	-1
20.9562859535	-1
20.9797048569	-1
20.9797048569	-1
20.9797048569	-1
20.9797048569	-1
20.9797048569	-1
20.9797048569	-1
20.9797048569	-1
20.9797048569	-1
20.9797048569	-1
21.0204460621	-1
21.0204460621	-1
21.0204460621	-1
21.0204460621	-1
21.0204460621	-1
21.0204460621	-1
21.0204460621	-1
21.0204758644	1
21.1243870258	-1
21.1244208813	1
21.1866829395	-1
21.1866829395	-1
21.1866829395	-1
21.186989069	-1
21.186989069	-1
21.186989069	-1
21.186989069	-1
21.186989069	-1
21.186989069	-1
21.186989069	-1
21.1969590187	-1
21.1972289085	-1
21.1972289085	-1
21.1972289085	-1
21.1972289085	-1
21.1972289085	-1
21.1972289085	-1
21.1972289085	-1
21.2719519138	-1
21.2719519138	-1
21.2719519138	-1
21.2719519138	-1
21.3265118599	-1
21.3265118599	-1
21.3265118599	-1
21.3266129494	-1
21.3266129494	-1
21.3266129494	-1
21.3266129494	-1
21.3266129494	-1
21.3266129494	-1
21.3456740379	-1
21.3456740379	-1
21.3456740379	-1
21.3456740379	-1
21.3456740379	-1
21.3456740379	-1
21.3456740379	-1
21.3468439579	1
21.5025019646	-1
21.5025019646	-1
21.5025019646	-1
21.5097680092	-1
21.5240249634	-1
21.5240249634	-1
21.5240249634	-1
21.5240249634	-1
21.5240249634	-1
21.5240249634	-1
21.5240249634	-1
21.5847098827	1
21.6048939228	-1
21.6048939228	-1
21.6048939228	-1
21.6048939228	-1
21.6048939228	-1
21.6048939228	-1
21.6048939228	-1
21.6048939228	-1
21.6050710678	-1
21.6139900684	-1
21.6139900684	-1
21.614043951	-1
21.614043951	-1
21.614043951	-1
21.614043951	-1
21.614043951	-1
21.614043951	-1
21.6229109764	-1
21.6229109764	-1
21.6229109764	-1
21.6229109764	-1
21.6229109764	-1
21.6229109764	-1
21.6229109764	-1
21.6229109764	-1
21.6877510548	1
21.7491250038	-1
21.7493739128	-1
21.7493739128	-1
21.7493739128	-1
21.7493739128	-1
21.8232769966	-1
21.8388009071	1
21.9126908779	-1
21.9127249718	1
21.9867219925	-1
21.9867219925	-1
22.0820469856	-1
22.0820469856	-1
22.0820469856	-1
22.0820469856	-1
22.0820469856	-1
22.0820469856	-1
22.0820469856	-1
22.1067650318	1
22.489593029	-1
22.6057088375	-1
22.6319210529	-1
22.6319210529	-1
22.6319210529	-1
22.6319210529	-1
22.6319210529	-1
22.6319210529	-1
22.6319210529	-1
22.7793660164	-1
22.8170888424	-1
22.8170888424	-1
22.8170888424	-1
22.825576067	1
22.8428239822	1
22.8428239822	1
22.8428239822	1
22.8491249084	-1
22.8491249084	-1
22.8491249084	-1
22.8491249084	-1
22.8491249084	-1
22.8491249084	-1
22.8491249084	-1
22.8583798409	-1
22.8583798409	-1
22.8583798409	-1
22.8583798409	-1
22.8583798409	-1
22.8583798409	-1
22.8583798409	-1
22.9322299957	-1
22.9385459423	-1
22.9385459423	-1
22.9385459423	-1
22.9385459423	-1
23.1141710281	-1
23.1428890228	-1
23.1428890228	-1
23.1428890228	-1
23.1428890228	-1
23.1428890228	-1
23.1428890228	-1
23.1428890228	-1
23.1428890228	-1
23.1533958912	-1
23.1533958912	-1
23.1533958912	-1
23.1533958912	-1
23.1533958912	-1
23.1533958912	-1
23.1533958912	-1
23.1533958912	-1
23.1544508934	1
23.2784309387	-1
23.2784309387	-1
23.2784309387	-1
23.2784309387	-1
23.2784309387	-1
23.2784309387	-1
23.2784309387	-1
23.4247729778	-1
23.4616630077	-1
23.4616630077	-1
23.4616630077	-1
23.4616630077	-1
23.4616630077	-1
23.4616630077	-1
23.4616630077	-1
23.4616630077	-1
23.4654510021	-1
23.4654510021	-1
23.4654510021	-1
23.4654510021	-1
23.4654510021	-1
23.4654510021	-1
23.4654510021	-1
23.4654510021	-1
23.5155339241	-1
23.5155339241	-1
23.5155339241	-1
23.5155339241	-1
23.5155339241	-1
23.5155339241	-1
23.5155339241	-1
23.5155339241	-1
23.5156979561	-1
23.5714159012	-1
23.5714159012	-1
23.5714159012	-1
23.5714159012	-1
23.5714159012	-1
23.5714159012	-1
23.5714159012	-1
23.7171289921	-1
23.785337925	-1
23.785337925	-1
23.785337925	-1
23.7854790688	-1
23.7854790688	-1
23.7854790688	-1
23.7854790688	-1
23.7854790688	-1
23.7854790688	-1
23.7854790688	-1
23.792263031	1
23.804915905	-1
23.804915905	-1
23.804915905	-1
23.804915905	-1
23.804915905	-1
23.804915905	-1
23.804915905	-1
23.8056159019	-1
23.8057389259	-1
23.8057389259	-1
23.8057389259	-1
23.8057389259	-1
23.8057389259	-1
23.8057389259	-1
23.8057389259	-1
23.8057389259	-1
23.8057389259	-1
23.8237769604	-1
23.8237769604	-1
23.8596229553	-1
23.8596229553	-1
23.8596229553	-1
23.8596229553	-1
23.8596229553	-1
23.8596229553	-1
23.8596229553	-1
23.8634150028	-1
23.8659620285	1
23.8659620285	1
23.933218956	-1
23.933218956	-1
23.933218956	-1
23.933218956	-1
23.933218956	-1
23.933218956	-1
23.933218956	-1
23.933218956	-1
23.9333839417	-1
24.0768139362	-1
24.1176660061	-1
24.1176660061	-1
24.1176660061	-1
24.1180579662	-1
24.1180579662	-1
24.1180579662	-1
24.1180579662	-1
24.1180579662	-1
24.1180579662	-1
24.1180579662	-1
24.1445288658	-1
24.1446979046	-1
24.1446979046	-1
24.1446979046	-1
24.1446979046	-1
24.1446979046	-1
24.1446979046	-1
24.1449608803	-1
24.1449608803	-1
24.1450839043	-1
24.1450839043	-1
24.1450839043	-1
24.1450839043	-1
24.1450839043	-1
24.1450839043	-1
24.145321846	-1
24.145321846	-1
24.145321846	-1
24.145321846	-1
24.145321846	-1
24.145321846	-1
24.145321846	-1
24.145321846	-1
24.1456978321	-1
24.1456978321	-1
24.1890928745	1
24.1892490387	1
24.1892490387	1
24.1892490387	1
24.1899189949	-1
24.1899189949	-1
24.1899189949	-1
24.1899189949	-1
24.1899189949	-1
24.1899189949	-1
24.1941618919	1
24.1941618919	1
24.1941618919	1
24.2002038956	1
24.2002038956	1
24.2639789581	-1
24.2639789581	-1
24.2639789581	-1
24.2639789581	-1
24.2639789581	-1
24.4388158321	1
24.4410960674	1
24.4410960674	1
24.4410960674	1
24.4433979988	-1
24.4643929005	-1
24.4643929005	-1
24.4643929005	-1
24.4643929005	-1
24.4643929005	-1
24.4643929005	-1
24.4643929005	-1
24.4643929005	-1
24.4647400379	-1
24.4647400379	-1
24.4647400379	-1
24.4647400379	-1
24.4647400379	-1
24.4647400379	-1
24.4647400379	-1
24.4777629375	-1
24.4777629375	-1
24.4777629375	-1
24.4777629375	-1
24.4777629375	-1
24.4777629375	-1
24.4777629375	-1
24.4777629375	-1
24.4777629375	-1
24.4781329632	-1
24.4782569408	-1
24.4782569408	-1
24.4782569408	-1
24.4782569408	-1
24.4782569408	-1
24.4782569408	-1
24.4782569408	-1
24.478623867	-1
24.478746891	-1
24.478746891	-1
24.478746891	-1
24.478746891	-1
24.478746891	-1
24.478746891	-1
24.47991395	1
24.47991395	1
24.512472868	1
24.6036880016	-1
24.6036880016	-1
24.6036880016	-1
24.6036880016	-1
24.6036880016	-1
24.6036880016	-1
24.7587549686	-1
24.7730429173	-1
24.7730429173	-1
24.7730429173	-1
24.77906394	-1
24.77906394	-1
24.77906394	-1
24.77906394	-1
24.77906394	-1
24.77906394	-1
24.77906394	-1
24.77906394	-1
24.7885658741	-1
24.7885658741	-1
24.7885658741	-1
24.7885658741	-1
24.7885658741	-1
24.7885658741	-1
24.7885658741	-1
24.7885658741	-1
24.7885658741	-1
24.8440659046	-1
24.8440659046	-1
24.8440659046	-1
24.8440659046	-1
24.8440659046	-1
24.8440659046	-1
24.8440659046	-1
24.8440659046	-1
24.8440659046	-1
24.8459558487	1
24.9057228565	-1
24.9057228565	-1
24.9074668884	-1
24.9074668884	-1
24.9813189507	-1
24.9813189507	-1
24.9813308716	1
24.9813308716	1
25.0015599728	1
25.0015599728	1
25.0015599728	1
25.0303988457	1
25.0303988457	1
25.0581300259	-1
25.0581698418	1
25.0748400688	-1
25.0748400688	-1
25.0748400688	-1
25.0748400688	-1
25.0748400688	-1
25.0748400688	-1
25.0748400688	-1
25.0996818542	-1
25.1000099182	-1
25.1000099182	-1
25.1000099182	-1
25.1000099182	-1
25.1000099182	-1
25.1000099182	-1
25.1000099182	-1
25.1000099182	-1
25.1000099182	-1
25.1024019718	1
25.1024019718	1
25.1024019718	1
25.1142668724	-1
25.1142668724	-1
25.1142668724	-1
25.1142668724	-1
25.1142668724	-1
25.1142668724	-1
25.1142668724	-1
25.1142668724	-1
25.1146090031	-1
25.1146090031	-1
25.1146090031	-1
25.1146090031	-1
25.1146090031	-1
25.1146090031	-1
25.1146090031	-1
25.1201779842	-1
25.1202819347	-1
25.1202819347	-1
25.1202819347	-1
25.1202819347	-1
25.1202819347	-1
25.1202819347	-1
25.1202819347	-1
25.1202819347	-1
25.1312098503	-1
25.1312098503	-1
25.1312098503	-1
25.1312098503	-1
25.1312098503	-1
25.1312098503	-1
25.1312098503	-1
25.1312098503	-1
25.1321249008	-1
25.1321458817	1
25.2058138847	1
25.2058138847	1
25.2863409519	-1
25.2875249386	1
25.3656170368	-1
25.3666870594	-1
25.3666870594	-1
25.3666870594	-1
25.3666870594	-1
25.3666870594	-1
25.3666870594	-1
25.3666870594	-1
25.3666870594	-1
25.3682148457	-1
25.3682148457	-1
25.3682148457	-1
25.3682148457	-1
25.3682148457	-1
25.3682148457	-1
25.3682148457	-1
25.4177539349	-1
25.4177539349	-1
25.4178569317	-1
25.4178569317	-1
25.4178569317	-1
25.4178569317	-1
25.4178569317	-1
25.4178569317	-1
25.4178569317	-1
25.4181039333	-1
25.4183299541	-1
25.4183299541	-1
25.4184498787	-1
25.4184498787	-1
25.4184498787	-1
25.4184498787	-1
25.4184498787	-1
25.4184498787	-1
25.4199998379	-1
25.4199998379	-1
25.4199998379	-1
25.4199998379	-1
25.4199998379	-1
25.4199998379	-1
25.4199998379	-1
25.4199998379	-1
25.4218959808	1
25.4404230118	-1
25.4697070122	-1
25.4697070122	-1
25.4697070122	-1
25.4697070122	-1
25.4697070122	-1
25.4697070122	-1
25.4697070122	-1
25.5434679985	1
25.5434679985	1
25.610519886	-1
25.610519886	-1
25.610519886	-1
25.617431879	-1
25.6356508732	-1
25.6356508732	-1
25.6356508732	-1
25.6356508732	-1
25.6356508732	-1
25.6356508732	-1
25.6356508732	-1
25.6542589664	-1
25.6742758751	-1
25.6742758751	-1
25.6742758751	-1
25.6872370243	-1
25.6872370243	-1
25.6872370243	-1
25.6872370243	-1
25.6872370243	-1
25.6872370243	-1
25.6872370243	-1
25.6872370243	-1
25.6954638958	-1
25.6954638958	-1
25.6954638958	-1
25.6954638958	-1
25.6954638958	-1
25.6954638958	-1
25.6954638958	-1
25.6958758831	-1
25.6959040165	-1
25.6959040165	-1
25.6959040165	-1
25.6959040165	-1
25.6959040165	-1
25.6959040165	-1
25.6959040165	-1
25.6977870464	1
25.7072508335	-1
25.7072508335	-1
25.7072508335	-1
25.7072508335	-1
25.7072508335	-1
25.7072508335	-1
25.7072508335	-1
25.7072508335	-1
25.7084908485	1
25.7084908485	1
25.7084908485	1
25.7455759048	-1
25.7455759048	-1
25.7455759048	-1
25.7456798553	-1
25.7457199097	-1
25.7457199097	-1
25.7457199097	-1
25.7457199097	-1
25.7457199097	-1
25.7457199097	-1
25.7457199097	-1
25.7556488514	-1
25.7557609081	-1
25.7557609081	-1
25.7557609081	-1
25.7557609081	-1
25.7557609081	-1
25.7557609081	-1
25.7778499126	-1
25.7778499126	-1
25.7778499126	-1
25.7778499126	-1
25.7778499126	-1
25.7778499126	-1
25.7778499126	-1
25.7778499126	-1
25.7781999111	-1
25.8001589775	-1
25.8001589775	-1
25.8001589775	-1
25.8001589775	-1
25.8001589775	-1
25.8001589775	-1
25.8001589775	-1
25.8001589775	-1
25.8004999161	-1
25.8004999161	-1
25.8199989796	-1
25.8199989796	-1
25.8199989796	-1
25.8199989796	-1
25.89615798	-1
25.89615798	-1
25.89615798	-1
25.8964438438	-1
25.8964438438	-1
25.9084730148	1
25.9106779099	-1
25.9106779099	-1
25.9106779099	-1
25.9106779099	-1
25.9106779099	-1
25.9106779099	-1
25.9106779099	-1
25.9125020504	-1
25.9125020504	-1
25.9125020504	-1
25.9125020504	-1
25.9229068756	1
25.9229068756	1
25.9229068756	1
25.9305598736	-1
25.9305598736	-1
25.9305598736	-1
25.9305598736	-1
25.9305598736	-1
25.9305598736	-1
25.9305598736	-1
25.9682099819	-1
25.9683229923	-1
25.9683229923	-1
25.9683229923	-1
25.9971499443	1
26.0497260094	-1
26.0497260094	-1
26.0497260094	-1
26.0498280525	-1
26.0498280525	-1
26.0498280525	-1
26.0498280525	-1
26.0498280525	-1
26.0498280525	-1
26.05031991	-1
26.05031991	-1
26.05031991	-1
26.05031991	-1
26.05031991	-1
26.05031991	-1
26.05031991	-1
26.0628149509	-1
26.0628609657	-1
26.0628609657	-1
26.0628609657	-1
26.0628609657	-1
26.0628609657	-1
26.0628609657	-1
26.0628609657	-1
26.0631599426	-1
26.0655739307	1
26.0655739307	1
26.0655739307	1
26.0655739307	1
26.0691969395	-1
26.0691969395	-1
26.0691969395	-1
26.0691969395	-1
26.0691969395	-1
26.0691969395	-1
26.0691969395	-1
26.0691969395	-1
26.0694868565	-1
26.0694868565	-1
26.0696709156	-1
26.0696709156	-1
26.0696709156	-1
26.0696709156	-1
26.0696709156	-1
26.0696709156	-1
26.0835549831	-1
26.0835549831	-1
26.0835549831	-1
26.0835549831	-1
26.0835549831	-1
26.0835549831	-1
26.0835549831	-1
26.0835549831	-1
26.0848648548	-1
26.0849699974	-1
26.0849699974	-1
26.0849699974	-1
26.0849699974	-1
26.1036829948	-1
26.1037888527	-1
26.1037888527	-1
26.1037888527	-1
26.1037888527	-1
26.1037888527	-1
26.1037888527	-1
26.1238338947	-1
26.1238338947	-1
26.1238338947	-1
26.1238338947	-1
26.1238338947	-1
26.1238338947	-1
26.1450228691	1
26.1874828339	-1
26.1874828339	-1
26.1874828339	-1
26.200209856	-1
26.200209856	-1
26.200209856	-1
26.200209856	-1
26.200209856	-1
26.200209856	-1
26.200209856	-1
26.200209856	-1
26.200209856	-1
26.2005519867	-1
26.2005519867	-1
26.2005519867	-1
26.2005519867	-1
26.2005519867	-1
26.2191028595	-1
26.3329839706	-1
26.3331880569	-1
26.3331880569	-1
26.3331880569	-1
26.3331880569	-1
26.3331880569	-1
26.3641140461	-1
26.3649580479	-1
26.3649580479	-1
26.3649580479	-1
26.3649580479	-1
26.3649580479	-1
26.3649580479	-1
26.3698730469	-1
26.3698730469	-1
26.3698730469	-1
26.3698730469	-1
26.3698730469	-1
26.3698730469	-1
26.3698730469	-1
26.3698730469	-1
26.3997459412	-1
26.3997459412	-1
26.3998498917	-1
26.3998498917	-1
26.3998498917	-1
26.3998498917	-1
26.3998498917	-1
26.3998498917	-1
26.3998498917	-1
26.4000940323	-1
26.4011049271	1
26.4208579063	-1
26.4208579063	-1
26.4208579063	-1
26.4208579063	-1
26.4208579063	-1
26.4208579063	-1
26.4208579063	-1
26.4326529503	-1
26.4326980114	-1
26.4326980114	-1
26.4326980114	-1
26.4326980114	-1
26.4326980114	-1
26.4330658913	-1
26.4331889153	-1
26.4331889153	-1
26.4331889153	-1
26.4331889153	-1
26.4331889153	-1
26.4331889153	-1
26.4945728779	1
26.5070109367	-1
26.5070109367	-1
26.5070109367	-1
26.5070109367	-1
26.5070109367	-1
26.5070109367	-1
26.5070109367	-1
26.5070109367	-1
26.5071928501	-1
26.5683839321	1
26.6423559189	-1
26.6423559189	-1
26.6541969776	-1
26.6541969776	-1
26.6541969776	-1
26.6541969776	-1
26.6541969776	-1
26.6541969776	-1
26.6541969776	-1
26.6541969776	-1
26.6657838821	-1
26.6661949158	-1
26.6661949158	-1
26.6661949158	-1
26.6661949158	-1
26.6661949158	-1
26.6661949158	-1
26.6661949158	-1
26.6664400101	-1
26.6665630341	-1
26.6665630341	-1
26.6665630341	-1
26.6665630341	-1
26.6665630341	-1
26.6665630341	-1
26.6756050587	-1
26.6756050587	-1
26.6756050587	-1
26.6756050587	-1
26.6756050587	-1
26.6756050587	-1
26.6756050587	-1
26.6756050587	-1
26.7280468941	-1
26.7293159962	1
26.7942459583	-1
26.7942459583	-1
26.7942459583	-1
26.7942459583	-1
26.7942459583	-1
26.7942459583	-1
26.8032338619	-1
26.8043320179	-1
26.8043320179	-1
26.8043320179	-1
26.8043320179	-1
26.8043320179	-1
26.8043320179	-1
26.8043320179	-1
26.8088459969	-1
26.8088459969	-1
26.8088459969	-1
26.8088459969	-1
26.8088459969	-1
26.8088459969	-1
26.8088459969	-1
26.8140289783	-1
26.8140289783	-1
26.8140289783	-1
26.8140289783	-1
26.8140289783	-1
26.8140289783	-1
26.8140289783	-1
26.8202729225	-1
26.8203780651	-1
26.8203780651	-1
26.8203780651	-1
26.8203780651	-1
26.8203780651	-1
26.8203780651	-1
26.8203780651	-1
26.8260269165	-1
26.8260269165	-1
26.8781449795	-1
26.9088549614	1
26.9272739887	-1
26.9272739887	-1
26.9272739887	-1
26.9272739887	-1
26.9272739887	-1
26.9272739887	-1
26.9272739887	-1
26.9375748634	-1
26.9420809746	-1
26.9420809746	-1
26.9420809746	-1
26.9420809746	-1
26.9420809746	-1
26.9420809746	-1
26.9420809746	-1
26.9420809746	-1
26.9473419189	-1
26.9558639526	-1
26.9558639526	-1
26.9558639526	-1
26.9558639526	-1
26.9558639526	-1
26.9558639526	-1
26.9558639526	-1
26.9622929096	-1
26.9622929096	-1
26.9622929096	-1
26.9622929096	-1
26.9622929096	-1
26.9622929096	-1
26.9622929096	-1
26.9677619934	-1
26.9677619934	-1
26.9677619934	-1
26.9677619934	-1
26.9677619934	-1
26.9677619934	-1
26.9677619934	-1
26.9742939472	-1
26.982790947	-1
26.9828238487	1
26.9852080345	1
26.9852080345	1
26.9852080345	1
26.9873280525	-1
26.9873280525	-1
26.9873280525	-1
26.9873280525	-1
26.9873280525	-1
26.9873280525	-1
26.9873280525	-1
26.9877419472	1
26.9877419472	1
27.0006489754	-1
27.0006489754	-1
27.0006489754	-1
27.0006489754	-1
27.0006489754	-1
27.0006489754	-1
27.0006489754	-1
27.0006489754	-1
27.013201952	-1
27.013201952	-1
27.013201952	-1
27.0185680389	-1
27.023829937	-1
27.023829937	-1
27.023829937	-1
27.023829937	-1
27.023829937	-1
27.023829937	-1
27.023829937	-1
27.0568208694	-1
27.0890140533	-1
27.0890140533	-1
27.0890140533	-1
27.1226859093	-1
27.1226859093	-1
27.1226859093	-1
27.1226859093	-1
27.1226859093	-1
27.1226859093	-1
27.1226859093	-1
27.1226859093	-1
27.1226859093	-1
27.1335148811	-1
27.1335148811	-1
27.1335148811	-1
27.1335148811	-1
27.1335148811	-1
27.1335148811	-1
27.1335148811	-1
27.1538169384	-1
27.1538169384	-1
27.1538169384	-1
27.1538169384	-1
27.1538169384	-1
27.1538169384	-1
27.1538169384	-1
27.1538169384	-1
27.1799218655	-1
27.1799218655	-1
27.1811978817	1
27.1995389462	-1
27.1995389462	-1
27.1995389462	-1
27.1995389462	-1
27.1995389462	-1
27.1995389462	-1
27.1995389462	-1
27.2161710262	-1
27.2161710262	-1
27.2161710262	-1
27.2161710262	-1
27.2161710262	-1
27.2161710262	-1
27.2161710262	-1
27.2422380447	-1
27.2422380447	-1
27.2641279697	-1
27.2641279697	-1
27.2641608715	1
27.2641608715	1
27.2752280235	-1
27.2752280235	-1
27.2752280235	-1
27.2752280235	-1
27.2752280235	-1
27.2752280235	-1
27.2752280235	-1
27.2825388908	-1
27.2825388908	-1
27.2825388908	-1
27.2825388908	-1
27.2825388908	-1
27.2825388908	-1
27.2825388908	-1
27.3001630306	-1
27.3001630306	-1
27.3001630306	-1
27.3224899769	-1
27.3224899769	-1
27.3224899769	-1
27.3224899769	-1
27.3224899769	-1
27.3224899769	-1
27.3224899769	-1
27.3224899769	-1
27.3302638531	-1
27.3302638531	-1
27.3302638531	-1
27.3302638531	-1
27.3302638531	-1
27.3302638531	-1
27.3302638531	-1
27.3360509872	-1
27.3360509872	-1
27.3360509872	-1
27.3360509872	-1
27.3360509872	-1
27.3360509872	-1
27.3360509872	-1
27.3468079567	-1
27.3468079567	-1
27.3468079567	-1
27.3468079567	-1
27.3468079567	-1
27.3468079567	-1
27.3468389511	1
27.3549129963	-1
27.3549129963	-1
27.3819549084	-1
27.3819549084	-1
27.3819549084	-1
27.401665926	-1
27.401665926	-1
27.401665926	-1
27.401665926	-1
27.401665926	-1
27.401665926	-1
27.401665926	-1
27.401665926	-1
27.401665926	-1
27.4188139439	-1
27.4188139439	-1
27.4188139439	-1
27.4188139439	-1
27.4188139439	-1
27.4188139439	-1
27.4188139439	-1
27.4188139439	-1
27.4195969105	-1
27.4195969105	-1
27.4195969105	-1
27.4195969105	-1
27.4195969105	-1
27.4592490196	-1
27.4592490196	-1
27.4592490196	-1
27.4592490196	-1
27.4592490196	-1
27.4592490196	-1
27.4756748676	-1
27.4756748676	-1
27.4756748676	-1
27.4756748676	-1
27.4756748676	-1
27.4756748676	-1
27.4756748676	-1
27.4756748676	-1
27.5612740517	-1
27.5612740517	-1
27.5612740517	-1
27.5612740517	-1
27.5612740517	-1
27.5612740517	-1
27.5612740517	-1
27.5612740517	-1
27.5612740517	-1
27.5863039494	1
27.7202270031	-1
27.7210550308	-1
27.7210550308	-1
27.7210550308	-1
27.7210550308	-1
27.7210550308	-1
27.7210550308	-1
27.7210550308	-1
27.7210550308	-1
27.7333748341	-1
27.7334799767	-1
27.7334799767	-1
27.7334799767	-1
27.7334799767	-1
27.7334799767	-1
27.7334799767	-1
27.7359149456	-1
27.7359149456	-1
27.7359149456	-1
27.7359149456	-1
27.7359149456	-1
27.7359149456	-1
27.7359149456	-1
27.7359149456	-1
27.7365548611	-1
27.7365548611	-1
27.7365548611	-1
27.7365548611	-1
27.7370450497	-1
27.7510690689	-1
27.7510690689	-1
27.7569060326	-1
27.7569060326	-1
27.7569060326	-1
27.7569060326	-1
27.7569060326	-1
27.7569060326	-1
27.7569060326	-1
27.7931339741	-1
27.7939579487	-1
27.7939579487	-1
27.7939579487	-1
27.7940039635	-1
27.7940039635	-1
27.7940039635	-1
27.7940039635	-1
27.7940039635	-1
27.7940039635	-1
27.8161289692	-1
27.8161289692	-1
27.8161289692	-1
27.8161289692	-1
27.8161289692	-1
27.8161289692	-1
27.8161289692	-1
27.8161289692	-1
27.8911209106	1
27.9024128914	-1
27.9024128914	-1
27.9024128914	-1
27.9024128914	-1
27.9024128914	-1
27.9024128914	-1
27.9737589359	1
28.0458528996	-1
28.0458528996	-1
28.0458528996	-1
28.0458528996	-1
28.0458528996	-1
28.0458528996	-1
28.0458528996	-1
28.0458528996	-1
28.0458528996	-1
28.0475618839	1
28.0475618839	1
28.0655460358	-1
28.0655460358	-1
28.0655460358	-1
28.0655460358	-1
28.0655460358	-1
28.0655460358	-1
28.0655460358	-1
28.0655460358	-1
28.0971238613	-1
28.0972380638	-1
28.0972380638	-1
28.0972380638	-1
28.0972380638	-1
28.0972380638	-1
28.0972380638	-1
28.0972380638	-1
28.0974829197	-1
28.1059498787	-1
28.1059498787	-1
28.1059498787	-1
28.1059498787	-1
28.1093289852	-1
28.1216158867	-1
28.1216259003	1
28.1256098747	-1
28.1256098747	-1
28.1256098747	-1
28.1256098747	-1
28.1256098747	-1
28.1256098747	-1
28.1916818619	-1
28.1916818619	-1
28.1916818619	-1
28.1916818619	-1
28.1916818619	-1
28.1916818619	-1
28.1916818619	-1
28.1956930161	1
28.3689098358	-1
28.3750548363	-1
28.3750548363	-1
28.3750548363	-1
28.3750548363	-1
28.3750548363	-1
28.3750548363	-1
28.3750548363	-1
28.3752799034	-1
28.3783500195	-1
28.3783500195	-1
28.3783500195	-1
28.3783500195	-1
28.3783500195	-1
28.3783500195	-1
28.3783500195	-1
28.3898830414	-1
28.5260219574	-1
28.5265228748	-1
28.5265228748	-1
28.5265228748	-1
28.5265228748	-1
28.5265228748	-1
28.5265228748	-1
28.6744520664	-1
28.7034828663	-1
28.7034828663	-1
28.7034828663	-1
28.7034828663	-1
28.7034828663	-1
28.7034828663	-1
28.7034828663	-1
28.7034828663	-1
28.703922987	-1
28.703922987	-1
28.703922987	-1
28.703922987	-1
28.703922987	-1
28.703922987	-1
28.703922987	-1
28.7225959301	-1
28.7225959301	-1
28.7225959301	-1
28.7225959301	-1
28.7225959301	-1
28.7225959301	-1
28.7225959301	-1
28.7225959301	-1
28.7225959301	-1
28.7237789631	1
28.7693898678	-1
28.7693898678	-1
28.7693898678	-1
28.7693898678	-1
28.7693898678	-1
28.821158886	-1
29.00604105	-1
29.020788908	-1
29.020788908	-1
29.020788908	-1
29.020788908	-1
29.020788908	-1
29.020788908	-1
29.020788908	-1
29.020788908	-1
29.020788908	-1
29.021488905	-1
29.021488905	-1
29.021488905	-1
29.021488905	-1
29.021488905	-1
29.021488905	-1
29.021488905	-1
29.0228128433	-1
29.04302001	-1
29.04302001	-1
29.0442159176	1
29.0534338951	1
29.0534338951	1
29.0534338951	1
29.1529538631	-1
29.1529538631	-1
29.1529538631	-1
29.1529538631	-1
29.1529538631	-1
29.1529538631	-1
29.1529538631	-1
29.293738842	1
29.3264698982	-1
29.3481659889	-1
29.3481659889	-1
29.3481659889	-1
29.3481659889	-1
29.3481659889	-1
29.3481659889	-1
29.3481659889	-1
29.3481659889	-1
29.34897995	-1
29.34897995	-1
29.34897995	-1
29.34897995	-1
29.34897995	-1
29.34897995	-1
29.34897995	-1
29.3493690491	-1
29.3493690491	-1
29.3493690491	-1
29.3493690491	-1
29.3493690491	-1
29.3493690491	-1
29.3493690491	-1
29.3493690491	-1
29.3508620262	1
29.3508620262	1
29.3508620262	1
29.5893559456	-1
29.5906100273	1
29.6218960285	-1
29.6218960285	-1
29.6218960285	-1
29.6220009327	-1
29.6220009327	-1
29.6220009327	-1
29.6220009327	-1
29.6220009327	-1
29.6226170063	-1
29.6226170063	-1
29.6226170063	-1
29.6226170063	-1
29.6226170063	-1
29.6226170063	-1
29.6226170063	-1
29.6226170063	-1
29.6332519054	-1
29.6332519054	-1
29.6332519054	-1
29.6332519054	-1
29.6332519054	-1
29.6332519054	-1
29.6332519054	-1
29.6332519054	-1
29.6565890312	-1
29.6566388607	-1
29.6566388607	-1
29.7381770611	-1
29.7381770611	-1
29.7592079639	-1
29.7592079639	-1
29.7592079639	-1
29.7592079639	-1
29.7592079639	-1
29.7592079639	-1
29.7592079639	-1
29.7592079639	-1
29.8347420692	1
29.9070599079	-1
29.9070599079	-1
29.918325901	-1
29.918325901	-1
29.918325901	-1
29.918325901	-1
29.918325901	-1
29.918325901	-1
29.918325901	-1
29.918325901	-1
29.9185738564	-1
29.9186918736	-1
29.9186918736	-1
29.9186918736	-1
29.9186918736	-1
29.9186918736	-1
29.9186918736	-1
29.9186918736	-1
29.9408509731	-1
29.9414839745	-1
29.9414839745	-1
29.9414839745	-1
29.9414839745	-1
29.9414839745	-1
29.9414839745	-1
29.9414839745	-1
29.9418568611	-1
29.9418568611	-1
29.9418568611	-1
29.9418568611	-1
29.9418568611	-1
29.9418568611	-1
29.9418568611	-1
29.9427340031	-1
29.9427340031	-1
29.9427340031	-1
29.9427340031	-1
29.9427340031	-1
29.9437189102	1
29.9437589645	-1
29.9437589645	-1
29.9437589645	-1
29.9437589645	-1
29.9437589645	-1
29.9437589645	-1
29.9437589645	-1
29.9437589645	-1
29.9442739487	-1
29.9442739487	-1
29.9442739487	-1
29.9442739487	-1
29.9442739487	-1
29.9442739487	-1
29.9442739487	-1
29.9450268745	-1
29.9457700253	-1
29.9457700253	-1
29.9457700253	-1
30.0578689575	1
30.0578689575	1
30.0918400288	-1
30.1453950405	-1
30.1453950405	-1
30.1453950405	-1
30.1453950405	-1
30.1453950405	-1
30.1453950405	-1
30.1453950405	-1
30.1453950405	-1
30.1453950405	-1
30.1637609005	-1
30.1637609005	-1
30.1637609005	-1
30.1637609005	-1
30.1637609005	-1
30.1637609005	-1
30.1637609005	-1
30.2343349457	-1
30.2343349457	-1
30.2343349457	-1
30.2373418808	-1
30.2373418808	-1
30.2373900414	-1
30.2373900414	-1
30.2373900414	-1
30.2430529594	-1
30.2430529594	-1
30.2430529594	-1
30.2430529594	-1
30.2430529594	-1
30.2430529594	-1
30.2430529594	-1
30.2430529594	-1
30.2595629692	-1
30.2595629692	-1
30.2595629692	-1
30.2595629692	-1
30.2595629692	-1
30.2595629692	-1
30.2595629692	-1
30.2595629692	-1
30.2605140209	-1
30.2630820274	-1
30.2630820274	-1
30.2630820274	-1
30.2630820274	-1
30.2630820274	-1
30.2630820274	-1
30.2630820274	-1
30.3835189342	-1
30.3835189342	-1
30.3835189342	-1
30.3835189342	-1
30.3835189342	-1
30.4612729549	-1
30.4612729549	-1
30.4906828403	-1
30.4906828403	-1
30.4906828403	-1
30.4906828403	-1
30.4906828403	-1
30.4906828403	-1
30.4906828403	-1
30.4906828403	-1
30.4908480644	-1
30.4908480644	-1
30.4908480644	-1
30.4908480644	-1
30.4908480644	-1
30.4908480644	-1
30.4908480644	-1
30.5093159676	-1
30.5093159676	-1
30.5093159676	-1
30.5093159676	-1
30.5093159676	-1
30.5093159676	-1
30.5093159676	-1
30.5093159676	-1
30.5354499817	-1
30.5483310223	-1
30.5483310223	-1
30.5483310223	-1
30.5483310223	-1
30.5483310223	-1
30.5483310223	-1
30.5483310223	-1
30.5483310223	-1
30.548486948	-1
30.5497510433	1
30.5514218807	-1
30.5514218807	-1
30.5514218807	-1
30.5514218807	-1
30.5514218807	-1
30.5522248745	-1
30.5522248745	-1
30.5522248745	-1
30.5522248745	-1
30.5522248745	-1
30.5522248745	-1
30.5522248745	-1
30.5659818649	-1
30.5660860538	-1
30.5660860538	-1
30.5660860538	-1
30.5660860538	-1
30.5660860538	-1
30.5660860538	-1
30.5660860538	-1
30.5663318634	-1
30.569081068	-1
30.569081068	-1
30.569081068	-1
30.569081068	-1
30.569081068	-1
30.569081068	-1
30.569081068	-1
30.6637718678	1
30.6637718678	1
30.7217869759	-1
30.7217869759	-1
30.7631719112	-1
30.7631719112	-1
30.7631719112	-1
30.7631719112	-1
30.7649729252	-1
30.7649729252	-1
30.7663660049	-1
30.7663660049	-1
30.7663660049	-1
30.7671768665	-1
30.7671768665	-1
30.7671768665	-1
30.7673919201	-1
30.7720909119	-1
30.7720909119	-1
30.7720909119	-1
30.7720909119	-1
30.7720909119	-1
30.7720909119	-1
30.7720909119	-1
30.7720909119	-1
30.7723469734	-1
30.7723469734	-1
30.7723469734	-1
30.7723469734	-1
30.7723469734	-1
30.7723469734	-1
30.7723469734	-1
30.8515570164	-1
30.8515570164	-1
30.8515570164	-1
30.8574409485	-1
30.8574409485	-1
30.8575489521	-1
30.8575489521	-1
30.8575489521	-1
30.8575489521	-1
30.8575489521	-1
30.860656023	-1
30.8606789112	-1
30.8606789112	-1
30.8606789112	-1
30.8606789112	-1
30.8642809391	-1
30.9089989662	1
31.0061490536	-1
31.0063428879	-1
31.0063428879	-1
31.0063428879	-1
31.0063428879	-1
31.0063428879	-1
31.0063428879	-1
31.0063428879	-1
31.0742330551	-1
31.0742330551	-1
31.0742330551	-1
31.0742330551	-1
31.0742330551	-1
31.0742330551	-1
31.0742330551	-1
31.0742330551	-1
31.0742330551	-1
31.074919939	-1
31.0753290653	-1
31.0753290653	-1
31.0753290653	-1
31.0753290653	-1
31.0753290653	-1
31.0753290653	-1
31.0926320553	-1
31.0926320553	-1
31.0926320553	-1
31.0926320553	-1
31.0926320553	-1
31.0926320553	-1
31.0926320553	-1
31.0926320553	-1
31.1533949375	-1
31.153580904	-1
31.153580904	-1
31.1548149586	1
31.2685379982	1
31.3898789883	-1
31.4156198502	-1
31.4156198502	-1
31.4156198502	-1
31.4156198502	-1
31.4156198502	-1
31.4156198502	-1
31.4156198502	-1
31.4156198502	-1
31.4160630703	-1
31.4160630703	-1
31.4160630703	-1
31.4160630703	-1
31.4160630703	-1
31.4160630703	-1
31.4160630703	-1
31.4166100025	-1
31.4166100025	-1
31.4166100025	-1
31.4166100025	-1
31.4166100025	-1
31.4166100025	-1
31.4166100025	-1
31.4166100025	-1
31.5362608433	-1
31.5362608433	-1
31.5362608433	-1
31.5362608433	-1
31.5362608433	-1
31.7271809578	-1
31.754103899	-1
31.754103899	-1
31.754103899	-1
31.754103899	-1
31.754103899	-1
31.754103899	-1
31.754103899	-1
31.754103899	-1
31.754545927	-1
31.754545927	-1
31.754545927	-1
31.754545927	-1
31.754545927	-1
31.754545927	-1
31.754545927	-1
31.8020989895	1
31.8783750534	-1
31.8798570633	-1
31.8798570633	-1
31.8798570633	-1
31.8798570633	-1
31.8798570633	-1
31.8798570633	-1
31.8798570633	-1
32.0657949448	-1
32.2432248592	-1
32.3536858559	-1
33.0552718639	-1
34.0788998604	-1
34.9103088379	1
35.0973968506	-1
35.9270050526	1
36.9119389057	1
36.986011982	1
37.911798954	1
38.7762849331	-1
40.4154210091	-1
45.9117929935	1
45.9854319096	1
46.9124109745	1
46.9862060547	1
47.9137179852	1
47.9139089584	1
47.9139089584	1
47.9139089584	1
48.2247228622	-1
48.2462790012	1
48.319893837	1
48.4963779449	1
48.5700960159	1
48.8183128834	-1
48.8197929859	1
48.8934628963	1
49.0613789558	-1
49.0627849102	1
49.1365098953	1
49.2071230412	-1
49.3536448479	-1
49.7961218357	-1
50.2659358978	-1
50.4079520702	-1
50.423801899	1
50.4974730015	1
50.9128379822	1
51.5340960026	-1
51.6799819469	-1
51.7341659069	1
51.735462904	1
51.735462904	1
51.735462904	1
51.8795759678	1
51.8795759678	1
51.8795759678	1
51.8795759678	1
51.8802549839	1
51.8802549839	1
