0.0	1
0.250718832016	1
0.564888954163	-1
0.566299915314	1
0.821806907654	-1
0.822614908218	1
0.825436830521	1
0.825436830521	1
0.825436830521	1
0.963667869568	1
0.990286827087	1
0.990286827087	1
1.3742878437	-1
1.37590289116	1
1.5286090374	-1
1.52998185158	1
1.71274185181	-1
1.7139339447	1
1.89482998848	-1
1.89597892761	1
1.99861288071	-1
2.0497918129	-1
2.0497918129	-1
2.0497918129	-1
2.0497918129	-1
2.0497918129	-1
2.0497918129	-1
2.0497918129	-1
2.0497918129	-1
2.06433200836	1
2.09085583687	1
2.11552596092	-1
2.15690493584	1
2.17909288406	-1
2.20548701286	-1
2.23196697235	-1
2.32051682472	-1
2.32082796097	-1
2.32082796097	-1
2.32082796097	-1
2.32082796097	-1
2.32082796097	-1
2.32082796097	-1
2.32385492325	1
2.41146183014	-1
2.41146183014	-1
2.5815179348	-1
2.60906386375	-1
2.60906386375	-1
2.60906386375	-1
2.60906386375	-1
2.60906386375	-1
2.60906386375	-1
2.6357049942	-1
2.66230583191	-1
2.78128695488	-1
2.80174589157	-1
2.80174589157	-1
2.80174589157	-1
2.80174589157	-1
2.80174589157	-1
2.80174589157	-1
2.85478496552	-1
2.85594701767	1
2.88144683838	-1
2.88144683838	-1
2.92472600937	-1
2.92472600937	-1
2.92472600937	-1
2.92472600937	-1
2.92472600937	-1
2.92472600937	-1
2.94710087776	-1
2.95808196068	1
2.9847638607	1
3.08058691025	-1
3.14314603806	-1
3.14314603806	-1
3.14388298988	1
3.20836496353	1
3.33114480972	-1
3.5758600235	-1
3.58356595039	1
3.79391694069	-1
3.89745688438	-1
4.02741980553	-1
4.02777886391	-1
4.02777886391	-1
4.02777886391	-1
4.02777886391	-1
4.02777886391	-1
4.04787802696	-1
4.22757601738	-1
4.23947000504	-1
4.23947000504	-1
4.23947000504	-1
4.23947000504	-1
4.23947000504	-1
4.23947000504	-1
4.23947000504	-1
4.28632998466	1
4.38075089455	-1
4.38357686996	1
4.38381099701	1
4.38381099701	1
4.38381099701	1
4.38381099701	1
4.38381099701	1
4.38381099701	1
4.40189886093	1
4.40189886093	1
4.4099650383	1
4.4099650383	1
4.546615839	-1
5.0789539814	-1
