0.0	1
0.249809026718	1
1.15003013611	-1
1.15095210075	1
1.26456212997	-1
1.26536202431	1
1.26827406883	1
1.26827406883	1
1.26827406883	1
1.27055907249	1
1.27055907249	1
1.27055907249	1
1.74968409538	-1
1.75118207932	1
1.87709903717	-1
1.87851715088	1
1.99329900742	-1
1.99329900742	-1
1.99464201927	1
2.13259506226	-1
2.1326379776	1
2.16224312782	-1
2.16224312782	-1
2.16224312782	-1
2.16224312782	-1
2.16224312782	-1
2.16224312782	-1
2.16224312782	-1
2.16224312782	-1
2.25982713699	1
2.37508296967	-1
2.37508296967	-1
2.48036313057	-1
2.48036313057	-1
2.48036313057	-1
2.48036313057	-1
2.48036313057	-1
2.48036313057	-1
2.48036313057	-1
2.51026892662	1
2.53942108154	-1
2.5574491024	-1
2.5574491024	-1
2.5574491024	-1
2.5574491024	-1
2.5574491024	-1
2.5574491024	-1
2.5574491024	-1
2.5574491024	-1
2.67336392403	1
2.78876709938	-1
2.78988814354	1
2.92521905899	-1
2.97369098663	-1
2.97369098663	-1
2.97369098663	-1
2.97512412071	1
2.98192095757	-1
2.98192095757	-1
2.98192095757	-1
2.98192095757	-1
2.98192095757	-1
2.98192095757	-1
2.98192095757	-1
3.23096609116	-1
3.5632109642	-1
3.73852610588	-1
3.74596214294	1
3.86072301865	-1
3.87317204475	1
4.12276697159	1
4.18336701393	-1
4.37459206581	-1
4.39715504646	1
4.39925694466	1
4.39925694466	1
4.39925694466	1
4.81584906578	-1
4.96683311462	-1
4.96683311462	-1
5.02020597458	-1
5.02020597458	-1
5.02020597458	-1
6.44923210144	-1
6.45055413246	1
6.56400799751	-1
6.99656009674	1
7.11114406586	1
7.99729299545	1
8.1117310524	1
9.3926050663	-1
10.9970760345	1
11.8517150879	-1
11.9946389198	-1
12.0230000019	1
12.0243780613	1
12.0243780613	1
12.0243780613	1
12.0243780613	1
12.1092369556	-1
12.272990942	1
12.2741501331	1
12.2741501331	1
12.2741501331	1
13.6283421516	-1
13.6369409561	1
13.6379051208	-1
13.6379051208	-1
13.6379051208	-1
13.6379051208	-1
13.6379051208	-1
13.6379051208	-1
13.8482820988	-1
13.8482820988	-1
13.8482820988	-1
13.8494679928	1
13.8578469753	-1
13.8578469753	-1
13.8578469753	-1
13.8578469753	-1
13.8578469753	-1
13.8578469753	-1
13.908301115	1
13.908301115	1
13.908301115	1
13.9086589813	1
13.9086589813	1
14.0008981228	1
14.4091739655	-1
14.575314045	-1
14.7499189377	-1
14.7858989239	-1
14.7858989239	-1
14.7858989239	-1
14.7858989239	-1
14.7858989239	-1
14.7858989239	-1
14.7858989239	-1
14.8179080486	-1
14.8179569244	-1
14.8179569244	-1
14.8179569244	-1
14.9050221443	-1
14.9050221443	-1
14.9050221443	-1
14.9050221443	-1
14.9050221443	-1
14.921036005	-1
14.9557900429	-1
14.9557900429	-1
14.9557900429	-1
14.9557900429	-1
14.9557900429	-1
15.0667800903	-1
15.0667800903	-1
15.0667800903	-1
15.0820291042	-1
15.0820291042	-1
15.0820291042	-1
15.0820291042	-1
15.1328949928	-1
15.1328949928	-1
15.1328949928	-1
15.1328949928	-1
15.1328949928	-1
15.1328949928	-1
15.1328949928	-1
15.150439024	-1
15.1718370914	-1
15.1718370914	-1
15.1718370914	-1
15.1718370914	-1
15.393253088	-1
15.4249749184	-1
15.4249749184	-1
15.4249749184	-1
15.4481761456	-1
15.4481761456	-1
15.4481761456	-1
15.4481761456	-1
15.4481761456	-1
15.6225090027	-1
15.6225090027	-1
15.633038044	-1
15.633038044	-1
15.633038044	-1
15.633038044	-1
15.633038044	-1
15.633038044	-1
15.6603050232	-1
15.6603050232	-1
15.6603050232	-1
15.6603050232	-1
15.8765950203	-1
15.9010491371	-1
15.9010491371	-1
15.9010491371	-1
15.9010491371	-1
15.9010491371	-1
15.9010491371	-1
15.9010491371	-1
15.9236021042	-1
15.9236021042	-1
15.9236021042	-1
15.9236021042	-1
15.9248731136	1
15.9549639225	-1
15.9549639225	-1
15.9549639225	-1
16.105766058	-1
16.1775240898	-1
16.1775240898	-1
16.1775240898	-1
16.1967511177	-1
16.1967511177	-1
16.1967511177	-1
16.1967511177	-1
16.1967511177	-1
16.1967511177	-1
16.1967511177	-1
16.1967511177	-1
16.2261900902	-1
16.2261900902	-1
16.2261900902	-1
16.2261900902	-1
16.2261900902	-1
16.2261900902	-1
16.3975269794	-1
16.4758279324	-1
16.4758279324	-1
16.4758279324	-1
16.4758279324	-1
16.4758279324	-1
16.4758279324	-1
16.4758279324	-1
16.4962451458	-1
16.4962451458	-1
16.4962451458	-1
16.4962451458	-1
16.4962451458	-1
16.5130960941	1
16.5292029381	-1
16.5292029381	-1
16.5292029381	-1
16.5713269711	-1
16.5713269711	-1
16.5713269711	-1
16.7414269447	-1
16.7414269447	-1
16.7763421535	-1
16.7763421535	-1
16.7763421535	-1
16.7963740826	-1
16.7963740826	-1
16.7963740826	-1
16.7963740826	-1
16.7963740826	-1
16.7963740826	-1
16.8301789761	-1
16.8301789761	-1
16.8301789761	-1
16.8301789761	-1
16.8301789761	-1
16.8564939499	-1
16.8685560226	-1
16.8685560226	-1
16.8685560226	-1
16.8685560226	-1
16.8937859535	-1
16.8937859535	-1
16.9170291424	-1
16.9170291424	-1
16.9277479649	-1
16.9277479649	-1
16.9277479649	-1
16.9277479649	-1
16.9277479649	-1
16.9277479649	-1
16.9478919506	-1
16.9478919506	-1
16.9478919506	-1
16.9478919506	-1
17.0680789948	-1
17.0680789948	-1
17.0680789948	-1
17.0680789948	-1
17.0680789948	-1
17.1514830589	1
17.2318129539	1
17.2318129539	1
17.2318129539	1
17.2326450348	1
17.2326450348	1
17.3962249756	1
17.5106611252	1
17.5461919308	-1
17.6807439327	1
17.8142180443	-1
17.8394260406	-1
17.8394260406	-1
17.8394260406	-1
17.8394260406	-1
17.8394260406	-1
17.8394260406	-1
17.8394260406	-1
17.8482539654	-1
17.8482539654	-1
17.8482539654	-1
17.8482539654	-1
17.8658659458	-1
17.8658659458	-1
17.8658659458	-1
17.8658659458	-1
17.8672890663	1
17.8715980053	-1
17.8871209621	-1
17.8871209621	-1
17.8871209621	-1
17.8871209621	-1
17.8871209621	-1
17.8872320652	-1
17.8872320652	-1
17.887253046	-1
17.9542191029	-1
17.9542191029	-1
17.9542191029	-1
17.9761240482	-1
17.9761240482	-1
17.9761240482	-1
17.9761240482	-1
17.9761240482	-1
17.9761240482	-1
17.9818339348	-1
17.9818339348	-1
17.9818339348	-1
17.9818339348	-1
17.9889130592	-1
17.9889409542	1
18.0691571236	-1
18.0691571236	-1
18.1114029884	-1
18.1114029884	-1
18.1114029884	-1
18.1128721237	1
18.1284840107	-1
18.1284840107	-1
18.1284840107	-1
18.136122942	-1
18.136122942	-1
18.136122942	-1
18.136122942	-1
18.136122942	-1
18.136122942	-1
18.1545519829	-1
18.1545519829	-1
18.1545519829	-1
18.1545519829	-1
18.1545519829	-1
18.1545519829	-1
18.1545519829	-1
18.1545519829	-1
18.1704850197	-1
18.1704850197	-1
18.1704850197	-1
18.1704850197	-1
18.1704850197	-1
18.1836950779	-1
18.1836950779	-1
18.21240592	-1
18.21240592	-1
18.21240592	-1
18.2266850471	-1
18.2266850471	-1
18.2701561451	-1
18.2701561451	-1
18.2701561451	-1
18.342525959	-1
18.350880146	1
18.3859210014	-1
18.3859210014	-1
18.3859210014	-1
18.3859210014	-1
18.3859210014	-1
18.3859210014	-1
18.3859210014	-1
18.3859210014	-1
18.4126441479	-1
18.4126441479	-1
18.4126441479	-1
18.4126441479	-1
18.4384269714	-1
18.4384269714	-1
18.4511809349	-1
18.4511809349	-1
18.4511809349	-1
18.4511809349	-1
18.4511809349	-1
18.4511809349	-1
18.4511809349	-1
18.4749190807	-1
18.4749190807	-1
18.4749190807	-1
18.4749519825	1
18.4749519825	1
18.4951930046	-1
18.4951930046	-1
18.4951930046	-1
18.4951930046	-1
18.4951930046	-1
18.4951930046	-1
18.5181920528	-1
18.5181920528	-1
18.5181920528	-1
18.5181920528	-1
18.5181920528	-1
18.6171460152	-1
18.6171460152	-1
18.6171460152	-1
18.6171460152	-1
18.6171460152	-1
18.7278521061	1
18.7689549923	-1
18.7689549923	-1
18.7689549923	-1
18.7689549923	-1
18.7689549923	-1
18.7689549923	-1
18.8768770695	-1
18.8768770695	-1
18.8768770695	-1
18.8769099712	1
18.9227700233	1
18.9227700233	1
18.9227700233	1
18.9916610718	1
18.9916610718	1
19.0483250618	-1
19.0483250618	-1
19.0483250618	-1
19.0483250618	-1
19.0483250618	-1
19.0483250618	-1
19.0483250618	-1
19.0483250618	-1
19.0483250618	-1
19.063090086	-1
19.063090086	-1
19.063090086	-1
19.063090086	-1
19.063090086	-1
19.063090086	-1
19.0766141415	-1
19.0766141415	-1
19.0766141415	-1
19.0766141415	-1
19.0766141415	-1
19.0766141415	-1
19.0766141415	-1
19.0766141415	-1
19.0926790237	-1
19.0926790237	-1
19.0926790237	-1
19.0926790237	-1
19.1064479351	-1
19.1243031025	-1
19.1243031025	-1
19.1243031025	-1
19.1243031025	-1
19.1243031025	-1
19.1243031025	-1
19.2674660683	1
19.2676019669	1
19.2676019669	1
19.2676019669	1
19.3745379448	-1
19.6055459976	-1
19.6224620342	-1
19.6224620342	-1
19.6224620342	-1
19.7376160622	-1
19.7376160622	-1
19.8908100128	-1
19.9113879204	1
19.9121060371	1
19.9121060371	1
19.9121060371	1
19.9186210632	1
19.9186210632	1
19.9186210632	1
19.9387769699	-1
19.9387769699	-1
19.9387769699	-1
19.9586679935	-1
19.9586679935	-1
19.9586679935	-1
19.9586679935	-1
19.9586679935	-1
19.9586679935	-1
19.9710080624	-1
19.9710080624	-1
19.9710080624	-1
19.9710080624	-1
19.9710080624	-1
20.0602040291	-1
20.0602040291	-1
20.0602040291	-1
20.1415350437	1
20.1415350437	1
20.2527420521	-1
20.2527420521	-1
20.2527420521	-1
20.2527420521	-1
20.2527420521	-1
20.2527420521	-1
20.2527420521	-1
20.2728631496	-1
20.2728631496	-1
20.2728631496	-1
20.2728631496	-1
20.2728631496	-1
20.2728631496	-1
20.2873849869	-1
20.2873849869	-1
20.2873849869	-1
20.2873849869	-1
20.2873849869	-1
20.2873849869	-1
20.3081560135	-1
20.3081560135	-1
20.3081560135	-1
20.3081560135	-1
20.3081560135	-1
20.4072461128	-1
20.4072461128	-1
20.4072461128	-1
20.4072461128	-1
20.4072461128	-1
20.5685751438	-1
20.5685751438	-1
20.5685751438	-1
20.5834641457	-1
20.5834641457	-1
20.5834641457	-1
20.5834641457	-1
20.5834641457	-1
20.6095941067	-1
20.6095941067	-1
20.6095941067	-1
20.6109371185	1
20.6375069618	-1
20.6375069618	-1
20.6748590469	-1
20.6748590469	-1
20.6836049557	-1
20.6836049557	-1
20.6836049557	-1
20.6836049557	-1
20.6836049557	-1
20.6836049557	-1
20.6836049557	-1
20.7037539482	-1
20.7037539482	-1
20.7037539482	-1
20.7111060619	-1
20.7349231243	-1
20.7349231243	-1
20.7349231243	-1
20.7349550724	1
20.8553991318	1
20.8553991318	1
20.8553991318	1
20.8553991318	1
20.8553991318	1
20.8553991318	1
20.8574020863	1
20.8574020863	1
20.8574020863	1
20.8574020863	1
20.8574020863	1
20.8574020863	1
20.8574020863	1
20.8574020863	1
20.8574020863	1
