0.0	1
0.250562906265	1
0.678524017334	-1
0.679672002792	1
0.837580919266	-1
0.838768959045	1
0.841538906097	1
0.841538906097	1
0.841538906097	1
0.852072000504	1
0.852072000504	1
0.852072000504	1
1.34991598129	-1
1.35151791573	1
1.42494511604	-1
1.42617607117	1
1.49967312813	-1
1.5008790493	1
1.67722296715	-1
1.67833399773	1
1.75175404549	-1
1.80928993225	-1
1.80928993225	-1
1.80928993225	-1
1.83810901642	-1
1.83810901642	-1
1.83810901642	-1
1.83810901642	-1
1.83810901642	-1
1.87682008743	1
1.92352104187	-1
1.92352104187	-1
1.92352104187	-1
1.92805600166	-1
1.92805600166	-1
1.92805600166	-1
1.92818212509	-1
1.92818212509	-1
1.99955701828	-1
1.99955701828	-1
1.99955701828	-1
2.00090694427	-1
2.00090694427	-1
2.00090694427	-1
2.00090694427	-1
2.00090694427	-1
2.06091094017	-1
2.06091094017	-1
2.06091094017	-1
2.12760901451	1
2.19390201569	-1
2.19390201569	-1
2.19390201569	-1
2.19390201569	-1
2.19390201569	-1
2.19390201569	-1
2.24007606506	1
2.24007606506	1
2.37079596519	-1
2.47248196602	1
2.52319502831	-1
2.62494897842	1
2.67764496803	-1
2.82886099815	-1
2.82886099815	-1
2.82886099815	-1
2.98181796074	-1
2.98310494423	1
3.11394095421	-1
3.29233503342	-1
3.40507698059	-1
3.41248106956	1
3.48589396477	-1
3.50666093826	-1
3.50666093826	-1
3.50666093826	-1
3.50666093826	-1
3.5152721405	-1
3.5152721405	-1
3.5152721405	-1
3.5152721405	-1
3.5152721405	-1
3.5152721405	-1
3.5152721405	-1
3.5152721405	-1
3.5152721405	-1
3.51561307907	-1
3.51561307907	-1
3.51561307907	-1
3.51561307907	-1
3.51561307907	-1
3.53893709183	-1
3.54538798332	-1
3.54538798332	-1
3.54538798332	-1
3.59691405296	-1
3.59691405296	-1
3.59691405296	-1
3.59691405296	-1
3.59691405296	-1
3.59691405296	-1
3.59691405296	-1
3.59691405296	-1
3.72179198265	-1
3.72179198265	-1
3.72179198265	-1
3.72179198265	-1
3.72179198265	-1
3.72179198265	-1
3.72179198265	-1
3.72197008133	-1
3.75024604797	-1
3.75024604797	-1
3.75024604797	-1
3.75024604797	-1
3.7933011055	1
3.86214113235	1
3.86214113235	1
3.86214113235	1
3.86214113235	1
3.88361001015	1
3.88361001015	1
3.88361001015	1
3.88401007652	1
4.00272011757	-1
4.11696696281	-1
4.11762094498	1
