0.0	1
0.250035047531	1
0.771080970764	-1
0.772041082382	1
0.885746955872	-1
0.886525154114	1
0.890542984009	1
0.890542984009	1
0.890542984009	1
0.892243146896	1
0.892243146896	1
0.892243146896	1
2.00834298134	-1
2.01005506516	1
2.09494805336	-1
2.09494805336	-1
2.09494805336	-1
2.12500715256	-1
2.12504696846	1
2.12504696846	1
2.23980498314	-1
2.23983502388	1
2.23983502388	1
4.57788205147	-1
4.60167598724	-1
4.60167598724	-1
4.60167598724	-1
4.60167598724	-1
4.60167598724	-1
4.60167598724	-1
4.60167598724	-1
4.63356018066	-1
4.6453461647	1
4.67478394508	-1
4.67478394508	-1
4.67478394508	-1
4.67478394508	-1
4.67478394508	-1
4.67478394508	-1
4.67478394508	-1
4.67478394508	-1
4.68494009972	-1
4.74272894859	-1
4.74272894859	-1
4.74272894859	-1
4.74272894859	-1
4.74272894859	-1
4.74272894859	-1
4.74272894859	-1
4.74272894859	-1
4.75980997086	1
4.81329202652	-1
4.81329202652	-1
4.81329202652	-1
4.81329202652	-1
4.81329202652	-1
4.81329202652	-1
4.81329202652	-1
4.81329202652	-1
4.81329202652	-1
4.91218900681	1
4.94542908669	-1
4.94542908669	-1
5.02661299706	1
5.20651507378	1
6.84912514687	-1
6.85056614876	1
6.96400904655	-1
7.09846806526	1
7.11532402039	-1
7.11532402039	-1
7.11664605141	1
7.11664605141	1
7.11664605141	1
7.67355513573	-1
8.38916110992	-1
8.50367498398	-1
8.51116108894	1
8.8900680542	-1
8.92871499062	-1
8.92871499062	-1
8.92871499062	-1
8.92871499062	-1
8.92871499062	-1
9.06580495834	1
9.06996202469	1
9.06996202469	1
9.06996202469	1
9.15821313858	-1
9.18023300171	1
9.19331216812	-1
9.19331216812	-1
9.19331216812	-1
9.19331216812	-1
9.19331216812	-1
9.20828294754	-1
9.22064709663	1
9.22064709663	1
9.22064709663	1
9.22185015678	1
9.22185015678	1
9.24750208855	-1
9.24750208855	-1
9.24750208855	-1
9.24750208855	-1
9.24750208855	-1
9.29496717453	-1
9.29501104355	1
9.30585598946	-1
9.30585598946	-1
9.30585598946	-1
9.30585598946	-1
9.30585598946	-1
9.30585598946	-1
9.30585598946	-1
9.32297301292	-1
9.32297301292	-1
9.32297301292	-1
9.32297301292	-1
9.38820910454	-1
9.38820910454	-1
9.38820910454	-1
9.38820910454	-1
9.38820910454	-1
9.38820910454	-1
9.40973114967	-1
9.40977311134	1
9.40977311134	1
9.42828512192	-1
9.42828512192	-1
9.42828512192	-1
9.42828512192	-1
9.42828512192	-1
9.44579410553	-1
9.47653508186	-1
9.47653508186	-1
9.5243999958	-1
9.52443313599	1
9.55254817009	1
9.55254817009	1
9.55254817009	1
9.56466507912	-1
9.56466507912	-1
9.56466507912	-1
9.59092712402	-1
9.59092712402	-1
9.59092712402	-1
9.59092712402	-1
9.59092712402	-1
9.63913106918	-1
9.63917303085	1
9.66200900078	-1
9.66200900078	-1
9.66200900078	-1
9.66200900078	-1
9.66200900078	-1
9.68043994904	-1
9.69972896576	-1
9.69972896576	-1
9.69972896576	-1
9.69972896576	-1
9.69972896576	-1
9.75051617622	-1
9.75051617622	-1
9.75051617622	-1
9.76814103127	1
9.79909300804	-1
9.79909300804	-1
9.79909300804	-1
9.79909300804	-1
9.79909300804	-1
9.79909300804	-1
9.85303211212	-1
9.85303211212	-1
9.85857701302	-1
9.85857701302	-1
9.85857701302	-1
9.86912703514	1
9.86912703514	1
9.86912703514	1
9.89449501038	1
9.89449501038	1
9.89449501038	1
9.89449501038	1
9.89449501038	1
9.89449501038	1
9.89449501038	1
10.0425720215	1
10.5069971085	-1
10.6590089798	-1
10.6728150845	1
10.6749911308	1
10.6749911308	1
10.6749911308	1
11.2207839489	-1
11.2220950127	1
11.2786140442	-1
11.2786140442	-1
11.2786140442	-1
11.2786140442	-1
11.2786140442	-1
11.2786140442	-1
11.336755991	-1
11.3385081291	1
11.4530601501	-1
11.4540641308	1
11.5736711025	-1
11.5749461651	1
11.6898031235	-1
11.6898031235	-1
11.690415144	-1
11.690415144	-1
11.690415144	-1
11.690415144	-1
11.690415144	-1
11.690415144	-1
11.7162270546	-1
11.7162270546	-1
11.7162270546	-1
11.7162270546	-1
11.9987039566	-1
12.0432040691	-1
12.0432040691	-1
12.0432040691	-1
12.0432040691	-1
12.0432040691	-1
12.063395977	-1
12.0678780079	-1
12.0678780079	-1
12.0810480118	-1
12.0810480118	-1
12.0810480118	-1
12.0978131294	1
12.1088571548	-1
12.1088571548	-1
12.1088571548	-1
12.1323661804	-1
12.1323661804	-1
12.1323661804	-1
12.1579241753	-1
12.1579241753	-1
12.1579241753	-1
12.1922690868	-1
12.1922690868	-1
12.1922690868	-1
12.4172279835	-1
12.4745261669	-1
12.4745261669	-1
12.4745261669	-1
12.5093390942	-1
12.5093390942	-1
12.5093390942	-1
12.5093390942	-1
12.5093390942	-1
12.5093390942	-1
12.5093390942	-1
12.5159921646	-1
12.5170910358	1
12.5745401382	-1
12.5745401382	-1
12.5745401382	-1
12.5745401382	-1
12.5745401382	-1
12.5745401382	-1
12.5745401382	-1
12.5745401382	-1
12.5892679691	-1
12.5892679691	-1
12.5892679691	-1
12.5892679691	-1
12.6275081635	-1
12.6275081635	-1
12.6275081635	-1
12.6275081635	-1
12.6275081635	-1
12.6275081635	-1
12.6275081635	-1
12.6275081635	-1
12.6785750389	-1
12.6785750389	-1
12.6785750389	-1
12.6785750389	-1
12.6785750389	-1
12.6785750389	-1
12.6972920895	-1
12.6972920895	-1
12.6972920895	-1
12.6972920895	-1
12.7589771748	-1
12.7589771748	-1
12.7589771748	-1
12.7589771748	-1
12.7589771748	-1
12.7589771748	-1
13.1845591068	-1
13.2512581348	-1
13.2512581348	-1
13.2512581348	-1
13.2512581348	-1
13.2512581348	-1
13.2512581348	-1
13.2512581348	-1
13.2512581348	-1
13.2512581348	-1
13.2516081333	-1
13.2516081333	-1
13.2527551651	1
13.2810959816	-1
13.2810959816	-1
13.2810959816	-1
13.2944891453	-1
13.2944891453	-1
13.2944891453	-1
13.3140449524	-1
13.3140449524	-1
13.3140449524	-1
13.3394789696	-1
13.3394789696	-1
13.3394789696	-1
13.3660490513	-1
13.3660490513	-1
13.3660490513	-1
13.3660490513	-1
13.3660490513	-1
13.3660490513	-1
13.3660490513	-1
13.3671810627	1
13.3860111237	-1
13.4132261276	-1
13.4132261276	-1
13.4294850826	-1
13.4294850826	-1
13.4329850674	-1
13.4329850674	-1
13.4329850674	-1
13.464728117	-1
13.464728117	-1
13.464728117	-1
13.464728117	-1
13.464728117	-1
13.464728117	-1
13.4824001789	-1
13.4824001789	-1
13.4824001789	-1
13.4824001789	-1
13.4824001789	-1
13.4824001789	-1
13.4824001789	-1
13.4841790199	1
13.5252010822	-1
13.5310590267	-1
13.5310590267	-1
13.5310590267	-1
13.5374250412	-1
13.5374250412	-1
13.5374250412	-1
13.5770511627	-1
13.5770511627	-1
13.5770511627	-1
13.6031661034	-1
13.6031661034	-1
13.6031661034	-1
13.6031661034	-1
13.6031661034	-1
13.6031661034	-1
13.6032071114	1
13.6621830463	-1
13.7065999508	-1
13.7065999508	-1
13.7065999508	-1
13.7065999508	-1
13.7065999508	-1
13.7065999508	-1
13.7065999508	-1
13.7065999508	-1
13.7077260017	1
13.7077260017	1
13.7077260017	1
13.7210171223	-1
13.7210171223	-1
13.7210171223	-1
13.7210171223	-1
13.7210171223	-1
13.7327411175	-1
13.7774960995	-1
13.7774960995	-1
13.7794959545	1
13.7794959545	1
13.7794959545	1
13.8321130276	-1
13.8321130276	-1
13.8321130276	-1
13.8321130276	-1
13.8321130276	-1
13.8321130276	-1
13.8529970646	-1
13.8529970646	-1
13.8529970646	-1
13.8618271351	-1
13.8618271351	-1
13.8618271351	-1
13.8618271351	-1
13.8618271351	-1
13.8618271351	-1
13.8618271351	-1
13.9192111492	-1
13.9192111492	-1
13.9192111492	-1
13.9192111492	-1
13.9192111492	-1
13.9192111492	-1
13.9192111492	-1
13.9192111492	-1
13.9192111492	-1
13.9652471542	-1
13.9652471542	-1
13.9681899548	1
13.9681899548	1
13.9681899548	1
13.9681899548	1
13.9681899548	1
13.9681899548	1
13.9681899548	1
14.033853054	-1
14.033853054	-1
14.1274011135	1
14.1274011135	1
14.1279110909	-1
14.1279110909	-1
14.1279110909	-1
14.1439840794	-1
14.1439840794	-1
14.1457180977	1
14.1457180977	1
14.1457180977	1
14.1514160633	-1
14.1514160633	-1
14.1514160633	-1
14.1514160633	-1
14.1514160633	-1
14.1832611561	-1
14.2309961319	-1
14.2309961319	-1
14.2309961319	-1
14.2309961319	-1
14.2309961319	-1
14.2438390255	-1
14.2438800335	1
14.295178175	-1
14.295178175	-1
14.295178175	-1
14.295178175	-1
14.295178175	-1
14.3190159798	-1
14.3190159798	-1
14.3190159798	-1
14.3190159798	-1
14.3190159798	-1
14.3190159798	-1
14.3430571556	-1
14.3792920113	-1
14.3792920113	-1
14.3792920113	-1
14.3792920113	-1
14.3792920113	-1
14.3792920113	-1
14.3792920113	-1
14.3792920113	-1
14.3793330193	1
14.4155681133	-1
14.4280421734	-1
14.4280421734	-1
14.4280421734	-1
14.4280421734	-1
14.4280421734	-1
14.4280421734	-1
14.4280421734	-1
14.4280421734	-1
14.4283659458	-1
14.4283659458	-1
14.4283659458	-1
14.4283659458	-1
14.4494421482	-1
14.45601511	-1
14.45601511	-1
14.45601511	-1
14.45601511	-1
14.45601511	-1
14.45601511	-1
14.45601511	-1
14.45601511	-1
14.4901959896	-1
14.4901959896	-1
14.4901959896	-1
14.4939191341	-1
14.5428340435	-1
14.5428340435	-1
14.5428340435	-1
14.5428340435	-1
14.5428340435	-1
14.5428340435	-1
14.5428340435	-1
14.5457320213	-1
14.5519380569	-1
14.5519380569	-1
14.5519380569	-1
14.5519380569	-1
14.5519380569	-1
14.5519380569	-1
14.5519380569	-1
14.6165809631	-1
14.6165809631	-1
14.6178469658	1
14.6511371136	-1
14.7023160458	-1
14.7023160458	-1
14.7023160458	-1
14.7131860256	-1
14.7131860256	-1
14.7131860256	-1
14.7131860256	-1
14.7261300087	-1
14.7383129597	-1
14.7383129597	-1
14.7383129597	-1
14.7383129597	-1
14.7383129597	-1
14.7469961643	-1
14.7888851166	-1
14.7888851166	-1
14.7888851166	-1
14.7888851166	-1
14.7888851166	-1
14.7888851166	-1
14.7888851166	-1
14.7888851166	-1
14.7888851166	-1
14.7892260551	-1
14.7892260551	-1
14.8385350704	-1
14.8385350704	-1
14.8385350704	-1
14.8385350704	-1
14.8385350704	-1
14.8385350704	-1
14.8385350704	-1
14.8385350704	-1
14.8391621113	1
14.8663799763	-1
14.8767411709	-1
14.8767411709	-1
14.9500231743	-1
14.9500231743	-1
14.9500231743	-1
14.9500231743	-1
14.9913311005	1
15.0397479534	-1
15.0397479534	-1
15.0397479534	-1
15.0397479534	-1
15.0397479534	-1
15.0397479534	-1
15.0397479534	-1
15.0503520966	-1
15.0676369667	-1
15.0703229904	-1
15.0703229904	-1
15.0703229904	-1
15.0703229904	-1
15.0703229904	-1
15.0703229904	-1
15.130368948	-1
15.130368948	-1
15.1304111481	1
15.139083147	-1
15.139083147	-1
15.139083147	-1
15.139083147	-1
15.139083147	-1
15.139083147	-1
15.1580250263	-1
15.1580250263	-1
15.1580250263	-1
15.1823010445	-1
15.1978161335	-1
15.1978161335	-1
15.1978161335	-1
15.1978161335	-1
15.1978161335	-1
15.2318201065	-1
15.2412719727	-1
15.2412719727	-1
15.2412719727	-1
15.2412719727	-1
15.2412719727	-1
15.2412719727	-1
15.2412719727	-1
15.2529511452	-1
15.2529511452	-1
15.2529511452	-1
15.2529511452	-1
15.2529511452	-1
15.2529511452	-1
15.2529511452	-1
15.2772331238	-1
15.2772331238	-1
15.2772331238	-1
15.2772331238	-1
15.2772331238	-1
15.2772331238	-1
15.3118829727	-1
15.3118829727	-1
15.3118829727	-1
15.3118829727	-1
15.3118829727	-1
15.3118829727	-1
15.3118829727	-1
15.3118829727	-1
15.3118829727	-1
15.3126170635	1
15.3214051723	-1
15.3214051723	-1
15.3214051723	-1
15.3214051723	-1
15.3214051723	-1
15.3404910564	-1
15.3404910564	-1
15.3404910564	-1
15.3404910564	-1
15.3404910564	-1
15.3404910564	-1
15.3404910564	-1
15.3404910564	-1
15.3783760071	-1
15.3783760071	-1
15.3783760071	-1
15.4099309444	-1
15.4099309444	-1
15.4099309444	-1
15.4099309444	-1
15.4099309444	-1
15.4099309444	-1
15.4099309444	-1
15.4188001156	-1
15.4188001156	-1
15.4188001156	-1
15.4188001156	-1
15.4188001156	-1
15.4188001156	-1
15.4188001156	-1
15.4548840523	-1
15.4548840523	-1
15.45622015	1
15.4605410099	-1
15.4605410099	-1
15.4605410099	-1
15.4605410099	-1
15.4605410099	-1
15.4605410099	-1
15.4605410099	-1
15.4679260254	-1
15.4679260254	-1
15.4679260254	-1
15.4679260254	-1
15.4679260254	-1
15.4679260254	-1
15.4873070717	-1
15.4873070717	-1
15.4873070717	-1
15.4873070717	-1
15.4873070717	-1
15.4873070717	-1
15.4873070717	-1
15.4873070717	-1
15.4873070717	-1
15.4947350025	-1
15.4947350025	-1
15.4947350025	-1
15.5334370136	-1
15.5697071552	-1
15.5697071552	-1
15.5697071552	-1
15.5697071552	-1
15.5697071552	-1
15.5817670822	-1
15.5817990303	1
15.5959191322	-1
15.5959191322	-1
15.6384110451	-1
15.6384110451	-1
15.6384110451	-1
15.6384110451	-1
15.6384110451	-1
15.6384110451	-1
15.6384110451	-1
15.6384110451	-1
15.7186479568	-1
15.7186479568	-1
15.7186479568	-1
15.7186479568	-1
15.7186479568	-1
15.7186479568	-1
15.7186479568	-1
15.7186479568	-1
15.7186479568	-1
15.727107048	-1
15.727107048	-1
15.727107048	-1
15.727107048	-1
15.7359521389	-1
15.7926170826	-1
15.7926170826	-1
15.7926170826	-1
15.7926170826	-1
15.7926170826	-1
15.8000471592	1
15.8244690895	-1
15.8244690895	-1
15.8244690895	-1
15.8244690895	-1
15.8244690895	-1
15.8244690895	-1
15.8244690895	-1
15.8244690895	-1
15.8244690895	-1
16.2440271378	-1
16.3416731358	-1
16.3416731358	-1
16.3416731358	-1
16.4731650352	-1
16.6244180202	-1
16.6809601784	-1
16.6809601784	-1
16.6809601784	-1
16.6809601784	-1
16.6809601784	-1
16.6870410442	-1
16.7200119495	-1
16.7200119495	-1
16.7200119495	-1
16.7200119495	-1
16.7200119495	-1
16.7200119495	-1
17.0157020092	-1
17.0593860149	-1
17.0593860149	-1
17.0593860149	-1
17.0593860149	-1
17.0593860149	-1
17.0809700489	-1
17.0819010735	1
17.0870909691	-1
17.0870909691	-1
17.1304039955	-1
17.1772811413	-1
17.1772811413	-1
17.1772811413	-1
17.202121973	-1
17.202121973	-1
17.202121973	-1
17.202121973	-1
17.202121973	-1
17.202121973	-1
17.202121973	-1
17.2813529968	1
17.423030138	-1
17.4230670929	1
17.4230670929	1
17.4452900887	-1
17.4452900887	-1
17.4452900887	-1
17.4452900887	-1
17.4452900887	-1
17.4635331631	-1
17.5220179558	-1
17.5220179558	-1
17.5220179558	-1
17.5220179558	-1
17.5220179558	-1
18.2513620853	-1
18.2528021336	1
18.4037971497	1
18.4037971497	1
18.4571640491	-1
18.5097031593	-1
18.5097031593	-1
18.5097031593	-1
18.5745589733	-1
18.5745589733	-1
18.6111321449	-1
18.6111321449	-1
18.6306290627	-1
18.6306290627	-1
18.6306290627	-1
18.6306290627	-1
18.6306290627	-1
18.6423230171	-1
18.6496341228	1
18.7084670067	-1
18.7084670067	-1
18.7084670067	-1
18.7483611107	-1
18.7483611107	-1
18.7483611107	-1
18.7641961575	1
18.7641961575	1
18.7768659592	-1
18.7768659592	-1
18.7768659592	-1
18.8061909676	-1
18.8061909676	-1
18.8124611378	-1
18.8124611378	-1
18.8124611378	-1
18.8124611378	-1
18.8219470978	-1
18.8761720657	-1
18.8761720657	-1
18.8761720657	-1
18.8970680237	-1
18.8970680237	-1
18.8971021175	1
18.8971021175	1
18.9350030422	-1
18.9350030422	-1
18.9350030422	-1
18.9681479931	1
18.9681479931	1
18.9681479931	1
18.9681479931	1
18.983353138	-1
18.983353138	-1
18.9885671139	-1
18.9885671139	-1
18.9885671139	-1
19.0399479866	-1
19.0399479866	-1
19.0399479866	-1
19.0399479866	-1
19.0399479866	-1
19.0399479866	-1
19.0915350914	-1
19.0915350914	-1
19.1506640911	-1
19.1506640911	-1
19.1506640911	-1
19.1506640911	-1
19.1506640911	-1
19.1506640911	-1
19.2064290047	-1
19.2064290047	-1
19.2064290047	-1
19.2064290047	-1
19.2064290047	-1
19.2064290047	-1
19.2064290047	-1
19.269974947	1
19.4236080647	1
19.4545459747	-1
19.4996399879	-1
19.4996399879	-1
19.4996399879	-1
19.5657031536	-1
19.5657031536	-1
19.5657031536	-1
19.5709910393	1
19.5723931789	-1
19.5723931789	-1
19.5723931789	-1
19.5723931789	-1
19.5723931789	-1
19.5723931789	-1
19.5723931789	-1
19.5814011097	1
19.5814011097	1
19.5814011097	1
19.5916531086	-1
19.5928411484	1
19.5928411484	1
19.6565480232	-1
19.6565480232	-1
19.6565480232	-1
19.6565480232	-1
19.6565480232	-1
19.6565480232	-1
19.7072529793	-1
19.7072529793	-1
19.7144191265	-1
19.7144191265	-1
19.7144191265	-1
19.7671301365	-1
19.7671301365	-1
19.7717130184	1
19.7717130184	1
19.7717130184	1
19.9777281284	1
20.1811070442	-1
20.1837260723	1
20.2985150814	-1
20.3012690544	1
21.4082779884	-1
21.4093749523	1
21.4587709904	-1
21.4587709904	-1
21.4587709904	-1
21.4614231586	1
21.4614231586	1
21.4614231586	1
21.4878361225	-1
21.4878361225	-1
21.4921340942	1
21.4921340942	1
21.4921340942	1
21.4948999882	1
21.4948999882	1
21.5238740444	-1
21.6045501232	-1
21.6045501232	-1
21.6045501232	-1
21.626240015	-1
21.626240015	-1
21.6382319927	1
21.7528460026	-1
21.8742821217	-1
21.8742821217	-1
21.8742821217	-1
21.8779461384	-1
21.8779461384	-1
21.8779461384	-1
21.8779461384	-1
21.8779461384	-1
21.8779461384	-1
21.8955390453	-1
21.8955390453	-1
21.8955390453	-1
21.8955390453	-1
21.8955390453	-1
21.8955390453	-1
21.8955390453	-1
21.8955390453	-1
21.9216501713	-1
21.9216501713	-1
21.9216501713	-1
21.9216501713	-1
21.9216501713	-1
21.9216501713	-1
21.9216501713	-1
21.9216501713	-1
22.0097081661	-1
22.0518519878	-1
22.0518519878	-1
22.0518519878	-1
22.0518519878	-1
22.0518519878	-1
22.0518519878	-1
22.0567879677	-1
22.0567879677	-1
22.0567879677	-1
22.0567879677	-1
22.0567879677	-1
22.0567879677	-1
22.0567879677	-1
22.0936090946	-1
22.0982761383	-1
22.0982761383	-1
22.0982761383	-1
22.0982761383	-1
22.0982761383	-1
22.0982761383	-1
22.0982761383	-1
22.1141879559	-1
22.1141879559	-1
22.1141879559	-1
22.1141879559	-1
22.1141879559	-1
22.1141879559	-1
22.1141879559	-1
22.1153790951	1
22.140155077	-1
22.2525260448	-1
22.2525260448	-1
22.2525260448	-1
22.2525260448	-1
22.2525260448	-1
22.2525260448	-1
22.2525260448	-1
22.2525260448	-1
22.2525260448	-1
22.2525260448	-1
22.2528719902	-1
22.2528719902	-1
22.2528719902	-1
22.2528719902	-1
22.3327641487	-1
22.3327641487	-1
22.3327641487	-1
22.3327641487	-1
22.3327641487	-1
22.3327641487	-1
22.3327641487	-1
22.3327641487	-1
22.3618381023	-1
22.3618381023	-1
22.3618381023	-1
22.3618381023	-1
22.3618381023	-1
22.3618381023	-1
22.3618381023	-1
22.3618381023	-1
22.3803400993	-1
22.3814980984	1
22.3861391544	-1
22.3861391544	-1
22.3861391544	-1
22.3861391544	-1
22.3861391544	-1
22.3861391544	-1
22.3861391544	-1
22.3947041035	-1
22.3947041035	-1
22.3947041035	-1
22.3947041035	-1
22.3947041035	-1
22.3947041035	-1
22.3947041035	-1
22.4094879627	-1
22.4474849701	-1
22.4474849701	-1
22.4474849701	-1
22.4474849701	-1
22.4474849701	-1
22.4474849701	-1
22.4474849701	-1
22.4474849701	-1
22.4762980938	-1
22.4829280376	-1
22.4829280376	-1
22.4829280376	-1
22.4829280376	-1
22.49350214	-1
22.5203211308	-1
22.5203211308	-1
22.5203211308	-1
22.5203211308	-1
22.5203211308	-1
22.5203211308	-1
22.5203361511	1
22.5203361511	1
22.5868091583	1
22.5868091583	1
22.5868091583	1
22.5884339809	-1
22.5884339809	-1
22.5884339809	-1
22.5900390148	1
22.5900390148	1
22.6068251133	-1
22.6068251133	-1
22.6343290806	-1
22.6343290806	-1
22.6343290806	-1
22.6343290806	-1
22.6343290806	-1
22.638625145	1
22.638625145	1
22.7299420834	-1
22.7299420834	-1
22.7299420834	-1
22.7469780445	-1
22.7469780445	-1
22.7532529831	1
22.7787401676	-1
22.7787401676	-1
22.7787401676	-1
22.7787401676	-1
22.7787401676	-1
22.7887141705	-1
22.8245120049	-1
22.8245120049	-1
22.8245120049	-1
22.8353610039	1
22.8353610039	1
22.8353610039	1
22.9362230301	-1
22.9362230301	-1
22.9362230301	-1
22.9374871254	1
22.9374871254	1
22.9374871254	1
22.9472191334	-1
22.9472191334	-1
22.9472191334	-1
22.9472191334	-1
22.9472191334	-1
22.9823570251	-1
23.0066080093	-1
23.0066080093	-1
23.0066080093	-1
23.0066080093	-1
23.0066080093	-1
23.0259821415	-1
23.0317771435	-1
23.0317771435	-1
23.0317771435	-1
23.0317771435	-1
23.0317771435	-1
23.072674036	-1
23.072674036	-1
23.072674036	-1
23.072674036	-1
23.072674036	-1
23.072674036	-1
23.0970420837	-1
23.0986311436	1
23.1660130024	-1
23.1660130024	-1
23.1660130024	-1
23.1713781357	-1
23.1713781357	-1
23.1713781357	-1
23.1713781357	-1
23.1713781357	-1
23.1713781357	-1
23.2133159637	-1
23.2133569717	1
23.2555439472	-1
23.2555439472	-1
23.2555439472	-1
23.2555439472	-1
23.2555439472	-1
23.2555439472	-1
23.2555439472	-1
23.2555439472	-1
23.2985320091	-1
23.3281400204	-1
23.3281831741	1
23.3502380848	-1
23.3502380848	-1
23.3502380848	-1
23.3502380848	-1
23.3502380848	-1
23.3502380848	-1
23.3502380848	-1
23.3864250183	-1
23.440456152	-1
23.440456152	-1
23.440456152	-1
23.440456152	-1
23.440456152	-1
23.440456152	-1
23.440456152	-1
23.440456152	-1
23.440456152	-1
23.4428591728	1
23.6235849857	1
23.8749029636	-1
23.8763170242	1
23.9338810444	-1
23.9338810444	-1
23.9338810444	-1
23.9338810444	-1
23.9732410908	-1
23.9732410908	-1
23.9895401001	-1
23.9895401001	-1
23.9908561707	1
24.0402481556	-1
24.0402481556	-1
24.0402481556	-1
24.0402481556	-1
24.0402481556	-1
24.0610511303	-1
24.1057560444	-1
24.1057970524	1
24.1057970524	1
24.2995769978	1
24.5227031708	-1
24.5525820255	-1
24.5525820255	-1
24.5525820255	-1
24.5525820255	-1
24.5820529461	-1
24.5820529461	-1
24.5838651657	1
24.5876820087	-1
24.5876820087	-1
24.5876820087	-1
24.5876820087	-1
24.5984120369	-1
24.6284911633	-1
24.6284911633	-1
24.6284911633	-1
24.6284911633	-1
24.6284911633	-1
24.6671149731	-1
24.6926150322	-1
24.6926150322	-1
24.6926150322	-1
24.6926150322	-1
24.6926150322	-1
24.6926150322	-1
24.6926150322	-1
24.6926150322	-1
24.6926150322	-1
24.6986570358	-1
24.6986570358	-1
24.6986961365	1
24.7683441639	-1
24.7683441639	-1
24.7683441639	-1
24.7683441639	-1
24.7683441639	-1
24.7683441639	-1
24.7683441639	-1
25.3522729874	-1
25.3536140919	1
25.399189949	-1
25.399189949	-1
25.399189949	-1
25.4494230747	-1
25.4494230747	-1
25.4667270184	-1
25.5255610943	-1
25.5255610943	-1
25.5255610943	-1
25.5269861221	1
25.5625679493	-1
25.5625679493	-1
25.5813851357	-1
25.5813851357	-1
26.2133359909	-1
26.2443621159	-1
26.2443621159	-1
26.2443621159	-1
26.2443621159	-1
26.3058409691	-1
26.3058409691	-1
26.3128969669	-1
26.3128969669	-1
26.3128969669	-1
26.3128969669	-1
26.3515501022	-1
26.3555130959	-1
26.3555130959	-1
26.3555130959	-1
26.3555130959	-1
26.3555130959	-1
26.4156861305	-1
26.4156861305	-1
26.4156861305	-1
26.4422280788	-1
26.4422280788	-1
26.4731481075	-1
26.4947760105	-1
26.4947760105	-1
26.4947760105	-1
26.5211501122	-1
26.5211501122	-1
26.521420002	1
26.5429401398	-1
26.5429401398	-1
26.5429401398	-1
26.5841610432	-1
26.5841610432	-1
26.5841610432	-1
26.5841610432	-1
26.5841610432	-1
26.5841610432	-1
26.6095430851	-1
26.6537921429	-1
26.6537921429	-1
26.6537921429	-1
26.6537921429	-1
26.6537921429	-1
26.6667129993	-1
26.6824400425	-1
26.6824400425	-1
26.6824400425	-1
26.6824400425	-1
26.6824400425	-1
26.7236039639	-1
26.7236039639	-1
26.7236039639	-1
26.7236039639	-1
26.7236039639	-1
26.7236039639	-1
26.7685451508	-1
26.7738790512	-1
26.7738790512	-1
26.7738790512	-1
26.7738790512	-1
26.7738790512	-1
26.8238270283	-1
26.8417551517	-1
26.8417551517	-1
26.8830289841	-1
26.9021229744	-1
26.9021229744	-1
26.9021229744	-1
26.9021229744	-1
26.9021229744	-1
26.923071146	-1
26.9374980927	1
26.9518580437	-1
26.9518580437	-1
26.9518580437	-1
26.9518580437	-1
26.9518580437	-1
26.9518580437	-1
26.9518580437	-1
26.9686219692	-1
26.9716200829	-1
26.9716200829	-1
26.9716200829	-1
26.9716200829	-1
26.9716200829	-1
26.9716200829	-1
26.9716200829	-1
26.9915039539	-1
26.9980640411	-1
26.9980640411	-1
26.9980640411	-1
26.9980640411	-1
27.0377931595	-1
27.0377931595	-1
27.0377931595	-1
27.0377931595	-1
27.0377931595	-1
27.0377931595	-1
27.0377931595	-1
27.0778820515	-1
27.077917099	1
27.0841841698	-1
27.0841841698	-1
27.0841841698	-1
27.0841841698	-1
27.0841841698	-1
27.0841841698	-1
27.0841841698	-1
27.1128001213	-1
27.1443371773	-1
27.1443371773	-1
27.1443371773	-1
27.1443371773	-1
27.2317450047	1
27.2317450047	1
27.3756661415	-1
27.3756661415	-1
27.3756661415	-1
27.4229619503	-1
27.5380311012	-1
27.5380311012	-1
27.8339509964	-1
27.859577179	-1
27.859577179	-1
27.859577179	-1
27.859577179	-1
27.859577179	-1
27.859577179	-1
27.8761811256	-1
27.8761811256	-1
27.8761811256	-1
27.8761811256	-1
27.8761811256	-1
27.8761811256	-1
27.9454851151	-1
27.9454851151	-1
27.9465820789	1
28.1030509472	-1
28.2177679539	-1
28.4513421059	1
28.4536221027	1
28.4536221027	1
28.4536221027	1
28.4536221027	1
28.7718951702	-1
28.9136600494	-1
28.9876971245	-1
28.9876971245	-1
28.9876971245	-1
29.0105981827	-1
29.0105981827	-1
29.0105981827	-1
29.0105981827	-1
29.0198500156	-1
29.0581140518	-1
29.0581140518	-1
29.0581140518	-1
29.0581140518	-1
29.0581140518	-1
29.0581140518	-1
29.0581140518	-1
29.0581140518	-1
29.0581140518	-1
29.0839569569	-1
29.0839569569	-1
29.0839569569	-1
29.0839569569	-1
29.0839569569	-1
29.1253011227	-1
29.1253011227	-1
29.1253011227	-1
29.1253011227	-1
29.1253011227	-1
29.1253011227	-1
29.1601791382	1
29.1794471741	-1
29.1794471741	-1
29.1794471741	-1
29.1794471741	-1
29.1794471741	-1
29.1794471741	-1
29.1794471741	-1
29.1794471741	-1
29.1794471741	-1
29.1884150505	-1
29.1884150505	-1
29.1884150505	-1
29.1884150505	-1
29.1884150505	-1
29.1884150505	-1
29.1884150505	-1
29.1986801624	-1
29.2257530689	-1
29.2257530689	-1
29.2257530689	-1
29.2257530689	-1
29.2257530689	-1
29.2571179867	-1
29.2592480183	1
29.2592480183	1
29.2592480183	1
29.2746691704	1
29.2800130844	-1
29.2800130844	-1
29.2800130844	-1
29.2800130844	-1
29.2800130844	-1
29.2800130844	-1
29.2800130844	-1
29.3716461658	-1
29.3740110397	-1
29.4274041653	1
29.4598190784	-1
29.4598190784	-1
29.4598190784	-1
29.5418400764	1
29.8651201725	-1
29.9167649746	-1
29.9167649746	-1
29.9167649746	-1
29.9167649746	-1
29.9167649746	-1
29.9167649746	-1
29.9167649746	-1
29.9305400848	-1
29.9305400848	-1
29.9305400848	-1
29.9305400848	-1
29.9305400848	-1
29.9305400848	-1
29.9428491592	-1
29.9428491592	-1
29.9439439774	1
29.9554469585	-1
29.9554469585	-1
29.9554469585	-1
29.9554469585	-1
29.9554469585	-1
29.9554469585	-1
29.9554469585	-1
30.0269329548	-1
30.0985181332	-1
30.0985181332	-1
30.0985181332	-1
30.1091530323	-1
30.1091530323	-1
30.1091530323	-1
30.1091530323	-1
30.1091530323	-1
30.1091530323	-1
30.1091530323	-1
30.1169309616	-1
30.1169309616	-1
30.1169309616	-1
30.1169309616	-1
30.1169309616	-1
30.1169309616	-1
30.1169309616	-1
30.1469991207	-1
30.1469991207	-1
30.1482350826	1
30.1521170139	-1
30.1521170139	-1
30.1521170139	-1
30.1521170139	-1
30.1521170139	-1
30.1521170139	-1
30.1521170139	-1
30.318652153	-1
30.318652153	-1
30.318652153	-1
30.318652153	-1
30.318652153	-1
30.318652153	-1
30.318652153	-1
30.318652153	-1
30.348731041	-1
30.348731041	-1
30.348731041	-1
30.348731041	-1
30.348731041	-1
30.348731041	-1
30.348731041	-1
30.348731041	-1
30.3772599697	-1
30.3784000874	1
30.4189741611	-1
30.4189741611	-1
30.4189741611	-1
30.4189741611	-1
30.4189741611	-1
30.4189741611	-1
30.4189741611	-1
30.4365260601	-1
30.4475181103	1
30.4475181103	1
30.4475181103	1
30.5313251019	1
30.5322170258	-1
30.5322170258	-1
30.5322170258	-1
30.5485019684	-1
30.5485019684	-1
30.6458671093	1
30.8994641304	1
31.8306939602	-1
31.8324069977	1
31.9393320084	-1
31.9393320084	-1
31.9393320084	-1
31.9518220425	-1
31.9518220425	-1
31.9518220425	-1
32.0381581783	-1
32.0381581783	-1
32.0381581783	-1
32.0535700321	1
32.2473239899	1
32.2473239899	1
32.4671039581	-1
32.6324281693	-1
32.7470700741	-1
32.7470700741	-1
32.7623701096	1
32.8772499561	1
32.8865070343	-1
32.9711501598	-1
32.9711501598	-1
32.9711501598	-1
32.983453989	-1
32.983453989	-1
32.983453989	-1
32.983453989	-1
32.983453989	-1
33.098195076	-1
33.098195076	-1
33.098195076	-1
33.098195076	-1
33.098195076	-1
33.098195076	-1
33.098195076	-1
33.1651380062	1
33.1736931801	-1
33.1736931801	-1
33.1736931801	-1
33.3927571774	-1
33.4149420261	1
33.5529010296	1
33.6126489639	-1
33.6933059692	-1
33.6933059692	-1
33.6933059692	-1
33.6933059692	-1
33.6933059692	-1
33.6933059692	-1
33.6933059692	-1
33.6933059692	-1
33.6933059692	-1
33.6933400631	1
33.6933400631	1
33.7028169632	-1
33.7028169632	-1
33.7028169632	-1
33.7028169632	-1
33.7028169632	-1
33.7028169632	-1
33.7028169632	-1
33.8255531788	-1
33.8255531788	-1
33.8255531788	-1
33.8255531788	-1
33.8255531788	-1
33.8255531788	-1
33.8255531788	-1
33.8255531788	-1
33.8380260468	-1
33.8380260468	-1
33.8487689495	-1
33.8694200516	-1
33.8694200516	-1
33.8694200516	-1
33.9032380581	-1
33.9032380581	-1
33.9032380581	-1
33.9032380581	-1
33.9032380581	-1
33.9032380581	-1
33.9032380581	-1
33.9032380581	-1
33.9034969807	1
33.9222609997	-1
33.9222609997	-1
33.9222609997	-1
33.9222609997	-1
33.9222609997	-1
33.9222609997	-1
33.9222609997	-1
33.9224979877	-1
34.055232048	1
34.055232048	1
34.3947861195	-1
34.5093779564	-1
34.5093779564	-1
34.5107610226	1
34.6799919605	-1
34.8875830173	-1
35.0022439957	-1
35.0022439957	-1
35.0122740269	1
35.1166810989	-1
35.2032980919	1
35.2969040871	-1
35.4116640091	-1
35.4116640091	-1
35.5656490326	1
35.6149561405	-1
35.6804351807	1
35.7444431782	-1
35.7579591274	-1
35.7579591274	-1
35.7579591274	-1
35.7579591274	-1
35.7579591274	-1
35.7579591274	-1
35.7579591274	-1
35.7701251507	-1
35.7701251507	-1
35.7701251507	-1
35.7701251507	-1
35.7701251507	-1
35.7701251507	-1
35.7701251507	-1
35.7950081825	-1
35.7950081825	-1
35.7950081825	-1
35.7950081825	-1
35.7950081825	-1
35.7950081825	-1
35.7950081825	-1
35.7950081825	-1
35.83725214	-1
35.83725214	-1
35.83725214	-1
35.8727340698	-1
35.8727340698	-1
35.8727340698	-1
35.8727340698	-1
35.8727340698	-1
35.8727340698	-1
35.8727340698	-1
35.8727340698	-1
35.8729760647	-1
35.8852140903	-1
35.8852140903	-1
35.8852140903	-1
35.8852140903	-1
35.8852140903	-1
36.0104491711	1
36.2170081139	-1
36.2603261471	1
36.5660350323	1
36.5890650749	-1
36.759209156	1
36.759209156	1
36.8421640396	-1
37.2282450199	-1
37.5839180946	-1
37.6203491688	-1
37.6203491688	-1
37.6203491688	-1
37.6203491688	-1
37.6203491688	-1
37.8665699959	-1
37.9811451435	-1
38.0179340839	1
38.087444067	1
38.087444067	1
38.087444067	1
38.2020349503	1
38.3165781498	1
38.4309101105	1
38.7095479965	-1
38.7523491383	-1
38.7523491383	-1
38.7523491383	-1
38.7523491383	-1
38.7523491383	-1
38.7523491383	-1
38.8213319778	-1
38.8213319778	-1
38.8223171234	1
38.8964381218	-1
38.8964381218	-1
38.8964381218	-1
38.8964381218	-1
38.8964381218	-1
38.8964381218	-1
38.8964381218	-1
38.8964381218	-1
38.8964381218	-1
38.9078211784	-1
38.9078211784	-1
38.9078211784	-1
38.9506011009	-1
38.9506011009	-1
38.9506371021	1
38.9506371021	1
38.9812431335	-1
38.9812431335	-1
38.9812431335	-1
39.0707800388	-1
39.0707800388	-1
39.0707800388	-1
39.0707800388	-1
39.0707800388	-1
39.0707800388	-1
39.0707800388	-1
39.0707800388	-1
39.0717241764	1
39.0896370411	-1
39.0896370411	-1
39.0896370411	-1
39.0896370411	-1
39.1256849766	-1
39.1478340626	1
39.1478340626	1
39.1478340626	1
39.262542963	-1
39.3606460094	-1
39.3606460094	-1
39.3606460094	-1
39.3606460094	-1
39.3606460094	-1
39.3606460094	-1
39.37707901	1
39.4705591202	-1
39.4705591202	-1
39.4705591202	-1
39.4916529655	-1
39.4916710854	1
39.4997251034	-1
39.4997251034	-1
39.4997251034	-1
39.4997251034	-1
39.4997251034	-1
39.4997251034	-1
39.4997251034	-1
39.5194849968	-1
39.5586099625	-1
39.5586099625	-1
39.5586099625	-1
39.5886759758	-1
39.5886759758	-1
39.5886759758	-1
39.5886759758	-1
39.5886759758	-1
39.5886759758	-1
39.6065261364	-1
39.6065261364	-1
39.6065261364	-1
39.6065261364	-1
39.6065261364	-1
39.6065261364	-1
39.6065671444	1
39.6065671444	1
39.6778020859	-1
39.6778020859	-1
39.6778020859	-1
39.6778020859	-1
39.6778020859	-1
39.6778020859	-1
39.6778020859	-1
39.6872329712	-1
39.6872329712	-1
39.7218129635	-1
39.7324409485	-1
39.7324409485	-1
39.7324409485	-1
39.7795960903	-1
39.7795960903	-1
39.7795960903	-1
39.7795960903	-1
39.7795960903	-1
39.7795960903	-1
39.7902140617	1
39.8285551071	-1
39.8285551071	-1
39.8285551071	-1
39.8285551071	-1
39.8285551071	-1
39.8285551071	-1
39.8285551071	-1
39.8285551071	-1
39.8355891705	-1
39.8355891705	-1
39.8355891705	-1
39.8355891705	-1
39.8355891705	-1
39.8355891705	-1
39.8355891705	-1
39.8581080437	1
39.8581080437	1
39.8581080437	1
39.8678920269	-1
39.8678920269	-1
39.8678920269	-1
39.8678920269	-1
39.8678920269	-1
39.8678920269	-1
39.8678920269	-1
39.8678920269	-1
39.8678920269	-1
39.8948321342	-1
39.8948321342	-1
39.8948321342	-1
39.8948321342	-1
39.8948321342	-1
39.8948321342	-1
39.8948321342	-1
39.8948321342	-1
39.9383060932	-1
39.9383060932	-1
39.9383649826	-1
39.9383649826	-1
39.9383649826	-1
39.9383649826	-1
39.9383649826	-1
39.9383649826	-1
39.9483389854	-1
39.9483389854	-1
39.9483389854	-1
39.9483389854	-1
39.9483389854	-1
39.9483389854	-1
39.9483389854	-1
39.9551379681	-1
39.9731190205	-1
39.9731190205	-1
39.9731190205	-1
39.9731190205	-1
39.9731190205	-1
39.9731190205	-1
39.9731190205	-1
39.9844219685	-1
39.9844219685	-1
39.9844219685	-1
39.9844219685	-1
39.9844219685	-1
39.9844219685	-1
39.9844219685	-1
40.009510994	-1
40.009510994	-1
40.0233139992	-1
40.0233139992	-1
40.0307891369	-1
40.0307891369	-1
40.0307891369	-1
40.0307891369	-1
40.0307891369	-1
40.0379040241	1
40.0379040241	1
40.0379040241	1
40.0618560314	-1
40.0680999756	-1
40.0680999756	-1
40.0680999756	-1
40.0680999756	-1
40.0680999756	-1
40.0680999756	-1
40.0680999756	-1
40.1658649445	-1
40.1658649445	-1
40.1658649445	-1
40.1784789562	-1
40.1784789562	-1
40.1784789562	-1
40.2394039631	-1
40.5219869614	-1
40.5229330063	1
40.9833519459	-1
41.1351389885	-1
41.2550210953	-1
41.2973320484	-1
41.2973320484	-1
41.2973320484	-1
41.2973320484	-1
41.3772439957	1
41.3777000904	1
41.3777000904	1
41.3777000904	1
41.4194409847	1
41.4194409847	1
41.4194409847	1
41.6063351631	1
41.6063351631	1
41.9250819683	-1
42.0396840572	-1
42.0396840572	-1
42.0396840572	-1
42.0462579727	-1
42.0462579727	-1
42.0462579727	-1
42.0790650845	-1
42.129196167	-1
42.129196167	-1
42.129196167	-1
42.129196167	-1
42.129196167	-1
42.1699659824	-1
42.1795070171	1
42.1938090324	-1
42.267220974	-1
42.267220974	-1
42.267220974	-1
42.267220974	-1
42.267220974	-1
42.267220974	-1
42.267220974	-1
42.2938921452	1
42.2938921452	1
42.2979991436	-1
42.3389370441	-1
42.3389370441	-1
42.3389370441	-1
42.3389370441	-1
42.3389370441	-1
42.3389370441	-1
42.3389370441	-1
42.4092400074	-1
42.4092400074	-1
42.4092400074	-1
42.4092400074	-1
42.4092400074	-1
42.4092400074	-1
42.4092400074	-1
42.4092400074	-1
42.4776051044	-1
42.4776051044	-1
42.5142190456	-1
42.5142190456	-1
42.5142190456	-1
42.5142190456	-1
42.5142190456	-1
42.5142190456	-1
42.5142190456	-1
42.5271000862	-1
42.5839030743	1
42.5857241154	1
42.5857241154	1
42.5857241154	1
42.6246540546	1
42.6246540546	1
42.6246540546	1
42.6254160404	1
42.6254160404	1
42.6268901825	1
42.6268901825	1
42.6268901825	1
42.6281371117	1
42.6281371117	1
42.7193851471	1
42.8741500378	1
42.8889331818	1
42.8889331818	1
42.8889331818	1
43.4970860481	-1
43.5623710155	-1
43.5623710155	-1
43.5623710155	-1
43.5623710155	-1
43.5623710155	-1
43.5623710155	-1
43.5623710155	-1
43.5623710155	-1
43.5690231323	1
43.5725901127	-1
43.6771130562	-1
43.6790971756	-1
43.6790971756	-1
43.6790971756	-1
43.6790971756	-1
43.6790971756	-1
43.6790971756	-1
43.6790971756	-1
43.6790971756	-1
43.6793270111	-1
43.6793270111	-1
43.6793270111	-1
43.6793270111	-1
43.6793270111	-1
43.6793270111	-1
43.7578501701	-1
43.7578501701	-1
43.7578501701	-1
43.7809400558	-1
43.7809400558	-1
43.793184042	-1
43.793184042	-1
43.793184042	-1
43.793184042	-1
43.793184042	-1
43.793184042	-1
43.8424589634	-1
43.8424589634	-1
43.8425090313	-1
43.8425090313	-1
43.8425090313	-1
43.8425090313	-1
43.8425090313	-1
43.8425090313	-1
43.8425090313	-1
43.8539030552	-1
43.8539030552	-1
43.8539030552	-1
43.8539030552	-1
43.8539030552	-1
43.8539030552	-1
43.8550729752	1
44.0145440102	-1
44.0145440102	-1
44.0145440102	-1
44.016546011	1
44.0306551456	-1
44.0306551456	-1
44.0327401161	1
44.0327401161	1
44.0327401161	1
44.0505750179	-1
44.0505750179	-1
44.0505750179	-1
44.0528509617	1
44.0528509617	1
44.0590510368	-1
44.0607860088	1
44.0607860088	1
44.0607860088	1
44.0802760124	-1
44.0802760124	-1
44.0802760124	-1
44.0826060772	1
44.0826060772	1
44.2814650536	1
44.3270010948	-1
44.4088599682	1
44.4530451298	-1
44.5629661083	1
44.5703639984	1
44.5703639984	1
44.5703639984	1
44.5972571373	-1
44.5972571373	-1
44.5972571373	-1
44.607475996	-1
44.607475996	-1
44.607475996	-1
44.607475996	-1
44.607475996	-1
44.607475996	-1
44.6965460777	1
44.7195169926	-1
44.7195169926	-1
44.7195169926	-1
44.7837190628	-1
44.7837190628	-1
44.7837190628	-1
44.7837190628	-1
44.7837190628	-1
44.7837190628	-1
44.7837190628	-1
44.7837190628	-1
44.7837190628	-1
44.8045420647	-1
44.8045420647	-1
44.8045420647	-1
44.8254749775	-1
44.8254749775	-1
44.836838007	-1
44.8539969921	-1
44.8539969921	-1
44.8539969921	-1
44.9048471451	-1
44.9048471451	-1
44.9048471451	-1
44.9259960651	-1
44.9259960651	-1
44.9359819889	-1
44.9359819889	-1
44.9359819889	-1
44.9359819889	-1
44.9359819889	-1
44.9359819889	-1
44.9359819889	-1
44.9434850216	-1
44.9685151577	-1
44.9685151577	-1
44.9685151577	-1
44.9685151577	-1
44.9685151577	-1
44.9685151577	-1
44.9685151577	-1
44.9685151577	-1
44.9755411148	-1
44.9767241478	1
44.9881210327	-1
44.9881210327	-1
45.0273499489	-1
45.0273499489	-1
45.0273499489	-1
45.0639281273	-1
45.0639281273	-1
45.0948369503	-1
45.0948369503	-1
45.0948369503	-1
45.1804831028	-1
45.1804831028	-1
45.2953760624	-1
45.2953760624	-1
45.4102790356	-1
45.4665150642	-1
45.4665150642	-1
45.4665150642	-1
45.4665150642	-1
45.5330131054	1
45.5369811058	1
45.5369811058	1
45.5369811058	1
45.5386741161	1
45.5386741161	1
45.5386741161	1
45.538777113	1
45.538777113	1
45.5395691395	1
45.5395691395	1
45.5395691395	1
45.5403831005	1
45.5403831005	1
45.5403831005	1
45.5412449837	1
45.5412449837	1
45.5412449837	1
45.5419709682	1
45.6638159752	1
45.6638159752	1
45.6638159752	1
45.6638159752	1
45.6638159752	1
45.6638159752	1
45.6638159752	1
45.6638159752	1
45.6638159752	1
45.6638159752	1
45.6639900208	1
45.6639900208	1
45.6639900208	1
45.6639900208	1
45.6639900208	1
45.6639900208	1
45.9325840473	-1
46.0704109669	-1
46.0704109669	-1
46.0704109669	-1
46.0841050148	-1
46.0841050148	-1
46.0841050148	-1
46.1070120335	-1
46.1070120335	-1
46.117125988	-1
46.117125988	-1
46.117125988	-1
46.1228871346	-1
46.1228871346	-1
46.1354570389	-1
46.1354570389	-1
46.1354570389	-1
46.1354570389	-1
46.1354570389	-1
46.1354570389	-1
46.1354570389	-1
46.14904809	-1
46.1491680145	-1
46.1491680145	-1
46.1491680145	-1
46.1491680145	-1
46.1491680145	-1
46.1491680145	-1
46.1491680145	-1
46.1852240562	-1
46.1852240562	-1
46.1852240562	-1
46.1852240562	-1
46.1852240562	-1
46.1852240562	-1
46.1852240562	-1
46.1852240562	-1
46.2051041126	-1
46.2051041126	-1
46.2051041126	-1
46.2051041126	-1
46.2051041126	-1
46.2051041126	-1
46.2051041126	-1
46.2306940556	-1
46.2306940556	-1
46.2306940556	-1
46.2306940556	-1
46.2306940556	-1
46.2306940556	-1
46.2306940556	-1
46.2306940556	-1
46.2487151623	-1
46.2487151623	-1
46.2487151623	-1
46.2487151623	-1
46.2487151623	-1
46.2487151623	-1
46.2487151623	-1
46.2487151623	-1
46.26384902	-1
46.26384902	-1
46.26384902	-1
46.26384902	-1
46.26384902	-1
46.26384902	-1
46.26384902	-1
46.26384902	-1
46.2651240826	1
46.279916048	-1
46.279916048	-1
46.279916048	-1
46.279916048	-1
46.279916048	-1
46.279916048	-1
46.279916048	-1
46.279916048	-1
46.2801501751	-1
46.3051300049	-1
46.3051300049	-1
46.3051300049	-1
46.3051300049	-1
46.3051300049	-1
46.3051300049	-1
46.3051300049	-1
46.3197181225	-1
46.3197181225	-1
46.3197181225	-1
46.3197181225	-1
46.3312060833	-1
46.3312060833	-1
46.3312060833	-1
46.3312060833	-1
46.3312060833	-1
46.3312060833	-1
46.3312060833	-1
46.3312060833	-1
46.3452939987	-1
46.3452939987	-1
46.3452939987	-1
46.3452939987	-1
46.3452939987	-1
46.3452939987	-1
46.3452939987	-1
46.3580951691	-1
46.3656721115	-1
46.3656721115	-1
46.3793301582	-1
46.3947730064	-1
46.3947730064	-1
46.3947730064	-1
46.3947730064	-1
46.3947730064	-1
46.3948040009	1
46.4017951488	-1
46.4220731258	-1
46.4220731258	-1
46.4220731258	-1
46.4220731258	-1
46.4220731258	-1
46.4220731258	-1
46.4374141693	-1
46.4374141693	-1
46.4400479794	1
46.4400479794	1
46.4400479794	1
46.4503500462	-1
46.4503500462	-1
46.4503500462	-1
46.4503500462	-1
46.4503500462	-1
46.4503500462	-1
46.4660110474	-1
46.4719800949	-1
46.4719800949	-1
46.4719800949	-1
46.4719800949	-1
46.4719800949	-1
46.477545023	-1
46.4901840687	-1
46.4901840687	-1
46.5094940662	1
46.5394949913	-1
46.5394949913	-1
46.5394949913	-1
46.5394949913	-1
46.5394949913	-1
46.562595129	-1
46.5732631683	-1
46.5732631683	-1
46.5791599751	1
46.5791599751	1
46.5791599751	1
46.7144629955	-1
46.7144629955	-1
46.7144629955	-1
46.7144629955	-1
46.7144629955	-1
46.8533489704	-1
46.8877949715	-1
46.8877949715	-1
46.8877949715	-1
46.8877949715	-1
46.8877949715	-1
46.9460661411	-1
46.9677679539	-1
46.9677679539	-1
46.9677679539	-1
46.9677679539	-1
46.9677679539	-1
46.9677679539	-1
47.1171760559	-1
47.1171760559	-1
47.2304241657	1
47.2306091785	1
47.2306091785	1
47.2306091785	1
47.2326741219	1
47.2326741219	1
47.2326741219	1
47.2326741219	1
47.2344579697	1
47.2344579697	1
47.2344579697	1
47.2344579697	1
47.2344579697	1
47.2344579697	1
47.2360880375	1
47.2360880375	1
47.2360880375	1
47.2360880375	1
47.2360880375	1
47.2360880375	1
47.2360880375	1
47.2360880375	1
47.2361969948	1
47.3589861393	1
47.3589861393	1
47.3589861393	1
47.3589861393	1
47.3589861393	1
47.3589861393	1
47.3589861393	1
47.3589861393	1
47.3593001366	1
47.3593001366	1
47.3593001366	1
47.3593001366	1
47.3593001366	1
47.3593001366	1
47.3593001366	1
47.3593001366	1
47.3594260216	1
47.3594260216	1
47.3594260216	1
47.3594260216	1
47.6745200157	-1
47.7895281315	-1
47.7895281315	-1
47.9041910172	-1
47.9041910172	-1
