0.0	1
0.250043869019	1
0.477607965469	-1
0.479076862335	1
0.769575834274	-1
0.771055936813	1
0.773772001266	1
0.773772001266	1
0.773772001266	1
0.9177339077	1
0.9177339077	1
0.9177339077	1
1.36675190926	-1
1.36756396294	1
1.51212906837	-1
1.51284003258	1
1.58677506447	-1
1.58839392662	1
1.66262888908	-1
1.66262888908	-1
1.66431593895	1
1.77779388428	1
1.79716992378	-1
1.85159301758	1
1.90814399719	-1
1.98193287849	-1
2.01810503006	1
2.06683301926	-1
2.16679096222	-1
2.16679096222	-1
2.16679096222	-1
2.16679096222	-1
2.16679096222	-1
2.16871285439	1
2.17295384407	-1
2.17305803299	-1
2.17305803299	-1
2.17305803299	-1
2.21447587013	-1
2.21447587013	-1
2.21447587013	-1
2.21447587013	-1
2.27948999405	1
2.35814595222	-1
2.35834884644	-1
2.35834884644	-1
2.35834884644	-1
2.35834884644	-1
2.37391400337	-1
2.37391400337	-1
2.43506503105	1
2.46633195877	-1
2.46633195877	-1
2.46633195877	-1
2.46633195877	-1
2.47627091408	-1
2.47627091408	-1
2.47627091408	-1
2.47627091408	-1
2.50085806847	-1
2.50085806847	-1
2.50085806847	-1
2.50085806847	-1
2.64521384239	-1
2.64564394951	-1
2.64564394951	-1
2.64564394951	-1
2.64564394951	-1
2.83234500885	-1
2.83513092995	1
2.90888285637	1
2.90888285637	1
3.02322292328	1
3.09836292267	-1
3.09892487526	1
3.3084769249	-1
3.44564199448	-1
3.44688987732	1
3.52077698708	-1
3.52687287331	1
3.60072398186	-1
3.88872289658	-1
4.00004291534	-1
4.01832103729	1
4.43004584312	-1
4.58011293411	-1
4.59633684158	1
4.59901499748	1
4.59901499748	1
4.59901499748	1
5.01421785355	1
5.06740689278	-1
5.18028402328	-1
5.18202495575	1
5.25407195091	-1
5.35434985161	-1
5.35434985161	-1
5.35434985161	-1
5.52223587036	-1
5.52512693405	1
5.88962697983	-1
6.66410589218	1
6.73852086067	1
8.66322088242	1
10.2264339924	-1
11.0047240257	1
11.0047240257	1
20.3168969154	-1
20.3181838989	1
20.3195290565	-1
20.3195290565	-1
20.3195290565	-1
20.3919630051	1
20.3919630051	1
42.0042600632	1
