0.0	1
0.250923871994	1
0.79691696167	-1
0.797749042511	1
0.912300825119	-1
0.912730932236	1
0.913933992386	1
0.913933992386	1
0.913933992386	1
0.927268981934	1
0.927268981934	1
0.927268981934	1
1.47461485863	-1
1.47630381584	1
1.59111785889	-1
1.59253787994	1
1.65423202515	-1
1.65423202515	-1
1.65423202515	-1
1.70730900764	1
1.70730900764	1
1.89911389351	-1
1.90037083626	1
2.1256878376	-1
2.25764298439	-1
2.25764298439	-1
2.25764298439	-1
2.25764298439	-1
2.25764298439	-1
2.25764298439	-1
2.25764298439	-1
2.25764298439	-1
2.2910900116	1
2.36928391457	-1
2.36928391457	-1
2.36928391457	-1
2.36928391457	-1
2.36928391457	-1
2.36928391457	-1
2.36928391457	-1
2.36928391457	-1
2.39340591431	-1
2.40649795532	1
2.50843691826	-1
2.50843691826	-1
2.52295398712	-1
2.52295398712	-1
2.52295398712	-1
2.52295398712	-1
2.52295398712	-1
2.52295398712	-1
2.54145789146	1
2.55869293213	-1
2.55869293213	-1
2.55869293213	-1
2.63790297508	-1
2.69414401054	1
2.75315499306	-1
2.75315499306	-1
2.75889182091	-1
2.75889182091	-1
2.75889182091	-1
2.75889182091	-1
2.75889182091	-1
2.75889182091	-1
2.89903783798	1
3.03283286095	-1
3.0339319706	1
3.23112893105	-1
3.57369184494	-1
3.57487297058	1
3.68845891953	-1
3.84243702888	-1
3.95723891258	-1
3.96473288536	1
4.67329502106	-1
4.82639098167	-1
4.84564089775	1
4.84787201881	1
4.84787201881	1
4.84787201881	1
5.48660302162	-1
5.61508584023	-1
5.61508584023	-1
5.61508584023	-1
5.73322796822	-1
5.73322796822	-1
5.73322796822	-1
5.73322796822	-1
5.73322796822	-1
5.73322796822	-1
5.73322796822	-1
5.73322796822	-1
5.78221797943	-1
5.78221797943	-1
5.78221797943	-1
5.78221797943	-1
5.78221797943	-1
5.78221797943	-1
5.78221797943	-1
5.78221797943	-1
5.7958278656	1
5.81846284866	-1
5.83967685699	1
5.83967685699	1
5.83967685699	1
5.84128785133	1
5.84128785133	1
5.86817193031	-1
5.8957259655	-1
5.8957259655	-1
5.8957259655	-1
5.8957259655	-1
5.8957259655	-1
5.8957259655	-1
5.8957259655	-1
5.8957259655	-1
5.91577601433	-1
5.91577601433	-1
5.91577601433	-1
5.97624802589	-1
5.97624802589	-1
5.97624802589	-1
5.97624802589	-1
5.97624802589	-1
5.97624802589	-1
5.97624802589	-1
5.97624802589	-1
5.97624802589	-1
6.01069283485	-1
6.01069283485	-1
6.01069283485	-1
6.01069283485	-1
6.01069283485	-1
6.01069283485	-1
6.01069283485	-1
6.03703784943	-1
6.03703784943	-1
6.03703784943	-1
6.05445981026	1
6.05541491508	1
6.05541491508	1
6.05541491508	1
6.0567920208	-1
6.0567920208	-1
6.0567920208	-1
6.0567920208	-1
6.0567920208	-1
6.0567920208	-1
6.0567920208	-1
6.08873701096	-1
6.08873701096	-1
6.08873701096	-1
6.08873701096	-1
6.08873701096	-1
6.08873701096	-1
6.08873701096	-1
6.08986997604	1
6.08986997604	1
6.09839487076	1
6.09839487076	1
6.09839487076	1
6.11812400818	-1
6.11812400818	-1
6.11812400818	-1
6.11812400818	-1
6.11812400818	-1
6.11812400818	-1
6.11812400818	-1
6.11812400818	-1
6.12629389763	-1
6.16325902939	-1
6.16325902939	-1
6.16325902939	-1
6.16325902939	-1
6.16325902939	-1
6.16325902939	-1
6.16325902939	-1
6.16325902939	-1
6.16325902939	-1
6.17824482918	1
6.17892384529	-1
6.17892384529	-1
6.17892384529	-1
6.17892384529	-1
6.17892384529	-1
6.17892384529	-1
6.17892384529	-1
6.20381903648	-1
6.20839381218	-1
6.20839381218	-1
6.20839381218	-1
6.20839381218	-1
6.20839381218	-1
6.20839381218	-1
6.20839381218	-1
6.22645688057	-1
6.22645688057	-1
6.22645688057	-1
6.24212193489	-1
6.25699901581	-1
6.25699901581	-1
6.25699901581	-1
6.25699901581	-1
6.25699901581	-1
6.25699901581	-1
6.25699901581	-1
6.27852892876	-1
6.27852892876	-1
6.27852892876	-1
6.27852892876	-1
6.27852892876	-1
6.27852892876	-1
6.27852892876	-1
6.3033490181	-1
6.3033490181	-1
6.3033490181	-1
6.3033490181	-1
6.3033490181	-1
6.3033490181	-1
6.3033490181	-1
6.3033490181	-1
6.30340003967	1
6.31657004356	-1
6.32940387726	-1
6.32940387726	-1
6.32940387726	-1
6.32940387726	-1
6.32940387726	-1
6.32940387726	-1
6.32940387726	-1
6.34615302086	-1
6.37685894966	-1
6.37685894966	-1
6.37685894966	-1
6.37685894966	-1
6.37685894966	-1
6.37685894966	-1
6.39448285103	-1
6.42630791664	-1
6.42630791664	-1
6.42630791664	-1
6.42630791664	-1
6.42630791664	-1
6.42630791664	-1
6.42630791664	-1
6.4263420105	1
6.4484360218	-1
6.4484360218	-1
6.4484360218	-1
6.4484360218	-1
6.4484360218	-1
6.4484360218	-1
6.4484360218	-1
6.48557281494	-1
6.48557281494	-1
6.48557281494	-1
6.48557281494	-1
6.48557281494	-1
6.48557281494	-1
6.48557281494	-1
6.48557281494	-1
6.51793003082	-1
6.51793003082	-1
6.51793003082	-1
6.54123091698	-1
6.5412709713	1
6.54388999939	1
6.54388999939	1
6.54388999939	1
6.54388999939	1
6.54388999939	1
6.54388999939	1
6.54388999939	1
6.56390285492	-1
6.56390285492	-1
6.56390285492	-1
6.56390285492	-1
6.56390285492	-1
6.56390285492	-1
6.5943338871	-1
6.5943338871	-1
6.5943338871	-1
6.5943338871	-1
6.5943338871	-1
6.5943338871	-1
6.5943338871	-1
6.5943338871	-1
6.63181781769	-1
6.63181781769	-1
6.63181781769	-1
6.63267183304	1
6.65612888336	-1
6.65614390373	1
6.65614390373	1
6.65708804131	1
6.65708804131	1
6.65708804131	1
6.66068291664	-1
6.66068291664	-1
6.66068291664	-1
6.66068291664	-1
6.66068291664	-1
6.66068291664	-1
6.66068291664	-1
6.67450690269	-1
6.67450690269	-1
6.67450690269	-1
6.67450690269	-1
6.67450690269	-1
6.67450690269	-1
6.67450690269	-1
6.70328688622	-1
6.70328688622	-1
6.70328688622	-1
6.70328688622	-1
6.70328688622	-1
6.70328688622	-1
6.70328688622	-1
6.70328688622	-1
6.72114086151	-1
6.72114086151	-1
6.72114086151	-1
6.72114086151	-1
6.72114086151	-1
6.72114086151	-1
6.72114086151	-1
6.74878287315	-1
6.74878287315	-1
6.74878287315	-1
6.74878287315	-1
6.74878287315	-1
6.74878287315	-1
6.76174783707	-1
6.77095985413	1
6.77716684341	-1
6.77716684341	-1
6.77716684341	-1
6.77716684341	-1
6.77716684341	-1
6.77716684341	-1
6.77716684341	-1
6.79098987579	-1
6.79098987579	-1
6.79098987579	-1
6.79098987579	-1
6.79098987579	-1
6.79098987579	-1
6.79098987579	-1
6.81721591949	-1
6.81721591949	-1
6.81721591949	-1
6.81721591949	-1
6.81721591949	-1
6.81721591949	-1
6.81721591949	-1
6.81721591949	-1
6.83964896202	-1
6.83964896202	-1
6.83964896202	-1
6.83964896202	-1
6.83964896202	-1
6.83964896202	-1
6.83964896202	-1
6.86778497696	-1
6.86778497696	-1
6.88123989105	-1
6.88123989105	-1
6.88123989105	-1
6.88123989105	-1
6.88123989105	-1
6.88123989105	-1
6.88123989105	-1
6.88612985611	1
6.89047384262	-1
6.89047384262	-1
6.89047384262	-1
6.89047384262	-1
6.95156502724	-1
6.95156502724	-1
6.95395803452	1
6.95395803452	1
6.95395803452	1
6.95395803452	1
6.96511983871	-1
6.96511983871	-1
6.96511983871	-1
6.96511983871	-1
7.00104188919	1
7.00320601463	1
7.00320601463	1
7.00320601463	1
7.11606788635	-1
7.11606788635	-1
7.11610889435	1
7.23095393181	-1
7.23099303246	1
7.24240398407	-1
7.24240398407	-1
7.24240398407	-1
7.24240398407	-1
7.24240398407	-1
7.24240398407	-1
7.24240398407	-1
7.26717996597	-1
7.26717996597	-1
7.28035998344	-1
7.28035998344	-1
7.28035998344	-1
7.28035998344	-1
7.28035998344	-1
7.28035998344	-1
7.28035998344	-1
7.28097581863	1
7.28097581863	1
7.28097581863	1
7.29677200317	-1
7.29677200317	-1
7.29677200317	-1
7.29677200317	-1
7.29677200317	-1
7.29677200317	-1
7.29677200317	-1
7.33123898506	-1
7.33123898506	-1
7.33123898506	-1
7.33123898506	-1
7.33123898506	-1
7.33123898506	-1
7.33123898506	-1
7.33123898506	-1
7.33291101456	1
7.33291101456	1
7.34585690498	-1
7.360008955	-1
7.360008955	-1
7.360008955	-1
7.360008955	-1
7.360008955	-1
7.360008955	-1
7.360008955	-1
7.38593101501	-1
7.38593101501	-1
7.38593101501	-1
7.38593101501	-1
7.38593101501	-1
7.38593101501	-1
7.38593101501	-1
7.3872179985	1
7.3872179985	1
7.3872179985	1
7.43609690666	-1
7.43609690666	-1
7.43609690666	-1
7.43609690666	-1
7.43609690666	-1
7.43609690666	-1
7.43609690666	-1
7.43609690666	-1
7.43874597549	1
7.43874597549	1
7.43891382217	1
7.43891382217	1
7.43891382217	1
7.43891382217	1
7.43891382217	1
7.46053981781	-1
7.46444201469	-1
7.46444201469	-1
7.46444201469	-1
7.46444201469	-1
7.46444201469	-1
7.46444201469	-1
7.46444201469	-1
7.48902487755	-1
7.48902487755	-1
7.48902487755	-1
7.48902487755	-1
7.48902487755	-1
7.48902487755	-1
7.48902487755	-1
7.48902487755	-1
7.50078082085	-1
7.50078082085	-1
7.53355002403	-1
7.53355002403	-1
7.53355002403	-1
7.53355002403	-1
7.53355002403	-1
7.53355002403	-1
7.53355002403	-1
7.53355002403	-1
7.55007481575	-1
7.55007481575	-1
7.55007481575	-1
7.55007481575	-1
7.55007481575	-1
7.55007481575	-1
7.55007481575	-1
7.56486082077	-1
7.57773804665	-1
7.57773804665	-1
7.57773804665	-1
7.57773804665	-1
7.57773804665	-1
7.57773804665	-1
7.57773804665	-1
7.60524082184	-1
7.60524082184	-1
7.60524082184	-1
7.60524082184	-1
7.62828302383	-1
7.62828302383	-1
7.62828302383	-1
7.62828302383	-1
7.62828302383	-1
7.62828302383	-1
7.62828302383	-1
7.62828302383	-1
7.63981986046	-1
7.63981986046	-1
7.63981986046	-1
7.63981986046	-1
7.63981986046	-1
7.63981986046	-1
7.63981986046	-1
7.66493797302	-1
7.66493797302	-1
7.66493797302	-1
7.66493797302	-1
7.66493797302	-1
7.66493797302	-1
7.66493797302	-1
7.66493797302	-1
7.66622591019	1
7.69032788277	-1
7.69215989113	1
7.69215989113	1
7.69215989113	1
7.69215989113	1
7.69215989113	1
7.69215989113	1
7.69215989113	1
7.70591282845	-1
7.70591282845	-1
7.70591282845	-1
7.70591282845	-1
7.70591282845	-1
7.70591282845	-1
7.70591282845	-1
7.70591282845	-1
7.71648287773	-1
7.73281097412	-1
7.73281097412	-1
7.73281097412	-1
7.73281097412	-1
7.73281097412	-1
7.73281097412	-1
7.73281097412	-1
7.74528098106	-1
7.74528098106	-1
7.74528098106	-1
7.74528098106	-1
7.74528098106	-1
7.74528098106	-1
7.74528098106	-1
7.7808740139	-1
7.7808740139	-1
7.7808740139	-1
7.7808740139	-1
7.7808740139	-1
7.7808740139	-1
7.7808740139	-1
7.7808740139	-1
7.80720901489	-1
7.80722594261	1
7.81341385841	-1
7.81341385841	-1
7.81341385841	-1
7.81341385841	-1
7.81341385841	-1
7.81341385841	-1
7.81341385841	-1
7.84243202209	-1
7.84243202209	-1
7.85371589661	-1
7.85371589661	-1
7.85371589661	-1
7.85371589661	-1
7.85371589661	-1
7.85371589661	-1
7.85371589661	-1
7.86921787262	-1
7.86921787262	-1
7.86921787262	-1
7.86921787262	-1
7.88334798813	-1
7.88334798813	-1
7.88334798813	-1
7.88334798813	-1
7.88334798813	-1
7.88334798813	-1
7.88334798813	-1
7.88449001312	1
7.88449001312	1
7.88449001312	1
7.90159296989	-1
7.90159296989	-1
7.90159296989	-1
7.90159296989	-1
7.90159296989	-1
7.90159296989	-1
7.90159296989	-1
7.92249584198	-1
7.93261194229	-1
7.93261194229	-1
7.93261194229	-1
7.93261194229	-1
7.93261194229	-1
7.93261194229	-1
7.93261194229	-1
7.9635579586	-1
7.9635579586	-1
7.9635579586	-1
7.9635579586	-1
7.9635579586	-1
7.9635579586	-1
7.9635579586	-1
7.9635579586	-1
7.99317097664	-1
7.99317097664	-1
8.00432682037	-1
8.00432682037	-1
8.00432682037	-1
8.00432682037	-1
8.00432682037	-1
8.00432682037	-1
8.00432682037	-1
8.02116298676	-1
8.02116298676	-1
8.02116298676	-1
8.02116298676	-1
8.02116298676	-1
8.02116298676	-1
8.03598189354	-1
8.03746199608	1
8.04887795448	-1
8.04887795448	-1
8.04887795448	-1
8.04887795448	-1
8.04887795448	-1
8.04887795448	-1
8.04887795448	-1
8.06040787697	-1
8.06040787697	-1
8.06040787697	-1
8.06040787697	-1
8.06040787697	-1
8.06040787697	-1
8.06040787697	-1
8.08174204826	-1
8.08174204826	-1
8.08174204826	-1
8.08174204826	-1
8.08174204826	-1
8.08174204826	-1
8.08174204826	-1
8.08174204826	-1
8.08458304405	1
8.08458304405	1
8.08458304405	1
8.08458304405	1
8.08458304405	1
8.08458304405	1
8.10248303413	-1
8.10248303413	-1
8.10248303413	-1
8.10248303413	-1
8.10248303413	-1
8.10248303413	-1
8.10248303413	-1
8.10248303413	-1
8.11560988426	-1
8.14096283913	-1
8.14096283913	-1
8.14096283913	-1
8.14096283913	-1
8.14096283913	-1
8.14096283913	-1
8.14096283913	-1
8.14096283913	-1
8.15271496773	1
8.15399885178	-1
8.15399885178	-1
8.15399885178	-1
8.15399885178	-1
8.15399885178	-1
8.15399885178	-1
8.15399885178	-1
8.18333792686	-1
8.18333792686	-1
8.18333792686	-1
8.18333792686	-1
8.18333792686	-1
8.18333792686	-1
8.19705581665	-1
8.2199318409	-1
8.2199318409	-1
8.2199318409	-1
8.2199318409	-1
8.2199318409	-1
8.2199318409	-1
8.2199318409	-1
8.22758698463	-1
8.22758698463	-1
8.22758698463	-1
8.22758698463	-1
8.22758698463	-1
8.22758698463	-1
8.22758698463	-1
8.2556450367	-1
8.2556450367	-1
8.2556450367	-1
8.2556450367	-1
8.2556450367	-1
8.2556450367	-1
8.2556450367	-1
8.2556450367	-1
8.26902484894	1
8.28478288651	-1
8.28478288651	-1
8.28478288651	-1
8.28478288651	-1
8.28478288651	-1
8.28478288651	-1
8.28478288651	-1
8.28478288651	-1
8.29711484909	-1
8.32358384132	-1
8.32358384132	-1
8.32358384132	-1
8.32358384132	-1
8.32358384132	-1
8.32358384132	-1
8.32358384132	-1
8.32358384132	-1
8.34716200829	-1
8.34716200829	-1
8.35770893097	-1
8.35770893097	-1
8.35770893097	-1
8.35770893097	-1
8.35770893097	-1
8.35770893097	-1
8.35770893097	-1
8.37097883224	-1
8.37097883224	-1
8.37097883224	-1
8.37097883224	-1
8.37097883224	-1
8.37097883224	-1
8.37097883224	-1
8.39870691299	-1
8.39870691299	-1
8.39870691299	-1
8.39870691299	-1
8.39870691299	-1
8.39870691299	-1
8.39870691299	-1
8.39870691299	-1
8.39873981476	1
8.42911696434	-1
8.44758892059	-1
8.44758892059	-1
8.44758892059	-1
8.44758892059	-1
8.44758892059	-1
8.44758892059	-1
8.44758892059	-1
8.46511888504	-1
8.49977588654	-1
8.50214481354	-1
8.50214481354	-1
8.50214481354	-1
8.50214481354	-1
8.50214481354	-1
8.50214481354	-1
8.50214481354	-1
8.51973485947	-1
8.51973485947	-1
8.51973485947	-1
8.51973485947	-1
8.51973485947	-1
8.51973485947	-1
8.51973485947	-1
8.5197789669	1
8.5640308857	-1
8.5640308857	-1
8.5640308857	-1
8.5640308857	-1
8.5640308857	-1
8.5640308857	-1
8.5640308857	-1
8.5640308857	-1
8.5836930275	-1
8.5836930275	-1
8.5836930275	-1
8.5836930275	-1
8.5836930275	-1
8.5836930275	-1
8.5836930275	-1
8.61477804184	-1
8.6211938858	-1
8.6211938858	-1
8.6211938858	-1
8.6211938858	-1
8.6211938858	-1
8.6211938858	-1
8.6211938858	-1
8.65121483803	-1
8.65121483803	-1
8.65121483803	-1
8.65121483803	-1
8.65121483803	-1
8.65121483803	-1
8.65121483803	-1
8.65122485161	1
8.68715596199	-1
8.68715596199	-1
8.68715596199	-1
8.68715596199	-1
8.68715596199	-1
8.68715596199	-1
8.68715596199	-1
8.68715596199	-1
8.71098589897	-1
8.71098589897	-1
8.71098589897	-1
8.71098589897	-1
8.71098589897	-1
8.71098589897	-1
8.71098589897	-1
8.72976398468	-1
8.7430138588	-1
8.7430138588	-1
8.7430138588	-1
8.7430138588	-1
8.7430138588	-1
8.7430138588	-1
8.7430138588	-1
8.78549003601	-1
8.78549003601	-1
8.78549003601	-1
8.78549003601	-1
8.78549003601	-1
8.78549003601	-1
8.78549003601	-1
8.78549003601	-1
8.78552603722	1
8.78552603722	1
8.82572793961	-1
8.82572793961	-1
8.82572793961	-1
8.82572793961	-1
8.82572793961	-1
8.82572793961	-1
8.82572793961	-1
8.82572793961	-1
8.84346389771	-1
8.84346389771	-1
8.84346389771	-1
8.84346389771	-1
8.84346389771	-1
8.84346389771	-1
8.84346389771	-1
8.88222885132	-1
8.88222885132	-1
8.88222885132	-1
8.88222885132	-1
8.88222885132	-1
8.88222885132	-1
8.88222885132	-1
8.88222885132	-1
8.89773201942	-1
8.91294789314	-1
8.91294789314	-1
8.91294789314	-1
8.91294789314	-1
8.91294789314	-1
8.91294789314	-1
8.91294789314	-1
8.91298699379	1
8.91298699379	1
8.92957782745	-1
8.95667481422	-1
8.95667481422	-1
8.95667481422	-1
8.95667481422	-1
8.95667481422	-1
8.95667481422	-1
8.95667481422	-1
8.95667481422	-1
8.97306394577	-1
8.97306394577	-1
8.97306394577	-1
8.97306394577	-1
8.97306394577	-1
8.97306394577	-1
8.97306394577	-1
9.0045068264	-1
9.0045068264	-1
9.0045068264	-1
9.0045068264	-1
9.0045068264	-1
9.0045068264	-1
9.0045068264	-1
9.0045068264	-1
9.03225803375	-1
9.03225803375	-1
9.03225803375	-1
9.03225803375	-1
9.03225803375	-1
9.03225803375	-1
9.03225803375	-1
9.03225803375	-1
9.03229784966	1
9.06131386757	-1
9.06131386757	-1
9.07618498802	-1
9.07618498802	-1
9.07618498802	-1
9.07618498802	-1
9.07618498802	-1
9.07618498802	-1
9.07618498802	-1
9.09109187126	-1
9.09109187126	-1
9.09109187126	-1
9.09109187126	-1
9.09109187126	-1
9.09109187126	-1
9.09109187126	-1
9.13923501968	-1
9.13923501968	-1
9.13923501968	-1
9.13923501968	-1
9.13923501968	-1
9.13923501968	-1
9.13923501968	-1
9.13923501968	-1
9.13923501968	-1
9.15625095367	-1
9.15625095367	-1
9.15625095367	-1
9.15625095367	-1
9.15625095367	-1
9.15625095367	-1
9.15625095367	-1
9.15628385544	1
9.15628385544	1
9.16997385025	-1
9.16997385025	-1
9.16997385025	-1
9.16997385025	-1
9.16997385025	-1
9.16997385025	-1
9.16997385025	-1
9.19040203094	-1
9.19786381721	-1
9.19786381721	-1
9.19786381721	-1
9.19786381721	-1
9.19786381721	-1
9.19786381721	-1
9.19786381721	-1
9.23159599304	-1
9.23159599304	-1
9.23159599304	-1
9.23159599304	-1
9.23159599304	-1
9.23159599304	-1
9.23159599304	-1
9.23159599304	-1
9.25868988037	-1
9.25868988037	-1
9.27776098251	-1
9.27776098251	-1
9.27776098251	-1
9.27776098251	-1
9.27776098251	-1
9.27776098251	-1
9.27776098251	-1
9.27780199051	1
9.27780199051	1
9.29647183418	-1
9.29647183418	-1
9.29647183418	-1
9.29647183418	-1
9.29647183418	-1
9.29647183418	-1
9.29647183418	-1
9.33255791664	-1
9.33255791664	-1
9.33255791664	-1
9.33255791664	-1
9.33255791664	-1
9.33255791664	-1
9.33255791664	-1
9.33255791664	-1
9.35780382156	-1
9.3886859417	-1
9.3886859417	-1
9.3886859417	-1
9.3886859417	-1
9.3886859417	-1
9.3886859417	-1
9.3886859417	-1
9.44199299812	-1
9.50402283669	-1
9.50402283669	-1
9.50402283669	-1
9.50402283669	-1
9.50402283669	-1
9.50402283669	-1
9.50402283669	-1
9.50402283669	-1
9.52306699753	-1
9.52306699753	-1
9.52306699753	-1
9.52306699753	-1
9.52306699753	-1
9.52306699753	-1
9.52306699753	-1
9.55646800995	-1
9.55646800995	-1
9.55646800995	-1
9.55646800995	-1
9.55646800995	-1
9.55646800995	-1
9.55646800995	-1
9.55646800995	-1
9.58683681488	-1
9.58683681488	-1
9.58683681488	-1
9.58683681488	-1
9.58683681488	-1
9.58683681488	-1
9.58683681488	-1
9.58683681488	-1
9.59937691689	-1
9.62857604027	-1
9.62857604027	-1
9.62857604027	-1
9.62857604027	-1
9.62857604027	-1
9.62857604027	-1
9.62857604027	-1
9.62857604027	-1
9.64364790916	-1
9.64364790916	-1
9.64364790916	-1
9.64364790916	-1
9.64364790916	-1
9.64364790916	-1
9.64364790916	-1
9.64484786987	1
9.65660881996	-1
9.67242693901	-1
9.67242693901	-1
9.67242693901	-1
9.67242693901	-1
9.67242693901	-1
9.67242693901	-1
9.67242693901	-1
9.68722581863	-1
9.70008683205	-1
9.70008683205	-1
9.70008683205	-1
9.70008683205	-1
9.70008683205	-1
9.70008683205	-1
9.70008683205	-1
9.74394893646	-1
9.74394893646	-1
9.74394893646	-1
9.74394893646	-1
9.74394893646	-1
9.74394893646	-1
9.74394893646	-1
9.74394893646	-1
9.74394893646	-1
9.76004695892	-1
9.76004695892	-1
9.76004695892	-1
9.76004695892	-1
9.76004695892	-1
9.76004695892	-1
9.76004695892	-1
9.76008582115	1
9.77294683456	-1
9.7882668972	-1
9.7882668972	-1
9.7882668972	-1
9.7882668972	-1
9.7882668972	-1
9.7882668972	-1
9.7882668972	-1
9.80514097214	-1
9.8207449913	-1
9.8207449913	-1
9.8207449913	-1
9.8207449913	-1
9.8207449913	-1
9.8207449913	-1
9.8207449913	-1
9.84669184685	-1
9.84669184685	-1
9.84795188904	1
9.84795188904	1
9.84795188904	1
9.86010503769	-1
9.86010503769	-1
9.86010503769	-1
9.86010503769	-1
9.86010503769	-1
9.86010503769	-1
9.86010503769	-1
9.87255501747	-1
9.87255501747	-1
9.87255501747	-1
9.87255501747	-1
9.87255501747	-1
9.87255501747	-1
9.87255501747	-1
9.90636897087	-1
9.90636897087	-1
9.90636897087	-1
9.90636897087	-1
9.90636897087	-1
9.90636897087	-1
9.90636897087	-1
9.90636897087	-1
9.9309990406	-1
9.9392850399	-1
9.9392850399	-1
9.9392850399	-1
9.9392850399	-1
9.9392850399	-1
9.9392850399	-1
9.9392850399	-1
9.97747087479	-1
9.97747087479	-1
9.99500584602	-1
9.99500584602	-1
9.99500584602	-1
9.99500584602	-1
9.99500584602	-1
9.99500584602	-1
9.99500584602	-1
10.0128238201	-1
10.0128238201	-1
10.0128238201	-1
10.0128238201	-1
10.0128238201	-1
10.0128238201	-1
10.0128238201	-1
10.0475578308	-1
10.0475578308	-1
10.0475578308	-1
10.0475578308	-1
10.0475578308	-1
10.0475578308	-1
10.0475578308	-1
10.0475578308	-1
10.0489609241	1
10.0889058113	-1
10.0889058113	-1
10.0889058113	-1
10.0889058113	-1
10.0889058113	-1
10.0889058113	-1
10.0889058113	-1
10.0889058113	-1
10.1068229675	-1
10.159318924	-1
10.159318924	-1
10.159318924	-1
10.159318924	-1
10.159318924	-1
10.159318924	-1
10.159318924	-1
10.159318924	-1
10.1761229038	-1
10.1761229038	-1
10.1761229038	-1
10.1761229038	-1
10.1761229038	-1
10.1761229038	-1
10.1761229038	-1
10.1761598587	1
10.1904168129	-1
10.2080550194	-1
10.2080550194	-1
10.2080550194	-1
10.2080550194	-1
10.2080550194	-1
10.2080550194	-1
10.2080550194	-1
10.2402980328	-1
10.2402980328	-1
10.2402980328	-1
10.2402980328	-1
10.2402980328	-1
10.2402980328	-1
10.2402980328	-1
10.2402980328	-1
10.2719159126	-1
10.2719159126	-1
10.2912068367	-1
10.2912068367	-1
10.2912068367	-1
10.2912068367	-1
10.2912068367	-1
10.2912068367	-1
10.2912068367	-1
10.3068108559	-1
10.3068108559	-1
10.3068108559	-1
10.3068108559	-1
10.3068108559	-1
10.3068108559	-1
10.3068108559	-1
10.3228049278	-1
10.3296329975	-1
10.3296329975	-1
10.3296329975	-1
10.3296329975	-1
10.3296329975	-1
10.3296329975	-1
10.3296329975	-1
10.3639969826	-1
10.3639969826	-1
10.3639969826	-1
10.3639969826	-1
10.3639969826	-1
10.3639969826	-1
10.3639969826	-1
10.3639969826	-1
10.3875939846	-1
10.3875939846	-1
10.4131128788	-1
10.4131128788	-1
10.4131128788	-1
10.4291298389	-1
10.4291298389	-1
10.4291298389	-1
10.4291298389	-1
10.4291298389	-1
10.4291298389	-1
10.4291298389	-1
10.4440050125	-1
10.4440050125	-1
10.4440050125	-1
10.4440050125	-1
10.4440050125	-1
10.4457418919	1
10.4729688168	-1
10.4729688168	-1
10.4729688168	-1
10.4729688168	-1
10.4729688168	-1
10.4729688168	-1
10.4729688168	-1
10.4729688168	-1
10.4878280163	-1
10.4878280163	-1
10.4878280163	-1
10.4878280163	-1
10.5231468678	-1
10.5231468678	-1
10.5231468678	-1
10.5231468678	-1
10.5231468678	-1
10.5231468678	-1
10.5231468678	-1
10.5231468678	-1
10.5367808342	-1
10.5367808342	-1
10.5367808342	-1
10.5367808342	-1
10.5502979755	-1
10.5614778996	1
10.5637090206	-1
10.5637090206	-1
10.5637090206	-1
10.5637090206	-1
10.5637090206	-1
10.5637090206	-1
10.5637090206	-1
10.5737829208	-1
10.5737829208	-1
10.5737829208	-1
10.5737829208	-1
10.5934560299	-1
10.5934560299	-1
10.5934560299	-1
10.5934560299	-1
10.5934560299	-1
10.5934560299	-1
10.5934560299	-1
10.5934560299	-1
10.6032948494	-1
10.6032948494	-1
10.6032948494	-1
10.6032948494	-1
10.6032948494	-1
10.6032948494	-1
10.6032948494	-1
10.6247358322	-1
10.6247358322	-1
10.6247358322	-1
10.6247358322	-1
10.6247358322	-1
10.6247358322	-1
10.6247358322	-1
10.6247358322	-1
10.6380748749	-1
10.6380748749	-1
10.6380748749	-1
10.6380748749	-1
10.6380748749	-1
10.6380748749	-1
10.6380748749	-1
10.6439509392	-1
10.6532490253	-1
10.6532490253	-1
10.6532490253	-1
10.6532490253	-1
10.6532490253	-1
10.6532490253	-1
10.6532490253	-1
10.6733789444	-1
10.6734018326	-1
10.6734018326	-1
10.6734018326	-1
10.6954710484	-1
10.6954710484	-1
10.6954710484	-1
10.6954710484	-1
10.6954710484	-1
10.6954710484	-1
10.6954710484	-1
10.6954710484	-1
10.7073688507	-1
10.7073688507	-1
10.7073688507	-1
10.7073688507	-1
10.7073688507	-1
10.7073688507	-1
10.708562851	1
10.7309529781	-1
10.7309529781	-1
10.7309529781	-1
10.7309529781	-1
10.7309529781	-1
10.7309529781	-1
10.7309529781	-1
10.7309529781	-1
10.7483849525	-1
10.7483849525	-1
10.7483849525	-1
10.7576198578	-1
10.7576198578	-1
10.7576198578	-1
10.7576198578	-1
10.7576198578	-1
10.7576198578	-1
10.7911520004	-1
10.8077540398	-1
10.8077540398	-1
10.8077540398	-1
10.8077540398	-1
10.8077540398	-1
10.8077540398	-1
10.8077540398	-1
10.8077540398	-1
10.8178930283	-1
10.8178930283	-1
10.8178930283	-1
10.8178930283	-1
10.8178930283	-1
10.8178930283	-1
10.8178930283	-1
10.8178930283	-1
10.8265349865	-1
10.8265349865	-1
10.8265349865	-1
10.8265349865	-1
10.8265349865	-1
10.8265349865	-1
10.8265769482	1
10.844604969	-1
10.844604969	-1
10.844604969	-1
10.844604969	-1
10.844604969	-1
10.844604969	-1
10.844604969	-1
10.844604969	-1
10.8551018238	-1
10.8551018238	-1
10.8551018238	-1
10.8551018238	-1
10.8551018238	-1
10.8551018238	-1
10.8551018238	-1
10.8766729832	-1
10.8766729832	-1
10.8766729832	-1
10.8766729832	-1
10.8766729832	-1
10.8766729832	-1
10.8766729832	-1
10.8766729832	-1
10.8972890377	-1
10.8972890377	-1
10.8972890377	-1
10.8972890377	-1
10.8972890377	-1
10.8972890377	-1
10.8972890377	-1
10.8972890377	-1
10.9286599159	-1
10.9286599159	-1
10.9286599159	-1
10.9286599159	-1
10.9286599159	-1
10.9286599159	-1
10.9286599159	-1
10.9286599159	-1
10.9286599159	-1
10.9392008781	-1
10.9392008781	-1
10.9392008781	-1
10.9392008781	-1
10.9392008781	-1
10.9392008781	-1
10.9392008781	-1
10.9495258331	-1
10.9495379925	1
10.961206913	-1
10.961206913	-1
10.961206913	-1
10.961206913	-1
10.961206913	-1
10.961206913	-1
10.961206913	-1
10.9774270058	-1
10.9913270473	-1
10.9913270473	-1
10.9913270473	-1
10.9913270473	-1
10.9913270473	-1
10.9913270473	-1
10.9913270473	-1
11.0029158592	-1
11.0133368969	-1
11.0133368969	-1
11.0133368969	-1
11.0133368969	-1
11.0133368969	-1
11.0133368969	-1
11.0133368969	-1
11.0249519348	-1
11.0249519348	-1
11.0249519348	-1
11.0249519348	-1
11.0249519348	-1
11.0249519348	-1
11.0249519348	-1
11.0433058739	-1
11.0438170433	-1
11.0438170433	-1
11.0438170433	-1
11.0438170433	-1
11.0438170433	-1
11.0438170433	-1
11.0438170433	-1
11.0644938946	-1
11.0644938946	-1
11.0644938946	-1
11.0644938946	-1
11.0644938946	-1
11.0644938946	-1
11.0644938946	-1
11.0644938946	-1
11.0645148754	1
11.0645148754	1
11.0899968147	-1
11.0899968147	-1
11.1074440479	-1
11.1074440479	-1
11.1074440479	-1
11.1272258759	-1
11.1272258759	-1
11.1272258759	-1
11.1272258759	-1
11.1272258759	-1
11.1272258759	-1
11.1272258759	-1
11.1272258759	-1
11.1367230415	-1
11.1367230415	-1
11.1367230415	-1
11.1367230415	-1
11.1367230415	-1
11.1367230415	-1
11.1367230415	-1
11.1447718143	-1
11.1539449692	-1
11.1539449692	-1
11.1539449692	-1
11.1539449692	-1
11.1539449692	-1
11.1539449692	-1
11.1539449692	-1
11.1747689247	-1
11.1747689247	-1
11.1747689247	-1
11.1747689247	-1
11.1747689247	-1
11.1747689247	-1
11.1747689247	-1
11.1852369308	-1
11.1852369308	-1
11.1852538586	1
11.2125220299	-1
11.2125220299	-1
11.2125220299	-1
11.2125220299	-1
11.2125220299	-1
11.2125220299	-1
11.2125220299	-1
11.2125220299	-1
11.2259969711	-1
11.2259969711	-1
11.2259969711	-1
11.2259969711	-1
11.2259969711	-1
11.2259969711	-1
11.2259969711	-1
11.2399840355	-1
11.251513958	-1
11.251513958	-1
11.251513958	-1
11.251513958	-1
11.251513958	-1
11.251513958	-1
11.251513958	-1
11.2635958195	-1
11.2733838558	-1
11.2733838558	-1
11.2733838558	-1
11.2733838558	-1
11.2733838558	-1
11.2733838558	-1
11.2733838558	-1
11.284252882	-1
11.284252882	-1
11.284252882	-1
11.284252882	-1
11.284252882	-1
11.284252882	-1
11.284252882	-1
11.307543993	-1
11.307543993	-1
11.307543993	-1
11.307543993	-1
11.307543993	-1
11.307543993	-1
11.307543993	-1
11.307543993	-1
11.3089518547	1
11.3282468319	-1
11.3282468319	-1
11.3282468319	-1
11.3282468319	-1
11.3282468319	-1
11.3282468319	-1
11.3282468319	-1
11.3586750031	-1
11.3586750031	-1
11.3586750031	-1
11.3586750031	-1
11.3586750031	-1
11.3586750031	-1
11.3586750031	-1
11.3586750031	-1
11.3647119999	-1
11.3647119999	-1
11.3647119999	-1
11.3647119999	-1
11.3647119999	-1
11.3647119999	-1
11.3647119999	-1
11.3810038567	-1
11.3810038567	-1
11.3810038567	-1
11.3810038567	-1
11.4169509411	-1
11.4169509411	-1
11.4169509411	-1
11.4169509411	-1
11.4169509411	-1
11.4169509411	-1
11.4169509411	-1
11.4169509411	-1
11.4345629215	-1
11.4345908165	1
11.4345908165	1
11.4610190392	-1
11.4610190392	-1
11.4610190392	-1
11.4610190392	-1
11.4610190392	-1
11.4610190392	-1
11.4610190392	-1
11.4610190392	-1
11.4713499546	-1
11.4713499546	-1
11.4713499546	-1
11.4713499546	-1
11.4713499546	-1
11.4713499546	-1
11.4713499546	-1
11.4795980453	-1
11.4979410172	-1
11.4979410172	-1
11.4979410172	-1
11.5083508492	-1
11.5083508492	-1
11.5083508492	-1
11.5083508492	-1
11.5083508492	-1
11.5083508492	-1
11.5244479179	-1
11.5244479179	-1
11.5244479179	-1
11.5331039429	-1
11.5331039429	-1
11.5331039429	-1
11.5331039429	-1
11.5331039429	-1
11.5331039429	-1
11.5399880409	-1
11.5399880409	-1
11.5399880409	-1
11.5399880409	-1
11.5399880409	-1
11.5399880409	-1
11.5399880409	-1
11.5482490063	1
11.5482490063	1
11.5482490063	1
11.5487539768	-1
11.5498969555	1
11.5498969555	1
11.569685936	-1
11.569685936	-1
11.569685936	-1
11.569685936	-1
11.569685936	-1
11.569685936	-1
11.569685936	-1
11.569685936	-1
11.5908010006	-1
11.5908010006	-1
11.5908010006	-1
11.6257998943	-1
11.6257998943	-1
11.6325349808	-1
11.6325349808	-1
11.6325349808	-1
11.6325349808	-1
11.6325349808	-1
11.6325349808	-1
11.6446280479	1
11.6446280479	1
11.6446280479	1
11.6467440128	-1
11.6569850445	-1
11.6569850445	-1
11.6569850445	-1
11.6569850445	-1
11.6569850445	-1
11.6569850445	-1
11.6726739407	1
11.6726739407	1
11.6737759113	-1
11.6737759113	-1
11.6898388863	1
11.6898388863	1
11.6898388863	1
11.7045679092	-1
11.7045679092	-1
11.7045679092	-1
11.7045679092	-1
11.7045679092	-1
11.7045679092	-1
11.7045679092	-1
11.7046029568	1
11.7175400257	-1
11.7281990051	-1
11.7281990051	-1
11.7281990051	-1
11.7281990051	-1
11.7523288727	-1
11.7523288727	-1
11.7523288727	-1
11.7523288727	-1
11.7523288727	-1
11.7523288727	-1
11.7681729794	-1
11.7681729794	-1
11.7684140205	1
11.7684140205	1
11.7684140205	1
11.7851150036	-1
11.7851150036	-1
11.7851150036	-1
11.7851150036	-1
11.8569338322	1
11.9316518307	1
11.9316518307	1
11.9316518307	1
12.1766488552	-1
12.2209448814	-1
12.2209448814	-1
12.2209448814	-1
12.2209448814	-1
12.2209448814	-1
12.2360999584	-1
12.2360999584	-1
12.2972269058	-1
12.3201019764	-1
12.3201019764	-1
12.3201019764	-1
12.3201019764	-1
12.3201019764	-1
12.3201019764	-1
12.3201019764	-1
12.3211038113	1
12.3400290012	-1
12.3400290012	-1
12.3400290012	-1
12.3400290012	-1
12.3400290012	-1
12.3400290012	-1
12.3400290012	-1
12.4548919201	-1
12.456264019	1
12.5378708839	-1
12.5378708839	-1
12.5378708839	-1
12.5378708839	-1
12.5378708839	-1
12.5378708839	-1
12.5378708839	-1
12.5378708839	-1
12.5378708839	-1
12.5382199287	-1
12.5382199287	-1
12.5382199287	-1
12.5382199287	-1
12.5556049347	-1
12.5701868534	-1
12.5701868534	-1
12.5701868534	-1
12.5701868534	-1
12.5701868534	-1
12.5701868534	-1
12.5962378979	-1
12.5962378979	-1
12.5962378979	-1
12.6165008545	-1
12.6165008545	-1
12.6165008545	-1
12.6165008545	-1
12.6165008545	-1
12.6165008545	-1
12.638933897	-1
12.638933897	-1
12.638933897	-1
12.638933897	-1
12.638933897	-1
12.638933897	-1
12.638933897	-1
12.638933897	-1
12.6852958202	-1
12.749986887	-1
12.749986887	-1
12.749986887	-1
12.749986887	-1
12.749986887	-1
12.749986887	-1
12.749986887	-1
12.749986887	-1
12.750895977	1
12.7812600136	-1
12.7812600136	-1
12.7812600136	-1
12.7812600136	-1
12.7812600136	-1
12.7812600136	-1
12.7812600136	-1
12.7812600136	-1
12.8237929344	-1
12.8308990002	-1
12.8308990002	-1
12.8308990002	-1
12.8308990002	-1
12.8308990002	-1
12.9300608635	-1
12.9300608635	-1
12.9300608635	-1
12.9300608635	-1
12.9300608635	-1
12.9300608635	-1
12.9300608635	-1
12.9300608635	-1
12.9300940037	1
12.9420239925	-1
12.9420239925	-1
12.9420239925	-1
12.9420239925	-1
12.9420239925	-1
12.9420239925	-1
12.9420239925	-1
13.0531628132	-1
13.0531628132	-1
13.0531628132	-1
13.0531628132	-1
13.0531628132	-1
13.0531628132	-1
13.0531628132	-1
13.0531628132	-1
13.0531628132	-1
13.0532050133	1
13.0745358467	-1
13.0745358467	-1
13.0745358467	-1
13.0745358467	-1
13.0745358467	-1
13.0745358467	-1
13.0745358467	-1
13.0924539566	-1
13.1088979244	-1
13.1088979244	-1
13.1088979244	-1
13.1088979244	-1
13.1088979244	-1
13.1088979244	-1
13.1088979244	-1
13.1806778908	-1
13.1806778908	-1
13.1806778908	-1
13.1806778908	-1
13.1806778908	-1
13.1806778908	-1
13.1806778908	-1
13.1806778908	-1
13.2085268497	-1
13.2085268497	-1
13.2085268497	-1
13.2085268497	-1
13.2085268497	-1
13.2085268497	-1
13.2085268497	-1
13.2487039566	-1
13.2487039566	-1
13.2487039566	-1
13.2487039566	-1
13.2487039566	-1
13.2487039566	-1
13.2487039566	-1
13.2487039566	-1
13.2661139965	-1
13.3321568966	-1
13.3321568966	-1
13.340777874	-1
13.340777874	-1
13.340777874	-1
13.340777874	-1
13.340777874	-1
13.340777874	-1
13.340777874	-1
13.340777874	-1
13.3409469128	-1
13.3409469128	-1
13.3409469128	-1
13.3409469128	-1
13.3513448238	-1
13.3513448238	-1
13.3902239799	-1
13.3902239799	-1
13.3902239799	-1
13.3902239799	-1
13.3902239799	-1
13.3902239799	-1
13.3902239799	-1
13.3902239799	-1
13.3902239799	-1
13.3905818462	-1
13.3905818462	-1
13.3905818462	-1
13.3905818462	-1
13.3905818462	-1
13.3919830322	1
13.4535770416	-1
13.4535770416	-1
13.4718859196	-1
13.4718859196	-1
13.4718859196	-1
13.4849669933	-1
13.4849669933	-1
13.4849669933	-1
13.4849669933	-1
13.4849669933	-1
13.4994978905	-1
13.4994978905	-1
13.4994978905	-1
13.4994978905	-1
13.4994978905	-1
13.4994978905	-1
13.5246548653	-1
13.5246548653	-1
13.5246548653	-1
13.5246548653	-1
13.5246548653	-1
13.5246548653	-1
13.5246908665	1
13.5356109142	-1
13.5356109142	-1
13.5356109142	-1
13.5356109142	-1
13.5744190216	-1
13.5827629566	-1
13.5827629566	-1
13.5827629566	-1
13.5827629566	-1
13.5827629566	-1
13.5827629566	-1
13.5827629566	-1
13.614372015	-1
13.614372015	-1
13.614372015	-1
13.614372015	-1
13.614372015	-1
13.614372015	-1
13.614372015	-1
13.614372015	-1
13.6298959255	-1
13.6298959255	-1
13.6298959255	-1
13.6298959255	-1
13.6298959255	-1
13.6298959255	-1
13.6298959255	-1
13.6541008949	-1
13.6541008949	-1
13.6541008949	-1
13.6541008949	-1
13.6541008949	-1
13.6541008949	-1
13.6541008949	-1
13.6541008949	-1
13.6553590298	1
13.6753640175	-1
13.6753640175	-1
13.6753640175	-1
13.6753640175	-1
13.6753640175	-1
13.6753640175	-1
13.6753640175	-1
13.6753640175	-1
13.6994428635	-1
13.6994428635	-1
13.7094368935	-1
13.7094368935	-1
13.7094368935	-1
13.7094368935	-1
13.7094368935	-1
13.7094368935	-1
13.720676899	-1
13.720676899	-1
13.720676899	-1
13.720676899	-1
13.720676899	-1
13.720676899	-1
13.720676899	-1
13.7417268753	-1
13.7417268753	-1
13.7417268753	-1
13.7417268753	-1
13.7417268753	-1
13.7417268753	-1
13.7417268753	-1
13.7417268753	-1
13.7514770031	-1
13.7610399723	-1
13.7610399723	-1
13.7610399723	-1
13.7610399723	-1
13.7610399723	-1
13.7610399723	-1
13.7610399723	-1
13.7746899128	-1
13.7747299671	1
13.7747299671	1
13.7998378277	-1
13.7998378277	-1
13.7998378277	-1
13.7998378277	-1
13.7998378277	-1
13.7998378277	-1
13.7998378277	-1
13.7998378277	-1
13.8448808193	-1
13.8448808193	-1
13.8448808193	-1
13.8448808193	-1
13.8448808193	-1
13.8448808193	-1
13.8448808193	-1
13.8448808193	-1
13.8532428741	-1
13.8532428741	-1
13.8532428741	-1
13.8532428741	-1
13.8532428741	-1
13.8532428741	-1
13.8532428741	-1
13.8694319725	-1
13.8694319725	-1
13.8694319725	-1
13.8694319725	-1
13.8694319725	-1
13.8694319725	-1
13.8694319725	-1
13.8694319725	-1
13.8769898415	-1
13.8929619789	-1
13.8929619789	-1
13.8929619789	-1
13.8929619789	-1
13.8929619789	-1
13.8929619789	-1
13.8929619789	-1
13.8929619789	-1
13.9196038246	-1
13.9196038246	-1
13.9196038246	-1
13.9196038246	-1
13.9196038246	-1
13.9196038246	-1
13.9196038246	-1
13.9196038246	-1
13.948887825	-1
13.948887825	-1
13.948887825	-1
13.948887825	-1
13.948887825	-1
13.948887825	-1
13.948887825	-1
13.948887825	-1
13.9501919746	1
13.9592819214	-1
13.9592819214	-1
13.9592819214	-1
13.9592819214	-1
13.9592819214	-1
13.9592819214	-1
13.9592819214	-1
13.9688568115	-1
13.9841449261	-1
14.0132539272	-1
14.0132539272	-1
14.0132539272	-1
14.0132539272	-1
14.0132539272	-1
14.0132539272	-1
14.0132539272	-1
14.0132539272	-1
14.0132539272	-1
14.0136058331	-1
14.0136058331	-1
14.0136058331	-1
14.0136058331	-1
14.0136058331	-1
14.0603978634	-1
14.0603978634	-1
14.0603978634	-1
14.0603978634	-1
14.0603978634	-1
14.0603978634	-1
14.096118927	-1
14.096118927	-1
14.096118927	-1
14.096118927	-1
14.096118927	-1
14.096118927	-1
14.096118927	-1
14.096118927	-1
14.09613204	1
14.09613204	1
14.1079080105	-1
14.1079080105	-1
14.1079080105	-1
14.1687719822	-1
14.1687719822	-1
14.1687719822	-1
14.1696610451	1
14.1696610451	1
14.1696610451	1
14.2155640125	-1
14.2155640125	-1
14.2155640125	-1
14.2155640125	-1
14.2155640125	-1
14.2155640125	-1
14.2155640125	-1
14.2155640125	-1
14.2299799919	-1
14.2299799919	-1
14.2299799919	-1
14.2299799919	-1
14.2299799919	-1
14.2299799919	-1
14.2299799919	-1
14.2539048195	-1
14.2539048195	-1
14.2539048195	-1
14.2539048195	-1
14.2539048195	-1
14.2539048195	-1
14.2539048195	-1
14.2539048195	-1
14.2786388397	-1
14.2786388397	-1
14.2786388397	-1
14.2786388397	-1
14.2786388397	-1
14.2786388397	-1
14.2786388397	-1
14.2786388397	-1
14.2970459461	-1
14.2970459461	-1
14.3066909313	-1
14.3066909313	-1
14.3066909313	-1
14.3066909313	-1
14.3066909313	-1
14.3066909313	-1
14.3066909313	-1
14.3129370213	-1
14.3129370213	-1
14.3129370213	-1
14.3129370213	-1
14.3129370213	-1
14.3129370213	-1
14.3129370213	-1
14.3448028564	-1
14.344835043	1
14.344835043	1
14.3608398438	-1
14.3608398438	-1
14.3608398438	-1
14.3608398438	-1
14.3608398438	-1
14.3608398438	-1
14.3608398438	-1
14.3608398438	-1
14.3697879314	-1
14.3697879314	-1
14.3697879314	-1
14.3697879314	-1
14.3697879314	-1
14.3697879314	-1
14.3697879314	-1
14.3884038925	-1
14.3884038925	-1
14.4120268822	-1
14.4120268822	-1
14.4120268822	-1
14.4120268822	-1
14.4120268822	-1
14.4120268822	-1
14.4120268822	-1
14.4284119606	-1
14.4284119606	-1
14.4284119606	-1
14.4284119606	-1
14.4284119606	-1
14.4284119606	-1
14.4284119606	-1
14.4535050392	-1
14.4535050392	-1
14.4535050392	-1
14.4535050392	-1
14.4535050392	-1
14.4535050392	-1
14.4535050392	-1
14.4535050392	-1
14.4608049393	1
14.4730889797	-1
14.4730889797	-1
14.4730889797	-1
14.4730889797	-1
14.4730889797	-1
14.4730889797	-1
14.4730889797	-1
14.4730889797	-1
14.4856879711	-1
14.5136318207	-1
14.5136318207	-1
14.5136318207	-1
14.5136318207	-1
14.5136318207	-1
14.5136318207	-1
14.5136318207	-1
14.5136318207	-1
14.5244438648	-1
14.5244438648	-1
14.5244438648	-1
14.5244438648	-1
14.5244438648	-1
14.5244438648	-1
14.5244438648	-1
14.536012888	-1
14.5476438999	-1
14.5476438999	-1
14.5476438999	-1
14.5476438999	-1
14.5476438999	-1
14.5476438999	-1
14.5476438999	-1
14.5603189468	-1
14.5709898472	-1
14.5709898472	-1
14.5709898472	-1
14.5709898472	-1
14.5709898472	-1
14.5709898472	-1
14.5709898472	-1
14.575704813	1
14.575704813	1
14.604090929	-1
14.604090929	-1
14.604090929	-1
14.604090929	-1
14.604090929	-1
14.604090929	-1
14.604090929	-1
14.604090929	-1
14.604090929	-1
14.615434885	-1
14.615434885	-1
14.615434885	-1
14.615434885	-1
14.615434885	-1
14.615434885	-1
14.615434885	-1
14.625674963	-1
14.6366658211	-1
14.6366658211	-1
14.6366658211	-1
14.6366658211	-1
14.6366658211	-1
14.6366658211	-1
14.6366658211	-1
14.6490728855	-1
14.6594159603	-1
14.6594159603	-1
14.6594159603	-1
14.6594159603	-1
14.6594159603	-1
14.6594159603	-1
14.6594159603	-1
14.6715989113	-1
14.6905720234	-1
14.6945438385	-1
14.6945438385	-1
14.6945438385	-1
14.6945438385	-1
14.6945438385	-1
14.6945438385	-1
14.7168459892	-1
14.7168459892	-1
14.7168459892	-1
14.7168459892	-1
14.7168459892	-1
14.7168459892	-1
14.7168459892	-1
14.7168459892	-1
14.7180099487	1
14.7389428616	-1
14.7389428616	-1
14.7389428616	-1
14.7389428616	-1
14.7389428616	-1
14.7389428616	-1
14.7389428616	-1
14.7389428616	-1
14.759196043	-1
14.759196043	-1
14.759196043	-1
14.759196043	-1
14.759196043	-1
14.759196043	-1
14.759196043	-1
14.7714619637	-1
14.7714619637	-1
14.8054740429	-1
14.8252468109	-1
14.8252468109	-1
14.8252468109	-1
14.8252468109	-1
14.8252468109	-1
14.8252468109	-1
14.8252468109	-1
14.8341519833	-1
14.8341519833	-1
14.8341519833	-1
14.8341519833	-1
14.8341519833	-1
14.8341519833	-1
14.8341519833	-1
14.8353669643	1
14.8489658833	-1
14.8489658833	-1
14.8489658833	-1
14.8489658833	-1
14.8489658833	-1
14.855561018	-1
14.855561018	-1
14.855561018	-1
14.855561018	-1
14.8600029945	-1
14.8600029945	-1
14.8600029945	-1
14.8600029945	-1
14.8674168587	-1
14.8674168587	-1
14.8674168587	-1
14.8674168587	-1
14.8839929104	-1
14.8839929104	-1
14.8839929104	-1
14.8839929104	-1
14.8839929104	-1
14.8839929104	-1
14.8839929104	-1
14.8916099072	-1
14.9255268574	-1
14.9255268574	-1
14.9255268574	-1
14.9255268574	-1
14.9255268574	-1
14.9255268574	-1
14.9255268574	-1
14.9255268574	-1
14.9751579762	-1
14.9751579762	-1
14.9751579762	-1
14.9751579762	-1
14.9751579762	-1
14.9751579762	-1
14.9751579762	-1
14.9751579762	-1
14.9751918316	1
14.9751918316	1
15.0054638386	-1
15.0146379471	-1
15.0146379471	-1
15.0146379471	-1
15.0146379471	-1
15.0146379471	-1
15.0146379471	-1
15.0146379471	-1
15.0344510078	-1
15.0409359932	-1
15.0409359932	-1
15.0409359932	-1
15.0409359932	-1
15.0409359932	-1
15.0409359932	-1
15.0710139275	-1
15.0710139275	-1
15.0768659115	-1
15.0768659115	-1
15.0768659115	-1
15.0768659115	-1
15.0768659115	-1
15.0768659115	-1
15.0768659115	-1
15.0866940022	-1
15.0866940022	-1
15.0866940022	-1
15.0866940022	-1
15.0866940022	-1
15.0866940022	-1
15.0866940022	-1
15.090061903	1
15.1276128292	-1
15.1276128292	-1
15.1276128292	-1
15.1276128292	-1
15.1276128292	-1
15.1276128292	-1
15.1276128292	-1
15.1276128292	-1
15.1276128292	-1
15.1677260399	-1
15.1677260399	-1
15.1677260399	-1
15.1677260399	-1
15.1677260399	-1
15.1677260399	-1
15.1677260399	-1
15.1832239628	-1
15.1987659931	-1
15.1987659931	-1
15.2047438622	1
15.2139248848	-1
15.2139248848	-1
15.2139248848	-1
15.2139248848	-1
15.2139248848	-1
15.2139248848	-1
15.2232859135	-1
15.2232859135	-1
15.2232859135	-1
15.2232859135	-1
15.2232859135	-1
15.2232859135	-1
15.2329850197	-1
15.2329850197	-1
15.25553298	-1
15.25553298	-1
15.25553298	-1
15.25553298	-1
15.25553298	-1
15.25553298	-1
15.25553298	-1
15.25553298	-1
15.2766690254	-1
15.2766690254	-1
15.2766690254	-1
15.2766690254	-1
15.2766690254	-1
15.2766690254	-1
15.2766690254	-1
15.2875618935	-1
15.2971320152	-1
15.2971320152	-1
15.2971320152	-1
15.2971320152	-1
15.2971320152	-1
15.2971320152	-1
15.2971320152	-1
15.3159899712	-1
15.3159899712	-1
15.3159899712	-1
15.3159899712	-1
15.3159899712	-1
15.3159899712	-1
15.3159899712	-1
15.3159899712	-1
15.3195388317	1
15.3405258656	-1
15.3405258656	-1
15.3405258656	-1
15.3405258656	-1
15.3405258656	-1
15.3405258656	-1
15.3405258656	-1
15.3405258656	-1
15.3515598774	-1
15.3748040199	-1
15.3748040199	-1
15.3748040199	-1
15.3748040199	-1
15.3748040199	-1
15.3748040199	-1
15.3748040199	-1
15.3748040199	-1
15.3844079971	-1
15.3844079971	-1
15.3844079971	-1
15.3844079971	-1
15.3844079971	-1
15.3844079971	-1
15.3844079971	-1
15.3982098103	-1
15.429625988	-1
15.429625988	-1
15.429625988	-1
15.429625988	-1
15.429625988	-1
15.429625988	-1
15.429625988	-1
15.4344370365	1
15.4641399384	-1
15.4641399384	-1
15.4641399384	-1
15.4641399384	-1
15.4641399384	-1
15.4641399384	-1
15.4641399384	-1
15.4641399384	-1
15.478664875	-1
15.5143589973	-1
15.5143589973	-1
15.5143589973	-1
15.5143589973	-1
15.5143589973	-1
15.5143589973	-1
15.5143589973	-1
15.5143589973	-1
15.5275259018	-1
15.5275259018	-1
15.5275259018	-1
15.5275259018	-1
15.5275259018	-1
15.5275259018	-1
15.5275259018	-1
15.5432128906	-1
15.5499489307	1
15.5499489307	1
15.5558688641	-1
15.5558688641	-1
15.5558688641	-1
15.5558688641	-1
15.5558688641	-1
15.5558688641	-1
15.5558688641	-1
15.5848519802	-1
15.5848519802	-1
15.5848519802	-1
15.5848519802	-1
15.5848519802	-1
15.5848519802	-1
15.5848519802	-1
15.5848519802	-1
15.6207938194	-1
15.6207938194	-1
15.639731884	-1
15.639731884	-1
15.639731884	-1
15.639731884	-1
15.639731884	-1
15.639731884	-1
15.639731884	-1
15.6569340229	-1
15.6569340229	-1
15.6569340229	-1
15.6569340229	-1
15.6569340229	-1
15.6569340229	-1
15.6569340229	-1
15.6873500347	-1
15.6873500347	-1
15.6873500347	-1
15.6873500347	-1
15.6873500347	-1
15.6873500347	-1
15.6873500347	-1
15.6873500347	-1
15.7004890442	-1
15.7016808987	1
15.7109119892	-1
15.7109119892	-1
15.7109119892	-1
15.7109119892	-1
15.7109119892	-1
15.7109119892	-1
15.7206618786	-1
15.7206618786	-1
15.7393369675	-1
15.7393369675	-1
15.7648139	-1
15.7648139	-1
15.7648139	-1
15.7648139	-1
15.7764530182	-1
15.7764530182	-1
15.7764530182	-1
15.7764530182	-1
15.7764530182	-1
15.7764530182	-1
15.7858638763	-1
15.7858638763	-1
15.7858638763	-1
15.7858638763	-1
15.7858638763	-1
15.7858638763	-1
15.7858638763	-1
15.8047740459	-1
15.8047740459	-1
15.8047740459	-1
15.8047740459	-1
15.8047740459	-1
15.8047740459	-1
15.8047740459	-1
15.8047740459	-1
15.8243658543	-1
15.8243658543	-1
15.831900835	-1
15.831900835	-1
15.831900835	-1
15.831900835	-1
15.831900835	-1
15.831900835	-1
15.831900835	-1
15.8400318623	-1
15.8400318623	-1
15.8400318623	-1
15.8400318623	-1
15.8400318623	-1
15.8400318623	-1
15.8400318623	-1
15.8553700447	-1
15.8553700447	-1
15.8553700447	-1
15.8553700447	-1
15.8553700447	-1
15.8553700447	-1
15.8553700447	-1
15.8553700447	-1
15.8567090034	1
15.8708310127	-1
15.8708310127	-1
15.8708310127	-1
15.8708310127	-1
15.8708310127	-1
15.8708310127	-1
15.8708310127	-1
15.8708310127	-1
15.8960499763	-1
15.8960499763	-1
15.8960950375	-1
15.8960950375	-1
15.8960950375	-1
15.8960950375	-1
15.8960950375	-1
15.8960950375	-1
15.8960950375	-1
15.9068930149	-1
15.9068930149	-1
15.9068930149	-1
15.9068930149	-1
15.9068930149	-1
15.9068930149	-1
15.9371650219	-1
15.9371650219	-1
15.9371650219	-1
15.9371650219	-1
15.9371650219	-1
15.9371650219	-1
15.9371650219	-1
15.9371650219	-1
15.9656980038	-1
15.9656980038	-1
15.9656980038	-1
15.9656980038	-1
15.9656980038	-1
15.9656980038	-1
15.9656980038	-1
15.9656980038	-1
15.9919848442	-1
15.9919848442	-1
15.9919848442	-1
15.9920179844	1
16.0043640137	-1
16.0043640137	-1
16.0043640137	-1
16.0043640137	-1
16.0043640137	-1
16.0043640137	-1
16.0043640137	-1
16.0139148235	-1
16.0139148235	-1
16.0139148235	-1
16.0139148235	-1
16.0139148235	-1
16.0139148235	-1
16.0139148235	-1
16.0454039574	-1
16.0454039574	-1
16.0454039574	-1
16.0454039574	-1
16.0454039574	-1
16.0454039574	-1
16.0454039574	-1
16.0454039574	-1
16.0601358414	-1
16.0726959705	-1
16.0726959705	-1
16.0726959705	-1
16.0726959705	-1
16.0726959705	-1
16.0726959705	-1
16.0726959705	-1
16.0871119499	-1
16.1195750237	-1
16.1195750237	-1
16.1195750237	-1
16.1195750237	-1
16.1195750237	-1
16.1195750237	-1
16.1195750237	-1
16.1195750237	-1
16.1196169853	1
16.1342289448	-1
16.1342289448	-1
16.1342289448	-1
16.1342289448	-1
16.1342289448	-1
16.1342289448	-1
16.1342289448	-1
16.1617128849	-1
16.1617128849	-1
16.1617128849	-1
16.1617128849	-1
16.1617128849	-1
16.1617128849	-1
16.1617128849	-1
16.1617128849	-1
16.1710879803	-1
16.1956858635	-1
16.1956858635	-1
16.1956858635	-1
16.1956858635	-1
16.1956858635	-1
16.1956858635	-1
16.1956858635	-1
16.1956858635	-1
16.208493948	-1
16.208493948	-1
16.208493948	-1
16.208493948	-1
16.208493948	-1
16.208493948	-1
16.208493948	-1
16.219588995	-1
16.2317328453	-1
16.2317328453	-1
16.2317328453	-1
16.2317328453	-1
16.2317328453	-1
16.2317328453	-1
16.2317328453	-1
16.2424628735	-1
16.2424738407	1
16.2424738407	1
16.2710049152	-1
16.2710049152	-1
16.2710049152	-1
16.2710049152	-1
16.2710049152	-1
16.2710049152	-1
16.2710049152	-1
16.2710049152	-1
16.284332037	-1
16.284332037	-1
16.284332037	-1
16.284332037	-1
16.284332037	-1
16.284332037	-1
16.284332037	-1
16.3080370426	-1
16.3080370426	-1
16.3080370426	-1
16.3080370426	-1
16.3080370426	-1
16.3080370426	-1
16.3080370426	-1
16.3080370426	-1
16.3317518234	-1
16.3317518234	-1
16.3317518234	-1
16.3317518234	-1
16.3317518234	-1
16.3317518234	-1
16.3317518234	-1
16.3317518234	-1
16.3575689793	-1
16.3575689793	-1
16.3752679825	-1
16.3752679825	-1
16.3752679825	-1
16.3752679825	-1
16.3752679825	-1
16.3752679825	-1
16.3752679825	-1
16.3752858639	1
16.3893558979	-1
16.3893558979	-1
16.3893558979	-1
16.3893558979	-1
16.3893558979	-1
16.3893558979	-1
16.3893558979	-1
16.4350209236	-1
16.4350209236	-1
16.4350209236	-1
16.4350209236	-1
16.4350209236	-1
16.4350209236	-1
16.4350209236	-1
16.4350209236	-1
16.4463629723	-1
16.4463629723	-1
16.4463629723	-1
16.4463629723	-1
16.4463629723	-1
16.4463629723	-1
16.4463629723	-1
16.4792709351	-1
16.4792709351	-1
16.4792709351	-1
16.4792709351	-1
16.4792709351	-1
16.4792709351	-1
16.4792709351	-1
16.4792709351	-1
16.4792709351	-1
16.4902880192	-1
16.4902880192	-1
16.4902880192	-1
16.4902880192	-1
16.4902880192	-1
16.5016839504	1
16.5127680302	-1
16.5127680302	-1
16.5127680302	-1
16.5127680302	-1
16.5265278816	-1
16.5265278816	-1
16.5265278816	-1
16.5265278816	-1
16.5265278816	-1
16.5265278816	-1
16.5265278816	-1
16.5381679535	-1
16.5381679535	-1
16.5381679535	-1
16.5381679535	-1
16.5381679535	-1
16.5381679535	-1
16.5870318413	-1
16.5870318413	-1
16.5870318413	-1
16.5883159637	1
16.5883159637	1
16.5883159637	1
16.6026208401	-1
16.6026208401	-1
16.6026208401	-1
16.6026208401	-1
16.6026208401	-1
16.6026208401	-1
16.6026208401	-1
16.6152148247	-1
16.6152148247	-1
16.6152148247	-1
16.6152148247	-1
16.6152148247	-1
16.6152148247	-1
16.6152148247	-1
16.6801478863	-1
16.6801478863	-1
16.6801478863	-1
16.6884608269	-1
16.6884608269	-1
16.6884608269	-1
16.6884608269	-1
16.6884608269	-1
16.6884608269	-1
16.6884608269	-1
16.6884608269	-1
16.6887669563	-1
16.6887669563	-1
16.6887669563	-1
16.710682869	-1
16.710682869	-1
16.710682869	-1
16.710682869	-1
16.710682869	-1
16.710682869	-1
16.710682869	-1
16.710682869	-1
16.710682869	-1
16.7312948704	-1
16.7313308716	1
16.7320048809	-1
16.7320048809	-1
16.7320048809	-1
16.7320048809	-1
16.7320048809	-1
16.7408280373	-1
16.7408280373	-1
16.7408280373	-1
16.766340971	-1
16.7727639675	-1
16.7727639675	-1
16.7727639675	-1
16.7727639675	-1
16.7727639675	-1
16.7727639675	-1
16.7907509804	-1
16.7907509804	-1
16.7907509804	-1
16.7907509804	-1
16.7907509804	-1
16.7907509804	-1
16.7907509804	-1
16.8202018738	-1
16.8202018738	-1
16.8202018738	-1
16.8265089989	-1
16.8265089989	-1
16.8265089989	-1
16.8265089989	-1
16.8265089989	-1
16.8265089989	-1
16.8265089989	-1
16.8359489441	-1
16.8359489441	-1
16.8359489441	-1
16.8359489441	-1
16.8359489441	-1
16.8359489441	-1
16.8359489441	-1
16.8464720249	-1
16.8465118408	1
16.8648238182	-1
16.8648238182	-1
16.8648238182	-1
16.8822929859	-1
16.8822929859	-1
16.8822929859	-1
16.8822929859	-1
16.8822929859	-1
16.9000749588	-1
16.9000749588	-1
16.9000749588	-1
16.9000749588	-1
16.9000749588	-1
16.9000749588	-1
16.9152398109	-1
16.9152398109	-1
16.9152398109	-1
16.9152398109	-1
16.9152398109	-1
16.9152398109	-1
16.9379520416	-1
16.9379520416	-1
16.9379520416	-1
16.9379520416	-1
16.9379520416	-1
16.9379520416	-1
16.9379520416	-1
16.9440338612	-1
16.9440338612	-1
16.9440338612	-1
16.9440338612	-1
16.9440338612	-1
16.9440338612	-1
16.9566249847	1
16.9566249847	1
16.9566249847	1
16.961316824	-1
16.961316824	-1
16.9614229202	-1
16.9614229202	-1
16.96895504	-1
16.96895504	-1
16.96895504	-1
16.96895504	-1
16.96895504	-1
16.96895504	-1
16.9826779366	-1
16.9826779366	-1
16.9826779366	-1
16.9826779366	-1
16.9826779366	-1
16.9826779366	-1
16.9932849407	-1
16.9932849407	-1
17.0170099735	-1
17.0170099735	-1
17.0170099735	-1
17.0170099735	-1
17.0170099735	-1
17.0170099735	-1
17.0170099735	-1
17.0297079086	-1
17.0708448887	-1
17.0708448887	-1
17.0708448887	-1
17.0708448887	-1
17.0708448887	-1
17.0708448887	-1
17.0708448887	-1
17.0708448887	-1
17.0759539604	1
17.1100749969	-1
17.1100749969	-1
17.1100749969	-1
17.1205730438	-1
17.1205730438	-1
17.1205730438	-1
17.1205730438	-1
17.1205730438	-1
17.140668869	-1
17.140668869	-1
17.140668869	-1
17.140668869	-1
17.140668869	-1
17.140668869	-1
17.1895928383	1
17.1895928383	1
17.1895928383	1
17.1908299923	-1
17.1951858997	1
17.1951858997	1
17.1951858997	1
17.1951858997	1
17.1951858997	1
17.1951858997	1
17.1951858997	1
17.1993348598	1
17.2021260262	-1
17.2021260262	-1
17.2021260262	-1
17.2021260262	-1
17.2021260262	-1
17.2134709358	-1
17.2134709358	-1
17.2134709358	-1
17.2134709358	-1
17.2134709358	-1
17.2134709358	-1
17.2134709358	-1
17.2227909565	-1
17.2227909565	-1
17.2227909565	-1
17.2227909565	-1
17.2227909565	-1
17.2227909565	-1
17.2227909565	-1
17.2338268757	-1
17.2467508316	-1
17.2467508316	-1
17.2467508316	-1
17.2467508316	-1
17.2467508316	-1
17.2467508316	-1
17.2467508316	-1
17.2572999001	-1
17.2683780193	-1
17.2683780193	-1
17.2683780193	-1
17.2683780193	-1
17.2683780193	-1
17.2683780193	-1
17.2683780193	-1
17.2806448936	-1
17.2915380001	-1
17.2915380001	-1
17.2915380001	-1
17.2915380001	-1
17.2915380001	-1
17.2915380001	-1
17.2915380001	-1
17.3033959866	-1
17.3033959866	-1
17.3033959866	-1
17.3033959866	-1
17.3056960106	1
17.3056960106	1
17.3322148323	-1
17.3322148323	-1
17.3322148323	-1
17.3322148323	-1
17.3322148323	-1
17.3322148323	-1
17.3322148323	-1
17.3516278267	-1
17.3517408371	-1
17.3517408371	-1
17.3517408371	-1
17.3517408371	-1
17.3517408371	-1
17.3607609272	-1
17.3607609272	-1
17.371286869	-1
17.371286869	-1
17.371286869	-1
17.371286869	-1
17.371286869	-1
17.371286869	-1
17.3724930286	1
17.3724930286	1
17.3724930286	1
17.3830218315	-1
17.3830218315	-1
17.3961689472	-1
17.3961689472	-1
17.4205930233	-1
17.4205930233	-1
17.4205930233	-1
17.4205930233	-1
17.4205930233	-1
17.4205930233	-1
17.4346840382	-1
17.4346840382	-1
17.4346840382	-1
17.4346840382	-1
17.4346840382	-1
17.4346840382	-1
17.4605398178	-1
17.4605398178	-1
17.4605398178	-1
17.4727618694	-1
17.4727618694	-1
17.4727618694	-1
17.4727618694	-1
17.4874060154	-1
17.4874060154	-1
17.4874060154	-1
17.4874060154	-1
17.4874060154	-1
17.4874060154	-1
17.4874060154	-1
17.5162138939	-1
17.5162138939	-1
17.5162138939	-1
17.5162138939	-1
17.5162138939	-1
17.5162138939	-1
17.5162138939	-1
17.5162138939	-1
17.535586834	-1
17.5355980396	1
17.5355980396	1
17.5381188393	-1
17.5381188393	-1
17.5381188393	-1
17.5381188393	-1
17.5381188393	-1
17.5381188393	-1
17.5556688309	-1
17.5556688309	-1
17.5556688309	-1
17.5628969669	-1
17.5628969669	-1
17.5628969669	-1
17.5628969669	-1
17.5628969669	-1
17.5628969669	-1
17.5846679211	-1
17.5846679211	-1
17.5846679211	-1
17.5846679211	-1
17.5846679211	-1
17.5846679211	-1
17.5846679211	-1
17.5846679211	-1
17.603219986	-1
17.603219986	-1
17.603219986	-1
17.603219986	-1
17.603219986	-1
17.603219986	-1
17.603219986	-1
17.603219986	-1
17.6229009628	-1
17.6229009628	-1
17.6229009628	-1
17.633384943	-1
17.633384943	-1
17.633384943	-1
17.633384943	-1
17.633384943	-1
17.6436808109	-1
17.6436808109	-1
17.6436808109	-1
17.6436808109	-1
17.6436808109	-1
17.6436808109	-1
17.6436808109	-1
17.650867939	1
17.650867939	1
17.6570599079	1
17.6570599079	1
17.6570599079	1
17.6570599079	1
17.664274931	-1
17.664274931	-1
17.664274931	-1
17.664274931	-1
17.664274931	-1
17.664274931	-1
17.664274931	-1
17.6737480164	-1
17.6737480164	-1
17.6884319782	-1
17.6884319782	-1
17.6884319782	-1
17.7085418701	-1
17.7085418701	-1
17.7085418701	-1
17.7085418701	-1
17.7085418701	-1
17.7085418701	-1
17.7085418701	-1
17.7085418701	-1
17.7193958759	-1
17.7193958759	-1
17.7193958759	-1
17.7193958759	-1
17.7193958759	-1
17.7193958759	-1
17.7193958759	-1
17.7285909653	-1
17.741189003	-1
17.741189003	-1
17.741189003	-1
17.741189003	-1
17.741189003	-1
17.741189003	-1
17.741189003	-1
17.7551939487	-1
17.7657809258	1
17.7845599651	-1
17.7845599651	-1
17.7845599651	-1
17.7845599651	-1
17.7845599651	-1
17.7845599651	-1
17.7845599651	-1
17.7845599651	-1
17.7980768681	-1
17.7980768681	-1
17.7980768681	-1
17.7980768681	-1
17.7980768681	-1
17.7980768681	-1
17.7980768681	-1
17.8120360374	-1
17.8120360374	-1
17.8120360374	-1
17.8120360374	-1
17.8120360374	-1
17.8120360374	-1
17.8120360374	-1
17.8327879906	-1
17.8327879906	-1
17.8327879906	-1
17.8327879906	-1
17.8327879906	-1
17.8327879906	-1
17.8327879906	-1
17.8327879906	-1
17.8433749676	-1
17.8524749279	-1
17.8524749279	-1
17.8524749279	-1
17.8524749279	-1
17.8524749279	-1
17.8524749279	-1
17.8524749279	-1
17.8637080193	-1
17.8807668686	-1
17.8808069229	1
17.8808069229	1
17.883633852	-1
17.883633852	-1
17.883633852	-1
17.883633852	-1
17.883633852	-1
17.883633852	-1
17.883633852	-1
17.8922858238	-1
17.8922858238	-1
17.8922858238	-1
17.8922858238	-1
17.8922858238	-1
17.8922858238	-1
17.8922858238	-1
17.9075939655	-1
17.9075939655	-1
17.9075939655	-1
17.9075939655	-1
17.9075939655	-1
17.9075939655	-1
17.9075939655	-1
17.9075939655	-1
17.9202318192	-1
17.9202318192	-1
17.9202318192	-1
17.9202318192	-1
17.9202318192	-1
17.9202318192	-1
17.9202318192	-1
17.9202318192	-1
17.9279708862	-1
17.943516016	-1
17.943516016	-1
17.943516016	-1
17.943516016	-1
17.943516016	-1
17.943516016	-1
17.943516016	-1
17.943516016	-1
17.9487569332	-1
17.9487569332	-1
17.9487569332	-1
17.9487569332	-1
17.9487569332	-1
17.9487569332	-1
17.9487569332	-1
17.9547588825	-1
17.9587519169	-1
17.9587519169	-1
17.9587519169	-1
17.9587519169	-1
17.9587519169	-1
17.9587519169	-1
17.9587519169	-1
17.9673538208	-1
17.9686119556	-1
17.9686119556	-1
17.9686119556	-1
17.9686119556	-1
17.9686119556	-1
17.9846558571	-1
17.9847049713	-1
17.9847049713	-1
17.9847049713	-1
17.9959189892	-1
17.9959189892	-1
17.9959189892	-1
17.9959189892	-1
17.9959189892	-1
17.9959189892	-1
17.9959189892	-1
17.9959568977	1
17.9959568977	1
17.9988050461	-1
17.9988050461	-1
17.9988050461	-1
17.9988050461	-1
17.9988050461	-1
17.9988050461	-1
17.9988050461	-1
18.0083289146	-1
18.0083289146	-1
18.0083289146	-1
18.0083289146	-1
18.0083289146	-1
18.0083289146	-1
18.0083289146	-1
18.0083289146	-1
18.0227258205	-1
18.0227258205	-1
18.0227258205	-1
18.0227258205	-1
18.0227258205	-1
18.0227258205	-1
18.0227258205	-1
18.0227258205	-1
18.0312478542	-1
18.0312478542	-1
18.037899971	-1
18.037899971	-1
18.037899971	-1
18.037899971	-1
18.037899971	-1
18.037899971	-1
18.037899971	-1
18.0508859158	-1
18.0508859158	-1
18.0508859158	-1
18.0508859158	-1
18.0508859158	-1
18.0508859158	-1
18.0508859158	-1
18.0586879253	-1
18.0586879253	-1
18.0586879253	-1
18.0586879253	-1
18.0586879253	-1
18.0586879253	-1
18.0586879253	-1
18.0586879253	-1
18.0651359558	-1
18.0651359558	-1
18.0651359558	-1
18.0651359558	-1
18.0651359558	-1
18.0651359558	-1
18.0651359558	-1
18.0735349655	-1
18.0875630379	-1
18.0875630379	-1
18.0875630379	-1
18.0875630379	-1
18.0875630379	-1
18.0875630379	-1
18.0875630379	-1
18.0875630379	-1
18.1033508778	-1
18.1033508778	-1
18.1033508778	-1
18.1033508778	-1
18.1033508778	-1
18.1033508778	-1
18.1033508778	-1
18.1033508778	-1
18.1110289097	1
18.1110289097	1
18.1189968586	-1
18.1189968586	-1
18.1189968586	-1
18.1189968586	-1
18.1189968586	-1
18.1189968586	-1
18.1189968586	-1
18.1189968586	-1
18.1243188381	-1
18.1307089329	-1
18.1307089329	-1
18.1307089329	-1
18.1307089329	-1
18.1307089329	-1
18.1307089329	-1
18.1307089329	-1
18.1367328167	-1
18.1466009617	-1
18.1466009617	-1
18.1466009617	-1
18.1466009617	-1
18.1466009617	-1
18.1466009617	-1
18.1466009617	-1
18.1466009617	-1
18.1507179737	-1
18.1507179737	-1
18.1507179737	-1
18.1507179737	-1
18.1507179737	-1
18.1507179737	-1
18.1507179737	-1
18.1558089256	-1
18.1607730389	-1
18.1607730389	-1
18.1607730389	-1
18.1607730389	-1
18.1607730389	-1
18.1607730389	-1
18.1607730389	-1
18.168184042	-1
18.180685997	-1
18.180685997	-1
18.180685997	-1
18.1936428547	-1
18.1936428547	-1
18.1936428547	-1
18.1936428547	-1
18.1936428547	-1
18.1936428547	-1
18.1936428547	-1
18.1936428547	-1
18.1989138126	-1
18.1989138126	-1
18.1989138126	-1
18.1989138126	-1
18.1989138126	-1
18.1989138126	-1
18.2047328949	-1
18.2047328949	-1
18.2058210373	1
18.2058210373	1
18.2058210373	1
18.2083539963	-1
18.2083539963	-1
18.2083539963	-1
18.2083539963	-1
18.2083539963	-1
18.2083539963	-1
18.2083539963	-1
18.2135939598	-1
18.2169950008	-1
18.2169950008	-1
18.2169950008	-1
18.2169950008	-1
18.2169950008	-1
18.2169950008	-1
18.2169950008	-1
18.2255120277	-1
18.2255120277	-1
18.2281138897	-1
18.2281138897	-1
18.2281138897	-1
18.2349669933	-1
18.2349669933	-1
18.2349669933	-1
18.2349669933	-1
18.2349669933	-1
18.2349669933	-1
18.2349669933	-1
18.2349669933	-1
18.2475688457	-1
18.2475688457	-1
18.2475688457	-1
18.2475688457	-1
18.2475688457	-1
18.2475688457	-1
18.2478070259	-1
18.2478070259	-1
18.2478070259	-1
18.2478070259	-1
18.2478070259	-1
18.2478070259	-1
18.2478070259	-1
18.2478070259	-1
18.259308815	-1
18.259308815	-1
18.259308815	-1
18.259308815	-1
18.259308815	-1
18.2595398426	-1
18.2595398426	-1
18.2595398426	-1
18.2595398426	-1
18.2595398426	-1
18.2596650124	-1
18.2596650124	-1
18.2596650124	-1
18.2596650124	-1
18.2596650124	-1
18.2596650124	-1
18.271324873	-1
18.271324873	-1
18.271324873	-1
18.271324873	-1
18.271324873	-1
18.2714378834	-1
18.2714378834	-1
18.2714378834	-1
18.2715599537	-1
18.2715599537	-1
18.2715599537	-1
18.2715599537	-1
18.2715599537	-1
18.2715599537	-1
18.2715599537	-1
18.2832369804	-1
18.2832369804	-1
18.2832369804	-1
18.2832369804	-1
18.2832369804	-1
18.2832369804	-1
18.2832369804	-1
18.2832369804	-1
18.3051419258	-1
18.3051419258	-1
18.3051788807	-1
18.3051788807	-1
18.3051788807	-1
18.3051788807	-1
18.3051788807	-1
18.3051788807	-1
18.3051788807	-1
18.3139009476	-1
18.3139009476	-1
18.3139009476	-1
18.3139009476	-1
18.3139009476	-1
18.3139009476	-1
18.3172898293	-1
18.3172898293	-1
18.3212430477	-1
18.3212430477	-1
18.3212430477	-1
18.3212430477	-1
18.3212430477	-1
18.3212430477	-1
18.3245398998	-1
18.3245398998	-1
18.3287990093	-1
18.3287990093	-1
18.3287990093	-1
18.3287990093	-1
18.3405969143	-1
18.3406348228	1
18.3406348228	1
18.3433279991	1
18.3433279991	1
18.3433279991	1
18.3441479206	-1
18.3441479206	-1
18.3441479206	-1
18.3441479206	-1
18.3537459373	-1
18.3537459373	-1
18.3587608337	-1
18.3587608337	-1
18.3587608337	-1
18.3587608337	-1
18.3597528934	1
18.3597528934	1
18.3630318642	-1
18.364828825	1
18.364828825	1
18.364828825	1
18.3876149654	-1
18.3876149654	-1
18.3876149654	-1
18.3876149654	-1
18.3876149654	-1
18.3876149654	-1
18.3876149654	-1
18.3876149654	-1
18.3876149654	-1
18.3890099525	1
18.3890099525	1
18.4087488651	-1
18.4087488651	-1
18.4087488651	-1
18.4087488651	-1
18.4087488651	-1
18.4087488651	-1
18.4087488651	-1
18.4288868904	-1
18.4288868904	-1
18.4288868904	-1
18.4288868904	-1
18.4288868904	-1
18.4288868904	-1
18.4288868904	-1
18.4288868904	-1
18.4355409145	-1
18.4454119205	-1
18.4454119205	-1
18.4454119205	-1
18.4454119205	-1
18.4454119205	-1
18.4454119205	-1
18.4454119205	-1
18.4549548626	-1
18.5675518513	-1
18.5675518513	-1
18.5675518513	-1
18.5675518513	-1
18.5675518513	-1
18.5675518513	-1
18.5675518513	-1
18.5675518513	-1
18.5704419613	1
18.5763239861	-1
18.5763239861	-1
18.5763239861	-1
18.5763239861	-1
18.5763239861	-1
18.5825288296	-1
18.6202130318	-1
18.6202130318	-1
18.6248600483	-1
18.6248600483	-1
18.6248600483	-1
18.6248600483	-1
18.6453390121	-1
18.6453390121	-1
18.6453390121	-1
18.6453390121	-1
18.6453390121	-1
18.6453390121	-1
18.6453390121	-1
18.6850290298	-1
18.6850290298	-1
18.6850290298	-1
18.6850290298	-1
18.6850290298	-1
18.6850290298	-1
18.6850290298	-1
18.6850290298	-1
18.6861739159	1
18.6861739159	1
18.7032308578	-1
18.7032308578	-1
18.7032308578	-1
18.7032308578	-1
18.7032308578	-1
18.7032308578	-1
18.7032308578	-1
18.7144520283	-1
18.7145650387	-1
18.7145650387	-1
18.7145650387	-1
18.7145650387	-1
18.7145650387	-1
18.7145650387	-1
18.7145650387	-1
18.7239489555	-1
18.7239489555	-1
18.7239489555	-1
18.7239489555	-1
18.7239489555	-1
18.7239489555	-1
18.7239489555	-1
18.7239489555	-1
18.7331318855	-1
18.7331318855	-1
18.7343759537	1
18.7343759537	1
18.7343759537	1
18.7372248173	-1
18.7372248173	-1
18.7372248173	-1
18.7372248173	-1
18.7372248173	-1
18.7408089638	-1
18.7408089638	-1
18.7408089638	-1
18.7408089638	-1
18.7408089638	-1
18.7408089638	-1
18.7408089638	-1
18.7815020084	-1
18.7853178978	-1
18.7853178978	-1
18.7853178978	-1
18.7853178978	-1
18.7853178978	-1
18.7853178978	-1
18.7853178978	-1
18.7853178978	-1
18.7902870178	-1
18.7902870178	-1
18.7902870178	-1
18.7902870178	-1
18.7902870178	-1
18.7902870178	-1
18.7902870178	-1
18.8003938198	-1
18.8003938198	-1
18.8034069538	-1
18.8034069538	-1
18.8034069538	-1
18.8034069538	-1
18.8034069538	-1
18.8034069538	-1
18.8034069538	-1
18.8239328861	-1
18.8239328861	-1
18.8239328861	-1
18.8239328861	-1
18.8239328861	-1
18.8239328861	-1
18.8239328861	-1
18.8239328861	-1
18.8564798832	-1
18.8564798832	-1
18.8564798832	-1
18.8564798832	-1
18.8564798832	-1
18.8564798832	-1
18.8564798832	-1
18.8564798832	-1
18.8648149967	-1
18.8648149967	-1
18.8648149967	-1
18.8648149967	-1
18.8648149967	-1
18.9157669544	1
19.0099239349	-1
19.0099239349	-1
19.0099239349	-1
19.0099239349	-1
19.0099239349	-1
19.0099239349	-1
19.0099239349	-1
19.0157840252	-1
19.0157840252	-1
19.0157840252	-1
19.0157840252	-1
19.0157840252	-1
19.0157840252	-1
19.023845911	-1
19.023845911	-1
19.0308258533	1
19.0516149998	-1
19.0516149998	-1
19.0516149998	-1
19.0516149998	-1
19.0516149998	-1
19.0516149998	-1
19.0516149998	-1
19.0516149998	-1
19.0593969822	-1
19.0593969822	-1
19.0593969822	-1
19.0593969822	-1
19.0593969822	-1
19.0593969822	-1
19.0593969822	-1
19.0881869793	-1
19.0881869793	-1
19.0945940018	-1
19.0945940018	-1
19.0945940018	-1
19.0945940018	-1
19.0945940018	-1
19.0945940018	-1
19.0945940018	-1
19.1072249413	-1
19.1072249413	-1
19.1072249413	-1
19.1072249413	-1
19.1072249413	-1
19.1072249413	-1
19.1072249413	-1
19.1094548702	1
19.1094548702	1
19.1094548702	1
19.1456320286	-1
19.2069239616	-1
19.2069239616	-1
19.2069239616	-1
19.2069239616	-1
19.2069239616	-1
19.2069239616	-1
19.2069239616	-1
19.2069239616	-1
19.2299818993	-1
19.2381529808	-1
19.2381529808	-1
19.2381529808	-1
19.2381529808	-1
19.2381529808	-1
19.2381529808	-1
19.2381529808	-1
19.2471249104	-1
19.260463953	-1
19.260463953	-1
19.260463953	-1
19.260463953	-1
19.260463953	-1
19.260463953	-1
19.260463953	-1
19.260586977	1
19.272785902	-1
19.272785902	-1
19.272785902	-1
19.272785902	-1
19.272785902	-1
19.272785902	-1
19.272785902	-1
19.2974610329	-1
19.2974610329	-1
19.2974610329	-1
19.2974610329	-1
19.2974610329	-1
19.2974610329	-1
19.2974610329	-1
19.3398928642	-1
19.3398928642	-1
19.3398928642	-1
19.3464260101	-1
19.3464260101	-1
19.3464260101	-1
19.3464260101	-1
19.3464260101	-1
19.3464260101	-1
19.3464260101	-1
19.3565609455	-1
19.3904750347	-1
19.3904750347	-1
19.3904750347	-1
19.3904750347	-1
19.3904750347	-1
19.3904750347	-1
19.3904750347	-1
19.3904750347	-1
19.4922628403	1
19.4950180054	-1
19.4950180054	-1
19.4950180054	-1
19.4950180054	-1
19.5651609898	-1
19.5651609898	-1
19.5651609898	-1
19.5651609898	-1
19.5671730042	1
19.5671730042	1
19.5671730042	1
19.5787780285	-1
19.5787780285	-1
19.5787780285	-1
19.5810580254	1
19.5810580254	1
19.5912718773	-1
19.5912718773	-1
19.5912718773	-1
19.5912718773	-1
19.6048848629	1
19.6048848629	1
19.6048848629	1
19.6048848629	1
19.6335070133	-1
19.6335070133	-1
19.6335070133	-1
19.6460809708	-1
19.6460809708	-1
19.6460809708	-1
19.6514189243	1
19.6514189243	1
19.6514189243	1
19.6724569798	-1
19.6724569798	-1
19.6724569798	-1
19.6724569798	-1
19.6724569798	-1
19.6724569798	-1
19.6724569798	-1
19.6724569798	-1
19.6843938828	-1
19.6843938828	-1
19.6843938828	-1
19.6843938828	-1
19.6843938828	-1
19.6843938828	-1
19.6843938828	-1
19.6991488934	-1
19.7144048214	-1
19.7144048214	-1
19.7144048214	-1
19.7144048214	-1
19.7144048214	-1
19.7144048214	-1
19.7144048214	-1
19.7267940044	-1
19.7398309708	-1
19.7398309708	-1
19.7398309708	-1
19.7398309708	-1
19.7398309708	-1
19.7398309708	-1
19.7398309708	-1
19.7485229969	1
19.7485229969	1
19.7721259594	-1
19.7721259594	-1
19.7721259594	-1
19.7721259594	-1
19.7721259594	-1
19.7721259594	-1
19.7721259594	-1
19.7721259594	-1
19.7721259594	-1
19.7825980186	-1
19.7825980186	-1
19.7825980186	-1
19.7825980186	-1
19.7825980186	-1
19.7825980186	-1
19.7825980186	-1
19.7963418961	-1
19.7963418961	-1
19.7963418961	-1
19.7963418961	-1
19.7963418961	-1
19.7963418961	-1
19.7963418961	-1
19.8232090473	-1
19.8232090473	-1
19.8232090473	-1
19.8232090473	-1
19.8232090473	-1
19.8920409679	-1
19.8920409679	-1
19.8920409679	-1
19.8920409679	-1
19.8920409679	-1
19.8920409679	-1
19.8920409679	-1
19.8920409679	-1
19.9036300182	-1
19.9036300182	-1
19.9036300182	-1
19.9036300182	-1
19.9036300182	-1
19.9036300182	-1
19.9036300182	-1
19.9127018452	-1
19.9127018452	-1
19.9127018452	-1
19.9127018452	-1
19.9127018452	-1
19.9127018452	-1
19.9127018452	-1
19.9322698116	-1
19.9322698116	-1
19.9322698116	-1
19.9322698116	-1
19.9322698116	-1
19.9322698116	-1
19.9322698116	-1
19.9322698116	-1
19.9456939697	-1
19.9641928673	-1
19.9641928673	-1
19.9641928673	-1
19.9641928673	-1
19.9641928673	-1
19.9641928673	-1
19.9641928673	-1
19.9641928673	-1
19.9744729996	-1
19.9744729996	-1
19.9744729996	-1
19.9744729996	-1
19.9744729996	-1
19.9744729996	-1
19.9744729996	-1
19.9861168861	-1
20.0008609295	-1
20.0008609295	-1
20.0008609295	-1
20.0008609295	-1
20.0008609295	-1
20.0008609295	-1
20.0008609295	-1
20.0081210136	1
20.0281488895	-1
20.0281488895	-1
20.0281488895	-1
20.0281488895	-1
20.0281488895	-1
20.0281488895	-1
20.0281488895	-1
20.0281488895	-1
20.0414898396	-1
20.1215019226	-1
20.1646158695	1
20.1791698933	-1
20.1791698933	-1
20.1791698933	-1
20.1791698933	-1
20.1791698933	-1
20.1791698933	-1
20.1791698933	-1
20.1791698933	-1
20.1911869049	-1
20.1911869049	-1
20.1911869049	-1
20.1911869049	-1
20.1911869049	-1
20.1911869049	-1
20.1911869049	-1
20.2118599415	-1
20.2118599415	-1
20.2118599415	-1
20.2118599415	-1
20.2118599415	-1
20.2118599415	-1
20.2118599415	-1
20.2118599415	-1
20.2339348793	-1
20.2339348793	-1
20.2339348793	-1
20.2339348793	-1
20.2339348793	-1
20.2339348793	-1
20.2339348793	-1
20.2339348793	-1
20.2677400112	-1
20.2677400112	-1
20.2677400112	-1
20.2677400112	-1
20.2677400112	-1
20.2677400112	-1
20.2677400112	-1
20.2677400112	-1
20.2677400112	-1
20.2840259075	-1
20.2840259075	-1
20.2840259075	-1
20.2840259075	-1
20.2840259075	-1
20.2840259075	-1
20.2840259075	-1
20.2851998806	1
20.2953238487	-1
20.3081228733	-1
20.3081228733	-1
20.3081228733	-1
20.3081228733	-1
20.3081228733	-1
20.3081228733	-1
20.3081228733	-1
20.319423914	-1
20.3321418762	-1
20.3321418762	-1
20.3321418762	-1
20.3321418762	-1
20.3321418762	-1
20.3321418762	-1
20.3321418762	-1
20.342361927	-1
20.3697898388	-1
20.3697898388	-1
20.3697898388	-1
20.3697898388	-1
20.3697898388	-1
20.3697898388	-1
20.3697898388	-1
20.3697898388	-1
20.3808488846	-1
20.394507885	-1
20.394507885	-1
20.394507885	-1
20.394507885	-1
20.394507885	-1
20.394507885	-1
20.394507885	-1
20.425205946	-1
20.425205946	-1
20.425205946	-1
20.425205946	-1
20.425205946	-1
20.425205946	-1
20.425205946	-1
20.425205946	-1
20.4406809807	-1
20.4406809807	-1
20.4406809807	-1
20.4406809807	-1
20.4406809807	-1
20.4406809807	-1
20.4406809807	-1
20.4420800209	1
20.4663670063	-1
20.482872963	-1
20.482872963	-1
20.482872963	-1
20.482872963	-1
20.482872963	-1
20.482872963	-1
20.482872963	-1
20.482872963	-1
20.501406908	-1
20.501406908	-1
20.501406908	-1
20.501406908	-1
20.5385689735	-1
20.5385689735	-1
20.5385689735	-1
20.5385689735	-1
20.5385689735	-1
20.5385689735	-1
20.5385689735	-1
20.5385689735	-1
20.5553328991	-1
20.5553328991	-1
20.5553328991	-1
20.5553328991	-1
20.5553328991	-1
20.5553328991	-1
20.5553328991	-1
20.5732400417	-1
20.5732560158	1
20.5867109299	-1
20.5867109299	-1
20.5867109299	-1
20.5867109299	-1
20.5867109299	-1
20.5867109299	-1
20.5867109299	-1
20.6300089359	-1
20.6300089359	-1
20.6300089359	-1
20.6300089359	-1
20.6300089359	-1
20.6300089359	-1
20.6300089359	-1
20.6300089359	-1
20.6300089359	-1
20.6525440216	1
20.6525440216	1
20.6525440216	1
20.6525440216	1
20.6525440216	1
20.6571810246	-1
20.6571810246	-1
20.6571810246	-1
20.6571810246	-1
20.6571810246	-1
20.6571810246	-1
20.6571810246	-1
20.6571810246	-1
20.6708190441	-1
20.6708190441	-1
20.6708190441	-1
20.6708190441	-1
20.6708190441	-1
20.6708190441	-1
20.6708190441	-1
20.6836998463	-1
20.6954138279	-1
20.6954138279	-1
20.6954138279	-1
20.6954138279	-1
20.6954138279	-1
20.6954138279	-1
20.6954138279	-1
20.7082929611	-1
20.7447879314	-1
20.7533249855	-1
20.7533249855	-1
20.7533249855	-1
20.7533249855	-1
20.7533249855	-1
20.7533249855	-1
20.7533249855	-1
20.820540905	-1
20.820540905	-1
20.8359208107	-1
20.8359208107	-1
20.8359208107	-1
20.8359208107	-1
20.8359208107	-1
20.8359208107	-1
20.8682169914	-1
20.878636837	-1
20.878636837	-1
20.878636837	-1
20.878636837	-1
20.878636837	-1
20.8972539902	-1
20.8972539902	-1
20.8983638287	1
20.9160728455	-1
20.9160728455	-1
20.9160728455	-1
20.9160728455	-1
20.9160728455	-1
20.9160728455	-1
20.9317610264	-1
20.9317610264	-1
20.9606149197	-1
20.9606149197	-1
20.9606149197	-1
20.9606149197	-1
20.9606149197	-1
20.9606149197	-1
20.9711818695	-1
20.9711818695	-1
21.0507400036	-1
21.0507400036	-1
21.0507400036	-1
21.0507400036	-1
21.0507400036	-1
21.0507400036	-1
21.0507400036	-1
21.050773859	1
21.0782458782	-1
21.0867409706	-1
21.0867409706	-1
21.0867409706	-1
21.0867409706	-1
21.0867409706	-1
21.0867409706	-1
21.1229908466	-1
21.1229908466	-1
21.1229908466	-1
21.1315670013	-1
21.1315670013	-1
21.1315670013	-1
21.1315670013	-1
21.1315670013	-1
21.1315670013	-1
21.1315670013	-1
21.16335392	-1
21.16335392	-1
21.16335392	-1
21.16335392	-1
21.16335392	-1
21.16335392	-1
21.16335392	-1
21.16335392	-1
21.2189819813	-1
21.2202548981	1
21.2493898869	-1
21.2597129345	-1
21.2597129345	-1
21.2597129345	-1
21.2597129345	-1
21.2597129345	-1
21.2597129345	-1
21.2721738815	-1
21.2721738815	-1
21.2721738815	-1
21.2721738815	-1
21.2721738815	-1
21.2721738815	-1
21.2721738815	-1
21.2850959301	-1
21.2971599102	-1
21.2971599102	-1
21.2971599102	-1
21.2971599102	-1
21.2971599102	-1
21.2971599102	-1
21.2971599102	-1
21.3109228611	-1
21.3223359585	-1
21.3223359585	-1
21.3223359585	-1
21.3223359585	-1
21.3223359585	-1
21.3223359585	-1
21.3223359585	-1
21.3481199741	-1
21.3481199741	-1
21.3621380329	-1
21.3621380329	-1
21.3621380329	-1
21.3621380329	-1
21.3621380329	-1
21.3621380329	-1
21.3621380329	-1
21.3737289906	-1
21.3737289906	-1
21.3737289906	-1
21.3737289906	-1
21.3737289906	-1
21.3737289906	-1
21.3980150223	-1
21.3980150223	-1
21.3980150223	-1
21.3980150223	-1
21.3980150223	-1
21.3980150223	-1
21.3980150223	-1
21.3980150223	-1
21.3980150223	-1
21.4363298416	-1
21.4363298416	-1
21.4363298416	-1
21.4363298416	-1
21.4363298416	-1
21.4363298416	-1
21.4363298416	-1
21.4363298416	-1
21.4377789497	1
21.4698560238	-1
21.4698560238	-1
21.4884738922	-1
21.4884738922	-1
21.4884738922	-1
21.4884738922	-1
21.4884738922	-1
21.4884738922	-1
21.4884738922	-1
21.510668993	-1
21.510668993	-1
21.510668993	-1
21.510668993	-1
21.510668993	-1
21.510668993	-1
21.510668993	-1
21.5568189621	-1
21.5568189621	-1
21.5568189621	-1
21.5568189621	-1
21.5568189621	-1
21.5568189621	-1
21.5568189621	-1
21.5568189621	-1
21.5568699837	1
21.5568699837	1
21.604020834	-1
21.6091098785	-1
21.6091098785	-1
21.6091098785	-1
21.6091098785	-1
21.6091098785	-1
21.6091098785	-1
21.6091098785	-1
21.6535899639	-1
21.6535899639	-1
21.668804884	-1
21.668804884	-1
21.668804884	-1
21.668804884	-1
21.668804884	-1
21.668804884	-1
21.6884438992	-1
21.6884438992	-1
21.6884438992	-1
21.6884438992	-1
21.6884438992	-1
21.6884438992	-1
21.6884438992	-1
21.7195088863	-1
21.7203118801	-1
21.7203118801	-1
21.7203118801	-1
21.7203118801	-1
21.7203118801	-1
21.7203118801	-1
21.7203118801	-1
21.7500648499	-1
21.7500648499	-1
21.7500648499	-1
21.7500648499	-1
21.7500648499	-1
21.7500648499	-1
21.7500648499	-1
21.7500648499	-1
21.7513918877	1
21.775498867	-1
21.775498867	-1
21.775498867	-1
21.7877030373	-1
21.7877030373	-1
21.7877030373	-1
21.7877030373	-1
21.7877030373	-1
21.7877030373	-1
21.7877030373	-1
21.7980840206	-1
21.7980840206	-1
21.7980840206	-1
21.7980840206	-1
21.7980840206	-1
21.7980840206	-1
21.7980840206	-1
21.813628912	-1
21.8241138458	-1
21.8241138458	-1
21.8241138458	-1
21.8241138458	-1
21.8241138458	-1
21.8241138458	-1
21.8241138458	-1
21.8538498878	-1
21.8538498878	-1
21.8538498878	-1
21.8538498878	-1
21.8538498878	-1
21.8538498878	-1
21.8538498878	-1
21.8538498878	-1
21.8673460484	-1
21.8673868179	1
21.8958938122	-1
21.8958938122	-1
21.8958938122	-1
21.8958938122	-1
21.8958938122	-1
21.8958938122	-1
21.8958938122	-1
21.8958938122	-1
21.9085788727	-1
21.9085788727	-1
21.9085788727	-1
21.9085788727	-1
21.9085788727	-1
21.9085788727	-1
21.9085788727	-1
21.9202439785	-1
21.9331250191	-1
21.9331250191	-1
21.9331250191	-1
21.9331250191	-1
21.9331250191	-1
21.9331250191	-1
21.9331250191	-1
21.9443659782	-1
21.9540350437	-1
21.9540350437	-1
21.9540350437	-1
21.9540350437	-1
21.9540350437	-1
21.9540350437	-1
21.9832789898	-1
21.9832789898	-1
21.9832789898	-1
22.0034680367	-1
22.0034680367	-1
22.0034680367	-1
22.0034680367	-1
22.0034680367	-1
22.0034680367	-1
22.0405130386	-1
22.0405130386	-1
22.0405130386	-1
22.0405130386	-1
22.0405130386	-1
22.0416948795	1
22.0578598976	-1
22.0578598976	-1
22.0578598976	-1
22.0578598976	-1
22.0731778145	-1
22.0731778145	-1
22.0731778145	-1
22.0731778145	-1
22.0731778145	-1
22.0731778145	-1
22.1199498177	-1
22.1199498177	-1
22.1199498177	-1
22.1300988197	-1
22.1300988197	-1
22.1300988197	-1
22.1300988197	-1
22.1300988197	-1
22.1300988197	-1
22.1300988197	-1
22.1300988197	-1
22.1399228573	-1
22.1399228573	-1
22.1399228573	-1
22.1399228573	-1
22.1399228573	-1
22.1399228573	-1
22.1672828197	-1
22.1672828197	-1
22.1672828197	-1
22.1672828197	-1
22.1806349754	-1
22.1806349754	-1
22.1806349754	-1
22.1806349754	-1
22.1806349754	-1
22.1940479279	-1
22.1940479279	-1
22.1940479279	-1
22.1940479279	-1
22.1940479279	-1
22.1940479279	-1
22.2458958626	-1
22.2458958626	-1
22.2458958626	-1
22.2572619915	-1
22.2572619915	-1
22.2572619915	-1
22.2572619915	-1
22.2572619915	-1
22.2572619915	-1
22.2572619915	-1
22.2578849792	1
22.2881319523	-1
22.326155901	-1
22.326155901	-1
22.326155901	-1
22.326155901	-1
22.326155901	-1
22.326155901	-1
22.326155901	-1
22.3370919228	-1
22.3370919228	-1
22.3370919228	-1
22.3370919228	-1
22.3370919228	-1
22.3370919228	-1
22.3370919228	-1
22.3979890347	-1
22.3979890347	-1
22.3979890347	-1
22.3979890347	-1
22.3979890347	-1
22.3979890347	-1
22.3979890347	-1
22.3979890347	-1
22.3979890347	-1
22.3979890347	-1
22.3980219364	1
22.398337841	-1
22.398337841	-1
22.398337841	-1
22.398337841	-1
22.398337841	-1
22.4516978264	-1
22.4516978264	-1
22.4516978264	-1
22.4700129032	-1
22.4700129032	-1
22.4700129032	-1
22.4700129032	-1
22.4700129032	-1
22.4700129032	-1
22.5299818516	-1
22.5299818516	-1
22.5432460308	-1
22.5432460308	-1
22.5432460308	-1
22.5432460308	-1
22.5432460308	-1
22.5432460308	-1
22.5432460308	-1
22.5571298599	-1
22.5571298599	-1
22.5571298599	-1
22.5571298599	-1
22.5571298599	-1
22.5571298599	-1
22.5571298599	-1
22.567606926	1
22.5846920013	-1
22.5846920013	-1
22.5846920013	-1
22.5991690159	-1
22.5991690159	-1
22.5991690159	-1
22.5991690159	-1
22.5991690159	-1
22.5991690159	-1
22.6400640011	-1
22.6400640011	-1
22.6506309509	-1
22.6506309509	-1
22.6506309509	-1
22.6506309509	-1
22.6506309509	-1
22.6506309509	-1
22.6642999649	-1
22.6642999649	-1
22.6642999649	-1
22.6642999649	-1
22.6642999649	-1
22.6642999649	-1
22.6642999649	-1
22.6768929958	-1
22.7199029922	-1
22.7199029922	-1
22.7199029922	-1
22.7199029922	-1
22.7199029922	-1
22.7199029922	-1
22.7199029922	-1
22.7199029922	-1
22.7536809444	-1
22.7646160126	-1
22.7646160126	-1
22.7646160126	-1
22.7646160126	-1
22.7646160126	-1
22.7646160126	-1
22.7646160126	-1
22.7751619816	-1
22.7763278484	1
22.8158769608	-1
22.8158769608	-1
22.8158769608	-1
22.8158769608	-1
22.8158769608	-1
22.8158769608	-1
22.8158769608	-1
22.8158769608	-1
22.8158769608	-1
22.8162248135	-1
22.8162248135	-1
22.8162248135	-1
22.8279600143	-1
22.8279600143	-1
22.8279600143	-1
22.8425679207	-1
22.8425679207	-1
22.8425679207	-1
22.8425679207	-1
22.8425679207	-1
22.8425679207	-1
22.8550310135	-1
22.8550310135	-1
22.9052639008	-1
22.9052639008	-1
22.9052639008	-1
22.9052639008	-1
22.9052639008	-1
22.9052639008	-1
22.9052639008	-1
22.9052639008	-1
22.9052970409	1
22.9308009148	-1
22.9346709251	-1
22.9346709251	-1
22.9346709251	-1
22.9346709251	-1
22.9346709251	-1
22.9346709251	-1
22.9972348213	-1
22.9972348213	-1
22.9973390102	-1
22.9973390102	-1
22.9973390102	-1
22.9973390102	-1
22.9973390102	-1
22.9973390102	-1
22.9973390102	-1
23.009542942	-1
23.009542942	-1
23.009542942	-1
23.009542942	-1
23.009542942	-1
23.009542942	-1
23.009542942	-1
23.0405468941	-1
23.0405468941	-1
23.0405468941	-1
23.0405468941	-1
23.0405468941	-1
23.0405468941	-1
23.0419130325	1
23.05813694	-1
23.05813694	-1
23.05813694	-1
23.1228718758	-1
23.1228718758	-1
23.1228718758	-1
23.1228718758	-1
23.1228718758	-1
23.1228718758	-1
23.1228718758	-1
23.1228718758	-1
23.1375129223	-1
23.1375129223	-1
23.1375129223	-1
23.1375129223	-1
23.1375129223	-1
23.1375129223	-1
23.1375129223	-1
23.1545708179	-1
23.2010178566	-1
23.2010178566	-1
23.2010178566	-1
23.2010178566	-1
23.2010178566	-1
23.2010178566	-1
23.2010178566	-1
23.2010178566	-1
23.2382678986	-1
23.2504940033	-1
23.2504940033	-1
23.2504940033	-1
23.2504940033	-1
23.2504940033	-1
23.2504940033	-1
23.2504940033	-1
23.2670588493	-1
23.2880270481	1
23.3285160065	-1
23.3285160065	-1
23.3285160065	-1
23.3285160065	-1
23.3285160065	-1
23.3285160065	-1
23.3285160065	-1
23.3285160065	-1
23.3285160065	-1
23.3435139656	-1
23.3435139656	-1
23.3435139656	-1
23.3435139656	-1
23.3435139656	-1
23.3435139656	-1
23.3646628857	-1
23.3646628857	-1
23.3646628857	-1
23.3646628857	-1
23.3646628857	-1
23.3646628857	-1
23.378608942	-1
23.378608942	-1
23.402810812	1
23.4482479095	-1
23.4482479095	-1
23.4482479095	-1
23.4482479095	-1
23.4482479095	-1
23.4482479095	-1
23.4482479095	-1
23.4482479095	-1
23.4482479095	-1
23.4652359486	-1
23.4652359486	-1
23.4652359486	-1
23.4652359486	-1
23.4652359486	-1
23.4652359486	-1
23.4652359486	-1
23.4892148972	-1
23.4892148972	-1
23.4892148972	-1
23.4892148972	-1
23.4892148972	-1
23.4892148972	-1
23.4892148972	-1
23.5176780224	-1
23.5270059109	-1
23.5270059109	-1
23.5270059109	-1
23.5270059109	-1
23.5270059109	-1
23.5270059109	-1
23.5270059109	-1
23.5611329079	-1
23.5611329079	-1
23.5611329079	-1
23.5611329079	-1
23.5611329079	-1
23.5611329079	-1
23.5611329079	-1
23.5611329079	-1
23.5931868553	-1
23.5931868553	-1
23.5944998264	1
23.6095068455	-1
23.6095068455	-1
23.6095068455	-1
23.6095068455	-1
23.6095068455	-1
23.6095068455	-1
23.6095068455	-1
23.623415947	-1
23.623415947	-1
23.623415947	-1
23.623415947	-1
23.623415947	-1
23.623415947	-1
23.623415947	-1
23.6417570114	-1
23.65366292	1
23.65366292	1
23.65366292	1
23.6536648273	-1
23.6536648273	-1
23.6536648273	-1
23.6536648273	-1
23.6536648273	-1
23.6536648273	-1
23.6536648273	-1
23.68232584	-1
23.68232584	-1
23.68232584	-1
23.68232584	-1
23.68232584	-1
23.68232584	-1
23.68232584	-1
23.68232584	-1
23.7093980312	-1
23.7093980312	-1
23.7203469276	-1
23.7203469276	-1
23.7203469276	-1
23.7203469276	-1
23.7203469276	-1
23.7203469276	-1
23.7203469276	-1
23.7325618267	-1
23.7325618267	-1
23.7325618267	-1
23.7325618267	-1
23.7325618267	-1
23.7325618267	-1
23.7325618267	-1
23.7565009594	-1
23.7565009594	-1
23.7565009594	-1
23.7565009594	-1
23.7565009594	-1
23.7565009594	-1
23.7565009594	-1
23.7812588215	-1
23.7812588215	-1
23.7812588215	-1
23.7812588215	-1
23.7812588215	-1
23.7812588215	-1
23.7812588215	-1
23.7914350033	-1
23.7914350033	-1
23.7914350033	-1
23.8037998676	-1
23.8311460018	-1
23.8311460018	-1
23.8311460018	-1
23.8311460018	-1
23.8311460018	-1
23.8311460018	-1
23.8311460018	-1
23.845705986	-1
23.845705986	-1
23.845705986	-1
23.845705986	-1
23.845705986	-1
23.8457379341	1
23.8457379341	1
23.8633158207	-1
23.8633158207	-1
23.8633158207	-1
23.8778779507	-1
23.8778779507	-1
23.8945879936	-1
23.8945879936	-1
23.8945879936	-1
23.8945879936	-1
23.8945879936	-1
23.8945879936	-1
23.908493042	-1
23.908493042	-1
23.908493042	-1
23.908493042	-1
23.908493042	-1
23.908493042	-1
23.9389629364	-1
23.9389629364	-1
23.9389629364	-1
23.9544739723	-1
23.9544739723	-1
23.9544739723	-1
23.9544739723	-1
23.9544739723	-1
23.9544739723	-1
23.9858398438	-1
23.9858398438	-1
23.9858398438	-1
23.9858398438	-1
23.9858398438	-1
23.9858398438	-1
23.9870438576	1
24.0057458878	-1
24.0057458878	-1
24.0057458878	-1
24.0281729698	-1
24.0281729698	-1
24.0281729698	-1
24.0281729698	-1
24.0281729698	-1
24.0281729698	-1
24.0612618923	-1
24.0612618923	-1
24.0612618923	-1
24.0612618923	-1
24.0731010437	-1
24.0731010437	-1
24.0731010437	-1
24.0731010437	-1
24.0731010437	-1
24.0731010437	-1
24.0878448486	-1
24.0999069214	-1
24.0999069214	-1
24.1137900352	-1
24.1137900352	-1
24.1137900352	-1
24.1137900352	-1
24.1137900352	-1
24.1407408714	-1
24.1407408714	-1
24.1407408714	-1
24.1414690018	1
24.1530299187	-1
24.1530299187	-1
24.1530299187	-1
24.1530299187	-1
24.1530299187	-1
24.1530299187	-1
24.1799988747	-1
24.1799988747	-1
24.1799988747	-1
24.1976108551	-1
24.1976108551	-1
24.2925438881	1
24.3804650307	-1
24.3804650307	-1
24.3804650307	-1
24.3804650307	-1
24.3804650307	-1
24.3804650307	-1
24.3804650307	-1
24.3804650307	-1
24.4075558186	-1
24.4219338894	-1
24.4219338894	-1
24.4219338894	-1
24.4219338894	-1
24.4368019104	-1
24.4368019104	-1
24.4368019104	-1
24.4368019104	-1
24.4368019104	-1
24.4368019104	-1
24.4368019104	-1
24.452903986	-1
24.452903986	-1
24.452903986	-1
24.452903986	-1
24.452903986	-1
24.452903986	-1
24.452903986	-1
24.4781270027	-1
24.4781270027	-1
24.4781270027	-1
24.4781270027	-1
24.4781270027	-1
24.4781270027	-1
24.4781270027	-1
24.4781270027	-1
24.4994409084	-1
24.4994409084	-1
24.4994409084	-1
24.4994409084	-1
24.4994409084	-1
24.4994409084	-1
24.4994409084	-1
24.4994409084	-1
24.5185699463	-1
24.5185699463	-1
24.5282819271	-1
24.5282819271	-1
24.5282819271	-1
24.5282819271	-1
24.5282819271	-1
24.5282819271	-1
24.577203989	-1
24.577203989	-1
24.5773060322	-1
24.5773060322	-1
24.5773060322	-1
24.5773060322	-1
24.5773060322	-1
24.5773060322	-1
24.5783858299	1
24.5852508545	-1
24.5852508545	-1
24.5852508545	-1
24.5852508545	-1
24.5852508545	-1
24.5852508545	-1
24.5915899277	-1
24.5915899277	-1
24.6066799164	-1
24.6066799164	-1
24.6066799164	-1
24.6066799164	-1
24.6066799164	-1
24.6066799164	-1
24.6066799164	-1
24.6066799164	-1
24.6225209236	-1
24.6225209236	-1
24.6225209236	-1
24.6225209236	-1
24.6225209236	-1
24.6225209236	-1
24.6225209236	-1
24.6225209236	-1
24.6307928562	-1
24.6372890472	-1
24.6372890472	-1
24.6372890472	-1
24.6372890472	-1
24.6372890472	-1
24.6372890472	-1
24.6372890472	-1
24.6741399765	-1
24.6741399765	-1
24.6779990196	-1
24.6779990196	-1
24.6779990196	-1
24.6779990196	-1
24.6779990196	-1
24.6779990196	-1
24.6779990196	-1
24.713465929	-1
24.7135000229	1
24.8297870159	-1
24.8297870159	-1
24.8297870159	-1
24.8297870159	-1
24.8297870159	-1
24.8297870159	-1
24.8297870159	-1
24.8297870159	-1
24.8298268318	1
24.8604838848	-1
24.8604838848	-1
24.8604838848	-1
24.8604838848	-1
24.8604838848	-1
24.8604838848	-1
24.8604838848	-1
24.9034459591	-1
24.9034459591	-1
24.9034459591	-1
24.9034459591	-1
24.9034459591	-1
24.9034459591	-1
24.9034459591	-1
24.9034459591	-1
24.9265489578	-1
24.9325678349	-1
24.9325678349	-1
24.9325678349	-1
24.9325678349	-1
24.9325678349	-1
24.9325678349	-1
24.9325678349	-1
24.9679238796	-1
24.9679238796	-1
24.9679238796	-1
24.9679238796	-1
24.9679238796	-1
24.9679238796	-1
25.0927560329	1
25.117305994	-1
25.117305994	-1
25.117305994	-1
25.2025399208	-1
25.3482849598	-1
25.5387330055	-1
25.7303960323	-1
25.9749319553	-1
25.9749319553	-1
26.0019509792	1
26.0021259785	1
26.0021259785	1
26.0021259785	1
26.0021259785	1
26.1164689064	1
26.253415823	1
26.3738958836	-1
26.678869009	-1
26.6805708408	1
26.7935268879	-1
26.8602919579	-1
26.8602919579	-1
26.8602919579	-1
26.8602919579	-1
26.9566528797	1
26.9660518169	1
26.9660518169	1
26.9660518169	1
26.9734578133	1
26.9734578133	1
26.9734578133	1
26.9838008881	1
26.9838008881	1
27.0612368584	-1
27.0625169277	1
27.0625169277	1
27.0713028908	1
27.1784579754	-1
27.2291448116	-1
27.2291448116	-1
27.2291448116	-1
27.2291448116	-1
27.2291448116	-1
27.2291448116	-1
27.263365984	1
27.3385100365	1
27.3385100365	1
27.3385100365	1
27.4535310268	-1
27.5461540222	-1
27.5461540222	-1
27.5461540222	-1
27.5477240086	1
27.5791759491	-1
27.5791759491	-1
27.5791759491	-1
27.5815219879	1
27.5815219879	1
27.5815219879	1
27.5815219879	1
27.5815219879	1
27.5815219879	1
27.5815219879	1
27.608178854	1
27.6350319386	-1
27.6350319386	-1
27.6350319386	-1
27.6369278431	1
27.6369278431	1
27.6369278431	1
27.6369278431	1
27.8273968697	1
28.0653698444	-1
28.0984239578	-1
28.0984239578	-1
28.0984239578	-1
28.0984239578	-1
28.0984239578	-1
28.0984239578	-1
28.0984239578	-1
28.1141688824	-1
28.1335690022	-1
28.1335690022	-1
28.1335690022	-1
28.1335690022	-1
28.1335690022	-1
28.1335690022	-1
28.1335690022	-1
28.1335690022	-1
28.2499918938	-1
28.2499918938	-1
28.2499918938	-1
28.2499918938	-1
28.2499918938	-1
28.2499918938	-1
28.2499918938	-1
28.2499918938	-1
28.2582368851	-1
28.2582368851	-1
28.2582368851	-1
28.2582368851	-1
28.2582368851	-1
28.2582368851	-1
28.2582368851	-1
28.2582368851	-1
28.3843119144	-1
28.3843119144	-1
28.3843119144	-1
28.3843119144	-1
28.3843119144	-1
28.3843119144	-1
28.3843119144	-1
28.3843119144	-1
28.3843119144	-1
28.4113509655	1
28.4455618858	-1
28.4455618858	-1
28.4455618858	-1
28.4455618858	-1
28.4455618858	-1
28.4455618858	-1
28.4455618858	-1
28.5655629635	-1
28.5655629635	-1
28.5655629635	-1
28.5655629635	-1
28.5655629635	-1
28.5655629635	-1
28.5655629635	-1
28.5655629635	-1
28.5783479214	-1
28.5783479214	-1
28.5783479214	-1
28.5783479214	-1
28.5783479214	-1
28.5783479214	-1
28.5783479214	-1
28.5783479214	-1
28.5795149803	1
28.7185778618	-1
28.7185778618	-1
28.7185778618	-1
28.7185778618	-1
28.7185778618	-1
28.7185778618	-1
28.7185778618	-1
28.7185778618	-1
28.7292468548	-1
28.7399058342	-1
28.7399058342	-1
28.7399058342	-1
28.7399058342	-1
28.7399058342	-1
28.7399058342	-1
28.7399058342	-1
28.8980100155	-1
28.8980100155	-1
28.8980100155	-1
28.8980100155	-1
28.8980100155	-1
28.8980100155	-1
28.8980100155	-1
28.8980100155	-1
28.9080049992	-1
28.9080049992	-1
28.9080049992	-1
28.9080049992	-1
28.9080049992	-1
28.9080049992	-1
28.9080049992	-1
28.9080049992	-1
29.0258820057	1
29.0627830029	-1
29.0627830029	-1
29.0627830029	-1
29.0627830029	-1
29.0627830029	-1
29.0627830029	-1
29.0627830029	-1
29.0627830029	-1
29.077423811	-1
29.0925438404	-1
29.0925438404	-1
29.0925438404	-1
29.0925438404	-1
29.0925438404	-1
29.0925438404	-1
29.0925438404	-1
29.1775288582	1
29.1775288582	1
29.2349059582	-1
29.2349059582	-1
29.2349059582	-1
29.2349059582	-1
29.2349059582	-1
29.2349059582	-1
29.2349059582	-1
29.2349059582	-1
29.2460448742	-1
29.2460448742	-1
29.2460448742	-1
29.2460448742	-1
29.2460448742	-1
29.3283388615	1
29.3283388615	1
29.3739759922	-1
29.3739759922	-1
29.4431869984	1
29.4431869984	1
29.4548048973	-1
29.4548048973	-1
29.4548048973	-1
29.4885129929	-1
29.4885129929	-1
29.4885129929	-1
29.4885129929	-1
29.4885129929	-1
29.4885129929	-1
29.5214459896	-1
29.5214459896	-1
29.5214459896	-1
29.5759840012	1
29.5759840012	1
29.5759840012	1
29.6028649807	-1
29.6028649807	-1
29.712954998	1
29.712954998	1
29.7186918259	-1
29.7186918259	-1
29.914896965	-1
29.914896965	-1
29.9313180447	1
30.0557718277	1
30.1086678505	-1
30.2083179951	1
30.2631590366	-1
30.2631590366	-1
30.3027088642	-1
30.3027088642	-1
30.3027088642	-1
30.4004528522	1
30.6603479385	1
30.6704978943	-1
30.7853248119	-1
30.8712718487	-1
30.8712718487	-1
30.8712718487	-1
30.8849928379	1
30.9036698341	-1
30.9036698341	-1
30.9036698341	-1
30.9036698341	-1
30.9036698341	-1
30.9036698341	-1
30.9664149284	-1
30.9664149284	-1
30.9664149284	-1
30.9664149284	-1
30.9664149284	-1
30.9664149284	-1
30.9664149284	-1
30.9664149284	-1
31.0009589195	1
31.0044589043	-1
31.0044589043	-1
31.0044589043	-1
31.0044589043	-1
31.0044589043	-1
31.0044589043	-1
31.0709309578	-1
31.0709309578	-1
31.0709309578	-1
31.0709309578	-1
31.0709309578	-1
31.0709309578	-1
31.1524429321	1
31.1524429321	1
31.2522568703	-1
31.4237849712	-1
31.4619779587	-1
31.4619779587	-1
31.4619779587	-1
31.4619779587	-1
31.4619779587	-1
31.663164854	1
31.691726923	-1
31.7778890133	1
31.7785158157	-1
31.7785158157	-1
31.7785158157	-1
31.7785158157	-1
31.7785158157	-1
31.7785158157	-1
31.7785158157	-1
31.7785158157	-1
31.963837862	-1
31.9991519451	-1
31.9991519451	-1
31.9991519451	-1
31.9991519451	-1
31.9991519451	-1
31.9991519451	-1
31.9991519451	-1
32.0232958794	-1
32.0234019756	-1
32.0234019756	-1
32.0234019756	-1
32.0234019756	-1
32.139277935	1
32.1581838131	1
32.1581838131	1
32.1581838131	1
32.3903758526	-1
32.460395813	1
32.6562108994	1
32.7633929253	-1
32.7708468437	1
32.9291880131	-1
32.9323508739	1
33.0298609734	1
33.0298609734	1
33.0298609734	1
33.0298609734	1
33.0298609734	1
33.0298609734	1
33.0298609734	1
33.0298609734	1
33.030987978	1
33.033135891	1
33.033135891	1
33.033135891	1
33.033135891	1
33.0336148739	1
33.0336148739	1
33.0336148739	1
33.0336148739	1
33.0336148739	1
33.0336148739	1
33.0336148739	1
33.0336148739	1
33.0337250233	1
33.0337250233	1
33.0468988419	1
33.131747961	-1
33.5132238865	-1
