0.0	1
0.177273035049	1
0.316586017609	1
0.358992099762	-1
0.456340074539	1
0.897191047668	-1
0.900099039078	1
1.07077002525	-1
1.07220602036	1
1.21177005768	-1
1.49744009972	-1
1.69545698166	-1
1.83520007133	-1
1.83520007133	-1
2.01209402084	-1
2.08174109459	-1
2.08174109459	-1
2.08174109459	-1
2.08174109459	-1
2.29208111763	-1
2.29208111763	-1
2.36393809319	-1
2.36393809319	-1
2.36393809319	-1
2.36393809319	-1
2.36393809319	-1
2.56544995308	-1
2.56544995308	-1
2.56544995308	-1
2.56544995308	-1
2.60532307625	-1
2.60532307625	-1
2.60532307625	-1
2.60532307625	-1
2.60532307625	-1
2.60532307625	-1
2.60532307625	-1
2.60532307625	-1
2.67017793655	-1
2.67017793655	-1
2.67017793655	-1
2.67017793655	-1
2.67017793655	-1
2.67017793655	-1
2.67017793655	-1
2.67017793655	-1
2.85011506081	-1
2.85011506081	-1
2.98634910583	-1
2.98634910583	-1
2.98634910583	-1
2.98634910583	-1
2.98634910583	-1
2.98634910583	-1
2.98634910583	-1
2.98634910583	-1
3.00817894936	-1
3.00817894936	-1
3.00817894936	-1
3.00817894936	-1
3.00817894936	-1
3.00817894936	-1
3.00817894936	-1
3.00817894936	-1
3.01266312599	-1
3.01266312599	-1
3.01266312599	-1
3.01266312599	-1
3.01266312599	-1
3.01266312599	-1
3.01266312599	-1
3.01266312599	-1
3.01381802559	1
3.11270308495	-1
3.11270308495	-1
3.11270308495	-1
3.11270308495	-1
3.11270308495	-1
3.11270308495	-1
3.11270308495	-1
3.11270308495	-1
3.12936592102	-1
3.12941408157	-1
3.12941408157	-1
3.12941408157	-1
3.12941408157	-1
3.12941408157	-1
3.12941408157	-1
3.14904499054	-1
3.14904499054	-1
3.14904499054	-1
3.14904499054	-1
3.14904499054	-1
3.14904499054	-1
3.14904499054	-1
3.14904499054	-1
3.18938493729	1
3.18938493729	1
3.26161408424	-1
3.26751494408	-1
3.26751494408	-1
3.26751494408	-1
3.26751494408	-1
3.26751494408	-1
3.26751494408	-1
3.26751494408	-1
3.27349305153	-1
3.27349305153	-1
3.27349305153	-1
3.27349305153	-1
3.27349305153	-1
3.27349305153	-1
3.27349305153	-1
3.27349305153	-1
3.27802109718	-1
3.32882595062	1
3.32882595062	1
3.40942192078	-1
3.4125430584	-1
3.4125430584	-1
3.4125430584	-1
3.4125430584	-1
3.43214201927	-1
3.43214201927	-1
3.43214201927	-1
3.43214201927	-1
3.43214201927	-1
3.43214201927	-1
3.43214201927	-1
3.43214201927	-1
3.51997590065	-1
3.51997590065	-1
3.51997590065	-1
3.51997590065	-1
3.51997590065	-1
3.51997590065	-1
3.51997590065	-1
3.51997590065	-1
3.52236890793	-1
3.52236890793	-1
3.52236890793	-1
3.53505396843	-1
3.53505396843	-1
3.53505396843	-1
3.53505396843	-1
3.53505396843	-1
3.53505396843	-1
3.54973006248	-1
3.54983401299	-1
3.54983401299	-1
3.54983401299	-1
3.54983401299	-1
3.54983401299	-1
3.54983401299	-1
3.54983401299	-1
3.57666802406	-1
3.57666802406	-1
3.57666802406	-1
3.57666802406	-1
3.57666802406	-1
3.57666802406	-1
3.57666802406	-1
3.57666802406	-1
3.58401298523	-1
3.58401298523	-1
3.58401298523	-1
3.58401298523	-1
3.58401298523	-1
3.58401298523	-1
3.58401298523	-1
3.58401298523	-1
3.65977501869	-1
3.65988707542	-1
3.65988707542	-1
3.65988707542	-1
3.65988707542	-1
3.65988707542	-1
3.65988707542	-1
3.65988707542	-1
3.66104507446	1
3.6749150753	-1
3.67667508125	-1
3.67667508125	-1
3.67667508125	-1
3.67667508125	-1
3.67667508125	-1
3.67667508125	-1
3.67667508125	-1
3.74342393875	-1
3.74342393875	-1
3.74342393875	-1
3.74342393875	-1
3.74342393875	-1
3.74342393875	-1
3.74342393875	-1
3.74342393875	-1
4.98745894432	-1
4.98885202408	1
4.99142694473	-1
4.99142694473	-1
4.99142694473	-1
4.99142694473	-1
4.99142694473	-1
4.99142694473	-1
4.99142694473	-1
5.00518703461	-1
5.00518703461	-1
5.00518703461	-1
5.00518703461	-1
5.00518703461	-1
5.00518703461	-1
5.00518703461	-1
5.00518703461	-1
5.12017607689	-1
5.12017607689	-1
5.13440704346	-1
5.13440704346	-1
5.13440704346	-1
5.1344499588	1
5.1470849514	-1
5.1470849514	-1
5.1470849514	-1
5.1470849514	-1
5.25504899025	-1
5.25998401642	-1
5.25998401642	-1
5.25998401642	-1
5.25998401642	-1
5.25998401642	-1
5.25998401642	-1
5.31325006485	1
5.31325006485	1
5.43736600876	-1
5.47717905045	-1
5.47717905045	-1
5.47717905045	-1
5.47717905045	-1
5.47717905045	-1
5.48633408546	-1
5.50245094299	-1
5.50245094299	-1
5.50245094299	-1
5.6974260807	-1
5.6974260807	-1
5.6974260807	-1
5.6974260807	-1
5.6974260807	-1
5.6974260807	-1
5.6974260807	-1
5.6974260807	-1
5.6974260807	-1
5.91671490669	-1
5.91810202599	1
6.0563158989	-1
6.1282351017	-1
6.1282351017	-1
6.1282351017	-1
6.1282351017	-1
6.1282351017	-1
6.29740095139	1
6.37387800217	-1
6.5775179863	-1
6.71449995041	-1
6.71449995041	-1
6.71449995041	-1
6.71449995041	-1
6.71449995041	-1
6.71449995041	-1
6.71449995041	-1
6.71449995041	-1
6.72193098068	-1
6.73327708244	-1
6.73327708244	-1
6.73851895332	-1
6.73851895332	-1
6.73851895332	-1
6.73851895332	-1
6.73851895332	-1
6.74361801147	-1
6.74460196495	1
6.74752902985	-1
6.74752902985	-1
6.74752902985	-1
6.74752902985	-1
6.79406189919	-1
6.94068408012	-1
6.94613194466	-1
6.94613194466	-1
6.94613194466	-1
6.94613194466	-1
6.94613194466	-1
6.94613194466	-1
6.96036410332	-1
6.96036410332	-1
6.96036410332	-1
6.96036410332	-1
6.98927092552	1
7.05201005936	-1
7.05946302414	-1
7.05946302414	-1
7.05946302414	-1
7.05946302414	-1
7.05946302414	-1
7.05946302414	-1
7.05946302414	-1
7.05946302414	-1
7.06308698654	-1
7.06308698654	-1
7.06308698654	-1
7.23627495766	-1
7.24905490875	-1
7.24905490875	-1
7.24905490875	-1
7.26818108559	-1
7.26818108559	-1
7.26818108559	-1
7.26818108559	-1
7.26818108559	-1
7.26818108559	-1
7.26818108559	-1
7.26818108559	-1
7.32693505287	-1
7.32693505287	-1
7.32693505287	-1
7.44669389725	-1
7.44669389725	-1
7.44669389725	-1
7.44669389725	-1
7.44669389725	-1
7.44756293297	1
7.45406293869	-1
7.48046302795	-1
7.48046302795	-1
7.48046302795	-1
7.48046302795	-1
7.48046302795	-1
7.48046302795	-1
7.48046302795	-1
7.54447603226	-1
7.54447603226	-1
7.54447603226	-1
7.54447603226	-1
7.58701705933	1
7.59159708023	-1
7.59159708023	-1
7.59408807755	-1
7.59408807755	-1
7.59408807755	-1
7.59408807755	-1
7.59408807755	-1
7.59408807755	-1
7.59408807755	-1
7.59408807755	-1
7.59718990326	-1
7.59718990326	-1
7.70284104347	-1
7.70284104347	-1
7.70284104347	-1
7.70284104347	-1
7.70284104347	-1
7.70284104347	-1
7.70284104347	-1
7.70284104347	-1
7.7064640522	-1
7.7064640522	-1
7.7064640522	-1
7.80898594856	1
7.95633506775	1
8.0346570015	-1
8.09550690651	1
8.2141289711	-1
10.0815389156	-1
10.0830140114	1
10.8192970753	-1
10.8221280575	1
10.941024065	-1
10.941024065	-1
10.941024065	-1
10.941024065	-1
10.965047121	1
11.1015379429	-1
11.1104290485	-1
11.1104290485	-1
11.1104290485	-1
11.1104290485	-1
11.1104719639	1
11.1880970001	-1
11.1880970001	-1
11.1897981167	-1
11.1897981167	-1
11.1897981167	-1
11.1897981167	-1
11.1897981167	-1
11.4479949474	-1
11.474822998	-1
11.474822998	-1
11.474822998	-1
11.474822998	-1
11.474822998	-1
11.474822998	-1
11.474822998	-1
11.474822998	-1
11.5041871071	-1
11.5131568909	-1
11.5131568909	-1
11.5131568909	-1
11.5131568909	-1
11.5380599499	-1
11.5503470898	-1
11.5503470898	-1
11.5876181126	-1
11.5876181126	-1
11.6900908947	-1
11.6900908947	-1
11.6900908947	-1
11.7281050682	1
11.8664340973	-1
11.9053359032	1
12.5729129314	-1
12.5759739876	1
12.6156070232	-1
12.6156070232	-1
12.6156070232	-1
12.6156070232	-1
12.6156070232	-1
12.6519320011	-1
12.7154591084	-1
12.8250119686	1
12.8898530006	-1
12.8898530006	-1
12.8898530006	-1
12.8898530006	-1
12.8898530006	-1
12.9883201122	-1
12.9883201122	-1
12.9883201122	-1
12.9883201122	-1
12.9883201122	-1
12.9930660725	-1
12.9930660725	-1
12.9930660725	-1
12.9930660725	-1
12.9930660725	-1
13.0221030712	-1
13.1572871208	-1
13.1572871208	-1
13.1572871208	-1
13.1631009579	-1
13.1631009579	-1
13.1631009579	-1
13.1631009579	-1
13.1631009579	-1
13.1631009579	-1
13.1631009579	-1
13.1912240982	1
13.329857111	-1
13.329857111	-1
13.4179439545	-1
13.4179439545	-1
13.4179439545	-1
13.4179439545	-1
13.4179439545	-1
13.4179439545	-1
13.4179439545	-1
13.4179439545	-1
13.4597740173	-1
13.4597740173	-1
13.4984829426	-1
13.5350739956	-1
13.5350739956	-1
13.5350739956	-1
13.5667760372	-1
13.5667760372	-1
13.5667760372	-1
13.5667760372	-1
13.5801479816	-1
13.5801479816	-1
13.5801479816	-1
13.5801479816	-1
13.5801479816	-1
13.599793911	-1
13.599793911	-1
13.5999109745	-1
13.5999109745	-1
13.5999109745	-1
13.5999109745	-1
13.5999109745	-1
13.5999109745	-1
13.5999109745	-1
13.6465229988	-1
13.6465229988	-1
13.6485340595	1
13.6816051006	-1
13.6816051006	-1
13.6816051006	-1
13.6816051006	-1
13.6816051006	-1
13.6816051006	-1
13.6816051006	-1
13.6816051006	-1
13.6817510128	-1
13.6817510128	-1
13.6817510128	-1
13.6817510128	-1
13.7206480503	-1
13.7206480503	-1
13.7207710743	-1
13.7207710743	-1
13.7207710743	-1
13.7207710743	-1
13.7207710743	-1
13.7207710743	-1
13.7207710743	-1
13.7210171223	-1
13.7210171223	-1
13.7384779453	-1
13.7384779453	-1
13.7384779453	-1
13.7384779453	-1
13.7550809383	-1
13.7550809383	-1
13.7550809383	-1
13.7550809383	-1
13.7550809383	-1
13.755261898	-1
13.7862479687	-1
13.7862479687	-1
13.7876079082	1
13.7876079082	1
13.7876079082	1
14.4289491177	-1
14.7788870335	-1
14.7801120281	-1
14.7801120281	-1
14.7801120281	-1
14.7801120281	-1
14.7801120281	-1
14.7801120281	-1
14.783862114	-1
14.783862114	-1
14.783862114	-1
14.783862114	-1
14.783862114	-1
14.783862114	-1
14.783862114	-1
14.783862114	-1
14.9415249825	-1
14.9415249825	-1
14.9415249825	-1
14.9415249825	-1
14.9415249825	-1
14.9415249825	-1
14.9415249825	-1
14.9415249825	-1
14.9456620216	-1
14.949203968	-1
14.949203968	-1
14.949203968	-1
14.949203968	-1
14.949203968	-1
14.949203968	-1
14.949203968	-1
14.9593451023	-1
14.9605259895	1
15.2305109501	-1
15.2305109501	-1
15.2305109501	-1
15.2305109501	-1
15.2305109501	-1
15.2305109501	-1
15.2305109501	-1
15.2349820137	1
15.2504060268	-1
15.2504060268	-1
15.2504060268	-1
15.2504060268	-1
15.2504060268	-1
15.2504060268	-1
15.2504060268	-1
15.2504060268	-1
15.2648470402	-1
15.2648470402	-1
15.2648470402	-1
15.2648470402	-1
15.2648470402	-1
15.2648470402	-1
15.2648470402	-1
15.2648470402	-1
15.4498479366	-1
15.4498479366	-1
15.4498479366	-1
15.4498479366	-1
15.4498479366	-1
15.4498479366	-1
15.4498479366	-1
15.4498479366	-1
15.4934470654	-1
15.4965770245	-1
15.4965770245	-1
15.4965770245	-1
15.4965770245	-1
15.4965770245	-1
15.4965770245	-1
15.5052199364	-1
15.5052199364	-1
15.5052199364	-1
15.5052199364	-1
16.1965789795	-1
16.5759530067	-1
16.5849459171	-1
16.5849459171	-1
16.5849459171	-1
16.5849459171	-1
16.5849459171	-1
16.5849459171	-1
16.6107809544	-1
16.6107809544	-1
16.6107809544	-1
16.8248510361	-1
16.8248510361	-1
16.8248510361	-1
16.8248510361	-1
16.8248510361	-1
16.8248510361	-1
16.8248510361	-1
16.8548879623	-1
16.8589279652	-1
16.8589279652	-1
16.8589279652	-1
16.8589279652	-1
16.8589279652	-1
16.8589279652	-1
16.8589279652	-1
17.0496299267	-1
17.0496299267	-1
17.0496299267	-1
17.0496299267	-1
17.0496299267	-1
17.0496299267	-1
17.0496299267	-1
17.0496299267	-1
17.0572149754	-1
17.0572149754	-1
17.0572149754	-1
17.0572149754	-1
17.0572149754	-1
17.0572149754	-1
17.0572149754	-1
17.0572149754	-1
17.0632591248	-1
17.13499403	-1
17.13499403	-1
17.13499403	-1
17.13499403	-1
17.13499403	-1
17.13499403	-1
17.13499403	-1
17.1364359856	1
17.3284950256	-1
17.3296840191	1
17.4863040447	-1
17.4951519966	-1
17.4951519966	-1
17.4951519966	-1
17.4951519966	-1
17.4951519966	-1
17.4951519966	-1
17.4951519966	-1
17.5048999786	-1
17.5048999786	-1
17.5048999786	-1
17.5048999786	-1
17.5048999786	-1
17.5048999786	-1
17.5048999786	-1
17.5060679913	1
17.5180048943	-1
17.5180048943	-1
17.5180048943	-1
17.5180048943	-1
17.5180048943	-1
17.5180048943	-1
17.5180048943	-1
17.617264986	-1
17.6256821156	-1
17.6256821156	-1
17.6256821156	-1
17.6256821156	-1
17.6256821156	-1
17.6256821156	-1
17.6256821156	-1
17.6256821156	-1
17.6259100437	-1
17.6853981018	-1
17.6853981018	-1
17.6853981018	-1
17.6853981018	-1
17.6853981018	-1
17.6853981018	-1
17.6853981018	-1
17.6853981018	-1
17.6854300499	1
17.6896419525	-1
17.6896419525	-1
17.6896419525	-1
17.6896419525	-1
17.6896419525	-1
17.6896419525	-1
17.6896419525	-1
17.7111060619	-1
17.7111060619	-1
17.7111060619	-1
17.7111060619	-1
17.7111060619	-1
17.7111060619	-1
17.7111060619	-1
17.7111060619	-1
17.7594079971	-1
17.7594079971	-1
17.7594079971	-1
17.7594079971	-1
17.7594079971	-1
17.7594079971	-1
17.7594079971	-1
17.7594079971	-1
17.765971899	-1
17.765971899	-1
17.7661669254	-1
17.7661669254	-1
17.7661669254	-1
17.7661669254	-1
17.7661669254	-1
17.7661669254	-1
17.7661669254	-1
17.7664120197	-1
17.7664120197	-1
17.7664120197	-1
17.7664120197	-1
17.7664120197	-1
17.7664120197	-1
17.7664120197	-1
17.825330019	-1
17.825330019	-1
17.825330019	-1
17.825330019	-1
17.825330019	-1
17.825330019	-1
17.825330019	-1
17.850661993	-1
17.8507649899	-1
17.8507649899	-1
17.8507649899	-1
17.8507649899	-1
17.8507649899	-1
17.8507649899	-1
17.8507649899	-1
17.8510150909	-1
17.8510150909	-1
17.9458870888	-1
17.9458870888	-1
17.9458870888	-1
17.9458870888	-1
17.9458870888	-1
17.9458870888	-1
17.9458870888	-1
17.9458870888	-1
17.9512319565	-1
17.9512319565	-1
17.9512319565	-1
17.9512319565	-1
17.9512319565	-1
17.9512319565	-1
17.9512319565	-1
17.9523670673	1
17.9557349682	-1
17.9557349682	-1
17.9557349682	-1
17.9557349682	-1
17.9557349682	-1
17.9557349682	-1
17.9557349682	-1
17.9908471107	-1
18.0050170422	1
18.0050170422	1
18.0050170422	1
18.0050170422	1
18.0244839191	-1
18.0244839191	-1
18.0244839191	-1
18.0244839191	-1
18.0244839191	-1
18.0244839191	-1
18.0244839191	-1
18.0244839191	-1
18.0319359303	-1
18.1355171204	1
18.1355171204	1
18.1355171204	1
18.2913770676	1
18.2915270329	-1
18.2975668907	-1
18.2975668907	-1
18.2975668907	-1
18.2975668907	-1
18.2975668907	-1
18.2975668907	-1
18.2975668907	-1
18.320827961	-1
18.320827961	-1
18.320827961	-1
18.320827961	-1
18.320827961	-1
18.320827961	-1
18.320827961	-1
18.320827961	-1
18.3357799053	-1
18.3357799053	-1
18.3357799053	-1
18.3357799053	-1
18.3357799053	-1
18.3357799053	-1
18.3357799053	-1
18.3357799053	-1
18.4300489426	-1
18.4300489426	-1
18.4300489426	-1
18.4300489426	-1
18.4300489426	-1
18.4300489426	-1
18.4300489426	-1
18.4300489426	-1
18.4371080399	1
18.4371080399	1
18.576695919	-1
19.58852005	-1
19.59040308	-1
19.59040308	-1
19.59040308	-1
19.59040308	-1
19.59040308	-1
19.59040308	-1
19.59040308	-1
19.59040308	-1
19.5932691097	-1
19.6040220261	-1
19.6040220261	-1
19.6040220261	-1
19.6040220261	-1
19.6040220261	-1
19.6040220261	-1
19.6040220261	-1
19.6040220261	-1
19.7280189991	-1
19.7316179276	1
20.3182349205	-1
20.3211159706	1
21.8483181	-1
22.1851959229	-1
22.1904940605	-1
22.1904940605	-1
22.1904940605	-1
22.1904940605	-1
22.1904940605	-1
22.3208091259	-1
22.5727500916	-1
22.5776860714	-1
22.5776860714	-1
22.5776860714	-1
22.5776860714	-1
22.5776860714	-1
25.9743349552	-1
25.9765191078	1
28.0009469986	1
28.0010550022	1
28.0010550022	1
28.0010550022	1
29.0003490448	1
