0.0	1
0.250263929367	1
0.556719779968	-1
0.558407783508	1
0.994961977005	-1
0.995764970779	1
0.997389793396	1
0.997389793396	1
0.997389793396	1
0.997389793396	1
0.997389793396	1
1.65868091583	-1
1.65999889374	1
1.93449878693	-1
1.93597483635	1
2.09486889839	-1
2.20835900307	-1
2.20835900307	-1
2.21020698547	1
2.36565899849	1
2.70289683342	-1
2.77412080765	-1
2.77412080765	-1
2.77412080765	-1
2.77412080765	-1
2.77412080765	-1
2.77412080765	-1
2.82882285118	1
2.89017081261	-1
2.89017081261	-1
2.97980999947	-1
2.97980999947	-1
2.97980999947	-1
2.97980999947	-1
3.01179599762	-1
3.01179599762	-1
3.01179599762	-1
3.01179599762	-1
3.01179599762	-1
3.03354287148	-1
3.07861590385	1
3.14848995209	-1
3.18348884583	-1
3.18348884583	-1
3.18348884583	-1
3.18348884583	-1
3.22149991989	-1
3.22149991989	-1
3.22149991989	-1
3.35749292374	-1
3.36480093002	-1
3.36480093002	-1
3.36480093002	-1
3.42262792587	1
3.42536783218	1
3.42536783218	1
3.42536783218	1
3.49924278259	1
3.50477600098	-1
3.50477600098	-1
3.50477600098	-1
3.50477600098	-1
3.50477600098	-1
3.57557988167	1
3.57557988167	1
3.57557988167	1
3.5766108036	1
3.5766108036	1
3.61348986626	1
3.68722391129	1
3.68722391129	1
3.71214199066	-1
3.8165409565	1
3.89045095444	1
3.95573782921	-1
3.9642188549	1
4.09736800194	-1
4.23488497734	-1
4.23579096794	-1
4.23579096794	-1
4.23579096794	-1
4.23579096794	-1
4.23625683784	1
4.25449299812	-1
4.25449299812	-1
4.28104281425	-1
4.28104281425	-1
4.28104281425	-1
4.28282785416	1
4.28282785416	1
4.28282785416	1
4.3121907711	1
4.3121907711	1
4.42011284828	-1
4.55643987656	-1
4.66814899445	-1
4.66814899445	-1
4.75676083565	-1
4.75676083565	-1
4.75676083565	-1
4.75676083565	-1
4.75676083565	-1
4.75676083565	-1
4.75676083565	-1
4.75676083565	-1
4.8023109436	1
4.95761799812	-1
4.95761799812	-1
4.95761799812	-1
4.95913791656	1
5.00334191322	-1
5.00334191322	-1
5.00334191322	-1
5.00334191322	-1
5.00334191322	-1
5.00334191322	-1
5.00334191322	-1
5.00334191322	-1
5.0333969593	1
5.05141496658	1
5.05141496658	1
5.05141496658	1
5.05192279816	1
5.05192279816	1
5.06257390976	-1
5.062707901	-1
5.062707901	-1
5.062707901	-1
5.062707901	-1
5.062707901	-1
5.062707901	-1
5.09950995445	-1
5.09950995445	-1
5.09950995445	-1
5.09950995445	-1
5.09950995445	-1
5.09950995445	-1
5.09950995445	-1
5.09950995445	-1
5.12726092339	1
5.12726092339	1
5.12726092339	1
5.12727594376	1
5.12727594376	1
5.12728381157	1
5.12728381157	1
5.14140892029	-1
5.14151477814	-1
5.14151477814	-1
5.14151477814	-1
5.14151477814	-1
5.14151477814	-1
5.17432785034	-1
5.17432785034	-1
5.17432785034	-1
5.17432785034	-1
5.17432785034	-1
5.17432785034	-1
5.17432785034	-1
5.25674700737	-1
5.25674700737	-1
5.25674700737	-1
5.25674700737	-1
5.25674700737	-1
5.25674700737	-1
5.25674700737	-1
5.25674700737	-1
5.31222391129	-1
5.31232690811	-1
5.31232690811	-1
5.31232690811	-1
5.31232690811	-1
5.31232690811	-1
5.31232690811	-1
5.31232690811	-1
5.31232690811	-1
5.31352496147	1
5.45012688637	-1
5.52401399612	-1
5.73524999619	-1
5.75605487823	-1
5.75605487823	-1
5.75605487823	-1
5.75605487823	-1
5.75605487823	-1
5.75605487823	-1
5.75605487823	-1
5.85525679588	-1
5.85525679588	-1
5.85525679588	-1
5.85537981987	-1
5.85537981987	-1
5.85537981987	-1
5.85537981987	-1
5.85537981987	-1
5.85537981987	-1
5.85562491417	-1
5.85562491417	-1
5.85562491417	-1
5.85562491417	-1
5.85562491417	-1
5.85562491417	-1
5.85562491417	-1
5.85562491417	-1
5.86526584625	1
5.89755487442	-1
5.89755487442	-1
5.89755487442	-1
5.89755487442	-1
5.89755487442	-1
5.89755487442	-1
5.89755487442	-1
5.89755487442	-1
5.89755487442	-1
5.91357493401	1
5.91357493401	1
5.91357493401	1
5.9393529892	1
5.95790195465	-1
5.95790195465	-1
5.95790195465	-1
5.95790195465	-1
5.95790195465	-1
5.95790195465	-1
5.95790195465	-1
5.95848989487	-1
5.95848989487	-1
5.95848989487	-1
5.95848989487	-1
5.95848989487	-1
5.95848989487	-1
5.95848989487	-1
5.95848989487	-1
5.996352911	-1
5.996352911	-1
5.996352911	-1
5.996352911	-1
5.996352911	-1
5.996352911	-1
5.996352911	-1
5.996352911	-1
6.0569088459	-1
6.05709385872	-1
6.05709385872	-1
6.05709385872	-1
6.05709385872	-1
6.05709385872	-1
6.05709385872	-1
6.05709385872	-1
6.05709385872	-1
6.05746197701	-1
6.05746197701	-1
6.05746197701	-1
6.05746197701	-1
6.05746197701	-1
6.05746197701	-1
6.05746197701	-1
6.10417079926	-1
6.10417079926	-1
6.10417079926	-1
6.10417079926	-1
6.10417079926	-1
6.10417079926	-1
6.10417079926	-1
6.10417079926	-1
6.10417079926	-1
6.1045229435	-1
6.1045229435	-1
6.10564184189	1
6.35497689247	-1
6.55849385262	-1
6.66506886482	-1
6.66506886482	-1
6.66506886482	-1
6.66506886482	-1
6.66506886482	-1
6.66506886482	-1
6.67395186424	1
6.74144887924	-1
6.74144887924	-1
6.74144887924	-1
6.74144887924	-1
6.74144887924	-1
6.74144887924	-1
6.74144887924	-1
6.74144887924	-1
6.74144887924	-1
6.76310491562	-1
6.76310491562	-1
6.76310491562	-1
6.76310491562	-1
6.76310491562	-1
6.76310491562	-1
6.76310491562	-1
6.7632818222	-1
6.763463974	-1
6.763463974	-1
6.763463974	-1
6.763463974	-1
6.763463974	-1
6.763463974	-1
6.763463974	-1
6.76379084587	-1
6.76379084587	-1
6.76379084587	-1
6.76379084587	-1
6.76379084587	-1
6.76379084587	-1
6.76379084587	-1
6.76379084587	-1
6.85740590096	-1
6.85740590096	-1
6.85740590096	-1
6.85740590096	-1
6.85740590096	-1
6.85740590096	-1
6.85740590096	-1
6.85740590096	-1
6.85740590096	-1
6.85804986954	-1
6.85804986954	-1
6.85804986954	-1
6.85804986954	-1
6.85804986954	-1
6.85804986954	-1
6.85804986954	-1
6.85831594467	-1
6.85843992233	-1
6.85843992233	-1
6.85843992233	-1
6.85843992233	-1
6.85843992233	-1
6.85843992233	-1
6.85843992233	-1
6.8970708847	-1
6.89755892754	-1
6.89755892754	-1
6.89755892754	-1
6.89755892754	-1
6.89755892754	-1
6.89755892754	-1
6.89755892754	-1
6.89837479591	1
6.90253996849	-1
6.90295982361	-1
6.90295982361	-1
6.90295982361	-1
6.90295982361	-1
6.90295982361	-1
6.90295982361	-1
6.90295982361	-1
6.90295982361	-1
7.10904192924	1
7.11749982834	1
7.11749982834	1
7.11749982834	1
7.11749982834	1
8.59512090683	-1
8.59518790245	-1
8.59518790245	-1
8.59518790245	-1
8.59518790245	-1
8.59518790245	-1
8.59518790245	-1
8.59518790245	-1
8.59518790245	-1
8.59542989731	-1
8.73114681244	1
8.73571896553	1
8.73571896553	1
8.73571896553	1
8.73690485954	1
8.73690485954	1
8.80505990982	1
8.80505990982	1
8.98139190674	1
9.05517697334	1
9.1289229393	1
9.26103496552	-1
9.360216856	-1
9.36079096794	-1
9.36079096794	-1
9.36079096794	-1
9.36079096794	-1
9.36079096794	-1
9.36079096794	-1
9.36079096794	-1
9.36079096794	-1
9.36103582382	-1
9.36103582382	-1
9.36103582382	-1
9.36103582382	-1
9.36103582382	-1
9.36103582382	-1
9.39494681358	-1
9.39494681358	-1
9.39494681358	-1
9.39494681358	-1
9.39494681358	-1
9.39494681358	-1
9.39623188972	1
9.4578359127	-1
9.4578359127	-1
9.4578359127	-1
9.4578359127	-1
9.4578359127	-1
9.4578359127	-1
9.4578359127	-1
9.45822882652	-1
9.45825982094	-1
9.45825982094	-1
9.45825982094	-1
9.45825982094	-1
9.45825982094	-1
9.45825982094	-1
9.45825982094	-1
9.45867800713	-1
9.45867800713	-1
9.45867800713	-1
9.45867800713	-1
9.45867800713	-1
9.45867800713	-1
9.45867800713	-1
9.45867800713	-1
9.510024786	1
9.53628897667	-1
9.53628897667	-1
9.53628897667	-1
9.53628897667	-1
9.53628897667	-1
9.53628897667	-1
9.53628897667	-1
9.53628897667	-1
9.53628897667	-1
9.56022882462	-1
9.56022882462	-1
9.56022882462	-1
9.56022882462	-1
9.56022882462	-1
9.56022882462	-1
9.56022882462	-1
9.61815690994	1
9.69786977768	-1
9.69815683365	-1
9.69815683365	-1
9.69815683365	-1
9.69815683365	-1
9.69815683365	-1
9.69815683365	-1
9.69815683365	-1
9.77460885048	1
9.89337778091	-1
9.89341592789	1
9.89341592789	1
10.0471658707	1
10.1167469025	1
10.1167469025	1
10.1167469025	1
10.1167469025	1
10.1167469025	1
10.1172299385	1
10.1208529472	1
10.2544958591	-1
10.2547459602	-1
10.2547459602	-1
10.2547459602	-1
10.2547459602	-1
10.2547459602	-1
10.2547459602	-1
10.2547459602	-1
10.2551348209	-1
10.2551348209	-1
10.2551348209	-1
10.2551348209	-1
10.2551348209	-1
10.2551348209	-1
10.2551348209	-1
10.2551348209	-1
10.2555029392	-1
10.2555029392	-1
10.2555029392	-1
10.2555029392	-1
10.2555029392	-1
10.2555029392	-1
10.2555029392	-1
10.2555029392	-1
10.3364059925	-1
10.3364059925	-1
10.3364059925	-1
10.3364059925	-1
10.3364059925	-1
10.3364059925	-1
10.3364059925	-1
10.3364059925	-1
10.3364059925	-1
10.3371379375	1
10.3563988209	-1
10.3563988209	-1
10.3563988209	-1
10.3563988209	-1
10.3563988209	-1
10.3563988209	-1
10.3563988209	-1
10.3567698002	-1
10.3568918705	-1
10.3568918705	-1
10.3568918705	-1
10.3568918705	-1
10.3568918705	-1
10.3568918705	-1
10.3568918705	-1
10.3571989536	-1
10.3572719097	-1
10.3572719097	-1
10.3572719097	-1
10.3572719097	-1
10.3572719097	-1
10.3572719097	-1
10.3572719097	-1
10.4107489586	1
10.4587888718	-1
10.4587888718	-1
10.4587888718	-1
10.4587888718	-1
10.4587888718	-1
10.4587888718	-1
10.4587888718	-1
10.4587888718	-1
10.4587888718	-1
10.4972908497	-1
10.4972908497	-1
10.4972908497	-1
10.4972908497	-1
10.4972908497	-1
10.4972908497	-1
10.5365109444	1
10.6504538059	1
10.6719748974	-1
10.7618348598	-1
10.7621908188	-1
10.7621908188	-1
10.7621908188	-1
10.7621908188	-1
10.7621908188	-1
10.7621908188	-1
10.7621908188	-1
10.7621908188	-1
10.76243186	-1
10.76243186	-1
10.76243186	-1
10.7712688446	1
10.8293318748	1
10.8293318748	1
10.8293318748	1
10.8360898495	-1
10.8845899105	1
10.9627928734	-1
10.9641008377	-1
10.9641008377	-1
10.9641008377	-1
10.9641008377	-1
10.9641008377	-1
11.3537819386	-1
11.3554229736	1
11.3629248142	-1
11.3629248142	-1
11.3629248142	-1
11.3629248142	-1
11.3629248142	-1
11.3629248142	-1
11.3629248142	-1
11.3629248142	-1
11.3629248142	-1
11.363273859	-1
11.363273859	-1
11.363273859	-1
11.363273859	-1
11.363273859	-1
11.363702774	-1
11.363702774	-1
11.363702774	-1
11.363702774	-1
11.363702774	-1
11.363702774	-1
11.363702774	-1
11.363702774	-1
11.4999659061	-1
11.4999659061	-1
11.4999659061	-1
11.5	1
11.6525537968	-1
11.6539418697	1
11.6574878693	-1
11.6574878693	-1
11.6574878693	-1
11.6574878693	-1
11.6574878693	-1
11.6574878693	-1
11.6574878693	-1
11.6577978134	-1
11.6579217911	-1
11.6579217911	-1
11.6579217911	-1
11.6579217911	-1
11.6579217911	-1
11.6579217911	-1
11.6579217911	-1
11.6582679749	-1
11.6582679749	-1
11.6582679749	-1
11.6582679749	-1
11.6582679749	-1
11.6582679749	-1
11.6582679749	-1
11.6582679749	-1
11.7567698956	-1
11.7567698956	-1
11.7567698956	-1
11.7567698956	-1
11.7567698956	-1
11.7567698956	-1
11.7567698956	-1
11.7567698956	-1
11.7567698956	-1
11.7571189404	-1
11.7571189404	-1
11.7571189404	-1
11.7571189404	-1
11.7571189404	-1
11.7571189404	-1
11.7571189404	-1
11.757791996	-1
11.757835865	-1
11.757835865	-1
11.757835865	-1
11.757835865	-1
11.757835865	-1
11.757835865	-1
11.757835865	-1
11.7580778599	-1
11.7580778599	-1
11.7580778599	-1
11.7580778599	-1
11.7580778599	-1
11.7580778599	-1
11.7580778599	-1
11.7580778599	-1
11.7592198849	1
11.7721729279	-1
11.7722737789	-1
11.7722737789	-1
11.7722737789	-1
11.7722737789	-1
11.7722737789	-1
11.7722737789	-1
11.7722737789	-1
11.8003098965	-1
11.8582189083	-1
11.8582189083	-1
11.8582189083	-1
11.8582189083	-1
11.8582189083	-1
11.8582189083	-1
11.8582189083	-1
11.8582189083	-1
11.8582189083	-1
11.8582518101	1
11.8585767746	-1
11.8585767746	-1
11.8585767746	-1
11.8585767746	-1
11.8585767746	-1
11.8585767746	-1
11.8588159084	-1
11.8588159084	-1
11.8588159084	-1
11.8588159084	-1
11.8588159084	-1
11.8588159084	-1
11.8588159084	-1
11.8588159084	-1
11.924795866	-1
11.924795866	-1
11.924795866	-1
11.924795866	-1
11.924795866	-1
11.924795866	-1
11.924795866	-1
11.924795866	-1
11.924795866	-1
11.934956789	1
11.957736969	-1
11.957736969	-1
11.957736969	-1
11.957736969	-1
11.957736969	-1
11.957736969	-1
11.9584619999	-1
11.9584619999	-1
11.9584619999	-1
11.9584619999	-1
11.9584619999	-1
11.9584619999	-1
11.9584619999	-1
11.9584619999	-1
11.958812952	-1
11.958812952	-1
11.958812952	-1
11.958812952	-1
11.958812952	-1
11.958812952	-1
11.958812952	-1
11.958812952	-1
12.0565598011	-1
12.0565598011	-1
12.0565598011	-1
12.0565598011	-1
12.0565598011	-1
12.0565598011	-1
12.0565598011	-1
12.0565598011	-1
12.0565598011	-1
12.0569047928	-1
12.0569047928	-1
12.0569047928	-1
12.0569047928	-1
12.0569047928	-1
12.0569047928	-1
12.0569047928	-1
12.0571517944	-1
12.0571899414	-1
12.0571899414	-1
12.0571899414	-1
12.0571899414	-1
12.0571899414	-1
12.0571899414	-1
12.0571899414	-1
12.0592708588	1
12.0819649696	-1
12.0826699734	-1
12.0826699734	-1
12.0826699734	-1
12.0826699734	-1
12.0826699734	-1
12.0826699734	-1
12.0826699734	-1
12.0826699734	-1
12.0831389427	-1
12.1236639023	1
12.1236639023	1
12.1236639023	1
12.1723937988	1
12.2320988178	-1
12.2322919369	-1
12.2322919369	-1
12.2322919369	-1
12.3197369576	1
12.3215007782	1
12.3215007782	1
12.3215007782	1
12.3848018646	-1
12.3849740028	-1
12.3849740028	-1
12.3849740028	-1
12.3849740028	-1
12.3967688084	1
12.762403965	-1
12.7640268803	1
12.9398448467	-1
12.9410347939	1
13.0800600052	-1
13.0849750042	1
13.1590259075	-1
13.1590259075	-1
13.1590688229	1
13.2569549084	-1
13.2572219372	-1
13.2572219372	-1
13.2572219372	-1
13.2572219372	-1
13.2572219372	-1
13.2572219372	-1
13.2582478523	-1
13.2582478523	-1
13.2582478523	-1
13.2582478523	-1
13.2582478523	-1
13.2582478523	-1
13.2582478523	-1
13.2582478523	-1
13.258327961	1
13.356869936	-1
13.356869936	-1
13.356869936	-1
13.356869936	-1
13.356869936	-1
13.356869936	-1
13.3569049835	1
13.3569049835	1
13.3621709347	-1
13.3621709347	-1
13.3621709347	-1
13.3621709347	-1
13.3621709347	-1
13.3621709347	-1
13.3621709347	-1
13.4701738358	1
13.4701738358	1
13.5019378662	-1
13.5580379963	-1
13.5580379963	-1
13.5580379963	-1
13.5580379963	-1
13.5580379963	-1
13.5580379963	-1
13.5580379963	-1
13.5580527782	1
13.6394438744	-1
13.6394438744	-1
13.6394438744	-1
13.6394438744	-1
13.6394438744	-1
13.6394438744	-1
13.6394438744	-1
13.6394438744	-1
13.6394908428	1
13.7572278976	-1
13.7572278976	-1
13.7572278976	-1
13.7572278976	-1
13.7572278976	-1
13.834638834	-1
13.9304339886	-1
14.0589139462	-1
14.1251878738	-1
14.1251878738	-1
14.1251878738	-1
14.1251878738	-1
14.1251878738	-1
14.2699689865	-1
14.2699689865	-1
14.2699689865	-1
14.2700738907	-1
14.2700738907	-1
14.2700738907	-1
14.2700738907	-1
14.2700738907	-1
14.2700738907	-1
14.2705259323	-1
14.2705259323	-1
14.2705259323	-1
14.2705259323	-1
14.2705259323	-1
14.2705259323	-1
14.2705259323	-1
14.2705259323	-1
14.2722768784	1
14.2741568089	1
14.2741568089	1
14.2741568089	1
14.4030489922	-1
14.4050719738	-1
14.4050719738	-1
14.4050719738	-1
14.4050719738	-1
14.4050719738	-1
14.4050719738	-1
14.4050719738	-1
14.4050719738	-1
14.4813849926	1
15.0958859921	-1
15.0961987972	-1
15.0961987972	-1
15.0961987972	-1
15.0961987972	-1
15.1221749783	1
15.2090368271	1
15.2238228321	1
15.2238228321	1
15.2238228321	1
15.2344229221	-1
15.2344229221	-1
15.2344229221	-1
15.2344229221	-1
15.2344229221	-1
15.2344229221	-1
15.2344229221	-1
15.295675993	1
15.295675993	1
15.295675993	1
15.2957928181	1
15.2957928181	1
15.4015479088	-1
15.4043037891	-1
15.4043037891	-1
15.4043037891	-1
15.8999729156	-1
16.0583357811	-1
16.058836937	-1
16.058836937	-1
16.058836937	-1
16.058836937	-1
16.058836937	-1
16.058836937	-1
16.058836937	-1
16.0594818592	-1
16.0594818592	-1
16.0594818592	-1
16.0594818592	-1
16.0594818592	-1
16.0594818592	-1
16.0594818592	-1
16.0594818592	-1
16.0941748619	-1
16.0941748619	-1
16.0941748619	-1
16.0941748619	-1
16.0941748619	-1
16.0941748619	-1
16.0941748619	-1
16.0941748619	-1
16.175429821	-1
16.175429821	-1
16.175429821	-1
16.175429821	-1
16.175429821	-1
16.175429821	-1
16.175429821	-1
16.1759808064	-1
16.1761028767	-1
16.1761028767	-1
16.1761028767	-1
16.1761028767	-1
16.1761028767	-1
16.1761028767	-1
16.1761028767	-1
16.2151129246	1
16.2242319584	1
16.2242319584	1
16.2242319584	1
16.224408865	1
16.224408865	1
16.224408865	1
16.229626894	-1
16.229626894	-1
16.229626894	-1
16.229626894	-1
16.229626894	-1
16.229626894	-1
16.229626894	-1
16.229626894	-1
16.240046978	-1
16.2415177822	-1
16.2415177822	-1
16.2415177822	-1
16.2415177822	-1
16.2415177822	-1
16.2415177822	-1
16.2415177822	-1
16.2415177822	-1
16.2601938248	-1
16.2601938248	-1
16.2601938248	-1
16.2601938248	-1
16.2601938248	-1
16.2601938248	-1
16.2601938248	-1
16.2983047962	1
16.3577969074	-1
16.3577969074	-1
16.3577969074	-1
16.3577969074	-1
16.3577969074	-1
16.3577969074	-1
16.3577969074	-1
16.3577969074	-1
16.3577969074	-1
16.8548870087	-1
17.0459108353	-1
17.1199638844	-1
17.1206037998	1
17.1940569878	-1
17.2213079929	1
17.2213079929	1
17.2213079929	1
17.2953839302	-1
17.408135891	-1
17.408135891	-1
17.4712209702	1
17.856251955	-1
18.0364840031	-1
18.0380568504	1
18.1738519669	-1
18.1751208305	1
18.2050359249	1
18.2050359249	1
18.2050359249	1
18.5589778423	-1
18.6966137886	-1
18.8947849274	-1
18.8951759338	-1
18.8951759338	-1
18.8951759338	-1
18.9805798531	1
19.0325059891	-1
19.0325059891	-1
19.0325059891	-1
19.0541658401	1
19.2188198566	1
19.292798996	1
19.292798996	1
19.7555418015	-1
19.9259028435	-1
20.0556588173	-1
20.1293787956	-1
20.145665884	1
20.223929882	-1
20.7572999001	-1
20.8946688175	-1
21.034029007	-1
21.0354428291	1
21.0608069897	1
21.0608069897	1
21.0608069897	1
21.0610859394	1
21.0610859394	1
21.0620179176	1
21.0620179176	1
21.0620179176	1
21.0620689392	1
21.0620689392	1
21.0620689392	1
21.0620689392	1
21.0621907711	1
21.06407094	1
21.06407094	1
21.06407094	1
21.06407094	1
21.06407094	1
21.06407094	1
21.06407094	1
21.06407094	1
21.136182785	1
21.136182785	1
21.136182785	1
21.136182785	1
21.136182785	1
21.136182785	1
21.136182785	1
21.136182785	1
21.136182785	1
21.1364209652	1
21.1364209652	1
21.1364209652	1
21.1364209652	1
21.1364209652	1
21.1717689037	-1
21.2840018272	-1
21.2840018272	-1
