0.0	1
0.250115871429	1
0.488568782806	-1
0.49000287056	1
0.838917970657	-1
0.839761972427	1
0.842791795731	1
0.842791795731	1
0.842791795731	1
0.909380912781	1
0.909380912781	1
0.909380912781	1
1.47824287415	-1
1.47996497154	1
1.61747097969	-1
1.61747097969	-1
1.61928987503	1
1.7050409317	-1
1.7050409317	-1
1.7050409317	-1
1.70669388771	1
1.70669388771	1
1.70669388771	1
2.11215400696	-1
2.20480298996	-1
2.20480298996	-1
2.20480298996	-1
2.20480298996	-1
2.20480298996	-1
2.20480298996	-1
2.20480298996	-1
2.20480298996	-1
2.25167989731	-1
2.26421499252	1
2.37753796577	-1
2.37753796577	-1
2.37753796577	-1
2.37753796577	-1
2.37753796577	-1
2.4099547863	-1
2.42105484009	-1
2.42105484009	-1
2.47540378571	-1
2.47540378571	-1
2.47540378571	-1
2.47540378571	-1
2.47540378571	-1
2.47540378571	-1
2.47540378571	-1
2.47540378571	-1
2.481361866	-1
2.481361866	-1
2.481361866	-1
2.481361866	-1
2.481361866	-1
2.481361866	-1
2.481361866	-1
2.51485800743	1
2.51507091522	-1
2.51507091522	-1
2.51507091522	-1
2.7554898262	-1
2.75667500496	1
2.89398884773	1
2.97440600395	-1
3.03112983704	1
3.14831185341	-1
3.20724582672	1
3.32420682907	-1
3.54033279419	-1
3.5415790081	1
3.72924995422	-1
4.26816892624	-1
4.40533185005	-1
4.41285896301	1
5.21460795403	-1
5.38826584816	-1
5.40288877487	1
5.40515685081	1
5.40515685081	1
5.40515685081	1
6.00843787193	-1
6.17089986801	-1
6.17089986801	-1
6.17089986801	-1
6.18443489075	-1
6.62061882019	1
6.75761580467	1
6.75761580467	1
7.2618188858	-1
7.27846884727	-1
7.27846884727	-1
7.27846884727	-1
7.27846884727	-1
7.27846884727	-1
7.27846884727	-1
7.27846884727	-1
7.30666899681	-1
7.30672883987	-1
7.30672883987	-1
7.30672883987	-1
7.30672883987	-1
7.30672883987	-1
7.30672883987	-1
7.30672883987	-1
7.30973887444	1
7.33504390717	-1
7.33504390717	-1
7.33504390717	-1
7.33504390717	-1
7.33504390717	-1
7.33504390717	-1
7.33504390717	-1
7.33504390717	-1
7.33582282066	1
7.33582282066	1
7.33582282066	1
7.4159758091	-1
7.4159758091	-1
7.4159758091	-1
7.4159758091	-1
7.4159758091	-1
7.4159758091	-1
7.42261385918	1
7.42261385918	1
7.45511293411	-1
7.45511293411	-1
7.45990586281	-1
7.45990586281	-1
7.45990586281	-1
7.45990586281	-1
7.45990586281	-1
7.45990586281	-1
7.45990586281	-1
7.45990586281	-1
7.4601328373	-1
7.4601328373	-1
7.4601328373	-1
7.4601328373	-1
7.4601328373	-1
7.472645998	-1
7.48198795319	-1
7.48198795319	-1
7.48198795319	-1
7.48198795319	-1
7.48198795319	-1
7.48198795319	-1
7.48198795319	-1
7.50270581245	-1
7.553429842	-1
7.553429842	-1
7.553429842	-1
7.553429842	-1
7.553429842	-1
7.553429842	-1
7.553429842	-1
7.553429842	-1
7.59561991692	1
7.59561991692	1
7.61744689941	-1
7.61744689941	-1
7.61744689941	-1
7.61744689941	-1
7.64632081985	-1
7.64632081985	-1
7.64632081985	-1
7.64632081985	-1
7.64632081985	-1
7.64632081985	-1
7.64632081985	-1
7.66639184952	-1
7.66639184952	-1
7.66639184952	-1
7.66639184952	-1
7.66639184952	-1
7.66639184952	-1
7.66639184952	-1
7.69111990929	-1
7.6927549839	-1
7.6927549839	-1
7.6927549839	-1
7.6927549839	-1
7.6927549839	-1
7.6927549839	-1
7.73422384262	-1
7.73422384262	-1
7.73422384262	-1
7.73422384262	-1
7.73422384262	-1
7.73422384262	-1
7.73422384262	-1
7.73422384262	-1
7.73422384262	-1
7.73423600197	1
7.73423600197	1
7.76817178726	-1
7.76817178726	-1
7.76817178726	-1
7.76817178726	-1
7.76817178726	-1
7.76817178726	-1
7.76817178726	-1
7.76817178726	-1
7.80845499039	-1
7.80845499039	-1
7.80845499039	-1
7.80845499039	-1
7.80845499039	-1
7.80845499039	-1
7.80845499039	-1
7.80845499039	-1
7.81457591057	-1
7.81457591057	-1
7.81457591057	-1
7.82519197464	-1
7.82519197464	-1
7.82519197464	-1
7.82519197464	-1
7.82519197464	-1
7.82519197464	-1
7.82519197464	-1
7.82519197464	-1
7.84265184402	-1
7.84265184402	-1
7.84265184402	-1
7.84265184402	-1
7.84265184402	-1
7.84265184402	-1
7.84265184402	-1
7.84265184402	-1
7.86025691032	-1
7.86036896706	-1
7.86036896706	-1
7.86036896706	-1
7.86036896706	-1
7.86036896706	-1
7.86036896706	-1
7.86036896706	-1
7.86061382294	-1
7.87171196938	-1
7.87171196938	-1
7.87171196938	-1
7.87171196938	-1
7.87171196938	-1
7.87171196938	-1
7.87171196938	-1
7.8717238903	1
7.90560483932	-1
7.90560483932	-1
7.90560483932	-1
7.90560483932	-1
7.90560483932	-1
7.9678208828	1
7.9678208828	1
7.9678208828	1
8.03953289986	-1
8.03953289986	-1
8.03953289986	-1
8.03953289986	-1
8.03953289986	-1
8.03953289986	-1
8.03953289986	-1
8.03953289986	-1
8.07000684738	1
8.07000684738	1
8.07000684738	1
8.07248187065	-1
8.07248187065	-1
8.07248187065	-1
8.07248187065	-1
8.07248187065	-1
8.07248187065	-1
8.07248187065	-1
8.10640883446	1
8.10640883446	1
8.10640883446	1
8.10640883446	1
8.10640883446	1
8.10640883446	1
8.18460893631	1
8.2440969944	-1
8.2440969944	-1
8.32022881508	1
8.32022881508	1
8.32022881508	1
8.35837078094	1
8.36684179306	-1
8.36684179306	-1
8.36684179306	-1
8.36684179306	-1
8.4323117733	-1
8.45975399017	-1
8.45975399017	-1
8.45975399017	-1
8.45975399017	-1
8.45975399017	-1
8.45975399017	-1
8.47175478935	-1
8.47175478935	-1
8.47383284569	1
8.47383284569	1
8.47383284569	1
8.51756691933	-1
8.51756691933	-1
8.51756691933	-1
8.51756691933	-1
8.51756691933	-1
8.51756691933	-1
8.51756691933	-1
8.51756691933	-1
8.51760292053	1
8.55453300476	-1
8.56195092201	-1
8.56195092201	-1
8.56195092201	-1
8.56195092201	-1
8.56195092201	-1
8.56195092201	-1
8.56195092201	-1
8.59274482727	-1
8.59274482727	-1
8.59274482727	-1
8.59274482727	-1
8.73023796082	-1
8.77506399155	-1
8.77506399155	-1
8.77506399155	-1
8.77506399155	-1
8.90872979164	-1
8.91099691391	1
8.91120386124	1
8.91120386124	1
8.91120386124	1
8.91120386124	1
9.00661492348	-1
9.00661492348	-1
9.00661492348	-1
9.00858688354	1
9.00858688354	1
9.04834294319	1
9.13257980347	-1
9.13257980347	-1
9.13257980347	-1
9.13257980347	-1
9.13257980347	-1
9.13257980347	-1
9.13257980347	-1
9.13257980347	-1
9.13257980347	-1
9.14409184456	-1
9.14409184456	-1
9.14409184456	-1
9.14409184456	-1
9.14409184456	-1
9.14409184456	-1
9.14409184456	-1
9.14409184456	-1
9.15799593925	-1
9.15799593925	-1
9.15799593925	-1
9.15799593925	-1
9.15799593925	-1
9.15799593925	-1
9.15799593925	-1
9.15799593925	-1
9.16774296761	-1
9.16774296761	-1
9.16774296761	-1
9.16774296761	-1
9.16774296761	-1
9.16774296761	-1
9.16774296761	-1
9.16774296761	-1
9.18140292168	-1
9.18140292168	-1
9.18140292168	-1
9.18140292168	-1
9.18140292168	-1
9.18140292168	-1
9.18272686005	1
9.18272686005	1
9.18272686005	1
9.18573498726	-1
9.1882557869	-1
9.1882557869	-1
9.1882557869	-1
9.1882557869	-1
9.1882557869	-1
9.1882557869	-1
9.1882557869	-1
9.20447993279	-1
9.20447993279	-1
9.22015094757	1
9.22015094757	1
9.22015094757	1
9.24537682533	-1
9.24537682533	-1
9.24548196793	-1
9.24548196793	-1
9.24548196793	-1
9.24748587608	1
9.24748587608	1
9.27025794983	-1
9.27025794983	-1
9.27025794983	-1
9.27025794983	-1
9.27025794983	-1
9.27025794983	-1
9.32430386543	1
9.32430386543	1
9.32430386543	1
9.32430386543	1
9.32430386543	1
9.32430386543	1
9.32430386543	1
9.32430386543	1
9.38682985306	-1
9.38682985306	-1
9.38682985306	-1
9.38682985306	-1
9.38682985306	-1
9.38682985306	-1
9.38682985306	-1
9.38682985306	-1
9.41195678711	-1
9.41375780106	1
9.43933677673	-1
9.43933677673	-1
9.43933677673	-1
9.43933677673	-1
9.43933677673	-1
9.43933677673	-1
9.44748687744	-1
9.44748687744	-1
9.44748687744	-1
9.44748687744	-1
9.44748687744	-1
9.44748687744	-1
9.46052289009	1
9.49268484116	1
9.49268484116	1
9.49268484116	1
9.49268484116	1
9.49268484116	1
9.49268484116	1
9.51016378403	-1
9.51016378403	-1
9.51016378403	-1
9.51016378403	-1
9.51016378403	-1
9.51016378403	-1
9.51016378403	-1
9.53182983398	-1
9.53193593025	-1
9.53193593025	-1
9.53193593025	-1
9.53193593025	-1
9.53193593025	-1
9.53193593025	-1
9.53193593025	-1
9.54438400269	-1
9.54438400269	-1
9.54695796967	1
9.54695796967	1
9.54714179039	1
9.54714179039	1
9.54714179039	1
9.54714179039	1
9.54822993279	-1
9.54822993279	-1
9.54822993279	-1
9.54822993279	-1
9.54822993279	-1
9.54822993279	-1
9.54911088943	1
9.54911088943	1
9.54911088943	1
9.54911088943	1
9.54911088943	1
9.54911088943	1
9.54911088943	1
9.55545282364	-1
9.55545282364	-1
9.55545282364	-1
9.55545282364	-1
9.55545282364	-1
9.55545282364	-1
9.55545282364	-1
9.55545282364	-1
9.55851387978	-1
9.55851387978	-1
9.55851387978	-1
9.55851387978	-1
9.55851387978	-1
9.55851387978	-1
9.55851387978	-1
9.55851387978	-1
9.5768828392	-1
9.5768828392	-1
9.5768828392	-1
9.5768828392	-1
9.5768828392	-1
9.5768828392	-1
9.5768828392	-1
9.5768828392	-1
9.57723593712	-1
9.57723593712	-1
9.57723593712	-1
9.57723593712	-1
9.57723593712	-1
9.57723593712	-1
9.57723593712	-1
9.57723593712	-1
9.57760381699	-1
9.57760381699	-1
9.57760381699	-1
9.57760381699	-1
9.57760381699	-1
9.57760381699	-1
9.57760381699	-1
9.57775998116	-1
9.59785485268	-1
9.59788894653	1
9.63070082664	-1
9.63070082664	-1
9.63070082664	-1
9.63070082664	-1
9.63070082664	-1
9.63070082664	-1
9.63070082664	-1
9.73639798164	1
9.77885389328	-1
9.77885389328	-1
9.77885389328	-1
9.77885389328	-1
9.77885389328	-1
9.77885389328	-1
9.77885389328	-1
9.77885389328	-1
9.78357696533	-1
9.78893995285	-1
9.78893995285	-1
9.78893995285	-1
9.78893995285	-1
9.78893995285	-1
9.78893995285	-1
9.78893995285	-1
9.79367184639	-1
9.79367184639	-1
9.79367184639	-1
9.79367184639	-1
9.79367184639	-1
9.79367184639	-1
9.79367184639	-1
9.80043077469	-1
9.80043077469	-1
9.80043077469	-1
9.80043077469	-1
9.80043077469	-1
9.80043077469	-1
9.80043077469	-1
9.80043077469	-1
9.80767989159	-1
9.80767989159	-1
9.80767989159	-1
9.80767989159	-1
9.81066799164	-1
9.81385397911	-1
9.81385397911	-1
9.81385397911	-1
9.81385397911	-1
9.81385397911	-1
9.81385397911	-1
9.81385397911	-1
9.81623888016	-1
9.81623888016	-1
9.81623888016	-1
9.81623888016	-1
9.81623888016	-1
9.81623888016	-1
9.81623888016	-1
9.81875681877	-1
9.81875681877	-1
9.81875681877	-1
9.81875681877	-1
9.81875681877	-1
9.81875681877	-1
9.81875681877	-1
9.82082486153	-1
9.82301592827	-1
9.82301592827	-1
9.82301592827	-1
9.82301592827	-1
9.82301592827	-1
9.82301592827	-1
9.82301592827	-1
9.84044289589	-1
9.84048891068	-1
9.84048891068	-1
9.84048891068	-1
9.84048891068	-1
9.84048891068	-1
9.84048891068	-1
9.84048891068	-1
9.84048891068	-1
9.8409178257	-1
9.8409178257	-1
9.8409178257	-1
9.8409178257	-1
9.8409178257	-1
9.8409178257	-1
9.8409178257	-1
9.84116292	-1
9.86305379868	-1
9.86305379868	-1
9.86305379868	-1
9.86305379868	-1
9.86305379868	-1
9.86305379868	-1
9.86305379868	-1
9.88556098938	-1
9.88556098938	-1
9.88556098938	-1
9.88556098938	-1
9.88556098938	-1
9.88556098938	-1
9.88556098938	-1
9.88556098938	-1
9.88559293747	1
9.92637586594	-1
9.92637586594	-1
9.92646694183	-1
9.92646694183	-1
9.92646694183	-1
9.92646694183	-1
9.92646694183	-1
9.92646694183	-1
9.92646694183	-1
9.94161295891	1
9.94161295891	1
9.94161295891	1
9.95273089409	-1
9.95273089409	-1
9.95273089409	-1
9.95273089409	-1
9.95273089409	-1
9.95273089409	-1
9.95273089409	-1
9.95273089409	-1
9.96423983574	-1
9.97563695908	-1
9.97563695908	-1
9.97563695908	-1
9.97563695908	-1
9.97563695908	-1
9.97563695908	-1
9.97563695908	-1
10.0260469913	-1
10.0260968208	1
10.0324139595	-1
10.0324139595	-1
10.0324139595	-1
10.0324139595	-1
10.0324139595	-1
10.0324139595	-1
10.0324139595	-1
10.0453989506	-1
10.056801796	-1
10.056801796	-1
10.056801796	-1
10.056801796	-1
10.056801796	-1
10.056801796	-1
10.056801796	-1
10.0694568157	-1
10.0694568157	-1
10.0694568157	-1
10.0694568157	-1
10.0694568157	-1
10.0694568157	-1
10.0694568157	-1
10.0940918922	-1
10.0940918922	-1
10.1096448898	-1
10.1096448898	-1
10.1096448898	-1
10.1096448898	-1
10.1096448898	-1
10.1096448898	-1
10.1096448898	-1
10.1349878311	-1
10.1429138184	-1
10.1429138184	-1
10.1429138184	-1
10.1429138184	-1
10.1429138184	-1
10.1429138184	-1
10.1429138184	-1
10.1580069065	-1
10.1728539467	-1
10.1728539467	-1
10.1728539467	-1
10.1728539467	-1
10.1728539467	-1
10.1728539467	-1
10.1728539467	-1
10.1728858948	1
10.188436985	-1
10.1975729465	-1
10.1975729465	-1
10.1975729465	-1
10.1975729465	-1
10.2120928764	-1
10.2120928764	-1
10.2120928764	-1
10.2120928764	-1
10.2120928764	-1
10.2120928764	-1
10.2120928764	-1
10.2436909676	-1
10.2437949181	-1
10.2437949181	-1
10.2437949181	-1
10.2437949181	-1
10.2437949181	-1
10.2437949181	-1
10.2437949181	-1
10.2482988834	-1
10.2482988834	-1
10.2482988834	-1
10.2482988834	-1
10.2482988834	-1
10.2482988834	-1
10.2482988834	-1
10.2482988834	-1
10.2519919872	-1
10.2519919872	-1
10.2519919872	-1
10.2519919872	-1
10.2519919872	-1
10.2519919872	-1
10.2519919872	-1
10.2567148209	-1
10.2650499344	-1
10.2650499344	-1
10.2650499344	-1
10.2650499344	-1
10.2650499344	-1
10.2650499344	-1
10.2650499344	-1
10.2650499344	-1
10.2992157936	-1
10.2992157936	-1
10.2992157936	-1
10.2992157936	-1
10.2992157936	-1
10.2992157936	-1
10.2992157936	-1
10.2992157936	-1
10.3021547794	-1
10.3021547794	-1
10.3021547794	-1
10.3021547794	-1
10.3021547794	-1
10.3021547794	-1
10.3051669598	-1
10.3051669598	-1
10.3139998913	-1
10.3139998913	-1
10.3139998913	-1
10.3139998913	-1
10.3139998913	-1
10.3139998913	-1
10.3139998913	-1
10.3140318394	1
10.3140318394	1
10.3182919025	-1
10.3247659206	-1
10.3247659206	-1
10.3247659206	-1
10.3247659206	-1
10.3247659206	-1
10.3247659206	-1
10.3247659206	-1
10.3247659206	-1
10.3278207779	-1
10.3278207779	-1
10.3278207779	-1
10.3278207779	-1
10.3278207779	-1
10.3278207779	-1
10.3278207779	-1
10.3389589787	-1
10.3389589787	-1
10.3389589787	-1
10.3389589787	-1
10.3389589787	-1
10.3389589787	-1
10.3389589787	-1
10.3389589787	-1
10.3393068314	-1
10.3646969795	-1
10.3646969795	-1
10.3646969795	-1
10.3646969795	-1
10.3646969795	-1
10.3646969795	-1
10.3646969795	-1
10.3648378849	-1
10.3648378849	-1
10.3650479317	-1
10.3650479317	-1
10.3650479317	-1
10.3650479317	-1
10.3650479317	-1
10.3650479317	-1
10.3652927876	-1
10.3652927876	-1
10.3652927876	-1
10.3652927876	-1
10.3652927876	-1
10.3652927876	-1
10.3652927876	-1
10.3820009232	-1
10.3820009232	-1
10.3820009232	-1
10.3820009232	-1
10.3820009232	-1
10.3820009232	-1
10.3820009232	-1
10.3820009232	-1
10.3823518753	-1
10.3823518753	-1
10.3823518753	-1
10.4029109478	-1
10.4029109478	-1
10.4029109478	-1
10.4029109478	-1
10.4029109478	-1
10.4029109478	-1
10.4030749798	-1
10.4030749798	-1
10.4030749798	-1
10.4030749798	-1
10.4030749798	-1
10.4030749798	-1
10.4030749798	-1
10.4042799473	1
10.4042799473	1
10.4042799473	1
10.4205899239	-1
10.4205899239	-1
10.4205899239	-1
10.4205899239	-1
10.4205899239	-1
10.4205899239	-1
10.4205899239	-1
10.4205899239	-1
10.4358208179	-1
10.4358208179	-1
10.4358208179	-1
10.4358208179	-1
10.4358208179	-1
10.4360489845	-1
10.4769608974	-1
10.4769608974	-1
10.4769608974	-1
10.476995945	1
10.5114099979	-1
10.5114099979	-1
10.5114099979	-1
10.5114099979	-1
10.5114099979	-1
10.5114099979	-1
10.5114099979	-1
10.5369148254	-1
10.5369148254	-1
10.5369148254	-1
10.5369148254	-1
10.5369148254	-1
10.5369148254	-1
10.5369148254	-1
10.5812819004	-1
10.5812819004	-1
10.5812819004	-1
10.5812819004	-1
10.5812819004	-1
10.5812819004	-1
10.5812819004	-1
10.5812819004	-1
10.5812819004	-1
10.5965399742	-1
10.5965399742	-1
10.5965399742	-1
10.5965399742	-1
10.5965399742	-1
10.5965399742	-1
10.6028859615	-1
10.6028859615	-1
10.6260869503	-1
10.6260869503	-1
10.6260869503	-1
10.6260869503	-1
10.6260869503	-1
10.6260869503	-1
10.6260869503	-1
10.6260869503	-1
10.6395018101	-1
10.6395018101	-1
10.6395018101	-1
10.6395018101	-1
10.6395018101	-1
10.6395018101	-1
10.6462578773	-1
10.6462578773	-1
10.6476178169	1
10.6534659863	-1
10.6534659863	-1
10.6534659863	-1
10.6534659863	-1
10.6534659863	-1
10.6534659863	-1
10.673473835	-1
10.673473835	-1
10.673473835	-1
10.6862127781	-1
10.6862127781	-1
10.6862127781	-1
10.6862127781	-1
10.6862127781	-1
10.6862127781	-1
10.753567934	-1
10.753567934	-1
10.7585029602	-1
10.7585029602	-1
10.7585029602	-1
10.7585029602	-1
10.7585029602	-1
10.7585029602	-1
10.7585029602	-1
10.7638700008	-1
10.7638700008	-1
10.7638700008	-1
10.7638700008	-1
10.7638700008	-1
10.7638700008	-1
10.7638700008	-1
10.7748057842	-1
10.7748057842	-1
10.7748057842	-1
10.7748057842	-1
10.7748057842	-1
10.7748057842	-1
10.7748057842	-1
10.7748057842	-1
10.7831809521	-1
10.7831809521	-1
10.7871229649	-1
10.7871229649	-1
10.7871229649	-1
10.7871229649	-1
10.7871229649	-1
10.7871229649	-1
10.7871229649	-1
10.7871558666	1
10.7871558666	1
10.8000509739	-1
10.8000509739	-1
10.8000509739	-1
10.8000509739	-1
10.8000509739	-1
10.8000509739	-1
10.9280929565	-1
10.9280929565	-1
11.0858678818	-1
11.0858678818	-1
11.0858678818	-1
11.0858678818	-1
11.0858678818	-1
11.0858678818	-1
11.0858678818	-1
11.0858678818	-1
11.095074892	-1
11.095074892	-1
11.095074892	-1
11.095074892	-1
11.0962319374	1
11.1036469936	-1
11.1036469936	-1
11.1036469936	-1
11.1036469936	-1
11.1036469936	-1
11.1036469936	-1
11.1036469936	-1
11.1130077839	-1
11.1130077839	-1
11.1130077839	-1
11.1130077839	-1
11.1130077839	-1
11.1130077839	-1
11.1130077839	-1
11.1285068989	-1
11.1285068989	-1
11.1285068989	-1
11.1285068989	-1
11.1285068989	-1
11.1285068989	-1
11.1285068989	-1
11.1285068989	-1
11.1409068108	-1
11.1409068108	-1
11.1409068108	-1
11.1409068108	-1
11.1409068108	-1
11.1409068108	-1
11.1409068108	-1
11.1409068108	-1
11.1747369766	-1
11.1747369766	-1
11.1991429329	-1
11.1991429329	-1
11.1991429329	-1
11.1991429329	-1
11.1991429329	-1
11.1991429329	-1
11.1991429329	-1
11.2150568962	-1
11.2162699699	1
11.2162699699	1
11.2162699699	1
11.2298607826	-1
11.2298607826	-1
11.2298607826	-1
11.2298607826	-1
11.2298607826	-1
11.2298607826	-1
11.2298607826	-1
11.2479448318	-1
11.2569308281	-1
11.2569308281	-1
11.2569308281	-1
11.2569308281	-1
11.2569308281	-1
11.2569308281	-1
11.3004488945	-1
11.3004488945	-1
11.3004488945	-1
11.3004488945	-1
11.3004488945	-1
11.3004488945	-1
11.3004488945	-1
11.3004488945	-1
11.3004488945	-1
11.327808857	-1
11.327808857	-1
11.3382868767	-1
11.3382868767	-1
11.3382868767	-1
11.3382868767	-1
11.3382868767	-1
11.3382868767	-1
11.3382868767	-1
11.3597998619	-1
11.3597998619	-1
11.3597998619	-1
11.3597998619	-1
11.3597998619	-1
11.3597998619	-1
11.3597998619	-1
11.3818938732	-1
11.3818938732	-1
11.3818938732	-1
11.3818938732	-1
11.3818938732	-1
11.3818938732	-1
11.3818938732	-1
11.3818938732	-1
11.3942480087	-1
11.394258976	1
11.394258976	1
11.3957839012	-1
11.3957839012	-1
11.3957839012	-1
11.3957839012	-1
11.3957839012	-1
11.3957839012	-1
11.4086229801	-1
11.4086229801	-1
11.4086229801	-1
11.4136619568	-1
11.4136619568	-1
11.4136619568	-1
11.4136619568	-1
11.4136619568	-1
11.4136619568	-1
11.4136619568	-1
11.4336688519	-1
11.4336688519	-1
11.4336688519	-1
11.4336688519	-1
11.4336688519	-1
11.4336688519	-1
11.4336688519	-1
11.4741280079	-1
11.4741280079	-1
11.5318789482	-1
11.5319108963	1
11.5434288979	-1
11.5434288979	-1
11.5434288979	-1
11.5434288979	-1
11.5434288979	-1
11.5434288979	-1
11.5434288979	-1
11.5633947849	-1
11.5633947849	-1
11.5633947849	-1
11.5633947849	-1
11.5633947849	-1
11.5633947849	-1
11.5633947849	-1
11.5997428894	-1
11.5997428894	-1
11.5997428894	-1
11.5997428894	-1
11.5997428894	-1
11.5997428894	-1
11.5997428894	-1
11.5997428894	-1
11.5997428894	-1
11.6164138317	-1
11.6164138317	-1
11.6164138317	-1
11.6164138317	-1
11.62677598	-1
11.62677598	-1
11.62677598	-1
11.62677598	-1
11.6693089008	-1
11.6693408489	1
11.6693408489	1
11.7091429234	-1
11.7091429234	-1
11.7091429234	-1
11.7091429234	-1
11.7091429234	-1
11.7091429234	-1
11.7091429234	-1
11.7158448696	-1
11.7158448696	-1
11.7158448696	-1
11.7158448696	-1
11.7158448696	-1
11.7158448696	-1
11.7158448696	-1
11.7353129387	-1
11.7353129387	-1
11.7353129387	-1
11.7353129387	-1
11.7353129387	-1
11.7353129387	-1
11.7353129387	-1
11.7353129387	-1
11.7365698814	1
11.7365698814	1
11.7365698814	1
11.7490940094	-1
11.7490940094	-1
11.7490940094	-1
11.7490940094	-1
11.7490940094	-1
11.7490940094	-1
11.7490940094	-1
11.7490940094	-1
11.7714369297	-1
11.7940509319	-1
11.7940509319	-1
11.7940509319	-1
11.7940509319	-1
11.7940509319	-1
11.7940509319	-1
11.7940509319	-1
11.7940509319	-1
11.8068239689	-1
11.8151388168	-1
11.8151388168	-1
11.8151388168	-1
11.8151388168	-1
11.8151388168	-1
11.8151388168	-1
11.8534939289	-1
11.8534939289	-1
11.8534939289	-1
11.8534939289	-1
11.8534939289	-1
11.8534939289	-1
11.8534939289	-1
11.8534939289	-1
11.8695719242	-1
11.8695719242	-1
11.8695719242	-1
11.8695719242	-1
11.8695719242	-1
11.8695719242	-1
11.8695719242	-1
11.8695719242	-1
11.8867127895	-1
11.8867127895	-1
11.8867127895	-1
11.8867127895	-1
11.8867127895	-1
11.8867127895	-1
11.8867127895	-1
11.8867127895	-1
11.8867127895	-1
11.8914628029	-1
11.8914628029	-1
11.8914628029	-1
11.8914628029	-1
11.8914628029	-1
11.8914628029	-1
11.8914628029	-1
11.9280769825	-1
11.9443488121	1
11.9606378078	-1
11.9606378078	-1
11.9606378078	-1
11.9606378078	-1
11.9606378078	-1
11.9606378078	-1
11.9606378078	-1
11.9606378078	-1
11.9676568508	-1
11.9676568508	-1
11.9676568508	-1
11.9676568508	-1
11.9676568508	-1
11.9676568508	-1
11.9676568508	-1
11.9802598953	-1
11.9802598953	-1
12.0078217983	-1
12.0078217983	-1
12.0078217983	-1
12.0078217983	-1
12.0078217983	-1
12.0078217983	-1
12.0078217983	-1
12.0361659527	-1
12.0361659527	-1
12.0361659527	-1
12.0361659527	-1
12.0361659527	-1
12.0361659527	-1
12.0361659527	-1
12.0784108639	-1
12.0784108639	-1
12.0784108639	-1
12.0784108639	-1
12.0784108639	-1
12.0784108639	-1
12.0784108639	-1
12.0784108639	-1
12.0829219818	1
12.1380469799	-1
12.1380469799	-1
12.1380469799	-1
12.1380469799	-1
12.1380469799	-1
12.1380469799	-1
12.1380469799	-1
12.1380469799	-1
12.1380469799	-1
12.1494948864	-1
12.1494948864	-1
12.1494948864	-1
12.1494948864	-1
12.1494948864	-1
12.1494948864	-1
12.1494948864	-1
12.1494948864	-1
12.1549398899	-1
12.1549398899	-1
12.1549398899	-1
12.1549398899	-1
12.1549398899	-1
12.1549398899	-1
12.1549398899	-1
12.1598339081	-1
12.1762809753	-1
12.1762809753	-1
12.1762809753	-1
12.1762809753	-1
12.1762809753	-1
12.1762809753	-1
12.1762809753	-1
12.1762809753	-1
12.181814909	-1
12.181814909	-1
12.181814909	-1
12.181814909	-1
12.181814909	-1
12.181814909	-1
12.181814909	-1
12.2020199299	-1
12.2713840008	1
12.2713840008	1
12.3313248158	-1
12.3313248158	-1
12.3313248158	-1
12.3313248158	-1
12.3313248158	-1
12.3313248158	-1
12.3313248158	-1
12.3313248158	-1
12.3313248158	-1
12.3447768688	-1
12.3447768688	-1
12.3447768688	-1
12.3447768688	-1
12.3447768688	-1
12.3564507961	-1
12.3573157787	-1
12.3573157787	-1
12.3573157787	-1
12.3573157787	-1
12.3573157787	-1
12.3573157787	-1
12.3573157787	-1
12.3677968979	-1
12.3677968979	-1
12.3677968979	-1
12.3677968979	-1
12.3677968979	-1
12.3677968979	-1
12.3677968979	-1
12.3677968979	-1
12.3846099377	-1
12.3846099377	-1
12.3846099377	-1
12.3846099377	-1
12.3846099377	-1
12.3846099377	-1
12.3846099377	-1
12.3846099377	-1
12.396447897	-1
12.396447897	-1
12.396447897	-1
12.396447897	-1
12.396447897	-1
12.396447897	-1
12.396447897	-1
12.396447897	-1
12.4470038414	1
12.4858129025	-1
12.4858129025	-1
12.4903597832	-1
12.4903597832	-1
12.4903597832	-1
12.4903597832	-1
12.4903597832	-1
12.4903597832	-1
12.4903597832	-1
12.4942259789	-1
12.4942259789	-1
12.4942259789	-1
12.4942259789	-1
12.4942259789	-1
12.4942259789	-1
12.4942259789	-1
12.5187239647	-1
12.5187239647	-1
12.5187239647	-1
12.5187239647	-1
12.5187239647	-1
12.5187239647	-1
12.5187239647	-1
12.5316050053	-1
12.5316050053	-1
12.5316050053	-1
12.5316050053	-1
12.5316050053	-1
12.5316050053	-1
12.5316050053	-1
12.5316050053	-1
12.5338499546	1
12.5338499546	1
12.5338499546	1
12.5869579315	-1
12.5869579315	-1
12.5869579315	-1
12.5913829803	-1
12.5913829803	-1
12.5913829803	-1
12.5913829803	-1
12.5913829803	-1
12.5913829803	-1
12.6404089928	-1
12.6404089928	-1
12.6404089928	-1
12.6404089928	-1
12.6404089928	-1
12.6404089928	-1
12.6404089928	-1
12.6404089928	-1
12.6450958252	-1
12.6450958252	-1
12.6450958252	-1
12.6450958252	-1
12.6450958252	-1
12.6450958252	-1
12.6450958252	-1
12.6450958252	-1
12.6487619877	-1
12.6523859501	-1
12.6523859501	-1
12.6523859501	-1
12.6523859501	-1
12.6523859501	-1
12.6523859501	-1
12.6523859501	-1
12.6562359333	-1
12.6793279648	-1
12.6793279648	-1
12.6793279648	-1
12.6793279648	-1
12.6793279648	-1
12.6793279648	-1
12.6793279648	-1
12.6801609993	1
12.6801609993	1
12.6801609993	1
12.686934948	-1
12.686934948	-1
12.686934948	-1
12.686934948	-1
12.686934948	-1
12.686934948	-1
12.686934948	-1
12.695830822	1
12.695830822	1
12.7470388412	-1
12.7470388412	-1
12.7605578899	-1
12.7605578899	-1
12.7605578899	-1
12.7605578899	-1
12.7605578899	-1
12.7605578899	-1
12.7605578899	-1
12.7665569782	-1
12.781690836	-1
12.781690836	-1
12.781690836	-1
12.781690836	-1
12.781690836	-1
12.781690836	-1
12.781690836	-1
12.8588550091	-1
12.8588550091	-1
12.8671498299	-1
12.8671498299	-1
12.8671498299	-1
12.8671498299	-1
12.8671498299	-1
12.8671498299	-1
12.8671498299	-1
12.8735377789	-1
12.8735377789	-1
12.8735377789	-1
12.8791079521	-1
12.9150238037	-1
12.9150559902	1
12.9150559902	1
13.0524978638	-1
13.0803937912	-1
13.0803937912	-1
13.0803937912	-1
13.0803937912	-1
13.0803937912	-1
13.0803937912	-1
13.0803937912	-1
13.1109647751	-1
13.1109647751	-1
13.1109647751	-1
13.1109647751	-1
13.1109647751	-1
13.1109647751	-1
13.1109647751	-1
13.1133189201	1
13.1399037838	-1
13.1399037838	-1
13.1399037838	-1
13.1399037838	-1
13.1399037838	-1
13.1399037838	-1
13.1399037838	-1
13.1412379742	1
13.1412379742	1
13.1412379742	1
13.1767039299	-1
13.1768069267	-1
13.1768069267	-1
13.1768069267	-1
13.1768069267	-1
13.1768069267	-1
13.1768069267	-1
13.1975688934	-1
13.1975688934	-1
13.1975688934	-1
13.2150378227	-1
13.2150378227	-1
13.2150378227	-1
13.2150378227	-1
13.2150378227	-1
13.2150378227	-1
13.2150378227	-1
13.2150378227	-1
13.2218167782	-1
13.2218167782	-1
13.2218167782	-1
13.2218167782	-1
13.2218167782	-1
13.2218167782	-1
13.2218167782	-1
13.2593178749	-1
13.2593178749	-1
13.2593178749	-1
13.2593178749	-1
13.2593178749	-1
13.2593178749	-1
13.2593178749	-1
13.2593178749	-1
13.282435894	-1
13.282435894	-1
13.282435894	-1
13.282435894	-1
13.282435894	-1
13.282435894	-1
13.282435894	-1
13.282435894	-1
13.315281868	-1
13.315281868	-1
13.3297178745	-1
13.3297178745	-1
13.3297178745	-1
13.3584079742	-1
13.3584079742	-1
13.3670709133	-1
13.3670709133	-1
13.3670709133	-1
13.3670709133	-1
13.3670709133	-1
13.3670709133	-1
13.3809139729	-1
13.3809139729	-1
13.3809139729	-1
13.3809139729	-1
13.3809139729	-1
13.3809139729	-1
13.3809139729	-1
13.3809139729	-1
13.4042229652	-1
13.4042229652	-1
13.4042229652	-1
13.4042229652	-1
13.4042229652	-1
13.4042229652	-1
13.4042229652	-1
13.4042229652	-1
13.4042608738	1
13.4042608738	1
13.4433670044	-1
13.4433670044	-1
13.4433670044	-1
13.4433670044	-1
13.4433670044	-1
13.4433670044	-1
13.4433670044	-1
13.4433670044	-1
13.4571559429	-1
13.4873428345	-1
13.4873428345	-1
13.4873428345	-1
13.4873428345	-1
13.4873428345	-1
13.4873428345	-1
13.4873428345	-1
13.4873428345	-1
13.5047688484	-1
13.5047688484	-1
13.5047688484	-1
13.5047688484	-1
13.5047688484	-1
13.5047688484	-1
13.5047688484	-1
13.5360219479	-1
13.5360219479	-1
13.5360219479	-1
13.5360219479	-1
13.5360219479	-1
13.5360219479	-1
13.5360219479	-1
13.5360219479	-1
13.5427370071	-1
13.5427370071	-1
13.5427370071	-1
13.5427370071	-1
13.5427370071	-1
13.5427370071	-1
13.5427370071	-1
13.5427689552	1
13.5427689552	1
13.56366992	-1
13.56366992	-1
13.5926449299	-1
13.5926449299	-1
13.5926449299	-1
13.5926449299	-1
13.5926449299	-1
13.5926449299	-1
13.5926449299	-1
13.5926449299	-1
13.5979888439	-1
13.5979888439	-1
13.5979888439	-1
13.5979888439	-1
13.5979888439	-1
13.5979888439	-1
13.5979888439	-1
13.6114637852	-1
13.625041008	-1
13.625041008	-1
13.625041008	-1
13.625041008	-1
13.625041008	-1
13.625041008	-1
13.625041008	-1
13.6719179153	-1
13.6765468121	-1
13.6765468121	-1
13.6765468121	-1
13.6765468121	-1
13.6765468121	-1
13.6765468121	-1
13.6765468121	-1
13.6851677895	-1
13.6851677895	-1
13.6851677895	-1
13.6851677895	-1
13.6851677895	-1
13.6851677895	-1
13.6851677895	-1
13.6851677895	-1
13.685199976	1
13.685199976	1
13.6983947754	-1
13.6983947754	-1
13.6983947754	-1
13.6983947754	-1
13.6983947754	-1
13.6983947754	-1
13.6983947754	-1
13.6983947754	-1
13.7022848129	-1
13.7022848129	-1
13.7022848129	-1
13.7022848129	-1
13.7022848129	-1
13.7022848129	-1
13.7059099674	-1
13.7059099674	-1
13.7133848667	-1
13.7133848667	-1
13.7133848667	-1
13.7133848667	-1
13.7133848667	-1
13.7133848667	-1
13.7133848667	-1
13.7133848667	-1
13.7240638733	1
13.7240638733	1
13.7240638733	1
13.7240638733	1
13.7266139984	-1
13.7266139984	-1
13.7341508865	-1
13.7341508865	-1
13.7341508865	-1
13.7341508865	-1
13.7341508865	-1
13.7341508865	-1
13.7341508865	-1
13.7348527908	1
13.7348527908	1
13.7381429672	-1
13.7381429672	-1
13.7381429672	-1
13.7381429672	-1
13.7381429672	-1
13.7381429672	-1
13.7420339584	-1
13.7420339584	-1
13.745746851	-1
13.745746851	-1
13.745746851	-1
13.745746851	-1
13.745746851	-1
13.745746851	-1
13.745746851	-1
13.7746369839	-1
13.7746369839	-1
13.7746369839	-1
13.7746369839	-1
13.7746369839	-1
13.7746369839	-1
13.7746369839	-1
13.7899138927	-1
13.7936198711	-1
13.7936198711	-1
13.7936198711	-1
13.7936198711	-1
13.7936198711	-1
13.7936198711	-1
13.7936198711	-1
13.7936198711	-1
13.7938499451	-1
13.7938499451	-1
13.7938499451	-1
13.7938499451	-1
13.7938499451	-1
13.8323659897	-1
13.8323659897	-1
13.8323659897	-1
13.8323659897	-1
13.8323659897	-1
13.8323659897	-1
13.8323659897	-1
13.8323659897	-1
13.8323659897	-1
13.8323988914	1
13.8380408287	-1
13.8380408287	-1
13.8380408287	-1
13.8380408287	-1
13.8380408287	-1
13.8380408287	-1
13.8457398415	-1
13.8457398415	-1
13.8557949066	-1
13.8557949066	-1
13.8557949066	-1
13.8557949066	-1
13.8557949066	-1
13.8557949066	-1
13.8557949066	-1
13.8597679138	-1
13.8715598583	-1
13.8715598583	-1
13.8715598583	-1
13.8715598583	-1
13.8715598583	-1
13.8715598583	-1
13.8715598583	-1
13.8785858154	-1
13.8822109699	-1
13.8822109699	-1
13.8822109699	-1
13.8822109699	-1
13.8822109699	-1
13.8822109699	-1
13.8822109699	-1
13.886122942	-1
14.0774769783	-1
14.0774769783	-1
14.0774769783	-1
14.0774769783	-1
14.0774769783	-1
14.0774769783	-1
14.0774769783	-1
14.0774769783	-1
14.0972177982	-1
14.1148648262	1
14.1150817871	1
14.1150817871	1
14.1150817871	1
14.1150817871	1
14.1156749725	1
14.1156749725	1
14.1168549061	-1
14.1168549061	-1
14.1168549061	-1
14.1168549061	-1
14.1168549061	-1
14.1168549061	-1
14.1503989697	-1
14.1503989697	-1
14.1503989697	-1
14.1628909111	-1
14.1628909111	-1
14.1628909111	-1
14.1628909111	-1
14.1628909111	-1
14.1823868752	-1
14.1823868752	-1
14.1823868752	-1
14.1823868752	-1
14.1823868752	-1
14.1823868752	-1
14.1823868752	-1
14.198707819	-1
14.198707819	-1
14.198707819	-1
14.198707819	-1
14.198707819	-1
14.198707819	-1
14.198707819	-1
14.2125740051	-1
14.2125740051	-1
14.2125740051	-1
14.2125740051	-1
14.2125740051	-1
14.2125740051	-1
14.2125740051	-1
14.2125740051	-1
14.2138679028	1
14.2138679028	1
14.2236068249	-1
14.2236068249	-1
14.2236068249	-1
14.2236068249	-1
14.2236068249	-1
14.2236068249	-1
14.2236068249	-1
14.2236068249	-1
14.2236068249	-1
14.2340118885	-1
14.2340118885	-1
14.2386817932	-1
14.2386817932	-1
14.2386817932	-1
14.2386817932	-1
14.2386817932	-1
14.2386817932	-1
14.2386817932	-1
14.2436378002	-1
14.2436378002	-1
14.2436378002	-1
14.2436378002	-1
14.2436378002	-1
14.2436378002	-1
14.2483890057	-1
14.2483890057	-1
14.2530589104	-1
14.2530589104	-1
14.2530589104	-1
14.2530589104	-1
14.2530589104	-1
14.2530589104	-1
14.2530589104	-1
14.2530999184	1
14.2792937756	-1
14.2792937756	-1
14.2792937756	-1
14.2792937756	-1
14.2792937756	-1
14.2792937756	-1
14.2792937756	-1
14.2792937756	-1
14.2879328728	-1
14.2991387844	-1
14.2991387844	-1
14.2991387844	-1
14.2991387844	-1
14.2991387844	-1
14.2991387844	-1
14.2991387844	-1
14.2991387844	-1
14.3053498268	-1
14.3053498268	-1
14.3053498268	-1
14.3053498268	-1
14.3053498268	-1
14.3053498268	-1
14.3053498268	-1
14.3243899345	-1
14.3243899345	-1
14.3243899345	-1
14.3243899345	-1
14.3243899345	-1
14.3243899345	-1
14.3243899345	-1
14.3243899345	-1
14.3339688778	-1
14.3339688778	-1
14.3339688778	-1
14.3339688778	-1
14.3339688778	-1
14.3339688778	-1
14.3339688778	-1
14.3352627754	1
14.3352627754	1
14.3352627754	1
14.3376100063	-1
14.338632822	1
14.338632822	1
14.3412218094	-1
14.3412218094	-1
14.3412218094	-1
14.3412218094	-1
14.3412218094	-1
14.3412218094	-1
14.3412218094	-1
14.3440477848	1
14.3440477848	1
14.3440477848	1
14.3448569775	-1
14.3448569775	-1
14.3448569775	-1
14.3448569775	-1
14.3448569775	-1
14.3448569775	-1
14.3448569775	-1
14.3520038128	-1
14.3520038128	-1
14.3520038128	-1
14.3520038128	-1
14.354831934	-1
14.354831934	-1
14.354831934	-1
14.354831934	-1
14.354831934	-1
14.354831934	-1
14.354831934	-1
14.3592197895	-1
14.3592197895	-1
14.3592197895	-1
14.3592197895	-1
14.3592197895	-1
14.3592197895	-1
14.3592197895	-1
14.3714108467	-1
14.3714108467	-1
14.3714108467	-1
14.3714108467	-1
14.3714108467	-1
14.3714108467	-1
14.3714108467	-1
14.3716340065	-1
14.3716340065	-1
14.3717567921	-1
14.3717567921	-1
14.3717567921	-1
14.3717567921	-1
14.3717567921	-1
14.3717567921	-1
14.3717567921	-1
14.3764629364	-1
14.4064838886	-1
14.4064838886	-1
14.4100129604	-1
14.4100129604	-1
14.4100129604	-1
14.4100129604	-1
14.4100129604	-1
14.4100129604	-1
14.4100129604	-1
14.4100129604	-1
14.4102349281	-1
14.4102349281	-1
14.4102349281	-1
14.4102349281	-1
14.4102349281	-1
14.4136109352	-1
14.4246919155	-1
14.4246919155	-1
14.4246919155	-1
14.4246919155	-1
14.4246919155	-1
14.4246919155	-1
14.4246919155	-1
14.4340288639	-1
14.4340288639	-1
14.4340288639	-1
14.4340288639	-1
14.4340288639	-1
14.4340288639	-1
14.4340288639	-1
14.4340288639	-1
14.4377758503	-1
14.4447178841	-1
14.4447178841	-1
14.4447178841	-1
14.4447178841	-1
14.4447178841	-1
14.4447178841	-1
14.4447178841	-1
14.447884798	-1
14.4536678791	-1
14.4536678791	-1
14.4536678791	-1
14.4536678791	-1
14.4536678791	-1
14.4536678791	-1
14.4536678791	-1
14.4536678791	-1
14.4624538422	-1
14.4624538422	-1
14.4655869007	-1
14.4655869007	-1
14.4655869007	-1
14.4655869007	-1
14.4655869007	-1
14.4655869007	-1
14.4655869007	-1
14.4655869007	-1
14.4714169502	-1
14.4714169502	-1
14.4714169502	-1
14.4714169502	-1
14.4714169502	-1
14.4714169502	-1
14.4714169502	-1
14.476295948	-1
14.476295948	-1
14.476295948	-1
14.476295948	-1
14.476295948	-1
14.476295948	-1
14.476295948	-1
14.476295948	-1
14.4873859882	-1
14.4873859882	-1
14.4873859882	-1
14.4873859882	-1
14.4873859882	-1
14.4873859882	-1
14.4978199005	-1
14.4978199005	-1
14.4978199005	-1
14.4978199005	-1
14.4978199005	-1
14.4978199005	-1
14.4978199005	-1
14.5233569145	-1
14.5233569145	-1
14.5233569145	-1
14.5233569145	-1
14.5233569145	-1
14.5233569145	-1
14.5233569145	-1
14.5233569145	-1
14.5365848541	-1
14.5365848541	-1
14.5365848541	-1
14.5365848541	-1
14.5365848541	-1
14.5365848541	-1
14.5365848541	-1
14.5377149582	1
14.5377149582	1
14.5377149582	1
14.542154789	-1
14.5472548008	-1
14.5472548008	-1
14.5472548008	-1
14.5472548008	-1
14.5472548008	-1
14.5472548008	-1
14.5572919846	-1
14.5572919846	-1
14.5614259243	-1
14.5614259243	-1
14.5614259243	-1
14.5614259243	-1
14.5614259243	-1
14.5614259243	-1
14.5614259243	-1
14.5614259243	-1
14.6082818508	-1
14.6082818508	-1
14.6082818508	-1
14.6082818508	-1
14.6082818508	-1
14.6082818508	-1
14.6082818508	-1
14.6082818508	-1
14.6293540001	-1
14.6293540001	-1
14.6293540001	-1
14.6293540001	-1
14.6293540001	-1
14.6293540001	-1
14.6534979343	-1
14.6534979343	-1
14.6534979343	-1
14.6534979343	-1
14.6534979343	-1
14.6534979343	-1
14.6534979343	-1
14.6534979343	-1
14.6534979343	-1
14.6765167713	-1
14.6765167713	-1
14.6828439236	-1
14.6828439236	-1
14.6828439236	-1
14.6828439236	-1
14.6828439236	-1
14.6828439236	-1
14.6961548328	-1
14.6961548328	-1
14.6974208355	1
14.7113637924	-1
14.7113637924	-1
14.7113637924	-1
14.7113637924	-1
14.7113637924	-1
14.7113637924	-1
14.7113637924	-1
14.7113637924	-1
14.7240669727	-1
14.7240669727	-1
14.7240669727	-1
14.7240669727	-1
14.7240669727	-1
14.7240669727	-1
14.7240669727	-1
14.7321968079	-1
14.7533938885	-1
14.7533938885	-1
14.7533938885	-1
14.7533938885	-1
14.7533938885	-1
14.7533938885	-1
14.7533938885	-1
14.7728970051	-1
14.7728970051	-1
14.7728970051	-1
14.7728970051	-1
14.7728970051	-1
14.7728970051	-1
14.7728970051	-1
14.7728970051	-1
14.7851958275	-1
14.7851958275	-1
14.7902138233	-1
14.7902138233	-1
14.7902138233	-1
14.7902138233	-1
14.7902138233	-1
14.7902138233	-1
14.7902138233	-1
14.7950668335	-1
14.7950668335	-1
14.7950668335	-1
14.7950668335	-1
14.7950668335	-1
14.7950668335	-1
14.7996349335	-1
14.7996349335	-1
14.8093829155	-1
14.8093829155	-1
14.8093829155	-1
14.8280367851	-1
14.8280367851	-1
14.8280367851	-1
14.8280367851	-1
14.8280367851	-1
14.8541479111	-1
14.8541479111	-1
14.8541479111	-1
14.8541479111	-1
14.8541808128	1
14.8541808128	1
14.8711979389	-1
14.8711979389	-1
14.8711979389	-1
14.8711979389	-1
14.890805006	-1
14.890805006	-1
14.890805006	-1
14.890805006	-1
14.890805006	-1
14.890805006	-1
14.890805006	-1
14.890805006	-1
14.8993449211	-1
14.8993449211	-1
14.8993449211	-1
14.8993449211	-1
14.8993449211	-1
14.8993449211	-1
14.8993449211	-1
14.9868597984	-1
14.9868597984	-1
14.9868597984	-1
14.9868597984	-1
14.9868597984	-1
14.9868597984	-1
14.9868597984	-1
14.9868597984	-1
15.0447947979	-1
15.0447947979	-1
15.0447947979	-1
15.0447947979	-1
15.0447947979	-1
15.0447947979	-1
15.0447947979	-1
15.0731418133	-1
15.0731418133	-1
15.0743248463	1
15.0979688168	-1
15.0979688168	-1
15.0979688168	-1
15.1278669834	-1
15.1278669834	-1
15.1278669834	-1
15.1278669834	-1
15.1278669834	-1
15.1278669834	-1
15.1278669834	-1
15.1278669834	-1
15.1361188889	-1
15.1361188889	-1
15.1361188889	-1
15.1361188889	-1
15.1361188889	-1
15.1655709743	-1
15.1669077873	-1
15.1669077873	-1
15.1669077873	-1
15.1669077873	-1
15.1669077873	-1
15.1669077873	-1
15.207821846	-1
15.207821846	-1
15.207821846	-1
15.207821846	-1
15.207821846	-1
15.207821846	-1
15.207821846	-1
15.207821846	-1
15.2420158386	-1
15.2420158386	-1
15.2420158386	-1
15.2420158386	-1
15.2420158386	-1
15.2420158386	-1
15.2420158386	-1
15.2420499325	1
15.2420499325	1
15.2519478798	-1
15.2519478798	-1
15.267018795	-1
15.267018795	-1
15.267018795	-1
15.267018795	-1
15.267018795	-1
15.267018795	-1
15.2756829262	-1
15.2756829262	-1
15.3028578758	-1
15.3028578758	-1
15.3028578758	-1
15.3028578758	-1
15.3028578758	-1
15.3028578758	-1
15.3028578758	-1
15.3028578758	-1
15.3110079765	-1
15.3110079765	-1
15.3110079765	-1
15.3110079765	-1
15.3110079765	-1
15.3110079765	-1
15.3110079765	-1
15.3374888897	-1
15.3374888897	-1
15.3374888897	-1
15.3374888897	-1
15.3374888897	-1
15.3374888897	-1
15.3374888897	-1
15.3824977875	-1
15.3824977875	-1
15.3824977875	-1
15.3824977875	-1
15.3824977875	-1
15.3824977875	-1
15.3824977875	-1
15.3824977875	-1
15.3824977875	-1
15.3825309277	1
15.4018318653	-1
15.4018318653	-1
15.4090199471	-1
15.4090199471	-1
15.4090199471	-1
15.4090199471	-1
15.4090199471	-1
15.423199892	-1
15.423199892	-1
15.423199892	-1
15.423199892	-1
15.423199892	-1
15.423199892	-1
15.423199892	-1
15.423199892	-1
15.423199892	-1
15.4345388412	-1
15.4345388412	-1
15.4345388412	-1
15.4345388412	-1
15.4345388412	-1
15.4345388412	-1
15.4345388412	-1
15.4345388412	-1
15.4450209141	-1
15.4450209141	-1
15.4497888088	-1
15.4497888088	-1
15.4497888088	-1
15.4497888088	-1
15.4833059311	-1
15.4833059311	-1
15.4833059311	-1
15.4833059311	-1
15.4833059311	-1
15.4833059311	-1
15.4833059311	-1
15.4888079166	-1
15.4888079166	-1
15.4888079166	-1
15.4888079166	-1
15.4888079166	-1
15.4888079166	-1
15.5580458641	-1
15.5580458641	-1
15.5580458641	-1
15.5580790043	1
15.561275959	-1
15.561275959	-1
15.561275959	-1
15.561275959	-1
15.561275959	-1
15.561275959	-1
15.561275959	-1
15.5665049553	-1
15.5665049553	-1
15.5665049553	-1
15.5665049553	-1
15.5665049553	-1
15.5665049553	-1
15.5665049553	-1
15.5725929737	-1
15.5725929737	-1
15.5835189819	-1
15.5835189819	-1
15.5835189819	-1
15.5835189819	-1
15.5835189819	-1
15.5835189819	-1
15.5835189819	-1
15.5882658958	-1
15.5882658958	-1
15.5882658958	-1
15.5882658958	-1
15.5882658958	-1
15.5882658958	-1
15.5882658958	-1
15.5978109837	-1
15.5978109837	-1
15.5978109837	-1
15.5978109837	-1
15.5978109837	-1
15.5978109837	-1
15.5978109837	-1
15.5978109837	-1
15.6055319309	-1
15.6055319309	-1
15.6055319309	-1
15.6055319309	-1
15.6055319309	-1
15.6055319309	-1
15.6055319309	-1
15.6055319309	-1
15.6125760078	-1
15.6125760078	-1
15.615503788	-1
15.615503788	-1
15.615503788	-1
15.615503788	-1
15.615503788	-1
15.615503788	-1
15.6232149601	-1
15.6232149601	-1
15.6232149601	-1
15.6232149601	-1
15.6232149601	-1
15.6232149601	-1
15.6232149601	-1
15.6232149601	-1
15.6318459511	-1
15.6318459511	-1
15.6377239227	-1
15.6377239227	-1
15.6377239227	-1
15.6377239227	-1
15.6377239227	-1
15.6377239227	-1
15.6377239227	-1
15.6429269314	-1
15.6429269314	-1
15.6429269314	-1
15.6429269314	-1
15.6429269314	-1
15.6429269314	-1
15.6429269314	-1
15.670429945	-1
15.670429945	-1
15.670429945	-1
15.671738863	1
15.671738863	1
15.671738863	1
15.6813819408	-1
15.6813819408	-1
15.6813819408	-1
15.6813819408	-1
15.6813819408	-1
15.6813819408	-1
15.6813819408	-1
15.6925039291	-1
15.6925039291	-1
15.6925039291	-1
15.6925039291	-1
15.6925039291	-1
15.6925039291	-1
15.6925039291	-1
15.7036669254	-1
15.7036669254	-1
15.7036669254	-1
15.7036669254	-1
15.7036669254	-1
15.7036669254	-1
15.7036669254	-1
15.7036669254	-1
15.7254748344	-1
15.7406308651	-1
15.7406308651	-1
15.7406308651	-1
15.7406308651	-1
15.7406308651	-1
15.7406308651	-1
15.7495799065	-1
15.7495799065	-1
15.7535979748	-1
15.7535979748	-1
15.7535979748	-1
15.7535979748	-1
15.7535979748	-1
15.7535979748	-1
15.7535979748	-1
15.7535979748	-1
15.7570128441	-1
15.7570128441	-1
15.7570128441	-1
15.7570128441	-1
15.7570128441	-1
15.7570128441	-1
15.7570128441	-1
15.7629699707	-1
15.7629699707	-1
15.7629699707	-1
15.7629699707	-1
15.7629699707	-1
15.7629699707	-1
15.7629699707	-1
15.7629699707	-1
15.7854368687	-1
15.7854368687	-1
15.7886519432	-1
15.7886519432	-1
15.7886519432	-1
15.7886519432	-1
15.7886519432	-1
15.7886519432	-1
15.7886519432	-1
15.7921128273	-1
15.8042337894	-1
15.8042337894	-1
15.8042337894	-1
15.8042337894	-1
15.8042337894	-1
15.8042337894	-1
15.8042337894	-1
15.8238837719	-1
15.8238837719	-1
15.8238837719	-1
15.8238837719	-1
15.8238837719	-1
15.8238837719	-1
15.8238837719	-1
15.8365588188	-1
15.8365588188	-1
15.8365588188	-1
15.8365588188	-1
15.8365588188	-1
15.8365588188	-1
15.8365588188	-1
15.8365588188	-1
15.8454389572	-1
15.8454389572	-1
15.8454389572	-1
15.8454389572	-1
15.8454389572	-1
15.8454389572	-1
15.8454389572	-1
15.8454389572	-1
15.8454709053	1
15.8454709053	1
15.8606138229	-1
15.8606138229	-1
15.8606138229	-1
15.8606138229	-1
15.8936638832	-1
15.8936638832	-1
15.8936638832	-1
15.8936638832	-1
15.8936638832	-1
15.8936638832	-1
15.8936638832	-1
15.8936638832	-1
15.9371438026	-1
15.9371438026	-1
15.9371438026	-1
15.9371438026	-1
15.9371438026	-1
15.9371438026	-1
15.9371438026	-1
15.9580719471	-1
15.9580719471	-1
15.9580719471	-1
15.9580719471	-1
15.9580719471	-1
15.9580719471	-1
15.9580719471	-1
15.9580719471	-1
15.9828078747	-1
15.9828078747	-1
15.9887969494	-1
15.9887969494	-1
15.9887969494	-1
15.9887969494	-1
15.9887969494	-1
15.9887969494	-1
15.9887969494	-1
15.9888279438	1
15.9941539764	-1
15.9941539764	-1
15.9941539764	-1
15.9941539764	-1
15.9941539764	-1
15.9941539764	-1
16.0009717941	-1
16.0009717941	-1
16.0687999725	-1
16.0687999725	-1
16.0687999725	-1
16.0687999725	-1
16.0687999725	-1
16.0687999725	-1
16.0687999725	-1
16.0687999725	-1
16.0731790066	-1
16.0731790066	-1
16.0731790066	-1
16.0731790066	-1
16.0731790066	-1
16.0731790066	-1
16.0731790066	-1
16.081597805	-1
16.081597805	-1
16.0864708424	-1
16.0864708424	-1
16.0864708424	-1
16.0864708424	-1
16.0864708424	-1
16.0864708424	-1
16.0962178707	-1
16.0962178707	-1
16.0962178707	-1
16.0962178707	-1
16.0962178707	-1
16.0962178707	-1
16.0962178707	-1
16.0962178707	-1
16.1107189655	-1
16.1107189655	-1
16.1107189655	-1
16.1107189655	-1
16.1107189655	-1
16.1107189655	-1
16.1107189655	-1
16.1107189655	-1
16.1528398991	-1
16.1528739929	1
16.1528739929	1
16.1810028553	-1
16.1810028553	-1
16.1810028553	-1
16.1810028553	-1
16.1810028553	-1
16.1810028553	-1
16.1810028553	-1
16.1810028553	-1
16.1848518848	-1
16.1883537769	-1
16.1883537769	-1
16.1883537769	-1
16.1883537769	-1
16.1883537769	-1
16.1883537769	-1
16.1883537769	-1
16.1920998096	-1
16.1920998096	-1
16.1920998096	-1
16.1920998096	-1
16.1920998096	-1
16.2133579254	-1
16.2267138958	-1
16.2267138958	-1
16.2267138958	-1
16.2267138958	-1
16.2267138958	-1
16.2267138958	-1
16.2267138958	-1
16.2293498516	-1
16.2316169739	-1
16.2316169739	-1
16.2316169739	-1
16.2316169739	-1
16.2316169739	-1
16.2316169739	-1
16.290476799	-1
16.2905089855	1
16.4277877808	-1
16.4307157993	-1
16.4307157993	-1
16.4307157993	-1
16.4307157993	-1
16.4307157993	-1
16.4307157993	-1
16.4307157993	-1
16.4349548817	-1
16.4349548817	-1
16.4349548817	-1
16.4349548817	-1
16.4349548817	-1
16.4349548817	-1
16.4349548817	-1
16.4361569881	1
16.4411609173	-1
16.4411609173	-1
16.4411609173	-1
16.4411609173	-1
16.4411609173	-1
16.4411609173	-1
16.4411609173	-1
16.4411609173	-1
16.4501318932	-1
16.4501318932	-1
16.4501318932	-1
16.4501318932	-1
16.4501318932	-1
16.4501318932	-1
16.4526898861	-1
16.4526898861	-1
16.4526898861	-1
16.4645278454	-1
16.4645278454	-1
16.4645278454	-1
16.4645278454	-1
16.4645278454	-1
16.4703829288	-1
16.4703829288	-1
16.4703829288	-1
16.4944679737	-1
16.4944679737	-1
16.4944679737	-1
16.4944679737	-1
16.4944679737	-1
16.4944679737	-1
16.4944679737	-1
16.4944679737	-1
16.6032729149	-1
16.6032729149	-1
16.6032729149	-1
16.6032729149	-1
16.6032729149	-1
16.6032729149	-1
16.6032729149	-1
16.6032729149	-1
16.6168479919	-1
16.6236498356	-1
16.6236498356	-1
16.6236498356	-1
16.6236498356	-1
16.6236498356	-1
16.6236498356	-1
16.635504961	-1
16.635504961	-1
16.635504961	-1
16.635504961	-1
16.635504961	-1
16.635504961	-1
16.635504961	-1
16.635504961	-1
16.6443607807	-1
16.6443607807	-1
16.6443607807	-1
16.6443607807	-1
16.6443607807	-1
16.6443607807	-1
16.6443607807	-1
16.6443607807	-1
16.6517038345	-1
16.6517038345	-1
16.6517038345	-1
16.6517038345	-1
16.6517038345	-1
16.6517038345	-1
16.6517038345	-1
16.6530818939	1
16.6669209003	-1
16.671751976	-1
16.671751976	-1
16.671751976	-1
16.74076581	-1
16.770416975	-1
16.770416975	-1
16.770416975	-1
16.770416975	-1
16.770416975	-1
16.770416975	-1
16.8282189369	-1
16.8282189369	-1
16.8282458782	1
16.8312609196	-1
16.8312609196	-1
16.8312609196	-1
16.8312609196	-1
16.8312609196	-1
16.8312609196	-1
16.8693099022	-1
16.8693099022	-1
16.8693099022	-1
16.8693099022	-1
16.8693099022	-1
16.8693099022	-1
16.8693099022	-1
16.8693099022	-1
16.9075808525	-1
16.9818379879	-1
16.9818379879	-1
16.9818379879	-1
16.9818379879	-1
16.9818379879	-1
16.9818379879	-1
16.9818379879	-1
16.9818379879	-1
17.0459837914	1
17.0688757896	-1
17.0688757896	-1
17.0688757896	-1
17.0688757896	-1
17.0688757896	-1
17.0688757896	-1
17.0688757896	-1
17.0910308361	-1
17.0911359787	-1
17.0911359787	-1
17.0911359787	-1
17.0911359787	-1
17.0911359787	-1
17.0911359787	-1
17.0911359787	-1
17.2305707932	-1
17.2305707932	-1
17.2305707932	-1
17.2305707932	-1
17.2305707932	-1
17.2305707932	-1
17.2305707932	-1
17.2305707932	-1
17.2483468056	-1
17.2596099377	-1
17.2596099377	-1
17.2596099377	-1
17.2596099377	-1
17.2596099377	-1
17.2596099377	-1
17.2596099377	-1
17.276709795	-1
17.359667778	-1
17.359667778	-1
17.359667778	-1
17.359667778	-1
17.359667778	-1
17.359667778	-1
17.359667778	-1
17.3735759258	-1
17.3736789227	-1
17.3736789227	-1
17.3736789227	-1
17.3736789227	-1
17.3736789227	-1
17.3736789227	-1
17.3736789227	-1
17.3747358322	1
17.3805718422	-1
17.3805718422	-1
17.3805718422	-1
17.3805718422	-1
17.3805718422	-1
17.3805718422	-1
17.4088628292	-1
17.4127309322	-1
17.4127309322	-1
17.4127309322	-1
17.4127309322	-1
17.4127309322	-1
17.4127309322	-1
17.4127309322	-1
17.4179298878	-1
17.4179298878	-1
17.4179298878	-1
17.4225988388	-1
17.4263877869	-1
17.4263877869	-1
17.4263877869	-1
17.4263877869	-1
17.4263877869	-1
17.4263877869	-1
17.4263877869	-1
17.4306848049	-1
17.4423019886	-1
17.4423019886	-1
17.4423019886	-1
17.4423019886	-1
17.4423019886	-1
17.4423019886	-1
17.4423019886	-1
17.447644949	-1
17.447644949	-1
17.4777388573	-1
17.4777388573	-1
17.4777388573	-1
17.4777388573	-1
17.4777388573	-1
17.4777388573	-1
17.4777388573	-1
17.4777388573	-1
17.482008934	-1
17.4888088703	-1
17.4888088703	-1
17.4888088703	-1
17.4888088703	-1
17.4888088703	-1
17.4888088703	-1
17.4888088703	-1
17.5176818371	-1
17.5177137852	1
17.5228419304	-1
17.5228419304	-1
17.5228419304	-1
17.5228419304	-1
17.5228419304	-1
17.5228419304	-1
17.5228419304	-1
17.5378727913	-1
17.5378727913	-1
17.5378727913	-1
17.5378727913	-1
17.5378727913	-1
17.5378727913	-1
17.5378727913	-1
17.5378727913	-1
17.5463519096	-1
17.5463519096	-1
17.5463519096	-1
17.5463519096	-1
17.5463519096	-1
17.5463519096	-1
17.555382967	-1
17.555382967	-1
17.571130991	-1
17.5951919556	-1
17.5960538387	-1
17.5960538387	-1
17.5960538387	-1
17.5960538387	-1
17.5960538387	-1
17.6018078327	-1
17.6018078327	-1
17.6018078327	-1
17.6018078327	-1
17.6018078327	-1
17.6018078327	-1
17.6018078327	-1
17.6106669903	-1
17.6106669903	-1
17.6106669903	-1
17.6106669903	-1
17.6106669903	-1
17.6106669903	-1
17.6106669903	-1
17.6106669903	-1
17.6201179028	-1
17.6201179028	-1
17.6201179028	-1
17.6201179028	-1
17.6201179028	-1
17.6201179028	-1
17.6201179028	-1
17.6236169338	-1
17.6236169338	-1
17.627384901	-1
17.6381249428	-1
17.6381249428	-1
17.6381249428	-1
17.6381249428	-1
17.6381249428	-1
17.6381249428	-1
17.6381249428	-1
17.6503498554	-1
17.6503498554	-1
17.6503498554	-1
17.6553878784	-1
17.6553988457	1
17.6553988457	1
17.6599538326	-1
17.6599538326	-1
17.6599538326	-1
17.673224926	-1
17.673224926	-1
17.673224926	-1
17.673224926	-1
17.673224926	-1
17.673224926	-1
17.673224926	-1
17.6800038815	-1
17.682051897	-1
17.682051897	-1
17.682051897	-1
17.682051897	-1
17.682051897	-1
17.682051897	-1
17.682051897	-1
17.6851019859	-1
17.6851019859	-1
17.6851019859	-1
17.6851019859	-1
17.6851019859	-1
17.6851019859	-1
17.6851019859	-1
17.6851019859	-1
17.6878669262	-1
17.6878669262	-1
17.6878669262	-1
17.6878669262	-1
17.6878669262	-1
17.6878669262	-1
17.6878669262	-1
17.6976358891	-1
17.6976358891	-1
17.6976358891	-1
17.6976358891	-1
17.6976358891	-1
17.6976358891	-1
17.6976358891	-1
17.6976358891	-1
17.6976358891	-1
17.7051918507	-1
17.7051918507	-1
17.7051918507	-1
17.7051918507	-1
17.7051918507	-1
17.7051918507	-1
17.7051918507	-1
17.7051918507	-1
17.715225935	-1
17.715225935	-1
17.715225935	-1
17.715225935	-1
17.715225935	-1
17.715225935	-1
17.715225935	-1
17.7186868191	-1
17.7832698822	-1
17.7832698822	-1
17.7832698822	-1
17.7832698822	-1
17.7832698822	-1
17.7832698822	-1
17.7832698822	-1
17.7832698822	-1
17.7915828228	-1
17.8166298866	-1
17.8166298866	-1
17.8166298866	-1
17.8166298866	-1
17.8166298866	-1
17.8166298866	-1
17.8166298866	-1
17.816660881	1
17.816660881	1
17.9922819138	1
18.0626599789	-1
18.0777139664	-1
18.0777139664	-1
18.0777139664	-1
18.0777139664	-1
18.0777139664	-1
18.0777139664	-1
18.0777139664	-1
18.0940959454	-1
18.0940959454	-1
18.0940959454	-1
18.0940959454	-1
18.0940959454	-1
18.0940959454	-1
18.0940959454	-1
18.0940959454	-1
18.1014399529	-1
18.1014399529	-1
18.1014399529	-1
18.1014399529	-1
18.1014399529	-1
18.1014399529	-1
18.1014399529	-1
18.1101679802	-1
18.1101679802	-1
18.1101679802	-1
18.1101679802	-1
18.1101679802	-1
18.1101679802	-1
18.1101679802	-1
18.1261839867	-1
18.1261839867	-1
18.1261839867	-1
18.1261839867	-1
18.1261839867	-1
18.1261839867	-1
18.1261839867	-1
18.1261839867	-1
18.1390328407	-1
18.1390328407	-1
18.139043808	1
18.150949955	-1
18.150949955	-1
18.1563558578	-1
18.1563558578	-1
18.1563558578	-1
18.1563558578	-1
18.1563558578	-1
18.1563558578	-1
18.1563558578	-1
18.170445919	-1
18.1705598831	-1
18.1705598831	-1
18.1705598831	-1
18.1705598831	-1
18.1705598831	-1
18.1705598831	-1
18.3878188133	-1
18.3878188133	-1
18.3878188133	-1
18.3878188133	-1
18.5224449635	1
18.6598279476	1
18.6598279476	1
19.579408884	-1
19.6865339279	-1
19.6865339279	-1
19.6865339279	-1
19.6865339279	-1
19.6865339279	-1
19.6865339279	-1
19.6865339279	-1
19.6865339279	-1
19.8336958885	-1
19.8336958885	-1
19.8336958885	-1
19.8336958885	-1
19.8336958885	-1
19.8336958885	-1
19.8336958885	-1
19.8336958885	-1
19.8410480022	-1
19.8410480022	-1
19.8410480022	-1
19.8410480022	-1
19.8410480022	-1
19.8410480022	-1
19.8410480022	-1
19.9914009571	-1
20.0176599026	-1
20.0176599026	-1
20.0176599026	-1
20.0176599026	-1
20.0176599026	-1
20.0176599026	-1
20.0176599026	-1
20.0176599026	-1
20.027545929	-1
20.0287308693	1
20.0973358154	-1
20.0973358154	-1
20.0973358154	-1
20.0973358154	-1
20.0973358154	-1
20.0973358154	-1
20.0973358154	-1
20.1044027805	-1
20.1044027805	-1
20.1044027805	-1
20.1044027805	-1
20.1044027805	-1
20.1044027805	-1
20.1044027805	-1
20.1288969517	-1
20.2661428452	-1
20.2661428452	-1
20.2686948776	-1
20.2686948776	-1
20.2686948776	-1
20.2686948776	-1
20.2686948776	-1
20.2686948776	-1
20.3400168419	-1
20.3400168419	-1
20.3400168419	-1
20.3400168419	-1
20.3400168419	-1
20.3400168419	-1
20.3400168419	-1
20.3400168419	-1
20.3817288876	-1
20.3817288876	-1
20.3817288876	-1
20.3817288876	-1
20.3817288876	-1
20.3817288876	-1
20.3817288876	-1
20.3817288876	-1
20.3821468353	1
20.4720158577	-1
20.4720158577	-1
20.4720158577	-1
20.4720158577	-1
20.4720158577	-1
20.4720158577	-1
20.4720158577	-1
20.4720158577	-1
20.4777789116	-1
20.4777789116	-1
20.4777789116	-1
20.4777789116	-1
20.4777789116	-1
20.4777789116	-1
20.4777789116	-1
20.5815739632	-1
20.5815739632	-1
20.5892369747	-1
20.5892369747	-1
20.5892369747	-1
20.5892369747	-1
20.5892369747	-1
20.5892369747	-1
20.5892369747	-1
20.6123459339	1
20.6232728958	-1
20.6232728958	-1
20.6232728958	-1
20.6232728958	-1
20.6232728958	-1
20.6232728958	-1
20.6232728958	-1
20.6232728958	-1
20.7256228924	-1
20.7407388687	-1
20.7407388687	-1
20.7407388687	-1
20.7407388687	-1
20.7407388687	-1
20.7407388687	-1
20.7407388687	-1
20.7492768764	-1
20.7492768764	-1
20.7492768764	-1
20.7492768764	-1
20.7492768764	-1
20.7492768764	-1
20.7492768764	-1
20.809915781	1
20.809915781	1
20.809915781	1
20.8121919632	1
20.8121919632	1
20.8269948959	1
20.8439059258	-1
20.8439059258	-1
20.8439059258	-1
20.8439059258	-1
20.8439059258	-1
20.8439059258	-1
20.8439059258	-1
20.8439059258	-1
20.8596329689	-1
20.8596329689	-1
20.8596329689	-1
20.8596329689	-1
20.8596329689	-1
20.8596329689	-1
20.8596329689	-1
20.8596329689	-1
20.8779428005	-1
21.0134899616	-1
21.0134899616	-1
21.0134899616	-1
21.0134899616	-1
21.0134899616	-1
21.0134899616	-1
21.0134899616	-1
21.0134899616	-1
21.0371417999	1
21.0501098633	-1
21.0501098633	-1
21.0501098633	-1
21.0612368584	-1
21.0612368584	-1
21.0612368584	-1
21.0612368584	-1
21.0612368584	-1
21.0612368584	-1
21.0612368584	-1
21.0689468384	-1
21.075345993	-1
21.075345993	-1
21.075345993	-1
21.075345993	-1
21.075345993	-1
21.075345993	-1
21.075345993	-1
21.0894889832	-1
21.0934388638	-1
21.0934388638	-1
21.0934388638	-1
21.0934388638	-1
21.0934388638	-1
21.0934388638	-1
21.0934388638	-1
21.1515269279	-1
21.1515269279	-1
21.1515269279	-1
21.1515269279	-1
21.1515269279	-1
21.1515269279	-1
21.1515269279	-1
21.1515269279	-1
21.1528599262	1
21.1528599262	1
21.1528599262	1
21.2601258755	1
21.2601258755	1
21.2601258755	1
21.3119068146	-1
21.3119068146	-1
21.311950922	1
21.3309288025	-1
21.3309288025	-1
21.3309288025	-1
21.3550338745	-1
21.3550338745	-1
21.3550338745	-1
21.3550338745	-1
21.3550338745	-1
21.4064619541	-1
21.4064619541	-1
21.4064619541	-1
21.4064619541	-1
21.4064619541	-1
21.4064619541	-1
21.4064619541	-1
21.4064619541	-1
21.4140298367	-1
21.4189867973	-1
21.4189867973	-1
21.4189867973	-1
21.4493498802	1
21.4519708157	1
21.4519708157	1
21.4519708157	1
21.4519708157	1
21.4519708157	1
21.4519708157	1
21.4519708157	1
21.4519708157	1
21.5114059448	1
21.5115888119	1
21.5115888119	1
21.5115888119	1
21.5706138611	-1
21.5706138611	-1
21.5706138611	-1
21.5866839886	1
21.6441497803	-1
21.6441497803	-1
21.6441497803	-1
21.6517908573	-1
21.6517908573	-1
21.6517908573	-1
21.6517908573	-1
21.6517908573	-1
21.6517908573	-1
21.6595649719	-1
21.6595649719	-1
21.6595649719	-1
21.6595649719	-1
21.6595649719	-1
21.6595649719	-1
21.6595649719	-1
21.6677598953	-1
21.6815237999	-1
21.6815237999	-1
21.6815237999	-1
21.6815237999	-1
21.6815237999	-1
21.6815237999	-1
21.6815237999	-1
21.6890997887	-1
21.6949768066	-1
21.6949768066	-1
21.6949768066	-1
21.6949768066	-1
21.6949768066	-1
21.6949768066	-1
21.6949768066	-1
21.7004439831	-1
21.7241008282	-1
21.7241008282	-1
21.7241008282	-1
21.7241008282	-1
21.7241008282	-1
21.7241008282	-1
21.7241008282	-1
21.7241008282	-1
21.7241368294	1
21.724437952	-1
21.724437952	-1
21.724437952	-1
21.724437952	-1
21.724437952	-1
21.724437952	-1
21.724437952	-1
21.7246639729	-1
21.7248179913	-1
21.7248179913	-1
21.7248179913	-1
21.7248179913	-1
21.7248179913	-1
21.7248179913	-1
21.7248179913	-1
21.8050727844	-1
21.8050727844	-1
21.8050727844	-1
21.8050727844	-1
21.8050727844	-1
21.8050727844	-1
21.8050727844	-1
21.8050727844	-1
21.8050727844	-1
21.8562068939	-1
21.8562068939	-1
21.8624408245	1
21.8889789581	-1
21.8889789581	-1
21.8889789581	-1
21.8889789581	-1
21.8889789581	-1
21.8889789581	-1
21.9039158821	-1
21.9039158821	-1
21.9039158821	-1
21.9045498371	1
21.9045498371	1
21.9045498371	1
21.9678909779	-1
21.9678909779	-1
21.9678909779	-1
21.9678909779	-1
21.9678909779	-1
21.9997529984	1
22.0083668232	-1
22.0083668232	-1
22.0083668232	-1
22.0575938225	-1
22.0575938225	-1
22.0575938225	-1
22.0575938225	-1
22.0575938225	-1
22.0575938225	-1
22.0575938225	-1
22.0857717991	-1
22.1370379925	1
22.1535568237	-1
22.1535568237	-1
22.1535568237	-1
22.1535568237	-1
22.1535568237	-1
22.1535568237	-1
22.1535568237	-1
22.1813249588	-1
22.1836538315	1
22.1836538315	1
22.1836538315	1
22.2031359673	-1
22.2031359673	-1
22.2031359673	-1
22.2031359673	-1
22.2031359673	-1
22.2031359673	-1
22.2031359673	-1
22.2031359673	-1
22.2147269249	1
22.2147269249	1
22.2183299065	-1
22.3402450085	-1
22.3402450085	-1
22.3402450085	-1
22.3410098553	1
22.3410098553	1
22.3410098553	1
22.4115319252	-1
22.4115438461	1
22.4484488964	-1
22.4484488964	-1
22.4484488964	-1
22.4553618431	-1
22.4553618431	-1
22.4553618431	-1
22.5406708717	-1
22.5406708717	-1
22.5489139557	1
22.5699748993	-1
22.5699748993	-1
22.5699748993	-1
22.6047589779	1
22.6047589779	1
22.6047589779	1
22.6080248356	1
22.6080248356	1
22.6696639061	-1
22.6696639061	-1
22.6696639061	-1
22.6696639061	-1
22.6696639061	-1
22.6696639061	-1
22.6696639061	-1
22.6747398376	-1
22.6864869595	-1
22.6865267754	1
22.6865267754	1
22.7695009708	-1
22.7695009708	-1
22.7695009708	-1
22.7713317871	1
22.7713317871	1
22.7713317871	1
22.7762758732	-1
22.7762758732	-1
22.7762758732	-1
22.7762758732	-1
22.7762758732	-1
22.7762758732	-1
22.7871367931	-1
22.7871367931	-1
22.7871367931	-1
22.7871367931	-1
22.7871367931	-1
22.7871367931	-1
22.7871367931	-1
22.7915658951	-1
22.7960519791	-1
22.7960519791	-1
22.7960519791	-1
22.7960519791	-1
22.7960519791	-1
22.7960519791	-1
22.7960519791	-1
22.79961586	-1
22.8033537865	-1
22.8033537865	-1
22.8237788677	-1
22.8238120079	1
22.9992377758	1
22.9996118546	-1
23.1764729023	-1
23.1764729023	-1
23.176486969	1
23.1859538555	-1
23.1859538555	-1
23.1859538555	-1
23.1859538555	-1
23.1859538555	-1
23.1908078194	-1
23.1961097717	-1
23.1961097717	-1
23.1961097717	-1
23.1961097717	-1
23.1961097717	-1
23.1961097717	-1
23.2021658421	-1
23.2021658421	-1
23.2021658421	-1
23.2021658421	-1
23.2021658421	-1
23.2021658421	-1
23.2021658421	-1
23.2066569328	-1
23.2077839375	1
23.2077839375	1
23.2077839375	1
23.2110798359	-1
23.2110798359	-1
23.2110798359	-1
23.2110798359	-1
23.2110798359	-1
23.2110798359	-1
23.2110798359	-1
23.2308959961	-1
23.2522549629	-1
23.2522549629	-1
23.2522549629	-1
23.2522549629	-1
23.2522549629	-1
23.2522549629	-1
23.2522549629	-1
23.2684528828	-1
23.2834029198	-1
23.2834029198	-1
23.2834029198	-1
23.2834029198	-1
23.2834029198	-1
23.2834029198	-1
23.2834029198	-1
23.2834029198	-1
23.3479468822	-1
23.3479468822	-1
23.3479468822	-1
23.3479468822	-1
23.3479468822	-1
23.3479468822	-1
23.3479468822	-1
23.3479468822	-1
23.3516237736	-1
23.3516237736	-1
23.3516237736	-1
23.3516237736	-1
23.3516237736	-1
23.3516237736	-1
23.3516237736	-1
23.3764388561	-1
23.3764388561	-1
23.3764388561	-1
23.3764388561	-1
23.3764388561	-1
23.3764388561	-1
23.3764388561	-1
23.3764388561	-1
23.3913469315	-1
23.3913469315	-1
23.4060308933	-1
23.4060308933	-1
23.4271187782	-1
23.4271187782	-1
23.4271187782	-1
23.4510920048	-1
23.4511368275	1
23.4511368275	1
23.4648668766	-1
23.4648668766	-1
23.4648668766	-1
23.4700608253	-1
23.4700608253	-1
23.4700608253	-1
23.4700608253	-1
23.4700608253	-1
23.4700608253	-1
23.4879648685	1
23.4879648685	1
23.4879648685	1
23.533041954	-1
23.533041954	-1
23.5377149582	-1
23.5377149582	-1
23.5377149582	-1
23.5377149582	-1
23.5377149582	-1
23.5377149582	-1
23.5600898266	-1
23.5600898266	-1
23.5619418621	1
23.5619418621	1
23.569423914	-1
23.569423914	-1
23.570953846	1
23.570953846	1
23.570953846	1
23.5723969936	-1
23.5723969936	-1
23.5723969936	-1
23.5723969936	-1
23.5723969936	-1
23.5723969936	-1
23.5723969936	-1
23.5881569386	-1
23.5881569386	-1
23.5881569386	-1
23.5881569386	-1
23.651129961	-1
23.651129961	-1
23.651129961	-1
23.651129961	-1
23.651129961	-1
23.651129961	-1
23.651129961	-1
23.6571788788	-1
23.6572949886	-1
23.6572949886	-1
23.6572949886	-1
23.6572949886	-1
23.6572949886	-1
23.6572949886	-1
23.6572949886	-1
23.7257080078	1
23.7564959526	-1
23.7564959526	-1
23.7564959526	-1
23.7564959526	-1
23.7564959526	-1
23.7564959526	-1
23.862929821	-1
23.8629667759	1
23.8629667759	1
23.8838779926	-1
23.8838779926	-1
23.8838779926	-1
23.8838779926	-1
23.8890399933	-1
23.8890399933	-1
23.8928468227	-1
23.8928468227	-1
23.8928468227	-1
23.8928468227	-1
23.8928468227	-1
23.9944238663	-1
23.9944238663	-1
23.9944238663	-1
23.9944238663	-1
23.9944238663	-1
24.050593853	-1
24.050593853	-1
24.050593853	-1
24.0747478008	-1
24.0747478008	-1
24.0747478008	-1
24.0747478008	-1
24.0747478008	-1
24.0747478008	-1
24.0747478008	-1
24.0894839764	-1
24.1080129147	-1
24.1080129147	-1
24.1080129147	-1
24.1080129147	-1
24.1080129147	-1
24.1080129147	-1
24.1080129147	-1
24.1352448463	-1
24.1352448463	-1
24.1356608868	1
24.1972639561	-1
24.1972639561	-1
24.1972639561	-1
24.1972639561	-1
24.1972639561	-1
24.1972639561	-1
24.1972639561	-1
24.1972639561	-1
24.1972639561	-1
24.2151198387	-1
24.2151198387	-1
24.2151198387	-1
24.2151198387	-1
24.2151198387	-1
24.2151198387	-1
24.2151198387	-1
24.2237398624	-1
24.2237398624	-1
24.2237398624	-1
24.2237398624	-1
24.2237398624	-1
24.2237398624	-1
24.2237398624	-1
24.2498328686	-1
24.2498328686	-1
24.2498328686	-1
24.2498328686	-1
24.2498328686	-1
24.2498328686	-1
24.2498328686	-1
24.2498328686	-1
24.2720909119	-1
24.2720909119	-1
24.2783370018	-1
24.2783370018	-1
24.2783370018	-1
24.2783370018	-1
24.2783370018	-1
24.2783370018	-1
24.2783370018	-1
24.2982239723	-1
24.3039360046	-1
24.3039360046	-1
24.3039360046	-1
24.3039360046	-1
24.3165090084	-1
24.3472318649	-1
24.3472318649	-1
24.3472318649	-1
24.3472318649	-1
24.367664814	-1
24.367664814	-1
24.367664814	-1
24.367664814	-1
24.367664814	-1
24.367664814	-1
24.367664814	-1
24.3913199902	-1
24.3913199902	-1
24.3913199902	-1
24.3913199902	-1
24.3913199902	-1
24.3913199902	-1
24.3913199902	-1
24.3913199902	-1
24.392524004	1
24.4542889595	-1
24.4542889595	-1
24.4663028717	-1
24.4663028717	-1
24.4663028717	-1
24.4663028717	-1
24.4663028717	-1
24.4663028717	-1
24.4663028717	-1
24.4889819622	-1
24.4889819622	-1
24.4889819622	-1
24.4889819622	-1
24.4889819622	-1
24.4889819622	-1
24.4889819622	-1
24.5293447971	-1
24.5293447971	-1
24.5293447971	-1
24.5293447971	-1
24.5293447971	-1
24.5293447971	-1
24.5293447971	-1
24.5293447971	-1
24.5350267887	1
24.554984808	-1
24.554984808	-1
24.554984808	-1
24.554984808	-1
24.554984808	-1
24.554984808	-1
24.554984808	-1
24.554984808	-1
24.554984808	-1
24.5616598129	-1
24.5616598129	-1
24.5616598129	-1
24.5616598129	-1
24.5616598129	-1
24.5616598129	-1
24.5616598129	-1
24.5675649643	-1
24.5889778137	-1
24.5889778137	-1
24.6360929012	-1
24.6360929012	-1
24.6360929012	-1
24.6360929012	-1
24.6360929012	-1
24.6360929012	-1
24.6360929012	-1
24.6360929012	-1
24.6593849659	-1
24.6593849659	-1
24.6593849659	-1
24.6593849659	-1
24.6593849659	-1
24.6593849659	-1
24.6593849659	-1
24.71910882	1
24.7271449566	-1
24.7271449566	-1
24.7354018688	-1
24.7354018688	-1
24.7354018688	-1
24.7354018688	-1
24.7354018688	-1
24.7354018688	-1
24.7354018688	-1
24.7599639893	-1
24.7599639893	-1
24.7599639893	-1
24.7599639893	-1
24.7599639893	-1
24.7599639893	-1
24.7599639893	-1
24.7599639893	-1
24.7663288116	-1
24.7944908142	-1
24.7944908142	-1
24.8027758598	-1
24.8027758598	-1
24.8027758598	-1
24.8027758598	-1
24.8027758598	-1
24.8027758598	-1
24.8027758598	-1
24.806704998	-1
24.817373991	-1
24.817373991	-1
24.817373991	-1
24.817373991	-1
24.817373991	-1
24.817373991	-1
24.817373991	-1
24.8214287758	-1
24.8214287758	-1
24.8214287758	-1
24.8214287758	-1
24.8214287758	-1
24.8214287758	-1
24.8214287758	-1
24.8214287758	-1
24.8312819004	-1
24.831401825	-1
24.831401825	-1
24.831401825	-1
24.831401825	-1
24.831401825	-1
24.831401825	-1
24.831401825	-1
24.8566839695	-1
24.8566839695	-1
24.8566958904	1
24.8567128181	-1
24.8567128181	-1
24.8567128181	-1
24.8567128181	-1
24.8567128181	-1
24.8567128181	-1
24.868046999	-1
24.868046999	-1
24.868046999	-1
24.868046999	-1
24.868046999	-1
24.868046999	-1
24.868046999	-1
24.868046999	-1
24.8779389858	-1
24.8973689079	-1
24.8973689079	-1
24.8973689079	-1
24.8973689079	-1
24.8973689079	-1
24.8973689079	-1
24.8973689079	-1
24.8975048065	-1
24.8975048065	-1
24.8975048065	-1
24.8975048065	-1
24.8975048065	-1
24.8975048065	-1
24.8975048065	-1
24.953152895	-1
24.953152895	-1
24.953152895	-1
24.9928479195	-1
24.9928479195	-1
24.9928479195	-1
24.9928479195	-1
24.9928479195	-1
24.9928479195	-1
24.9928479195	-1
24.9928479195	-1
25.0030558109	-1
25.0030558109	-1
25.0030558109	-1
25.0030558109	-1
25.0030558109	-1
25.0030558109	-1
25.0030558109	-1
25.0328178406	-1
25.0328178406	-1
25.0328178406	-1
25.0328178406	-1
25.0328178406	-1
25.0328178406	-1
25.0328178406	-1
25.0328178406	-1
25.0419659615	-1
25.096765995	-1
25.096765995	-1
25.096765995	-1
25.1171619892	-1
25.1171619892	-1
25.1171619892	-1
25.1171619892	-1
25.1171619892	-1
25.1171619892	-1
25.1171619892	-1
25.1394639015	-1
25.1394639015	-1
25.1394639015	-1
25.1394639015	-1
25.1394639015	-1
25.1394639015	-1
25.1394639015	-1
25.1394639015	-1
25.1525299549	-1
25.1525299549	-1
25.1525299549	-1
25.1525299549	-1
25.1525299549	-1
25.1525299549	-1
25.1525299549	-1
25.1525299549	-1
25.1575717926	-1
25.1575717926	-1
25.1575717926	-1
25.1575717926	-1
25.1575717926	-1
25.1575717926	-1
25.1575717926	-1
25.1575717926	-1
25.1779859066	-1
25.1794309616	1
25.1849279404	-1
25.1849279404	-1
25.1849279404	-1
25.1849279404	-1
25.1849279404	-1
25.1849279404	-1
25.1849279404	-1
25.190928936	-1
25.190928936	-1
25.190928936	-1
25.1970689297	-1
25.2061009407	-1
25.2061009407	-1
25.2097878456	-1
25.2097878456	-1
25.2097878456	-1
25.2097878456	-1
25.2097878456	-1
25.2210118771	-1
25.2210118771	-1
25.2210118771	-1
25.2210118771	-1
25.2210118771	-1
25.2210118771	-1
25.2210118771	-1
25.2210118771	-1
25.2269928455	-1
25.2269928455	-1
25.2269928455	-1
25.2269928455	-1
25.2269928455	-1
25.2269928455	-1
25.2269928455	-1
25.2269928455	-1
25.2409448624	-1
25.2409448624	-1
25.2409448624	-1
25.2409448624	-1
25.2409448624	-1
25.2409448624	-1
25.2409448624	-1
25.2530989647	-1
25.2530989647	-1
25.2531468868	-1
25.2531468868	-1
25.2531468868	-1
25.2531468868	-1
25.2531468868	-1
25.2531468868	-1
25.2531468868	-1
25.2714698315	-1
25.2714698315	-1
25.2714698315	-1
25.2714698315	-1
25.2714698315	-1
25.2714698315	-1
25.2714698315	-1
25.2908008099	-1
25.2908008099	-1
25.2908008099	-1
25.2908008099	-1
25.2908008099	-1
25.2908008099	-1
25.2908008099	-1
25.2908008099	-1
25.3075129986	-1
25.3075129986	-1
25.3075129986	-1
25.3075129986	-1
25.3075129986	-1
25.3075129986	-1
25.3075129986	-1
25.3075129986	-1
25.3225848675	-1
25.3226180077	1
25.3226180077	1
25.3226499557	-1
25.3226499557	-1
25.3226499557	-1
25.3226499557	-1
25.3226499557	-1
25.3226499557	-1
25.3344478607	-1
25.3344478607	-1
25.3344478607	-1
25.3344478607	-1
25.3344478607	-1
25.3344478607	-1
25.3344478607	-1
25.3344478607	-1
25.3347928524	-1
25.3347928524	-1
25.3347928524	-1
25.3347928524	-1
25.3347928524	-1
25.3347928524	-1
25.3347928524	-1
25.3583419323	-1
25.3583419323	-1
25.3583419323	-1
25.3583419323	-1
25.3583419323	-1
25.3583419323	-1
25.3583419323	-1
25.3583419323	-1
25.3584787846	-1
25.3647699356	-1
25.3647699356	-1
25.3647699356	-1
25.3647699356	-1
25.3647699356	-1
25.3647699356	-1
25.3647699356	-1
25.3759739399	-1
25.3945047855	-1
25.3945047855	-1
25.3945047855	-1
25.3945047855	-1
25.3945047855	-1
25.3945047855	-1
25.3945047855	-1
25.3945047855	-1
25.4040079117	-1
25.4040079117	-1
25.4040079117	-1
25.4040079117	-1
25.4040079117	-1
25.4040079117	-1
25.4040079117	-1
25.4168679714	-1
25.4314808846	-1
25.4314808846	-1
25.4314808846	-1
25.4314808846	-1
25.4314808846	-1
25.4314808846	-1
25.4314808846	-1
25.4744949341	-1
25.4744949341	-1
25.4745278358	1
25.4745278358	1
25.4913179874	-1
25.4913179874	-1
25.4913179874	-1
25.4913179874	-1
25.4913179874	-1
25.4913179874	-1
25.4913179874	-1
25.5018157959	-1
25.5280478001	-1
25.5280478001	-1
25.5280478001	-1
25.5280478001	-1
25.5280478001	-1
25.5280478001	-1
25.5280478001	-1
25.6178779602	-1
25.6178779602	-1
25.6178779602	-1
25.6178779602	-1
25.6178779602	-1
25.6178779602	-1
25.6178779602	-1
25.6178779602	-1
25.6259207726	-1
25.6259207726	-1
25.6259207726	-1
25.6259207726	-1
25.6259207726	-1
25.6259207726	-1
25.6259207726	-1
25.6259207726	-1
25.6358737946	-1
25.6358737946	-1
25.6358737946	-1
25.6358737946	-1
25.6358737946	-1
25.6358737946	-1
25.6371638775	1
25.6757588387	-1
25.6757588387	-1
25.6757588387	-1
25.6757588387	-1
25.6757588387	-1
25.6757588387	-1
25.6757588387	-1
25.6757588387	-1
25.6978349686	-1
25.6978349686	-1
25.6978349686	-1
25.6978349686	-1
25.6978349686	-1
25.6978349686	-1
25.6978349686	-1
25.6978349686	-1
25.7097728252	-1
25.7097728252	-1
25.7097728252	-1
25.7097728252	-1
25.7097728252	-1
25.7097728252	-1
25.7097728252	-1
25.7097728252	-1
25.7153139114	-1
25.720361948	-1
25.720361948	-1
25.720361948	-1
25.720361948	-1
25.720361948	-1
25.720361948	-1
25.720361948	-1
25.7243528366	-1
25.7446079254	-1
25.7446079254	-1
25.7446079254	-1
25.7446079254	-1
25.7446079254	-1
25.7446079254	-1
25.7446079254	-1
25.7479259968	-1
25.7506279945	-1
25.7506279945	-1
25.7506279945	-1
25.7506279945	-1
25.7506279945	-1
25.7506279945	-1
25.7506279945	-1
25.7676877975	-1
25.7718648911	-1
25.7718648911	-1
25.7718648911	-1
25.7718648911	-1
25.7718648911	-1
25.7718648911	-1
25.7718648911	-1
25.7763488293	-1
25.7763488293	-1
25.7763488293	-1
25.7763488293	-1
25.7763488293	-1
25.7763488293	-1
25.7763488293	-1
25.7763488293	-1
25.7763819695	1
25.7763819695	1
25.7813868523	-1
25.7855548859	-1
25.7855548859	-1
25.7855548859	-1
25.7855548859	-1
25.7855548859	-1
25.7855548859	-1
25.7855548859	-1
25.78824687	-1
25.78824687	-1
25.78824687	-1
25.78824687	-1
25.78824687	-1
25.78824687	-1
25.78824687	-1
25.8054709435	-1
25.8054709435	-1
25.8054709435	-1
25.8054709435	-1
25.8054709435	-1
25.8054709435	-1
25.8054709435	-1
25.8054709435	-1
25.8054709435	-1
25.813231945	-1
25.813231945	-1
25.813231945	-1
25.813231945	-1
25.813231945	-1
25.813231945	-1
25.813231945	-1
25.813231945	-1
25.835780859	-1
25.835780859	-1
25.835780859	-1
25.835780859	-1
25.835780859	-1
25.835780859	-1
25.835780859	-1
25.835780859	-1
25.8559119701	-1
25.8559119701	-1
25.8559119701	-1
25.8559119701	-1
25.8559119701	-1
25.8559119701	-1
25.8559119701	-1
25.8559119701	-1
25.862749815	-1
25.862749815	-1
25.862749815	-1
25.862749815	-1
25.862749815	-1
25.862749815	-1
25.862749815	-1
25.862749815	-1
25.8695697784	-1
25.8695697784	-1
25.8695697784	-1
25.8695697784	-1
25.8695697784	-1
25.8695697784	-1
25.8695697784	-1
25.8712329865	1
25.8712329865	1
25.8712329865	1
25.882532835	-1
25.882532835	-1
25.9356958866	-1
25.9356958866	-1
25.9356958866	-1
25.9356958866	-1
25.9356958866	-1
25.9356958866	-1
25.9356958866	-1
25.9356958866	-1
25.9530007839	-1
25.9530007839	-1
25.9530007839	-1
25.9779839516	-1
25.9809119701	-1
25.9809119701	-1
25.9809119701	-1
25.9809119701	-1
25.9809119701	-1
25.9809119701	-1
25.9809119701	-1
25.9893479347	-1
25.9893479347	-1
25.9893479347	-1
25.9893479347	-1
25.9893479347	-1
25.9893479347	-1
25.9893479347	-1
26.0390729904	-1
26.0390729904	-1
26.0390729904	-1
26.0390729904	-1
26.0390729904	-1
26.0390729904	-1
26.0390729904	-1
26.0390729904	-1
26.0891058445	-1
26.0891058445	-1
26.0891058445	-1
26.0891058445	-1
26.0891058445	-1
26.0891058445	-1
26.0891058445	-1
26.0891058445	-1
26.0891058445	-1
26.0891058445	-1
26.1020519733	-1
26.1020519733	-1
26.1020519733	-1
26.1020519733	-1
26.1020519733	-1
26.1020519733	-1
26.1020519733	-1
26.1087398529	-1
26.1087398529	-1
26.1087398529	-1
26.1087398529	-1
26.1087398529	-1
26.1087398529	-1
26.1087398529	-1
26.1099159718	1
26.1338529587	-1
26.1338529587	-1
26.1338529587	-1
26.1338529587	-1
26.1338529587	-1
26.1338529587	-1
26.1338529587	-1
26.1338529587	-1
26.1538939476	-1
26.1695599556	-1
26.1695599556	-1
26.1695599556	-1
26.1695599556	-1
26.1695599556	-1
26.1695599556	-1
26.1695599556	-1
26.1834859848	-1
26.2189338207	-1
26.2189338207	-1
26.2189338207	-1
26.2189338207	-1
26.2189338207	-1
26.2189338207	-1
26.2189338207	-1
26.2189338207	-1
26.2298738956	-1
26.2298738956	-1
26.2298738956	-1
26.2298738956	-1
26.2298738956	-1
26.2514798641	-1
26.2514798641	-1
26.2514798641	-1
26.2677388191	-1
26.2677388191	-1
26.2677388191	-1
26.2677388191	-1
26.2677388191	-1
26.2685608864	1
26.276870966	-1
26.276870966	-1
26.276870966	-1
26.2835249901	-1
26.2835249901	-1
26.2835249901	-1
26.2835249901	-1
26.2835249901	-1
26.2835249901	-1
26.2835249901	-1
26.2905697823	-1
26.301666975	-1
26.301666975	-1
26.301666975	-1
26.301666975	-1
26.308139801	-1
26.308139801	-1
26.3175399303	-1
26.3175399303	-1
26.3175399303	-1
26.3175399303	-1
26.3175399303	-1
26.3175399303	-1
26.3175399303	-1
26.3218607903	-1
26.3218607903	-1
26.3218607903	-1
26.3218607903	-1
26.3218607903	-1
26.3218607903	-1
26.3218607903	-1
26.3293979168	-1
26.3293979168	-1
26.3293979168	-1
26.3293979168	-1
26.3293979168	-1
26.3293979168	-1
26.3293979168	-1
26.3293979168	-1
26.3422148228	-1
26.3422148228	-1
26.3442828655	-1
26.3442828655	-1
26.3442828655	-1
26.3442828655	-1
26.3442828655	-1
26.3442828655	-1
26.3442828655	-1
26.3511970043	-1
26.3525829315	1
26.3525829315	1
26.3525829315	1
26.3530769348	1
26.3530769348	1
26.360065937	-1
26.360065937	-1
26.360065937	-1
26.360065937	-1
26.360065937	-1
26.360065937	-1
26.360065937	-1
26.360065937	-1
26.360065937	-1
26.3603658676	-1
26.3603658676	-1
26.3603658676	-1
26.3603658676	-1
26.3625738621	-1
26.3625738621	-1
26.366301775	-1
26.366301775	-1
26.366301775	-1
26.366301775	-1
26.366301775	-1
26.366301775	-1
26.366301775	-1
26.3727018833	-1
26.3727018833	-1
26.3727018833	-1
26.3727018833	-1
26.3727018833	-1
26.3727018833	-1
26.3727018833	-1
26.3727018833	-1
26.3824448586	-1
26.3824448586	-1
26.3824448586	-1
26.3824448586	-1
26.3824448586	-1
26.3824448586	-1
26.3824448586	-1
26.3824448586	-1
26.3824448586	-1
26.3827109337	1
26.3827109337	1
26.3827109337	1
26.383936882	1
26.383936882	1
26.3872828484	1
26.3872828484	1
26.3872828484	1
26.3872828484	1
26.3957149982	1
26.3957149982	1
26.4051139355	-1
26.4051139355	-1
26.4051139355	-1
26.4051139355	-1
26.4051139355	-1
26.4053440094	-1
26.4053440094	-1
26.4053440094	-1
26.4054718018	-1
26.4054718018	-1
26.4054718018	-1
26.4054718018	-1
26.4054718018	-1
26.4054718018	-1
26.4054718018	-1
26.4056649208	1
26.4056649208	1
26.4056899548	-1
26.4058418274	-1
26.4058418274	-1
26.4058418274	-1
26.4058418274	-1
26.4058418274	-1
26.4058418274	-1
26.4058418274	-1
26.4060878754	-1
26.4403588772	-1
26.4403588772	-1
26.4403588772	-1
26.4403908253	-1
26.4403908253	-1
26.4403908253	-1
26.4403908253	-1
26.4403908253	-1
26.4406459332	-1
26.4406459332	-1
26.4406459332	-1
26.4406459332	-1
26.4406459332	-1
26.4406459332	-1
26.4406459332	-1
26.4408738613	-1
26.4410848618	-1
26.4410848618	-1
26.4410848618	-1
26.4410848618	-1
26.4410848618	-1
26.4410848618	-1
26.4410848618	-1
26.4413309097	-1
26.4414539337	-1
26.4414539337	-1
26.4414539337	-1
26.4414539337	-1
26.4414539337	-1
26.4414539337	-1
26.4414539337	-1
26.441672802	-1
26.441672802	-1
26.4418218136	-1
26.4418218136	-1
26.4418218136	-1
26.4418218136	-1
26.4418218136	-1
26.4418218136	-1
26.4420678616	-1
26.4549388885	-1
26.4549388885	-1
26.4549388885	-1
26.4549388885	-1
26.4549388885	-1
26.4549388885	-1
26.4549388885	-1
26.4899528027	-1
26.4899528027	-1
26.4899528027	-1
26.4899528027	-1
26.4899528027	-1
26.4899528027	-1
26.4899528027	-1
26.4899528027	-1
26.4902999401	-1
26.4902999401	-1
26.4902999401	-1
26.4902999401	-1
26.4902999401	-1
26.4902999401	-1
26.4902999401	-1
26.4902999401	-1
26.4906668663	-1
26.4906668663	-1
26.4907917976	-1
26.4907917976	-1
26.4907917976	-1
26.4907917976	-1
26.4907917976	-1
26.4907917976	-1
26.4907917976	-1
26.4910368919	-1
26.4910368919	-1
26.4910368919	-1
26.4910368919	-1
26.4910368919	-1
26.4910368919	-1
26.4910368919	-1
26.4913189411	-1
26.4913189411	-1
26.4913189411	-1
26.4913189411	-1
26.4913189411	-1
26.4913189411	-1
26.4913189411	-1
26.4913189411	-1
26.4917747974	-1
26.4917747974	-1
26.4917747974	-1
26.4917747974	-1
26.4917747974	-1
26.4917747974	-1
26.4917747974	-1
26.4917747974	-1
26.5196199417	-1
26.5196199417	-1
26.5196199417	-1
26.5196199417	-1
26.5196928978	-1
26.5209679604	1
26.5209679604	1
26.5209679604	1
26.5427010059	-1
26.5427010059	-1
26.5427010059	-1
26.5427010059	-1
26.5427010059	-1
26.5427010059	-1
26.5427010059	-1
26.5428369045	-1
26.5428369045	-1
26.5428369045	-1
26.5428369045	-1
26.5428369045	-1
26.5428369045	-1
26.5428369045	-1
26.543296814	-1
26.543296814	-1
26.543296814	-1
26.543296814	-1
26.543296814	-1
26.543296814	-1
26.543296814	-1
26.5435428619	-1
26.5435428619	-1
26.5436658859	-1
26.5436658859	-1
26.5436658859	-1
26.5436658859	-1
26.5436658859	-1
26.5436658859	-1
26.5436658859	-1
26.5447778702	-1
26.5495557785	-1
26.5495557785	-1
26.5495557785	-1
26.5495557785	-1
26.5495557785	-1
26.5495557785	-1
26.5495557785	-1
26.5495557785	-1
26.5619750023	1
26.5619750023	1
26.5780718327	-1
26.5780718327	-1
26.5780718327	-1
26.5780718327	-1
26.5780718327	-1
26.5780718327	-1
26.5780718327	-1
26.5780718327	-1
26.5781199932	1
26.5781199932	1
26.5784189701	-1
26.5784189701	-1
26.5784189701	-1
26.5784189701	-1
26.5784189701	-1
26.5784189701	-1
26.5784189701	-1
26.5784189701	-1
26.57878685	-1
26.57878685	-1
26.57878685	-1
26.57878685	-1
26.57878685	-1
26.57878685	-1
26.57878685	-1
26.5790328979	-1
26.5842738152	-1
26.5842738152	-1
26.5842738152	-1
26.5842738152	-1
26.5842738152	-1
26.5842738152	-1
26.5842738152	-1
26.5842738152	-1
26.5869758129	-1
26.5869758129	-1
26.5869758129	-1
26.5869758129	-1
26.5869758129	-1
26.5869758129	-1
26.5869758129	-1
26.5940167904	-1
26.5940167904	-1
26.5940167904	-1
26.5940167904	-1
26.5940167904	-1
26.5940167904	-1
26.5940167904	-1
26.5940167904	-1
26.6243629456	-1
26.6243629456	-1
26.6243629456	-1
26.6243629456	-1
26.6243629456	-1
26.6243629456	-1
26.6243629456	-1
26.6243629456	-1
26.6247007847	-1
26.6247007847	-1
26.6248238087	-1
26.6248238087	-1
26.6248238087	-1
26.6248238087	-1
26.6248238087	-1
26.6249489784	-1
26.625068903	-1
26.625068903	-1
26.625068903	-1
26.625068903	-1
26.625068903	-1
26.625068903	-1
26.625068903	-1
26.6253159046	-1
26.6253159046	-1
26.6253159046	-1
26.6253159046	-1
26.6253159046	-1
26.6253159046	-1
26.6253159046	-1
26.6257088184	1
26.6257088184	1
26.6257088184	1
26.6361889839	-1
26.6361889839	-1
26.6361889839	-1
26.6361889839	-1
26.6361889839	-1
26.6361889839	-1
26.6361889839	-1
26.7215769291	1
26.8157219887	1
26.8157219887	1
26.8157219887	1
26.8587069511	-1
27.2662138939	-1
27.4402799606	-1
27.4516279697	-1
27.4516279697	-1
27.4516279697	-1
27.4516279697	-1
27.4516279697	-1
27.4516279697	-1
27.4516279697	-1
27.4955968857	-1
27.4956469536	-1
27.4956469536	-1
27.4956469536	-1
27.4956469536	-1
27.5240149498	1
27.534763813	1
27.534763813	1
27.534763813	1
27.5349099636	1
27.5349099636	1
27.5349099636	1
27.5660088062	-1
27.5660088062	-1
27.5754299164	-1
27.5754299164	-1
27.5754299164	-1
27.5754299164	-1
27.5754299164	-1
27.5754299164	-1
27.5870118141	-1
27.5870118141	-1
27.5870118141	-1
27.5870118141	-1
27.5870118141	-1
27.5870118141	-1
27.5870118141	-1
27.5870118141	-1
27.5870118141	-1
27.5899028778	1
27.5899028778	1
27.5996448994	-1
27.5996448994	-1
27.5996448994	-1
27.5996448994	-1
27.5996448994	-1
27.5996448994	-1
27.5996448994	-1
27.5996448994	-1
27.6609959602	1
27.6700439453	-1
27.6700439453	-1
27.6765449047	-1
27.6765449047	-1
27.6765449047	-1
27.6854519844	-1
27.6854519844	-1
27.6854519844	-1
27.6854519844	-1
27.6854519844	-1
27.6854519844	-1
27.6854519844	-1
27.6942369938	-1
27.7985169888	-1
27.7985169888	-1
27.7985169888	-1
27.7985169888	-1
27.7985169888	-1
27.7985169888	-1
27.7985169888	-1
27.7985548973	1
27.7985548973	1
27.8257329464	-1
27.8258349895	-1
27.8258349895	-1
27.8258349895	-1
27.8258349895	-1
27.8258349895	-1
27.8258349895	-1
27.8258349895	-1
27.8338959217	-1
27.8338959217	-1
27.8338959217	-1
27.8338959217	-1
27.8338959217	-1
27.839578867	1
27.839578867	1
27.839578867	1
27.8519258499	-1
27.8519258499	-1
27.8519258499	-1
27.8519258499	-1
27.8519258499	-1
27.8519258499	-1
27.8519258499	-1
27.864566803	1
27.864566803	1
27.8682188988	1
27.8682188988	1
27.8682188988	1
27.8973138332	1
27.8973138332	1
27.9642298222	-1
27.9642298222	-1
27.9642298222	-1
27.9642298222	-1
27.9642298222	-1
27.9642298222	-1
27.9642298222	-1
27.9642298222	-1
27.9823298454	-1
27.9906477928	-1
27.9906477928	-1
27.9906477928	-1
27.9906477928	-1
27.9906477928	-1
27.9906477928	-1
27.9906477928	-1
27.9906477928	-1
27.9908959866	-1
27.9908959866	-1
27.9908959866	-1
27.9908959866	-1
27.9970870018	-1
27.9970870018	-1
27.9970870018	-1
27.9970870018	-1
27.9970870018	-1
27.9970870018	-1
27.9970870018	-1
28.0029549599	-1
28.0080928802	-1
28.0080928802	-1
28.0080928802	-1
28.0080928802	-1
28.114071846	-1
28.1277589798	-1
28.2652058601	-1
28.2652058601	-1
28.2671349049	1
28.4032108784	-1
28.4032108784	-1
28.4182488918	-1
28.4182488918	-1
28.4182488918	-1
28.4182488918	-1
28.4182488918	-1
28.4182488918	-1
28.4182939529	1
28.4182939529	1
28.4288458824	-1
28.4288458824	-1
28.4288458824	-1
28.4288458824	-1
28.4288458824	-1
28.4288458824	-1
28.4288458824	-1
28.4381639957	-1
28.4533998966	-1
28.4533998966	-1
28.4533998966	-1
28.4533998966	-1
28.4533998966	-1
28.4533998966	-1
28.4533998966	-1
28.4700899124	-1
28.4921889305	-1
28.4921889305	-1
28.4921889305	-1
28.4921889305	-1
28.4921889305	-1
28.4921889305	-1
28.4921889305	-1
28.5095539093	-1
28.5246038437	1
28.5246038437	1
28.5246038437	1
28.5246038437	1
28.5246038437	1
28.5246038437	1
28.5246038437	1
28.5246038437	1
28.5307707787	-1
28.5307707787	-1
28.5307707787	-1
28.5307707787	-1
28.5307707787	-1
28.5307707787	-1
28.5307707787	-1
28.5307707787	-1
28.5379559994	-1
28.5379559994	-1
28.5379559994	-1
28.5379559994	-1
28.5379559994	-1
28.5379559994	-1
28.5379559994	-1
28.5558338165	-1
28.5558688641	1
28.5558688641	1
28.5737228394	-1
28.5737228394	-1
28.5737228394	-1
28.5737228394	-1
28.5737228394	-1
28.5737228394	-1
28.5737228394	-1
28.5737228394	-1
28.5794248581	-1
28.6933889389	-1
28.6934359074	1
28.830685854	-1
28.8306999207	1
28.8306999207	1
28.9686858654	-1
28.9687287807	1
29.0764679909	-1
29.0764679909	-1
29.0764679909	-1
29.1060118675	-1
29.1060459614	1
29.1060459614	1
29.1829760075	-1
29.1829760075	-1
29.1829760075	-1
29.2433857918	1
29.2433857918	1
29.3894598484	-1
29.3894948959	1
29.4667458534	-1
29.4667458534	-1
29.4667458534	-1
29.4685409069	1
29.4685409069	1
29.4685409069	1
29.4840698242	-1
29.4840698242	-1
29.4891729355	1
29.4891729355	1
29.5272908211	-1
29.5273218155	1
29.6649768353	-1
29.6649768353	-1
29.6650178432	1
29.6650178432	1
29.8023078442	-1
29.8023579121	1
29.8023579121	1
29.8679440022	-1
29.8679440022	-1
29.8679440022	-1
29.8679440022	-1
29.8679440022	-1
29.8679440022	-1
29.8679440022	-1
29.8835148811	-1
29.90001297	-1
29.90001297	-1
29.90001297	-1
29.90001297	-1
29.90001297	-1
29.90001297	-1
29.9412260056	1
29.9412260056	1
29.9558999538	-1
29.9558999538	-1
29.9558999538	-1
30.0555298328	-1
30.0555298328	-1
30.0555298328	-1
30.0555298328	-1
30.0555298328	-1
30.0555298328	-1
30.0555298328	-1
30.20616889	-1
30.20616889	-1
30.20616889	-1
30.2356178761	-1
30.2356178761	-1
30.2356178761	-1
30.2356178761	-1
30.2356178761	-1
30.2356178761	-1
30.452341795	-1
30.452341795	-1
30.452341795	-1
30.452341795	-1
30.452341795	-1
30.452341795	-1
30.452341795	-1
30.452341795	-1
30.4634017944	-1
30.4634017944	-1
30.6282579899	-1
30.6282579899	-1
30.6412358284	-1
30.6412358284	-1
30.6412358284	-1
30.6412358284	-1
30.6412358284	-1
30.6412358284	-1
30.6890478134	-1
30.6890478134	-1
30.6890478134	-1
30.7480528355	-1
30.7480528355	-1
30.7550709248	-1
30.7550709248	-1
30.7550709248	-1
30.7550709248	-1
30.7550709248	-1
30.7888658047	-1
30.7888658047	-1
30.7888658047	-1
30.7888658047	-1
30.7888658047	-1
30.7888658047	-1
30.8926928043	-1
30.8926928043	-1
30.8926928043	-1
30.8926928043	-1
30.8926928043	-1
30.8926928043	-1
30.8926928043	-1
31.0241677761	-1
31.0241677761	-1
31.0241677761	-1
31.0241677761	-1
31.065019846	-1
31.065019846	-1
31.065019846	-1
31.065019846	-1
31.065019846	-1
31.065019846	-1
31.065019846	-1
31.0833308697	-1
31.0834348202	-1
31.0834348202	-1
31.0834348202	-1
31.0834348202	-1
31.0834348202	-1
31.1789338589	1
31.1990759373	-1
31.1990759373	-1
31.1990759373	-1
31.1990759373	-1
31.303331852	-1
31.303331852	-1
31.303331852	-1
31.303331852	-1
31.303331852	-1
38.7185049057	-1
38.8558158875	-1
38.9931018353	-1
39.6497969627	-1
39.755535841	-1
39.755535841	-1
39.755535841	-1
39.916107893	1
39.9244298935	-1
40.0531368256	1
40.0617377758	-1
40.0617377758	-1
40.2437529564	-1
40.3705158234	-1
40.3705158234	-1
40.3705158234	-1
40.52835989	1
40.529763937	1
40.529763937	1
40.529763937	1
40.529763937	1
40.529763937	1
40.5302498341	1
40.5315778255	1
40.5315778255	1
40.5448799133	1
40.5448799133	1
40.5448799133	1
40.5516068935	1
40.5516068935	1
40.5618519783	1
40.5618519783	1
40.5618519783	1
40.6742539406	-1
40.8024468422	1
40.9398608208	1
41.2211790085	-1
41.3588368893	-1
41.3588368893	-1
41.8575119972	-1
41.8674018383	-1
41.8674018383	-1
41.8674018383	-1
41.8674018383	-1
41.8674018383	-1
41.8674018383	-1
41.8674018383	-1
41.8674018383	-1
41.9862258434	-1
41.9862258434	-1
41.9862258434	-1
41.9948408604	-1
42.1322388649	-1
42.1322388649	-1
42.1331408024	1
42.269520998	-1
42.269520998	-1
43.5755097866	-1
43.6668617725	-1
43.6668617725	-1
43.6668617725	-1
43.6668617725	-1
49.2529938221	-1
49.3903229237	-1
49.3903229237	-1
50.2623038292	-1
50.6493229866	-1
51.8487548828	-1
52.030523777	-1
52.1675930023	-1
52.3049328327	-1
53.5440199375	1
53.5442569256	1
53.5442569256	1
53.5442569256	1
53.5442569256	1
53.5442569256	1
53.5450718403	1
53.5452308655	1
53.5452308655	1
53.5452308655	1
53.5460319519	1
53.5460319519	1
53.5484838486	1
53.5484838486	1
53.5484838486	1
53.5484838486	1
53.5484838486	1
53.5520617962	1
53.5520617962	1
53.5520617962	1
53.5521810055	1
53.5521810055	1
53.7992107868	1
53.7992107868	1
53.7992107868	1
55.0457959175	-1
55.0515429974	1
55.0558829308	1
55.0558829308	1
55.0558829308	1
55.1831150055	-1
55.1888108253	1
55.3045048714	1
55.3045048714	1
55.3045048714	1
55.3125529289	-1
55.3125529289	-1
55.3125529289	-1
55.3265099525	1
55.4638488293	-1
55.6897728443	-1
55.8600318432	-1
55.9974608421	-1
55.9974608421	-1
56.067335844	-1
56.067335844	-1
56.067335844	-1
56.2104427814	-1
56.2104427814	-1
56.2104427814	-1
56.2104427814	-1
56.2104427814	-1
56.2104427814	-1
56.2774999142	1
56.52023983	1
56.7701749802	1
57.0026328564	-1
57.1407818794	-1
57.1407818794	-1
57.1407818794	-1
57.1407818794	-1
57.1839709282	1
57.1850328445	1
57.1850328445	1
57.1850328445	1
57.1879189014	1
57.1879189014	1
57.1901028156	1
57.1901028156	1
57.1901028156	1
57.1932489872	1
57.1932489872	1
57.200647831	1
57.200647831	1
57.200647831	1
57.3136878014	-1
57.314455986	1
57.314455986	1
57.4506349564	1
57.4506349564	1
57.4506349564	1
57.5897548199	-1
57.8286468983	-1
57.8337249756	-1
57.8337249756	-1
57.8337249756	-1
57.8337249756	-1
57.8337249756	-1
57.8337249756	-1
57.8756999969	-1
57.8756999969	-1
57.8756999969	-1
57.9562759399	-1
57.9562759399	-1
57.9629938602	-1
57.9629938602	-1
57.9629938602	-1
57.9629938602	-1
57.9629938602	-1
57.9629938602	-1
57.9679589272	1
57.9753799438	-1
57.9753799438	-1
57.9753799438	-1
57.9753799438	-1
57.9753799438	-1
57.9753799438	-1
58.0804469585	-1
58.0804469585	-1
58.1047317982	-1
58.1047317982	-1
58.1243929863	-1
58.1243929863	-1
58.1243929863	-1
58.1243929863	-1
58.1243929863	-1
58.1243929863	-1
58.1243929863	-1
58.1243929863	-1
58.1712229252	-1
58.2184369564	1
58.2226889133	-1
58.2226889133	-1
58.2572569847	-1
58.2572569847	-1
58.2572569847	-1
58.2572569847	-1
58.2572569847	-1
58.2572569847	-1
58.2572569847	-1
58.3778178692	-1
58.3795669079	-1
58.5168049335	-1
58.6091217995	-1
58.6091217995	-1
58.6091217995	-1
59.4107618332	-1
59.4123289585	1
60.0741858482	-1
60.550041914	1
60.6871809959	1
60.6871809959	1
61.1145398617	-1
61.2520999908	-1
61.389261961	-1
61.5650990009	-1
61.7021589279	-1
65.1185269356	-1
65.6967427731	-1
65.9916238785	-1
66.6865258217	-1
67.9699878693	1
67.9982168674	-1
68.1072618961	1
68.3369379044	-1
68.4741978645	-1
68.6579129696	-1
68.6957957745	-1
68.6957957745	-1
68.6957957745	-1
68.6957957745	-1
68.6957957745	-1
68.6957957745	-1
68.6957957745	-1
68.701789856	-1
68.701789856	-1
68.701789856	-1
68.701789856	-1
68.701789856	-1
68.701789856	-1
68.701789856	-1
68.701789856	-1
68.719881773	-1
68.719881773	-1
68.719881773	-1
68.719881773	-1
68.719881773	-1
68.719881773	-1
68.719881773	-1
68.719881773	-1
68.7211699486	1
68.7890958786	-1
68.7890958786	-1
68.7890958786	-1
68.7890958786	-1
68.7890958786	-1
68.7890958786	-1
68.7890958786	-1
68.7890958786	-1
68.8391518593	-1
68.8391518593	-1
68.8391749859	-1
68.8391749859	-1
68.8391749859	-1
68.8391749859	-1
68.8391749859	-1
68.8391749859	-1
68.8391749859	-1
68.8391749859	-1
68.8396339417	-1
68.8396339417	-1
68.8396339417	-1
68.8396339417	-1
68.839758873	-1
68.839758873	-1
68.8574199677	-1
68.8574199677	-1
68.8574199677	-1
68.8574199677	-1
68.8574199677	-1
68.8574199677	-1
68.8574199677	-1
68.8574199677	-1
68.8583049774	1
68.8592410088	-1
68.8592410088	-1
68.8592410088	-1
68.8592410088	-1
68.8592410088	-1
68.8592410088	-1
68.961055994	-1
68.961055994	-1
68.961055994	-1
69.3560090065	-1
69.3609409332	-1
69.3609409332	-1
69.3609409332	-1
69.3609409332	-1
69.3609409332	-1
69.3609409332	-1
69.3609409332	-1
69.3662278652	-1
69.3662278652	-1
69.3662278652	-1
69.3662278652	-1
69.3662278652	-1
69.3662278652	-1
69.3662278652	-1
69.4155988693	-1
69.4155988693	-1
69.4155988693	-1
70.5663928986	1
70.5670177937	1
70.5670177937	1
70.5670177937	1
70.5678019524	1
70.5678019524	1
70.5678019524	1
70.5683047771	1
70.5683047771	1
70.5684738159	1
70.5684738159	1
70.5684738159	1
70.5686168671	1
70.5686168671	1
70.5708739758	1
70.5708739758	1
70.5708739758	1
70.5745167732	1
70.5745167732	1
70.5779349804	1
70.5779349804	1
70.5780508518	1
70.5780508518	1
70.5780508518	1
70.7035028934	1
70.7035028934	1
70.7035028934	1
70.7043499947	1
70.7043499947	1
70.7043499947	1
70.7043499947	1
70.8330488205	1
70.8330488205	1
70.8330488205	1
70.8417358398	1
70.9789199829	1
70.9789199829	1
71.6108908653	-1
71.8007359505	-1
71.8601629734	-1
71.8601629734	-1
71.8601629734	-1
71.8601629734	-1
71.8601629734	-1
71.8601629734	-1
71.8601629734	-1
71.8912630081	-1
71.8984909058	-1
71.8984909058	-1
71.8984909058	-1
71.8984909058	-1
71.8984909058	-1
71.8984909058	-1
72.1117148399	-1
72.1185529232	-1
72.1185529232	-1
72.1185529232	-1
72.1185529232	-1
72.1185529232	-1
72.1185529232	-1
72.2282819748	-1
72.2282819748	-1
72.2378919125	1
72.2490627766	-1
72.2490627766	-1
72.3599088192	-1
72.3599088192	-1
72.3599088192	-1
72.3599088192	-1
72.3599088192	-1
72.3599088192	-1
72.3599088192	-1
72.425454855	1
72.5009717941	-1
72.5009717941	-1
72.5009717941	-1
72.5009717941	-1
72.5009717941	-1
72.5009717941	-1
72.5009717941	-1
72.5009717941	-1
72.519851923	-1
72.519851923	-1
72.519851923	-1
72.519851923	-1
72.519851923	-1
72.519851923	-1
72.519851923	-1
72.519851923	-1
72.5624938011	1
72.5893177986	-1
72.5893177986	-1
72.5893177986	-1
72.5893177986	-1
72.5893177986	-1
72.5893177986	-1
72.6385259628	-1
72.6385259628	-1
72.6415770054	-1
72.6415770054	-1
72.6415770054	-1
72.6415770054	-1
72.6415770054	-1
72.6415770054	-1
72.6415770054	-1
72.6415770054	-1
72.6803839207	-1
72.6991939545	-1
72.6993119717	-1
72.6993119717	-1
72.6993119717	-1
72.6993119717	-1
72.6993119717	-1
72.6993119717	-1
72.7624008656	-1
72.7624008656	-1
72.7624008656	-1
72.7624008656	-1
72.7624008656	-1
72.7624008656	-1
72.7624008656	-1
72.7624008656	-1
72.8381037712	1
72.8421537876	-1
72.8421537876	-1
72.8421537876	-1
72.8421537876	-1
72.8421537876	-1
72.8421537876	-1
72.8421537876	-1
72.8421537876	-1
72.8547887802	-1
72.8547887802	-1
72.8547887802	-1
72.8547887802	-1
72.8547887802	-1
72.8547887802	-1
72.8547887802	-1
72.8681550026	-1
72.8681550026	-1
72.8802638054	-1
72.8802638054	-1
72.8802638054	-1
72.8802638054	-1
72.8802638054	-1
72.8802638054	-1
72.8802638054	-1
73.005674839	-1
73.005674839	-1
73.005674839	-1
73.005674839	-1
73.005674839	-1
73.005674839	-1
73.005674839	-1
73.005674839	-1
73.0226428509	-1
73.0226428509	-1
73.0226428509	-1
73.0226428509	-1
73.0226428509	-1
73.0226428509	-1
73.0226428509	-1
73.0483257771	-1
73.0483257771	-1
73.0483257771	-1
73.0595469475	-1
73.1430599689	-1
73.1430599689	-1
73.1442189217	-1
73.1442189217	-1
73.1442189217	-1
73.1442189217	-1
73.1442189217	-1
73.156842947	-1
73.1965069771	-1
73.1965069771	-1
73.1974167824	1
73.2264559269	-1
73.2264559269	-1
73.2264559269	-1
73.2478079796	-1
73.2478079796	-1
73.2802898884	-1
73.2802898884	-1
73.2802898884	-1
73.3491179943	-1
73.3491179943	-1
73.3491179943	-1
73.3506829739	1
74.0548799038	-1
74.1922907829	-1
74.1922907829	-1
74.198900938	1
74.4496388435	1
75.2936248779	-1
75.2949559689	1
75.569341898	1
75.7066068649	1
75.995223999	-1
76.5282649994	-1
76.5700368881	1
76.5702137947	1
76.5702137947	1
76.5702137947	1
76.6765868664	-1
76.6819398403	1
76.6819398403	1
76.6819398403	1
76.8138949871	-1
77.407861948	-1
77.5451738834	-1
77.5451738834	-1
77.5510859489	1
77.5518670082	1
77.5518670082	1
77.5518670082	1
77.5525529385	1
77.5525529385	1
77.5525529385	1
77.5525529385	1
77.5553689003	1
77.5555667877	1
77.5555667877	1
77.5555667877	1
77.5555667877	1
77.5555667877	1
77.5555667877	1
77.5555667877	1
77.5558238029	1
77.5564959049	1
77.5564959049	1
77.5564959049	1
77.5709958076	1
77.5709958076	1
77.5709958076	1
78.4277639389	-1
78.5534598827	-1
78.5534598827	-1
78.5534598827	-1
78.5590648651	-1
78.5590648651	-1
78.5590648651	-1
78.5590648651	-1
78.5617208481	1
78.5704097748	-1
78.6097698212	-1
78.6097698212	-1
78.6097698212	-1
78.6097698212	-1
78.6097698212	-1
78.6097698212	-1
78.6097698212	-1
78.6097698212	-1
78.6097698212	-1
78.6987068653	1
78.7352678776	-1
78.7352678776	-1
78.7352678776	-1
78.7352678776	-1
78.7352678776	-1
78.7352678776	-1
78.7712049484	-1
78.7712049484	-1
78.7712049484	-1
78.7712049484	-1
78.8329498768	-1
78.8329498768	-1
78.8776528835	-1
78.8776528835	-1
78.8776528835	-1
78.8776528835	-1
78.8776528835	-1
78.8776528835	-1
78.8776528835	-1
78.8776528835	-1
78.8776528835	-1
78.8779098988	-1
78.8779098988	-1
78.8779098988	-1
78.8779098988	-1
78.8837988377	1
78.8869969845	1
78.8869969845	1
78.8869969845	1
78.9559438229	-1
78.9559438229	-1
78.9559438229	-1
78.9600708485	1
78.9600708485	1
78.9600708485	1
78.9601869583	1
78.9601869583	1
78.9644749165	-1
78.9644749165	-1
78.9644749165	-1
78.9644749165	-1
78.9644749165	-1
78.9644749165	-1
79.0150678158	-1
79.0150678158	-1
79.0150678158	-1
79.0150678158	-1
79.0196177959	1
79.0196177959	1
79.0196177959	1
79.0227599144	1
79.0227599144	1
79.0227599144	1
79.7549579144	-1
79.9282739162	-1
79.9995248318	-1
79.9995248318	-1
79.9995248318	-1
79.9995248318	-1
79.9995248318	-1
79.9995248318	-1
79.9995248318	-1
80.0348010063	-1
80.0348529816	-1
80.0348529816	-1
80.0348529816	-1
80.0348529816	-1
80.0348529816	-1
80.0348529816	-1
80.0657098293	-1
80.0724859238	-1
80.0724859238	-1
80.0724859238	-1
80.0724859238	-1
80.0724859238	-1
80.0724859238	-1
80.0724859238	-1
80.1401698589	-1
80.1401698589	-1
80.1401698589	-1
80.1401698589	-1
80.1401698589	-1
80.1401698589	-1
80.1401698589	-1
80.1721169949	-1
80.1721169949	-1
80.1721169949	-1
80.1721169949	-1
80.1721169949	-1
80.1721169949	-1
80.1721169949	-1
80.1721169949	-1
80.2029149532	-1
80.2029149532	-1
80.204228878	1
80.2070918083	-1
80.2070918083	-1
80.2070918083	-1
80.2070918083	-1
80.2070918083	-1
80.2070918083	-1
80.2070918083	-1
80.2543189526	-1
80.2543189526	-1
80.2657768726	-1
80.2657768726	-1
80.2657768726	-1
80.2657768726	-1
80.2657768726	-1
80.2657768726	-1
80.2657768726	-1
80.2657768726	-1
80.2776939869	-1
80.2776939869	-1
80.3417019844	1
80.5622229576	1
80.9972569942	-1
80.9988207817	1
81.2685968876	-1
81.269315958	1
81.5717139244	1
81.5719189644	1
81.5719189644	1
81.5719189644	1
81.6472039223	-1
81.7020888329	-1
81.7020888329	-1
81.7020888329	-1
81.7020888329	-1
81.708840847	1
81.8395619392	1
81.8395619392	1
81.8395619392	1
81.9769518375	-1
82.0119698048	-1
82.0119698048	-1
82.0119698048	-1
82.0119698048	-1
82.0119698048	-1
82.6414079666	-1
82.853497982	-1
82.9284718037	1
83.1023578644	1
83.1614689827	1
83.1614689827	1
83.1614689827	1
83.1616959572	1
83.1616959572	1
83.1616959572	1
83.1616959572	1
83.1616959572	1
83.164760828	1
83.164760828	1
83.164760828	1
83.164760828	1
83.164760828	1
83.164760828	1
83.1661570072	1
83.1661570072	1
83.1661570072	1
83.1661570072	1
83.1661570072	1
83.1661570072	1
83.1661570072	1
83.1661570072	1
83.1666779518	1
83.1666779518	1
83.1666779518	1
83.1666779518	1
83.1666779518	1
83.1666779518	1
83.1666779518	1
83.1666779518	1
83.4361569881	1
83.6950969696	-1
83.8324608803	-1
84.0555558205	-1
84.1929268837	-1
84.1929268837	-1
