0.0	-1
0.0	-1
0.0010449886322	1
0.116486787796	1
0.191717863083	-1
0.193606853485	1
0.565883874893	-1
0.568732976913	1
2.40506887436	-1
9.67901277542	1
17.5859529972	-1
17.5916237831	1
17.591809988	1
17.591809988	1
17.591809988	1
17.591809988	1
17.591809988	1
19.9952228069	-1
19.9966449738	1
20.071338892	-1
22.0128409863	-1
22.1280529499	-1
22.1433317661	1
22.393299818	1
23.531842947	-1
23.5330908298	1
23.6077969074	-1
24.1742939949	-1
24.2254929543	-1
24.2254929543	-1
24.2254929543	-1
24.2254929543	-1
24.2254929543	-1
24.2254929543	-1
24.2254929543	-1
24.2780377865	1
24.2787828445	1
24.2787828445	1
24.2787828445	1
24.3271689415	-1
24.3535768986	1
24.3869268894	-1
24.3869268894	-1
24.3869268894	-1
24.3869268894	-1
24.3869268894	-1
24.3869268894	-1
24.3869268894	-1
24.4514629841	1
24.4529187679	1
24.4529187679	1
24.4529187679	1
24.4545657635	1
24.4545657635	1
24.5276918411	1
24.5276918411	1
24.5276918411	1
24.5276918411	1
24.5276918411	1
24.528192997	1
24.5285549164	1
24.5285549164	1
24.5364999771	-1
24.5550558567	-1
24.5550558567	-1
24.5550558567	-1
24.5550558567	-1
24.5550558567	-1
24.5550558567	-1
24.5550558567	-1
24.5550558567	-1
24.592389822	-1
24.59284091	-1
24.59284091	-1
24.59284091	-1
24.59284091	-1
24.59284091	-1
24.59284091	-1
24.6023647785	1
24.6023647785	1
24.6169128418	-1
24.6169128418	-1
24.6169128418	-1
24.6169128418	-1
24.6169128418	-1
24.6169128418	-1
24.6169128418	-1
24.6169128418	-1
24.6488418579	1
24.6488418579	1
24.6488418579	1
24.6753439903	1
24.6753439903	1
24.7036039829	1
24.7036039829	1
24.7036039829	1
24.7040529251	1
24.7040529251	1
24.7246367931	-1
24.786138773	-1
24.786138773	-1
24.786138773	-1
24.786138773	-1
24.786138773	-1
24.786138773	-1
24.786138773	-1
24.8119997978	-1
24.8120388985	1
24.8120708466	-1
24.8120708466	-1
24.8120708466	-1
24.8120708466	-1
24.8120708466	-1
24.8120708466	-1
24.8120708466	-1
24.8360638618	-1
24.898722887	1
24.898722887	1
24.898722887	1
24.8998389244	1
24.8998389244	1
24.903179884	-1
24.903179884	-1
24.903179884	-1
24.903179884	-1
24.903179884	-1
24.903179884	-1
24.903179884	-1
24.9803678989	1
25.0942468643	1
25.4542748928	-1
25.4545619488	-1
25.4545619488	-1
25.4545619488	-1
25.4565899372	1
25.4567577839	1
25.4567577839	1
25.4567577839	1
25.4567577839	1
25.4567577839	1
25.5293478966	-1
25.5311567783	1
25.5312907696	1
25.5312907696	1
25.5312907696	1
25.6881377697	-1
25.6895389557	1
25.7255649567	-1
25.7255649567	-1
25.7255649567	-1
25.7642560005	-1
25.7642948627	1
25.7664189339	1
25.7664189339	1
25.7664189339	1
25.8390247822	-1
25.8554899693	-1
25.8554899693	-1
25.8554899693	-1
25.8560819626	-1
25.8560819626	-1
25.8560819626	-1
25.8578128815	1
25.8578128815	1
25.8578128815	1
25.8589029312	1
25.8589029312	1
25.8589029312	1
25.9630439281	-1
25.9630439281	-1
25.9630439281	-1
25.9643688202	1
25.9643688202	1
25.9643688202	1
25.9882118702	-1
25.9891238213	-1
25.9891238213	-1
25.9891238213	-1
25.9891238213	-1
25.9891238213	-1
25.9905018806	1
25.9905018806	1
25.9905018806	1
25.9909698963	1
25.9909698963	1
25.9909698963	1
26.0655939579	1
26.0655939579	1
26.0655939579	1
26.0655939579	1
26.0655939579	1
26.0655939579	1
26.0973207951	-1
26.0973207951	-1
26.0973207951	-1
26.0973207951	-1
26.0973207951	-1
26.0973207951	-1
26.1203598976	-1
26.1203598976	-1
26.1221528053	1
26.1221528053	1
26.2123918533	-1
26.2123918533	-1
26.2138397694	1
26.2856378555	-1
26.2856378555	-1
26.2856378555	-1
26.3823869228	-1
26.3824868202	-1
26.3824868202	-1
26.3824868202	-1
26.3824868202	-1
26.3824868202	-1
26.4185538292	-1
26.5416867733	-1
26.5537528992	-1
26.5537528992	-1
26.5537528992	-1
26.5537528992	-1
26.5537528992	-1
26.5537528992	-1
26.5537528992	-1
26.576830864	-1
26.576830864	-1
26.576830864	-1
26.576830864	-1
26.576830864	-1
26.576830864	-1
26.576830864	-1
26.576830864	-1
26.576830864	-1
26.6759328842	1
26.6760249138	1
26.6760249138	1
26.6760249138	1
26.6760249138	1
26.7392067909	-1
26.7392067909	-1
26.7392067909	-1
26.7473788261	-1
26.7473788261	-1
26.7473788261	-1
26.7473788261	-1
26.7473788261	-1
26.7473788261	-1
26.7940928936	-1
26.7940928936	-1
26.7940928936	-1
26.7940928936	-1
26.7940928936	-1
26.7940928936	-1
26.7940928936	-1
26.869204998	1
26.9175739288	-1
26.9175739288	-1
26.9175739288	-1
26.9175739288	-1
26.9175739288	-1
26.9175739288	-1
26.9175739288	-1
26.9175739288	-1
26.9772949219	-1
26.9772949219	-1
26.9772949219	-1
26.9772949219	-1
26.9772949219	-1
26.9772949219	-1
26.9772949219	-1
26.9773099422	1
27.1058139801	-1
27.1728248596	-1
27.1728248596	-1
27.1728248596	-1
27.1728248596	-1
27.1728248596	-1
27.1728248596	-1
27.1728248596	-1
27.1728248596	-1
27.1728248596	-1
27.1805608273	-1
27.1845328808	-1
27.1845328808	-1
27.1845328808	-1
27.1845328808	-1
27.1845328808	-1
27.1845328808	-1
27.1845328808	-1
27.1845328808	-1
27.1847288609	-1
27.1847288609	-1
27.1847288609	-1
27.3632109165	-1
27.4415009022	-1
27.4417278767	-1
27.4417278767	-1
27.4417278767	-1
27.4417278767	-1
27.4417278767	-1
27.4417278767	-1
27.4417278767	-1
27.4417278767	-1
27.4419779778	-1
27.4419779778	-1
27.4537079334	-1
27.4542229176	-1
27.4542229176	-1
27.4542229176	-1
27.4542229176	-1
27.4542229176	-1
27.4542229176	-1
27.4542229176	-1
27.4964339733	-1
27.5853698254	-1
27.5853698254	-1
27.5853698254	-1
27.5853698254	-1
27.5853698254	-1
27.5853698254	-1
27.5853698254	-1
27.5853698254	-1
27.5853698254	-1
27.5853698254	-1
27.5883629322	1
27.5945549011	-1
27.5945549011	-1
27.5945549011	-1
27.5945549011	-1
27.5945549011	-1
27.5945549011	-1
27.5945549011	-1
27.732727766	-1
27.732727766	-1
27.732727766	-1
27.732727766	-1
27.732727766	-1
27.732727766	-1
27.732727766	-1
27.732727766	-1
27.7911849022	-1
27.7911849022	-1
27.7911849022	-1
27.7911849022	-1
27.7911849022	-1
27.7911849022	-1
27.7911849022	-1
27.7911849022	-1
27.8499999046	-1
27.8499999046	-1
27.8499999046	-1
27.8499999046	-1
27.8499999046	-1
27.8499999046	-1
27.8499999046	-1
27.8499999046	-1
27.8501808643	-1
27.8514859676	1
27.9641978741	-1
27.9641978741	-1
27.9641978741	-1
27.9641978741	-1
27.9641978741	-1
27.9641978741	-1
27.9641978741	-1
27.9641978741	-1
28.0586788654	-1
28.0586788654	-1
28.0586788654	-1
28.0586788654	-1
28.0586788654	-1
28.0586788654	-1
28.0586788654	-1
28.0586788654	-1
28.0869238377	-1
28.0987679958	-1
28.0987679958	-1
28.0987679958	-1
28.0987679958	-1
28.0987679958	-1
28.0987679958	-1
28.0987679958	-1
28.0990049839	-1
28.0990049839	-1
28.0990049839	-1
28.0990049839	-1
28.0990049839	-1
28.0990049839	-1
28.0990049839	-1
28.0993249416	1
28.1558477879	-1
28.1558477879	-1
28.1558477879	-1
28.1625027657	-1
28.2097737789	-1
28.2097737789	-1
28.2097737789	-1
28.2097737789	-1
28.2097737789	-1
28.2097737789	-1
28.2320568562	-1
28.2320568562	-1
28.2320568562	-1
28.2320568562	-1
28.2320568562	-1
28.2320568562	-1
28.2320568562	-1
28.2320568562	-1
28.2899198532	-1
28.2899198532	-1
28.2899198532	-1
28.2899198532	-1
28.2899198532	-1
28.2899198532	-1
28.2899198532	-1
28.2899198532	-1
28.2991058826	-1
28.3490707874	-1
28.3490707874	-1
28.3490707874	-1
28.3490707874	-1
28.3490707874	-1
28.3490707874	-1
28.3490707874	-1
28.3490707874	-1
28.3492147923	-1
28.3495829105	1
28.364128828	-1
28.364128828	-1
28.364128828	-1
28.364128828	-1
28.364128828	-1
28.364128828	-1
28.3643529415	-1
28.3643529415	-1
28.3643529415	-1
28.3643529415	-1
28.3643529415	-1
28.3643529415	-1
28.3643529415	-1
28.3643529415	-1
28.4389648438	-1
28.4389648438	-1
28.4389648438	-1
28.4389648438	-1
28.4389648438	-1
28.4389648438	-1
28.4389648438	-1
28.4389648438	-1
28.4932658672	-1
28.4932658672	-1
28.4932658672	-1
28.4932658672	-1
28.4932658672	-1
28.4932658672	-1
28.4932658672	-1
28.4984638691	-1
28.4984638691	-1
28.4988958836	-1
28.4988958836	-1
28.4988958836	-1
28.4988958836	-1
28.4988958836	-1
28.4988958836	-1
28.4988958836	-1
28.4996547699	1
28.5357618332	-1
28.5357618332	-1
28.5357618332	-1
28.5357618332	-1
28.5357618332	-1
28.5357618332	-1
28.5357618332	-1
28.5357618332	-1
28.5723779202	-1
28.5723779202	-1
28.5723779202	-1
28.5723779202	-1
28.5723779202	-1
28.5723779202	-1
28.5723779202	-1
28.6757888794	-1
28.6757888794	-1
28.6757888794	-1
28.6757888794	-1
28.6757888794	-1
28.6757888794	-1
28.6757888794	-1
28.6757888794	-1
28.6757888794	-1
28.6861917973	-1
28.6945478916	-1
28.6945478916	-1
28.6945478916	-1
28.6945478916	-1
28.6945478916	-1
28.6945478916	-1
28.6945478916	-1
28.6945478916	-1
28.6969208717	-1
28.6969208717	-1
28.6969208717	-1
28.6969208717	-1
28.6969208717	-1
28.6969208717	-1
28.6969208717	-1
28.8359749317	-1
28.9656028748	-1
28.9661369324	-1
28.9661369324	-1
28.9661369324	-1
28.9661369324	-1
28.9661369324	-1
28.9661369324	-1
29.0407178402	-1
29.041975975	1
29.0521857738	-1
29.0521857738	-1
29.0521857738	-1
29.0521857738	-1
29.0521857738	-1
29.0521857738	-1
29.0521857738	-1
29.0727629662	1
29.0727629662	1
29.0727629662	1
29.0757157803	-1
29.0758359432	-1
29.0758359432	-1
29.0758359432	-1
29.0758359432	-1
29.0758359432	-1
29.0758359432	-1
29.0758359432	-1
29.0894918442	1
29.0894918442	1
29.0975039005	-1
29.0975039005	-1
29.1774139404	-1
29.1774139404	-1
29.1774139404	-1
29.1774139404	-1
29.1774139404	-1
29.1774139404	-1
29.1774139404	-1
29.2058179379	-1
29.2058179379	-1
29.2058179379	-1
29.2058179379	-1
29.2058179379	-1
29.2058179379	-1
29.2058179379	-1
29.2058179379	-1
29.3553099632	-1
29.3563518524	-1
29.3563518524	-1
29.3563518524	-1
29.3563518524	-1
29.3563518524	-1
29.3563518524	-1
29.3563518524	-1
29.3844399452	-1
29.3844399452	-1
29.3844399452	-1
29.3844399452	-1
29.3844399452	-1
29.3844399452	-1
29.3844399452	-1
29.3844399452	-1
29.3859009743	1
29.5478479862	-1
29.5736949444	-1
29.5736949444	-1
29.5736949444	-1
29.5736949444	-1
29.5736949444	-1
29.5736949444	-1
29.5990948677	-1
29.5990948677	-1
29.5990948677	-1
29.5990948677	-1
29.5990948677	-1
29.5990948677	-1
29.5990948677	-1
29.6849579811	-1
29.6849579811	-1
29.6849579811	-1
29.6849579811	-1
29.6849579811	-1
29.6849579811	-1
29.6849579811	-1
29.6849579811	-1
29.8835809231	-1
29.8839488029	-1
29.8839488029	-1
29.8839488029	-1
29.8839488029	-1
29.8839488029	-1
29.8839488029	-1
29.8839488029	-1
29.9585528374	-1
29.9970917702	-1
29.9970917702	-1
29.9970917702	-1
29.9970917702	-1
29.9970917702	-1
29.9970917702	-1
29.9970917702	-1
29.9970917702	-1
30.015460968	-1
30.0166459084	1
30.0519177914	-1
30.0519177914	-1
30.0519177914	-1
30.0519177914	-1
30.0519177914	-1
30.0519177914	-1
30.1694188118	-1
30.1694188118	-1
30.1694188118	-1
30.1694188118	-1
30.1694188118	-1
30.1694188118	-1
30.1694188118	-1
30.1694188118	-1
30.1764018536	-1
30.1764018536	-1
30.1764018536	-1
30.2400097847	-1
30.3361759186	-1
30.3363599777	-1
30.3363599777	-1
30.3363599777	-1
30.3363599777	-1
30.3363599777	-1
30.3363599777	-1
30.3363599777	-1
30.3624429703	-1
30.3624429703	-1
30.3624429703	-1
30.3624429703	-1
30.3624429703	-1
30.3624429703	-1
30.3904237747	-1
30.3905439377	-1
30.3905439377	-1
30.3905439377	-1
30.3905439377	-1
30.4892568588	-1
30.530454874	-1
30.530454874	-1
30.530454874	-1
30.530454874	-1
30.530454874	-1
30.530454874	-1
30.530454874	-1
30.5388197899	-1
30.5388197899	-1
30.5388197899	-1
30.5388197899	-1
30.6463937759	-1
30.646671772	-1
30.646671772	-1
30.646671772	-1
30.646671772	-1
30.646671772	-1
30.646671772	-1
30.7200357914	-1
30.7200357914	-1
30.7200357914	-1
30.7200357914	-1
30.7200357914	-1
30.7200357914	-1
30.7200357914	-1
30.7200357914	-1
30.7203829288	1
30.7753469944	-1
30.7753469944	-1
30.7753469944	-1
30.7753469944	-1
30.7753469944	-1
30.7753469944	-1
30.7753469944	-1
30.7786438465	-1
30.8059568405	-1
30.8059568405	-1
30.8059568405	-1
30.8059568405	-1
30.8059568405	-1
30.8059568405	-1
30.8570899963	-1
30.8570899963	-1
30.8570899963	-1
30.8570899963	-1
30.8570899963	-1
30.8570899963	-1
30.8570899963	-1
30.8570899963	-1
30.9748239517	-1
30.9748239517	-1
30.9748239517	-1
30.9751119614	-1
30.9751119614	-1
30.9751119614	-1
30.9751119614	-1
30.9751119614	-1
30.9751119614	-1
30.9888088703	-1
30.9888088703	-1
30.9888088703	-1
30.9888088703	-1
30.9888088703	-1
30.9888088703	-1
30.9888088703	-1
30.9888088703	-1
31.076240778	1
31.0765109062	1
31.0765109062	1
31.0765109062	1
31.0765109062	1
31.0765109062	1
31.0765109062	1
31.0765109062	1
31.0765109062	1
31.0765929222	1
31.0765929222	1
31.1306438446	-1
31.1651439667	-1
31.1651439667	-1
31.1651439667	-1
31.1651439667	-1
31.1651439667	-1
31.1651439667	-1
31.1651439667	-1
31.1853637695	-1
31.1860978603	-1
31.1860978603	-1
31.1860978603	-1
31.1860978603	-1
31.1860978603	-1
31.1860978603	-1
31.1860978603	-1
31.4070467949	-1
31.4074988365	-1
31.4074988365	-1
31.4074988365	-1
31.4074988365	-1
31.4074988365	-1
31.4074988365	-1
31.4074988365	-1
31.4183068275	-1
31.4183068275	-1
31.4183068275	-1
31.4183068275	-1
31.4183068275	-1
31.4183068275	-1
31.4183068275	-1
31.4183068275	-1
31.4392797947	-1
31.4392797947	-1
31.4403738976	-1
31.4403738976	-1
31.4403738976	-1
31.4403738976	-1
31.4403738976	-1
31.4403738976	-1
31.46722579	-1
31.46722579	-1
31.46722579	-1
31.46722579	-1
31.46722579	-1
31.46722579	-1
31.46722579	-1
31.46722579	-1
31.4827609062	1
31.5569148064	-1
31.5773448944	-1
31.5773448944	-1
31.5773448944	-1
31.5773448944	-1
31.5773448944	-1
31.5773448944	-1
31.5773448944	-1
31.5779838562	1
31.652315855	-1
31.6540369987	-1
31.6540369987	-1
31.6540369987	-1
31.6540369987	-1
31.6540369987	-1
31.6540369987	-1
31.6540369987	-1
31.6943387985	-1
31.6944439411	-1
31.6944439411	-1
31.6944439411	-1
31.6944439411	-1
31.6944439411	-1
31.6944439411	-1
31.6944439411	-1
31.7384848595	-1
31.7384848595	-1
31.7384848595	-1
31.7384848595	-1
31.7384848595	-1
31.7384848595	-1
31.7384848595	-1
31.7384848595	-1
31.7752718925	-1
31.7753767967	-1
31.7753767967	-1
31.7753767967	-1
31.7753767967	-1
31.7753767967	-1
31.7753767967	-1
31.7753767967	-1
31.7772169113	-1
31.7772657871	-1
31.7772657871	-1
31.7772657871	-1
31.7772657871	-1
31.7772657871	-1
31.7772657871	-1
31.7784388065	1
31.7897098064	-1
31.7897098064	-1
31.8500609398	-1
31.8500609398	-1
31.8500609398	-1
31.8500609398	-1
31.8500609398	-1
31.8500609398	-1
31.8500609398	-1
32.0524699688	-1
32.0538489819	-1
32.0538489819	-1
32.0538489819	-1
32.0538489819	-1
32.0538489819	-1
32.0538489819	-1
32.0538489819	-1
32.0545017719	-1
32.0546238422	-1
32.0546238422	-1
32.0546238422	-1
32.0546238422	-1
32.0546238422	-1
32.0546238422	-1
32.0546238422	-1
32.0548698902	-1
32.0548698902	-1
32.0548698902	-1
32.0548698902	-1
32.0548698902	-1
32.0548698902	-1
32.0548698902	-1
32.1273839474	-1
32.1273839474	-1
32.1286599636	1
32.1626069546	-1
32.1626069546	-1
32.1626069546	-1
32.1626069546	-1
32.1626069546	-1
32.1626069546	-1
32.1626069546	-1
32.3923568726	-1
32.3925418854	-1
32.3925418854	-1
32.3925418854	-1
32.3925418854	-1
32.3925418854	-1
32.3925418854	-1
32.3925418854	-1
32.4635589123	-1
32.4635589123	-1
32.4635589123	-1
32.4635589123	-1
32.4635589123	-1
32.4635589123	-1
32.4635589123	-1
32.467979908	1
32.5013659	-1
32.5013659	-1
32.5013659	-1
32.5013659	-1
32.5013659	-1
32.5013659	-1
32.5013659	-1
32.5013659	-1
32.5013659	-1
32.5013659	-1
32.6162278652	-1
32.6494867802	-1
32.6494867802	-1
32.6494867802	-1
32.6494867802	-1
32.6494867802	-1
32.7236788273	-1
32.7690179348	-1
32.7690179348	-1
32.7690179348	-1
32.7690179348	-1
32.7690179348	-1
32.7690179348	-1
32.7690179348	-1
32.8644909859	-1
32.8644909859	-1
32.8644909859	-1
32.8644909859	-1
32.8644909859	-1
32.8644909859	-1
32.8644909859	-1
32.8644909859	-1
32.9674367905	-1
32.9674367905	-1
32.9674367905	-1
32.9674367905	-1
32.9674367905	-1
32.9674367905	-1
32.9674367905	-1
32.9674367905	-1
32.9681148529	-1
32.9681148529	-1
32.9691748619	1
33.0685579777	-1
33.0685579777	-1
33.0685579777	-1
33.0685579777	-1
33.0685579777	-1
33.0685579777	-1
33.0685579777	-1
33.0685579777	-1
33.0897359848	-1
33.0898389816	-1
33.0898389816	-1
33.0898389816	-1
33.0898389816	-1
33.0898389816	-1
33.1883618832	-1
33.1883618832	-1
33.1883618832	-1
33.1883618832	-1
33.1883618832	-1
33.1883618832	-1
33.1883618832	-1
33.1883618832	-1
33.3034098148	-1
33.3065028191	-1
33.3065028191	-1
33.3065028191	-1
33.3065028191	-1
33.3065028191	-1
33.3065028191	-1
33.3065028191	-1
33.3167209625	-1
33.3167209625	-1
33.3168318272	-1
33.3168318272	-1
33.3168318272	-1
33.3168318272	-1
33.3168318272	-1
33.3168318272	-1
33.4495937824	-1
33.4495937824	-1
33.4495937824	-1
33.4495937824	-1
33.4495937824	-1
33.4495937824	-1
33.4495937824	-1
33.5346329212	-1
33.5358269215	-1
33.5358269215	-1
33.5358269215	-1
33.5358269215	-1
33.5358269215	-1
33.5358269215	-1
33.5358269215	-1
33.562060833	-1
33.562060833	-1
33.562060833	-1
33.562060833	-1
33.562060833	-1
33.562060833	-1
33.562060833	-1
33.562060833	-1
33.6112008095	1
33.6278247833	-1
33.6278247833	-1
33.6278247833	-1
33.6278247833	-1
33.6278247833	-1
33.6278247833	-1
33.6278247833	-1
33.6278247833	-1
33.657378912	-1
33.6613109112	-1
33.6613109112	-1
33.6613109112	-1
33.6613109112	-1
33.6613109112	-1
33.6613109112	-1
33.6613109112	-1
33.7257609367	1
33.8396217823	-1
33.8491249084	-1
33.8491249084	-1
33.8491249084	-1
33.8491249084	-1
33.8491249084	-1
33.8491249084	-1
33.8491249084	-1
33.8917608261	-1
33.8917608261	-1
33.8917608261	-1
33.8917608261	-1
33.8917608261	-1
33.8917608261	-1
33.8917608261	-1
33.8917608261	-1
34.3073968887	-1
34.4370439053	-1
34.4372308254	-1
34.4372308254	-1
34.4372308254	-1
34.4372308254	-1
34.4372308254	-1
34.4372308254	-1
34.6101307869	-1
34.6103367805	-1
34.6103367805	-1
34.6103367805	-1
34.6103367805	-1
34.6103367805	-1
34.6103367805	-1
34.6103367805	-1
34.7408528328	-1
34.7408528328	-1
34.7408528328	-1
34.7408528328	-1
34.7408528328	-1
34.7408528328	-1
34.7408528328	-1
34.7599380016	-1
34.7611179352	1
34.8769438267	-1
34.8772568703	-1
34.8772568703	-1
34.8772568703	-1
34.8772568703	-1
34.8772568703	-1
34.8772568703	-1
34.8772568703	-1
34.9519219398	-1
35.0095748901	-1
35.0095748901	-1
35.0095748901	-1
35.0095748901	-1
35.0095748901	-1
35.0095748901	-1
35.0095748901	-1
35.0095748901	-1
35.4085707664	-1
35.536867857	-1
35.5372018814	-1
35.5372018814	-1
35.5372018814	-1
35.5372018814	-1
35.5372018814	-1
35.5372018814	-1
36.0701758862	-1
36.0705668926	-1
36.0705668926	-1
36.0705668926	-1
36.0705668926	-1
36.0705668926	-1
36.0705668926	-1
36.0705668926	-1
36.3398377895	-1
36.4312968254	-1
36.4315028191	-1
36.4315028191	-1
36.4315028191	-1
36.4315028191	-1
36.4315028191	-1
36.4315028191	-1
36.4315028191	-1
36.468654871	-1
36.468654871	-1
36.468654871	-1
36.468654871	-1
36.468654871	-1
36.468654871	-1
36.468654871	-1
36.4699938297	1
36.5443849564	1
36.5664358139	-1
36.5664358139	-1
36.5664358139	-1
36.5664358139	-1
36.5664358139	-1
36.5664358139	-1
36.5664358139	-1
36.5664358139	-1
36.601639986	-1
36.6190619469	1
36.6992387772	-1
36.6992828846	1
36.6992828846	1
36.6995899677	-1
36.6995899677	-1
36.6995899677	-1
36.6995899677	-1
36.6995899677	-1
36.6995899677	-1
36.747456789	-1
36.747456789	-1
36.7475719452	-1
36.7475719452	-1
36.7475719452	-1
36.7475719452	-1
36.7475719452	-1
36.7475719452	-1
36.7475719452	-1
36.8764798641	-1
36.8764798641	-1
36.8764798641	-1
36.8764798641	-1
36.8764798641	-1
36.8764798641	-1
36.8764798641	-1
37.010974884	-1
37.010974884	-1
37.010974884	-1
37.010974884	-1
37.010974884	-1
37.010974884	-1
37.010974884	-1
37.010974884	-1
37.0177309513	-1
37.08589077	-1
37.08589077	-1
37.08589077	-1
37.08589077	-1
37.08589077	-1
37.08589077	-1
37.08589077	-1
37.08589077	-1
37.1443219185	-1
37.1443219185	-1
37.1443219185	-1
37.1443219185	-1
37.1443219185	-1
37.1443219185	-1
37.1443219185	-1
37.1443219185	-1
37.2352437973	-1
37.2872138023	-1
37.2872138023	-1
37.2872138023	-1
37.2872138023	-1
37.2872138023	-1
37.2872138023	-1
37.2872138023	-1
37.2872138023	-1
37.2872138023	-1
37.287457943	-1
37.287457943	-1
37.287457943	-1
37.287457943	-1
37.2903339863	-1
37.3104047775	-1
37.3104047775	-1
37.3104047775	-1
37.3104047775	-1
37.3104047775	-1
37.3104047775	-1
37.3104047775	-1
37.3104047775	-1
37.362005949	-1
37.4102048874	-1
37.4102048874	-1
37.4102048874	-1
37.4102048874	-1
37.4102048874	-1
37.4102048874	-1
37.4102048874	-1
37.4102048874	-1
37.4103798866	-1
37.4103798866	-1
37.4108068943	-1
37.4120459557	1
37.4365828037	-1
37.4365828037	-1
37.4365828037	-1
37.5264668465	1
37.5448849201	-1
37.572414875	-1
37.572414875	-1
37.572414875	-1
37.572414875	-1
37.572414875	-1
37.572414875	-1
37.572414875	-1
37.572414875	-1
37.5725398064	-1
37.5725398064	-1
37.5725398064	-1
37.5725398064	-1
37.5725398064	-1
37.5725398064	-1
37.5725398064	-1
37.677770853	-1
37.677770853	-1
37.677770853	-1
37.677770853	-1
37.677770853	-1
37.677770853	-1
37.677770853	-1
37.677770853	-1
37.7273907661	-1
37.7295258045	-1
37.7295258045	-1
37.7295258045	-1
37.7295258045	-1
37.7295258045	-1
37.7295258045	-1
37.7295258045	-1
37.7312588692	-1
37.7391638756	-1
37.7391638756	-1
37.7391638756	-1
37.7391638756	-1
37.7391638756	-1
37.7391638756	-1
37.7391638756	-1
37.7526628971	-1
37.7966048717	1
37.8316278458	-1
37.8316278458	-1
37.8316278458	-1
37.8316278458	-1
37.8316278458	-1
37.8316278458	-1
37.8316278458	-1
37.8328738213	-1
37.8329789639	-1
37.8329789639	-1
37.8329789639	-1
37.8329789639	-1
37.8329789639	-1
37.8329789639	-1
37.8487319946	-1
37.8487319946	-1
37.8487319946	-1
37.8487319946	-1
37.8487319946	-1
37.8487319946	-1
37.8487319946	-1
37.8487319946	-1
37.8487319946	-1
37.906498909	-1
37.906498909	-1
37.9065999985	-1
37.9065999985	-1
37.9065999985	-1
37.9065999985	-1
37.9065999985	-1
37.9065999985	-1
37.9078907967	-1
37.9078907967	-1
37.9078907967	-1
37.9078907967	-1
37.9078907967	-1
37.9078907967	-1
37.9078907967	-1
37.9078907967	-1
37.9646148682	-1
37.9646148682	-1
37.9646148682	-1
37.9646148682	-1
37.9646148682	-1
37.9646148682	-1
37.9646148682	-1
37.9646148682	-1
37.9815688133	-1
37.9827759266	-1
37.9827759266	-1
37.9827759266	-1
37.9827759266	-1
37.9827759266	-1
37.9827759266	-1
37.9827759266	-1
37.9827759266	-1
37.9988927841	-1
37.9988927841	-1
37.9988927841	-1
38.039940834	1
38.4895248413	-1
38.6039907932	-1
38.6316249371	-1
38.6316249371	-1
38.6316249371	-1
38.6316249371	-1
38.6316249371	-1
38.6316249371	-1
38.6316249371	-1
38.6316249371	-1
38.6316249371	-1
38.6319739819	-1
38.6319739819	-1
38.6319739819	-1
38.6319739819	-1
38.6320259571	-1
38.6322188377	-1
38.6322188377	-1
38.6322188377	-1
38.6322188377	-1
38.6322188377	-1
38.6322188377	-1
38.6322188377	-1
38.6322188377	-1
38.7066447735	-1
38.7066447735	-1
38.7066447735	-1
38.7066447735	-1
38.8878188133	-1
39.0480029583	-1
39.0482788086	-1
39.0482788086	-1
39.0482788086	-1
39.0482788086	-1
39.0482788086	-1
39.0484437943	-1
39.1813127995	-1
39.1813127995	-1
39.1813127995	-1
39.1813127995	-1
39.1813127995	-1
39.1813127995	-1
39.1813127995	-1
39.1814799309	-1
39.1816618443	-1
39.1816618443	-1
39.1816618443	-1
39.1816618443	-1
39.1816618443	-1
39.1816618443	-1
39.1816618443	-1
39.2939507961	1
39.2983078957	-1
39.3019528389	-1
39.3019528389	-1
39.3019528389	-1
39.3019528389	-1
39.3019528389	-1
39.3019528389	-1
39.3019528389	-1
39.3019528389	-1
39.3151619434	-1
39.3152809143	-1
39.3152809143	-1
39.3152809143	-1
39.3152809143	-1
39.3152809143	-1
39.3152809143	-1
39.3152809143	-1
39.3744139671	1
39.4196629524	-1
39.4196629524	-1
39.4196629524	-1
39.4196629524	-1
39.4196629524	-1
39.4196629524	-1
39.4196629524	-1
39.5392258167	1
39.5623579025	-1
39.5623579025	-1
39.5623579025	-1
39.5623579025	-1
39.5623579025	-1
39.5623579025	-1
39.5623579025	-1
39.5623579025	-1
39.621683836	1
39.6230509281	1
39.6230509281	1
39.6230509281	1
39.6230509281	1
39.6230509281	1
39.6230509281	1
39.6238539219	1
39.6238539219	1
39.6243479252	1
39.6243479252	1
39.6243479252	1
39.6243479252	1
39.6431708336	-1
39.6852319241	-1
39.6852319241	-1
39.6852319241	-1
39.6852319241	-1
39.6852319241	-1
39.6852319241	-1
39.6852319241	-1
39.7180879116	-1
39.7340209484	-1
39.7340209484	-1
39.7340209484	-1
39.7340209484	-1
39.7340209484	-1
39.7340209484	-1
39.7340209484	-1
39.7340209484	-1
39.8101899624	1
39.8489158154	-1
39.8489158154	-1
39.8489158154	-1
39.8489158154	-1
39.8489158154	-1
39.8489158154	-1
39.8489158154	-1
39.8489158154	-1
39.8489158154	-1
39.9238419533	1
40.1394908428	-1
40.1396939754	-1
40.1396939754	-1
40.1396939754	-1
40.1396939754	-1
40.1396939754	-1
40.1396939754	-1
40.2497069836	-1
40.2497069836	-1
40.2497069836	-1
40.2497069836	-1
40.2497069836	-1
40.2497069836	-1
40.2497069836	-1
40.2497069836	-1
40.3822009563	-1
40.3823869228	-1
40.3823869228	-1
40.3823869228	-1
40.3823869228	-1
40.3823869228	-1
40.3823869228	-1
40.3823869228	-1
40.458013773	-1
40.6488318443	-1
40.6490199566	-1
40.6490199566	-1
40.6490199566	-1
40.6490199566	-1
40.6490199566	-1
40.6490199566	-1
40.6490199566	-1
40.7239499092	-1
40.7821378708	-1
40.7821378708	-1
40.7821378708	-1
40.7821378708	-1
40.7821378708	-1
40.7821378708	-1
41.3223969936	-1
41.3244428635	-1
41.3244428635	-1
41.3244428635	-1
41.3244428635	-1
41.3244428635	-1
41.3244428635	-1
41.3244428635	-1
41.397040844	-1
41.4518637657	-1
41.4518637657	-1
41.4518637657	-1
41.4518637657	-1
41.4518637657	-1
41.4518637657	-1
41.4518637657	-1
41.5834169388	-1
41.7421648502	-1
41.7452168465	-1
41.7452168465	-1
41.7452168465	-1
41.7452168465	-1
41.7452168465	-1
41.7452168465	-1
41.7452168465	-1
41.8171169758	-1
41.8485109806	-1
41.8485109806	-1
41.8485109806	-1
41.8485608101	-1
41.8485608101	-1
41.8485608101	-1
41.8485608101	-1
41.8487589359	-1
41.8505859375	1
41.9253349304	1
41.9999549389	1
42.2477469444	-1
42.2481958866	-1
42.2481958866	-1
42.2481958866	-1
42.2481958866	-1
42.2481958866	-1
42.2481958866	-1
42.2484419346	-1
42.2484419346	-1
42.2484419346	-1
42.2484419346	-1
42.2484419346	-1
42.3100609779	-1
42.3100609779	-1
42.3100609779	-1
42.3806059361	-1
42.3806059361	-1
42.3806059361	-1
42.3806059361	-1
42.3806059361	-1
43.1406588554	-1
43.140955925	-1
43.140955925	-1
43.140955925	-1
43.140955925	-1
43.2156069279	-1
43.2613008022	1
43.4058709145	-1
43.6378939152	-1
43.6554248333	-1
43.6554248333	-1
43.6554248333	-1
43.6554248333	-1
43.6554248333	-1
43.6554248333	-1
43.6554248333	-1
43.6554248333	-1
43.6556508541	-1
43.6556508541	-1
43.6556508541	-1
43.6556508541	-1
43.6556508541	-1
43.6868999004	-1
43.6914339066	-1
43.6914339066	-1
43.6914339066	-1
43.6914339066	-1
43.6914339066	-1
43.6914339066	-1
43.6914339066	-1
43.980027914	-1
43.9801969528	-1
43.9801969528	-1
43.9801969528	-1
43.9801969528	-1
43.9801969528	-1
43.9801969528	-1
43.9801969528	-1
43.9804627895	-1
43.9804627895	-1
44.0742328167	-1
44.0742328167	-1
44.0742328167	-1
44.0742328167	-1
44.0742328167	-1
44.0742328167	-1
44.0742328167	-1
44.1129968166	-1
44.1131029129	-1
44.1131029129	-1
44.1131029129	-1
44.1131029129	-1
44.1131029129	-1
44.1131029129	-1
44.1160228252	1
44.1162497997	1
44.1162497997	1
44.1162497997	1
44.1162497997	1
44.1162497997	1
44.1162497997	1
44.1162497997	1
44.1162497997	1
44.2437958717	-1
44.3395578861	-1
44.3397607803	-1
44.3397607803	-1
44.3397607803	-1
44.3397607803	-1
44.3397607803	-1
44.3397607803	-1
44.3791267872	-1
44.3791267872	-1
44.3791267872	-1
44.3791267872	-1
44.3791267872	-1
44.3791267872	-1
44.3791267872	-1
44.4833769798	-1
44.4833769798	-1
44.4833769798	-1
44.579515934	-1
44.5796899796	-1
44.5796899796	-1
44.5796899796	-1
44.5796899796	-1
44.5796899796	-1
44.5796899796	-1
44.6160969734	-1
44.6160969734	-1
44.6160969734	-1
44.6160969734	-1
44.6160969734	-1
44.6160969734	-1
44.6160969734	-1
44.6553838253	1
44.729008913	-1
44.7494339943	-1
44.7494339943	-1
44.7494339943	-1
44.7494339943	-1
44.7494339943	-1
44.7494339943	-1
44.7494339943	-1
44.7792167664	-1
44.7793297768	-1
44.7793297768	-1
44.7793297768	-1
44.7793297768	-1
44.7793297768	-1
44.7793297768	-1
44.8251268864	1
45.2493038177	1
45.4256417751	-1
45.4258458614	-1
45.4258458614	-1
45.4258458614	-1
45.4258458614	-1
45.4260718822	-1
45.4260718822	-1
45.4260718822	-1
45.4260718822	-1
45.4260718822	-1
45.4260718822	-1
45.4260718822	-1
45.559016943	-1
45.559016943	-1
45.559016943	-1
45.559016943	-1
45.559016943	-1
45.559016943	-1
45.559016943	-1
45.559016943	-1
45.6923708916	-1
45.824379921	-1
45.8246269226	-1
45.8246269226	-1
45.8246269226	-1
45.8246269226	-1
45.8246269226	-1
45.8246269226	-1
45.8246269226	-1
45.8246269226	-1
45.8248708248	-1
45.8248708248	-1
45.8248708248	-1
45.8248708248	-1
45.8248708248	-1
45.8248708248	-1
45.900138855	1
46.3558208942	-1
46.356292963	-1
46.356292963	-1
46.356292963	-1
46.356292963	-1
46.356292963	-1
46.356292963	-1
46.356292963	-1
46.356292963	-1
46.3565378189	-1
46.3565378189	-1
46.3565378189	-1
46.3565378189	-1
46.3565378189	-1
46.3565378189	-1
46.3565378189	-1
46.4890937805	-1
46.4890937805	-1
46.4890937805	-1
46.4890937805	-1
46.4890937805	-1
46.4890937805	-1
46.4890937805	-1
46.4890937805	-1
46.4893298149	-1
46.4906318188	1
46.8148698807	-1
46.8150348663	-1
46.8150348663	-1
46.8150348663	-1
46.8150348663	-1
46.8150348663	-1
46.8150348663	-1
46.8150348663	-1
46.8152809143	-1
46.8152809143	-1
46.8152809143	-1
46.8152809143	-1
46.8152809143	-1
46.8152809143	-1
46.8152809143	-1
46.889756918	-1
46.9480037689	-1
46.9480037689	-1
46.9480037689	-1
46.9480037689	-1
46.9480037689	-1
46.9480037689	-1
46.9480037689	-1
46.9636609554	1
47.0385608673	1
47.0385608673	1
47.080578804	-1
47.0808677673	-1
47.0808677673	-1
47.0808677673	-1
47.0808677673	-1
47.0808677673	-1
47.0808677673	-1
47.0808677673	-1
47.1136348248	1
47.1136348248	1
47.1136348248	1
47.1136348248	1
47.1136348248	1
47.1136348248	1
47.1136348248	1
47.1136348248	1
47.1136348248	1
47.2135279179	-1
47.2135279179	-1
47.2135279179	-1
47.2135279179	-1
47.2135279179	-1
47.2135279179	-1
47.2135279179	-1
47.4810819626	-1
47.481553793	-1
47.481553793	-1
47.481553793	-1
47.481553793	-1
47.481553793	-1
47.481553793	-1
47.481553793	-1
47.481553793	-1
47.4819347858	1
47.5970659256	1
47.748488903	-1
47.8378808498	-1
47.8384969234	-1
47.8384969234	-1
47.8384969234	-1
47.8384969234	-1
47.8384969234	-1
47.8384969234	-1
47.9642398357	1
48.1498219967	-1
48.1502258778	-1
48.1502258778	-1
48.1502258778	-1
48.1502258778	-1
48.1502258778	-1
48.1502258778	-1
48.9651269913	1
49.0398478508	1
49.6045958996	-1
49.6074998379	-1
49.6074998379	-1
49.6074998379	-1
49.6074998379	-1
49.6074998379	-1
49.6074998379	-1
49.6074998379	-1
49.7442758083	-1
49.7442758083	-1
49.7442758083	-1
49.7442758083	-1
49.7442758083	-1
49.7442758083	-1
49.7442758083	-1
49.7442758083	-1
49.7549579144	1
49.8676178455	-1
49.8679718971	-1
49.8679718971	-1
49.8679718971	-1
49.8679718971	-1
49.8679718971	-1
49.8679718971	-1
49.8679718971	-1
49.9129388332	-1
49.9129388332	-1
49.9152579308	1
49.9154238701	1
49.9154238701	1
49.9154238701	1
49.9154238701	1
49.9154238701	1
49.9649648666	1
50.2571218014	-1
50.2573518753	-1
50.2573518753	-1
50.2573518753	-1
50.2573518753	-1
50.2573518753	-1
50.2573518753	-1
50.2573518753	-1
50.2573518753	-1
50.2575969696	-1
50.2575969696	-1
50.2575969696	-1
50.2575969696	-1
50.2575969696	-1
50.9645397663	1
51.2815279961	-1
51.4142448902	-1
51.4144368172	-1
51.4144368172	-1
51.4144368172	-1
51.4144368172	-1
51.4144368172	-1
51.4144368172	-1
51.5638067722	-1
51.6823658943	1
51.7570447922	1
52.033946991	-1
52.0342168808	-1
52.0342168808	-1
52.0342168808	-1
52.0342168808	-1
52.0342168808	-1
52.0342168808	-1
52.0342168808	-1
52.2998659611	-1
52.3000748158	-1
52.3000748158	-1
52.3000748158	-1
52.3000748158	-1
52.3000748158	-1
52.4329209328	-1
52.4329209328	-1
52.4329209328	-1
52.4329209328	-1
52.4329209328	-1
52.4329209328	-1
52.4329209328	-1
52.4329209328	-1
53.888725996	-1
53.8889517784	-1
53.8889517784	-1
53.8889517784	-1
53.8889517784	-1
53.8889517784	-1
53.8891158104	-1
53.8900539875	1
53.963572979	-1
54.680221796	1
54.7706568241	-1
54.7723758221	-1
54.7723758221	-1
54.7723758221	-1
54.7723758221	-1
54.7723758221	-1
54.7723758221	-1
54.7723758221	-1
54.772454977	1
54.8455269337	-1
55.0337879658	-1
55.0340368748	-1
55.0340368748	-1
55.0340368748	-1
55.0340368748	-1
55.0340368748	-1
55.0340368748	-1
55.0340368748	-1
55.1640338898	-1
55.1640338898	-1
55.1640338898	-1
55.1640338898	-1
55.1640338898	-1
55.1640338898	-1
55.1640338898	-1
55.2967147827	-1
55.4291529655	-1
55.4294569492	-1
55.4294569492	-1
55.4294569492	-1
55.4294569492	-1
55.4294569492	-1
55.4294569492	-1
55.505068779	1
55.579818964	-1
55.583906889	-1
55.583906889	-1
55.583906889	-1
55.583906889	-1
55.583906889	-1
55.583906889	-1
55.583906889	-1
55.6586577892	-1
55.7004539967	-1
55.7004539967	-1
55.7004539967	-1
55.7004539967	-1
55.7004539967	-1
55.7004539967	-1
55.7004539967	-1
55.8821759224	-1
55.9753267765	-1
55.9810888767	-1
55.9810888767	-1
55.9810888767	-1
55.9810888767	-1
55.9810888767	-1
55.9810888767	-1
56.096711874	-1
56.096711874	-1
56.096711874	-1
56.096711874	-1
56.096711874	-1
56.096711874	-1
56.096711874	-1
56.096711874	-1
56.2291879654	-1
56.2294178009	-1
56.2294178009	-1
56.2294178009	-1
56.2294178009	-1
56.2294178009	-1
56.2294178009	-1
56.2294178009	-1
56.3620128632	-1
56.3620128632	-1
56.3620128632	-1
56.3620128632	-1
56.3620128632	-1
56.3620128632	-1
56.3620128632	-1
56.3620128632	-1
56.4950809479	-1
56.4952709675	-1
56.4952709675	-1
56.4952709675	-1
56.4952709675	-1
56.4952709675	-1
56.4952709675	-1
56.4952709675	-1
56.6444928646	-1
56.6444928646	-1
56.6474769115	1
56.6672458649	-1
56.6672458649	-1
56.6672458649	-1
56.6672458649	-1
56.6672458649	-1
56.6672458649	-1
56.6672458649	-1
56.7620608807	-1
56.7620608807	-1
56.7620608807	-1
56.7620608807	-1
56.7620608807	-1
56.7620608807	-1
56.7620608807	-1
56.8371608257	1
56.934458971	-1
56.934458971	-1
56.934458971	-1
56.934458971	-1
56.934458971	-1
56.9358649254	-1
56.9359838963	-1
56.9359838963	-1
57.0106339455	-1
57.0286707878	-1
57.0286707878	-1
57.0286707878	-1
57.085682869	-1
57.085682869	-1
57.085682869	-1
57.085682869	-1
57.085682869	-1
57.103320837	-1
57.103320837	-1
57.103320837	-1
57.103320837	-1
57.103320837	-1
57.103320837	-1
57.103320837	-1
57.103320837	-1
57.1605918407	-1
57.1605918407	-1
57.1612689495	1
57.1781129837	-1
57.1781129837	-1
57.1781129837	-1
57.1781129837	-1
57.1781129837	-1
57.1781129837	-1
57.1781129837	-1
57.2352759838	-1
57.2352759838	-1
57.252961874	-1
57.252961874	-1
57.252961874	-1
57.252961874	-1
57.252961874	-1
57.252961874	-1
57.252961874	-1
57.252961874	-1
57.3100647926	-1
57.3101739883	-1
57.3101739883	-1
57.3101739883	-1
57.3101739883	-1
57.3101739883	-1
57.3101739883	-1
57.3438417912	1
57.4177949429	-1
57.6240468025	-1
57.6244409084	-1
57.6244409084	-1
57.6244409084	-1
57.6244409084	-1
57.6244409084	-1
57.6244409084	-1
57.6244409084	-1
57.6244409084	-1
57.6246857643	-1
57.6246857643	-1
57.6246857643	-1
57.6246857643	-1
57.6246857643	-1
57.6246857643	-1
57.6993308067	-1
57.6993308067	-1
57.6993308067	-1
57.6993308067	-1
57.6993308067	-1
57.6993308067	-1
57.6993308067	-1
57.6993308067	-1
57.7359647751	-1
57.7359647751	-1
57.7359647751	-1
57.7741658688	-1
57.7741658688	-1
57.7741658688	-1
57.7741658688	-1
57.7741658688	-1
57.8093619347	-1
57.8093619347	-1
57.8093619347	-1
57.8093619347	-1
57.8093619347	-1
57.8093619347	-1
57.8093619347	-1
57.8093619347	-1
57.8496508598	-1
57.8498687744	-1
57.8498687744	-1
57.8498687744	-1
57.8498687744	-1
57.8498687744	-1
57.8498687744	-1
57.8498687744	-1
57.8515048027	1
57.9562528133	-1
57.9562528133	-1
57.9562528133	-1
57.9562528133	-1
57.9562528133	-1
57.9562528133	-1
57.9562528133	-1
58.0018107891	1
58.1977667809	-1
58.2749638557	-1
58.2749638557	-1
58.2749638557	-1
58.2749638557	-1
58.2749638557	-1
58.2749638557	-1
58.2749638557	-1
58.3168518543	1
58.3794248104	-1
58.3794248104	-1
58.3794248104	-1
58.3794248104	-1
58.3794248104	-1
58.3794248104	-1
58.3794248104	-1
58.3794248104	-1
58.39041996	-1
58.4115059376	-1
58.4115059376	-1
58.4115059376	-1
58.4115059376	-1
58.4115059376	-1
58.4115059376	-1
58.4115059376	-1
58.5041208267	-1
58.5041208267	-1
58.5041208267	-1
58.5041208267	-1
58.5041208267	-1
58.5041208267	-1
58.5041208267	-1
58.5041208267	-1
58.6821839809	-1
58.6897199154	-1
58.6897199154	-1
58.6897199154	-1
58.6897199154	-1
58.6897199154	-1
58.6897199154	-1
58.6897199154	-1
58.6956298351	-1
58.6956298351	-1
58.6956298351	-1
58.6956298351	-1
58.6956298351	-1
58.6956298351	-1
58.6956298351	-1
58.8074347973	-1
58.8074347973	-1
58.8074347973	-1
58.8075478077	-1
58.8075478077	-1
58.8075478077	-1
58.8075478077	-1
58.8075478077	-1
58.8075478077	-1
58.8186988831	-1
58.8186988831	-1
58.8187208176	-1
58.8187208176	-1
58.8187208176	-1
58.8187208176	-1
58.8187208176	-1
58.8187208176	-1
58.9067509174	-1
58.940527916	-1
58.940527916	-1
58.940527916	-1
58.940527916	-1
58.940527916	-1
58.940527916	-1
58.940527916	-1
58.9447929859	-1
58.9449038506	-1
58.9449038506	-1
58.9449038506	-1
58.9449038506	-1
58.9449038506	-1
58.9449038506	-1
58.9449038506	-1
58.9449038506	-1
58.9462518692	1
59.0915088654	-1
59.0915088654	-1
59.0915088654	-1
59.0915088654	-1
59.0915088654	-1
59.0915088654	-1
59.0915088654	-1
59.0915088654	-1
59.2077667713	-1
59.2277648449	-1
59.2277648449	-1
59.2277648449	-1
59.2277648449	-1
59.2277648449	-1
59.2277648449	-1
59.2277648449	-1
59.2279338837	-1
59.2281279564	-1
59.2281279564	-1
59.2281279564	-1
59.2830657959	1
59.3570539951	-1
59.3575189114	1
59.3635659218	-1
59.3635659218	-1
59.3635659218	-1
59.3635659218	-1
59.3635659218	-1
59.3635659218	-1
59.4578537941	-1
59.4578537941	-1
59.4578537941	-1
59.4578537941	-1
59.4578537941	-1
59.4578537941	-1
59.4578537941	-1
59.4578537941	-1
59.5040309429	-1
59.5040309429	-1
59.5040309429	-1
59.5040309429	-1
59.5040309429	-1
59.5040309429	-1
59.5040309429	-1
59.6070628166	-1
59.6084899902	1
59.782006979	-1
59.7866358757	-1
59.7866358757	-1
59.7866358757	-1
59.7866358757	-1
59.7866358757	-1
59.7866358757	-1
59.7866358757	-1
59.7866358757	-1
59.7868628502	-1
59.7868628502	-1
59.7868628502	-1
59.7868628502	-1
59.7868628502	-1
59.7868628502	-1
59.787984848	1
59.810893774	-1
59.810893774	-1
59.810893774	-1
59.810893774	-1
59.810893774	-1
59.810893774	-1
59.810893774	-1
59.810893774	-1
59.861333847	-1
59.8872148991	-1
59.8872148991	-1
59.8872148991	-1
59.8872148991	-1
59.8872148991	-1
59.8872148991	-1
59.8872148991	-1
59.9217159748	-1
59.9218158722	-1
59.9218158722	-1
59.9218158722	-1
59.9218158722	-1
59.9218158722	-1
59.9218158722	-1
59.9218158722	-1
59.9273247719	-1
59.9273247719	-1
59.9273247719	-1
59.9273247719	-1
59.9273247719	-1
59.9273247719	-1
59.9273247719	-1
59.9273247719	-1
60.0294718742	-1
60.0299627781	-1
60.0299627781	-1
60.0299627781	-1
60.0299627781	-1
60.0299627781	-1
60.0299627781	-1
60.0299627781	-1
60.0317428112	-1
60.0317428112	-1
60.0318889618	-1
60.0318889618	-1
60.0318889618	-1
60.0318889618	-1
60.0318889618	-1
60.0318889618	-1
60.0539178848	1
60.164662838	-1
60.164662838	-1
60.164662838	-1
60.164662838	-1
60.164662838	-1
60.164662838	-1
60.164662838	-1
60.164662838	-1
60.2013258934	-1
60.2014939785	-1
60.2014939785	-1
60.2014939785	-1
60.2014939785	-1
60.2014939785	-1
60.2026069164	1
60.2948517799	-1
60.2948517799	-1
60.2948517799	-1
60.2948517799	-1
60.2948517799	-1
60.2948517799	-1
60.2948517799	-1
60.2948517799	-1
60.2955060005	1
60.2995009422	-1
60.4265899658	-1
60.427025795	-1
60.427025795	-1
60.427025795	-1
60.427025795	-1
60.427025795	-1
60.427025795	-1
60.427025795	-1
60.5108649731	-1
60.5108649731	-1
60.5108649731	-1
60.5108649731	-1
60.5108649731	-1
60.5108649731	-1
60.5108649731	-1
60.5108649731	-1
60.5108649731	-1
60.5112137794	-1
60.5112137794	-1
60.5112137794	-1
60.5112137794	-1
60.5112137794	-1
60.5112137794	-1
60.5112137794	-1
60.6542739868	-1
60.7291457653	-1
60.7291457653	-1
60.7305409908	1
60.9585428238	-1
60.9676158428	-1
60.9676158428	-1
60.9676158428	-1
60.9676158428	-1
60.9676158428	-1
60.9676158428	-1
60.9676158428	-1
60.9676158428	-1
61.0418748856	-1
61.0418748856	-1
61.0418748856	-1
61.0418748856	-1
61.0418748856	-1
61.0418748856	-1
61.0418748856	-1
61.0418748856	-1
61.0428748131	1
61.0917267799	-1
61.0917267799	-1
61.0917267799	-1
61.0917267799	-1
61.0917267799	-1
61.0917267799	-1
61.0917267799	-1
61.0917267799	-1
61.1003408432	-1
61.100525856	-1
61.100525856	-1
61.100525856	-1
61.100525856	-1
61.100525856	-1
61.100525856	-1
61.100525856	-1
61.100525856	-1
61.1074388027	-1
61.1074388027	-1
61.1074388027	-1
61.1074388027	-1
61.1180529594	1
61.1755797863	-1
61.1755797863	-1
61.1755797863	-1
61.1755797863	-1
61.1755797863	-1
61.1755797863	-1
61.1755797863	-1
61.1755797863	-1
61.2365717888	-1
61.2365717888	-1
61.2365717888	-1
61.2365717888	-1
61.2365717888	-1
61.2365717888	-1
61.2365717888	-1
61.2365717888	-1
61.2365717888	-1
61.2369298935	-1
61.2369298935	-1
61.2369298935	-1
61.2369298935	-1
61.2369298935	-1
61.2369298935	-1
61.2369298935	-1
61.2371749878	-1
61.239607811	1
61.2396988869	1
61.2396988869	1
61.2396988869	1
61.2396988869	1
61.2396988869	1
61.2396988869	1
61.2396988869	1
61.2396988869	1
61.2397398949	1
61.2397398949	1
61.2743690014	-1
61.2743690014	-1
61.2743690014	-1
61.2743690014	-1
61.2743690014	-1
61.2743690014	-1
61.2743690014	-1
61.3049259186	1
61.3070018291	-1
61.3070018291	-1
61.3070018291	-1
61.3070018291	-1
61.3070018291	-1
61.3070018291	-1
61.3070018291	-1
61.3070018291	-1
61.4056007862	-1
61.4056007862	-1
61.4056007862	-1
61.4056007862	-1
61.4056007862	-1
61.4056007862	-1
61.4056007862	-1
61.4056007862	-1
61.4056148529	1
61.4402279854	-1
61.4404108524	-1
61.4404108524	-1
61.4404108524	-1
61.4404108524	-1
61.4404108524	-1
61.4404108524	-1
61.4404108524	-1
61.4404108524	-1
61.4475829601	-1
61.4475829601	-1
61.4475829601	-1
61.4475829601	-1
61.4475829601	-1
61.4475829601	-1
61.4475829601	-1
61.4475829601	-1
61.5384728909	-1
61.5384728909	-1
61.5384728909	-1
61.5384728909	-1
61.5384728909	-1
61.5384728909	-1
61.5384728909	-1
61.5583717823	1
61.5585978031	1
61.5585978031	1
61.5585978031	1
61.5585978031	1
61.5585978031	1
61.5585978031	1
61.5585978031	1
61.5585978031	1
61.5587189198	1
61.5587189198	1
61.5587189198	1
61.5587189198	1
61.5806939602	-1
61.5806939602	-1
61.5806939602	-1
61.5806939602	-1
61.5808057785	-1
61.5808057785	-1
61.5808057785	-1
61.5808057785	-1
61.6151747704	-1
61.6151747704	-1
61.6151747704	-1
61.6151747704	-1
61.6966969967	-1
61.6966969967	-1
61.6966969967	-1
61.6966969967	-1
61.7136538029	-1
61.7136538029	-1
61.7136538029	-1
61.7136538029	-1
61.7704818249	-1
61.7704818249	-1
61.7704818249	-1
61.7704818249	-1
61.7704818249	-1
61.7704818249	-1
61.7704818249	-1
61.7704818249	-1
61.8415148258	-1
61.8415148258	-1
61.8415148258	-1
61.8415148258	-1
61.8466818333	-1
61.8466818333	-1
61.8466818333	-1
61.8466818333	-1
61.8469109535	-1
61.8469109535	-1
61.8469109535	-1
61.8469109535	-1
61.9030208588	-1
61.9030208588	-1
61.9030208588	-1
61.9030208588	-1
61.978913784	-1
61.978913784	-1
61.978913784	-1
61.978913784	-1
61.978913784	-1
61.978913784	-1
61.978913784	-1
61.978913784	-1
62.0435447693	-1
62.0435447693	-1
62.0435447693	-1
62.0435447693	-1
62.0435447693	-1
62.0435447693	-1
62.0435447693	-1
62.0435447693	-1
62.0835878849	1
62.1116378307	-1
62.1116378307	-1
62.1116378307	-1
62.1116378307	-1
62.1189079285	-1
62.1189079285	-1
62.1189079285	-1
62.1189079285	-1
62.1691198349	-1
62.1691198349	-1
62.1691198349	-1
62.1691529751	1
62.1691758633	-1
62.1691758633	-1
62.1691758633	-1
62.2772459984	-1
62.2772459984	-1
62.2772459984	-1
62.2772459984	-1
62.2820179462	-1
62.2820179462	-1
62.2820179462	-1
62.2820179462	-1
62.2899899483	-1
62.2899899483	-1
62.2899899483	-1
62.2899899483	-1
62.3148648739	-1
62.3148648739	-1
62.3148648739	-1
62.3148648739	-1
62.3148648739	-1
62.3148648739	-1
62.3148648739	-1
62.3148648739	-1
62.3784117699	-1
62.3785169125	-1
62.3785169125	-1
62.3785169125	-1
62.4119539261	-1
62.4119539261	-1
62.4119539261	-1
62.4119539261	-1
62.4347298145	-1
62.4347298145	-1
62.4347298145	-1
62.4347298145	-1
62.4348678589	-1
62.4348678589	-1
62.4348678589	-1
62.4348678589	-1
62.4379827976	1
62.5464208126	-1
62.5464208126	-1
62.5464208126	-1
62.5464208126	-1
62.5464208126	-1
62.5464208126	-1
62.5464208126	-1
62.5464208126	-1
62.5486907959	-1
62.5487368107	-1
62.5487368107	-1
62.6078128815	-1
62.6078128815	-1
62.6078128815	-1
62.6078128815	-1
62.6078128815	-1
62.6078128815	-1
62.6078128815	-1
62.6078128815	-1
62.6455109119	1
62.6455109119	1
62.6455109119	1
62.6455109119	1
62.6455109119	1
62.6455109119	1
62.6455109119	1
62.6794688702	-1
62.6794688702	-1
62.6794688702	-1
62.6794688702	-1
62.6797578335	-1
62.6797578335	-1
62.6797578335	-1
62.6797578335	-1
62.7471959591	-1
62.7471959591	-1
62.7471959591	-1
62.7471959591	-1
62.7471959591	-1
62.7471959591	-1
62.7471959591	-1
62.7471959591	-1
62.8115949631	-1
62.8117008209	-1
62.8117008209	-1
62.8117008209	-1
62.8188238144	-1
62.8188238144	-1
62.8188238144	-1
62.8188238144	-1
62.8188238144	-1
62.8188238144	-1
62.8188238144	-1
62.8332908154	1
62.874519825	-1
62.874519825	-1
62.874519825	-1
62.874519825	-1
62.9077949524	1
62.907804966	1
62.9161798954	-1
62.9161798954	-1
62.9161798954	-1
62.9161798954	-1
62.9161798954	-1
62.9523258209	-1
62.9523739815	-1
62.9523739815	-1
62.9523739815	-1
62.9523739815	-1
62.9523739815	-1
62.9523739815	-1
62.9826028347	1
63.0465538502	-1
63.0465538502	-1
63.0465538502	-1
63.0465538502	-1
63.0465538502	-1
63.0465538502	-1
63.0465538502	-1
63.0465538502	-1
63.0467908382	-1
63.0841748714	-1
63.0841748714	-1
63.0841748714	-1
63.1170349121	-1
63.1170349121	-1
63.1170349121	-1
63.1170349121	-1
63.1170349121	-1
63.1170349121	-1
63.1170349121	-1
63.1170349121	-1
63.2190818787	-1
63.2190818787	-1
63.2190818787	-1
63.2190818787	-1
63.2190818787	-1
63.2193698883	-1
63.2193698883	-1
63.2193698883	-1
63.2496209145	-1
63.2496209145	-1
63.2496209145	-1
63.2496209145	-1
63.2496209145	-1
63.2496209145	-1
63.2496209145	-1
63.2496209145	-1
63.3510828018	-1
63.3512468338	-1
63.3512468338	-1
63.3512468338	-1
63.3512468338	-1
63.3514358997	-1
63.3514358997	-1
63.3825099468	-1
63.3825099468	-1
63.3825099468	-1
63.3825099468	-1
63.3825099468	-1
63.3825099468	-1
63.3825099468	-1
63.3825099468	-1
63.4057629108	-1
63.4057629108	-1
63.4057629108	-1
63.4057629108	-1
63.4057629108	-1
63.4842598438	-1
63.4842598438	-1
63.4842598438	-1
63.4842598438	-1
63.4842598438	-1
63.4842598438	-1
63.4842598438	-1
63.4964418411	-1
63.4965479374	-1
63.4965479374	-1
63.4965479374	-1
63.5163497925	-1
63.5163497925	-1
63.5163497925	-1
63.5163497925	-1
63.5165758133	-1
63.5399589539	-1
63.5399589539	-1
63.54733181	-1
63.54733181	-1
63.54733181	-1
63.54733181	-1
63.6299219131	-1
63.6299219131	-1
63.6299219131	-1
63.6299219131	-1
63.6299219131	-1
63.6299219131	-1
63.6299219131	-1
63.6299219131	-1
63.6303758621	-1
63.6535859108	-1
63.6535859108	-1
63.6535859108	-1
63.6535859108	-1
63.6535859108	-1
63.6535859108	-1
63.6535859108	-1
63.68927598	1
63.763053894	-1
63.763053894	-1
63.763053894	-1
63.763053894	-1
63.763220787	-1
63.763220787	-1
63.763220787	-1
63.763220787	-1
63.7683029175	1
63.7683029175	1
63.7683029175	1
63.7836408615	-1
63.7836408615	-1
63.7836408615	-1
63.7836408615	-1
63.7836408615	-1
63.7836408615	-1
63.7836408615	-1
63.7836408615	-1
63.8961639404	-1
63.8961639404	-1
63.8961639404	-1
63.8961639404	-1
63.8961639404	-1
63.8961639404	-1
63.8961639404	-1
63.8961639404	-1
63.9180967808	-1
63.9184288979	-1
63.9184288979	-1
63.9184288979	-1
63.918435812	1
63.9202129841	-1
63.9202129841	-1
63.9202129841	-1
63.9202129841	-1
63.9202129841	-1
63.9202129841	-1
63.9202129841	-1
63.9202129841	-1
64.0285799503	-1
64.0289728642	-1
64.0289728642	-1
64.0289728642	-1
64.0290079117	-1
64.0290079117	-1
64.0290079117	-1
64.0290079117	-1
64.0297679901	1
64.0524158478	-1
64.0525288582	-1
64.0525288582	-1
64.0525288582	-1
64.0525288582	-1
64.0525288582	-1
64.0525288582	-1
64.0525288582	-1
64.1617739201	-1
64.1617739201	-1
64.1617739201	-1
64.1617739201	-1
64.1619608402	-1
64.1619608402	-1
64.1619608402	-1
64.1619608402	-1
64.1621098518	-1
64.1621098518	-1
64.1621098518	-1
64.1621098518	-1
64.1866378784	-1
64.1866378784	-1
64.1866378784	-1
64.1866378784	-1
64.1866378784	-1
64.1866378784	-1
64.1866378784	-1
64.1866378784	-1
64.2981209755	-1
64.298183918	1
64.2991127968	-1
64.2991127968	-1
64.2991127968	-1
64.2991127968	-1
64.2991127968	-1
64.3005168438	-1
64.3005168438	-1
64.3005168438	-1
64.3005168438	-1
64.3321559429	-1
64.3321559429	-1
64.3321559429	-1
64.3321559429	-1
64.3321559429	-1
64.3728039265	1
64.4258868694	-1
64.4258868694	-1
64.4258868694	-1
64.4258868694	-1
64.4258868694	-1
64.4258868694	-1
64.4258868694	-1
64.4273598194	-1
64.4274709225	-1
64.4274709225	-1
64.4274709225	-1
64.4274709225	-1
64.4274709225	-1
64.4274709225	-1
64.4274709225	-1
64.4277107716	-1
64.4277107716	-1
64.4277107716	-1
64.4277107716	-1
64.4473848343	1
64.4473848343	1
64.4490878582	-1
64.4490878582	-1
64.4490878582	-1
64.4490878582	-1
64.4926459789	-1
64.4926459789	-1
64.4926459789	-1
64.4926459789	-1
64.5645608902	-1
64.5645608902	-1
64.5645608902	-1
64.5645608902	-1
64.5645608902	-1
64.7142248154	-1
64.7146167755	-1
64.7146167755	-1
64.7146167755	-1
64.7146167755	-1
64.7146167755	-1
64.7146167755	-1
64.7149448395	-1
64.7149448395	-1
64.7149448395	-1
64.7149448395	-1
64.7151498795	-1
64.7151498795	-1
64.7151498795	-1
64.7151498795	-1
64.7151498795	-1
64.7151498795	-1
64.7153949738	-1
64.7157428265	-1
64.7157428265	-1
64.7157428265	-1
64.7157428265	-1
64.7157428265	-1
64.7157428265	-1
64.7157428265	-1
64.7157428265	-1
64.7157428265	-1
64.7157428265	-1
64.7160978317	-1
64.7160978317	-1
64.7160978317	-1
64.7160978317	-1
64.7160978317	-1
64.7160978317	-1
64.7160978317	-1
64.7160978317	-1
64.7896108627	1
64.7901909351	-1
64.7901909351	-1
64.7901909351	-1
64.7901909351	-1
64.7901909351	-1
64.7901909351	-1
64.7901909351	-1
64.7901909351	-1
64.7905519009	-1
64.7905519009	-1
64.7905519009	-1
64.7905519009	-1
64.7905519009	-1
64.7905519009	-1
64.7905519009	-1
64.7905519009	-1
64.8269817829	-1
64.8270847797	-1
64.8270847797	-1
64.8270847797	-1
64.8270847797	-1
64.8270847797	-1
64.8270847797	-1
64.8270847797	-1
64.8270847797	-1
64.8274548054	-1
64.8274548054	-1
64.8274548054	-1
64.8274548054	-1
64.8274548054	-1
64.8274548054	-1
64.8274548054	-1
64.866519928	-1
64.866519928	-1
64.866519928	-1
64.866519928	-1
64.866519928	-1
64.866519928	-1
64.866519928	-1
64.866519928	-1
64.8672468662	-1
64.9420878887	1
65.0072538853	-1
65.0072538853	-1
65.0072538853	-1
65.0254588127	-1
65.0254588127	-1
65.0254588127	-1
65.0254588127	-1
65.0254588127	-1
65.0254588127	-1
65.0254588127	-1
65.0254588127	-1
65.0254588127	-1
65.025810957	-1
65.025810957	-1
65.025810957	-1
65.025810957	-1
65.025810957	-1
65.0915029049	-1
65.0931618214	-1
65.0931618214	-1
65.0931618214	-1
65.0931618214	-1
65.0931618214	-1
65.0931618214	-1
65.0931618214	-1
65.0931618214	-1
65.0931618214	-1
65.0935127735	-1
65.0935127735	-1
65.0935127735	-1
65.0935618877	-1
65.0935618877	-1
65.0935618877	-1
65.0935618877	-1
65.0935618877	-1
65.0935618877	-1
65.0935618877	-1
65.0935618877	-1
65.0950918198	1
65.1581637859	-1
65.1581637859	-1
65.1581637859	-1
65.1581637859	-1
65.1581637859	-1
65.1581637859	-1
65.1581637859	-1
65.1581637859	-1
65.1581637859	-1
65.1585118771	-1
65.1585118771	-1
65.1585118771	-1
65.1585118771	-1
65.1585118771	-1
65.1585118771	-1
65.1585118771	-1
65.1681039333	-1
65.1681039333	-1
65.1681039333	-1
65.1681039333	-1
65.1681039333	-1
65.1681039333	-1
65.1681039333	-1
65.1681039333	-1
65.2270758152	-1
65.2271769047	-1
65.2271769047	-1
65.2271769047	-1
65.2271769047	-1
65.2271769047	-1
65.2271769047	-1
65.2271769047	-1
65.2274239063	-1
65.2274239063	-1
65.2274239063	-1
65.2274239063	-1
65.2274239063	-1
65.2274239063	-1
65.2274239063	-1
65.2274239063	-1
65.2297389507	1
65.233809948	-1
65.2363908291	1
65.2363908291	1
65.2363908291	1
65.2365169525	1
65.2365169525	1
65.2365169525	1
65.316562891	-1
65.316562891	-1
65.316562891	-1
65.316562891	-1
65.316562891	-1
65.3167309761	-1
65.3167309761	-1
65.3167309761	-1
65.3167309761	-1
65.3167309761	-1
65.3167309761	-1
65.3167309761	-1
65.3603258133	-1
65.3603258133	-1
65.3603258133	-1
65.3603258133	-1
65.3603258133	-1
65.3603258133	-1
65.3603258133	-1
65.3603258133	-1
65.3603258133	-1
65.3606767654	-1
65.3606767654	-1
65.3606767654	-1
65.3606767654	-1
65.3606767654	-1
65.3606767654	-1
65.3606767654	-1
65.3631248474	1
65.3631248474	1
65.3631248474	1
65.3792908192	-1
65.3793947697	-1
65.3793947697	-1
65.3793947697	-1
65.3793947697	-1
65.3793947697	-1
65.3793947697	-1
65.3793947697	-1
65.3793947697	-1
65.3801078796	1
65.3801078796	1
65.4253468513	1
65.5001368523	1
65.5001368523	1
65.5129818916	-1
65.5129818916	-1
65.5129818916	-1
65.5129818916	-1
65.5129818916	-1
65.5129818916	-1
65.6463429928	-1
65.6467268467	-1
65.6467268467	-1
65.6467268467	-1
65.6467268467	-1
65.6467268467	-1
65.6467268467	-1
65.6467268467	-1
65.68343997	-1
65.68343997	-1
65.68343997	-1
65.68343997	-1
65.68343997	-1
65.68343997	-1
65.68343997	-1
65.68343997	-1
65.723156929	1
65.7332298756	-1
65.7332298756	-1
65.7332298756	-1
65.7332298756	-1
65.7332298756	-1
65.7332298756	-1
65.7332298756	-1
65.7332298756	-1
65.7332298756	-1
65.7335729599	-1
65.7335729599	-1
65.7335729599	-1
65.7335729599	-1
65.7335729599	-1
65.7335729599	-1
65.7335729599	-1
65.7341048717	-1
65.7356169224	-1
65.7356169224	-1
65.7356169224	-1
65.7356169224	-1
65.7356169224	-1
65.7356169224	-1
65.7356169224	-1
65.7356169224	-1
65.7356169224	-1
65.7359688282	-1
65.7359688282	-1
65.7359688282	-1
65.7359688282	-1
65.7359688282	-1
65.7359688282	-1
65.7599189281	-1
65.7599189281	-1
65.7599189281	-1
65.7599189281	-1
65.7599189281	-1
65.7599189281	-1
65.7599189281	-1
65.7599189281	-1
65.7618708611	1
65.7618708611	1
65.7618708611	1
65.7977769375	1
65.7977769375	1
65.8092389107	-1
65.8092389107	-1
65.8092389107	-1
65.8092389107	-1
65.8092389107	-1
65.8092389107	-1
65.8092389107	-1
65.8092389107	-1
65.809625864	-1
65.809625864	-1
65.809625864	-1
65.809625864	-1
65.809625864	-1
65.809625864	-1
65.809625864	-1
65.809625864	-1
65.809994936	-1
65.809994936	-1
65.809994936	-1
65.809994936	-1
65.809994936	-1
65.809994936	-1
65.809994936	-1
65.809994936	-1
65.8597998619	-1
65.8600289822	-1
65.8600289822	-1
65.8600289822	-1
65.8600289822	-1
65.8600289822	-1
65.8600289822	-1
65.8600289822	-1
65.8600289822	-1
65.9241859913	1
65.9882209301	-1
65.9883899689	-1
65.9883899689	-1
65.9883899689	-1
65.9883899689	-1
65.9883899689	-1
66.0009829998	1
66.0447628498	-1
66.0448899269	-1
66.0448899269	-1
66.0448899269	-1
66.0448899269	-1
66.0448899269	-1
66.0448899269	-1
66.0448899269	-1
66.0448899269	-1
66.0451729298	-1
66.0451729298	-1
66.0451729298	-1
66.0451729298	-1
66.0451729298	-1
66.0451729298	-1
66.0451729298	-1
66.0455257893	-1
66.0479679108	1
66.0479679108	1
66.0479679108	1
66.0479679108	1
66.0479679108	1
66.1576628685	-1
66.1576628685	-1
66.1576628685	-1
66.1576628685	-1
66.1576628685	-1
66.1576628685	-1
66.1777038574	-1
66.1777038574	-1
66.1777038574	-1
66.1777038574	-1
66.1777038574	-1
66.1777038574	-1
66.1777038574	-1
66.1892819405	-1
66.1893968582	-1
66.1893968582	-1
66.1893968582	-1
66.1893968582	-1
66.1893968582	-1
66.1893968582	-1
66.1893968582	-1
66.2552027702	-1
66.2552027702	-1
66.2552027702	-1
66.2552027702	-1
66.2552027702	-1
66.2552027702	-1
66.2552027702	-1
66.2552027702	-1
66.3193609715	-1
66.3205659389	-1
66.3205659389	-1
66.3205659389	-1
66.3205659389	-1
66.3205659389	-1
66.3205659389	-1
66.3205659389	-1
66.3205659389	-1
66.3259987831	-1
66.3259987831	-1
66.3259987831	-1
66.3259987831	-1
66.3271489143	-1
66.3271489143	-1
66.3271489143	-1
66.3271489143	-1
66.3271489143	-1
66.3271489143	-1
66.3271489143	-1
66.3271489143	-1
66.3271489143	-1
66.4020957947	1
66.4031188488	-1
66.4031188488	-1
66.4031188488	-1
66.4031188488	-1
66.4031188488	-1
66.4031188488	-1
66.5009877682	-1
66.5009877682	-1
66.5009877682	-1
66.5009877682	-1
66.5009877682	-1
66.5009877682	-1
66.5009877682	-1
66.5009877682	-1
66.5602128506	-1
66.5606439114	-1
66.5606439114	-1
66.5606439114	-1
66.5764849186	1
66.7366838455	1
66.7366838455	1
66.7379848957	-1
66.7407298088	-1
66.7407298088	-1
66.7407298088	-1
66.7407298088	-1
66.7407298088	-1
66.7407298088	-1
66.7407298088	-1
66.8602178097	-1
66.8602178097	-1
66.8602178097	-1
66.8603289127	-1
66.8603289127	-1
66.8603289127	-1
66.8603289127	-1
66.8603289127	-1
66.8603289127	-1
66.8603289127	-1
66.8603289127	-1
66.8606967926	-1
66.8606967926	-1
66.8606967926	-1
66.8606967926	-1
66.8606967926	-1
66.8606967926	-1
66.8606967926	-1
66.8916988373	-1
66.8916988373	-1
66.8916988373	-1
66.8916988373	-1
66.8916988373	-1
66.8916988373	-1
66.8916988373	-1
66.8916988373	-1
66.8918638229	-1
66.8918638229	-1
66.8918638229	-1
66.8918638229	-1
66.8918638229	-1
66.8922848701	1
67.156883955	-1
67.1570649147	-1
67.1570649147	-1
67.1570649147	-1
67.1570649147	-1
67.1570649147	-1
67.1570649147	-1
67.1570649147	-1
67.1570649147	-1
67.2246649265	-1
67.2255289555	-1
67.2255289555	-1
67.2255289555	-1
67.2255289555	-1
67.2255289555	-1
67.2255289555	-1
67.2255289555	-1
67.3709888458	-1
67.3711628914	-1
67.3711628914	-1
67.3711628914	-1
67.3711628914	-1
67.3711628914	-1
67.3711628914	-1
67.4226098061	-1
67.4226098061	-1
67.4226098061	-1
67.4226098061	-1
67.4226098061	-1
67.4226098061	-1
67.4226098061	-1
67.4226098061	-1
67.4226098061	-1
67.4229578972	-1
67.4229578972	-1
67.4229578972	-1
67.4229578972	-1
67.4229578972	-1
67.4229578972	-1
67.4229578972	-1
67.425483942	1
67.4457268715	-1
67.4457268715	-1
67.4758107662	-1
67.4758107662	-1
67.4758107662	-1
67.4758107662	-1
67.4758107662	-1
67.4758107662	-1
67.4758107662	-1
67.4758107662	-1
67.4758107662	-1
67.4761779308	-1
67.4761779308	-1
67.4761779308	-1
67.4761779308	-1
67.4761779308	-1
67.5730059147	-1
67.5730059147	-1
67.5730059147	-1
67.5730059147	-1
67.5730059147	-1
67.6485509872	1
67.6487388611	-1
67.6487388611	-1
67.6487388611	-1
67.7452478409	-1
67.7452478409	-1
67.7452478409	-1
67.7452478409	-1
67.7452478409	-1
67.7452478409	-1
67.7452478409	-1
67.7452478409	-1
67.7457227707	-1
67.7981879711	-1
67.8259429932	-1
67.8259429932	-1
67.8259429932	-1
67.8259429932	-1
67.8259429932	-1
67.8259429932	-1
67.8259429932	-1
67.8277978897	-1
67.8277978897	-1
67.8277978897	-1
67.8277978897	-1
67.8277978897	-1
67.8277978897	-1
67.8277978897	-1
67.8625528812	-1
67.8625528812	-1
67.8625528812	-1
67.8625528812	-1
67.8625528812	-1
67.8625528812	-1
67.8625528812	-1
67.8625528812	-1
67.8738899231	1
67.9472928047	-1
67.9739129543	-1
67.9739129543	-1
67.9739129543	-1
67.9739129543	-1
67.9739129543	-1
67.9739129543	-1
67.9739129543	-1
67.9739129543	-1
67.9741418362	-1
67.9741418362	-1
67.9741418362	-1
67.9741418362	-1
67.9741418362	-1
67.9741418362	-1
67.9741418362	-1
68.0336959362	-1
68.0336959362	-1
68.0336959362	-1
68.0336959362	-1
68.0336959362	-1
68.0336959362	-1
68.0336959362	-1
68.0336959362	-1
68.0336959362	-1
68.0336959362	-1
68.0341649055	-1
68.0341649055	-1
68.0341649055	-1
68.0341649055	-1
68.0341649055	-1
68.0341649055	-1
68.0994689465	-1
68.0994689465	-1
68.0994689465	-1
68.0994689465	-1
68.0994689465	-1
68.0994689465	-1
68.0994689465	-1
68.0994689465	-1
68.0996279716	-1
68.1598789692	-1
68.1626257896	-1
68.1626257896	-1
68.1626257896	-1
68.1626257896	-1
68.1626257896	-1
68.1626257896	-1
68.2322938442	-1
68.2322938442	-1
68.232396841	-1
68.232396841	-1
68.232396841	-1
68.232396841	-1
68.232396841	-1
68.232396841	-1
68.2326419353	-1
68.2326419353	-1
68.2326419353	-1
68.2326419353	-1
68.2326419353	-1
68.2326419353	-1
68.2342848778	1
68.2585859299	-1
68.2585859299	-1
68.2585859299	-1
68.3339328766	1
68.4086039066	-1
68.4101758003	1
68.5029819012	-1
68.5033099651	-1
68.5033099651	-1
68.5033099651	-1
68.5033099651	-1
68.5033099651	-1
68.5037617683	-1
68.5038819313	-1
68.5038819313	-1
68.5038819313	-1
68.5038819313	-1
68.5038819313	-1
68.5038819313	-1
68.5038819313	-1
68.5041298866	-1
68.5041298866	-1
68.5066649914	-1
68.5066649914	-1
68.5068738461	-1
68.5068738461	-1
68.5068738461	-1
68.5068738461	-1
68.5068738461	-1
68.5068738461	-1
68.524492979	-1
68.524492979	-1
68.524492979	-1
68.524492979	-1
68.524492979	-1
68.524492979	-1
68.524492979	-1
68.524492979	-1
68.5782949924	1
68.5790657997	-1
68.5790657997	-1
68.5790657997	-1
68.5790657997	-1
68.5790657997	-1
68.5790657997	-1
68.5790657997	-1
68.5790657997	-1
68.5792219639	-1
68.61546278	-1
68.61546278	-1
68.61546278	-1
68.61546278	-1
68.61546278	-1
68.61546278	-1
68.61546278	-1
68.61546278	-1
68.6526768208	-1
68.6561877728	-1
68.6561877728	-1
68.6561877728	-1
68.6561877728	-1
68.6561877728	-1
68.6561877728	-1
68.7141318321	-1
68.7141318321	-1
68.7143437862	-1
68.7143437862	-1
68.7143437862	-1
68.7143437862	-1
68.7143437862	-1
68.7143437862	-1
68.7145888805	-1
68.7145888805	-1
68.7145888805	-1
68.7145888805	-1
68.7145888805	-1
68.7145888805	-1
68.7145888805	-1
68.7145888805	-1
68.7308239937	-1
68.7711088657	-1
68.7711088657	-1
68.7711088657	-1
68.7711088657	-1
68.7711088657	-1
68.7711088657	-1
68.7711088657	-1
68.7711088657	-1
68.7889277935	-1
68.7889277935	-1
68.7889277935	-1
68.7889277935	-1
68.7889277935	-1
68.7889277935	-1
68.7889277935	-1
68.8646628857	-1
68.8646628857	-1
68.8646628857	-1
68.8646628857	-1
68.8646628857	-1
68.8646628857	-1
68.8646628857	-1
68.8646628857	-1
68.8646628857	-1
68.8917889595	-1
68.8917889595	-1
68.8917889595	-1
68.8917889595	-1
68.9555578232	-1
68.9565219879	1
68.9923789501	-1
68.9923789501	-1
68.9923789501	-1
68.9923789501	-1
68.9923789501	-1
68.9923789501	-1
68.9923789501	-1
69.0021259785	-1
69.0022468567	-1
69.0022468567	-1
69.0022468567	-1
69.0022468567	-1
69.0022468567	-1
69.0083987713	-1
69.0548379421	-1
69.0548379421	-1
69.0548379421	-1
69.0548379421	-1
69.0548379421	-1
69.0548379421	-1
69.0554997921	1
69.1053378582	-1
69.2262308598	-1
69.2269399166	-1
69.2269399166	-1
69.2269399166	-1
69.2269399166	-1
69.2269399166	-1
69.2269399166	-1
69.2269399166	-1
69.2271049023	-1
69.2271049023	-1
69.2271049023	-1
69.2271049023	-1
69.2271049023	-1
69.2271049023	-1
69.2271049023	-1
69.2275519371	-1
69.2275519371	-1
69.2275519371	-1
69.2275519371	-1
69.2275519371	-1
69.2275519371	-1
69.2275519371	-1
69.2275519371	-1
69.2296299934	-1
69.2296299934	-1
69.2296299934	-1
69.2296299934	-1
69.2296299934	-1
69.2296299934	-1
69.2296299934	-1
69.2296299934	-1
69.2300498486	-1
69.2301938534	-1
69.2301938534	-1
69.2301938534	-1
69.2301938534	-1
69.2301938534	-1
69.2301938534	-1
69.2301938534	-1
69.3017687798	-1
69.3017687798	-1
69.3017687798	-1
69.3017687798	-1
69.3017687798	-1
69.3017687798	-1
69.3017687798	-1
69.3017687798	-1
69.3017687798	-1
69.302120924	-1
69.302120924	-1
69.302120924	-1
69.302120924	-1
69.302120924	-1
69.302120924	-1
69.302120924	-1
69.302120924	-1
69.3023879528	1
69.3602218628	-1
69.3602218628	-1
69.3603827953	-1
69.3603827953	-1
69.3603827953	-1
69.3603827953	-1
69.3603827953	-1
69.3609268665	-1
69.3929657936	-1
69.3929657936	-1
69.3929657936	-1
69.3929657936	-1
69.3929657936	-1
69.3929657936	-1
69.3929657936	-1
69.3929657936	-1
69.4333457947	-1
69.4334487915	-1
69.4334487915	-1
69.4334487915	-1
69.4334487915	-1
69.4334487915	-1
69.4509518147	1
70.0176918507	-1
70.0179669857	-1
70.0179669857	-1
70.0179669857	-1
70.0179669857	-1
70.0179669857	-1
70.0179669857	-1
70.0179669857	-1
70.0937428474	1
70.0951728821	-1
70.0951728821	-1
70.0951728821	-1
70.0951728821	-1
70.0951728821	-1
70.0951728821	-1
70.0951728821	-1
70.0951728821	-1
70.1207709312	-1
70.1209578514	-1
70.1209578514	-1
70.1209578514	-1
70.1209578514	-1
70.1209578514	-1
70.1451687813	-1
70.1451687813	-1
70.1451687813	-1
70.1451687813	-1
70.1451687813	-1
70.1451687813	-1
70.1451687813	-1
70.1451687813	-1
70.1462259293	-1
70.1462259293	-1
70.1462259293	-1
70.1462259293	-1
70.1462259293	-1
70.1462259293	-1
70.1462259293	-1
70.1462259293	-1
70.1683609486	1
70.2149538994	-1
70.2149538994	-1
70.2149538994	-1
70.2149538994	-1
70.2149538994	-1
70.2149538994	-1
70.2901358604	-1
70.2901358604	-1
70.2901358604	-1
70.3583297729	-1
70.3583297729	-1
70.3583729267	-1
70.3583729267	-1
70.3583729267	-1
70.3583729267	-1
70.3583729267	-1
70.3583729267	-1
70.4164879322	-1
70.4164879322	-1
70.4164879322	-1
70.4164879322	-1
70.4164879322	-1
70.4164879322	-1
70.4164879322	-1
70.4362468719	-1
70.4363658428	-1
70.4363658428	-1
70.4363658428	-1
70.4363658428	-1
70.4363658428	-1
70.4363658428	-1
70.4363658428	-1
70.5634307861	-1
70.5701019764	-1
70.5701019764	-1
70.5701019764	-1
70.5701019764	-1
70.5701019764	-1
70.5701019764	-1
70.5701019764	-1
70.5701019764	-1
70.6872999668	-1
70.6872999668	-1
70.6872999668	-1
70.6872999668	-1
70.6872999668	-1
70.6872999668	-1
70.6872999668	-1
70.7092700005	1
70.7136559486	-1
70.7136559486	-1
70.7136559486	-1
70.7136559486	-1
70.7136559486	-1
70.7136559486	-1
70.7136559486	-1
70.7136559486	-1
70.7838978767	1
71.1120028496	-1
71.1686229706	-1
71.1686229706	-1
71.1686229706	-1
71.1686229706	-1
71.1686229706	-1
71.1877269745	1
71.3685619831	-1
71.3687579632	-1
71.3687579632	-1
71.3687579632	-1
71.3687579632	-1
71.3687579632	-1
71.3687579632	-1
71.4446418285	1
71.4566349983	-1
71.4566349983	-1
71.4566349983	-1
71.4566349983	-1
71.4566349983	-1
71.860601902	-1
72.0208268166	-1
72.0210289955	-1
72.0210289955	-1
72.0210289955	-1
72.0210289955	-1
72.0210289955	-1
72.0233268738	-1
72.0233268738	-1
72.0233268738	-1
72.0233268738	-1
72.0233268738	-1
72.0233268738	-1
72.0233268738	-1
72.0233268738	-1
72.0235738754	-1
72.1247999668	-1
72.1247999668	-1
72.1247999668	-1
72.1247999668	-1
72.1247999668	-1
72.1247999668	-1
72.1247999668	-1
72.1247999668	-1
72.1532728672	-1
72.153444767	-1
72.153444767	-1
72.153444767	-1
72.153444767	-1
72.153444767	-1
72.153444767	-1
72.153444767	-1
72.1536879539	-1
72.789899826	-1
72.7900829315	-1
72.7900829315	-1
72.7900829315	-1
72.7900829315	-1
72.7902059555	-1
72.7902059555	-1
72.7908399105	-1
72.7908399105	-1
72.7908399105	-1
72.7908399105	-1
72.7908399105	-1
72.7908399105	-1
72.7908399105	-1
72.7908399105	-1
72.7912909985	-1
72.7912909985	-1
72.7912909985	-1
72.7912909985	-1
72.7912909985	-1
72.7912909985	-1
72.7912909985	-1
72.7912909985	-1
72.8189799786	-1
72.8189799786	-1
72.8189799786	-1
72.8189799786	-1
72.8189799786	-1
72.8189799786	-1
72.8189799786	-1
72.8189799786	-1
72.8189799786	-1
72.8656909466	-1
72.8656909466	-1
72.8656909466	-1
72.8656909466	-1
72.8656909466	-1
72.8656909466	-1
72.867636919	1
72.8816318512	-1
72.8816318512	-1
72.8816318512	-1
72.8816318512	-1
72.8816318512	-1
72.8816318512	-1
72.8816318512	-1
72.8816318512	-1
73.0568878651	-1
73.0571858883	-1
73.0571858883	-1
73.0571858883	-1
73.0571858883	-1
73.0571858883	-1
73.0571858883	-1
73.0571858883	-1
73.1322607994	-1
73.1336808205	1
73.259141922	-1
73.3090498447	-1
73.3090498447	-1
73.3090498447	-1
73.3339748383	-1
73.3339748383	-1
73.3339748383	-1
73.3339748383	-1
73.3339748383	-1
73.3339748383	-1
73.3339748383	-1
73.3339748383	-1
73.3339748383	-1
73.3343238831	-1
73.3343238831	-1
73.3343238831	-1
73.3343238831	-1
73.3343238831	-1
73.372043848	-1
73.3731999397	1
73.4582879543	-1
73.5200498104	-1
73.5200498104	-1
73.5200498104	-1
73.5200498104	-1
73.5200498104	-1
73.5200498104	-1
73.5200498104	-1
73.5782017708	-1
73.5783059597	-1
73.5783059597	-1
73.5783059597	-1
73.5783059597	-1
73.5783059597	-1
73.5783059597	-1
73.5783059597	-1
73.5980668068	-1
73.5980668068	-1
73.5980668068	-1
73.5981907845	-1
73.5981907845	-1
73.5981907845	-1
73.5981907845	-1
73.5981907845	-1
73.6625919342	-1
73.6637217999	1
73.7592689991	-1
73.7647819519	-1
73.7647819519	-1
73.7647819519	-1
73.7647819519	-1
73.7647819519	-1
73.7647819519	-1
73.7647819519	-1
73.7703108788	-1
73.7703108788	-1
73.7703108788	-1
73.7703108788	-1
73.7703108788	-1
73.7703108788	-1
73.7739138603	-1
73.8061139584	-1
73.8061139584	-1
73.8061139584	-1
73.8061139584	-1
73.8061139584	-1
73.8061139584	-1
73.8061139584	-1
73.8061139584	-1
73.8061139584	-1
73.8396308422	-1
73.8623487949	-1
73.8623487949	-1
73.8623487949	-1
73.8623487949	-1
73.8623487949	-1
73.8623487949	-1
73.8623487949	-1
73.8666338921	-1
73.8667478561	-1
73.8667478561	-1
73.8667478561	-1
73.8667478561	-1
73.8667478561	-1
73.8667478561	-1
73.8673219681	-1
73.8673219681	-1
73.8673219681	-1
73.8673219681	-1
73.8673219681	-1
73.8673219681	-1
73.8673219681	-1
73.8673219681	-1
73.9876949787	-1
73.9876949787	-1
73.9876949787	-1
73.9876949787	-1
73.9876949787	-1
73.9876949787	-1
73.9876949787	-1
73.9876949787	-1
73.9876949787	-1
73.9973199368	-1
73.9973199368	-1
73.9974839687	-1
73.9974839687	-1
73.9974839687	-1
73.998598814	1
74.0657629967	-1
74.0657629967	-1
74.0657629967	-1
74.0657629967	-1
74.0657629967	-1
74.1074919701	-1
74.1075239182	1
74.1294908524	-1
74.1294908524	-1
74.1294908524	-1
74.1294908524	-1
74.1294908524	-1
74.1294908524	-1
74.1294908524	-1
74.1297137737	-1
74.159142971	-1
74.159142971	-1
74.159142971	-1
74.159142971	-1
74.159142971	-1
74.159142971	-1
74.159142971	-1
74.2338459492	-1
74.259431839	-1
74.259431839	-1
74.259431839	-1
74.259431839	-1
74.259431839	-1
74.259431839	-1
74.259431839	-1
74.259431839	-1
74.2619829178	-1
74.262087822	-1
74.262087822	-1
74.262087822	-1
74.262087822	-1
74.262087822	-1
74.262087822	-1
74.2925779819	-1
74.2925779819	-1
74.2925779819	-1
74.2925779819	-1
74.2925779819	-1
74.2925779819	-1
74.2925779819	-1
74.2925779819	-1
74.3984949589	-1
74.3993787766	-1
74.3993787766	-1
74.3993787766	-1
74.3993787766	-1
74.3993787766	-1
74.3993787766	-1
74.3993787766	-1
74.425691843	-1
74.425691843	-1
74.425691843	-1
74.425691843	-1
74.425691843	-1
74.425691843	-1
74.425691843	-1
74.425691843	-1
74.425691843	-1
74.4711799622	1
74.5289769173	-1
74.5289769173	-1
74.5289769173	-1
74.5289769173	-1
74.5289769173	-1
74.5289769173	-1
74.5456469059	1
74.5492968559	-1
74.5582897663	-1
74.5582897663	-1
74.5582897663	-1
74.5582897663	-1
74.5582897663	-1
74.5582897663	-1
74.5582897663	-1
74.6010479927	-1
74.6011528969	-1
74.6011528969	-1
74.6011528969	-1
74.6011528969	-1
74.6011528969	-1
74.6011528969	-1
74.6011528969	-1
74.6341238022	1
74.6617839336	-1
74.6617839336	-1
74.6617839336	-1
74.6617839336	-1
74.6617839336	-1
74.6617839336	-1
74.6617839336	-1
74.6617839336	-1
74.6619369984	-1
74.7486679554	1
74.7549247742	-1
74.7549247742	-1
74.7549247742	-1
74.7551538944	-1
74.7551538944	-1
74.7951929569	-1
74.7951929569	-1
74.7951929569	-1
74.7951929569	-1
74.7951929569	-1
74.7951929569	-1
74.7951929569	-1
74.7954559326	-1
74.7954559326	-1
74.7954559326	-1
74.7954559326	-1
74.7954559326	-1
74.7954559326	-1
74.7954559326	-1
74.8578269482	1
74.9270818233	-1
74.9270818233	-1
74.9270818233	-1
74.9270818233	-1
74.9270818233	-1
74.9270818233	-1
74.9270818233	-1
74.9270818233	-1
74.9274399281	-1
74.9274399281	-1
74.9274399281	-1
74.9274399281	-1
74.9274399281	-1
74.9274399281	-1
74.9274399281	-1
74.9274399281	-1
74.9276847839	-1
74.9277398586	-1
74.9277398586	-1
74.9277398586	-1
74.9277398586	-1
74.9277398586	-1
74.9277398586	-1
74.9277398586	-1
74.9327828884	1
74.9916198254	-1
74.9916198254	-1
74.9916198254	-1
74.9916198254	-1
74.9916198254	-1
74.9916198254	-1
74.9916198254	-1
74.9916198254	-1
75.0605278015	-1
75.0605278015	-1
75.0605278015	-1
75.0605278015	-1
75.0729789734	-1
75.0729789734	-1
75.0729789734	-1
75.0729789734	-1
75.1664838791	-1
75.1664838791	-1
75.1664838791	-1
75.1664838791	-1
75.1664838791	-1
75.1664838791	-1
75.1664838791	-1
75.1664838791	-1
75.1673278809	-1
75.2019159794	-1
75.2019159794	-1
75.2019159794	-1
75.2019159794	-1
75.2019159794	-1
75.2021398544	-1
75.2403318882	-1
75.2403318882	-1
75.2403318882	-1
75.2403318882	-1
75.2403318882	-1
75.2403318882	-1
75.2403318882	-1
75.3253178596	-1
75.3253178596	-1
75.3253178596	-1
75.3253178596	-1
75.3253178596	-1
75.3253178596	-1
75.3253178596	-1
75.3253178596	-1
75.3253178596	-1
75.3253178596	-1
75.3272168636	1
75.3350019455	-1
75.3352108002	-1
75.3352108002	-1
75.3352108002	-1
75.3352108002	-1
75.3352108002	-1
75.3352108002	-1
75.3355989456	-1
75.3355989456	-1
75.3355989456	-1
75.3355989456	-1
75.3355989456	-1
75.3440539837	-1
75.4033827782	-1
75.4033827782	-1
75.4033827782	-1
75.4033827782	-1
75.4033827782	-1
75.4033827782	-1
75.4033827782	-1
75.4033827782	-1
75.4033827782	-1
75.4034237862	1
75.4037349224	-1
75.4037349224	-1
75.4037349224	-1
75.4848737717	-1
75.4848737717	-1
75.4848737717	-1
75.4848737717	-1
75.4848737717	-1
75.4848737717	-1
75.4848737717	-1
75.4848737717	-1
75.4854829311	-1
75.486841917	-1
75.486841917	-1
75.486841917	-1
75.486841917	-1
75.486841917	-1
75.486841917	-1
75.486841917	-1
75.486841917	-1
75.5316829681	1
75.5587718487	-1
75.5587718487	-1
75.5587718487	-1
75.5587718487	-1
75.5587718487	-1
75.5587718487	-1
75.5587718487	-1
75.5587718487	-1
75.5589449406	-1
75.603607893	-1
75.603607893	-1
75.603607893	-1
75.603607893	-1
75.603607893	-1
75.603607893	-1
75.603607893	-1
75.603607893	-1
75.603607893	-1
75.6039509773	-1
75.6039509773	-1
75.6039509773	-1
75.6039509773	-1
75.6039509773	-1
75.6039509773	-1
75.6222708225	-1
75.6222708225	-1
75.6222708225	-1
75.6222708225	-1
75.6222708225	-1
75.6222708225	-1
75.6222708225	-1
75.6222708225	-1
75.773157835	-1
75.7733888626	-1
75.7733888626	-1
75.7733888626	-1
75.7733888626	-1
75.7733888626	-1
75.7733888626	-1
75.7733888626	-1
75.7909429073	-1
75.7909429073	-1
75.7909429073	-1
75.7909429073	-1
75.7909429073	-1
75.7909429073	-1
75.7909429073	-1
75.7909429073	-1
75.8267848492	-1
75.8267848492	-1
75.8267848492	-1
75.8267848492	-1
75.8267848492	-1
75.8267848492	-1
75.8267848492	-1
75.8267848492	-1
75.8267848492	-1
75.8276329041	-1
75.8295388222	1
75.9973428249	-1
75.9978168011	-1
75.9978168011	-1
75.9978168011	-1
75.9978168011	-1
75.9978168011	-1
75.9978168011	-1
75.9978168011	-1
75.9980039597	-1
75.9980039597	-1
75.9980039597	-1
75.9980039597	-1
75.9990699291	1
76.0724167824	-1
76.0724167824	-1
76.0735747814	1
76.2165877819	-1
76.2170209885	-1
76.2170209885	-1
76.2170209885	-1
76.2170209885	-1
76.2170209885	-1
76.2170209885	-1
76.2170209885	-1
76.2516758442	-1
76.2516758442	-1
76.2516758442	-1
76.2516758442	-1
76.2516758442	-1
76.2516758442	-1
76.2695257664	-1
76.3662719727	-1
76.4359548092	-1
76.4359548092	-1
76.4359548092	-1
76.4359548092	-1
76.4359548092	-1
76.4359548092	-1
76.4359548092	-1
76.4359548092	-1
76.4359548092	-1
76.4986248016	1
76.5735888481	1
76.5735888481	1
76.6065428257	-1
76.6694948673	-1
76.6694948673	-1
76.6694948673	-1
76.6694948673	-1
76.6741008759	-1
76.6741008759	-1
76.6741008759	-1
76.6741008759	-1
76.67501688	1
76.6796908379	-1
76.6796908379	-1
76.6796908379	-1
76.6796908379	-1
76.6796908379	-1
76.6796908379	-1
76.6796908379	-1
76.6796908379	-1
76.8021957874	-1
76.8021957874	-1
76.8021957874	-1
76.8021957874	-1
76.8021957874	-1
76.8021957874	-1
76.8021957874	-1
76.8021957874	-1
76.8023848534	-1
76.8882668018	-1
76.8882668018	-1
76.8882668018	-1
76.8882668018	-1
76.8882668018	-1
76.8882668018	-1
76.8882668018	-1
77.0093669891	-1
77.0222167969	-1
77.0222167969	-1
77.0222167969	-1
77.0222167969	-1
77.0222167969	-1
77.0222167969	-1
77.0222167969	-1
77.0222167969	-1
77.120087862	-1
77.120087862	-1
77.120087862	-1
77.120087862	-1
77.120087862	-1
77.138229847	-1
77.1383497715	-1
77.1383497715	-1
77.1383497715	-1
77.1383497715	-1
77.1383497715	-1
77.1383497715	-1
77.2336399555	-1
77.3082818985	-1
77.3272688389	-1
77.3272688389	-1
77.3272688389	-1
77.3272688389	-1
77.3272688389	-1
77.3272688389	-1
77.3272688389	-1
77.3272688389	-1
77.3416647911	-1
77.3428349495	1
77.4601418972	-1
77.4601418972	-1
77.4601418972	-1
77.4601418972	-1
77.4601418972	-1
77.4601418972	-1
77.4799158573	-1
77.4799158573	-1
77.4799158573	-1
77.4799158573	-1
77.4799158573	-1
77.4799158573	-1
77.4980249405	-1
77.4980249405	-1
77.4980249405	-1
77.4980249405	-1
77.4980249405	-1
77.4980249405	-1
77.4980249405	-1
77.4980249405	-1
77.4980249405	-1
77.4990959167	1
77.5280189514	-1
77.5280189514	-1
77.5280189514	-1
77.5280189514	-1
77.5280189514	-1
77.5280189514	-1
77.5735697746	1
77.6868739128	-1
77.6907038689	1
77.8047039509	1
77.8102869987	-1
77.8105459213	-1
77.8105459213	-1
77.8105459213	-1
77.8107709885	-1
77.8107709885	-1
77.8107709885	-1
77.8107709885	-1
77.8107709885	-1
77.8107709885	-1
77.8107709885	-1
77.8107709885	-1
77.8111429214	-1
77.8111429214	-1
77.8111429214	-1
77.8111429214	-1
77.8111429214	-1
77.8111429214	-1
77.8111429214	-1
77.8385818005	-1
77.8385818005	-1
77.8877379894	1
77.9609498978	-1
78.0014739037	1
78.2090959549	-1
78.2093479633	-1
78.2093479633	-1
78.2093479633	-1
78.2093479633	-1
78.2093479633	-1
78.2093479633	-1
78.3589198589	-1
78.4764688015	-1
78.4768798351	-1
78.4768798351	-1
78.4768798351	-1
78.4768798351	-1
78.4768798351	-1
78.4768798351	-1
78.4768798351	-1
78.4771249294	-1
78.4771249294	-1
78.4771249294	-1
78.4771249294	-1
78.4771249294	-1
78.4771249294	-1
78.4771249294	-1
78.4782347679	1
78.551420927	-1
78.783441782	-1
78.8759679794	-1
78.8761949539	-1
78.8761949539	-1
78.8761949539	-1
78.8761949539	-1
78.8761949539	-1
78.8761949539	-1
78.9167778492	-1
78.9167778492	-1
78.9167778492	-1
78.9167778492	-1
78.9167778492	-1
78.9167778492	-1
78.9167778492	-1
78.9167778492	-1
79.1421449184	-1
79.1820409298	-1
79.1820409298	-1
79.1820409298	-1
79.1820409298	-1
79.1820409298	-1
79.1820409298	-1
79.1820409298	-1
79.1820409298	-1
79.274835825	-1
79.274835825	-1
79.274835825	-1
79.274835825	-1
79.274835825	-1
79.274835825	-1
79.274835825	-1
79.3641078472	-1
79.3641078472	-1
79.3641078472	-1
79.3641078472	-1
79.3641078472	-1
79.3641078472	-1
79.3641078472	-1
79.3641078472	-1
79.4202749729	-1
79.4202749729	-1
79.4202749729	-1
79.4202749729	-1
79.4202749729	-1
79.4202749729	-1
79.4202749729	-1
79.4202749729	-1
79.4202749729	-1
79.4898498058	-1
79.4898498058	-1
79.4898498058	-1
79.4898498058	-1
79.4898498058	-1
79.4898498058	-1
79.4898498058	-1
79.4898498058	-1
79.4898498058	-1
79.4912858009	-1
79.4912858009	-1
79.4925618172	1
79.5464258194	-1
79.5464258194	-1
79.5464258194	-1
79.5464258194	-1
79.5464258194	-1
79.5464258194	-1
79.665394783	-1
79.665394783	-1
79.665394783	-1
79.665394783	-1
79.665394783	-1
79.665394783	-1
79.665394783	-1
79.665394783	-1
79.6756777763	-1
79.6756777763	-1
79.6756777763	-1
79.6756777763	-1
79.6756777763	-1
79.6756777763	-1
79.6756777763	-1
79.6756777763	-1
79.6760468483	-1
79.6766979694	1
79.7660069466	-1
79.7660069466	-1
79.7660069466	-1
79.7660069466	-1
79.7660069466	-1
79.7660069466	-1
79.7660069466	-1
79.7660069466	-1
79.8081519604	-1
79.8480029106	-1
79.8480029106	-1
79.8480029106	-1
79.8480029106	-1
79.8480029106	-1
79.8480029106	-1
79.8480029106	-1
79.898116827	-1
79.8982207775	-1
79.8982207775	-1
79.8982207775	-1
79.8982207775	-1
79.8982207775	-1
79.8982207775	-1
79.9424099922	-1
79.9424099922	-1
79.9424099922	-1
79.9424099922	-1
79.9424099922	-1
79.9424099922	-1
79.9424099922	-1
79.9424099922	-1
80.0235879421	-1
80.0235879421	-1
80.0235879421	-1
80.0235879421	-1
80.0235879421	-1
80.0235879421	-1
80.54702878	1
80.6265788078	1
80.6265788078	1
80.6265788078	1
80.6268057823	1
80.6268057823	1
80.6268057823	1
80.6268057823	1
80.630428791	1
80.6308197975	1
80.6308197975	1
80.6308197975	1
80.6308197975	1
80.6308197975	1
80.6308197975	1
80.6308197975	1
80.6308197975	1
80.6623778343	1
80.6623778343	1
80.6623778343	1
80.6623778343	1
80.6623778343	1
80.6623778343	1
81.5758919716	-1
