0.0	1
0.250360012054	1
0.659986019135	-1
0.661535978317	1
0.789835929871	-1
0.790648937225	1
0.791935920715	1
0.791935920715	1
0.791935920715	1
0.923443078995	1
0.923443078995	1
0.923443078995	1
1.43940591812	-1
1.44115304947	1
1.52266407013	-1
1.52403092384	1
1.59866094589	-1
1.599848032	1
1.67498707771	-1
1.67611408234	1
2.0874068737	-1
2.08933186531	-1
2.08933186531	-1
2.08933186531	-1
2.08933186531	-1
2.08933186531	-1
2.08933186531	-1
2.08933186531	-1
2.16418099403	-1
2.17683005333	1
2.23884797096	-1
2.23884797096	-1
2.25133299828	1
2.26535105705	-1
2.26535105705	-1
2.26535105705	-1
2.26535105705	-1
2.26535105705	-1
2.26535105705	-1
2.26535105705	-1
2.26535105705	-1
2.30560398102	-1
2.30560398102	-1
2.30560398102	-1
2.30565190315	-1
2.30565190315	-1
2.30565190315	-1
2.30565190315	-1
2.30565190315	-1
2.30565190315	-1
2.32626795769	-1
2.32630085945	1
2.39354896545	-1
2.39354896545	-1
2.39354896545	-1
2.39354896545	-1
2.39354896545	-1
2.39354896545	-1
2.39354896545	-1
2.40109705925	-1
2.42756295204	1
2.50234484673	-1
2.80315589905	-1
2.80441498756	1
3.32047986984	-1
3.57267904282	-1
3.64714193344	-1
3.65463590622	1
4.08622503281	-1
4.10115599632	-1
4.10115599632	-1
4.10115599632	-1
4.10115599632	-1
4.10115599632	-1
4.10115599632	-1
4.10115599632	-1
4.10205197334	-1
4.10205197334	-1
4.10205197334	-1
4.10205197334	-1
4.10205197334	-1
4.10205197334	-1
4.10205197334	-1
4.12679505348	-1
4.12679505348	-1
4.12679505348	-1
4.12679505348	-1
4.12679505348	-1
4.12679505348	-1
4.12679505348	-1
4.12679505348	-1
4.12679505348	-1
4.14460301399	1
4.15106487274	1
4.15106487274	1
4.15106487274	1
4.17626786232	-1
4.17626786232	-1
4.17626786232	-1
4.17626786232	-1
4.17626786232	-1
4.17626786232	-1
4.21913099289	1
4.21913099289	1
4.27581787109	-1
4.28963804245	-1
4.28963804245	-1
4.28963804245	-1
4.28963804245	-1
4.28963804245	-1
4.28963804245	-1
4.28963804245	-1
4.28963804245	-1
4.28963804245	-1
4.28963804245	-1
4.2899889946	-1
4.2899889946	-1
4.2899889946	-1
4.2899889946	-1
4.30415606499	-1
4.30415606499	-1
4.30415606499	-1
4.30415606499	-1
4.30415606499	-1
4.30415606499	-1
4.30415606499	-1
4.30415606499	-1
4.36534786224	1
4.38787293434	-1
4.38787293434	-1
4.38787293434	-1
4.38787293434	-1
4.38787293434	-1
4.38787293434	-1
4.38787293434	-1
4.38787293434	-1
4.38787293434	-1
4.3977959156	-1
4.3977959156	-1
4.42747998238	-1
4.42747998238	-1
4.42747998238	-1
4.4301199913	-1
4.4301199913	-1
4.4301199913	-1
4.4301199913	-1
4.43532204628	-1
4.44349503517	-1
4.44349503517	-1
4.44349503517	-1
4.44349503517	-1
4.44349503517	-1
4.44349503517	-1
4.44349503517	-1
4.51427507401	1
4.52243685722	-1
4.52243685722	-1
4.52243685722	-1
4.52243685722	-1
4.52243685722	-1
4.52243685722	-1
4.52243685722	-1
4.52243685722	-1
4.53734588623	-1
4.55004286766	-1
4.55004286766	-1
4.55004286766	-1
4.55004286766	-1
4.55004286766	-1
4.55004286766	-1
4.55004286766	-1
4.55770087242	-1
4.55774998665	-1
4.55774998665	-1
4.55774998665	-1
4.55774998665	-1
4.55774998665	-1
4.55774998665	-1
4.55774998665	-1
4.58125305176	-1
4.58894205093	1
4.66826891899	-1
4.67422699928	-1
4.67422699928	-1
4.67422699928	-1
4.67422699928	-1
4.67422699928	-1
4.81055188179	-1
4.81055188179	-1
4.81055188179	-1
4.81067800522	-1
4.81067800522	-1
4.81067800522	-1
4.8119969368	1
4.82490897179	-1
4.82490897179	-1
4.82490897179	-1
4.82490897179	-1
4.8328499794	1
4.8328499794	1
4.8328499794	1
4.84014391899	-1
4.84026694298	-1
4.84026694298	-1
4.84026694298	-1
4.84026694298	-1
4.84026694298	-1
4.84026694298	-1
4.84026694298	-1
4.90750789642	1
4.92279791832	-1
4.92279791832	-1
4.92279791832	-1
4.97615098953	1
4.97615098953	1
4.97615098953	1
5.04968094826	-1
5.04968094826	-1
5.09703707695	1
5.09703707695	1
5.1717338562	-1
5.17270994186	1
5.44821000099	-1
5.53455591202	-1
5.53455591202	-1
5.53455591202	-1
5.53918504715	-1
5.53918504715	-1
5.53928685188	-1
5.53928685188	-1
5.53928685188	-1
5.53928685188	-1
5.53928685188	-1
5.61247587204	1
5.74247503281	-1
5.7642018795	-1
5.7642018795	-1
5.7642018795	-1
5.76567602158	1
5.77566099167	-1
5.77566099167	-1
5.77566099167	-1
5.77566099167	-1
5.77566099167	-1
5.77566099167	-1
5.77566099167	-1
5.78214097023	-1
5.78214097023	-1
5.78214097023	-1
5.78214097023	-1
5.78214097023	-1
5.78214097023	-1
5.78214097023	-1
5.79920601845	-1
5.79920601845	-1
5.79920601845	-1
5.79920601845	-1
5.79920601845	-1
5.79920601845	-1
5.79920601845	-1
5.79920601845	-1
5.83671593666	-1
5.83671593666	-1
5.83995199203	-1
5.83995199203	-1
5.83995199203	-1
5.83995199203	-1
5.83995199203	-1
5.83995199203	-1
5.86323785782	1
5.90136694908	-1
5.90136694908	-1
5.90136694908	-1
5.90136694908	-1
5.90136694908	-1
5.90136694908	-1
5.90136694908	-1
5.90136694908	-1
5.90899395943	-1
5.90899395943	-1
5.90899395943	-1
5.90899395943	-1
5.90899395943	-1
5.90899395943	-1
5.90899395943	-1
5.93033194542	-1
5.93033194542	-1
5.93033194542	-1
5.93033194542	-1
5.93033194542	-1
5.93033194542	-1
5.93033194542	-1
5.93033194542	-1
5.93033194542	-1
5.93803286552	-1
5.93803286552	-1
5.93803286552	-1
5.93803286552	-1
5.93803286552	-1
5.93803286552	-1
5.93803286552	-1
5.94166207314	1
5.94166207314	1
5.94166207314	1
5.96300888062	-1
5.97695398331	-1
5.97695398331	-1
5.97832489014	-1
5.97832489014	-1
5.97832489014	-1
5.97832489014	-1
5.97832489014	-1
5.97832489014	-1
6.03378391266	-1
6.03378391266	-1
6.03378391266	-1
6.03378391266	-1
6.03378391266	-1
6.03378391266	-1
6.03378391266	-1
6.03378391266	-1
6.03421497345	-1
6.03472900391	-1
6.03472900391	-1
6.03472900391	-1
6.03472900391	-1
6.03472900391	-1
6.03472900391	-1
6.03472900391	-1
6.05139398575	-1
6.05142593384	1
6.05164289474	-1
6.05164289474	-1
6.05164289474	-1
6.05164289474	-1
6.05164289474	-1
6.05164289474	-1
6.05164289474	-1
6.0790810585	-1
6.07951498032	-1
6.07951498032	-1
6.07951498032	-1
6.09011888504	-1
6.09011888504	-1
6.09011888504	-1
6.09011888504	-1
6.09011888504	-1
6.09011888504	-1
6.09011888504	-1
6.11354804039	-1
6.1135969162	-1
6.1135969162	-1
6.1135969162	-1
6.1135969162	-1
6.1135969162	-1
6.1135969162	-1
6.1135969162	-1
6.14837288857	-1
6.14837288857	-1
6.14837288857	-1
6.14837288857	-1
6.14837288857	-1
6.14837288857	-1
6.1636390686	-1
6.1637430191	-1
6.1637430191	-1
6.1637430191	-1
6.1637430191	-1
6.1637430191	-1
6.1637430191	-1
6.16670298576	1
6.18347287178	-1
6.18347287178	-1
6.18347287178	-1
6.18347287178	-1
6.18347287178	-1
6.18347287178	-1
6.18347287178	-1
6.18347287178	-1
6.20109295845	-1
6.20126104355	-1
6.20126104355	-1
6.20126104355	-1
6.20126104355	-1
6.20126104355	-1
6.20126104355	-1
6.20126104355	-1
6.27033305168	-1
6.27033305168	-1
6.27033305168	-1
6.27033305168	-1
6.27033305168	-1
6.27033305168	-1
6.27033305168	-1
6.27036499977	1
6.28499603271	-1
6.2933819294	-1
6.2933819294	-1
6.2933819294	-1
6.2933819294	-1
6.2933819294	-1
6.2933819294	-1
6.2933819294	-1
6.2933819294	-1
6.29814100266	-1
6.3030359745	-1
6.3030359745	-1
6.3030359745	-1
6.3030359745	-1
6.3030359745	-1
6.3030359745	-1
6.31001806259	-1
6.31001806259	-1
6.31001806259	-1
6.31238508224	-1
6.3193769455	-1
6.3193769455	-1
6.3193769455	-1
6.3193769455	-1
6.3509759903	-1
6.3509759903	-1
6.35100889206	1
6.3511838913	-1
6.3511838913	-1
6.3511838913	-1
6.3511838913	-1
6.3511838913	-1
6.3511838913	-1
6.36387896538	-1
6.36387896538	-1
6.36387896538	-1
6.36387896538	-1
6.36387896538	-1
6.36387896538	-1
6.36387896538	-1
6.36387896538	-1
6.38973999023	-1
6.38973999023	-1
6.38973999023	-1
6.38973999023	-1
6.38973999023	-1
6.38973999023	-1
6.40297889709	-1
6.40297889709	-1
6.40297889709	-1
6.40297889709	-1
6.40297889709	-1
6.40297889709	-1
6.40297889709	-1
6.41286993027	-1
6.41360592842	-1
6.41360592842	-1
6.41360592842	-1
6.41360592842	-1
6.41360592842	-1
6.41360592842	-1
6.41360592842	-1
6.43234491348	-1
6.43235588074	1
6.43235588074	1
6.43324589729	-1
6.43324589729	-1
6.43324589729	-1
6.43324589729	-1
6.43324589729	-1
6.43324589729	-1
6.43324589729	-1
6.48929691315	-1
6.48929691315	-1
6.48929691315	-1
6.48929691315	-1
6.48929691315	-1
6.48929691315	-1
6.48929691315	-1
6.48929691315	-1
6.49666786194	-1
6.49957585335	-1
6.49957585335	-1
6.49957585335	-1
6.49957585335	-1
6.5142800808	-1
6.52845597267	-1
6.52845597267	-1
6.52856993675	-1
6.52856993675	-1
6.52856993675	-1
6.52856993675	-1
6.52856993675	-1
6.52856993675	-1
6.52856993675	-1
6.52856993675	-1
6.52881884575	-1
6.52881884575	-1
6.52881884575	-1
6.52881884575	-1
6.52881884575	-1
6.53040504456	1
6.54185986519	-1
6.56068587303	-1
6.56068587303	-1
6.56068587303	-1
6.56068587303	-1
6.56068587303	-1
6.56068587303	-1
6.56068587303	-1
6.56068587303	-1
6.60106301308	1
6.60106301308	1
6.60106301308	1
6.60765695572	-1
6.60765695572	-1
6.60765695572	-1
6.66933894157	1
6.66933894157	1
6.66933894157	1
6.77170991898	-1
6.77244591713	1
6.84726190567	-1
6.84726190567	-1
6.84845900536	1
6.92391705513	1
6.92391705513	1
6.92391705513	1
6.96250605583	1
6.98772501945	-1
7.03722000122	1
7.11382603645	-1
7.11471295357	1
7.26508402824	-1
7.26677894592	1
7.28414297104	-1
7.28414297104	-1
7.28414297104	-1
7.28428888321	-1
7.28428888321	-1
7.28428888321	-1
7.28428888321	-1
7.28428888321	-1
7.29288506508	-1
7.29288506508	-1
7.29288506508	-1
7.29288506508	-1
7.29288506508	-1
7.29288506508	-1
7.30350089073	-1
7.30350089073	-1
7.32546687126	-1
7.32546687126	-1
7.32546687126	-1
7.32546687126	-1
7.32546687126	-1
7.32546687126	-1
7.32546687126	-1
7.32546687126	-1
7.3414080143	-1
7.34144592285	1
7.34144592285	1
7.45565986633	-1
7.45712089539	1
7.53236985207	-1
7.53390598297	1
7.5435628891	-1
7.5435628891	-1
7.5435628891	-1
7.55124998093	-1
7.55124998093	-1
7.55124998093	-1
7.55124998093	-1
7.55124998093	-1
7.55124998093	-1
7.55124998093	-1
7.55124998093	-1
7.55124998093	-1
7.55159902573	-1
7.55159902573	-1
7.55159902573	-1
7.55159902573	-1
7.55159902573	-1
7.55478906631	1
7.55478906631	1
7.55478906631	1
7.56842589378	-1
7.56842589378	-1
7.56853604317	-1
7.56853604317	-1
7.56853604317	-1
7.56853604317	-1
7.56853604317	-1
7.56853604317	-1
7.56853604317	-1
7.60056591034	-1
7.60195589066	-1
7.60195589066	-1
7.60195589066	-1
7.60195589066	-1
7.60195589066	-1
7.60195589066	-1
7.60195589066	-1
7.63669800758	-1
7.63669800758	-1
7.63669800758	-1
7.63669800758	-1
7.63669800758	-1
7.63669800758	-1
7.63669800758	-1
7.63669800758	-1
7.6554889679	-1
7.6554889679	-1
7.6554889679	-1
7.6554889679	-1
7.6554889679	-1
7.6554889679	-1
7.6554889679	-1
7.68343901634	-1
7.7432179451	-1
7.7432179451	-1
7.7432179451	-1
7.7432179451	-1
7.7432179451	-1
7.7432179451	-1
7.7432179451	-1
7.7432179451	-1
7.74858188629	-1
7.74858188629	-1
7.74858188629	-1
7.74858188629	-1
7.76944994926	-1
7.76944994926	-1
7.77117586136	1
7.7872068882	-1
7.7872068882	-1
7.7872068882	-1
7.7872068882	-1
7.7872068882	-1
7.7872068882	-1
7.7872068882	-1
7.79522395134	-1
7.79522395134	-1
7.79522395134	-1
7.79522395134	-1
7.79522395134	-1
7.79522395134	-1
7.79522395134	-1
7.80292391777	-1
7.8065559864	-1
7.8065559864	-1
7.8065559864	-1
7.8065559864	-1
7.8065559864	-1
7.8065559864	-1
7.8065559864	-1
7.85196185112	-1
7.85196185112	-1
7.8519949913	1
7.8519949913	1
7.85419201851	-1
7.85419201851	-1
7.85419201851	-1
7.85419201851	-1
7.85419201851	-1
7.85419201851	-1
7.87426304817	-1
7.87426304817	-1
7.87426304817	-1
7.87426304817	-1
7.87426304817	-1
7.87426304817	-1
7.87426304817	-1
7.87426304817	-1
7.87426304817	-1
7.87460899353	-1
7.87460899353	-1
7.87460899353	-1
7.87460899353	-1
7.87460899353	-1
7.90881299973	-1
7.90881299973	-1
7.90881299973	-1
7.92688107491	-1
7.92688107491	-1
7.92688107491	-1
7.92688107491	-1
7.92688107491	-1
7.92688107491	-1
7.92688107491	-1
7.94542503357	-1
7.94631099701	-1
7.94631099701	-1
7.94631099701	-1
7.94631099701	-1
7.94631099701	-1
7.94631099701	-1
7.94631099701	-1
7.94661092758	1
7.95653486252	-1
7.95711493492	-1
7.95711493492	-1
7.95711493492	-1
7.95711493492	-1
7.95711493492	-1
7.95711493492	-1
7.95711493492	-1
7.97384786606	-1
7.9753139019	-1
7.9753139019	-1
7.9753139019	-1
7.99159693718	-1
7.99159693718	-1
7.99159693718	-1
7.99159693718	-1
7.99159693718	-1
7.99159693718	-1
7.99159693718	-1
8.00853085518	-1
8.00864291191	-1
8.00864291191	-1
8.00864291191	-1
8.00864291191	-1
8.00864291191	-1
8.00864291191	-1
8.00864291191	-1
8.02661895752	-1
8.02661895752	-1
8.02661895752	-1
8.02661895752	-1
8.02661895752	-1
8.02661895752	-1
8.02661895752	-1
8.02661895752	-1
8.04061603546	-1
8.04061603546	-1
8.04061603546	-1
8.04061603546	-1
8.04061603546	-1
8.04061603546	-1
8.04061603546	-1
8.04061603546	-1
8.04185390472	1
8.05858802795	-1
8.05989694595	-1
8.05989694595	-1
8.05989694595	-1
8.05989694595	-1
8.05989694595	-1
8.05989694595	-1
8.05989694595	-1
8.07759284973	-1
8.07764291763	-1
8.07764291763	-1
8.07764291763	-1
8.07764291763	-1
8.07764291763	-1
8.07764291763	-1
8.07764291763	-1
8.08564090729	-1
8.08564090729	-1
8.08564090729	-1
8.08564090729	-1
8.08564090729	-1
8.08564090729	-1
8.08564090729	-1
8.08564090729	-1
8.0862569809	-1
8.0862569809	-1
8.0862569809	-1
8.0862569809	-1
8.0862569809	-1
8.0862569809	-1
8.0862569809	-1
8.08687186241	-1
8.10877203941	-1
8.10877203941	-1
8.10877203941	-1
8.10877203941	-1
8.10877203941	-1
8.10877203941	-1
8.10877203941	-1
8.10877203941	-1
8.10904502869	-1
8.10904502869	-1
8.10904502869	-1
8.10904502869	-1
8.10904502869	-1
8.10904502869	-1
8.10904502869	-1
8.12842488289	-1
8.12844204903	1
8.12876796722	-1
8.12876796722	-1
8.12876796722	-1
8.12876796722	-1
8.12876796722	-1
8.12876796722	-1
8.12876796722	-1
8.1566119194	-1
8.1566119194	-1
8.1566119194	-1
8.1566119194	-1
8.1566119194	-1
8.1566119194	-1
8.1566119194	-1
8.1566119194	-1
8.15688586235	-1
8.15745997429	-1
8.15745997429	-1
8.15745997429	-1
8.15745997429	-1
8.15745997429	-1
8.15745997429	-1
8.15745997429	-1
8.15924501419	-1
8.15924501419	-1
8.15924501419	-1
8.15924501419	-1
8.15924501419	-1
8.15924501419	-1
8.15924501419	-1
8.16087698936	-1
8.16087698936	-1
8.16087698936	-1
8.16087698936	-1
8.16087698936	-1
8.16087698936	-1
8.16087698936	-1
8.16087698936	-1
8.16126704216	-1
8.16126704216	-1
8.16126704216	-1
8.16126704216	-1
8.16126704216	-1
8.16126704216	-1
8.16126704216	-1
8.16126704216	-1
8.18362903595	-1
8.18362903595	-1
8.18365097046	-1
8.18365097046	-1
8.18365097046	-1
8.18365097046	-1
8.18365097046	-1
8.18365097046	-1
8.18399786949	-1
8.18399786949	-1
8.18399786949	-1
8.18399786949	-1
8.18399786949	-1
8.18399786949	-1
8.18399786949	-1
8.19740486145	-1
8.19762206078	-1
8.19762206078	-1
8.19762206078	-1
8.19762206078	-1
8.19762206078	-1
8.19762206078	-1
8.19762206078	-1
8.19868993759	1
8.19868993759	1
8.19868993759	1
8.20376586914	-1
8.20376586914	-1
8.20376586914	-1
8.20376586914	-1
8.20376586914	-1
8.20376586914	-1
8.20376586914	-1
8.27801203728	1
8.27801203728	1
8.32060790062	-1
8.32060790062	-1
8.32060790062	-1
8.32060790062	-1
8.32060790062	-1
8.32060790062	-1
8.32060790062	-1
8.32060790062	-1
8.32060790062	-1
8.33416891098	-1
8.33416891098	-1
8.33416891098	-1
8.33416891098	-1
8.33416891098	-1
8.33416891098	-1
8.33416891098	-1
8.33416891098	-1
8.33451986313	-1
8.33451986313	-1
8.33451986313	-1
8.33451986313	-1
8.33451986313	-1
8.33451986313	-1
8.33451986313	-1
8.34508299828	-1
8.34932208061	-1
8.34932208061	-1
8.34932208061	-1
8.34932208061	-1
8.34932208061	-1
8.34932208061	-1
8.34932208061	-1
8.34932208061	-1
8.3808259964	-1
8.3808259964	-1
8.3808259964	-1
8.3808259964	-1
8.3808259964	-1
8.3808259964	-1
8.3808259964	-1
8.38085794449	1
8.38595199585	-1
8.38606500626	-1
8.38606500626	-1
8.38606500626	-1
8.38606500626	-1
8.38606500626	-1
8.38606500626	-1
8.38606500626	-1
8.4050450325	-1
8.4050450325	-1
8.4050450325	-1
8.4050450325	-1
8.4050450325	-1
8.4050450325	-1
8.4050450325	-1
8.4050450325	-1
8.42591190338	-1
8.46406888962	-1
8.46406888962	-1
8.46406888962	-1
8.46406888962	-1
8.46406888962	-1
8.46406888962	-1
8.46406888962	-1
8.47714185715	-1
8.47725987434	-1
8.47725987434	-1
8.47725987434	-1
8.47725987434	-1
8.47725987434	-1
8.47725987434	-1
8.47725987434	-1
8.49353504181	-1
8.49353504181	-1
8.49353504181	-1
8.49353504181	-1
8.49353504181	-1
8.49353504181	-1
8.49353504181	-1
8.49353504181	-1
8.49497699738	1
8.51039004326	-1
8.51039004326	-1
8.51039004326	-1
8.51039004326	-1
8.51039004326	-1
8.51039004326	-1
8.51039004326	-1
8.51039004326	-1
8.52707886696	-1
8.52719807625	-1
8.52719807625	-1
8.52719807625	-1
8.52719807625	-1
8.52719807625	-1
8.52719807625	-1
8.52719807625	-1
8.52830600739	-1
8.5284268856	-1
8.5284268856	-1
8.5284268856	-1
8.5284268856	-1
8.5284268856	-1
8.5284268856	-1
8.56406402588	-1
8.56406402588	-1
8.56406402588	-1
8.56406402588	-1
8.56406402588	-1
8.56406402588	-1
8.56406402588	-1
8.56406402588	-1
8.56406402588	-1
8.56441402435	-1
8.56441402435	-1
8.56441402435	-1
8.56441402435	-1
8.58536100388	-1
8.58536100388	-1
8.58536100388	-1
8.58539485931	1
8.58539485931	1
8.60194706917	-1
8.60194706917	-1
8.60194706917	-1
8.60194706917	-1
8.60194706917	-1
8.60194706917	-1
8.60194706917	-1
8.60194706917	-1
8.65857100487	-1
8.66500306129	-1
8.66500306129	-1
8.66500306129	-1
8.66500306129	-1
8.66500306129	-1
8.66500306129	-1
8.66500306129	-1
8.66503691673	1
8.66503691673	1
8.6927318573	-1
8.6927318573	-1
8.6927318573	-1
8.6927318573	-1
8.6927318573	-1
8.6927318573	-1
8.6927318573	-1
8.6927318573	-1
8.6927318573	-1
8.69307994843	-1
8.69307994843	-1
8.69307994843	-1
8.69307994843	-1
8.69307994843	-1
8.70763707161	-1
8.70763707161	-1
8.70763707161	-1
8.71236801147	-1
8.71236801147	-1
8.71236801147	-1
8.71236801147	-1
8.71236801147	-1
8.71236801147	-1
8.71236801147	-1
8.71847891808	-1
8.72052598	-1
8.72052598	-1
8.72052598	-1
8.72052598	-1
8.72052598	-1
8.72052598	-1
8.72052598	-1
8.73559188843	-1
8.73651385307	-1
8.73651385307	-1
8.73651385307	-1
8.73651385307	-1
8.73651385307	-1
8.73651385307	-1
8.73651385307	-1
8.73651385307	-1
8.73686504364	-1
8.73686504364	-1
8.73686504364	-1
8.73686504364	-1
8.73686504364	-1
8.7375998497	-1
8.7375998497	-1
8.74592494965	-1
8.74595785141	1
8.74595785141	1
8.74598193169	-1
8.74598193169	-1
8.74598193169	-1
8.74598193169	-1
8.74598193169	-1
8.74598193169	-1
8.74598193169	-1
8.7641658783	-1
8.7641658783	-1
8.7641658783	-1
8.7641658783	-1
8.7641658783	-1
8.7641658783	-1
8.7641658783	-1
8.7641658783	-1
8.76440191269	-1
8.76451301575	-1
8.76451301575	-1
8.76451301575	-1
8.76451301575	-1
8.76451301575	-1
8.76451301575	-1
8.76451301575	-1
8.77947497368	-1
8.77959799767	-1
8.77959799767	-1
8.77959799767	-1
8.77959799767	-1
8.77959799767	-1
8.77959799767	-1
8.77959799767	-1
8.77984404564	-1
8.77996587753	-1
8.77996587753	-1
8.77996587753	-1
8.77996587753	-1
8.77996587753	-1
8.77996587753	-1
8.77996587753	-1
8.78895902634	-1
8.78920197487	-1
8.78920197487	-1
8.78920197487	-1
8.78920197487	-1
8.78920197487	-1
8.78920197487	-1
8.81800484657	-1
8.81800484657	-1
8.81800484657	-1
8.81800484657	-1
8.81800484657	-1
8.81800484657	-1
8.81800484657	-1
8.81800484657	-1
8.81800484657	-1
8.81836390495	-1
8.81836390495	-1
8.81836390495	-1
8.81836390495	-1
8.81836390495	-1
8.81860899925	-1
8.81860899925	-1
8.82179689407	1
8.82179689407	1
8.82179689407	1
8.83498096466	-1
8.83498096466	-1
8.83498096466	-1
8.83498096466	-1
8.83498096466	-1
8.83498096466	-1
8.83498096466	-1
8.83498096466	-1
8.85783004761	-1
8.85783004761	-1
8.85783004761	-1
8.85783004761	-1
8.85783004761	-1
8.85783004761	-1
8.85783004761	-1
8.85783004761	-1
8.85783004761	-1
8.85815501213	-1
8.85815501213	-1
8.85815501213	-1
8.85815501213	-1
8.85815501213	-1
8.87446403503	-1
8.87446403503	-1
8.87446403503	-1
8.874781847	-1
8.874781847	-1
8.874781847	-1
8.874781847	-1
8.874781847	-1
8.874781847	-1
8.874781847	-1
8.93365693092	1
8.96037793159	-1
8.96037793159	-1
8.96037793159	-1
8.96037793159	-1
8.96037793159	-1
8.96037793159	-1
8.96037793159	-1
8.96037793159	-1
8.96037793159	-1
8.96037793159	-1
8.96074104309	-1
8.96074104309	-1
8.96074104309	-1
8.96074104309	-1
8.98871803284	-1
8.98871803284	-1
8.98871803284	-1
9.01196408272	-1
9.01196408272	-1
9.01196408272	-1
9.01196408272	-1
9.01196408272	-1
9.01196408272	-1
9.01196408272	-1
9.01199603081	1
9.01840186119	-1
9.01845288277	-1
9.01845288277	-1
9.01845288277	-1
9.01845288277	-1
9.01845288277	-1
9.01845288277	-1
9.02766394615	-1
9.02766394615	-1
9.02766394615	-1
9.02766394615	-1
9.02766394615	-1
9.02766394615	-1
9.02766394615	-1
9.02766394615	-1
9.03687286377	-1
9.03687286377	-1
9.03687286377	-1
9.03687286377	-1
9.03687286377	-1
9.03687286377	-1
9.03687286377	-1
9.03687286377	-1
9.04385590553	-1
9.04385590553	-1
9.04385590553	-1
9.04385590553	-1
9.04385590553	-1
9.04385590553	-1
9.04385590553	-1
9.04385590553	-1
9.04693984985	-1
9.04693984985	-1
9.04693984985	-1
9.04693984985	-1
9.04693984985	-1
9.04693984985	-1
9.04693984985	-1
9.04693984985	-1
9.04801297188	-1
9.04873895645	-1
9.04873895645	-1
9.04873895645	-1
9.04873895645	-1
9.04873895645	-1
9.04873895645	-1
9.04989790916	-1
9.04989790916	-1
9.05473804474	-1
9.05473804474	-1
9.05473804474	-1
9.05473804474	-1
9.05473804474	-1
9.05473804474	-1
9.05473804474	-1
9.06478691101	-1
9.06480908394	-1
9.06480908394	-1
9.06480908394	-1
9.06480908394	-1
9.06480908394	-1
9.06480908394	-1
9.06480908394	-1
9.07379508018	-1
9.07391691208	-1
9.07391691208	-1
9.07391691208	-1
9.07391691208	-1
9.07391691208	-1
9.07391691208	-1
9.07391691208	-1
9.08696389198	-1
9.08696389198	-1
9.08696389198	-1
9.08696389198	-1
9.08696389198	-1
9.08696389198	-1
9.08696389198	-1
9.08696389198	-1
9.08697795868	1
9.08697795868	1
9.09392404556	-1
9.09406805038	-1
9.09406805038	-1
9.09406805038	-1
9.09406805038	-1
9.09406805038	-1
9.09406805038	-1
9.09406805038	-1
9.10254597664	-1
9.10266900063	-1
9.10266900063	-1
9.10266900063	-1
9.10266900063	-1
9.10266900063	-1
9.10266900063	-1
9.10266900063	-1
9.11166906357	-1
9.11240696907	-1
9.11240696907	-1
9.11240696907	-1
9.11240696907	-1
9.11240696907	-1
9.11240696907	-1
9.11240696907	-1
9.11891698837	-1
9.11903095245	-1
9.11903095245	-1
9.11903095245	-1
9.11903095245	-1
9.11903095245	-1
9.11903095245	-1
9.11903095245	-1
9.13009905815	-1
9.13060998917	-1
9.13060998917	-1
9.13060998917	-1
9.13060998917	-1
9.13060998917	-1
9.13060998917	-1
9.13060998917	-1
9.13146185875	-1
9.13158488274	-1
9.13158488274	-1
9.13158488274	-1
9.13158488274	-1
9.13158488274	-1
9.13158488274	-1
9.13158488274	-1
9.13255286217	1
9.13255286217	1
9.13255286217	1
9.22533988953	-1
9.22533988953	-1
9.22533988953	-1
9.22533988953	-1
9.22533988953	-1
9.22533988953	-1
9.22533988953	-1
9.22533988953	-1
9.25429487228	-1
9.27073788643	-1
9.27073788643	-1
9.27073788643	-1
9.27073788643	-1
9.27073788643	-1
9.27073788643	-1
9.27073788643	-1
9.28277993202	-1
9.28289484978	-1
9.28289484978	-1
9.28289484978	-1
9.28289484978	-1
9.28289484978	-1
9.28289484978	-1
9.28289484978	-1
9.29828286171	-1
9.29828286171	-1
9.29828286171	-1
9.29828286171	-1
9.29828286171	-1
9.29828286171	-1
9.29828286171	-1
9.29828286171	-1
9.31831097603	-1
9.31831097603	-1
9.31831097603	-1
9.31831097603	-1
9.31831097603	-1
9.31831097603	-1
9.31831097603	-1
9.31831097603	-1
9.34461903572	-1
9.34461903572	-1
9.34461903572	-1
9.34461903572	-1
9.34461903572	-1
9.34461903572	-1
9.34461903572	-1
9.34461903572	-1
9.36082386971	-1
9.36092996597	-1
9.36092996597	-1
9.36092996597	-1
9.36092996597	-1
9.36092996597	-1
9.36092996597	-1
9.36120605469	1
9.38271093369	-1
9.38271093369	-1
9.38271093369	-1
9.38271093369	-1
9.38271093369	-1
9.38271093369	-1
9.38271093369	-1
9.38271093369	-1
9.38306689262	-1
9.38306689262	-1
9.38306689262	-1
9.38306689262	-1
9.38306689262	-1
9.38306689262	-1
9.38306689262	-1
9.39593791962	-1
9.4308218956	-1
9.4308218956	-1
9.4308218956	-1
9.4308218956	-1
9.4308218956	-1
9.4308218956	-1
9.4308218956	-1
9.4308218956	-1
9.45396900177	-1
9.45408201218	-1
9.45408201218	-1
9.45408201218	-1
9.45408201218	-1
9.45408201218	-1
9.45408201218	-1
9.45408201218	-1
9.45531702042	1
9.48096585274	-1
9.4810769558	-1
9.4810769558	-1
9.4810769558	-1
9.4810769558	-1
9.4810769558	-1
9.4810769558	-1
9.4810769558	-1
9.50653004646	-1
9.50653004646	-1
9.50653004646	-1
9.50653004646	-1
9.50653004646	-1
9.50653004646	-1
9.50653004646	-1
9.50653004646	-1
9.54883098602	-1
9.54886007309	1
9.54992389679	-1
9.54992389679	-1
9.54992389679	-1
9.54992389679	-1
9.54992389679	-1
9.54992389679	-1
9.54992389679	-1
9.56501698494	-1
9.56512188911	-1
9.56512188911	-1
9.56512188911	-1
9.56512188911	-1
9.56512188911	-1
9.56512188911	-1
9.56512188911	-1
9.56678295135	-1
9.56678295135	-1
9.56678295135	-1
9.56678295135	-1
9.56678295135	-1
9.56678295135	-1
9.56678295135	-1
9.56678295135	-1
9.59680199623	-1
9.59690499306	-1
9.59690499306	-1
9.59690499306	-1
9.59690499306	-1
9.59690499306	-1
9.59690499306	-1
9.59690499306	-1
9.64111995697	1
9.69242286682	-1
9.69242286682	-1
9.69242286682	-1
9.69242286682	-1
9.69242286682	-1
9.69242286682	-1
9.69242286682	-1
9.69242286682	-1
9.70216989517	-1
9.70216989517	-1
9.70216989517	-1
9.70216989517	-1
9.70216989517	-1
9.70216989517	-1
9.70216989517	-1
9.71617007256	-1
9.71746587753	1
9.72191095352	-1
9.72191095352	-1
9.72191095352	-1
9.72191095352	-1
9.72191095352	-1
9.72191095352	-1
9.72191095352	-1
9.75189495087	-1
9.75189495087	-1
9.75189495087	-1
9.75189495087	-1
9.75189495087	-1
9.75189495087	-1
9.75189495087	-1
9.75189495087	-1
9.7910618782	-1
9.79262900352	-1
9.79262900352	-1
9.79262900352	-1
9.79262900352	-1
9.79262900352	-1
9.79262900352	-1
9.79262900352	-1
9.79266095161	1
9.83240699768	-1
9.83240699768	-1
9.83240699768	-1
9.83240699768	-1
9.83240699768	-1
9.83240699768	-1
9.83240699768	-1
9.83240699768	-1
9.86404895782	-1
9.86404895782	-1
9.86404895782	-1
9.86404895782	-1
9.86404895782	-1
9.86404895782	-1
9.86404895782	-1
9.86404895782	-1
9.87563204765	-1
9.87563204765	-1
9.87563204765	-1
9.87563204765	-1
9.87563204765	-1
9.87563204765	-1
9.87563204765	-1
9.89195895195	-1
9.89195895195	-1
9.89195895195	-1
9.89195895195	-1
9.89195895195	-1
9.89195895195	-1
9.89195895195	-1
9.89195895195	-1
9.89326906204	1
9.90946507454	-1
9.90946507454	-1
9.90946507454	-1
9.90946507454	-1
9.90946507454	-1
9.90946507454	-1
9.90946507454	-1
9.90946507454	-1
9.92657494545	-1
9.92657494545	-1
9.92657494545	-1
9.92657494545	-1
9.92657494545	-1
9.92657494545	-1
9.92657494545	-1
9.92657494545	-1
9.94230103493	-1
9.94541501999	-1
9.94541501999	-1
9.94541501999	-1
9.94541501999	-1
9.94541501999	-1
9.94541501999	-1
9.94541501999	-1
9.96143007278	-1
9.96143007278	-1
9.96143007278	-1
9.96143007278	-1
9.96143007278	-1
9.96143007278	-1
9.96143007278	-1
9.96143007278	-1
9.98146796227	-1
9.98146796227	-1
9.98807001114	-1
9.98807001114	-1
9.98807001114	-1
9.98807001114	-1
9.98807001114	-1
9.98807001114	-1
9.98807001114	-1
9.99990987778	-1
9.99990987778	-1
9.99990987778	-1
9.99990987778	-1
9.99990987778	-1
9.99990987778	-1
9.99990987778	-1
10.0012750626	1
10.0180778503	-1
10.0180778503	-1
10.0180778503	-1
10.0180778503	-1
10.0180778503	-1
10.0180778503	-1
10.0180778503	-1
10.0180778503	-1
10.0274279118	-1
10.0274279118	-1
10.0274279118	-1
10.0274279118	-1
10.0274279118	-1
10.0274279118	-1
10.0274279118	-1
10.0274279118	-1
10.0311319828	-1
10.0335490704	-1
10.0335490704	-1
10.0335490704	-1
10.0335490704	-1
10.0335490704	-1
10.0335490704	-1
10.0335490704	-1
10.0338380337	1
10.0338380337	1
10.0338380337	1
10.0371730328	-1
10.0371730328	-1
10.0371730328	-1
10.0371730328	-1
10.0371730328	-1
10.0371730328	-1
10.0371730328	-1
10.0425810814	-1
10.0425810814	-1
10.0425810814	-1
10.0425810814	-1
10.0425810814	-1
10.0425810814	-1
10.0425810814	-1
10.0425810814	-1
10.04885602	-1
10.04885602	-1
10.04885602	-1
10.04885602	-1
10.04885602	-1
10.04885602	-1
10.04885602	-1
10.04885602	-1
10.0571269989	-1
10.0571269989	-1
10.0571269989	-1
10.0571269989	-1
10.0571269989	-1
10.0571269989	-1
10.0571269989	-1
10.0571269989	-1
10.062308073	-1
10.062308073	-1
10.062308073	-1
10.062308073	-1
10.062308073	-1
10.062308073	-1
10.062308073	-1
10.0640699863	-1
10.0673539639	1
10.0673539639	1
10.0684568882	-1
10.0684568882	-1
10.0684568882	-1
10.0684568882	-1
10.0684568882	-1
10.0684568882	-1
10.0684568882	-1
10.0783550739	-1
10.0830860138	-1
10.0830860138	-1
10.0830860138	-1
10.0830860138	-1
10.0830860138	-1
10.0830860138	-1
10.0830860138	-1
10.0830860138	-1
10.0993890762	-1
10.0993890762	-1
10.0993890762	-1
10.0993890762	-1
10.0993890762	-1
10.0993890762	-1
10.0993890762	-1
10.1027240753	-1
10.1027240753	-1
10.1027240753	-1
10.1027240753	-1
10.1027240753	-1
10.1027240753	-1
10.1027240753	-1
10.1027240753	-1
10.1030759811	-1
10.1030759811	-1
10.1030759811	-1
10.1030759811	-1
10.1030759811	-1
10.1030759811	-1
10.1030759811	-1
10.1030759811	-1
10.1173028946	-1
10.1173028946	-1
10.1173028946	-1
10.1173028946	-1
10.1173028946	-1
10.1173028946	-1
10.1173028946	-1
10.1173028946	-1
10.1173028946	-1
10.1176559925	-1
10.1176559925	-1
10.1176559925	-1
10.1176559925	-1
10.1176559925	-1
10.1176559925	-1
10.1176559925	-1
10.1176559925	-1
10.1189608574	1
10.1189608574	1
10.1189608574	1
10.1254270077	-1
10.1254270077	-1
10.1254270077	-1
10.1254270077	-1
10.1254270077	-1
10.1254270077	-1
10.1254270077	-1
10.1349859238	-1
10.1349859238	-1
10.1349859238	-1
10.1349859238	-1
10.1349859238	-1
10.1349859238	-1
10.1349859238	-1
10.1349859238	-1
10.1352229118	-1
10.1352229118	-1
10.1352229118	-1
10.1527109146	1
10.2554359436	-1
10.2554359436	-1
10.2554359436	-1
10.2554359436	-1
10.2554359436	-1
10.3281729221	-1
10.3281729221	-1
10.3281729221	-1
10.3282790184	-1
10.3282790184	-1
10.3282790184	-1
10.3282790184	-1
10.3282790184	-1
10.3589839935	1
10.4868838787	-1
10.4868838787	-1
10.4869170189	1
10.6272270679	1
10.7262170315	-1
10.7368059158	-1
10.7368059158	-1
10.7368059158	-1
10.7368059158	-1
10.7368059158	-1
10.7368059158	-1
10.7368059158	-1
10.7400898933	1
10.7483160496	-1
10.7484190464	-1
10.7484190464	-1
10.7484190464	-1
10.7484190464	-1
10.7484190464	-1
10.7484190464	-1
10.7484190464	-1
10.7567000389	-1
10.7567000389	-1
10.7567000389	-1
10.7567000389	-1
10.7567000389	-1
10.7567000389	-1
10.7567000389	-1
10.7567000389	-1
10.7687320709	-1
10.7687320709	-1
10.7687320709	-1
10.7687320709	-1
10.7687320709	-1
10.7687320709	-1
10.7687320709	-1
10.7687320709	-1
10.7886400223	-1
10.7886400223	-1
10.8115949631	-1
10.8115949631	-1
10.8132350445	1
10.8132350445	1
10.8132350445	1
10.8351640701	-1
10.8351640701	-1
10.8351640701	-1
10.8352000713	1
10.8352310658	-1
10.8352310658	-1
10.842414856	-1
10.842414856	-1
10.842414856	-1
10.842414856	-1
10.842414856	-1
10.842414856	-1
10.842414856	-1
10.8484668732	-1
10.8485119343	-1
10.8485119343	-1
10.8485119343	-1
10.8485119343	-1
10.8485119343	-1
10.8485119343	-1
10.8485119343	-1
10.9098608494	1
10.9655308723	-1
10.9655308723	-1
10.9655308723	-1
10.9655308723	-1
10.9655308723	-1
10.9655308723	-1
10.984555006	-1
10.9845869541	1
11.1002860069	1
11.1002860069	1
11.3062150478	-1
11.5234088898	-1
11.5248029232	1
11.5830688477	-1
11.5830688477	-1
11.5830688477	-1
11.5918619633	-1
11.5918619633	-1
11.5918619633	-1
11.59314394	1
11.59314394	1
11.59314394	1
11.6023299694	-1
11.6023299694	-1
11.6023299694	-1
11.6023299694	-1
11.6023299694	-1
11.6023299694	-1
11.6023299694	-1
11.6493299007	1
11.6493299007	1
11.6493299007	1
11.6571810246	-1
11.6572978497	-1
11.6572978497	-1
11.6572978497	-1
11.6572978497	-1
11.6572978497	-1
11.6572978497	-1
11.6572978497	-1
11.6626069546	-1
11.6626069546	-1
11.6626069546	-1
11.6626069546	-1
11.6626069546	-1
11.6626069546	-1
11.6626069546	-1
11.6703269482	-1
11.6703269482	-1
11.6703269482	-1
11.6703269482	-1
11.6703269482	-1
11.6703269482	-1
11.6703269482	-1
11.6703269482	-1
11.6738479137	-1
11.6738710403	1
11.6830899715	-1
11.6830899715	-1
11.6830899715	-1
11.6830899715	-1
11.6830899715	-1
11.6830899715	-1
11.6830899715	-1
11.6830899715	-1
11.6869609356	-1
11.6869609356	-1
11.6869609356	-1
11.6869609356	-1
11.6869609356	-1
11.6869609356	-1
11.6869609356	-1
11.6889109612	1
11.6889109612	1
11.6889109612	1
11.6891748905	1
11.6891748905	1
11.6931390762	-1
11.6931390762	-1
11.6931390762	-1
11.6931390762	-1
11.6931390762	-1
11.6931390762	-1
11.6931390762	-1
11.6931390762	-1
11.7328429222	-1
11.7328429222	-1
11.7328429222	-1
11.7328429222	-1
11.7328429222	-1
11.7330889702	-1
11.7330889702	-1
11.737390995	-1
11.737390995	-1
11.737390995	-1
11.737390995	-1
11.737390995	-1
11.737390995	-1
11.7376358509	-1
11.7376358509	-1
11.7376358509	-1
11.7376358509	-1
11.7376358509	-1
11.7376358509	-1
11.7376358509	-1
11.7376358509	-1
11.7530460358	-1
11.7530460358	-1
11.7530460358	-1
11.7530460358	-1
11.7530460358	-1
11.7530460358	-1
11.7530460358	-1
11.7530460358	-1
11.7634689808	-1
11.7689979076	-1
11.7689979076	-1
11.7689979076	-1
11.7689979076	-1
11.7689979076	-1
11.7689979076	-1
11.7689979076	-1
11.773360014	-1
11.7890679836	-1
11.7890679836	-1
11.7890679836	-1
11.7890679836	-1
11.7890679836	-1
11.7890679836	-1
11.7890679836	-1
11.8068680763	-1
11.8088428974	-1
11.8088428974	-1
11.8088428974	-1
11.8088428974	-1
11.8088428974	-1
11.8088428974	-1
11.8088428974	-1
11.8230080605	1
11.8230080605	1
11.8300440311	-1
11.8300440311	-1
11.8300440311	-1
11.8300440311	-1
11.8300440311	-1
11.8300440311	-1
11.8300440311	-1
11.8300440311	-1
11.8354508877	-1
11.8354508877	-1
11.8354508877	-1
11.8354508877	-1
11.8354508877	-1
11.8354508877	-1
11.8482220173	-1
11.8482220173	-1
11.8482220173	-1
11.8482220173	-1
11.8482220173	-1
11.8482220173	-1
11.8482220173	-1
11.8482220173	-1
11.8482220173	-1
11.8586070538	-1
11.8586070538	-1
11.8586070538	-1
11.8586070538	-1
11.8586070538	-1
11.8586070538	-1
11.8586070538	-1
11.8706679344	-1
11.8718218803	-1
11.8718218803	-1
11.8718218803	-1
11.8718218803	-1
11.8718218803	-1
11.8718218803	-1
11.8934710026	-1
11.8934710026	-1
11.8934710026	-1
11.8934710026	-1
11.8934710026	-1
11.8934710026	-1
11.8934710026	-1
11.8968179226	1
11.8968179226	1
11.8968179226	1
11.9030020237	-1
11.9030020237	-1
11.9030020237	-1
11.9030020237	-1
11.9030020237	-1
11.9030020237	-1
11.9030020237	-1
11.9030020237	-1
11.9046518803	-1
11.9046518803	-1
11.9046518803	-1
11.9046518803	-1
11.9046518803	-1
11.9106619358	-1
11.9727730751	-1
11.9727730751	-1
12.0475599766	-1
12.059664011	-1
12.059664011	-1
12.059664011	-1
12.059664011	-1
12.1232089996	1
12.1968798637	-1
12.2179300785	-1
12.2179300785	-1
12.2179300785	-1
12.2179300785	-1
12.2179300785	-1
12.2179300785	-1
12.2179300785	-1
12.2179300785	-1
12.226790905	-1
12.226790905	-1
12.226790905	-1
12.226790905	-1
12.226790905	-1
12.226790905	-1
12.226790905	-1
12.226790905	-1
12.2347350121	-1
12.2347838879	-1
12.2347838879	-1
12.2347838879	-1
12.2347838879	-1
12.2347838879	-1
12.2347838879	-1
12.2347838879	-1
12.2424769402	-1
12.2425880432	-1
12.2425880432	-1
12.2425880432	-1
12.2425880432	-1
12.2425880432	-1
12.2437279224	1
12.2777609825	-1
12.2777609825	-1
12.2777609825	-1
12.2777609825	-1
12.2777609825	-1
12.2887790203	-1
12.2887790203	-1
12.2887790203	-1
12.2888929844	-1
12.2888929844	-1
12.2888929844	-1
12.2888929844	-1
12.2888929844	-1
12.2888929844	-1
12.2972278595	-1
12.2972278595	-1
12.2972278595	-1
12.2972278595	-1
12.2972278595	-1
12.2972278595	-1
12.2972278595	-1
12.2972278595	-1
12.2979118824	1
12.2979118824	1
12.2979118824	1
12.3045389652	-1
12.3046519756	-1
12.3046519756	-1
12.3046519756	-1
12.3046519756	-1
12.3046519756	-1
12.3046519756	-1
12.3046519756	-1
12.3285200596	-1
12.3285520077	1
12.3358550072	-1
12.3358550072	-1
12.3358550072	-1
12.3358550072	-1
12.3358550072	-1
12.3358550072	-1
12.3358550072	-1
12.3399009705	-1
12.3557269573	-1
12.3557269573	-1
12.3557269573	-1
12.3557269573	-1
12.3557269573	-1
12.3557269573	-1
12.3557269573	-1
12.3638968468	-1
12.3647940159	-1
12.3647940159	-1
12.3647940159	-1
12.3647940159	-1
12.3647940159	-1
12.3647940159	-1
12.3647940159	-1
12.3770840168	-1
12.3770840168	-1
12.3770840168	-1
12.3770840168	-1
12.3770840168	-1
12.3770840168	-1
12.3770840168	-1
12.3770840168	-1
12.4050629139	-1
12.4051089287	-1
12.4051089287	-1
12.4051089287	-1
12.4051089287	-1
12.4203770161	-1
12.4204959869	-1
12.4204959869	-1
12.4204959869	-1
12.4204959869	-1
12.4204959869	-1
12.4516699314	-1
12.4551639557	1
12.4578120708	-1
12.4578120708	-1
12.4578120708	-1
12.4578120708	-1
12.4578120708	-1
12.4578120708	-1
12.4578120708	-1
12.4756190777	-1
12.4941689968	-1
12.4941689968	-1
12.4941689968	-1
12.4941689968	-1
12.4941689968	-1
12.4941689968	-1
12.4941689968	-1
12.4941689968	-1
12.4941689968	-1
12.5308890343	-1
12.5309228897	1
12.5309228897	1
12.542345047	-1
12.542345047	-1
12.542345047	-1
12.542345047	-1
12.542345047	-1
12.542345047	-1
12.542345047	-1
12.542345047	-1
12.5426959991	-1
12.5426959991	-1
12.5426959991	-1
12.5426959991	-1
12.5426959991	-1
12.5426959991	-1
12.5426959991	-1
12.5613930225	-1
12.5613930225	-1
12.5627758503	-1
12.5627758503	-1
12.5627758503	-1
12.5627758503	-1
12.5627758503	-1
12.5627758503	-1
12.5627758503	-1
12.5817260742	-1
12.58177495	-1
12.58177495	-1
12.58177495	-1
12.58177495	-1
12.58177495	-1
12.58177495	-1
12.58177495	-1
12.5830218792	1
12.5830218792	1
12.5830218792	1
12.5893080235	1
12.5893080235	1
12.5976099968	-1
12.5995428562	-1
12.5995428562	-1
12.5995428562	-1
12.5995428562	-1
12.5995428562	-1
12.5995428562	-1
12.5995428562	-1
12.6109139919	-1
12.6109139919	-1
12.6109139919	-1
12.6109139919	-1
12.6109139919	-1
12.6109139919	-1
12.6109139919	-1
12.6109139919	-1
12.6584210396	-1
12.6597008705	-1
12.6597008705	-1
12.6597008705	-1
12.6597008705	-1
12.6597008705	-1
12.6597008705	-1
12.6597008705	-1
12.6767230034	-1
12.6767809391	-1
12.6767809391	-1
12.6767809391	-1
12.6767809391	-1
12.6767809391	-1
12.6767809391	-1
12.6767809391	-1
12.6820619106	1
12.6820619106	1
12.6941540241	-1
12.6941540241	-1
12.6941540241	-1
12.6941540241	-1
12.6941540241	-1
12.6941540241	-1
12.6941540241	-1
12.7144498825	-1
12.7146148682	-1
12.7146148682	-1
12.7146148682	-1
12.7146148682	-1
12.7146148682	-1
12.7146148682	-1
12.7146148682	-1
12.7146148682	-1
12.7148590088	-1
12.7148590088	-1
12.7148590088	-1
12.7148590088	-1
12.7148590088	-1
12.7148590088	-1
12.7261269093	-1
12.7261269093	-1
12.7261269093	-1
12.7261269093	-1
12.7261269093	-1
12.7261269093	-1
12.7261269093	-1
12.7261269093	-1
12.7261269093	-1
12.7475759983	-1
12.7475759983	-1
12.7476220131	-1
12.7476220131	-1
12.7476220131	-1
12.7476220131	-1
12.7476220131	-1
12.7476220131	-1
12.7569708824	1
12.7685358524	-1
12.7685358524	-1
12.7685358524	-1
12.7685358524	-1
12.7685358524	-1
12.7685358524	-1
12.7685358524	-1
12.7685358524	-1
12.7754769325	-1
12.7754769325	-1
12.7754769325	-1
12.7754769325	-1
12.7754769325	-1
12.7754769325	-1
12.7754769325	-1
12.7754769325	-1
12.7766709328	-1
12.7899529934	-1
12.7899529934	-1
12.7899529934	-1
12.7899529934	-1
12.7899529934	-1
12.7899529934	-1
12.7899529934	-1
12.7899529934	-1
12.7945680618	-1
12.7945680618	-1
12.7945680618	-1
12.7945680618	-1
12.7945680618	-1
12.7945680618	-1
12.7945680618	-1
12.7975978851	-1
12.7975978851	-1
12.7975978851	-1
12.7975978851	-1
12.7975978851	-1
12.7975978851	-1
12.7975978851	-1
12.7975978851	-1
12.8228690624	-1
12.8229298592	-1
12.8229298592	-1
12.8229298592	-1
12.8229298592	-1
12.8229298592	-1
12.8229298592	-1
12.8229298592	-1
12.8232140541	-1
12.8232140541	-1
12.8232140541	-1
12.8232140541	-1
12.8232140541	-1
12.8232140541	-1
12.8232140541	-1
12.8317530155	-1
12.8317918777	1
12.8317918777	1
12.8549239635	-1
12.8549239635	-1
12.8549239635	-1
12.8549239635	-1
12.8549239635	-1
12.8549239635	-1
12.8549239635	-1
12.8549239635	-1
12.8549239635	-1
12.8549239635	-1
12.855260849	-1
12.855260849	-1
12.855260849	-1
12.855260849	-1
12.855260849	-1
12.8623058796	-1
12.8623058796	-1
12.8624720573	-1
12.8624720573	-1
12.8624720573	-1
12.8624720573	-1
12.8624720573	-1
12.8624720573	-1
12.874961853	-1
12.874961853	-1
12.874961853	-1
12.874961853	-1
12.874961853	-1
12.874961853	-1
12.874961853	-1
12.8890039921	1
12.8890039921	1
12.8890039921	1
12.8927769661	-1
12.8927769661	-1
12.8927769661	-1
12.9050240517	-1
12.9050240517	-1
12.9050240517	-1
12.9050240517	-1
12.9050240517	-1
12.9050240517	-1
12.9050240517	-1
12.9052500725	-1
12.9052500725	-1
12.9052500725	-1
12.9052500725	-1
12.9052500725	-1
12.9052500725	-1
12.9052500725	-1
12.9068820477	1
12.9177598953	-1
12.9177598953	-1
12.9177598953	-1
12.9177598953	-1
12.9177598953	-1
12.9177598953	-1
12.9177598953	-1
12.9177598953	-1
12.9286139011	-1
12.9287309647	-1
12.9287309647	-1
12.9287309647	-1
12.9287309647	-1
12.9287309647	-1
12.9287309647	-1
12.9287309647	-1
12.9388389587	-1
12.9388389587	-1
12.9388389587	-1
12.9388389587	-1
12.9388389587	-1
12.9388389587	-1
12.9388389587	-1
12.9388389587	-1
12.9496049881	-1
12.9496529102	-1
12.9496529102	-1
12.9496529102	-1
12.9496529102	-1
12.9496529102	-1
12.9496529102	-1
12.9496529102	-1
12.9603979588	-1
12.9607880116	-1
12.9607880116	-1
12.9607880116	-1
12.9607880116	-1
12.9607880116	-1
12.9607880116	-1
12.9719378948	-1
12.9719378948	-1
12.9743249416	-1
12.9743249416	-1
12.9743249416	-1
12.9743249416	-1
12.9743249416	-1
12.9743249416	-1
12.9743249416	-1
12.9743249416	-1
12.9815449715	1
12.9815449715	1
12.9967288971	-1
12.9967288971	-1
12.9967288971	-1
12.9967288971	-1
12.9967288971	-1
12.9967288971	-1
12.9967288971	-1
13.0046958923	-1
13.0048129559	-1
13.0048129559	-1
13.0048129559	-1
13.0048129559	-1
13.0048129559	-1
13.0048129559	-1
13.0223238468	-1
13.0223238468	-1
13.0223238468	-1
13.0223238468	-1
13.0223238468	-1
13.0223238468	-1
13.0223238468	-1
13.0223238468	-1
13.0444250107	-1
13.0444250107	-1
13.0444250107	-1
13.0445458889	-1
13.0445458889	-1
13.0445458889	-1
13.0445458889	-1
13.0445458889	-1
13.0445458889	-1
13.0566620827	-1
13.0566620827	-1
13.0566620827	-1
13.0566620827	-1
13.0566620827	-1
13.0566620827	-1
13.0566620827	-1
13.0566620827	-1
13.0570189953	-1
13.0570189953	-1
13.0570189953	-1
13.0570189953	-1
13.0570189953	-1
13.0570189953	-1
13.0570189953	-1
13.0572919846	1
13.0854949951	-1
13.0854949951	-1
13.0854949951	-1
13.0854949951	-1
13.0854949951	-1
13.0854949951	-1
13.0854949951	-1
13.0854949951	-1
13.0854949951	-1
13.0982189178	-1
13.0982189178	-1
13.0982189178	-1
13.0982189178	-1
13.0982189178	-1
13.0982189178	-1
13.0982189178	-1
13.0982189178	-1
13.0997769833	1
13.0997769833	1
13.0997769833	1
13.1040129662	-1
13.1040129662	-1
13.1040129662	-1
13.1040129662	-1
13.1040129662	-1
13.1040129662	-1
13.1040129662	-1
13.1040129662	-1
13.1115510464	-1
13.1115510464	-1
13.1115510464	-1
13.1115510464	-1
13.1115510464	-1
13.1115510464	-1
13.1115510464	-1
13.1115510464	-1
13.1118998528	-1
13.1118998528	-1
13.1118998528	-1
13.1118998528	-1
13.1118998528	-1
13.1118998528	-1
13.1118998528	-1
13.1293370724	-1
13.1316699982	-1
13.1316699982	-1
13.1316699982	-1
13.1316699982	-1
13.1316699982	-1
13.1316699982	-1
13.1316699982	-1
13.1321179867	1
13.1473860741	-1
13.1473860741	-1
13.1473860741	-1
13.1473860741	-1
13.1473860741	-1
13.1473860741	-1
13.1473860741	-1
13.1473860741	-1
13.1785409451	-1
13.1785409451	-1
13.1785409451	-1
13.1785409451	-1
13.1785409451	-1
13.1785409451	-1
13.1785409451	-1
13.1785409451	-1
13.1931080818	-1
13.1935479641	-1
13.1935479641	-1
13.1935479641	-1
13.1935479641	-1
13.1935479641	-1
13.1935479641	-1
13.1935479641	-1
13.2069339752	1
13.2069339752	1
13.2077560425	-1
13.2077560425	-1
13.2077560425	-1
13.2077560425	-1
13.2077560425	-1
13.2077560425	-1
13.2077560425	-1
13.2077560425	-1
13.2177190781	-1
13.2312679291	-1
13.2312679291	-1
13.2312679291	-1
13.2312679291	-1
13.2312679291	-1
13.2312679291	-1
13.2312679291	-1
13.2456629276	-1
13.26029706	-1
13.26029706	-1
13.26029706	-1
13.26029706	-1
13.26029706	-1
13.26029706	-1
13.26029706	-1
13.2809090614	-1
13.2810130119	-1
13.2810130119	-1
13.2810130119	-1
13.2810130119	-1
13.2810130119	-1
13.2810130119	-1
13.2810130119	-1
13.2812578678	-1
13.2812578678	-1
13.2812578678	-1
13.2812578678	-1
13.2812578678	-1
13.2812578678	-1
13.2812578678	-1
13.2816648483	1
13.2991149426	-1
13.2991149426	-1
13.2991149426	-1
13.2991149426	-1
13.2991149426	-1
13.2991149426	-1
13.2991149426	-1
13.2991149426	-1
13.3153128624	-1
13.3154170513	-1
13.3154170513	-1
13.3154170513	-1
13.3154170513	-1
13.3154170513	-1
13.3154170513	-1
13.3154170513	-1
13.3175439835	-1
13.3269369602	-1
13.3269369602	-1
13.3269369602	-1
13.3269369602	-1
13.3269369602	-1
13.3269369602	-1
13.3269369602	-1
13.3383939266	-1
13.3485920429	-1
13.3485920429	-1
13.3485920429	-1
13.3485920429	-1
13.3485920429	-1
13.3485920429	-1
13.3485920429	-1
13.351804018	-1
13.3525009155	-1
13.3525009155	-1
13.3525009155	-1
13.3525009155	-1
13.3525009155	-1
13.3525009155	-1
13.3563029766	1
13.3563029766	1
13.3626990318	-1
13.3626990318	-1
13.3626990318	-1
13.3626990318	-1
13.3626990318	-1
13.3626990318	-1
13.3626990318	-1
13.3626990318	-1
13.3626990318	-1
13.3822789192	-1
13.3822789192	-1
13.3837609291	-1
13.3837609291	-1
13.3837609291	-1
13.3837609291	-1
13.3837609291	-1
13.3837609291	-1
13.3982639313	-1
13.3982639313	-1
13.3982639313	-1
13.3982639313	-1
13.3982639313	-1
13.3982639313	-1
13.3982639313	-1
13.3982639313	-1
13.4076330662	-1
13.4076330662	-1
13.4076330662	-1
13.4076330662	-1
13.4076330662	-1
13.4076330662	-1
13.4076330662	-1
13.4076330662	-1
13.4208190441	-1
13.4208190441	-1
13.4208190441	-1
13.4208190441	-1
13.4208190441	-1
13.4208190441	-1
13.4208190441	-1
13.4208190441	-1
13.4313340187	1
13.449837923	-1
13.449837923	-1
13.449837923	-1
13.449837923	-1
13.449837923	-1
13.449837923	-1
13.449837923	-1
13.449837923	-1
13.4832429886	-1
13.4832429886	-1
13.4832429886	-1
13.4832429886	-1
13.4832429886	-1
13.4832429886	-1
13.4832429886	-1
13.4832429886	-1
13.4832429886	-1
13.4897699356	-1
13.4897699356	-1
13.4897699356	-1
13.4897699356	-1
13.4897699356	-1
13.5059790611	1
13.5059790611	1
13.5183238983	-1
13.5183238983	-1
13.5183238983	-1
13.5183238983	-1
13.5183238983	-1
13.5183238983	-1
13.5183238983	-1
13.5336139202	-1
13.5337190628	-1
13.5337190628	-1
13.5337190628	-1
13.5337190628	-1
13.5337190628	-1
13.5337190628	-1
13.5551390648	-1
13.5551390648	-1
13.5551390648	-1
13.5551390648	-1
13.5551390648	-1
13.5551390648	-1
13.5551390648	-1
13.5551390648	-1
13.5551390648	-1
13.5554878712	-1
13.5554878712	-1
13.5554878712	-1
13.5554878712	-1
13.5554878712	-1
13.5554878712	-1
13.5554878712	-1
13.5809590816	-1
13.5809919834	1
13.5901758671	-1
13.5901758671	-1
13.5901758671	-1
13.5901758671	-1
13.5901758671	-1
13.5901758671	-1
13.5901758671	-1
13.5901758671	-1
13.5904040337	-1
13.5904040337	-1
13.5904040337	-1
13.5904040337	-1
13.5904040337	-1
13.5904040337	-1
13.640392065	-1
13.640392065	-1
13.640392065	-1
13.6418578625	-1
13.6418578625	-1
13.6418578625	-1
13.6418578625	-1
13.6418578625	-1
13.6418578625	-1
13.6418578625	-1
13.6465950012	-1
13.6465950012	-1
13.6465950012	-1
13.6465950012	-1
13.6465950012	-1
13.6465950012	-1
13.6465950012	-1
13.655933857	-1
13.6559660435	1
13.6566910744	-1
13.6566910744	-1
13.6566910744	-1
13.6566910744	-1
13.6566910744	-1
13.6566910744	-1
13.6566910744	-1
13.669039011	-1
13.669039011	-1
13.669039011	-1
13.669039011	-1
13.669039011	-1
13.669039011	-1
13.669039011	-1
13.669039011	-1
13.6719539165	1
13.6719539165	1
13.6719539165	1
13.6719539165	1
13.7259709835	-1
13.7259709835	-1
13.7326118946	-1
13.7326118946	-1
13.7326118946	-1
13.7326118946	-1
13.7326118946	-1
13.7326118946	-1
13.7326118946	-1
13.7370278835	-1
13.7370278835	-1
13.7370278835	-1
13.7370278835	-1
13.7370278835	-1
13.7370278835	-1
13.7370278835	-1
13.7462849617	-1
13.7462849617	-1
13.7462849617	-1
13.7462849617	-1
13.7462849617	-1
13.7462849617	-1
13.7462849617	-1
13.7462849617	-1
13.7539298534	-1
13.7539298534	-1
13.7539298534	-1
13.7539298534	-1
13.7539298534	-1
13.7539298534	-1
13.7539298534	-1
13.7539298534	-1
13.7692620754	-1
13.7806899548	-1
13.7806899548	-1
13.7806899548	-1
13.7806899548	-1
13.7806899548	-1
13.7806899548	-1
13.7806899548	-1
13.7806899548	-1
13.7813298702	-1
13.7813298702	-1
13.7813298702	-1
13.7813298702	-1
13.7813298702	-1
13.7813298702	-1
13.7813298702	-1
13.7964160442	-1
13.7965219021	-1
13.7965219021	-1
13.7965219021	-1
13.7965219021	-1
13.7965219021	-1
13.7965219021	-1
13.7965219021	-1
13.8055410385	1
13.8055410385	1
13.8145830631	-1
13.8145830631	-1
13.8145830631	-1
13.8145830631	-1
13.8145830631	-1
13.8145830631	-1
13.8145830631	-1
13.8323838711	-1
13.8323838711	-1
13.8323838711	-1
13.8323838711	-1
13.8323838711	-1
13.8323838711	-1
13.8323838711	-1
13.8323838711	-1
13.8699550629	-1
13.8699550629	-1
13.8802750111	1
13.8840239048	-1
13.8840239048	-1
13.8840239048	-1
13.8840239048	-1
13.8840239048	-1
13.8840239048	-1
13.8840239048	-1
13.8974380493	-1
13.8975429535	-1
13.8975429535	-1
13.8975429535	-1
13.8975429535	-1
13.8975429535	-1
13.8975429535	-1
13.8975429535	-1
13.8978290558	-1
13.8978290558	-1
13.8978290558	-1
13.8978290558	-1
13.8978290558	-1
13.8978290558	-1
13.8978290558	-1
13.9127378464	-1
13.9127378464	-1
13.9127378464	-1
13.9127378464	-1
13.9127378464	-1
13.9127378464	-1
13.9127378464	-1
13.9127378464	-1
13.9243459702	-1
13.9369568825	-1
13.9369568825	-1
13.9369568825	-1
13.9369568825	-1
13.9369568825	-1
13.9369568825	-1
13.9369568825	-1
13.9369568825	-1
13.9703428745	-1
13.9703428745	-1
13.9703428745	-1
13.9703428745	-1
13.9703428745	-1
13.9703428745	-1
13.9703428745	-1
13.9703428745	-1
13.9705889225	-1
13.9705889225	-1
13.9717209339	1
14.0074739456	-1
14.0315749645	-1
14.0315749645	-1
14.0315749645	-1
14.0315749645	-1
14.0315749645	-1
14.0315749645	-1
14.0315749645	-1
14.0315749645	-1
14.0440850258	-1
14.0440850258	-1
14.0440850258	-1
14.0440850258	-1
14.0440850258	-1
14.0440850258	-1
14.0440850258	-1
14.0610928535	-1
14.0610928535	-1
14.0610928535	-1
14.0610928535	-1
14.0610928535	-1
14.0610928535	-1
14.0610928535	-1
14.0610928535	-1
14.0611228943	1
14.0611228943	1
14.0724389553	-1
14.0809679031	-1
14.0809679031	-1
14.0809679031	-1
14.0809679031	-1
14.0809679031	-1
14.0809679031	-1
14.0809679031	-1
14.0809679031	-1
14.0990488529	-1
14.0990488529	-1
14.0992798805	-1
14.0992798805	-1
14.0992798805	-1
14.0992798805	-1
14.0992798805	-1
14.0992798805	-1
14.0995230675	-1
14.0995230675	-1
14.0995230675	-1
14.0995230675	-1
14.0995230675	-1
14.0995230675	-1
14.0995230675	-1
14.1159648895	-1
14.1367120743	-1
14.1367120743	-1
14.1375348568	1
14.2124929428	-1
14.2124929428	-1
14.2124929428	-1
14.2572698593	1
14.2597160339	-1
14.2597160339	-1
14.2597160339	-1
14.2597160339	-1
14.2597160339	-1
14.2597160339	-1
14.2597160339	-1
14.2597160339	-1
14.2727129459	-1
14.2727129459	-1
14.2727129459	-1
14.2727129459	-1
14.2727129459	-1
14.2727129459	-1
14.2727129459	-1
14.2727129459	-1
14.2729589939	-1
14.2729589939	-1
14.2729589939	-1
14.2729589939	-1
14.2729589939	-1
14.2729589939	-1
14.2729589939	-1
14.2855348587	-1
14.2855348587	-1
14.2855348587	-1
14.2855348587	-1
14.2855348587	-1
14.2855348587	-1
14.2855348587	-1
14.2855348587	-1
14.3166480064	-1
14.3166480064	-1
14.3166480064	-1
14.3166480064	-1
14.3166480064	-1
14.3166480064	-1
14.3166480064	-1
14.3166480064	-1
14.3166480064	-1
14.3378908634	-1
14.3378908634	-1
14.3378908634	-1
14.3378908634	-1
14.3378908634	-1
14.3378908634	-1
14.3378908634	-1
14.3378908634	-1
14.3382430077	-1
14.3382430077	-1
14.339951992	1
14.3631629944	-1
14.3848319054	-1
14.3848319054	-1
14.3848319054	-1
14.3848319054	-1
14.3848319054	-1
14.3848319054	-1
14.3848319054	-1
14.3850579262	-1
14.3850579262	-1
14.3850579262	-1
14.3850579262	-1
14.3850579262	-1
14.3850579262	-1
14.3850579262	-1
14.4028909206	-1
14.4028909206	-1
14.4028909206	-1
14.4028909206	-1
14.4028909206	-1
14.4028909206	-1
14.4028909206	-1
14.4028909206	-1
14.415997982	-1
14.415997982	-1
14.415997982	-1
14.415997982	-1
14.415997982	-1
14.415997982	-1
14.415997982	-1
14.415997982	-1
14.4160299301	1
14.4296190739	-1
14.4596779346	-1
14.4603378773	-1
14.4603378773	-1
14.4603378773	-1
14.4603378773	-1
14.4603378773	-1
14.4603378773	-1
14.4603378773	-1
14.4808418751	-1
14.4808418751	-1
14.4808418751	-1
14.4808418751	-1
14.4808418751	-1
14.4808418751	-1
14.4808418751	-1
14.4808418751	-1
14.5042200089	-1
14.5042200089	-1
14.5042200089	-1
14.524105072	-1
14.5249300003	1
14.5349578857	-1
14.5379080772	-1
14.5379080772	-1
14.5379080772	-1
14.5379080772	-1
14.5379080772	-1
14.5379080772	-1
14.5379080772	-1
14.5404670238	-1
14.540514946	-1
14.540514946	-1
14.540514946	-1
14.540514946	-1
14.540514946	-1
14.540514946	-1
14.540514946	-1
14.5631170273	-1
14.5631170273	-1
14.5631170273	-1
14.5631170273	-1
14.5631170273	-1
14.5631170273	-1
14.5631170273	-1
14.5631170273	-1
14.576310873	-1
14.576310873	-1
14.576310873	-1
14.576310873	-1
14.576310873	-1
14.576310873	-1
14.576310873	-1
14.576310873	-1
14.607542038	-1
14.607542038	-1
14.6075539589	1
14.6075730324	-1
14.6075730324	-1
14.6075730324	-1
14.6075730324	-1
14.6075730324	-1
14.6075730324	-1
14.6505069733	-1
14.6505069733	-1
14.6505069733	-1
14.6505069733	-1
14.6505069733	-1
14.674093008	-1
14.6849479675	-1
14.6849479675	-1
14.6849880219	1
14.6851520538	-1
14.6851520538	-1
14.6851520538	-1
14.6851520538	-1
14.6851520538	-1
14.6851520538	-1
14.7052218914	-1
14.7052218914	-1
14.7052218914	-1
14.7052218914	-1
14.7052218914	-1
14.7108500004	-1
14.7108500004	-1
14.7108500004	-1
14.7108500004	-1
14.7108500004	-1
14.7108500004	-1
14.7108500004	-1
14.7321059704	-1
14.7321059704	-1
14.7321059704	-1
14.7321059704	-1
14.764177084	-1
14.764177084	-1
14.7642109394	1
14.7720599174	1
14.7720599174	1
14.7720599174	1
14.7868058681	-1
14.7868058681	-1
14.7868058681	-1
14.806773901	-1
14.8153350353	-1
14.8153350353	-1
14.8153350353	-1
14.8153350353	-1
14.8153350353	-1
14.8153350353	-1
14.8153350353	-1
14.826677084	-1
14.8267838955	-1
14.8267838955	-1
14.8267838955	-1
14.8267838955	-1
14.8267838955	-1
14.8267838955	-1
14.8267838955	-1
14.836840868	-1
14.836840868	-1
14.836840868	-1
14.836840868	-1
14.836840868	-1
14.836840868	-1
14.836840868	-1
14.836840868	-1
14.8467540741	1
14.8734240532	-1
14.8734240532	-1
14.8734240532	-1
14.8734240532	-1
14.8734240532	-1
14.8734240532	-1
14.8734240532	-1
14.8734240532	-1
14.8819789886	-1
14.9124648571	-1
14.9124648571	-1
14.9124648571	-1
14.9527459145	-1
14.9527459145	-1
14.9527459145	-1
14.9527459145	-1
14.9527459145	-1
14.9527459145	-1
14.9527459145	-1
14.9532370567	-1
14.9871659279	-1
14.9912240505	-1
14.9912240505	-1
14.9912240505	-1
14.9912240505	-1
14.9912240505	-1
14.9912240505	-1
14.9912240505	-1
15.0067448616	-1
15.0068509579	-1
15.0068509579	-1
15.0068509579	-1
15.0068509579	-1
15.0068509579	-1
15.0068509579	-1
15.0068509579	-1
15.0219268799	-1
15.0219268799	-1
15.0219268799	-1
15.0219268799	-1
15.0219268799	-1
15.0219268799	-1
15.0219268799	-1
15.0219268799	-1
15.0233359337	1
15.0533840656	-1
15.0533840656	-1
15.0533840656	-1
15.0533840656	-1
15.0533840656	-1
15.0533840656	-1
15.0533840656	-1
15.0533840656	-1
15.0590388775	-1
15.0590388775	-1
15.0590388775	-1
15.0590388775	-1
15.0590388775	-1
15.0590388775	-1
15.0590388775	-1
15.1003420353	-1
15.1003420353	-1
15.1003420353	-1
15.1003420353	-1
15.1003420353	-1
15.1003670692	1
15.1142399311	-1
15.1272158623	-1
15.1272158623	-1
15.1272158623	-1
15.1272158623	-1
15.1272158623	-1
15.1272158623	-1
15.1272158623	-1
15.1410088539	-1
15.1410660744	-1
15.1410660744	-1
15.1410660744	-1
15.1410660744	-1
15.1410660744	-1
15.1410660744	-1
15.1410660744	-1
15.2147350311	1
15.2147350311	1
15.2551529408	-1
15.2551529408	-1
15.2551529408	-1
15.2551529408	-1
15.2551529408	-1
15.2767169476	-1
15.4262530804	-1
15.4266419411	-1
15.4266419411	-1
15.4266419411	-1
15.4266419411	-1
15.4266419411	-1
15.4266419411	-1
15.5009360313	-1
15.597329855	-1
15.7688610554	-1
15.8947398663	-1
15.9811420441	-1
15.9811420441	-1
15.9811420441	-1
15.9811420441	-1
15.9811420441	-1
15.9811420441	-1
15.9811420441	-1
15.9811420441	-1
16.0081939697	-1
16.0092070103	-1
16.0092070103	-1
16.0092070103	-1
16.0092070103	-1
16.0092070103	-1
16.0092070103	-1
16.0092070103	-1
16.0546169281	-1
16.0546169281	-1
16.0546169281	-1
16.0546169281	-1
16.0546169281	-1
16.262501955	1
16.2625648975	1
16.2625648975	1
16.2625648975	1
16.2625648975	1
16.2628099918	1
16.2628099918	1
16.2631309032	1
16.2631309032	1
16.2640528679	1
16.2640528679	1
16.2640528679	1
16.2645599842	1
16.2645599842	1
16.2661240101	1
16.2661240101	1
16.2661240101	1
16.2663910389	1
16.2663910389	1
16.2668478489	1
16.2668478489	1
16.2668478489	1
16.3373959064	1
16.6610529423	-1
16.8586900234	-1
