0.0	1
0.249763011932	1
0.28426194191	-1
0.365670919418	1
0.560621023178	-1
0.562268018723	1
0.638319969177	1
0.638319969177	1
0.638319969177	1
0.678165912628	1
0.694715023041	-1
0.776989936829	-1
0.776989936829	-1
0.776989936829	-1
0.776989936829	-1
0.776989936829	-1
0.776989936829	-1
0.776989936829	-1
0.776989936829	-1
0.886124134064	1
0.971732139587	-1
0.973247051239	1
0.973247051239	1
0.973247051239	1
1.08954405785	-1
1.21674108505	1
1.23791193962	-1
1.23791193962	-1
1.23791193962	-1
1.33604192734	1
1.33604192734	1
1.35376906395	-1
1.35376906395	-1
1.35376906395	-1
1.3694050312	-1
1.3694050312	-1
1.3694050312	-1
1.3694050312	-1
1.3694050312	-1
1.3694050312	-1
1.3694050312	-1
1.47534394264	1
1.50257992744	-1
1.50257992744	-1
1.50257992744	-1
1.50732111931	-1
1.50732111931	-1
1.50732111931	-1
1.50732111931	-1
1.50732111931	-1
1.50732111931	-1
1.59157896042	1
1.6789700985	-1
1.6789700985	-1
1.6789700985	-1
1.6789700985	-1
1.6789700985	-1
1.6789700985	-1
1.6789700985	-1
1.6789700985	-1
1.6789700985	-1
1.72257900238	-1
1.72257900238	-1
1.72257900238	-1
1.72257900238	-1
1.72257900238	-1
1.72257900238	-1
1.74172997475	1
1.75857496262	-1
1.75857496262	-1
1.76443791389	1
1.76443791389	1
1.76443791389	1
1.7656109333	1
1.7656109333	1
1.7656109333	1
1.77967905998	-1
1.77967905998	-1
1.77967905998	-1
1.77977895737	-1
1.77977895737	-1
1.77977895737	-1
1.77977895737	-1
1.78296613693	1
1.78296613693	1
1.79087710381	-1
1.8106379509	-1
1.8106379509	-1
1.81074810028	-1
1.81074810028	-1
1.81074810028	-1
1.81074810028	-1
1.81074810028	-1
1.81074810028	-1
1.83886504173	-1
1.83886504173	-1
1.83886504173	-1
1.83886504173	-1
1.88100409508	-1
1.88100409508	-1
1.88100409508	-1
1.88105010986	1
1.88329792023	-1
1.88329792023	-1
1.88329792023	-1
1.88329792023	-1
1.91794610023	-1
2.03127503395	-1
2.03127503395	-1
2.03127503395	-1
2.03127503395	-1
2.03127503395	-1
2.03127503395	-1
2.03130912781	1
2.03727602959	-1
2.03727602959	-1
2.03930807114	1
2.03930807114	1
2.03930807114	1
2.04070091248	1
2.04070091248	1
2.05118107796	-1
2.05118107796	-1
2.05118107796	-1
2.05295991898	1
2.05295991898	1
2.05295991898	1
2.10663700104	-1
2.10663700104	-1
2.16237092018	1
2.24735713005	-1
2.24735713005	-1
2.28924107552	1
2.32328104973	-1
2.32328104973	-1
2.32328104973	-1
2.33407306671	-1
2.33407306671	-1
2.33407306671	-1
2.35090613365	-1
2.35090613365	-1
2.38286304474	-1
2.38286304474	-1
2.38286304474	-1
2.38286304474	-1
2.38286304474	-1
2.38286304474	-1
2.40474700928	-1
2.40474700928	-1
2.40532803535	1
2.42238497734	1
2.42238497734	1
2.42238497734	1
2.42271900177	1
2.42271900177	1
2.42546105385	1
2.42546105385	1
2.42546105385	1
2.43984413147	-1
2.43984413147	-1
2.43984413147	-1
2.43984413147	-1
2.43984413147	-1
2.43984413147	-1
2.46046614647	-1
2.46046614647	-1
2.46982812881	-1
2.46982812881	-1
2.46982812881	-1
2.46982812881	-1
2.46982812881	-1
2.46982812881	-1
2.46982812881	-1
2.47969412804	-1
2.50276398659	1
2.50276398659	1
2.50663805008	-1
2.50663805008	-1
2.50663805008	-1
2.51887011528	-1
2.51887011528	-1
2.51887011528	-1
2.52161097527	1
2.54387402534	-1
2.54387402534	-1
2.54387402534	-1
2.54387402534	-1
2.55680608749	-1
2.55680608749	-1
2.56817102432	-1
2.56817102432	-1
2.57267999649	-1
2.57267999649	-1
2.57267999649	-1
2.57267999649	-1
2.57267999649	-1
2.57267999649	-1
2.58589601517	-1
2.58589601517	-1
2.58589601517	-1
2.58589601517	-1
2.58589601517	-1
2.60234904289	-1
2.60234904289	-1
2.60234904289	-1
2.60234904289	-1
2.60234904289	-1
2.62893295288	-1
2.62893295288	-1
2.62893295288	-1
2.62893295288	-1
2.62893295288	-1
2.62893295288	-1
2.62893295288	-1
2.62893295288	-1
2.637830019	-1
2.64667010307	-1
2.64667010307	-1
2.64667010307	-1
2.65787696838	1
2.68610310555	-1
2.68610310555	-1
2.68610310555	-1
2.68610310555	-1
2.69509100914	-1
2.71098899841	-1
2.71098899841	-1
2.71098899841	-1
2.71098899841	-1
2.71621012688	-1
2.72216701508	-1
2.72216701508	-1
2.72216701508	-1
2.72216701508	-1
2.72216701508	-1
2.72216701508	-1
2.72216701508	-1
2.72648692131	-1
2.72648692131	-1
2.72648692131	-1
2.72648692131	-1
2.72648692131	-1
2.72648692131	-1
2.72648692131	-1
2.74505496025	-1
2.74505496025	-1
2.74505496025	-1
2.74505496025	-1
2.74505496025	-1
2.74505496025	-1
2.74505496025	-1
2.74726891518	-1
2.74726891518	-1
2.74726891518	-1
2.74726891518	-1
2.74726891518	-1
2.74726891518	-1
2.74726891518	-1
2.76202201843	-1
2.76202201843	-1
2.76202201843	-1
2.76202201843	-1
2.76202201843	-1
2.76202201843	-1
2.76202201843	-1
2.76202201843	-1
2.76281905174	-1
2.76281905174	-1
2.77366995811	-1
2.77366995811	-1
2.77366995811	-1
2.77366995811	-1
2.77366995811	-1
2.77366995811	-1
2.7739109993	-1
2.7739109993	-1
2.7739109993	-1
2.7739109993	-1
2.78421211243	-1
2.78422403336	1
2.78433394432	-1
2.78433394432	-1
2.78433394432	-1
2.80103302002	-1
2.80103302002	-1
2.80103302002	-1
2.81754398346	-1
2.81754398346	-1
2.81765198708	-1
2.81765198708	-1
2.81765198708	-1
2.81777596474	-1
2.81777596474	-1
2.8261859417	1
2.8261859417	1
2.8261859417	1
2.83863306046	-1
2.83863306046	-1
2.85204195976	-1
2.85204195976	-1
2.85204195976	-1
2.85214400291	-1
2.85214400291	-1
2.8540289402	1
2.8540289402	1
2.86476302147	-1
2.86476302147	-1
2.86476302147	-1
2.8720331192	-1
2.8720331192	-1
2.87885093689	-1
2.933852911	1
2.933852911	1
3.0351600647	-1
3.05977392197	-1
3.05977392197	-1
3.05977392197	-1
3.06348013878	-1
3.06348013878	-1
3.06348013878	-1
3.06348013878	-1
3.06348013878	-1
3.06348013878	-1
3.0740480423	-1
3.0740480423	-1
3.0740480423	-1
3.0740480423	-1
3.0740480423	-1
3.0740480423	-1
3.14060497284	-1
3.17599391937	-1
3.17599391937	-1
3.17599391937	-1
3.19314312935	-1
3.19314312935	-1
3.19314312935	-1
3.20469713211	-1
3.20469713211	-1
3.20469713211	-1
3.20469713211	-1
3.20469713211	-1
3.25209093094	-1
3.25209093094	-1
3.26284193993	-1
3.26284193993	-1
3.26284193993	-1
3.26789999008	-1
3.26789999008	-1
3.26789999008	-1
3.26789999008	-1
3.28149414062	-1
3.28149414062	-1
3.28149414062	-1
3.28149414062	-1
3.28149414062	-1
3.28149414062	-1
3.28823208809	-1
3.28823208809	-1
3.28823208809	-1
3.29400706291	-1
3.33875513077	-1
3.33875513077	-1
3.33875513077	-1
3.33961009979	1
3.34477710724	-1
3.34477710724	-1
3.34477710724	-1
3.34477710724	-1
3.34477710724	-1
3.35501599312	-1
3.35501599312	-1
3.35501599312	-1
3.36338210106	-1
3.36338210106	-1
3.37735795975	-1
3.37735795975	-1
3.39007496834	-1
3.39007496834	-1
3.39007496834	-1
3.39007496834	-1
3.39007496834	-1
3.42709994316	-1
3.43735909462	-1
3.43735909462	-1
3.44970703125	-1
3.44970703125	-1
3.44970703125	-1
3.46047902107	-1
3.46047902107	-1
3.46047902107	-1
3.47558403015	-1
3.47558403015	-1
3.47558403015	-1
3.48892307281	-1
3.49567699432	-1
3.49567699432	-1
3.49567699432	-1
3.49931502342	-1
3.5167350769	-1
3.5167350769	-1
3.5167350769	-1
3.52369809151	-1
3.52369809151	-1
3.52369809151	-1
3.52369809151	-1
3.52369809151	-1
3.52369809151	-1
3.52369809151	-1
3.52974009514	-1
3.52974009514	-1
3.52974009514	-1
3.52974009514	-1
3.52974009514	-1
3.52974009514	-1
3.52974009514	-1
3.54307103157	-1
3.54307103157	-1
3.54307103157	-1
3.54307103157	-1
3.54307103157	-1
3.54307103157	-1
3.54307103157	-1
3.54307103157	-1
3.54440307617	1
3.5547440052	-1
3.5547440052	-1
3.57665801048	-1
3.57665801048	-1
3.57665801048	-1
3.57665801048	-1
3.62332701683	-1
3.63304114342	-1
3.63304114342	-1
3.64820814133	-1
3.64820814133	-1
3.64820814133	-1
3.68753194809	-1
3.68753194809	-1
3.68753194809	-1
3.68753194809	-1
3.6988940239	-1
3.70648813248	-1
3.70648813248	-1
3.70648813248	-1
3.7704000473	1
3.82578706741	1
3.82578706741	1
3.82578706741	1
3.86417603493	1
3.86417603493	1
3.92478609085	1
3.92478609085	1
4.02754712105	-1
4.03027105331	1
4.03027105331	1
4.03027105331	1
4.11585903168	-1
4.11585903168	-1
4.11585903168	-1
4.12699007988	-1
4.12699007988	-1
4.12863993645	1
4.12863993645	1
4.12863993645	1
4.13320302963	-1
4.13320302963	-1
4.13320302963	-1
4.13320302963	-1
4.13320302963	-1
4.13320302963	-1
4.13320302963	-1
4.13958597183	-1
4.13958597183	-1
4.13958597183	-1
4.13958597183	-1
4.13958597183	-1
4.13958597183	-1
4.13958597183	-1
4.15556406975	-1
4.15556406975	-1
4.15556406975	-1
4.15556406975	-1
4.15556406975	-1
4.15556406975	-1
4.15556406975	-1
4.15556406975	-1
4.1617269516	-1
4.1617269516	-1
4.16697096825	-1
4.1720290184	-1
4.1720290184	-1
4.1720290184	-1
4.1720290184	-1
4.1720290184	-1
4.1720290184	-1
4.1720290184	-1
4.17604207993	-1
4.17604207993	-1
4.17604207993	-1
4.17604207993	-1
4.17604207993	-1
4.17604207993	-1
4.17604207993	-1
4.17718696594	1
4.17718696594	1
4.18718194962	-1
4.18718194962	-1
4.18718194962	-1
4.18718194962	-1
4.18718194962	-1
4.18718194962	-1
4.18718194962	-1
4.18718194962	-1
4.19724607468	-1
4.19724607468	-1
4.19724607468	-1
4.19724607468	-1
4.19724607468	-1
4.21014308929	-1
4.21026301384	-1
4.21026301384	-1
4.21239805222	1
4.21239805222	1
4.21239805222	1
4.24289512634	1
4.2628121376	-1
4.2628121376	-1
4.26499199867	1
4.26499199867	1
4.26499199867	1
4.38120007515	-1
4.41023898125	-1
4.41023898125	-1
4.41023898125	-1
4.43385004997	-1
4.43385004997	-1
4.45727992058	1
4.45727992058	1
4.45727992058	1
4.47495794296	-1
4.47495794296	-1
4.47495794296	-1
4.47644114494	1
4.47644114494	1
4.49444794655	-1
4.49444794655	-1
4.49826812744	1
4.49826812744	1
4.50363111496	-1
4.50363111496	-1
4.50363111496	-1
4.50363111496	-1
4.50363111496	-1
4.50363111496	-1
4.50363111496	-1
4.51119709015	-1
4.51119709015	-1
4.51119709015	-1
4.51119709015	-1
4.51119709015	-1
4.51119709015	-1
4.51119709015	-1
4.51950192451	-1
4.51950192451	-1
4.51950192451	-1
4.51950192451	-1
4.51950192451	-1
4.51950192451	-1
4.51950192451	-1
4.53472709656	-1
4.5432369709	-1
4.5432369709	-1
4.5432369709	-1
4.5432369709	-1
4.5432369709	-1
4.5432369709	-1
4.5432369709	-1
4.5432369709	-1
4.55514407158	-1
4.58379507065	-1
4.58379507065	-1
4.58379507065	-1
4.58379507065	-1
4.58379507065	-1
4.58379507065	-1
4.58379507065	-1
4.58379507065	-1
4.59499502182	-1
4.59499502182	-1
4.59499502182	-1
4.59499502182	-1
4.59499502182	-1
4.59499502182	-1
4.59499502182	-1
4.60760211945	-1
4.61457300186	1
4.63491392136	-1
4.63491392136	-1
4.63491392136	-1
4.63491392136	-1
4.63491392136	-1
4.63491392136	-1
4.63491392136	-1
4.63491392136	-1
4.6464381218	-1
4.6464381218	-1
4.6464381218	-1
4.6464381218	-1
4.6464381218	-1
4.6464381218	-1
4.6464381218	-1
4.6464381218	-1
4.65424108505	-1
4.68794107437	-1
4.68794107437	-1
4.69668793678	-1
4.69668793678	-1
4.69668793678	-1
4.69668793678	-1
4.71283698082	-1
4.71467113495	1
4.71467113495	1
4.71467113495	1
4.72641611099	-1
4.72641611099	-1
4.72641611099	-1
4.7282409668	1
4.7282409668	1
4.73097395897	1
4.74720191956	-1
4.74720191956	-1
4.74720191956	-1
4.74720191956	-1
4.74720191956	-1
4.75131297112	-1
4.75960993767	-1
4.75960993767	-1
4.76273202896	1
4.76273202896	1
4.76273202896	1
4.77083110809	-1
4.77083110809	-1
4.77083110809	-1
4.782736063	-1
4.782736063	-1
4.782736063	-1
4.782736063	-1
4.782736063	-1
4.782736063	-1
4.80280303955	1
4.80280303955	1
4.8046040535	-1
4.8046040535	-1
4.81609392166	-1
4.81609392166	-1
4.84217405319	-1
4.84217405319	-1
4.84217405319	-1
4.84763002396	1
4.86116909981	-1
4.86116909981	-1
4.86116909981	-1
4.87365007401	-1
4.87365007401	-1
4.8792719841	-1
4.8792719841	-1
4.8792719841	-1
4.8928809166	-1
4.8928809166	-1
4.8928809166	-1
4.94854307175	-1
4.94854307175	-1
4.95068097115	1
4.95068097115	1
4.95068097115	1
4.95930194855	-1
4.95930194855	-1
4.95930194855	-1
4.95930194855	-1
4.95930194855	-1
4.95930194855	-1
4.95930194855	-1
4.96300697327	-1
4.9678299427	-1
4.9678299427	-1
4.9678299427	-1
4.9678299427	-1
4.9678299427	-1
4.9678299427	-1
4.9678299427	-1
4.98330402374	-1
4.98330402374	-1
4.98330402374	-1
4.98330402374	-1
4.98330402374	-1
4.98330402374	-1
4.98330402374	-1
4.98330402374	-1
4.98452401161	1
4.98452401161	1
4.98452401161	1
5.00655508041	-1
5.00655508041	-1
5.02490901947	-1
5.02490901947	-1
5.02630901337	1
5.02630901337	1
5.03657007217	-1
5.03657007217	-1
5.03657007217	-1
5.03999710083	-1
5.03999710083	-1
5.03999710083	-1
5.03999710083	-1
5.03999710083	-1
5.03999710083	-1
5.03999710083	-1
5.04439806938	-1
5.04439806938	-1
5.04439806938	-1
5.04439806938	-1
5.04439806938	-1
5.04439806938	-1
5.04439806938	-1
5.05175113678	-1
5.05175113678	-1
5.05175113678	-1
5.05175113678	-1
5.08008313179	1
5.08008313179	1
5.18031907082	-1
5.18031907082	-1
5.18031907082	-1
5.18171310425	1
5.18171310425	1
5.18171310425	1
5.19354701042	-1
5.19354701042	-1
5.19354701042	-1
5.22355103493	1
5.22355103493	1
5.22355103493	1
5.25536799431	-1
5.25536799431	-1
5.25536799431	-1
5.27380299568	-1
5.27380299568	-1
5.30197310448	-1
5.30197310448	-1
5.30197310448	-1
5.30197310448	-1
5.30197310448	-1
5.3127989769	1
5.34350609779	1
5.34350609779	1
5.34350609779	1
5.34350609779	1
5.34801697731	-1
5.34801697731	-1
5.34801697731	-1
5.36225104332	-1
5.36225104332	-1
5.37871313095	-1
5.37871313095	-1
5.37871313095	-1
5.4166829586	-1
5.4166829586	-1
5.42900800705	-1
5.43971991539	-1
5.43971991539	-1
5.43971991539	-1
5.45260095596	-1
5.45260095596	-1
5.45260095596	-1
5.45260095596	-1
5.45260095596	-1
5.45260095596	-1
5.45260095596	-1
5.45800709724	-1
5.46743893623	-1
5.46743893623	-1
5.48589801788	-1
5.48589801788	-1
5.48589801788	-1
5.48744297028	1
5.48744297028	1
5.48744297028	1
5.5173830986	-1
5.5173830986	-1
5.52096700668	-1
5.52096700668	-1
5.52096700668	-1
5.52096700668	-1
5.52096700668	-1
5.52571606636	-1
5.52571606636	-1
5.52571606636	-1
5.52571606636	-1
5.52571606636	-1
5.52571606636	-1
5.52571606636	-1
5.53487110138	-1
5.53487110138	-1
5.54699397087	-1
5.54699397087	-1
5.56866002083	-1
5.61066198349	-1
5.61066198349	-1
5.61066198349	-1
5.61896896362	-1
5.61896896362	-1
5.61896896362	-1
5.63052010536	-1
5.63052010536	-1
5.64430093765	-1
5.64430093765	-1
5.65335202217	-1
5.65335202217	-1
5.65335202217	-1
5.65335202217	-1
5.98293709755	-1
5.99031805992	-1
5.99031805992	-1
5.99031805992	-1
5.99031805992	-1
5.99031805992	-1
5.99031805992	-1
5.99031805992	-1
5.99031805992	-1
5.99281311035	-1
5.99281311035	-1
5.99281311035	-1
5.99281311035	-1
5.99281311035	-1
5.99281311035	-1
5.99281311035	-1
6.00247192383	-1
6.00247192383	-1
6.00247192383	-1
6.00247192383	-1
6.03917598724	1
6.03917598724	1
6.0395219326	-1
6.05929303169	-1
6.05929303169	-1
6.24588394165	1
6.25312900543	1
6.25312900543	1
6.25312900543	1
6.25312900543	1
6.25312900543	1
6.25522899628	-1
6.25522899628	-1
6.25631904602	1
6.36630606651	1
6.42224502563	-1
6.44648313522	-1
6.44648313522	-1
6.44648313522	-1
6.54509806633	-1
6.54509806633	-1
6.56280708313	-1
6.56280708313	-1
6.58272194862	-1
6.58272194862	-1
6.58272194862	-1
6.58272194862	-1
6.58272194862	-1
6.587651968	1
6.69351911545	1
6.69351911545	1
6.69351911545	1
6.70910596848	1
6.70910596848	1
6.80975198746	-1
6.92420911789	-1
6.92420911789	-1
6.92420911789	-1
6.93401312828	-1
6.93401312828	-1
6.93401312828	-1
6.9538500309	-1
6.9538500309	-1
6.9538500309	-1
6.9538500309	-1
6.9538500309	-1
6.9538500309	-1
6.9538500309	-1
6.9538500309	-1
6.9548330307	1
6.96310305595	-1
6.96310305595	-1
6.96310305595	-1
6.96310305595	-1
6.96310305595	-1
6.96310305595	-1
6.96310305595	-1
6.9707660675	1
6.9707660675	1
6.9707660675	1
6.9779419899	-1
6.9779419899	-1
6.9779419899	-1
6.9779419899	-1
6.9779419899	-1
6.9779419899	-1
6.9779419899	-1
6.9779419899	-1
6.98365592957	1
6.98365592957	1
6.98678708076	-1
7.00020909309	-1
7.00020909309	-1
7.01207304001	-1
7.01207304001	-1
7.01207304001	-1
7.01207304001	-1
7.01207304001	-1
7.01207304001	-1
7.01207304001	-1
7.01207304001	-1
7.01664996147	-1
7.01664996147	-1
7.01664996147	-1
7.01664996147	-1
7.01664996147	-1
7.01664996147	-1
7.01664996147	-1
7.02238512039	-1
7.02739906311	-1
7.02739906311	-1
7.02739906311	-1
7.02739906311	-1
7.02739906311	-1
7.02739906311	-1
7.02739906311	-1
7.03874111176	-1
7.03874111176	-1
7.04205703735	-1
7.04205703735	-1
7.04205703735	-1
7.04205703735	-1
7.04205703735	-1
7.04205703735	-1
7.04205703735	-1
7.05016708374	-1
7.05028104782	-1
7.05028104782	-1
7.05028104782	-1
7.05028104782	-1
7.05028104782	-1
7.05028104782	-1
7.05028104782	-1
7.06336903572	-1
7.06348991394	-1
7.06348991394	-1
7.0743291378	1
7.07954692841	-1
7.07954692841	-1
7.07954692841	-1
7.07954692841	-1
7.07954692841	-1
7.07954692841	-1
7.07954692841	-1
7.07979297638	-1
7.07979297638	-1
7.07979297638	-1
7.07979297638	-1
7.07979297638	-1
7.07979297638	-1
7.07979297638	-1
7.08987498283	-1
7.08987498283	-1
7.08987498283	-1
7.08987498283	-1
7.08987498283	-1
7.08987498283	-1
7.08987498283	-1
7.110476017	-1
7.110476017	-1
7.11058998108	-1
7.11058998108	-1
7.11058998108	-1
7.19672894478	-1
7.19765806198	1
7.22206997871	1
7.22206997871	1
7.22206997871	1
7.2474360466	1
7.2474360466	1
7.26011514664	-1
7.26011514664	-1
7.26011514664	-1
7.31381297112	1
7.43194508553	-1
7.43198204041	1
7.49202895164	-1
7.49202895164	-1
7.49202895164	-1
7.52185606956	-1
7.52185606956	-1
7.53265810013	-1
7.53265810013	-1
7.53265810013	-1
7.54815793037	1
7.54815793037	1
7.66445994377	-1
7.66445994377	-1
7.66929507256	1
7.76763105392	-1
7.76763105392	-1
7.76763105392	-1
7.76763105392	-1
7.90150499344	-1
8.05547809601	-1
8.16804814339	1
8.16826891899	1
8.16826891899	1
8.16826891899	1
8.16826891899	1
8.16826891899	1
8.16894698143	1
8.17021298409	1
8.17021298409	1
8.17183303833	1
8.17183303833	1
8.17183303833	1
8.17183303833	1
8.17183303833	1
8.17183303833	1
8.2885260582	1
8.2885260582	1
8.2885260582	1
8.2885260582	1
8.2885260582	1
8.2885260582	1
8.2885260582	1
8.2885260582	1
8.40476799011	1
8.40476799011	1
8.40476799011	1
8.40476799011	1
8.40476799011	1
