0.0	1
0.250731945038	1
3.12753105164	-1
3.12838506699	1
3.50378203392	-1
3.504529953	1
3.5093331337	1
3.5093331337	1
3.5093331337	1
3.5093331337	1
3.5093331337	1
3.5093331337	1
5.40962815285	-1
5.41127109528	1
5.54874205589	-1
5.54874205589	-1
5.55002617836	1
5.58299994469	-1
5.58299994469	-1
5.58299994469	-1
5.68754315376	1
5.86220312119	1
5.86220312119	1
6.59106302261	-1
6.67744207382	-1
6.67744207382	-1
6.67744207382	-1
6.68334507942	-1
6.68334507942	-1
6.68334507942	-1
6.68334507942	-1
6.68334507942	-1
6.68334507942	-1
6.76690196991	1
6.87000799179	-1
6.87000799179	-1
6.87000799179	-1
6.87000799179	-1
6.87000799179	-1
6.87000799179	-1
6.87000799179	-1
6.87000799179	-1
6.87000799179	-1
6.87034916878	-1
6.87034916878	-1
6.87034916878	-1
6.87034916878	-1
6.87034916878	-1
6.90409302711	1
6.9244389534	1
6.9244389534	1
6.9244389534	1
6.92710900307	1
6.92710900307	1
6.93276906013	-1
6.93276906013	-1
6.93276906013	-1
6.93276906013	-1
6.93276906013	-1
6.93276906013	-1
6.93276906013	-1
6.93276906013	-1
6.98029708862	-1
6.9804019928	-1
6.9804019928	-1
6.9804019928	-1
6.9804019928	-1
6.9804019928	-1
6.9804019928	-1
6.9804019928	-1
6.9804019928	-1
7.00781702995	-1
7.00781702995	-1
7.00781702995	-1
7.00781702995	-1
7.00781702995	-1
7.00781702995	-1
7.00781702995	-1
7.02680397034	1
7.02680397034	1
7.02680397034	1
7.07124209404	-1
7.07124209404	-1
7.07124209404	-1
7.07124209404	-1
7.07124209404	-1
7.07124209404	-1
7.07124209404	-1
7.07124209404	-1
7.09213209152	-1
7.09213209152	-1
7.09213209152	-1
7.09213209152	-1
7.09213209152	-1
7.11767601967	-1
7.11767601967	-1
7.11767601967	-1
7.11767601967	-1
7.11767601967	-1
7.11767601967	-1
7.11767601967	-1
7.11767601967	-1
7.18475794792	-1
7.19622516632	-1
7.19622516632	-1
7.19622516632	-1
7.19622516632	-1
7.19622516632	-1
7.19622516632	-1
7.201567173	1
7.20470404625	-1
7.20470404625	-1
7.20470404625	-1
7.20470404625	-1
7.20470404625	-1
7.20470404625	-1
7.20470404625	-1
7.20470404625	-1
7.22686100006	-1
7.22686100006	-1
7.22686100006	-1
7.22686100006	-1
7.22686100006	-1
7.22686100006	-1
7.22686100006	-1
7.22686100006	-1
7.23673200607	-1
7.23673200607	-1
7.23673200607	-1
7.23673200607	-1
7.23673200607	-1
7.23673200607	-1
7.26352000237	-1
7.26352000237	-1
7.26352000237	-1
7.26352000237	-1
7.26352000237	-1
7.26352000237	-1
7.26352000237	-1
7.26352000237	-1
7.29782700539	-1
7.29782700539	-1
7.29782700539	-1
7.29782700539	-1
7.29782700539	-1
7.29782700539	-1
7.29782700539	-1
7.29782700539	-1
7.33382511139	-1
7.33934903145	1
7.37057805061	-1
7.37057805061	-1
7.37057805061	-1
7.37057805061	-1
7.40172600746	-1
7.40172600746	-1
7.40172600746	-1
7.418405056	-1
7.418405056	-1
7.418405056	-1
7.418405056	-1
7.418405056	-1
7.418405056	-1
7.418405056	-1
7.418405056	-1
7.43709301949	-1
7.43709301949	-1
7.43709301949	-1
7.43709301949	-1
7.43709301949	-1
7.43709301949	-1
7.43709301949	-1
7.43709301949	-1
7.44620513916	-1
7.44620513916	-1
7.44620513916	-1
7.44620513916	-1
7.44620513916	-1
7.44620513916	-1
7.46173000336	-1
7.47675609589	1
7.48834705353	-1
7.48834705353	-1
7.48834705353	-1
7.48834705353	-1
7.48834705353	-1
7.76766109467	-1
7.76899003983	1
7.77263617516	-1
7.77263617516	-1
7.77263617516	-1
7.77263617516	-1
7.77263617516	-1
7.77263617516	-1
7.90519595146	-1
7.90519595146	-1
7.90805315971	1
7.90805315971	1
7.90805315971	1
7.96226000786	1
8.094643116	-1
8.11022615433	-1
8.11022615433	-1
8.11022615433	-1
8.11022615433	-1
8.11022615433	-1
8.11022615433	-1
8.11022615433	-1
8.11022615433	-1
8.11045503616	-1
8.11045503616	-1
8.11045503616	-1
8.11045503616	-1
8.12652897835	-1
8.12652897835	-1
8.12652897835	-1
8.17762994766	-1
8.17762994766	-1
8.17762994766	-1
8.17762994766	-1
8.17762994766	-1
8.22870516777	-1
8.22870516777	-1
8.22870516777	-1
8.22870516777	-1
8.22870516777	-1
8.22870516777	-1
8.22870516777	-1
8.22870516777	-1
8.29132604599	-1
8.29132604599	-1
8.29132604599	-1
8.29132604599	-1
8.29132604599	-1
8.29132604599	-1
8.29132604599	-1
8.43129014969	-1
8.43129014969	-1
8.43129014969	-1
8.43129014969	-1
8.43129014969	-1
8.43129014969	-1
8.43129014969	-1
8.43129014969	-1
8.44083309174	-1
8.44083309174	-1
8.44083309174	-1
8.44083309174	-1
8.44083309174	-1
8.44083309174	-1
8.44083309174	-1
8.44083309174	-1
8.44200801849	1
8.44984507561	-1
8.44984507561	-1
8.44984507561	-1
8.44984507561	-1
8.44984507561	-1
8.44984507561	-1
8.44984507561	-1
8.44984507561	-1
8.46428108215	-1
8.46428108215	-1
8.46428108215	-1
8.46428108215	-1
8.46428108215	-1
8.46428108215	-1
8.46428108215	-1
8.46428108215	-1
8.47168111801	-1
8.47168111801	-1
8.47168111801	-1
8.47168111801	-1
8.47168111801	-1
8.47824811935	-1
8.47824811935	-1
8.47824811935	-1
8.48452496529	-1
8.48452496529	-1
8.48452496529	-1
8.48452496529	-1
8.48452496529	-1
8.48452496529	-1
8.48452496529	-1
8.48452496529	-1
8.56163907051	-1
8.56448197365	1
8.56448197365	1
8.56448197365	1
8.56464195251	1
8.56464195251	1
8.56464195251	1
8.56464195251	1
8.56464195251	1
8.71365118027	-1
8.88964509964	-1
8.88964509964	-1
8.8913640976	-1
8.8913640976	-1
8.8913640976	-1
8.8913640976	-1
8.8913640976	-1
8.8913640976	-1
8.8913640976	-1
8.8913640976	-1
8.89151501656	-1
8.89151501656	-1
8.89151501656	-1
8.89151501656	-1
8.89151501656	-1
8.89676904678	1
8.9523730278	-1
8.9561021328	-1
8.9561021328	-1
8.9561021328	-1
8.9561021328	-1
8.9561021328	-1
8.9561021328	-1
8.9561021328	-1
8.9561021328	-1
8.95623207092	-1
8.96002817154	-1
8.96002817154	-1
8.96002817154	-1
8.96002817154	-1
8.96002817154	-1
8.96002817154	-1
8.96002817154	-1
8.96002817154	-1
8.96939110756	-1
8.96939110756	-1
8.96939110756	-1
8.96939110756	-1
9.07407402992	-1
9.07407402992	-1
9.07407402992	-1
9.07407402992	-1
9.07407402992	-1
9.07407402992	-1
9.07407402992	-1
9.07407402992	-1
9.07407402992	-1
9.0744240284	-1
9.0744240284	-1
9.0744240284	-1
9.0744240284	-1
9.0744240284	-1
9.0744240284	-1
9.0800549984	-1
9.0800549984	-1
9.0800549984	-1
9.0800549984	-1
9.0800549984	-1
9.0800549984	-1
9.0800549984	-1
9.0800549984	-1
9.14870095253	-1
9.14870095253	-1
9.14870095253	-1
9.14870095253	-1
9.14870095253	-1
9.14870095253	-1
9.14870095253	-1
9.14870095253	-1
9.14870095253	-1
9.15140199661	-1
9.15140199661	-1
9.15140199661	-1
9.15140199661	-1
9.15140199661	-1
9.15140199661	-1
9.15140199661	-1
9.15283894539	1
9.15476703644	-1
9.15476703644	-1
9.15476703644	-1
9.15476703644	-1
9.15476703644	-1
9.15476703644	-1
9.15476703644	-1
9.15476703644	-1
9.26272797585	-1
9.26272797585	-1
9.26272797585	-1
9.26272797585	-1
9.26272797585	-1
9.26272797585	-1
9.26272797585	-1
9.26272797585	-1
9.26272797585	-1
9.26776409149	-1
9.26776409149	-1
9.26776409149	-1
9.26776409149	-1
9.26776409149	-1
9.26776409149	-1
9.26776409149	-1
9.26776409149	-1
9.27173399925	-1
9.27173399925	-1
9.27173399925	-1
9.27173399925	-1
9.27173399925	-1
9.27173399925	-1
9.27173399925	-1
9.27173399925	-1
9.28647899628	-1
9.28647899628	-1
9.28647899628	-1
9.28647899628	-1
9.28647899628	-1
9.28647899628	-1
9.28647899628	-1
9.28647899628	-1
9.28682899475	-1
9.28682899475	-1
9.28682899475	-1
9.30198097229	1
9.43927407265	-1
9.44737911224	-1
9.44737911224	-1
9.44737911224	-1
9.44737911224	-1
9.44737911224	-1
9.44737911224	-1
9.44737911224	-1
9.46028113365	-1
9.46028113365	-1
9.46028113365	-1
9.46028113365	-1
9.47265315056	-1
9.47265315056	-1
9.47265315056	-1
9.47265315056	-1
9.47265315056	-1
9.47265315056	-1
9.47265315056	-1
9.47265315056	-1
9.47343206406	1
9.49042415619	-1
9.49042415619	-1
9.49042415619	-1
9.50063514709	-1
9.50063514709	-1
9.50063514709	-1
9.50063514709	-1
9.50063514709	-1
9.50830316544	-1
9.50830316544	-1
9.50830316544	-1
9.50830316544	-1
9.50830316544	-1
9.50830316544	-1
9.50830316544	-1
9.50830316544	-1
9.5128569603	1
9.5128569603	1
9.5128569603	1
9.51772499084	-1
9.51772499084	-1
9.51772499084	-1
9.51772499084	-1
9.51772499084	-1
9.51772499084	-1
9.51772499084	-1
9.51772499084	-1
9.53091096878	-1
9.53091096878	-1
9.53091096878	-1
9.53091096878	-1
9.53091096878	-1
9.53091096878	-1
9.53091096878	-1
9.53091096878	-1
9.53766798973	-1
9.53766798973	-1
9.53766798973	-1
9.53920602798	1
9.53920602798	1
9.58405399323	-1
9.58417105675	-1
9.58417105675	-1
9.58417105675	-1
9.58417105675	-1
9.58417105675	-1
9.58417105675	-1
9.58417105675	-1
9.58417105675	-1
9.59762907028	-1
9.59762907028	-1
9.59762907028	-1
9.59762907028	-1
9.59762907028	-1
9.59762907028	-1
9.59776902199	-1
9.59776902199	-1
9.59776902199	-1
9.59776902199	-1
9.59776902199	-1
9.59776902199	-1
9.59776902199	-1
9.59776902199	-1
9.66687202454	-1
9.66687202454	-1
9.66687202454	-1
9.66687202454	-1
9.66687202454	-1
9.66687202454	-1
9.66687202454	-1
9.66687202454	-1
9.67139601707	-1
9.67528605461	-1
9.67528605461	-1
9.67528605461	-1
9.67528605461	-1
9.67528605461	-1
9.67528605461	-1
9.67528605461	-1
9.67953205109	-1
9.67953205109	-1
9.67953205109	-1
9.67953205109	-1
9.67953205109	-1
9.67953205109	-1
9.67953205109	-1
9.67953205109	-1
9.68380498886	-1
9.68380498886	-1
9.68380498886	-1
9.68380498886	-1
9.68380498886	-1
9.68380498886	-1
9.68380498886	-1
9.68380498886	-1
9.68730711937	-1
9.68730711937	-1
9.68730711937	-1
9.68730711937	-1
9.68730711937	-1
9.68730711937	-1
9.68730711937	-1
9.68730711937	-1
9.72189903259	-1
9.79982495308	-1
9.79982495308	-1
9.79982495308	-1
9.79982495308	-1
9.79982495308	-1
9.79982495308	-1
9.79982495308	-1
9.79982495308	-1
9.79982495308	-1
9.79986596107	1
9.80016803741	-1
9.80016803741	-1
9.80774402618	-1
9.80774402618	-1
9.80774402618	-1
9.80774402618	-1
9.91133117676	-1
9.91133117676	-1
9.91133117676	-1
9.91133117676	-1
9.91133117676	-1
9.91133117676	-1
9.91133117676	-1
9.91133117676	-1
9.91133117676	-1
9.911673069	-1
9.911673069	-1
9.911673069	-1
10.0050821304	-1
10.0050821304	-1
10.0050821304	-1
10.0107741356	-1
10.0107741356	-1
10.0107741356	-1
10.0107741356	-1
10.0107741356	-1
10.0124700069	1
10.1861741543	1
10.1861741543	1
10.2039041519	-1
10.2039041519	-1
10.2039041519	-1
10.2728040218	-1
10.2728040218	-1
10.2728040218	-1
10.2728040218	-1
10.2728040218	-1
10.2728040218	-1
10.2728040218	-1
10.2728040218	-1
10.2728040218	-1
10.2731640339	-1
10.2731640339	-1
10.2731640339	-1
10.2731640339	-1
10.2731640339	-1
10.3645730019	-1
10.3645730019	-1
10.3645730019	-1
10.3645730019	-1
10.3910560608	-1
10.3910560608	-1
10.3910560608	-1
10.3910560608	-1
10.4113070965	-1
10.4113070965	-1
10.4113070965	-1
10.4113070965	-1
10.4113070965	-1
10.4113070965	-1
10.4113070965	-1
10.4113070965	-1
10.4344370365	-1
10.4344370365	-1
10.4344370365	-1
10.4344370365	-1
10.4344370365	-1
10.4344370365	-1
10.4344370365	-1
10.4745280743	-1
10.4818770885	-1
10.4818770885	-1
10.4818770885	-1
10.4818770885	-1
10.4818770885	-1
10.4818770885	-1
10.4818770885	-1
10.4911129475	-1
10.4911129475	-1
10.4911129475	-1
10.4911129475	-1
10.4911129475	-1
10.4911129475	-1
10.4911129475	-1
10.4911129475	-1
10.5109980106	-1
10.5109980106	-1
10.5109980106	-1
10.5109980106	-1
10.5109980106	-1
10.5109980106	-1
10.5109980106	-1
10.5109980106	-1
10.5222070217	-1
10.5222070217	-1
10.5222070217	-1
10.5222070217	-1
10.5222070217	-1
10.5222070217	-1
10.5222070217	-1
10.5222070217	-1
10.5517101288	1
10.56954813	-1
10.5767869949	-1
10.5767869949	-1
10.5767869949	-1
10.5767869949	-1
10.5767869949	-1
10.5767869949	-1
10.5767869949	-1
10.5846099854	-1
10.5846099854	-1
10.5846099854	-1
10.5846099854	-1
10.5846099854	-1
10.5846099854	-1
10.5925090313	-1
10.5925090313	-1
10.5925090313	-1
10.5925090313	-1
10.5925090313	-1
10.5925090313	-1
10.5925090313	-1
10.5925090313	-1
10.6445169449	1
10.6445169449	1
10.6445169449	1
10.648553133	1
10.648553133	1
10.6850471497	-1
10.6850471497	-1
10.6850471497	-1
10.6850471497	-1
10.6850471497	-1
10.6850471497	-1
10.6850471497	-1
10.6850471497	-1
10.6850471497	-1
10.6853981018	-1
10.6853981018	-1
10.6853981018	-1
10.6853981018	-1
10.6853981018	-1
10.6853981018	-1
10.6853981018	-1
10.7067341805	-1
10.7067680359	1
10.7067680359	1
10.7137739658	-1
10.7137739658	-1
10.7137739658	-1
10.7137739658	-1
10.7137739658	-1
10.7137739658	-1
10.7747311592	-1
10.7747311592	-1
10.7747311592	-1
10.7747311592	-1
10.7747311592	-1
10.7747311592	-1
10.7747311592	-1
10.7747311592	-1
10.7747311592	-1
10.8532800674	-1
10.8532800674	-1
10.8532800674	-1
10.8532800674	-1
10.8532800674	-1
10.8532800674	-1
10.8532800674	-1
10.8532800674	-1
10.8595199585	1
10.8605570793	-1
10.8736829758	-1
10.8736829758	-1
10.8736829758	-1
10.8736829758	-1
10.8736829758	-1
10.8827691078	-1
10.8827691078	-1
10.8827691078	-1
10.8827691078	-1
10.8827691078	-1
10.8827691078	-1
10.8827691078	-1
10.8970551491	-1
10.8970551491	-1
10.8970551491	-1
10.8970551491	-1
10.8970551491	-1
10.8970551491	-1
10.8970551491	-1
10.8970551491	-1
10.9132521152	1
10.9132521152	1
10.9132521152	1
10.9197349548	1
10.9197349548	1
10.9579451084	-1
10.9579451084	-1
10.9579451084	-1
10.9579451084	-1
10.9579451084	-1
10.9579451084	-1
10.9579451084	-1
10.9579451084	-1
10.9579451084	-1
10.9620630741	-1
10.9620630741	-1
10.9620630741	-1
10.9620630741	-1
10.9620630741	-1
10.9620630741	-1
10.9620630741	-1
10.9652161598	-1
10.9652161598	-1
10.9652161598	-1
10.9652161598	-1
10.9652161598	-1
10.9652161598	-1
10.9652161598	-1
10.9652161598	-1
10.9688301086	-1
10.9688301086	-1
10.9688301086	-1
10.9688301086	-1
10.9688301086	-1
10.9688301086	-1
10.9688301086	-1
10.9798820019	-1
10.9798820019	-1
10.9798820019	-1
10.9798820019	-1
10.9798820019	-1
10.9798820019	-1
10.9798820019	-1
10.9798820019	-1
10.9950330257	-1
10.9950330257	-1
11.1013410091	-1
11.1013410091	-1
11.1013410091	-1
11.1013410091	-1
11.1013410091	-1
11.1013410091	-1
11.1013410091	-1
11.1013410091	-1
11.1013410091	-1
11.1016881466	-1
11.1016881466	-1
11.1016881466	-1
11.1016881466	-1
11.1016881466	-1
11.1029980183	1
11.1029980183	1
11.1029980183	1
11.1183240414	-1
11.1183240414	-1
11.1183240414	-1
11.1183240414	-1
11.1183240414	-1
11.1183240414	-1
11.1183240414	-1
11.1183240414	-1
11.1420900822	-1
11.1420900822	-1
11.1420900822	-1
11.1420900822	-1
11.1420900822	-1
11.1420900822	-1
11.1903531551	-1
11.1903531551	-1
11.1903531551	-1
11.1903531551	-1
11.1903531551	-1
11.1903531551	-1
11.1903531551	-1
11.1903531551	-1
11.1988489628	-1
11.1988489628	-1
11.1988489628	-1
11.1988489628	-1
11.1988489628	-1
11.1988489628	-1
11.1988489628	-1
11.1988489628	-1
11.2120530605	-1
11.2120530605	-1
11.2120530605	-1
11.2120530605	-1
11.2120530605	-1
11.2120530605	-1
11.2120530605	-1
11.2120530605	-1
11.2257521152	-1
11.2257521152	-1
11.2257521152	-1
11.2733919621	-1
11.2820930481	-1
11.2820930481	-1
11.2820930481	-1
11.2820930481	-1
11.2820930481	-1
11.2820930481	-1
11.2820930481	-1
11.2820930481	-1
11.2824311256	-1
11.2824311256	-1
11.2824311256	-1
11.2824311256	-1
11.2900340557	-1
11.2900340557	-1
11.2900340557	-1
11.2900340557	-1
11.2900340557	-1
11.2900340557	-1
11.2900340557	-1
11.2900340557	-1
11.2963440418	-1
11.2963440418	-1
11.2963440418	-1
11.2963440418	-1
11.2963440418	-1
11.2963440418	-1
11.2963440418	-1
11.2963440418	-1
11.3362410069	1
11.4238431454	-1
11.4238431454	-1
11.4238431454	-1
11.4397749901	-1
11.4397749901	-1
11.4397749901	-1
11.4397749901	-1
11.4397749901	-1
11.4564540386	-1
11.4564540386	-1
11.4564540386	-1
11.4564540386	-1
11.4564540386	-1
11.4564540386	-1
11.4564540386	-1
11.4564540386	-1
11.4714889526	-1
11.4714889526	-1
11.4714889526	-1
11.4714889526	-1
11.4714889526	-1
11.4714889526	-1
11.4714889526	-1
11.4714889526	-1
11.4749801159	1
11.4856569767	-1
11.4856569767	-1
11.4856569767	-1
11.4856569767	-1
11.4856569767	-1
11.4856569767	-1
11.4856569767	-1
11.4856569767	-1
11.495896101	-1
11.495896101	-1
11.495896101	-1
11.5033931732	-1
11.5033931732	-1
11.5033931732	-1
11.5033931732	-1
11.5033931732	-1
11.5188009739	-1
11.5188009739	-1
11.5188009739	-1
11.5188009739	-1
11.5188009739	-1
11.5188009739	-1
11.5188009739	-1
11.5188009739	-1
11.5334839821	-1
11.5334839821	-1
11.5334839821	-1
11.5334839821	-1
11.5334839821	-1
11.5334839821	-1
11.5334839821	-1
11.5334839821	-1
11.54560709	-1
11.54560709	-1
11.54560709	-1
11.54560709	-1
11.54560709	-1
11.54560709	-1
11.54560709	-1
11.54560709	-1
11.5542089939	-1
11.5542089939	-1
11.5542089939	-1
11.5613501072	-1
11.5613501072	-1
11.5613501072	-1
11.5613501072	-1
11.5613501072	-1
11.5774049759	-1
11.5774049759	-1
11.5774049759	-1
11.5774049759	-1
11.5774049759	-1
11.5774049759	-1
11.5774049759	-1
11.5774049759	-1
11.6111521721	-1
11.6111521721	-1
11.6111521721	-1
11.6111521721	-1
11.6111521721	-1
11.6111521721	-1
11.6111521721	-1
11.6497650146	1
11.6497650146	1
11.6758260727	-1
11.6758260727	-1
11.6758260727	-1
11.6758260727	-1
11.6758260727	-1
11.6758260727	-1
11.6758260727	-1
11.6758260727	-1
11.6758260727	-1
11.6808130741	-1
11.6808130741	-1
11.6808130741	-1
11.6808130741	-1
11.6808130741	-1
11.6808130741	-1
11.6808130741	-1
11.6808130741	-1
11.6870391369	-1
11.6870391369	-1
11.6870391369	-1
11.6870391369	-1
11.6870391369	-1
11.6870391369	-1
11.6870391369	-1
11.6870391369	-1
11.7771179676	-1
11.7771179676	-1
11.7771179676	-1
11.7771179676	-1
11.7771179676	-1
11.7771179676	-1
11.7771179676	-1
11.7771179676	-1
11.805421114	-1
11.805421114	-1
11.805421114	-1
11.805421114	-1
11.805421114	-1
11.805421114	-1
11.805421114	-1
11.805421114	-1
11.8067100048	1
11.8127920628	-1
11.8127920628	-1
11.8127920628	-1
11.8127920628	-1
11.8649570942	-1
11.8649570942	-1
11.8649570942	-1
11.8649570942	-1
11.8649570942	-1
11.8649570942	-1
11.8649570942	-1
11.8649570942	-1
11.8649570942	-1
11.8705341816	-1
11.8705341816	-1
11.8705341816	-1
11.8705341816	-1
11.8705341816	-1
11.8705341816	-1
11.8705341816	-1
11.8772730827	-1
11.8772730827	-1
11.8772730827	-1
11.8772730827	-1
11.8772730827	-1
11.8772730827	-1
11.8772730827	-1
11.8772730827	-1
11.8799760342	1
11.8799760342	1
11.8799760342	1
11.8799760342	1
11.8799760342	1
11.8876690865	-1
11.8876690865	-1
11.8920490742	1
11.8922181129	1
11.8922181129	1
11.8922181129	1
11.8922181129	1
12.0088090897	-1
12.0088090897	-1
12.0088090897	-1
12.0311050415	1
12.0311050415	1
12.0311050415	1
12.4204640388	-1
12.430134058	-1
12.430134058	-1
12.430134058	-1
12.430134058	-1
12.7416889668	-1
12.7429430485	1
12.889893055	-1
12.9553980827	-1
12.9553980827	-1
12.9553980827	-1
12.9598021507	-1
12.9598021507	-1
12.9598021507	-1
12.9598021507	-1
12.9598021507	-1
12.9598021507	-1
12.9598021507	-1
12.9598021507	-1
12.9727489948	-1
12.9727489948	-1
12.9727489948	-1
12.9727489948	-1
12.9727489948	-1
12.9727489948	-1
12.9727489948	-1
12.9761970043	1
12.9856600761	-1
12.9856600761	-1
12.9856600761	-1
12.9856600761	-1
13.074504137	-1
13.074504137	-1
13.074504137	-1
13.074504137	-1
13.074504137	-1
13.074504137	-1
13.074504137	-1
13.074504137	-1
13.074504137	-1
13.0748131275	-1
13.0748131275	-1
13.0748131275	-1
13.0929450989	-1
13.0929450989	-1
13.0929450989	-1
13.0929450989	-1
13.0929450989	-1
13.1499810219	1
13.1841671467	-1
13.1841671467	-1
13.1841671467	-1
13.1841671467	-1
13.1841671467	-1
13.1841671467	-1
13.1841671467	-1
13.1841671467	-1
13.1841671467	-1
13.1845080853	-1
13.1845080853	-1
13.1987819672	-1
13.1987819672	-1
13.1987819672	-1
13.1987819672	-1
13.1987819672	-1
13.2021310329	1
13.2021310329	1
13.2021310329	1
13.2265470028	1
13.2265470028	1
13.2689809799	-1
13.2689809799	-1
13.2689809799	-1
13.2689809799	-1
13.2689809799	-1
13.2689809799	-1
13.2689809799	-1
13.2689809799	-1
13.2689809799	-1
13.2693300247	-1
13.2693300247	-1
13.2693300247	-1
13.2693300247	-1
13.4305200577	-1
13.4305200577	-1
13.4305200577	-1
13.4305200577	-1
13.4305200577	-1
13.4305200577	-1
13.4305200577	-1
13.4305200577	-1
13.4444129467	-1
13.4444129467	-1
13.4444129467	-1
13.4444129467	-1
13.4444129467	-1
13.4444129467	-1
13.4444129467	-1
13.4444129467	-1
13.4627580643	-1
13.4627580643	-1
13.4627580643	-1
13.4627580643	-1
13.4627580643	-1
13.4627580643	-1
13.4627580643	-1
13.4627580643	-1
13.4628009796	1
13.4785020351	-1
13.4785020351	-1
13.4785020351	-1
13.4785020351	-1
13.4785020351	-1
13.4785020351	-1
13.4785020351	-1
13.4785020351	-1
13.4870150089	-1
13.4870150089	-1
13.4870150089	-1
13.4870150089	-1
13.5014951229	-1
13.5014951229	-1
13.5014951229	-1
13.5199041367	-1
13.5199041367	-1
13.5199041367	-1
13.5199041367	-1
13.5199041367	-1
13.5199041367	-1
13.5199041367	-1
13.5201330185	-1
13.5201330185	-1
13.5201330185	-1
13.5682141781	-1
13.5682141781	-1
13.5682141781	-1
13.5682141781	-1
13.5682141781	-1
13.5682141781	-1
13.5682141781	-1
13.5682141781	-1
13.5682141781	-1
13.5685641766	-1
13.5685641766	-1
13.5685641766	-1
13.5685641766	-1
13.6039719582	-1
13.6040110588	1
13.6040110588	1
13.6486339569	-1
13.6486339569	-1
13.6486339569	-1
13.6517939568	-1
13.6517939568	-1
13.6517939568	-1
13.6517939568	-1
13.6517939568	-1
13.6517939568	-1
13.6517939568	-1
13.6517939568	-1
13.6521389484	-1
13.6521389484	-1
13.6521389484	-1
13.6521389484	-1
13.6558451653	-1
13.6558451653	-1
13.6558451653	-1
13.6558451653	-1
13.6558451653	-1
13.6558451653	-1
13.6558451653	-1
13.6558451653	-1
13.659528017	-1
13.659528017	-1
13.659528017	-1
13.659528017	-1
13.659528017	-1
13.659528017	-1
13.659528017	-1
13.7463581562	-1
13.7463581562	-1
13.7463581562	-1
13.7463581562	-1
13.7464001179	1
13.7808060646	-1
13.7808060646	-1
13.788216114	-1
13.788216114	-1
13.788216114	-1
13.788216114	-1
13.788216114	-1
13.788216114	-1
13.8883581161	-1
13.8883581161	-1
13.8883581161	-1
13.8883581161	-1
13.8883581161	-1
13.8883581161	-1
13.8883581161	-1
13.8883581161	-1
13.8883969784	1
13.8945219517	-1
13.8945219517	-1
13.8945219517	-1
13.8945219517	-1
13.8945219517	-1
13.8945219517	-1
13.8945219517	-1
13.8945219517	-1
13.9053971767	-1
13.9053971767	-1
13.9053971767	-1
13.9053971767	-1
13.9053971767	-1
13.9053971767	-1
13.9053971767	-1
13.9053971767	-1
13.9102699757	-1
13.9102699757	-1
13.9102699757	-1
13.9102699757	-1
13.9102699757	-1
13.9102699757	-1
13.9102699757	-1
13.9102699757	-1
13.9213500023	-1
13.9213500023	-1
13.9213500023	-1
13.9213500023	-1
13.9213500023	-1
13.9213500023	-1
13.9609091282	-1
13.9730370045	-1
13.9730370045	-1
13.9730370045	-1
13.9730370045	-1
13.9730370045	-1
13.9730370045	-1
13.9730370045	-1
13.9730370045	-1
13.9804301262	-1
13.9804301262	-1
13.9804301262	-1
13.9804301262	-1
13.9804301262	-1
13.9804301262	-1
13.9804301262	-1
13.9804301262	-1
14.0260801315	-1
14.0260801315	-1
14.0260801315	-1
14.0260801315	-1
14.0260801315	-1
14.0260801315	-1
14.0261271	1
14.2015321255	1
14.2015321255	1
14.286096096	-1
14.2907021046	-1
14.2907021046	-1
14.2907021046	-1
14.2907021046	-1
14.2907021046	-1
14.2907021046	-1
14.2907021046	-1
14.2907021046	-1
14.3656201363	-1
14.3749361038	-1
14.3749361038	-1
14.3749361038	-1
14.3749361038	-1
14.3749361038	-1
14.3749361038	-1
14.3749361038	-1
14.3831069469	-1
14.3831069469	-1
14.3831069469	-1
14.3831069469	-1
14.3831069469	-1
14.3831069469	-1
14.3831069469	-1
14.3831069469	-1
14.3900911808	-1
14.3900911808	-1
14.3900911808	-1
14.3900911808	-1
14.3900911808	-1
14.3900911808	-1
14.4498801231	-1
14.4498801231	-1
14.4498801231	-1
14.4498801231	-1
14.4498801231	-1
14.4498801231	-1
14.4498801231	-1
14.4498801231	-1
14.5622391701	1
14.7418351173	1
14.7418351173	1
15.1662120819	-1
15.1698491573	-1
15.1698491573	-1
15.1698491573	-1
15.1698491573	-1
15.2706489563	-1
15.2706489563	-1
15.2706489563	-1
15.2706489563	-1
15.2706489563	-1
15.2706489563	-1
15.2706489563	-1
15.2706489563	-1
15.2768511772	-1
15.2768511772	-1
15.2768511772	-1
15.5724060535	-1
15.5824530125	1
15.6657350063	1
15.6657350063	1
15.6657350063	1
15.6657350063	1
15.6671030521	1
15.6671030521	1
15.6671030521	1
15.6671030521	1
15.6671030521	1
15.7194950581	1
15.7771110535	-1
