0.0	1
0.25129199028	1
2.02044391632	-1
2.02377510071	1
2.17259907722	-1
2.1732480526	1
2.17835903168	1
2.17835903168	1
2.17835903168	1
2.17835903168	1
2.17835903168	1
2.17835903168	1
4.13724303246	-1
4.1390209198	1
4.36250495911	-1
4.36406803131	1
4.42498803139	-1
4.42498803139	-1
4.42498803139	-1
4.42498803139	-1
4.48021388054	1
4.63487887383	1
4.63487887383	1
5.50056600571	-1
5.51332497597	-1
5.51332497597	-1
5.51332497597	-1
5.51547288895	-1
5.51547288895	-1
5.51547288895	-1
5.51547288895	-1
5.51547288895	-1
5.58320403099	1
5.61316108704	-1
5.61316108704	-1
5.61316108704	-1
5.61316108704	-1
5.61316108704	-1
5.61316108704	-1
5.61316108704	-1
5.61316108704	-1
5.61316108704	-1
5.64671993256	-1
5.64671993256	-1
5.64671993256	-1
5.64671993256	-1
5.64671993256	-1
5.64671993256	-1
5.73228192329	-1
5.73228192329	-1
5.73228192329	-1
5.73228192329	-1
5.73228192329	-1
5.73228192329	-1
5.73228192329	-1
5.73228192329	-1
5.74565410614	-1
5.74565410614	-1
5.74565410614	-1
5.74565410614	-1
5.74565410614	-1
5.74565410614	-1
5.74565410614	-1
5.74565410614	-1
5.75523304939	1
5.75928807259	1
5.75928807259	1
5.75928807259	1
5.76123595238	1
5.76123595238	1
5.76298499107	-1
5.76298499107	-1
5.76298499107	-1
5.76298499107	-1
5.76298499107	-1
5.76298499107	-1
5.76298499107	-1
5.76416087151	1
5.76416087151	1
5.76416087151	1
5.78813409805	1
5.78813409805	1
5.87705993652	1
5.99323701859	-1
5.99441409111	1
6.01177597046	1
6.01177597046	1
6.01177597046	1
6.12803292274	1
6.19325494766	-1
6.24125790596	-1
6.24125790596	-1
6.24125790596	-1
6.24303197861	1
6.24303197861	1
6.24303197861	1
6.27618598938	-1
6.27618598938	-1
6.28809094429	-1
6.28809094429	-1
6.28809094429	-1
6.28809094429	-1
6.28809094429	-1
6.38779997826	-1
6.38779997826	-1
6.38779997826	-1
6.38779997826	-1
6.38779997826	-1
6.38779997826	-1
6.38779997826	-1
6.38779997826	-1
6.38779997826	-1
6.38919305801	1
6.38919305801	1
6.38919305801	1
6.39394402504	-1
6.39394402504	-1
6.39394402504	-1
6.39394402504	-1
6.39394402504	-1
6.47878789902	-1
6.47878789902	-1
6.47878789902	-1
6.48583889008	-1
6.48583889008	-1
6.48583889008	-1
6.48583889008	-1
6.48583889008	-1
6.48583889008	-1
6.48583889008	-1
6.48583889008	-1
6.48718094826	1
6.48718094826	1
6.48718094826	1
6.50444698334	-1
6.50444698334	-1
6.50444698334	-1
6.50444698334	-1
6.50444698334	-1
6.50444698334	-1
6.50444698334	-1
6.50708794594	-1
6.51061105728	-1
6.51061105728	-1
6.51061105728	-1
6.5651679039	-1
6.5651679039	-1
6.59221100807	-1
6.59221100807	-1
6.59221100807	-1
6.59221100807	-1
6.59221100807	-1
6.59221100807	-1
6.59221100807	-1
6.60208106041	-1
6.60208106041	-1
6.60208106041	-1
6.60208106041	-1
6.60208106041	-1
6.60208106041	-1
6.60208106041	-1
6.603276968	1
6.603276968	1
6.603276968	1
6.617000103	-1
6.617000103	-1
6.617000103	-1
6.617000103	-1
6.617000103	-1
6.617000103	-1
6.617000103	-1
6.617000103	-1
6.617000103	-1
6.63244891167	-1
6.63244891167	-1
6.63244891167	-1
6.63244891167	-1
6.63248705864	1
6.66309905052	-1
6.69541096687	-1
6.72381806374	-1
6.72381806374	-1
6.72381806374	-1
6.72381806374	-1
6.72381806374	-1
6.72381806374	-1
6.72381806374	-1
6.72926306725	-1
6.72926306725	-1
6.72926306725	-1
6.72926306725	-1
6.72926306725	-1
6.72926306725	-1
6.72926306725	-1
6.81152701378	-1
6.81152701378	-1
6.83425688744	-1
6.83425688744	-1
6.83425688744	-1
6.8350250721	-1
6.8350250721	-1
6.8350250721	-1
6.8350250721	-1
6.8350250721	-1
6.8350250721	-1
6.83732008934	1
6.85082292557	-1
6.85082292557	-1
6.85082292557	-1
6.85082292557	-1
6.85082292557	-1
6.85082292557	-1
6.85082292557	-1
6.85315895081	-1
6.87429189682	-1
6.87429189682	-1
6.87429189682	-1
6.87429189682	-1
6.87429189682	-1
6.87429189682	-1
6.87429189682	-1
6.87891888618	-1
6.9056251049	-1
6.9056251049	-1
6.9056251049	-1
6.9056251049	-1
6.9056251049	-1
6.9056251049	-1
6.9056251049	-1
6.9056251049	-1
6.92883300781	-1
6.92883300781	-1
6.92883300781	-1
6.92883300781	-1
6.92883300781	-1
6.92883300781	-1
6.92883300781	-1
6.94703102112	-1
6.94703102112	-1
6.94703102112	-1
6.94703102112	-1
6.94703102112	-1
6.94703102112	-1
6.94703102112	-1
6.94703102112	-1
6.94725990295	-1
6.95883107185	1
6.95991206169	-1
6.95991206169	-1
6.95991206169	-1
6.95991206169	-1
6.95991206169	-1
6.95991206169	-1
6.95991206169	-1
6.96014094353	-1
6.96774196625	-1
6.96774196625	-1
6.96774196625	-1
6.96774196625	-1
6.96774196625	-1
6.96774196625	-1
6.96774196625	-1
6.9769089222	-1
6.97701597214	-1
6.97701597214	-1
6.97701597214	-1
6.97701597214	-1
6.97701597214	-1
6.97701597214	-1
6.97701597214	-1
6.97726106644	-1
6.97726106644	-1
6.97726106644	-1
6.97726106644	-1
6.97726106644	-1
6.97726106644	-1
6.97726106644	-1
6.98351097107	1
6.98351097107	1
6.98351097107	1
6.99837589264	-1
6.99837589264	-1
6.99837589264	-1
6.99837589264	-1
6.99837589264	-1
6.99837589264	-1
6.99837589264	-1
6.99837589264	-1
6.99880504608	-1
6.99880504608	-1
6.99880504608	-1
6.99880504608	-1
6.99880504608	-1
6.99880504608	-1
6.99880504608	-1
6.99880504608	-1
7.02752995491	-1
7.02752995491	-1
7.02752995491	-1
7.02752995491	-1
7.02752995491	-1
7.02752995491	-1
7.02752995491	-1
7.02752995491	-1
7.06351304054	-1
7.06351304054	-1
7.06351304054	-1
7.06351304054	-1
7.06351304054	-1
7.06351304054	-1
7.06351304054	-1
7.06351304054	-1
7.06387996674	-1
7.06387996674	-1
7.06387996674	-1
7.06387996674	-1
7.06387996674	-1
7.06387996674	-1
7.06387996674	-1
7.07518100739	-1
7.07523989677	-1
7.07523989677	-1
7.07523989677	-1
7.07523989677	-1
7.07523989677	-1
7.07523989677	-1
7.07523989677	-1
7.07523989677	-1
7.0840549469	-1
7.0840549469	-1
7.0840549469	-1
7.0840549469	-1
7.0840549469	-1
7.0840549469	-1
7.0840549469	-1
7.0844039917	-1
7.0844039917	-1
7.08452892303	-1
7.08452892303	-1
7.08452892303	-1
7.08452892303	-1
7.08452892303	-1
7.08452892303	-1
7.08452892303	-1
7.08452892303	-1
7.09994697571	-1
7.09994697571	-1
7.09994697571	-1
7.09994697571	-1
7.09994697571	-1
7.10005092621	-1
7.10008502007	-1
7.10008502007	-1
7.10008502007	-1
7.10008502007	-1
7.10008502007	-1
7.10008502007	-1
7.10008502007	-1
7.10041904449	-1
7.11525702477	-1
7.11525702477	-1
7.11525702477	-1
7.11525702477	-1
7.11525702477	-1
7.11525702477	-1
7.11525702477	-1
7.11525702477	-1
7.11561703682	-1
7.11561703682	-1
7.11561703682	-1
7.11561703682	-1
7.11561703682	-1
7.11561703682	-1
7.11561703682	-1
7.11561703682	-1
7.11561703682	-1
7.11708903313	1
7.11708903313	1
7.11708903313	1
7.143887043	-1
7.143887043	-1
7.143887043	-1
7.143887043	-1
7.143887043	-1
7.143887043	-1
7.14422297478	-1
7.14434695244	-1
7.14434695244	-1
7.14434695244	-1
7.14434695244	-1
7.14434695244	-1
7.14434695244	-1
7.14434695244	-1
7.15606594086	-1
7.15628600121	-1
7.15628600121	-1
7.15628600121	-1
7.15628600121	-1
7.15628600121	-1
7.15628600121	-1
7.15628600121	-1
7.19142699242	1
7.19145607948	-1
7.19163203239	-1
7.19163203239	-1
7.19163203239	-1
7.19163203239	-1
7.19163203239	-1
7.19163203239	-1
7.19163203239	-1
7.19187808037	-1
7.19187808037	-1
7.19187808037	-1
7.19187808037	-1
7.19187808037	-1
7.19187808037	-1
7.19187808037	-1
7.19224596024	-1
7.19224596024	-1
7.19224596024	-1
7.19224596024	-1
7.19224596024	-1
7.19224596024	-1
7.19224596024	-1
7.19224596024	-1
7.20035290718	-1
7.20035290718	-1
7.20035290718	-1
7.20035290718	-1
7.20035290718	-1
7.20040297508	-1
7.20058107376	-1
7.20058107376	-1
7.20058107376	-1
7.20058107376	-1
7.20058107376	-1
7.20058107376	-1
7.20058107376	-1
7.22251200676	1
7.22251200676	1
7.22251200676	1
7.2246670723	1
7.2246670723	1
7.23171401024	-1
7.23171401024	-1
7.23171401024	-1
7.23171401024	-1
7.23171401024	-1
7.23171401024	-1
7.27900004387	-1
7.27900004387	-1
7.30979609489	-1
7.30979609489	-1
7.30979609489	-1
7.31283593178	-1
7.31283593178	-1
7.31283593178	-1
7.31283593178	-1
7.31283593178	-1
7.31283593178	-1
7.31283593178	-1
7.31712388992	-1
7.32050609589	-1
7.32050609589	-1
7.32050609589	-1
7.32050609589	-1
7.32050609589	-1
7.32050609589	-1
7.36119198799	-1
7.36119198799	-1
7.36119198799	-1
7.36119198799	-1
7.36119198799	-1
7.36119198799	-1
7.36119198799	-1
7.36742997169	-1
7.3720459938	-1
7.3720459938	-1
7.3720459938	-1
7.3720459938	-1
7.37928509712	-1
7.37928509712	-1
7.37928509712	-1
7.37928509712	-1
7.37928509712	-1
7.37928509712	-1
7.37928509712	-1
7.3882830143	-1
7.3882830143	-1
7.3882830143	-1
7.3882830143	-1
7.3882830143	-1
7.3946249485	-1
7.3946249485	-1
7.3946249485	-1
7.42453193665	-1
7.42453193665	-1
7.42453193665	-1
7.42453193665	-1
7.42453193665	-1
7.42453193665	-1
7.42453193665	-1
7.42453193665	-1
7.42743086815	-1
7.42743086815	-1
7.42743086815	-1
7.42743086815	-1
7.42743086815	-1
7.42743086815	-1
7.42743086815	-1
7.42746305466	1
7.42746305466	1
7.43383002281	-1
7.43383002281	-1
7.43383002281	-1
7.45340204239	-1
7.45340204239	-1
7.45340204239	-1
7.45340204239	-1
7.45340204239	-1
7.45340204239	-1
7.45340204239	-1
7.45340204239	-1
7.46291303635	-1
7.46291303635	-1
7.48714208603	-1
7.49182701111	-1
7.49182701111	-1
7.49182701111	-1
7.49305701256	1
7.49305701256	1
7.49305701256	1
7.50024199486	-1
7.50024199486	-1
7.50024199486	-1
7.50024199486	-1
7.50024199486	-1
7.50024199486	-1
7.50024199486	-1
7.50190806389	1
7.50190806389	1
7.51056289673	-1
7.51056289673	-1
7.51056289673	-1
7.51056289673	-1
7.51056289673	-1
7.51056289673	-1
7.51056289673	-1
7.5430290699	-1
7.5430290699	-1
7.5430290699	-1
7.61822104454	-1
7.61822104454	-1
7.61822104454	-1
7.61822104454	-1
7.61822104454	-1
7.61822104454	-1
7.61822104454	-1
7.62567400932	-1
7.62567400932	-1
7.62567400932	-1
7.62567400932	-1
7.62567400932	-1
7.62567400932	-1
7.62567400932	-1
7.64473795891	-1
7.64473795891	-1
7.64473795891	-1
7.64473795891	-1
7.64473795891	-1
7.64473795891	-1
7.64473795891	-1
7.64473795891	-1
7.66017889977	-1
7.66017889977	-1
7.66017889977	-1
7.66017889977	-1
7.66017889977	-1
7.66017889977	-1
7.66017889977	-1
7.66017889977	-1
7.66491007805	-1
7.66659402847	1
7.66659402847	1
7.66659402847	1
7.78438687325	-1
7.78438687325	-1
7.78438687325	-1
7.7860159874	1
7.7860159874	1
7.7860159874	1
7.80149698257	1
7.91807293892	1
7.96205806732	-1
8.02986288071	-1
8.02986288071	-1
8.02986288071	-1
8.04542303085	-1
8.04542303085	-1
8.04542303085	-1
8.04542303085	-1
8.04542303085	-1
8.04542303085	-1
8.04542303085	-1
8.05017495155	-1
8.05017495155	-1
8.05017495155	-1
8.05017495155	-1
8.05017495155	-1
8.05017495155	-1
8.05017495155	-1
8.05131697655	1
8.05867600441	-1
8.05867600441	-1
8.05867600441	-1
8.05867600441	-1
8.05867600441	-1
8.05867600441	-1
8.05867600441	-1
8.05867600441	-1
8.06891202927	-1
8.06891202927	-1
8.06891202927	-1
8.06891202927	-1
8.06891202927	-1
8.06891202927	-1
8.06891202927	-1
8.06891202927	-1
8.08144688606	-1
8.08144688606	-1
8.08144688606	-1
8.08144688606	-1
8.08144688606	-1
8.09317994118	-1
8.09317994118	-1
8.09317994118	-1
8.11532998085	-1
8.13892197609	-1
8.13892197609	-1
8.13892197609	-1
8.13892197609	-1
8.13892197609	-1
8.13892197609	-1
8.13892197609	-1
8.14220809937	-1
8.14220809937	-1
8.14220809937	-1
8.14220809937	-1
8.14220809937	-1
8.14220809937	-1
8.14220809937	-1
8.15893888474	-1
8.15893888474	-1
8.15893888474	-1
8.15893888474	-1
8.15893888474	-1
8.15893888474	-1
8.15893888474	-1
8.15893888474	-1
8.15893888474	-1
8.1633450985	-1
8.1633450985	-1
8.1633450985	-1
8.1633450985	-1
8.1633450985	-1
8.1633450985	-1
8.17702388763	-1
8.17705798149	1
8.18162989616	-1
8.18162989616	-1
8.18162989616	-1
8.18162989616	-1
8.18162989616	-1
8.18162989616	-1
8.18162989616	-1
8.18162989616	-1
8.18185591698	-1
8.18185591698	-1
8.18185591698	-1
8.18185591698	-1
8.18185591698	-1
8.19057893753	-1
8.2029030323	-1
8.2029030323	-1
8.2029030323	-1
8.2029030323	-1
8.2029030323	-1
8.2029030323	-1
8.2029030323	-1
8.2029030323	-1
8.20676803589	-1
8.20676803589	-1
8.20676803589	-1
8.20676803589	-1
8.20676803589	-1
8.20676803589	-1
8.20676803589	-1
8.22025299072	-1
8.22035694122	-1
8.22035694122	-1
8.22035694122	-1
8.22035694122	-1
8.22035694122	-1
8.22035694122	-1
8.22035694122	-1
8.23186898232	-1
8.23186898232	-1
8.23186898232	-1
8.23186898232	-1
8.23186898232	-1
8.23186898232	-1
8.23186898232	-1
8.23186898232	-1
8.24015498161	-1
8.24015498161	-1
8.24360799789	-1
8.24360799789	-1
8.24360799789	-1
8.24360799789	-1
8.24360799789	-1
8.24360799789	-1
8.24360799789	-1
8.26423692703	-1
8.26423692703	-1
8.26423692703	-1
8.26423692703	-1
8.26423692703	-1
8.26423692703	-1
8.26423692703	-1
8.26423692703	-1
8.28089189529	-1
8.28631401062	-1
8.28631401062	-1
8.28631401062	-1
8.33076906204	1
8.33076906204	1
8.34985899925	-1
8.34985899925	-1
8.35388207436	1
8.35388207436	1
8.35388207436	1
8.37400388718	-1
8.37400388718	-1
8.37400388718	-1
8.37400388718	-1
8.37400388718	-1
8.37400388718	-1
8.37400388718	-1
8.37400388718	-1
8.3755979538	1
8.3755979538	1
8.4108850956	-1
8.4108850956	-1
8.4108850956	-1
8.4108850956	-1
8.4108850956	-1
8.4108850956	-1
8.4108850956	-1
8.4108850956	-1
8.45763897896	-1
8.4576830864	1
8.46161103249	-1
8.46161103249	-1
8.46161103249	-1
8.46161103249	-1
8.46161103249	-1
8.46161103249	-1
8.46161103249	-1
8.46161103249	-1
8.46764707565	-1
8.46764707565	-1
8.46764707565	-1
8.46764707565	-1
8.46764707565	-1
8.46764707565	-1
8.46764707565	-1
8.47672796249	-1
8.48571300507	-1
8.48571300507	-1
8.48571300507	-1
8.48571300507	-1
8.48571300507	-1
8.48571300507	-1
8.48571300507	-1
8.49312806129	-1
8.50336503983	-1
8.50336503983	-1
8.50336503983	-1
8.50336503983	-1
8.50336503983	-1
8.50336503983	-1
8.50336503983	-1
8.51289105415	-1
8.51466488838	1
8.51466488838	1
8.51466488838	1
8.52694892883	-1
8.56666588783	-1
8.56666588783	-1
8.56666588783	-1
8.56666588783	-1
8.56666588783	-1
8.56666588783	-1
8.56666588783	-1
8.56666588783	-1
8.61511492729	1
8.67932009697	-1
8.67932009697	-1
8.77083706856	1
8.79559898376	-1
8.91323399544	1
8.98518800735	-1
9.06671905518	1
9.18288898468	-1
9.18288898468	-1
9.18421602249	1
9.20076704025	-1
9.20076704025	-1
9.20076704025	-1
9.20076704025	-1
9.30050086975	-1
9.30054402351	1
9.30054402351	1
9.41776394844	-1
9.41780591011	1
9.48290991783	1
9.48290991783	1
9.48290991783	1
9.48830890656	-1
9.48830890656	-1
9.48830890656	-1
9.48830890656	-1
9.48830890656	-1
9.48830890656	-1
9.48830890656	-1
9.48830890656	-1
9.48830890656	-1
9.4971549511	-1
9.4971549511	-1
9.4971549511	-1
9.4971549511	-1
9.4971549511	-1
9.4971549511	-1
9.4971549511	-1
9.50477290154	-1
9.50477290154	-1
9.50477290154	-1
9.50477290154	-1
9.50477290154	-1
9.50477290154	-1
9.50477290154	-1
9.52875208855	-1
9.52875208855	-1
9.52875208855	-1
9.52875208855	-1
9.52875208855	-1
9.52875208855	-1
9.52875208855	-1
9.52875208855	-1
9.53387904167	1
9.59570002556	-1
9.59570002556	-1
9.59570002556	-1
9.64999198914	1
9.67189192772	-1
9.67189192772	-1
9.67189192772	-1
9.67189192772	-1
9.67189192772	-1
9.67189192772	-1
9.67189192772	-1
9.67189192772	-1
9.6822180748	-1
9.6822180748	-1
9.6822180748	-1
9.6822180748	-1
9.6822180748	-1
9.6822180748	-1
9.6822180748	-1
9.70640587807	-1
9.70640587807	-1
9.70640587807	-1
9.70640587807	-1
9.70640587807	-1
9.70640587807	-1
9.70640587807	-1
9.70640587807	-1
9.73266792297	-1
9.73266792297	-1
9.73266792297	-1
9.73266792297	-1
9.73266792297	-1
9.73266792297	-1
9.73266792297	-1
9.73266792297	-1
9.76618409157	-1
9.76827001572	1
9.88234591484	-1
9.97808003426	-1
9.97808003426	-1
9.97808003426	-1
9.97808003426	-1
9.97808003426	-1
9.97808003426	-1
9.97808003426	-1
9.97808003426	-1
9.97811508179	1
9.98373389244	-1
9.98373389244	-1
9.98373389244	-1
9.98373389244	-1
9.98373389244	-1
9.98373389244	-1
9.98373389244	-1
9.98605108261	-1
9.98605108261	-1
9.98605108261	-1
9.98605108261	-1
9.98605108261	-1
9.98605108261	-1
9.98605108261	-1
9.98605108261	-1
10.0011630058	-1
10.0011630058	-1
10.0051929951	-1
10.0051929951	-1
10.0051929951	-1
10.0051929951	-1
10.0051929951	-1
10.0051929951	-1
10.0051929951	-1
10.0079979897	-1
10.0109078884	-1
10.0109078884	-1
10.0109078884	-1
10.0109078884	-1
10.0109078884	-1
10.0109078884	-1
10.0327019691	-1
10.0327019691	-1
10.0327019691	-1
10.0327019691	-1
10.0327019691	-1
10.0398609638	-1
10.0398609638	-1
10.0398609638	-1
10.0398609638	-1
10.0398609638	-1
10.0472788811	-1
10.0472788811	-1
10.0472788811	-1
10.0472788811	-1
10.0472788811	-1
10.0472788811	-1
10.0472788811	-1
10.0489780903	1
10.0489780903	1
10.0489780903	1
10.0625369549	-1
10.0625369549	-1
10.0625369549	-1
10.0625369549	-1
10.0625369549	-1
10.0625369549	-1
10.0625369549	-1
10.0625369549	-1
10.0696549416	-1
10.1216518879	-1
10.1216518879	-1
10.1216518879	-1
10.1216518879	-1
10.1216518879	-1
10.1216518879	-1
10.1216518879	-1
10.1216518879	-1
10.1216869354	1
10.1283280849	-1
10.1283280849	-1
10.1640620232	-1
10.1640620232	-1
10.2452769279	-1
10.2452769279	-1
10.2452769279	-1
10.2452769279	-1
10.2452769279	-1
10.2452769279	-1
10.2452769279	-1
10.2452769279	-1
10.2452769279	-1
10.2544410229	-1
10.2544410229	-1
10.2544410229	-1
10.2544410229	-1
10.2544410229	-1
10.2544410229	-1
10.2544410229	-1
10.2615609169	-1
10.2669889927	-1
10.2669889927	-1
10.3209559917	1
10.3486380577	-1
10.3486380577	-1
10.3486380577	-1
10.3486380577	-1
10.3486380577	-1
10.3486380577	-1
10.3486380577	-1
10.3486380577	-1
10.3699800968	-1
10.3775999546	-1
10.3775999546	-1
10.3775999546	-1
10.3775999546	-1
10.3775999546	-1
10.3775999546	-1
10.3775999546	-1
10.3819000721	-1
10.3819000721	-1
10.3819000721	-1
10.3819000721	-1
10.3819000721	-1
10.3819000721	-1
10.3819000721	-1
10.3897230625	-1
10.3897230625	-1
10.3897230625	-1
10.5514359474	-1
10.5527219772	1
10.6424980164	-1
10.6424980164	-1
10.6424980164	-1
10.7836470604	-1
10.7836809158	1
10.7836809158	1
10.9474520683	-1
10.9575099945	-1
10.9575099945	-1
10.9575099945	-1
10.9575099945	-1
10.9575099945	-1
10.9575099945	-1
10.9575099945	-1
10.9575099945	-1
10.9616658688	-1
10.9616658688	-1
10.9616658688	-1
10.9616658688	-1
10.9616658688	-1
10.9616658688	-1
10.9616658688	-1
10.9656589031	-1
10.9656589031	-1
10.9656589031	-1
10.9656589031	-1
10.9656589031	-1
10.9656589031	-1
10.9656589031	-1
11.0000009537	-1
11.0000009537	-1
11.0000009537	-1
11.0010080338	1
11.1730899811	-1
11.1730899811	-1
11.1730899811	-1
11.1730899811	-1
11.1730899811	-1
11.1730899811	-1
11.1730899811	-1
11.1730899811	-1
11.1867580414	-1
11.1867580414	-1
11.1867580414	-1
11.1867580414	-1
11.1867580414	-1
11.1867580414	-1
11.1867580414	-1
11.1867580414	-1
11.2108500004	-1
11.2112600803	1
11.2120029926	-1
11.2120029926	-1
11.2120029926	-1
11.2120029926	-1
11.2120029926	-1
11.2120029926	-1
11.2120029926	-1
11.2146608829	-1
11.2179489136	-1
11.2179489136	-1
11.2179489136	-1
11.2179489136	-1
11.2179489136	-1
11.2179489136	-1
11.2179489136	-1
11.2200570107	-1
11.221255064	-1
11.221255064	-1
11.221255064	-1
11.221255064	-1
11.221255064	-1
11.4834458828	1
11.4836249352	1
11.4836249352	1
11.4836249352	1
12.4829969406	1
13.48407197	1
13.5999999046	1
14.306910038	-1
15.4809999466	1
15.5971338749	1
23.4817559719	1
23.4819359779	1
23.4819359779	1
23.4819359779	1
23.7150259018	-1
23.7729680538	-1
23.7729680538	-1
23.7729680538	-1
27.479115963	1
29.4789319038	1
79.4560730457	-1
82.3968188763	1
