0.0	1
0.249624013901	1
0.463536024094	-1
0.464741945267	1
0.81480884552	-1
0.815575838089	1
0.818900823593	1
0.818900823593	1
0.818900823593	1
1.02417898178	1
1.09779000282	1
1.09779000282	1
1.47995495796	-1
1.48157382011	1
1.55621385574	-1
1.5575928688	1
1.63368582726	-1
1.6348400116	1
1.7086558342	-1
1.70978784561	1
1.79137086868	-1
1.9036989212	-1
1.90483784676	1
2.05128383636	-1
2.06345200539	-1
2.06345200539	-1
2.06345200539	-1
2.1171438694	-1
2.1171438694	-1
2.1171438694	-1
2.1171438694	-1
2.1171438694	-1
2.1171438694	-1
2.14541697502	-1
2.14541697502	-1
2.14541697502	-1
2.14541697502	-1
2.14541697502	-1
2.14541697502	-1
2.14541697502	-1
2.15081501007	1
2.18474888802	-1
2.20933794975	-1
2.20933794975	-1
2.20933794975	-1
2.20933794975	-1
2.20933794975	-1
2.20933794975	-1
2.20933794975	-1
2.20933794975	-1
2.29330992699	-1
2.40136384964	1
2.40335202217	-1
2.46462988853	-1
2.46462988853	-1
2.46462988853	-1
2.47499084473	1
2.47499084473	1
2.51091098785	-1
2.51091098785	-1
2.51091098785	-1
2.51091098785	-1
2.51091098785	-1
2.51091098785	-1
2.51091098785	-1
2.51091098785	-1
2.65878486633	-1
2.66003489494	1
2.7736928463	1
2.77663493156	-1
3.05209779739	-1
3.16481089592	-1
3.16481089592	-1
3.16621088982	1
3.24035000801	1
3.32577085495	-1
3.71076893806	-1
3.78489899635	-1
3.78489899635	-1
3.82561182976	-1
3.82561182976	-1
3.82561182976	-1
3.82647490501	-1
3.82647490501	-1
3.82647490501	-1
3.82647490501	-1
3.84425997734	-1
3.85047101974	1
3.8720998764	1
3.8720998764	1
3.8720998764	1
3.8720998764	1
3.87575793266	1
3.87575793266	1
3.87575793266	1
3.88297891617	-1
3.88297891617	-1
3.88297891617	-1
3.88297891617	-1
3.88297891617	-1
3.88297891617	-1
3.88297891617	-1
3.88297891617	-1
3.89342880249	-1
3.92845988274	-1
3.92845988274	-1
3.92845988274	-1
3.92845988274	-1
3.92845988274	-1
3.92845988274	-1
3.92845988274	-1
3.92845988274	-1
3.92845988274	-1
3.92880892754	-1
3.92880892754	-1
3.92909383774	1
3.92909383774	1
3.92909383774	1
3.95178794861	1
3.95178794861	1
3.95178794861	1
3.96149682999	-1
3.96149682999	-1
3.96149682999	-1
3.96149682999	-1
3.96149682999	-1
3.96149682999	-1
3.96149682999	-1
3.96149682999	-1
4.01735496521	-1
4.01735496521	-1
4.01735496521	-1
4.01735496521	-1
4.01735496521	-1
4.01735496521	-1
4.01735496521	-1
4.01735496521	-1
4.03895998001	-1
4.03895998001	-1
4.03895998001	-1
4.03895998001	-1
4.03895998001	-1
4.03895998001	-1
4.03895998001	-1
4.05624485016	-1
4.05634999275	-1
4.05634999275	-1
4.05634999275	-1
4.05634999275	-1
4.05634999275	-1
4.05634999275	-1
4.05634999275	-1
4.07426095009	-1
4.07426095009	-1
4.07426095009	-1
4.07426095009	-1
4.07426095009	-1
4.07426095009	-1
4.075496912	1
4.075496912	1
4.075496912	1
4.12768793106	-1
4.12768793106	-1
4.12768793106	-1
4.1416208744	-1
4.1416208744	-1
4.1416208744	-1
4.1416208744	-1
4.1416208744	-1
4.1416208744	-1
4.1416208744	-1
4.14224696159	-1
4.14224696159	-1
4.14224696159	-1
4.14224696159	-1
4.14224696159	-1
4.14224696159	-1
4.14224696159	-1
4.17347002029	-1
4.17347002029	-1
4.17347002029	-1
4.17352080345	1
4.17352080345	1
4.21386694908	-1
4.21386694908	-1
4.21386694908	-1
4.21386694908	-1
4.21386694908	-1
4.21386694908	-1
4.21386694908	-1
4.21386694908	-1
4.24186491966	-1
4.24186491966	-1
4.24186491966	-1
4.24186491966	-1
4.24186491966	-1
4.24186491966	-1
4.24186491966	-1
4.24186491966	-1
4.24431991577	-1
4.24431991577	-1
4.24796390533	1
4.27352380753	-1
4.27352380753	-1
4.27352380753	-1
4.27352380753	-1
4.27352380753	-1
4.27352380753	-1
4.27352380753	-1
4.27352380753	-1
4.29108595848	-1
4.29108595848	-1
4.29108595848	-1
4.29108595848	-1
4.29108595848	-1
4.29108595848	-1
4.29108595848	-1
4.29108595848	-1
4.31622195244	-1
4.31627082825	-1
4.31627082825	-1
4.31627082825	-1
4.31627082825	-1
4.31627082825	-1
4.31627082825	-1
4.31627082825	-1
4.32198095322	1
4.32267189026	-1
4.32267189026	-1
4.32267189026	-1
4.39663982391	-1
4.39663982391	-1
4.39956879616	-1
4.39956879616	-1
4.39956879616	-1
4.39956879616	-1
4.39956879616	-1
4.39956879616	-1
4.40422582626	1
4.41332387924	-1
4.41332387924	-1
4.41332387924	-1
4.41332387924	-1
4.41332387924	-1
4.4200258255	-1
4.4200258255	-1
4.4200258255	-1
4.42482185364	-1
4.42482185364	-1
4.42482185364	-1
4.42482185364	-1
4.42482185364	-1
4.42482185364	-1
4.42482185364	-1
4.42833399773	-1
4.46988582611	-1
4.46988582611	-1
4.46988582611	-1
4.47181797028	1
4.47181797028	1
4.47181797028	1
4.48435091972	-1
4.48435091972	-1
4.48435091972	-1
4.48438692093	1
4.48482489586	-1
4.48482489586	-1
4.48482489586	-1
4.48482489586	-1
4.48482489586	-1
4.48482489586	-1
4.48482489586	-1
4.49470591545	-1
4.51998591423	-1
4.51998591423	-1
4.51998591423	-1
4.52214694023	1
4.52214694023	1
4.52214694023	1
4.52649784088	-1
4.52649784088	-1
4.52801585197	1
4.52801585197	1
4.53175091743	-1
4.53175091743	-1
4.54494690895	-1
4.56146883965	1
4.56146883965	1
4.56405282021	-1
4.56405282021	-1
4.56405282021	-1
4.56405282021	-1
4.61918091774	-1
4.69324088097	1
4.69324088097	1
4.694013834	-1
4.694013834	-1
4.76754999161	1
4.76754999161	1
4.76836800575	-1
4.76836800575	-1
4.87954878807	-1
4.87954878807	-1
4.87958097458	1
4.87958097458	1
4.94655585289	-1
4.94655585289	-1
4.94655585289	-1
4.94655585289	-1
4.94655585289	-1
4.94655585289	-1
4.94655585289	-1
4.94655585289	-1
4.95323085785	-1
4.95323085785	-1
4.95323085785	-1
4.95323085785	-1
4.95323085785	-1
4.95323085785	-1
4.95323085785	-1
4.95323085785	-1
4.95421981812	1
4.95421981812	1
4.96185278893	-1
4.96185278893	-1
4.96185278893	-1
4.96185278893	-1
4.96185278893	-1
4.96185278893	-1
4.96516895294	-1
4.96516895294	-1
4.9671959877	-1
4.9671959877	-1
4.9671959877	-1
4.9671959877	-1
4.9671959877	-1
4.9671959877	-1
4.9671959877	-1
5.02056598663	-1
5.0277929306	-1
5.0277929306	-1
5.0277929306	-1
5.0277929306	-1
5.0277929306	-1
5.0277929306	-1
5.0277929306	-1
5.0277929306	-1
5.02801990509	-1
5.02836585045	1
5.07282590866	-1
5.07282590866	-1
5.07282590866	-1
5.07282590866	-1
5.07282590866	-1
5.07282590866	-1
5.07282590866	-1
5.07282590866	-1
5.07282590866	-1
5.07540488243	-1
5.07540488243	-1
5.07540488243	-1
5.07928180695	1
5.07928180695	1
5.07928180695	1
5.1762509346	-1
5.19136381149	-1
5.19136381149	-1
5.19136381149	-1
5.19136381149	-1
5.19136381149	-1
5.19136381149	-1
5.19136381149	-1
5.19136381149	-1
5.24365782738	1
5.30261778831	-1
5.30261778831	-1
5.30261778831	-1
5.30261778831	-1
5.30261778831	-1
5.31193590164	-1
5.33114385605	-1
5.33114385605	-1
5.33114385605	-1
5.33114385605	-1
5.33117580414	1
5.33117580414	1
5.33804488182	-1
5.34605193138	-1
5.34605193138	-1
5.34605193138	-1
5.35693788528	-1
5.35693788528	-1
5.35693788528	-1
5.35693788528	-1
5.35693788528	-1
5.35693788528	-1
5.41455984116	-1
5.41457796097	1
5.41457796097	1
5.45919799805	-1
5.45919799805	-1
5.45919799805	-1
5.48866486549	-1
5.49310898781	-1
5.49310898781	-1
5.49310898781	-1
5.49310898781	-1
5.49310898781	-1
5.50762796402	-1
5.50762796402	-1
5.50762796402	-1
5.50762796402	-1
5.50762796402	-1
5.50762796402	-1
5.50762796402	-1
5.50865483284	1
5.53154802322	-1
5.53154802322	-1
5.54461884499	-1
5.54461884499	-1
5.54461884499	-1
5.54461884499	-1
5.54461884499	-1
5.54461884499	-1
5.54461884499	-1
5.55749297142	-1
5.55749297142	-1
5.55749297142	-1
5.55749297142	-1
5.61185193062	-1
5.61185193062	-1
5.61185193062	-1
5.61185193062	-1
5.61185193062	-1
5.61185193062	-1
5.61186289787	1
5.61186289787	1
5.62471199036	-1
5.62471199036	-1
5.62471199036	-1
5.65540194511	-1
5.65540194511	-1
5.65540194511	-1
5.6761879921	-1
5.69969582558	-1
5.69969582558	-1
5.69969582558	-1
5.69969582558	-1
5.69969582558	-1
5.69969582558	-1
5.69969582558	-1
5.69969582558	-1
5.69973683357	1
5.69973683357	1
5.7137157917	-1
5.7137157917	-1
5.7137157917	-1
5.7137157917	-1
5.7137157917	-1
5.7137157917	-1
5.74661588669	-1
5.74661588669	-1
5.74661588669	-1
5.74661588669	-1
5.7761118412	-1
5.7761118412	-1
5.7761118412	-1
5.7761118412	-1
5.7761118412	-1
5.7761118412	-1
5.7761118412	-1
5.7761118412	-1
5.78741192818	-1
5.81206393242	-1
5.81206393242	-1
5.81206393242	-1
5.81206393242	-1
5.81206393242	-1
5.81206393242	-1
5.81206393242	-1
5.81206393242	-1
5.82219099998	-1
5.82219099998	-1
5.82219099998	-1
5.82219099998	-1
5.83299088478	-1
5.84996891022	-1
5.84996891022	-1
5.84996891022	-1
5.8581829071	-1
5.8581829071	-1
5.8581829071	-1
5.8581829071	-1
5.8581829071	-1
5.8581829071	-1
5.8581829071	-1
5.90009999275	-1
5.90009999275	-1
5.90009999275	-1
5.90009999275	-1
5.90124487877	1
5.90737485886	-1
5.90737485886	-1
5.90737485886	-1
5.90737485886	-1
5.97300601006	-1
5.97300601006	-1
5.97300601006	-1
5.97300601006	-1
5.97300601006	-1
5.97300601006	-1
5.97300601006	-1
5.97300601006	-1
5.97300601006	-1
5.97337198257	-1
5.97337198257	-1
5.97337198257	-1
5.97337198257	-1
5.97337198257	-1
5.99678492546	-1
5.99678492546	-1
5.99678492546	-1
5.99678492546	-1
5.99678492546	-1
5.99678492546	-1
5.99678492546	-1
5.99678492546	-1
5.99681901932	1
6.03558897972	-1
6.03558897972	-1
6.0393178463	1
6.0393178463	1
6.0393178463	1
6.05759000778	-1
6.05759000778	-1
6.05759000778	-1
6.05759000778	-1
6.05759000778	-1
6.05759000778	-1
6.05759000778	-1
6.05759000778	-1
6.05759000778	-1
6.06676888466	-1
6.06676888466	-1
6.06676888466	-1
6.06676888466	-1
6.06676888466	-1
6.06676888466	-1
6.06676888466	-1
6.07555985451	-1
6.0846529007	-1
6.0846529007	-1
6.09945893288	-1
6.09945893288	-1
6.09945893288	-1
6.09945893288	-1
6.09945893288	-1
6.09945893288	-1
6.09945893288	-1
6.09945893288	-1
6.12385892868	-1
6.12385892868	-1
6.12385892868	-1
6.12385892868	-1
6.12385892868	-1
6.12385892868	-1
6.12385892868	-1
6.1415309906	-1
6.1415309906	-1
6.1415309906	-1
6.1415309906	-1
6.1415309906	-1
6.1415309906	-1
6.1415309906	-1
6.1415309906	-1
6.16360878944	-1
6.16360878944	-1
6.16360878944	-1
6.16360878944	-1
6.16360878944	-1
6.16360878944	-1
6.16360878944	-1
6.16360878944	-1
6.16360878944	-1
6.18441581726	-1
6.20126891136	-1
6.20126891136	-1
6.20126891136	-1
6.2134950161	-1
6.2134950161	-1
6.2134950161	-1
6.2134950161	-1
6.2134950161	-1
6.2134950161	-1
6.2134950161	-1
6.2134950161	-1
6.24694490433	-1
6.24694490433	-1
6.24694490433	-1
6.24694490433	-1
6.24694490433	-1
6.25288701057	-1
6.25392794609	1
6.26380085945	-1
6.26380085945	-1
6.26380085945	-1
6.26380085945	-1
6.26380085945	-1
6.26380085945	-1
6.26380085945	-1
6.27061986923	-1
6.27061986923	-1
6.27061986923	-1
6.27061986923	-1
6.27061986923	-1
6.27061986923	-1
6.27061986923	-1
6.3045539856	-1
6.3045539856	-1
6.3045539856	-1
6.3045539856	-1
6.3045539856	-1
6.3045539856	-1
6.3045539856	-1
6.3045539856	-1
6.3045539856	-1
6.30490493774	-1
6.30490493774	-1
6.30490493774	-1
6.30490493774	-1
6.30490493774	-1
6.30490493774	-1
6.30490493774	-1
6.30490493774	-1
6.3377699852	-1
6.33780288696	1
6.36044001579	-1
6.36044001579	-1
6.36044001579	-1
6.36044001579	-1
6.36044001579	-1
6.36044001579	-1
6.36044001579	-1
6.36044001579	-1
6.36044001579	-1
6.36079096794	-1
6.36079096794	-1
6.36079096794	-1
6.36079096794	-1
6.36079096794	-1
6.36079096794	-1
6.36079096794	-1
6.36079096794	-1
6.36115980148	-1
6.36115980148	-1
6.36115980148	-1
6.36115980148	-1
6.39109802246	-1
6.39309096336	1
6.39309096336	1
6.39309096336	1
6.39660596848	-1
6.39660596848	-1
6.39660596848	-1
6.39660596848	-1
6.40276193619	-1
6.40276193619	-1
6.40276193619	-1
6.40276193619	-1
6.40640878677	1
6.40640878677	1
6.40934300423	-1
6.41179990768	1
6.41179990768	1
6.45326399803	1
6.45326399803	1
6.45326399803	1
6.45984196663	1
6.45984196663	1
6.47156882286	1
6.47156882286	1
6.47156882286	1
6.47510480881	1
6.47510480881	1
6.48857784271	1
6.48857784271	1
6.48857784271	1
6.48857784271	1
6.53426098824	-1
6.55216383934	-1
6.55216383934	-1
6.55216383934	-1
6.55216383934	-1
6.55216383934	-1
6.55216383934	-1
6.55216383934	-1
6.55216383934	-1
6.62320184708	-1
6.62320184708	-1
6.62320184708	-1
6.62320184708	-1
6.62320184708	-1
6.62320184708	-1
6.62320184708	-1
6.62320184708	-1
6.62320184708	-1
6.62670302391	-1
6.62670302391	-1
6.62670302391	-1
6.62670302391	-1
6.67946696281	1
6.67946696281	1
6.69323897362	-1
6.69323897362	-1
6.69378995895	-1
6.69378995895	-1
6.69378995895	-1
6.69378995895	-1
6.78426790237	-1
6.78426790237	-1
6.78426790237	-1
6.78437185287	-1
6.78437185287	-1
6.78437185287	-1
6.78437185287	-1
6.78437185287	-1
6.81455397606	-1
6.81455397606	-1
6.81455397606	-1
6.81455397606	-1
6.81455397606	-1
6.83153295517	-1
6.83212089539	-1
6.83212089539	-1
6.83212089539	-1
6.83212089539	-1
6.83212089539	-1
6.83212089539	-1
6.84322595596	-1
6.84322595596	-1
6.84322595596	-1
6.84322595596	-1
6.84322595596	-1
6.84322595596	-1
6.84322595596	-1
6.87818288803	-1
6.87818288803	-1
6.87818288803	-1
6.87823200226	-1
6.87823200226	-1
6.87823200226	-1
6.87823200226	-1
6.87823200226	-1
6.87937283516	1
6.91744089127	-1
6.91744089127	-1
6.91744089127	-1
6.92395091057	-1
6.92395091057	-1
6.92395091057	-1
6.92395091057	-1
6.92395091057	-1
6.93957781792	-1
6.93957781792	-1
6.93957781792	-1
6.93957781792	-1
6.93957781792	-1
6.93957781792	-1
6.93957781792	-1
6.93957781792	-1
6.96099591255	-1
6.96099591255	-1
6.96099591255	-1
6.96099591255	-1
6.96099591255	-1
6.96102786064	1
6.96417093277	-1
6.96417093277	-1
6.96417093277	-1
6.96417093277	-1
6.96417093277	-1
6.96417093277	-1
6.98229598999	-1
6.98229598999	-1
6.98229598999	-1
6.98975801468	-1
6.98975801468	-1
6.98975801468	-1
6.98975801468	-1
6.98975801468	-1
6.98975801468	-1
7.0158188343	-1
7.0158188343	-1
7.0158188343	-1
7.02294588089	-1
7.02294588089	-1
7.02305102348	-1
7.02305102348	-1
7.02305102348	-1
7.02305102348	-1
7.02305102348	-1
7.06066393852	-1
7.07293486595	-1
7.07293486595	-1
7.08165979385	-1
7.08165979385	-1
7.08165979385	-1
7.08165979385	-1
7.08165979385	-1
7.08165979385	-1
7.08165979385	-1
7.0850148201	-1
7.08949899673	-1
7.09519481659	-1
7.09519481659	-1
7.09519481659	-1
7.09519481659	-1
7.09519481659	-1
7.09519481659	-1
7.09519481659	-1
7.09519481659	-1
7.10558795929	-1
7.10558795929	-1
7.10558795929	-1
7.10558795929	-1
7.10558795929	-1
7.10558795929	-1
7.10558795929	-1
7.10558795929	-1
7.13963484764	-1
7.14675879478	-1
7.14675879478	-1
7.14675879478	-1
7.14675879478	-1
7.14675879478	-1
7.15683579445	-1
7.15683579445	-1
7.15683579445	-1
7.16117191315	-1
7.16117191315	-1
7.16117191315	-1
7.16117191315	-1
7.16117191315	-1
7.17024898529	-1
7.17024898529	-1
7.17024898529	-1
7.17024898529	-1
7.17024898529	-1
7.17024898529	-1
7.17024898529	-1
7.1781129837	-1
7.18042492867	-1
7.18042492867	-1
7.18042492867	-1
7.18042492867	-1
7.18042492867	-1
7.18853402138	-1
7.22328996658	-1
7.22328996658	-1
7.22328996658	-1
7.22328996658	-1
7.22328996658	-1
7.22328996658	-1
7.22328996658	-1
7.23549294472	-1
7.23653793335	1
7.23780894279	-1
7.24445199966	-1
7.24445199966	-1
7.24445199966	-1
7.24445199966	-1
7.24445199966	-1
7.24445199966	-1
7.24445199966	-1
7.25945186615	-1
7.25950098038	-1
7.25950098038	-1
7.25950098038	-1
7.29445385933	-1
7.29445385933	-1
7.29445385933	-1
7.29445385933	-1
7.29445385933	-1
7.29445385933	-1
7.29445385933	-1
7.29758501053	-1
7.30538582802	-1
7.30538582802	-1
7.30538582802	-1
7.30538582802	-1
7.3067779541	-1
7.33106589317	-1
7.33106589317	-1
7.33106589317	-1
7.33106589317	-1
7.33106589317	-1
7.33106589317	-1
7.33106589317	-1
7.33106589317	-1
7.33630895615	-1
7.36974191666	-1
7.36974191666	-1
7.37286281586	-1
7.37286281586	-1
7.37286281586	-1
7.37286281586	-1
7.37286281586	-1
7.37286281586	-1
7.38947200775	-1
7.38947200775	-1
7.42877984047	-1
7.42877984047	-1
7.42877984047	-1
7.42877984047	-1
7.42877984047	-1
7.42877984047	-1
7.42877984047	-1
7.43882679939	-1
7.43882679939	-1
7.43882679939	-1
7.43882679939	-1
7.46246981621	-1
7.46246981621	-1
7.46246981621	-1
7.46246981621	-1
7.46246981621	-1
7.46669602394	-1
7.47226786613	-1
7.47226786613	-1
7.47226786613	-1
7.47226786613	-1
7.47226786613	-1
7.47226786613	-1
7.47226786613	-1
7.47951579094	-1
7.48091387749	-1
7.48091387749	-1
7.48091387749	-1
7.48091387749	-1
7.48091387749	-1
7.48091387749	-1
7.48091387749	-1
7.49483585358	-1
7.51566100121	-1
7.51566100121	-1
7.51566100121	-1
7.51576685905	-1
7.51576685905	-1
7.51576685905	-1
7.51576685905	-1
7.51576685905	-1
7.51576685905	-1
7.54056501389	-1
7.54056501389	-1
7.54056501389	-1
7.54056501389	-1
7.54056501389	-1
7.55635380745	-1
7.55635380745	-1
7.55635380745	-1
7.55635380745	-1
7.55635380745	-1
7.55635380745	-1
7.55635380745	-1
7.57759594917	1
7.5842859745	-1
7.5842859745	-1
7.5842859745	-1
7.5842859745	-1
7.5842859745	-1
7.5842859745	-1
7.5842859745	-1
7.5842859745	-1
7.61054086685	-1
7.61129593849	-1
7.61129593849	-1
7.61129593849	-1
7.61129593849	-1
7.61129593849	-1
7.61129593849	-1
7.61129593849	-1
7.61250400543	-1
7.61250400543	-1
7.64815783501	-1
7.66712093353	-1
7.66712093353	-1
7.66712093353	-1
7.66712093353	-1
7.66712093353	-1
7.66712093353	-1
7.66712093353	-1
7.7060008049	-1
7.70611691475	-1
7.70611691475	-1
7.70611691475	-1
7.70611691475	-1
7.7514538765	-1
7.7514538765	-1
7.7514538765	-1
7.7514538765	-1
7.7514538765	-1
7.7514538765	-1
7.7514538765	-1
7.77674484253	-1
7.77679395676	-1
7.77679395676	-1
7.77679395676	-1
7.77679395676	-1
7.77679395676	-1
7.77679395676	-1
7.77679395676	-1
7.77796888351	1
7.78208780289	-1
7.78208780289	-1
7.78208780289	-1
7.78208780289	-1
7.78208780289	-1
7.78208780289	-1
7.81587791443	-1
7.84463500977	-1
7.84463500977	-1
7.84463500977	-1
7.84463500977	-1
7.84463500977	-1
7.84463500977	-1
7.84463500977	-1
7.8508348465	-1
7.8508348465	-1
7.8508348465	-1
7.8508348465	-1
7.8508348465	-1
7.8508348465	-1
7.8508348465	-1
7.86936783791	-1
7.86936783791	-1
7.86936783791	-1
7.89883995056	-1
7.89883995056	-1
7.90133500099	-1
7.90133500099	-1
7.90133500099	-1
7.90133500099	-1
7.90133500099	-1
7.90133500099	-1
7.95464301109	-1
7.95464301109	-1
7.95464301109	-1
7.95464301109	-1
7.95464301109	-1
7.95464301109	-1
7.95464301109	-1
7.95464301109	-1
7.96285796165	-1
7.96285796165	-1
7.96285796165	-1
7.96285796165	-1
7.96285796165	-1
7.96285796165	-1
7.96285796165	-1
7.97616481781	1
7.98599481583	-1
7.98599481583	-1
7.98599481583	-1
8.01014089584	-1
8.01014089584	-1
8.01014089584	-1
8.01014089584	-1
8.01014089584	-1
8.01014089584	-1
8.01014089584	-1
8.02429080009	-1
8.02717590332	-1
8.02717590332	-1
8.02717590332	-1
8.02717590332	-1
8.02717590332	-1
8.02717590332	-1
8.02717590332	-1
8.05371880531	-1
8.05371880531	-1
8.05371880531	-1
8.05371880531	-1
8.05371880531	-1
8.05371880531	-1
8.05371880531	-1
8.05371880531	-1
8.05375790596	1
8.05621385574	-1
8.07261896133	-1
8.07261896133	-1
8.10094189644	-1
8.10094189644	-1
8.10094189644	-1
8.10192394257	-1
8.10192394257	-1
8.10192394257	-1
8.10192394257	-1
8.10192394257	-1
8.10192394257	-1
8.13137292862	-1
8.13137292862	-1
8.13137292862	-1
8.14390683174	-1
8.14390683174	-1
8.14390683174	-1
8.14390683174	-1
8.14390683174	-1
8.14390683174	-1
8.14390683174	-1
8.16413998604	-1
8.16565299034	-1
8.16565299034	-1
8.16565299034	-1
8.16565299034	-1
8.16565299034	-1
8.16565299034	-1
8.16565299034	-1
8.17614102364	-1
8.19651579857	-1
8.19651579857	-1
8.19651579857	-1
8.19661998749	-1
8.19661998749	-1
8.19661998749	-1
8.19661998749	-1
8.19661998749	-1
8.19661998749	-1
8.21078681946	-1
8.21078681946	-1
8.21078681946	-1
8.21078681946	-1
8.22797179222	-1
8.22797179222	-1
8.22797179222	-1
8.22797179222	-1
8.22797179222	-1
8.26670694351	-1
8.26670694351	-1
8.26704692841	-1
8.26704692841	-1
8.26704692841	-1
8.26704692841	-1
8.26704692841	-1
8.26704692841	-1
8.27905678749	-1
8.27905678749	-1
8.27905678749	-1
8.27905678749	-1
8.27905678749	-1
8.27905678749	-1
8.27905678749	-1
8.27905678749	-1
8.30415081978	-1
8.30415081978	-1
8.30415081978	-1
8.31950998306	-1
8.31950998306	-1
8.31950998306	-1
8.31950998306	-1
8.31950998306	-1
8.36222791672	-1
8.36222791672	-1
8.36222791672	-1
8.36222791672	-1
8.36222791672	-1
8.36222791672	-1
8.36222791672	-1
8.36222791672	-1
8.37999296188	1
8.38080191612	-1
8.38080191612	-1
8.38080191612	-1
8.38080191612	-1
8.39575982094	-1
8.39575982094	-1
8.39575982094	-1
8.39575982094	-1
8.39575982094	-1
8.39575982094	-1
8.39575982094	-1
8.39575982094	-1
8.41971182823	-1
8.41971182823	-1
8.41971182823	-1
8.41971182823	-1
8.41971182823	-1
8.41971182823	-1
8.41971182823	-1
8.41971182823	-1
8.42968583107	-1
8.42968583107	-1
8.42968583107	-1
8.42968583107	-1
8.42968583107	-1
8.42968583107	-1
8.42968583107	-1
8.45288991928	-1
8.45288991928	-1
8.47781896591	-1
8.47781896591	-1
8.47781896591	-1
8.47781896591	-1
8.47781896591	-1
8.47781896591	-1
8.47781896591	-1
8.47781896591	-1
8.47785782814	1
8.49546384811	-1
8.49557495117	-1
8.49557495117	-1
8.51587986946	-1
8.51587986946	-1
8.51587986946	-1
8.51587986946	-1
8.51587986946	-1
8.51587986946	-1
8.51587986946	-1
8.51587986946	-1
8.53805685043	-1
8.53805685043	-1
8.53805685043	-1
8.53805685043	-1
8.53805685043	-1
8.53805685043	-1
8.53805685043	-1
8.53916287422	-1
8.53927302361	-1
8.53927302361	-1
8.53927302361	-1
8.53927302361	-1
8.53927302361	-1
8.53927302361	-1
8.53927302361	-1
8.55546283722	-1
8.55546283722	-1
8.55546283722	-1
8.55546283722	-1
8.55546283722	-1
8.55549502373	1
8.57655692101	-1
8.57655692101	-1
8.57655692101	-1
8.57655692101	-1
8.57655692101	-1
8.57655692101	-1
8.57655692101	-1
8.59230494499	-1
8.59398388863	-1
8.59398388863	-1
8.59398388863	-1
8.59398388863	-1
8.59398388863	-1
8.59398388863	-1
8.59398388863	-1
8.59398388863	-1
8.60106897354	-1
8.60106897354	-1
8.61227989197	-1
8.61227989197	-1
8.61227989197	-1
8.61227989197	-1
8.61227989197	-1
8.61227989197	-1
8.61227989197	-1
8.61227989197	-1
8.61430096626	-1
8.63166689873	-1
8.63166689873	-1
8.63169884682	1
8.63453197479	-1
8.63453197479	-1
8.63453197479	-1
8.63453197479	-1
8.63453197479	-1
8.63453197479	-1
8.63453197479	-1
8.63453197479	-1
8.66884589195	-1
8.66884589195	-1
8.66884589195	-1
8.66884589195	-1
8.66884589195	-1
8.66884589195	-1
8.66884589195	-1
8.66884589195	-1
8.6701028347	-1
8.67020893097	-1
8.67020893097	-1
8.67020893097	-1
8.67020893097	-1
8.67909383774	-1
8.68683385849	-1
8.68683385849	-1
8.68683385849	-1
8.68683385849	-1
8.68683385849	-1
8.68683385849	-1
8.70587086678	-1
8.70587086678	-1
8.70587086678	-1
8.70587086678	-1
8.70587086678	-1
8.70587086678	-1
8.70587086678	-1
8.70587086678	-1
8.70587086678	-1
8.70590090752	1
8.71790289879	-1
8.71790289879	-1
8.73608589172	-1
8.73608589172	-1
8.73608589172	-1
8.73608589172	-1
8.73608589172	-1
8.73608589172	-1
8.73608589172	-1
8.75152587891	-1
8.75157380104	-1
8.75157380104	-1
8.75157380104	-1
8.75157380104	-1
8.75157380104	-1
8.75157380104	-1
8.75157380104	-1
8.76690602303	-1
8.76690602303	-1
8.76690602303	-1
8.76690602303	-1
8.76690602303	-1
8.76690602303	-1
8.76690602303	-1
8.76690602303	-1
8.78181481361	-1
8.78184580803	1
8.8032579422	-1
8.8032579422	-1
8.8032579422	-1
8.8032579422	-1
8.83116984367	-1
8.83121681213	-1
8.83121681213	-1
8.83121681213	-1
8.83121681213	-1
8.83121681213	-1
8.84318995476	-1
8.84318995476	-1
8.84318995476	-1
8.84318995476	-1
8.84318995476	-1
8.84318995476	-1
8.84318995476	-1
8.85967588425	-1
8.86858391762	-1
8.86858391762	-1
8.86858391762	-1
8.86858391762	-1
8.86858391762	-1
8.86858391762	-1
8.86858391762	-1
8.86858391762	-1
8.88662481308	-1
8.88673090935	-1
8.88673090935	-1
8.88776183128	1
8.89950585365	-1
8.89950585365	-1
8.89950585365	-1
8.89950585365	-1
8.89950585365	-1
8.89950585365	-1
8.89950585365	-1
8.93301796913	-1
8.93301796913	-1
8.93301796913	-1
8.93301796913	-1
8.93301796913	-1
8.93301796913	-1
8.93301796913	-1
8.93301796913	-1
8.93528199196	-1
8.93528199196	-1
8.94337201118	-1
8.94707894325	-1
8.94707894325	-1
8.94707894325	-1
8.94707894325	-1
8.94707894325	-1
8.94707894325	-1
8.94707894325	-1
8.96663689613	-1
8.96673989296	-1
8.96673989296	-1
8.96673989296	-1
8.96673989296	-1
8.96786999702	1
8.98031401634	-1
8.98031401634	-1
8.98031401634	-1
8.98031401634	-1
8.98031401634	-1
8.99669885635	-1
8.99669885635	-1
8.99680781364	-1
8.99680781364	-1
8.99680781364	-1
8.99680781364	-1
8.99680781364	-1
8.99680781364	-1
9.01488184929	-1
9.01488184929	-1
9.01488184929	-1
9.01488184929	-1
9.01488184929	-1
9.01488184929	-1
9.01488184929	-1
9.01488184929	-1
9.0259809494	-1
9.03675580025	-1
9.03675580025	-1
9.04660487175	-1
9.04660487175	-1
9.04660487175	-1
9.04660487175	-1
9.04660487175	-1
9.04660487175	-1
9.04660487175	-1
9.04663681984	1
9.05538892746	-1
9.05543899536	-1
9.05543899536	-1
9.05543899536	-1
9.05543899536	-1
9.05543899536	-1
9.05543899536	-1
9.05543899536	-1
9.07120990753	-1
9.08065795898	-1
9.08065795898	-1
9.08346486092	-1
9.08346486092	-1
9.08346486092	-1
9.0968170166	-1
9.0968170166	-1
9.0968170166	-1
9.10341095924	-1
9.10341095924	-1
9.10341095924	-1
9.10341095924	-1
9.10341095924	-1
9.11700892448	-1
9.11700892448	-1
9.11711382866	-1
9.11711382866	-1
9.11711382866	-1
9.11711382866	-1
9.11711382866	-1
9.11711382866	-1
9.13462090492	-1
9.13462090492	-1
9.13462090492	-1
9.13462090492	-1
9.13462090492	-1
9.13465285301	1
9.14231991768	-1
9.14231991768	-1
9.14231991768	-1
9.14231991768	-1
9.14231991768	-1
9.14231991768	-1
9.14231991768	-1
9.15452980995	-1
9.15452980995	-1
9.15452980995	-1
9.15452980995	-1
9.15452980995	-1
9.15452980995	-1
9.15452980995	-1
9.15452980995	-1
9.17070579529	-1
9.17752385139	-1
9.17752385139	-1
9.17752385139	-1
9.17752385139	-1
9.17757081985	-1
9.19319796562	-1
9.19319796562	-1
9.19319796562	-1
9.19319796562	-1
9.19319796562	-1
9.19319796562	-1
9.19319796562	-1
9.20910191536	-1
9.21017980576	1
9.21058487892	-1
9.21058487892	-1
9.21058487892	-1
9.21058487892	-1
9.21058487892	-1
9.21058487892	-1
9.21058487892	-1
9.21710991859	-1
9.22882199287	-1
9.22882199287	-1
9.22882199287	-1
9.22882199287	-1
9.22882199287	-1
9.22882199287	-1
9.22882199287	-1
9.22923588753	-1
9.22923588753	-1
9.22923588753	-1
9.22923588753	-1
9.22923588753	-1
9.22923588753	-1
9.26715397835	-1
9.26715397835	-1
9.26715397835	-1
9.26715397835	-1
9.26715397835	-1
9.26715397835	-1
9.26715397835	-1
9.26715397835	-1
9.2673869133	-1
9.2673869133	-1
9.2673869133	-1
9.2673869133	-1
9.30278682709	1
9.34137487411	-1
9.41499495506	-1
12.126636982	-1
15.144318819	-1
16.4834079742	1
16.5976569653	1
16.6518619061	1
16.6518619061	1
16.6518619061	1
16.654006958	1
16.654006958	1
16.6606338024	1
16.6606338024	1
16.6606338024	1
16.662624836	1
16.662624836	1
16.6676638126	1
16.6676638126	1
16.6676638126	1
16.6691639423	1
16.6691639423	1
16.6739189625	1
16.6739189625	1
16.6739189625	1
16.7259678841	1
16.7259678841	1
16.7259678841	1
16.7259678841	1
16.9098949432	1
17.1600999832	-1
17.2545390129	-1
17.2788178921	-1
17.2788178921	-1
17.2788178921	-1
17.2881109715	-1
17.2881109715	-1
17.2881109715	-1
17.2881109715	-1
17.2881109715	-1
17.3815159798	-1
17.3815159798	-1
17.3815159798	-1
17.3828589916	1
17.4017670155	-1
17.4566400051	1
17.4566400051	1
17.4693498611	-1
17.4693498611	-1
17.4693498611	-1
17.5043458939	-1
17.5043458939	-1
17.5061168671	1
17.5061168671	1
17.5061168671	1
17.5217418671	-1
17.522382021	1
17.522382021	1
17.5837199688	-1
17.5837199688	-1
17.5837199688	-1
17.597481966	-1
17.597481966	-1
17.599159956	1
17.599159956	1
17.599159956	1
17.6732568741	1
17.8830800056	-1
17.9606378078	-1
17.9606378078	-1
17.9606378078	-1
17.9606378078	-1
17.9606378078	-1
17.9606378078	-1
17.9606378078	-1
17.9953229427	-1
18.0271878242	-1
18.0271878242	-1
18.0271878242	-1
18.0333309174	-1
18.0333309174	-1
18.0333309174	-1
18.0333309174	-1
18.0333309174	-1
18.0333309174	-1
18.0598509312	-1
18.0598509312	-1
18.070057869	-1
18.0945079327	-1
18.0945079327	-1
18.0945079327	-1
18.0945079327	-1
18.0945079327	-1
18.0945079327	-1
18.0945079327	-1
18.0945079327	-1
18.1073489189	-1
18.1073489189	-1
18.1073489189	-1
18.1073489189	-1
18.1073489189	-1
18.1073489189	-1
18.1073489189	-1
18.1338009834	-1
18.1338009834	-1
18.1338009834	-1
18.1473629475	1
18.1684269905	-1
18.1684269905	-1
18.1684269905	-1
18.1684269905	-1
18.1684269905	-1
18.1684269905	-1
18.1684269905	-1
18.1684269905	-1
18.2179079056	-1
18.2187888622	-1
18.2187888622	-1
18.2187888622	-1
18.2187888622	-1
18.2187888622	-1
18.2187888622	-1
18.2187888622	-1
18.2187888622	-1
18.2209928036	1
18.2209928036	1
18.2593719959	-1
18.2596209049	-1
18.2596209049	-1
18.2596209049	-1
18.2596209049	-1
18.2596209049	-1
18.2596209049	-1
18.2596209049	-1
18.2688958645	1
18.2688958645	1
18.2688958645	1
18.2922408581	-1
18.2925508022	-1
18.2925508022	-1
18.2925508022	-1
18.2925508022	-1
18.2925508022	-1
18.2925508022	-1
18.2925508022	-1
18.308328867	1
18.308328867	1
18.3344049454	-1
18.3344049454	-1
18.3344049454	-1
18.3344049454	-1
18.3344049454	-1
18.3344049454	-1
18.3344049454	-1
18.3345718384	-1
18.3668048382	-1
18.3668048382	-1
18.3668048382	-1
18.3668048382	-1
18.3669447899	-1
18.3669447899	-1
18.3669447899	-1
18.3669447899	-1
18.3669447899	-1
18.3970839977	1
18.3970839977	1
18.3970839977	1
18.4084630013	-1
18.4084630013	-1
18.4084630013	-1
18.4084630013	-1
18.4084630013	-1
18.4084630013	-1
18.4084630013	-1
18.4084630013	-1
18.4415748119	-1
18.4415748119	-1
18.4415748119	-1
18.4415748119	-1
18.4415748119	-1
18.4415748119	-1
18.4415748119	-1
18.4415748119	-1
18.4823248386	-1
18.4823248386	-1
18.4823248386	-1
18.4875049591	-1
18.4875049591	-1
18.5153968334	-1
18.5153968334	-1
18.5153968334	-1
18.5153968334	-1
18.5153968334	-1
18.5153968334	-1
18.5551068783	-1
18.5551068783	-1
18.5561699867	-1
18.5561699867	-1
18.5561699867	-1
18.5613708496	-1
18.58959198	-1
18.6293628216	-1
18.6293628216	-1
18.6293628216	-1
18.6293628216	-1
18.6293628216	-1
18.6293628216	-1
18.6293628216	-1
18.6293628216	-1
18.6363348961	1
18.663476944	-1
18.663476944	-1
18.663476944	-1
18.663476944	-1
18.663476944	-1
18.663476944	-1
18.663476944	-1
18.663476944	-1
18.676117897	1
18.676117897	1
18.676117897	1
18.7040369511	-1
18.7040369511	-1
18.7040369511	-1
18.7040369511	-1
18.7040369511	-1
18.7040369511	-1
18.7040369511	-1
18.7040369511	-1
18.7040369511	-1
18.7040369511	-1
18.7502138615	-1
18.7502138615	-1
18.7502138615	-1
18.7774238586	-1
18.7775259018	-1
18.7775259018	-1
18.7775259018	-1
18.7775259018	-1
18.7775259018	-1
18.7775259018	-1
18.7775259018	-1
18.7831788063	-1
18.824174881	-1
18.824174881	-1
18.824174881	-1
18.824174881	-1
18.824174881	-1
18.824174881	-1
18.824174881	-1
18.8242080212	1
18.8242080212	1
18.8521878719	-1
18.852232933	-1
18.852232933	-1
18.852232933	-1
18.852232933	-1
18.8570849895	-1
18.8570849895	-1
18.8571298122	-1
18.8571298122	-1
18.8571298122	-1
18.8571298122	-1
18.8982667923	-1
18.8982667923	-1
18.8982667923	-1
18.9260628223	-1
18.9261758327	-1
18.9261758327	-1
18.9261758327	-1
18.9309308529	-1
18.9309308529	-1
18.9309308529	-1
18.9309308529	-1
18.9309308529	-1
18.9675219059	-1
18.9998879433	-1
18.9998879433	-1
18.9998879433	-1
18.9998879433	-1
18.9998879433	-1
19.0000009537	-1
19.0001239777	-1
19.0001239777	-1
19.0001239777	-1
19.0001239777	-1
19.0001239777	-1
19.0001239777	-1
19.0001239777	-1
19.0048058033	-1
19.0416808128	-1
19.0416808128	-1
19.0416808128	-1
19.0416808128	-1
19.0740468502	-1
19.0740468502	-1
19.0740468502	-1
19.0740468502	-1
19.0740468502	-1
19.0740468502	-1
19.0740468502	-1
19.0740468502	-1
19.0786437988	-1
19.0822589397	-1
19.0822589397	-1
19.0822589397	-1
19.0822589397	-1
19.0822589397	-1
19.0822589397	-1
19.0822589397	-1
19.1156868935	-1
19.1158080101	-1
19.1158080101	-1
19.1177098751	1
19.1480519772	-1
19.1480519772	-1
19.1902937889	-1
19.1902937889	-1
19.1902937889	-1
19.1902937889	-1
19.1902937889	-1
19.1902937889	-1
19.1902937889	-1
19.2051990032	-1
19.2052309513	1
19.2377448082	-1
19.2377448082	-1
19.2377448082	-1
19.2377448082	-1
19.2377448082	-1
19.2377448082	-1
19.2757108212	-1
19.2757108212	-1
19.2757108212	-1
19.2757108212	-1
19.2757108212	-1
19.2757108212	-1
19.2757108212	-1
19.2757108212	-1
19.2841439247	-1
19.2841439247	-1
19.2841439247	-1
19.2841439247	-1
19.2841768265	1
19.2841768265	1
19.317278862	-1
19.317278862	-1
19.3294038773	-1
19.3294038773	-1
19.3294038773	-1
19.3294038773	-1
19.3294038773	-1
19.3879787922	-1
19.3879787922	-1
19.3879787922	-1
19.3879787922	-1
19.3879787922	-1
19.3879787922	-1
19.3879787922	-1
19.3879787922	-1
19.3880188465	1
19.3880188465	1
19.4034929276	-1
19.4034929276	-1
19.4034929276	-1
19.4034929276	-1
19.4034929276	-1
19.4034929276	-1
19.4034929276	-1
19.4237070084	-1
19.4336190224	-1
19.4336190224	-1
19.4336190224	-1
19.4336190224	-1
19.4336190224	-1
19.4621038437	-1
19.4621407986	1
19.4621729851	-1
19.4621729851	-1
19.4783878326	-1
19.4783878326	-1
19.4783878326	-1
19.4783878326	-1
19.4783878326	-1
19.4887599945	-1
19.4976630211	-1
19.4976630211	-1
19.4976630211	-1
19.4976630211	-1
19.4976630211	-1
19.4976630211	-1
19.536386013	-1
19.536386013	-1
19.536386013	-1
19.536386013	-1
19.536427021	1
19.536427021	1
19.5774629116	-1
19.5774629116	-1
19.5774629116	-1
19.6109008789	-1
19.6109418869	1
19.7059259415	-1
19.7224099636	-1
19.7224099636	-1
19.7224099636	-1
19.7224099636	-1
19.7224099636	-1
19.7224099636	-1
19.7224099636	-1
19.7694249153	-1
19.8253059387	-1
19.8253059387	-1
19.8253059387	-1
19.8269469738	1
19.835367918	-1
19.835367918	-1
19.835367918	-1
19.835367918	-1
19.835367918	-1
19.835367918	-1
19.8472847939	-1
19.8472847939	-1
19.8472847939	-1
19.8472847939	-1
19.8594288826	-1
19.8718588352	-1
19.8718588352	-1
19.8718588352	-1
19.8718588352	-1
19.8718588352	-1
19.9181318283	-1
19.9456288815	-1
19.9473679066	1
19.9828968048	-1
19.9828968048	-1
19.9828968048	-1
19.9828968048	-1
19.9828968048	-1
19.9828968048	-1
19.9828968048	-1
19.9828968048	-1
19.9915008545	-1
19.9915008545	-1
19.9915008545	-1
19.9915008545	-1
20.0063869953	-1
20.0063869953	-1
20.0063869953	-1
20.0063869953	-1
20.0063869953	-1
20.0063869953	-1
20.0063869953	-1
20.056609869	1
20.0930938721	-1
20.2041289806	-1
20.2041289806	-1
20.2786009312	-1
20.2801280022	1
20.2801280022	1
20.2801280022	1
20.4617137909	1
20.5864849091	-1
20.6465280056	-1
20.6465280056	-1
20.6465280056	-1
20.6465280056	-1
20.6465280056	-1
20.6465280056	-1
20.6465280056	-1
20.6465280056	-1
20.6580519676	1
20.6582508087	-1
20.6582508087	-1
20.6582508087	-1
20.6582508087	-1
20.6582508087	-1
20.6639328003	-1
20.6648960114	-1
20.6648960114	-1
20.6957128048	1
20.6957128048	1
20.6957128048	1
20.7414038181	-1
20.7414038181	-1
20.7414038181	-1
20.7414038181	-1
20.7414038181	-1
20.7414038181	-1
20.7414038181	-1
20.7414388657	1
20.8220558167	1
20.8891580105	-1
20.8891580105	-1
20.9157068729	-1
20.9157068729	-1
20.9157068729	-1
20.9157068729	-1
20.9157068729	-1
20.9157068729	-1
20.9157459736	1
20.9307289124	-1
20.9307289124	-1
20.9309380054	-1
20.9309380054	-1
20.9309380054	-1
20.9309380054	-1
20.9309380054	-1
20.9540159702	-1
20.9576599598	-1
20.9576599598	-1
20.9751598835	-1
20.9751598835	-1
20.9751598835	-1
20.9751598835	-1
20.9751598835	-1
20.9751598835	-1
20.9751598835	-1
20.9761447906	1
20.9761447906	1
20.9761447906	1
20.9898309708	1
20.9898619652	-1
21.0632269382	-1
21.0632269382	-1
21.0632269382	-1
21.0632269382	-1
21.0632269382	-1
21.0632269382	-1
21.0635538101	1
21.0635538101	1
21.1374399662	-1
21.137472868	1
21.137472868	1
21.2247829437	-1
21.2399158478	-1
21.2399158478	-1
21.2399158478	-1
21.2399158478	-1
21.2415239811	1
21.2545390129	-1
21.2545390129	-1
21.2546429634	-1
21.2546429634	-1
21.2546429634	-1
21.2546429634	-1
21.2546429634	-1
21.2546429634	-1
21.2761008739	-1
21.2761008739	-1
21.3820168972	-1
21.3820168972	-1
21.3820168972	-1
21.3829510212	-1
21.3829510212	-1
21.3829510212	-1
21.4029078484	-1
21.4029078484	-1
21.4029078484	-1
21.4029078484	-1
21.4029078484	-1
21.4029078484	-1
21.4412419796	-1
21.4412419796	-1
21.4412899017	-1
21.4412899017	-1
21.4412899017	-1
21.4412899017	-1
21.4412899017	-1
21.4412899017	-1
21.445761919	1
21.4905548096	-1
21.4905548096	-1
21.4905548096	-1
21.4905548096	-1
21.5101218224	-1
21.5101218224	-1
21.5340659618	-1
21.5340659618	-1
21.5340659618	-1
21.5340659618	-1
21.5340659618	-1
21.5340659618	-1
21.5340659618	-1
21.5340659618	-1
21.584777832	-1
21.584777832	-1
21.584777832	-1
21.584777832	-1
21.584777832	-1
21.584777832	-1
21.584777832	-1
21.584777832	-1
21.584777832	-1
21.5893018246	-1
21.5893018246	-1
21.5893018246	-1
21.5893018246	-1
21.5893018246	-1
21.5893018246	-1
21.5893018246	-1
21.6080698967	-1
21.6083729267	-1
21.6083729267	-1
21.6093478203	1
21.6240959167	-1
21.6240959167	-1
21.6240959167	-1
21.6588058472	-1
21.6588058472	-1
21.6588058472	-1
21.6588058472	-1
21.6588058472	-1
21.6588058472	-1
21.6588058472	-1
21.6588058472	-1
21.7115228176	-1
21.7115228176	-1
21.7115228176	-1
21.7115588188	1
21.7115588188	1
21.7397668362	-1
21.7397668362	-1
21.7397668362	-1
21.7397668362	-1
21.7397668362	-1
21.7397668362	-1
21.7397668362	-1
21.794397831	-1
21.7944397926	1
21.7944698334	-1
21.7944698334	-1
21.7944698334	-1
21.7944698334	-1
21.7944698334	-1
21.7944698334	-1
21.7944698334	-1
21.8104908466	-1
21.8104908466	-1
21.8104908466	-1
21.8104908466	-1
21.8104908466	-1
21.8642919064	-1
21.8642919064	-1
21.8642919064	-1
21.8642919064	-1
21.8642919064	-1
21.8642919064	-1
21.8642919064	-1
21.8919188976	-1
21.8919529915	1
21.897466898	-1
21.897466898	-1
21.897466898	-1
21.897466898	-1
21.897466898	-1
21.897466898	-1
21.897466898	-1
21.897466898	-1
21.8976948261	-1
21.8976948261	-1
21.9375917912	-1
21.9375917912	-1
21.9375917912	-1
21.9375917912	-1
21.9375917912	-1
21.9375917912	-1
21.9926729202	-1
21.9926729202	-1
21.9926729202	-1
21.9926729202	-1
21.9926729202	-1
21.9926729202	-1
21.9926729202	-1
21.9926729202	-1
21.9927079678	1
22.0251698494	-1
22.0251698494	-1
22.0251698494	-1
22.0251698494	-1
22.0251698494	-1
22.0251698494	-1
22.0251698494	-1
22.0251698494	-1
22.029987812	-1
22.029987812	-1
22.029987812	-1
22.029987812	-1
22.029987812	-1
22.0356140137	-1
22.0412449837	-1
22.0412449837	-1
22.0412449837	-1
22.0412449837	-1
22.0667219162	-1
22.0667219162	-1
22.0667219162	-1
22.0667619705	1
22.0667619705	1
22.0730719566	-1
22.0761628151	-1
22.0761628151	-1
22.0761628151	-1
22.0761628151	-1
22.0761628151	-1
22.0761628151	-1
22.0761628151	-1
22.0991740227	-1
22.1044909954	-1
22.1044909954	-1
22.1044909954	-1
22.1044909954	-1
22.1044909954	-1
22.1373529434	-1
22.1373529434	-1
22.1373529434	-1
22.1373529434	-1
22.1373529434	-1
22.1373529434	-1
22.1373529434	-1
22.1634638309	-1
22.1634969711	1
22.1634969711	1
22.1635270119	-1
22.1635270119	-1
22.1635270119	-1
22.1635270119	-1
22.1635270119	-1
22.1635270119	-1
22.1803569794	-1
22.1803569794	-1
22.1803569794	-1
22.1803569794	-1
22.1803569794	-1
22.1803569794	-1
22.1803569794	-1
22.1803569794	-1
22.2180039883	-1
22.2195730209	-1
22.2195730209	-1
22.2264559269	-1
22.2264559269	-1
22.2264559269	-1
22.2264559269	-1
22.2264559269	-1
22.2264559269	-1
22.2264559269	-1
22.2530229092	-1
22.2530229092	-1
22.2530229092	-1
22.2530229092	-1
22.2530229092	-1
22.2530229092	-1
22.2530229092	-1
22.2530229092	-1
22.2840828896	-1
22.2840828896	-1
22.2840828896	-1
22.2840828896	-1
22.2840828896	-1
22.2840828896	-1
22.2840828896	-1
22.2840828896	-1
22.2935009003	-1
22.2946720123	1
22.3212108612	-1
22.3212108612	-1
22.3212108612	-1
22.3212108612	-1
22.3212108612	-1
22.3212108612	-1
22.3212108612	-1
22.3212108612	-1
22.3551869392	-1
22.3551869392	-1
22.3551869392	-1
22.3551869392	-1
22.3551869392	-1
22.3551869392	-1
22.3551869392	-1
22.3551869392	-1
22.4064660072	-1
22.4064660072	-1
22.4064660072	-1
22.4080929756	1
22.4207148552	-1
22.4207148552	-1
22.4207148552	-1
22.4207148552	-1
22.4207148552	-1
22.4207148552	-1
22.4207148552	-1
22.4371738434	-1
22.4371738434	-1
22.4371738434	-1
22.4371738434	-1
22.4371738434	-1
22.4371738434	-1
22.4371738434	-1
22.4371738434	-1
22.4586849213	-1
22.4753749371	-1
22.4753749371	-1
22.5012588501	-1
22.5012588501	-1
22.5012588501	-1
22.5012588501	-1
22.5012588501	-1
22.5012588501	-1
22.5012588501	-1
22.5547728539	-1
22.5547728539	-1
22.5547728539	-1
22.5547728539	-1
22.5547728539	-1
22.5547728539	-1
22.5857958794	1
22.6270668507	-1
22.6270668507	-1
22.6270668507	-1
22.6290779114	1
22.6290779114	1
22.6290779114	1
22.6616518497	1
22.6616518497	1
22.6616518497	1
22.7445509434	-1
22.8520088196	1
22.8794569969	-1
22.9256119728	1
22.9914939404	-1
22.9914939404	-1
23.0521140099	-1
23.0521140099	-1
23.0521140099	-1
23.0521140099	-1
23.0521140099	-1
23.0521140099	-1
23.1331160069	1
23.2001168728	-1
23.2001168728	-1
23.2119498253	-1
23.2119498253	-1
23.2119498253	-1
23.2119498253	-1
23.2119498253	-1
23.2119498253	-1
23.2119498253	-1
23.2119848728	1
23.2492418289	-1
23.2492918968	-1
23.2492918968	-1
23.2492918968	-1
23.2492918968	-1
23.2492918968	-1
23.2492918968	-1
23.2492918968	-1
23.283851862	-1
23.283851862	-1
23.283851862	-1
23.283851862	-1
23.283851862	-1
23.283851862	-1
23.283851862	-1
23.2858538628	1
23.2858538628	1
23.3160829544	-1
23.3160829544	-1
23.3160829544	-1
23.3160829544	-1
23.3160829544	-1
23.3160829544	-1
23.3160829544	-1
23.3160829544	-1
23.3275249004	1
23.3275249004	1
23.3275249004	1
23.3597857952	1
23.3597857952	1
23.359828949	-1
23.359828949	-1
23.3600549698	-1
23.3600549698	-1
23.3600549698	-1
23.3600549698	-1
23.4015188217	-1
23.4015188217	-1
23.4341218472	-1
23.4341638088	1
23.4947710037	-1
23.4947710037	-1
23.4947710037	-1
23.4947710037	-1
23.4947710037	-1
23.4947710037	-1
23.4947710037	-1
23.5081279278	1
23.5081279278	1
23.6368010044	-1
23.6368508339	1
23.6368508339	1
23.8044168949	-1
23.8477289677	-1
23.8477289677	-1
23.8477289677	-1
23.8477289677	-1
23.9066059589	-1
23.9066059589	-1
23.9223949909	-1
23.9260959625	1
23.996311903	-1
23.996311903	-1
24.0131149292	-1
24.0131149292	-1
24.0131149292	-1
24.0131149292	-1
24.0131149292	-1
24.0222489834	-1
24.0247638226	1
24.0471508503	-1
24.0471508503	-1
24.060521841	-1
24.060521841	-1
24.060521841	-1
24.060521841	-1
24.060521841	-1
24.1177978516	-1
24.1177978516	-1
24.1177978516	-1
24.1178348064	1
24.1811659336	-1
24.1811659336	-1
24.1916668415	-1
24.1917068958	1
24.1917068958	1
24.2771039009	-1
24.2785189152	1
24.3088459969	-1
24.3088459969	-1
24.3088459969	-1
24.3096148968	-1
24.3096148968	-1
24.3096148968	-1
24.3096148968	-1
24.3096148968	-1
24.3523499966	1
24.4610009193	-1
24.4610409737	1
24.5745358467	1
24.6499078274	-1
24.6515398026	1
24.7254629135	-1
24.7255039215	1
24.7994120121	-1
24.7994458675	1
24.9128668308	1
24.9782128334	-1
25.0257937908	1
25.0701417923	-1
25.0701417923	-1
25.0701417923	-1
25.1000759602	1
25.1142528057	-1
25.1142528057	-1
25.1142528057	-1
25.1142528057	-1
25.1142528057	-1
25.1142528057	-1
25.1319868565	-1
25.1319868565	-1
25.1571137905	-1
25.1571137905	-1
25.1571137905	-1
25.1571137905	-1
25.1571137905	-1
25.1571137905	-1
25.1579358578	1
25.1579358578	1
25.1579358578	1
25.2474298477	1
25.2474298477	1
25.2727777958	-1
25.3447988033	-1
25.3447988033	-1
25.3447988033	-1
25.3447988033	-1
25.3447988033	-1
25.3447988033	-1
25.3447988033	-1
25.3905398846	1
25.4577009678	-1
25.4577009678	-1
25.4783840179	-1
25.4783840179	-1
25.4783840179	-1
25.4783840179	-1
25.4783840179	-1
25.4783840179	-1
25.4784169197	1
25.5022108555	-1
25.5022108555	-1
25.5520918369	1
25.5520918369	1
25.5649349689	-1
25.5649349689	-1
25.5649349689	-1
25.5649349689	-1
25.5649349689	-1
25.5649349689	-1
25.5649349689	-1
25.5764558315	-1
25.5766618252	-1
25.5766618252	-1
25.5766618252	-1
25.5766618252	-1
25.5766618252	-1
25.5766618252	-1
25.5995559692	-1
25.5995559692	-1
25.6259629726	-1
25.6523058414	-1
25.6523058414	-1
25.6523058414	-1
25.6523058414	-1
25.6523058414	-1
25.6523058414	-1
25.6523058414	-1
25.8059267998	-1
25.8059267998	-1
25.8059267998	-1
25.8059267998	-1
25.8059267998	-1
25.8059267998	-1
25.8890810013	-1
25.9673299789	-1
25.9698908329	-1
25.9698908329	-1
25.9698908329	-1
25.9698908329	-1
26.1177389622	-1
26.1460897923	-1
26.1460897923	-1
26.1460897923	-1
26.1460897923	-1
26.1917338371	-1
26.2181279659	1
26.2731218338	-1
26.2790298462	-1
26.2790298462	-1
26.2790298462	-1
26.2839958668	-1
26.2839958668	-1
26.2839958668	-1
26.2839958668	-1
26.2839958668	-1
26.2839958668	-1
26.2839958668	-1
26.3047578335	-1
26.3047938347	1
26.3047938347	1
26.3528299332	-1
26.4609539509	1
26.4609539509	1
26.4884479046	1
26.4884479046	1
26.4884479046	1
26.490945816	1
26.490945816	1
26.4937419891	1
26.4937419891	1
26.4937419891	1
26.4956748486	1
26.4956748486	1
26.4994688034	1
26.4994688034	1
26.4994688034	1
26.5346808434	1
26.6274609566	-1
26.629393816	1
26.7576949596	1
26.7576949596	1
26.8496108055	-1
26.9047210217	-1
26.9047210217	-1
26.9047210217	-1
26.9939849377	-1
26.9939849377	-1
26.9939849377	-1
27.0210168362	-1
27.0210168362	-1
27.0248618126	1
27.0692949295	-1
27.0692949295	-1
27.0692949295	-1
27.0692949295	-1
27.119579792	-1
27.119579792	-1
27.1213858128	1
27.1302719116	-1
27.1302719116	-1
27.1321418285	1
27.1321418285	1
27.1321418285	1
27.1833939552	-1
27.1833939552	-1
27.1833939552	-1
27.1850938797	1
27.1850938797	1
27.1964039803	-1
27.1964039803	-1
27.1964039803	-1
27.1964039803	-1
27.1964039803	-1
27.1964039803	-1
27.1964039803	-1
27.1964437962	1
27.2204039097	-1
27.2204329967	-1
27.2204329967	-1
27.2204329967	-1
27.2204329967	-1
27.2723388672	1
27.2727658749	-1
27.2727658749	-1
27.2727658749	-1
27.2763948441	1
27.2763948441	1
27.2763948441	1
27.2863388062	-1
27.2863388062	-1
27.2881269455	1
27.2881269455	1
27.3227329254	-1
27.3227329254	-1
27.3227329254	-1
27.3227329254	-1
27.3227329254	-1
27.3227329254	-1
27.3227329254	-1
27.3227329254	-1
27.3238949776	1
27.3238949776	1
27.3238949776	1
27.3368208408	-1
27.3368208408	-1
27.3368208408	-1
27.3368208408	-1
27.3368208408	-1
27.3368208408	-1
27.3368208408	-1
27.3368208408	-1
27.3526849747	1
27.3531579971	-1
27.3540799618	-1
27.3540799618	-1
27.3540799618	-1
27.3540799618	-1
27.5100698471	-1
27.5100698471	-1
27.5100698471	-1
27.5223989487	-1
27.5223989487	-1
27.5223989487	-1
27.5223989487	-1
27.5223989487	-1
27.5223989487	-1
27.550205946	-1
27.550205946	-1
27.550205946	-1
27.550205946	-1
27.550205946	-1
27.5737378597	-1
27.5748949051	-1
27.5748949051	-1
27.5748949051	-1
27.5748949051	-1
27.5821537971	-1
27.591837883	-1
27.591837883	-1
27.591837883	-1
27.591837883	-1
27.591837883	-1
27.591837883	-1
27.591837883	-1
27.591837883	-1
27.591837883	-1
27.5921349525	-1
27.5921349525	-1
27.5921349525	-1
27.5921349525	-1
27.5921349525	-1
27.6306359768	-1
27.6306359768	-1
27.6306359768	-1
27.6306359768	-1
27.6306359768	-1
27.6306359768	-1
27.6306359768	-1
27.6306359768	-1
27.6306359768	-1
27.6656658649	-1
27.6656658649	-1
27.6722970009	-1
27.6734528542	1
27.7040839195	-1
27.7040839195	-1
27.7040839195	-1
27.7040839195	-1
27.7040839195	-1
27.7443029881	-1
27.7443568707	-1
27.7443568707	-1
27.7611348629	1
27.7750608921	-1
27.7750608921	-1
27.7750608921	-1
27.7750608921	-1
27.7750608921	-1
27.8085849285	-1
27.8086907864	-1
27.8086907864	-1
27.8242139816	1
27.8242139816	1
27.8242139816	1
27.8390159607	-1
27.8390159607	-1
27.8390159607	-1
27.8390159607	-1
27.8390159607	-1
27.8390159607	-1
27.8390159607	-1
27.8390159607	-1
27.8937489986	-1
27.8980269432	-1
27.8980269432	-1
27.8980269432	-1
27.9135499001	1
27.9358599186	-1
27.9358599186	-1
27.9358599186	-1
27.9358599186	-1
27.9358599186	-1
27.9648168087	-1
27.9648168087	-1
27.9648168087	-1
27.9648168087	-1
27.9648168087	-1
27.9648168087	-1
27.9648168087	-1
27.9648168087	-1
27.9843327999	-1
27.9843327999	-1
27.9843327999	-1
27.9843327999	-1
27.9843327999	-1
27.9843327999	-1
27.9843327999	-1
27.9843327999	-1
28.0128128529	1
28.0259549618	-1
28.0259549618	-1
28.0259549618	-1
28.0259549618	-1
28.0259549618	-1
28.0259549618	-1
28.0259549618	-1
28.0259549618	-1
28.0458087921	-1
28.0514218807	-1
28.0514218807	-1
28.0514218807	-1
28.0514218807	-1
28.0514218807	-1
28.0522418022	1
28.0522418022	1
28.0522418022	1
28.0530629158	-1
28.0798869133	-1
28.0798869133	-1
28.0798869133	-1
28.0798869133	-1
28.0798869133	-1
28.0798869133	-1
28.0798869133	-1
28.0937697887	-1
28.0938239098	-1
28.0938239098	-1
28.0938239098	-1
28.1380059719	-1
28.1380059719	-1
28.1380059719	-1
28.1587898731	-1
28.1587898731	-1
28.1803338528	-1
28.1803338528	-1
28.1803338528	-1
28.1803338528	-1
28.1803338528	-1
28.1803679466	1
28.1912069321	-1
28.1913158894	-1
28.1913158894	-1
28.1913158894	-1
28.1913158894	-1
28.1913158894	-1
28.1913158894	-1
28.205644846	-1
28.205644846	-1
28.205644846	-1
28.205644846	-1
28.205644846	-1
28.205644846	-1
28.205644846	-1
28.205644846	-1
28.2361598015	1
28.2361598015	1
28.2361598015	1
28.2440829277	-1
28.2440829277	-1
28.2440829277	-1
28.2440829277	-1
28.2440829277	-1
28.2440829277	-1
28.2440829277	-1
28.2440829277	-1
28.2519109249	1
28.2519109249	1
28.2647678852	-1
28.2648029327	1
28.2674078941	-1
28.2674078941	-1
28.2674078941	-1
28.2674078941	-1
28.2674078941	-1
28.2674078941	-1
28.2795507908	-1
28.2907137871	-1
28.2907137871	-1
28.2907137871	-1
28.2907137871	-1
28.2907137871	-1
28.2907137871	-1
28.2907137871	-1
28.337816	-1
28.3384699821	-1
28.3384699821	-1
28.3384699821	-1
28.3384699821	-1
28.3384699821	-1
28.3384699821	-1
28.3384699821	-1
28.3384699821	-1
28.3602178097	-1
28.3603229523	-1
28.3603229523	-1
28.3603229523	-1
28.3603229523	-1
28.3603229523	-1
28.3603229523	-1
28.3603229523	-1
28.3842339516	1
28.3962190151	-1
28.3962190151	-1
28.3962190151	-1
28.3962190151	-1
28.3962190151	-1
28.3962190151	-1
28.3962190151	-1
28.3962190151	-1
28.411826849	-1
28.411826849	-1
28.411826849	-1
28.411826849	-1
28.411826849	-1
28.411826849	-1
28.411826849	-1
28.411826849	-1
28.4306428432	-1
28.4317288399	-1
28.4317288399	-1
28.4317288399	-1
28.4317288399	-1
28.4317848682	1
28.4317848682	1
28.4317848682	1
28.4583098888	-1
28.4583098888	-1
28.4583098888	-1
28.4814908504	-1
28.4814908504	-1
28.5242669582	-1
28.5242669582	-1
28.5242669582	-1
28.5320999622	1
28.5383689404	-1
28.5383689404	-1
28.5383689404	-1
28.5383689404	-1
28.5383689404	-1
28.5383689404	-1
28.5383689404	-1
28.547976017	-1
28.547976017	-1
28.547976017	-1
28.547976017	-1
28.547976017	-1
28.547976017	-1
28.547976017	-1
28.5591199398	-1
28.5591199398	-1
28.5591199398	-1
28.5591199398	-1
28.5591199398	-1
28.5591199398	-1
28.5591199398	-1
28.5591199398	-1
28.5721318722	-1
28.5721318722	-1
28.5721318722	-1
28.5721318722	-1
28.5808529854	-1
28.5921769142	-1
28.5921769142	-1
28.5921769142	-1
28.5921769142	-1
28.5921769142	-1
28.5921769142	-1
28.5921769142	-1
28.6078658104	1
28.6198129654	-1
28.6198129654	-1
28.6198129654	-1
28.6198129654	-1
28.6198129654	-1
28.6293349266	-1
28.6295099258	-1
28.6295099258	-1
28.6295099258	-1
28.6295099258	-1
28.6295099258	-1
28.6295099258	-1
28.6544878483	-1
28.6544878483	-1
28.6544878483	-1
28.6544878483	-1
28.6544878483	-1
28.6544878483	-1
28.6544878483	-1
28.6544878483	-1
28.6785728931	-1
28.6785728931	-1
28.681883812	1
28.7145719528	-1
28.7145719528	-1
28.7145719528	-1
28.7145719528	-1
28.7145719528	-1
28.7145719528	-1
28.7145719528	-1
28.7145719528	-1
28.7145719528	-1
28.7564358711	1
28.7586297989	-1
28.7586297989	-1
28.7586297989	-1
28.8093388081	-1
28.8093388081	-1
28.8093388081	-1
28.8093388081	-1
28.8093388081	-1
28.8093388081	-1
28.8093388081	-1
28.8093388081	-1
28.8212249279	-1
28.8212249279	-1
28.8212249279	-1
28.8212249279	-1
28.8212249279	-1
28.8212249279	-1
28.8212249279	-1
28.8212249279	-1
28.8305499554	1
28.8519399166	1
28.8519399166	1
28.8519399166	1
28.8721239567	-1
28.8721239567	-1
28.8721239567	-1
28.8722288609	-1
28.8722288609	-1
28.8722288609	-1
28.8722288609	-1
28.8860588074	-1
28.9022879601	-1
28.9022879601	-1
28.9022879601	-1
28.9022879601	-1
28.9022879601	-1
28.9022879601	-1
28.9022879601	-1
28.919164896	-1
28.919164896	-1
28.919164896	-1
28.919164896	-1
28.919164896	-1
28.919164896	-1
28.919164896	-1
28.919164896	-1
28.9315769672	-1
28.931609869	-1
28.931609869	-1
28.9874179363	-1
28.9874179363	-1
28.9874179363	-1
28.9889199734	1
29.0141999722	-1
29.0141999722	-1
29.0162289143	1
29.0162289143	1
29.0162289143	1
29.0238778591	1
29.0238778591	1
29.0469958782	-1
29.0469958782	-1
29.0469958782	-1
29.0471158028	-1
29.0471158028	-1
29.0471158028	-1
29.0471158028	-1
29.0471158028	-1
29.0471158028	-1
29.0901489258	1
29.0901489258	1
29.1013429165	-1
29.1013429165	-1
29.1013429165	-1
29.1124489307	-1
29.1124489307	-1
29.1124489307	-1
29.1124489307	-1
29.1124489307	-1
29.1612229347	-1
29.1612229347	-1
29.1612229347	-1
29.164659977	-1
29.1647019386	1
29.1647019386	1
29.1973748207	-1
29.1973748207	-1
29.1973748207	-1
29.1973748207	-1
29.1973748207	-1
29.1973748207	-1
29.1973748207	-1
29.1973748207	-1
29.2069108486	-1
29.2069108486	-1
29.2069108486	-1
29.2069108486	-1
29.2069108486	-1
29.2069108486	-1
29.2069108486	-1
29.2069108486	-1
29.2258508205	-1
29.2262020111	-1
29.2262020111	-1
29.2262020111	-1
29.2262020111	-1
29.2372159958	-1
29.2385427952	1
29.2555098534	-1
29.2555098534	-1
29.2555098534	-1
29.2555098534	-1
29.2555098534	-1
29.2555098534	-1
29.2555098534	-1
29.2652509212	-1
29.2653570175	-1
29.2653570175	-1
29.2653570175	-1
29.2653570175	-1
29.2653570175	-1
29.2653570175	-1
29.2653570175	-1
29.2811620235	-1
29.2811620235	-1
29.2811620235	-1
29.2811620235	-1
29.2811620235	-1
29.2811620235	-1
29.2811620235	-1
29.2811620235	-1
29.2998218536	-1
29.2998218536	-1
29.2998218536	-1
29.3095459938	-1
29.3120839596	1
29.3445680141	-1
29.3445680141	-1
29.3445680141	-1
29.3819389343	-1
29.3819389343	-1
29.3819389343	-1
29.3819389343	-1
29.3819389343	-1
29.3819389343	-1
29.385892868	1
29.4289259911	-1
29.4289259911	-1
29.4289259911	-1
29.4289259911	-1
29.4289259911	-1
29.4289259911	-1
29.4289259911	-1
29.4389679432	-1
29.4405407906	-1
29.4405407906	-1
29.4405407906	-1
29.4405407906	-1
29.4405407906	-1
29.4405407906	-1
29.4596989155	1
29.4596989155	1
29.5210928917	-1
29.5210928917	-1
29.5210928917	-1
29.5336430073	1
29.5336430073	1
29.5508170128	-1
29.5508170128	-1
29.5508170128	-1
29.5508170128	-1
29.5508170128	-1
29.5508170128	-1
29.5508170128	-1
29.5914828777	-1
29.5914828777	-1
29.5914828777	-1
29.5914828777	-1
29.5914828777	-1
29.5914828777	-1
29.5914828777	-1
29.6111798286	1
29.6194620132	-1
29.6194620132	-1
29.6194620132	-1
29.6194620132	-1
29.6194620132	-1
29.6194620132	-1
29.6194620132	-1
29.6194620132	-1
29.635917902	-1
29.6671040058	-1
29.6671040058	-1
29.6671040058	-1
29.6692428589	1
29.6692428589	1
29.6692428589	1
29.6725418568	1
29.6725418568	1
29.7044639587	-1
29.7044639587	-1
29.7044639587	-1
29.7044639587	-1
29.7044639587	-1
29.7044639587	-1
29.7044639587	-1
29.7402198315	-1
29.7455778122	-1
29.7455778122	-1
29.7455778122	-1
29.7455778122	-1
29.7455778122	-1
29.7455778122	-1
29.7455778122	-1
29.7455778122	-1
29.778015852	-1
29.7781429291	-1
29.7781429291	-1
29.7781429291	-1
29.7781429291	-1
29.7781429291	-1
29.7781429291	-1
29.7781429291	-1
29.8091859818	-1
29.8091859818	-1
29.8091859818	-1
29.8263039589	-1
29.8263039589	-1
29.8263039589	-1
29.8263039589	-1
29.8263039589	-1
29.8263039589	-1
29.8263039589	-1
29.856762886	-1
29.856762886	-1
29.856762886	-1
29.856762886	-1
29.856762886	-1
29.856762886	-1
29.856762886	-1
29.856762886	-1
29.8622159958	1
29.8905940056	-1
29.8907690048	-1
29.8907690048	-1
29.899420023	-1
29.899420023	-1
29.899420023	-1
29.899420023	-1
29.899420023	-1
29.899420023	-1
29.899420023	-1
29.9684488773	-1
29.9684488773	-1
29.9684488773	-1
29.9684648514	1
29.9684648514	1
29.9708218575	-1
29.9708218575	-1
29.9708218575	-1
29.9708218575	-1
29.9708218575	-1
29.9708218575	-1
29.9726428986	-1
29.9726428986	-1
29.9776568413	1
29.9776568413	1
29.9776568413	1
30.0062389374	-1
30.0062389374	-1
30.0062389374	-1
30.0062389374	-1
30.0062389374	-1
30.0062389374	-1
30.0062389374	-1
30.0062389374	-1
30.0381858349	-1
30.0381858349	-1
30.0381858349	-1
30.0381858349	-1
30.0381858349	-1
30.0381858349	-1
30.0381858349	-1
30.0381858349	-1
30.0418679714	1
30.0418679714	1
30.0418679714	1
30.0533099174	-1
30.0533099174	-1
30.0533099174	-1
30.0533099174	-1
30.0533099174	-1
30.0533099174	-1
30.0533099174	-1
30.0533099174	-1
30.0736458302	-1
30.1002709866	-1
30.1002709866	-1
30.1152398586	-1
30.1152398586	-1
30.1152398586	-1
30.1152398586	-1
30.1152398586	-1
30.1152398586	-1
30.1152398586	-1
30.1152398586	-1
30.1301169395	-1
30.1301169395	-1
30.1301169395	-1
30.1301169395	-1
30.1301169395	-1
30.1301169395	-1
30.1301169395	-1
30.1301169395	-1
30.1560738087	-1
30.1561028957	-1
30.1561028957	-1
30.1829488277	-1
30.1829488277	-1
30.1829488277	-1
30.1983418465	-1
30.1983418465	-1
30.1983418465	-1
30.1983418465	-1
30.1983418465	-1
30.1983418465	-1
30.1983418465	-1
30.2078819275	-1
30.2078819275	-1
30.2078819275	-1
30.2078819275	-1
30.2078819275	-1
30.2078819275	-1
30.2078819275	-1
30.2418467999	-1
30.2418718338	-1
30.2418718338	-1
30.2418718338	-1
30.2418718338	-1
30.2418718338	-1
30.2418718338	-1
30.2418718338	-1
30.2713749409	-1
30.2713749409	-1
30.2725389004	1
30.3011639118	-1
30.3011639118	-1
30.3011639118	-1
30.3011639118	-1
30.3011639118	-1
30.3011639118	-1
30.3011639118	-1
30.3011639118	-1
30.3180198669	-1
30.3180198669	-1
30.3180198669	-1
30.3180198669	-1
30.3180198669	-1
30.3180198669	-1
30.3180198669	-1
30.3180198669	-1
30.3510119915	-1
30.3510479927	1
30.351526022	-1
30.351526022	-1
30.351526022	-1
30.351526022	-1
30.351526022	-1
30.3689889908	-1
30.3689889908	-1
30.3689889908	-1
30.3689889908	-1
30.3689889908	-1
30.3689889908	-1
30.3944737911	-1
30.3944737911	-1
30.3944737911	-1
30.3944737911	-1
30.3944737911	-1
30.3944737911	-1
30.3944737911	-1
30.3944737911	-1
30.39534688	1
30.39534688	1
30.39534688	1
30.4083719254	-1
30.4083719254	-1
30.4083719254	-1
30.4083719254	-1
30.4083719254	-1
30.4083719254	-1
30.4083719254	-1
30.4083719254	-1
30.4238929749	-1
30.4240598679	-1
30.4240598679	-1
30.4240598679	-1
30.4240598679	-1
30.4388628006	-1
30.4504249096	-1
30.4504249096	-1
30.4504249096	-1
30.4504249096	-1
30.4504249096	-1
30.4504249096	-1
30.4504249096	-1
30.4616138935	-1
30.4617187977	-1
30.4617187977	-1
30.4617187977	-1
30.4617187977	-1
30.4617187977	-1
30.4617187977	-1
30.4617187977	-1
30.4869868755	-1
30.4869868755	-1
30.4869868755	-1
30.4870929718	-1
30.4870929718	-1
30.4870929718	-1
30.4870929718	-1
30.4870929718	-1
30.4870929718	-1
30.4870929718	-1
30.492803812	-1
30.4983940125	-1
30.4983940125	-1
30.4983940125	-1
30.4983940125	-1
30.4983940125	-1
30.4983940125	-1
30.4983940125	-1
30.5147769451	-1
30.5148088932	1
30.5254487991	-1
30.5254487991	-1
30.5254487991	-1
30.5254487991	-1
30.5254487991	-1
30.5254487991	-1
30.5254487991	-1
30.5254487991	-1
30.5257818699	-1
30.5257818699	-1
30.5257818699	-1
30.5422170162	-1
30.5422170162	-1
30.5422170162	-1
30.5422170162	-1
30.5422170162	-1
30.5422170162	-1
30.5422170162	-1
30.5422170162	-1
30.5424628258	-1
30.5424628258	-1
30.5424628258	-1
30.5424628258	-1
30.5424628258	-1
30.5674958229	-1
30.5674958229	-1
30.5674958229	-1
30.5674958229	-1
30.5674958229	-1
30.5674958229	-1
30.5674958229	-1
30.5674958229	-1
30.588917017	-1
30.588917017	-1
30.588917017	-1
30.588917017	-1
30.588917017	-1
30.588917017	-1
30.588917017	-1
30.588917017	-1
30.5889279842	1
30.5892748833	-1
30.5892748833	-1
30.5892748833	-1
30.5892748833	-1
30.5892748833	-1
30.5892748833	-1
30.6157398224	-1
30.6157398224	-1
30.6157398224	-1
30.6157398224	-1
30.6157398224	-1
30.6163899899	-1
30.6163899899	-1
30.6163899899	-1
30.6163899899	-1
30.6163899899	-1
30.6163899899	-1
30.6163899899	-1
30.6163899899	-1
30.6166789532	-1
30.6166789532	-1
30.6173918247	1
30.6173918247	1
30.6173918247	1
30.6198289394	1
30.6198289394	1
30.6198289394	1
30.6417589188	-1
30.6417589188	-1
30.6417589188	-1
30.6433489323	1
30.6433489323	1
30.6629807949	-1
30.6629807949	-1
30.6630189419	1
30.6630189419	1
30.6873559952	-1
30.6873559952	-1
30.6890878677	1
30.6890878677	1
30.6890878677	1
30.6894249916	1
30.6894249916	1
30.6894469261	-1
30.6909959316	-1
30.6909959316	-1
30.6909959316	-1
30.6909959316	-1
30.6909959316	-1
30.6909959316	-1
30.695909977	-1
30.695909977	-1
30.695909977	-1
30.695909977	-1
30.695909977	-1
30.695909977	-1
30.695909977	-1
30.695909977	-1
30.6988987923	-1
30.6988987923	-1
30.6988987923	-1
30.6988987923	-1
30.6988987923	-1
30.7196638584	-1
30.7196638584	-1
30.7196638584	-1
30.7196638584	-1
30.7196638584	-1
30.7196638584	-1
30.7196638584	-1
30.7196638584	-1
30.7372038364	-1
30.7372038364	-1
30.7372038364	-1
30.7372038364	-1
30.7372038364	-1
30.7372038364	-1
30.7372038364	-1
30.7372038364	-1
30.7372038364	-1
30.7375469208	-1
30.7375469208	-1
30.7375469208	-1
30.7375469208	-1
30.7375469208	-1
30.7375469208	-1
30.7375469208	-1
30.7375469208	-1
30.7707378864	-1
30.7707378864	-1
30.7707378864	-1
30.7707378864	-1
30.7707378864	-1
30.7707378864	-1
30.7707378864	-1
30.7808468342	-1
30.7808887959	-1
30.7808887959	-1
30.7808887959	-1
30.7808887959	-1
30.7808887959	-1
30.8222219944	-1
30.8222548962	1
30.8269729614	-1
30.8269729614	-1
30.8269729614	-1
30.8269729614	-1
30.8269729614	-1
30.8269729614	-1
30.8269729614	-1
30.9386978149	1
30.9386978149	1
30.9953079224	-1
31.0230309963	1
31.0234079361	-1
31.0234079361	-1
31.0234079361	-1
31.0234079361	-1
31.0234079361	-1
31.0234079361	-1
31.0234079361	-1
31.0234079361	-1
31.0255749226	-1
31.0433418751	-1
31.0433418751	-1
31.0433418751	-1
31.0695040226	-1
31.0729618073	-1
31.0729618073	-1
31.0729618073	-1
31.0729618073	-1
31.0729618073	-1
31.0747020245	-1
31.0797429085	-1
31.0797429085	-1
31.0797429085	-1
31.0797429085	-1
31.0797429085	-1
31.0797429085	-1
31.0797429085	-1
31.0797429085	-1
31.0844919682	-1
31.0844919682	-1
31.0845968723	-1
31.0845968723	-1
31.0845968723	-1
31.0845968723	-1
31.0845968723	-1
31.0845968723	-1
31.0845968723	-1
31.0859129429	1
31.0859129429	1
31.0859129429	1
31.0869297981	-1
31.0869297981	-1
31.0869297981	-1
31.0869297981	-1
31.0869297981	-1
31.0869297981	-1
31.0869297981	-1
31.0892558098	1
31.0892558098	1
31.11982584	-1
31.11982584	-1
31.11982584	-1
31.11982584	-1
31.11982584	-1
31.11982584	-1
31.11982584	-1
31.11982584	-1
31.11982584	-1
31.1198608875	1
31.1198608875	1
31.1470749378	-1
31.1540520191	-1
31.1540520191	-1
31.1540520191	-1
31.1540520191	-1
31.1540520191	-1
31.1540520191	-1
31.1683309078	-1
31.1683309078	-1
31.1683309078	-1
31.1683309078	-1
31.1683309078	-1
31.1683309078	-1
31.1708300114	-1
31.1708300114	-1
31.1719348431	-1
31.1719348431	-1
31.1723608971	1
31.1723608971	1
31.1723608971	1
31.1830158234	-1
31.1830158234	-1
31.1830158234	-1
31.1830158234	-1
31.1830158234	-1
31.1830158234	-1
31.1864128113	-1
31.1864128113	-1
31.1864128113	-1
31.1864128113	-1
31.1864128113	-1
31.1864128113	-1
31.1864128113	-1
31.1968979836	-1
31.1973319054	-1
31.1973319054	-1
31.1973319054	-1
31.1973319054	-1
31.1973319054	-1
31.2345168591	-1
31.2345168591	-1
31.2345168591	-1
31.2345168591	-1
31.2345168591	-1
31.2345168591	-1
31.2345168591	-1
31.2345168591	-1
31.2345168591	-1
31.2609169483	-1
31.2609169483	-1
31.2609169483	-1
31.2609169483	-1
31.2609169483	-1
31.2609169483	-1
31.2609169483	-1
31.2609169483	-1
31.2609169483	-1
31.2611718178	-1
31.2611718178	-1
31.2611718178	-1
31.2611718178	-1
31.2611718178	-1
31.2611718178	-1
31.2611718178	-1
31.2611718178	-1
31.2669990063	-1
31.2669990063	-1
31.2669990063	-1
31.2669990063	-1
31.2669990063	-1
31.2669990063	-1
31.2669990063	-1
31.2778098583	-1
31.2778098583	-1
31.2778098583	-1
31.3142299652	1
31.3828439713	-1
31.3828439713	-1
31.3828439713	-1
31.3828439713	-1
31.3828439713	-1
31.3828439713	-1
31.3828439713	-1
31.3828439713	-1
31.3828439713	-1
31.3832118511	-1
31.3832118511	-1
31.3832118511	-1
31.3832118511	-1
31.3832118511	-1
31.3832118511	-1
31.3832118511	-1
31.3832118511	-1
31.3835818768	-1
31.3835818768	-1
31.3835818768	-1
31.3835818768	-1
31.3835818768	-1
31.3835818768	-1
31.3835818768	-1
31.3835818768	-1
31.4381849766	1
31.4381849766	1
31.4573559761	-1
31.4573559761	-1
31.4573559761	-1
31.4573559761	-1
31.4573559761	-1
31.4573559761	-1
31.4573559761	-1
31.4573559761	-1
31.4581120014	-1
31.4581120014	-1
31.4581120014	-1
31.4581120014	-1
31.4581120014	-1
31.4581120014	-1
31.4581120014	-1
31.4583477974	-1
31.4583477974	-1
31.4583477974	-1
31.4583477974	-1
31.4583477974	-1
31.4583477974	-1
31.4583477974	-1
31.4583477974	-1
31.458840847	-1
31.458840847	-1
31.458840847	-1
31.458840847	-1
31.458840847	-1
31.458840847	-1
31.458840847	-1
31.458840847	-1
31.511879921	1
31.5313158035	-1
31.5313158035	-1
31.5313158035	-1
31.5313158035	-1
31.5313158035	-1
31.5313158035	-1
31.5313158035	-1
31.5313158035	-1
31.5319578648	-1
31.5319578648	-1
31.5319578648	-1
31.5319578648	-1
31.5319578648	-1
31.5319578648	-1
31.5319578648	-1
31.5319578648	-1
31.5327730179	-1
31.5327730179	-1
31.5327730179	-1
31.5327730179	-1
31.5327730179	-1
31.5327730179	-1
31.5327730179	-1
31.5327730179	-1
31.5331478119	-1
31.5331478119	-1
31.5331478119	-1
31.5331478119	-1
31.5331478119	-1
31.5331478119	-1
31.5331478119	-1
31.5331478119	-1
31.6063489914	-1
31.6063489914	-1
31.6063489914	-1
31.6063489914	-1
31.6063489914	-1
31.6063489914	-1
31.6063489914	-1
31.6063489914	-1
31.6069278717	-1
31.6069278717	-1
31.6069278717	-1
31.6069278717	-1
31.6069278717	-1
31.6069278717	-1
31.6069278717	-1
31.6069278717	-1
31.6073160172	-1
31.6073160172	-1
31.6073160172	-1
31.6073160172	-1
31.6073160172	-1
31.6073160172	-1
31.6073160172	-1
31.6073160172	-1
31.6081738472	-1
31.6081738472	-1
31.6081738472	-1
31.6081738472	-1
31.6081738472	-1
31.6081738472	-1
31.6081738472	-1
31.6081738472	-1
31.6101489067	1
31.6802179813	-1
31.6802179813	-1
31.6802179813	-1
31.6802179813	-1
31.6802179813	-1
31.6802179813	-1
31.6802179813	-1
31.6802179813	-1
31.6812019348	-1
31.6812019348	-1
31.6812019348	-1
31.6812019348	-1
31.6812019348	-1
31.6812019348	-1
31.6812019348	-1
31.6812019348	-1
31.6814489365	-1
31.6814489365	-1
31.6814489365	-1
31.6814489365	-1
31.6814489365	-1
31.6814489365	-1
31.6814489365	-1
31.6814489365	-1
31.6820008755	-1
31.6820008755	-1
31.6820008755	-1
31.6820008755	-1
31.6820008755	-1
31.6820008755	-1
31.6820008755	-1
31.6820008755	-1
31.6823699474	-1
31.6823699474	-1
31.6823699474	-1
31.6823699474	-1
31.6823699474	-1
31.6823699474	-1
31.6823699474	-1
31.6823699474	-1
31.7236340046	1
31.7236340046	1
31.7551879883	-1
31.7551879883	-1
31.7551879883	-1
31.7551879883	-1
31.7551879883	-1
31.7551879883	-1
31.7551879883	-1
31.7559099197	-1
31.7559099197	-1
31.7559099197	-1
31.7559099197	-1
31.7559099197	-1
31.7559099197	-1
31.7559099197	-1
31.7559099197	-1
31.7562758923	-1
31.7562758923	-1
31.7562758923	-1
31.7562758923	-1
31.7562758923	-1
31.7562758923	-1
31.7562758923	-1
31.7562758923	-1
31.7566478252	-1
31.7566478252	-1
31.7566478252	-1
31.7566478252	-1
31.7566478252	-1
31.7566478252	-1
31.7566478252	-1
31.7566478252	-1
31.828332901	-1
31.828332901	-1
31.828332901	-1
31.828332901	-1
31.828332901	-1
31.828332901	-1
31.828332901	-1
31.828332901	-1
31.8291409016	-1
31.8291409016	-1
31.8291409016	-1
31.8291409016	-1
31.8291409016	-1
31.8291409016	-1
31.8291409016	-1
31.8291409016	-1
31.8299939632	-1
31.8299939632	-1
31.8299939632	-1
31.8299939632	-1
31.8299939632	-1
31.8299939632	-1
31.8299939632	-1
31.8299939632	-1
31.830657959	1
31.8316140175	-1
31.8316140175	-1
31.8316140175	-1
31.8316140175	-1
31.8316140175	-1
31.8316140175	-1
31.8316140175	-1
31.8316140175	-1
31.8318579197	-1
31.8318579197	-1
31.8318579197	-1
31.8318579197	-1
31.8318579197	-1
31.8318579197	-1
31.8318579197	-1
31.8318579197	-1
31.9026589394	-1
31.9026589394	-1
31.9026589394	-1
31.9026589394	-1
31.9026589394	-1
31.9026589394	-1
31.9026589394	-1
31.9026589394	-1
31.9031488895	-1
31.9031488895	-1
31.9031488895	-1
31.9031488895	-1
31.9031488895	-1
31.9031488895	-1
31.9031488895	-1
31.9048600197	-1
31.9048600197	-1
31.9048600197	-1
31.9048600197	-1
31.9048600197	-1
31.9048600197	-1
31.9048600197	-1
31.9048600197	-1
31.9048998356	1
31.9048998356	1
31.9056270123	-1
31.9056270123	-1
31.9056270123	-1
31.9056270123	-1
31.9056270123	-1
31.9056270123	-1
31.9056270123	-1
31.9056270123	-1
31.9137699604	1
31.9137699604	1
31.9137699604	1
31.9764277935	-1
31.9764277935	-1
31.9764277935	-1
31.9764277935	-1
31.9764277935	-1
31.9764277935	-1
31.9764277935	-1
31.9764277935	-1
31.9773709774	-1
31.9773709774	-1
31.9773709774	-1
31.9773709774	-1
31.9773709774	-1
31.9773709774	-1
31.9773709774	-1
31.9773709774	-1
31.977686882	-1
31.977686882	-1
31.977686882	-1
31.977686882	-1
31.977686882	-1
31.977686882	-1
31.977686882	-1
31.977686882	-1
31.9795439243	1
31.9797139168	-1
31.9797139168	-1
31.9797139168	-1
31.9797139168	-1
31.9797139168	-1
31.9797139168	-1
31.9797139168	-1
31.9797139168	-1
31.9799599648	-1
31.9799599648	-1
31.9799599648	-1
31.9799599648	-1
31.9799599648	-1
31.9799599648	-1
31.9799599648	-1
31.9799599648	-1
31.9973518848	1
31.9973518848	1
31.9973518848	1
32.0521810055	-1
32.0521810055	-1
32.0521810055	-1
32.0521810055	-1
32.0521810055	-1
32.0521810055	-1
32.0521810055	-1
32.0521810055	-1
32.0555179119	1
32.0555179119	1
32.0555179119	1
32.1270890236	1
32.1270890236	1
32.1301310062	-1
32.2407188416	1
32.2475979328	-1
32.2475979328	-1
32.2523908615	-1
32.2523908615	-1
32.2523908615	-1
32.2523908615	-1
32.2523908615	-1
32.2523908615	-1
32.2683088779	-1
32.2683088779	-1
32.2683088779	-1
32.2683088779	-1
32.2683088779	-1
32.2683088779	-1
32.2683088779	-1
32.2683088779	-1
32.309196949	-1
32.309196949	-1
32.309196949	-1
32.3144028187	1
32.3204100132	-1
32.3204100132	-1
32.3204100132	-1
32.3204100132	-1
32.3204100132	-1
32.3204100132	-1
32.3204100132	-1
32.3523747921	-1
32.3523747921	-1
32.3523747921	-1
32.3523747921	-1
32.3523747921	-1
32.3523747921	-1
32.3523747921	-1
32.3523747921	-1
32.3688509464	-1
32.3689618111	-1
32.3689618111	-1
32.3689618111	-1
32.3689618111	-1
32.3959479332	-1
32.3968498707	1
32.4048748016	-1
32.4048748016	-1
32.4048748016	-1
32.4048748016	-1
32.4048748016	-1
32.4048748016	-1
32.4048748016	-1
32.4790489674	-1
32.4790489674	-1
32.4790489674	-1
32.4790489674	-1
32.5454008579	-1
32.5472798347	1
32.6198768616	-1
32.7363648415	-1
32.7363648415	-1
32.7363648415	-1
32.7380669117	1
32.7794258595	-1
32.7962930202	-1
32.7962930202	-1
32.7962930202	-1
32.7962930202	-1
32.7962930202	-1
32.7962930202	-1
32.7962930202	-1
32.7962930202	-1
32.8195400238	-1
32.819578886	1
32.8429749012	-1
32.8429749012	-1
32.8430788517	-1
32.8430788517	-1
32.8430788517	-1
32.8430788517	-1
32.8430788517	-1
32.8430788517	-1
32.8588860035	-1
32.8588860035	-1
32.8588860035	-1
32.8588860035	-1
32.8588860035	-1
32.8588860035	-1
32.8588860035	-1
32.9017798901	-1
32.9017798901	-1
32.9017798901	-1
32.9017798901	-1
32.9018938541	-1
32.9018938541	-1
32.9018938541	-1
32.9345169067	-1
32.9346179962	-1
32.9346179962	-1
32.9346179962	-1
32.9722988605	-1
32.9722988605	-1
32.9722988605	-1
32.9722988605	-1
32.9722988605	-1
32.9722988605	-1
32.9722988605	-1
32.9722988605	-1
32.9819588661	-1
32.9848048687	-1
32.9848048687	-1
32.9848048687	-1
32.9848048687	-1
32.9848048687	-1
32.9848048687	-1
33.0462357998	-1
33.0474848747	1
33.0779688358	-1
33.0779688358	-1
33.0779688358	-1
33.0779688358	-1
33.0779688358	-1
33.0779688358	-1
33.0824279785	-1
33.0824279785	-1
33.0824279785	-1
33.0824279785	-1
33.0824279785	-1
33.0824279785	-1
33.0824279785	-1
33.0887379646	-1
33.0903158188	-1
33.0903158188	-1
33.0903158188	-1
33.0903158188	-1
33.0903158188	-1
33.0903158188	-1
33.0903158188	-1
33.0921778679	-1
33.0921778679	-1
33.0921778679	-1
33.0921778679	-1
33.0921778679	-1
33.0921778679	-1
33.0921778679	-1
33.1213998795	-1
33.1213998795	-1
33.1349358559	-1
33.1349358559	-1
33.1349358559	-1
33.1349358559	-1
33.1349358559	-1
33.1349358559	-1
33.1349358559	-1
33.1557319164	-1
33.1558439732	-1
33.1558439732	-1
33.1558439732	-1
33.1558439732	-1
33.1558439732	-1
33.1558439732	-1
33.1558439732	-1
33.1569190025	1
33.1884429455	-1
33.1884429455	-1
33.1958968639	-1
33.2242558002	-1
33.2242558002	-1
33.2242558002	-1
33.2242558002	-1
33.2242558002	-1
33.2242558002	-1
33.2242558002	-1
33.2242558002	-1
33.2416908741	-1
33.2416908741	-1
33.2416908741	-1
33.2416908741	-1
33.2416908741	-1
33.2416908741	-1
33.2416908741	-1
33.2416908741	-1
33.28094697	1
33.3118598461	-1
33.3118598461	-1
33.3118598461	-1
33.3118598461	-1
33.3118598461	-1
33.3118598461	-1
33.3118598461	-1
33.3118598461	-1
33.3207998276	-1
33.3207998276	-1
33.3207998276	-1
33.3207998276	-1
33.3207998276	-1
33.3207998276	-1
33.3207998276	-1
33.3263318539	-1
33.3263318539	-1
33.3263318539	-1
33.3263318539	-1
33.3263318539	-1
33.3263318539	-1
33.3263318539	-1
33.3367199898	-1
33.3367199898	-1
33.3367199898	-1
33.3626899719	-1
33.3626899719	-1
33.3626899719	-1
33.3626899719	-1
33.3626899719	-1
33.3626899719	-1
33.3626899719	-1
33.3626899719	-1
33.3950178623	-1
33.3950178623	-1
33.3950178623	-1
33.3950178623	-1
33.3950178623	-1
33.3950178623	-1
33.3950178623	-1
33.3950178623	-1
33.3959128857	1
33.4189147949	-1
33.4189147949	-1
33.4189147949	-1
33.4189147949	-1
33.4189147949	-1
33.4189147949	-1
33.4189147949	-1
33.4189147949	-1
33.4534628391	-1
33.4537248611	-1
33.4537248611	-1
33.4537248611	-1
33.4537248611	-1
33.4537248611	-1
33.4537248611	-1
33.4537248611	-1
33.4697089195	-1
33.488670826	-1
33.488670826	-1
33.488670826	-1
33.488670826	-1
33.488670826	-1
33.488670826	-1
33.488670826	-1
33.4886817932	1
33.5085558891	-1
33.5085558891	-1
33.5085558891	-1
33.5085558891	-1
33.5085558891	-1
33.5085558891	-1
33.5085558891	-1
33.5085558891	-1
33.532047987	-1
33.5322608948	-1
33.5322608948	-1
33.5322608948	-1
33.5322608948	-1
33.5322608948	-1
33.5515828133	-1
33.5515828133	-1
33.5515828133	-1
33.5515828133	-1
33.5515828133	-1
33.5515828133	-1
33.5515828133	-1
33.5668189526	-1
33.5668289661	1
33.5677959919	-1
33.5677959919	-1
33.5677959919	-1
33.5677959919	-1
33.5677959919	-1
33.5677959919	-1
33.5677959919	-1
33.5988059044	-1
33.5988059044	-1
33.5988059044	-1
33.6076660156	-1
33.6078529358	-1
33.6078529358	-1
33.6078529358	-1
33.6078529358	-1
33.6078529358	-1
33.6078529358	-1
33.632062912	-1
33.632062912	-1
33.632062912	-1
33.632062912	-1
33.632062912	-1
33.632062912	-1
33.632062912	-1
33.632062912	-1
33.6549639702	-1
33.6549639702	-1
33.6549639702	-1
33.6549639702	-1
33.6549639702	-1
33.6549639702	-1
33.6549639702	-1
33.6549639702	-1
33.6802458763	-1
33.6802458763	-1
33.6802458763	-1
33.6802458763	-1
33.6982989311	-1
33.6982989311	-1
33.6982989311	-1
33.6982989311	-1
33.6982989311	-1
33.6982989311	-1
33.6982989311	-1
33.6994678974	1
33.7116398811	-1
33.7116398811	-1
33.7116398811	-1
33.7116398811	-1
33.7116398811	-1
33.7116398811	-1
33.7116398811	-1
33.7116398811	-1
33.7529518604	-1
33.7529518604	-1
33.7529518604	-1
33.7529518604	-1
33.7529518604	-1
33.7529518604	-1
33.7529518604	-1
33.7529518604	-1
33.7754678726	-1
33.7754998207	1
33.7790708542	-1
33.7790708542	-1
33.7790708542	-1
33.7790708542	-1
33.9111289978	1
33.9337928295	-1
33.9370729923	1
33.9370729923	1
33.9370729923	1
34.0525569916	1
34.0525569916	1
34.0525569916	1
34.0525569916	1
34.0525569916	1
34.053319931	1
34.0534579754	1
34.0534579754	1
34.0843129158	-1
34.3467538357	-1
34.4382588863	-1
34.4382588863	-1
34.4382588863	-1
34.4382588863	-1
34.4382588863	-1
34.4382588863	-1
34.4382588863	-1
34.4382588863	-1
34.5337088108	-1
