0.0	1
0.340837955475	1
0.896789073944	-1
0.897416114807	1
1.05586314201	-1
1.05664610863	1
1.06132316589	1
1.06132316589	1
1.06132316589	1
1.0632750988	1
1.0632750988	1
1.0632750988	1
1.94520306587	-1
1.94690608978	1
2.06123304367	-1
2.06123304367	-1
2.06272816658	1
2.17736697197	-1
2.17740702629	1
2.32950305939	1
2.80446410179	-1
2.86033010483	-1
2.86033010483	-1
2.86033010483	-1
2.88701510429	-1
2.88701510429	-1
2.88701510429	-1
2.93925309181	-1
2.93925309181	-1
2.95189595222	1
3.20130896568	1
3.30004811287	-1
3.33430600166	-1
3.33430600166	-1
3.33430600166	-1
3.33430600166	-1
3.33430600166	-1
3.33430600166	-1
3.33430600166	-1
3.33430600166	-1
3.52850604057	-1
3.53129506111	-1
3.53129506111	-1
3.53129506111	-1
3.53129506111	-1
3.53129506111	-1
3.53129506111	-1
3.53129506111	-1
3.75688409805	-1
3.86579108238	-1
3.86579108238	-1
3.86579108238	-1
3.94698810577	-1
3.94698810577	-1
3.94698810577	-1
3.94698810577	-1
3.94698810577	-1
3.94698810577	-1
4.38574409485	-1
4.3870511055	1
4.50000309944	-1
5.46507406235	-1
5.63084506989	-1
5.63832116127	1
6.6154191494	-1
6.76580905914	-1
6.77937793732	1
6.78159213066	1
6.78159213066	1
6.78159213066	1
7.06446194649	1
7.17852807045	1
7.58229708672	-1
7.68163895607	-1
7.68163895607	-1
7.68163895607	-1
7.84798693657	-1
7.84798693657	-1
10.060254097	1
10.2793860435	1
10.3938810825	1
12.4615199566	-1
13.2888219357	1
13.425424099	-1
13.427298069	1
13.6429960728	-1
13.6459431648	1
14.7250850201	-1
15.3447260857	1
15.5218169689	1
22.4907281399	-1
22.4921400547	1
22.6049749851	-1
22.6061849594	1
22.8418109417	-1
22.8431129456	1
22.9580891132	-1
22.9581329823	1
25.2804670334	1
25.3948149681	1
36.2656459808	1
36.2656459808	1
58.2891819477	1
58.418514967	-1
58.4192261696	1
58.6963160038	-1
58.6991820335	1
59.8048839569	-1
73.2791600227	1
88.278578043	1
97.2726631165	1
97.4106709957	-1
97.4125831127	1
97.709592104	-1
97.7124950886	1
98.1304981709	-1
98.266587019	1
108.283277035	1
108.397401094	1
108.542062998	-1
108.54391408	1
109.387465954	-1
109.390371084	1
110.051442146	-1
