0.0	1
0.251003980637	1
0.447060108185	-1
0.447926044464	1
0.852396011353	-1
0.853234052658	1
0.856930971146	1
0.856930971146	1
0.856930971146	1
0.918872117996	1
0.918872117996	1
0.988918066025	1
1.25771212578	-1
1.2593331337	1
1.39526319504	-1
1.39526319504	-1
1.3969810009	1
1.53318619728	-1
1.53322219849	1
1.67702317238	-1
1.67705702782	1
1.70219707489	-1
1.70219707489	-1
1.70219707489	-1
1.70524501801	-1
1.70524501801	-1
1.70524501801	-1
1.70524501801	-1
1.70524501801	-1
1.70524501801	-1
1.70524501801	-1
1.8133251667	1
1.8133251667	1
1.94010806084	-1
1.94010806084	-1
1.94010806084	-1
1.94010806084	-1
1.94010806084	-1
1.94010806084	-1
1.94010806084	-1
1.94010806084	-1
1.94010806084	-1
1.94936299324	1
1.98716497421	-1
1.98716497421	-1
1.98716497421	-1
1.98716497421	-1
1.98716497421	-1
1.98716497421	-1
1.98716497421	-1
1.98716497421	-1
2.08150100708	-1
2.08150100708	-1
2.08150100708	-1
2.08575701714	-1
2.08575701714	-1
2.08578920364	1
2.09573602676	-1
2.09573602676	-1
2.09573602676	-1
2.09573602676	-1
2.09573602676	-1
2.35761618614	-1
2.35891318321	1
2.49344205856	-1
2.57639813423	1
2.66600012779	-1
2.66600012779	-1
2.83837008476	-1
2.83837008476	-1
2.84038519859	1
2.97628617287	-1
2.98404502869	1
3.38144516945	-1
3.5937230587	-1
3.61266613007	1
3.61489009857	1
3.61489009857	1
3.61489009857	1
5.19044518471	-1
5.22498416901	-1
5.22498416901	-1
5.22498416901	-1
5.54581713676	-1
5.54581713676	-1
5.57541298866	1
5.73460102081	-1
5.73635601997	1
6.2793982029	-1
6.28229808807	1
6.41815114021	1
6.41815114021	1
7.39678001404	1
7.46400618553	-1
7.53260803223	1
7.53260803223	1
7.89952516556	-1
7.90161705017	1
8.4712471962	-1
8.88720607758	-1
8.88995409012	1
9.5899181366	-1
9.59210109711	1
10.5665831566	1
20.3677010536	-1
20.3690001965	1
20.5049471855	-1
20.6781680584	-1
20.6781680584	-1
41.5641820431	1
