0.0	1
0.250440835953	1
0.436895847321	-1
0.437915802002	1
0.702323913574	-1
0.703152894974	1
0.719806909561	1
0.719806909561	1
0.719806909561	1
0.96929192543	1
1.04121494293	1
1.04121494293	1
1.25461983681	-1
1.25641489029	1
1.39761686325	-1
1.3990418911	1
1.54295396805	-1
1.54412984848	1
1.68399095535	-1
1.68516588211	1
1.82906389236	-1
1.94091796875	-1
1.94091796875	-1
1.94196391106	-1
1.94196391106	-1
1.94196391106	-1
1.94196391106	-1
1.94196391106	-1
1.94196391106	-1
1.94196391106	-1
2.01304101944	-1
2.02593588829	1
2.04674100876	-1
2.04674100876	-1
2.04674100876	-1
2.04674100876	-1
2.04674100876	-1
2.04674100876	-1
2.04674100876	-1
2.04674100876	-1
2.21463680267	-1
2.21463680267	-1
2.22363996506	-1
2.22363996506	-1
2.22363996506	-1
2.22363996506	-1
2.22363996506	-1
2.22363996506	-1
2.22363996506	-1
2.27634882927	1
2.28666996956	-1
2.34950685501	1
2.35999298096	-1
2.40703296661	-1
2.40703296661	-1
2.40703296661	-1
2.40703296661	-1
2.40703296661	-1
2.40703296661	-1
2.40703296661	-1
2.54847788811	-1
2.54962182045	1
2.6966779232	-1
2.96538090706	-1
3.15610098839	-1
3.16369986534	1
3.51509380341	-1
3.69845700264	-1
3.7196829319	1
3.72188687325	1
3.72188687325	1
3.72188687325	1
4.16258096695	-1
4.33657383919	-1
4.40840983391	-1
4.48090600967	-1
4.48090600967	-1
6.15357780457	-1
6.15440392494	1
6.29628586769	-1
6.29707193375	1
6.54465198517	1
6.61646795273	1
7.22447085381	-1
7.22701978683	1
7.29903101921	-1
7.54462885857	1
8.00643897057	-1
8.02692890167	-1
8.02692890167	-1
8.02692890167	-1
8.02692890167	-1
8.02692890167	-1
8.02692890167	-1
8.06573081017	1
8.13760995865	1
8.17460298538	-1
8.17460298538	-1
8.17460298538	-1
8.19059491158	-1
8.19059491158	-1
8.19059491158	-1
8.19059491158	-1
8.19059491158	-1
8.19059491158	-1
8.26398396492	-1
8.26398396492	-1
8.26398396492	-1
8.26398396492	-1
8.26398396492	-1
8.26398396492	-1
8.26398396492	-1
8.26398396492	-1
8.2760219574	1
8.33620095253	-1
8.36064195633	-1
8.36064195633	-1
8.36064195633	-1
8.36067581177	1
8.43402290344	1
8.54583692551	1
8.78610682487	-1
8.89867997169	-1
8.89970493317	-1
8.89970493317	-1
8.89970493317	-1
8.89970493317	-1
8.89970493317	-1
8.89970493317	-1
8.89970493317	-1
8.89970493317	-1
8.90803694725	-1
8.97088694572	-1
9.00928401947	-1
9.00928401947	-1
9.00928401947	-1
9.00928401947	-1
9.01882696152	-1
9.01882696152	-1
9.02079701424	1
9.02112579346	-1
9.02112579346	-1
9.05601596832	-1
9.05601596832	-1
9.05601596832	-1
9.05601596832	-1
9.09274888039	1
9.16379594803	-1
9.16379594803	-1
9.16379594803	-1
9.20422291756	-1
9.20422291756	-1
9.20422291756	-1
9.20422291756	-1
9.20422291756	-1
9.20422291756	-1
9.20425391197	1
9.20425391197	1
9.22748279572	-1
9.28599095345	-1
9.28599095345	-1
9.28599095345	-1
9.28599095345	-1
9.28599095345	-1
9.28599095345	-1
9.28599095345	-1
9.28599095345	-1
9.28618001938	-1
9.28748393059	1
9.29965496063	-1
9.29965496063	-1
9.35838794708	-1
9.35838794708	-1
9.35838794708	-1
9.35838794708	-1
9.35838794708	-1
9.35838794708	-1
9.37160682678	1
9.37160682678	1
9.44375801086	-1
9.50861382484	-1
9.50861382484	-1
9.50861382484	-1
9.50861382484	-1
9.50861382484	-1
9.71595978737	-1
9.74133491516	-1
9.74133491516	-1
9.74133491516	-1
9.80030798912	1
9.90891194344	-1
9.90894699097	1
9.93981194496	-1
9.93981194496	-1
9.93981194496	-1
9.93993782997	-1
9.93993782997	-1
9.93993782997	-1
9.93993782997	-1
9.93993782997	-1
9.98261189461	1
10.0686078072	-1
10.0891218185	-1
10.0891218185	-1
10.0891218185	-1
10.0891218185	-1
10.1612708569	-1
10.176609993	-1
10.176609993	-1
10.176609993	-1
10.2491488457	1
10.5156328678	-1
10.5593528748	-1
10.5593528748	-1
10.5593528748	-1
10.5593528748	-1
10.7025418282	-1
10.7025418282	-1
10.7117059231	1
11.375649929	-1
11.5346298218	-1
11.5346298218	-1
11.6557199955	1
11.6559569836	1
11.6559569836	1
11.6559569836	1
11.6559569836	1
11.6559569836	1
11.6559569836	1
11.6569468975	1
11.6569468975	1
11.6569468975	1
11.6569468975	1
