0.0	1
0.249973773956	1
0.500621795654	-1
0.502049922943	1
0.69384098053	-1
0.695023775101	1
0.698258876801	1
0.698258876801	1
0.698258876801	1
0.92883181572	1
0.92883181572	1
0.92883181572	1
1.20864892006	-1
1.21041178703	1
1.34620285034	-1
1.34769082069	1
1.4834318161	-1
1.4834318161	-1
1.48507285118	1
1.62082386017	-1
1.62082386017	-1
1.62085795403	1
1.75655579567	-1
1.75655579567	-1
1.75658893585	1
1.7682929039	-1
1.7682929039	-1
1.7682929039	-1
1.7682929039	-1
1.7682929039	-1
1.7682929039	-1
1.7682929039	-1
1.81299185753	-1
1.83551383018	-1
1.83551383018	-1
1.83551383018	-1
1.83551383018	-1
1.83551383018	-1
1.83551383018	-1
1.89220190048	1
2.02807998657	-1
2.02807998657	-1
2.07946896553	1
2.20286798477	-1
2.35383486748	-1
2.35698699951	-1
2.35698699951	-1
2.35698699951	-1
2.35698699951	-1
2.35698699951	-1
2.35698699951	-1
2.35698699951	-1
2.47622799873	-1
2.47622799873	-1
2.50314378738	-1
2.50314378738	-1
2.50314378738	-1
2.50314378738	-1
2.50314378738	-1
2.50314378738	-1
2.50314378738	-1
2.50314378738	-1
2.6235408783	-1
2.62558984756	1
2.76125884056	-1
2.76125884056	-1
2.76158595085	1
2.76158595085	1
2.89725184441	1
3.13824796677	-1
3.31751894951	-1
3.32507896423	1
3.45326900482	-1
3.46067500114	1
3.59634494781	-1
3.8500828743	-1
3.98573493958	-1
4.00531387329	1
4.00755977631	1
4.00755977631	1
4.00755977631	1
4.3454618454	-1
4.36194992065	-1
4.36194992065	-1
4.36194992065	-1
4.3683578968	-1
4.3683578968	-1
4.3683578968	-1
4.3683578968	-1
4.3683578968	-1
4.3683578968	-1
4.3683578968	-1
4.37230992317	-1
4.37339091301	1
4.37649989128	-1
4.37649989128	-1
4.37649989128	-1
4.37649989128	-1
4.37649989128	-1
4.37649989128	-1
4.37649989128	-1
4.38741493225	-1
4.38741493225	-1
4.40116596222	-1
4.40116596222	-1
4.40116596222	-1
4.40116596222	-1
4.40116596222	-1
4.40116596222	-1
4.40116596222	-1
4.40116596222	-1
4.41787195206	1
4.41787195206	1
4.41787195206	1
4.42049193382	1
4.42049193382	1
4.50462579727	-1
4.50462579727	-1
4.5046889782	-1
4.5046889782	-1
4.5046889782	-1
4.5046889782	-1
4.5046889782	-1
4.5046889782	-1
4.5046889782	-1
4.50499296188	-1
4.50499296188	-1
4.50499296188	-1
4.50499296188	-1
4.50499296188	-1
4.50499296188	-1
4.50499296188	-1
4.51018285751	1
4.51018285751	1
4.51345086098	-1
4.51345086098	-1
4.51345086098	-1
4.51345086098	-1
4.51345086098	-1
4.51345086098	-1
4.51369595528	-1
4.51369595528	-1
4.51369595528	-1
4.51369595528	-1
4.51369595528	-1
4.51369595528	-1
4.51369595528	-1
4.51369595528	-1
4.5541639328	-1
4.5541639328	-1
4.5541639328	-1
4.5541639328	-1
4.5541639328	-1
4.5541639328	-1
4.5541639328	-1
4.5541639328	-1
4.55453085899	-1
4.55453085899	-1
4.55453085899	-1
4.55453085899	-1
4.55453085899	-1
4.55453085899	-1
4.55453085899	-1
4.64130496979	-1
4.64130496979	-1
4.64130496979	-1
4.64130496979	-1
4.64130496979	-1
4.64130496979	-1
4.64130496979	-1
4.64166879654	-1
4.64166879654	-1
4.64179086685	-1
4.64179086685	-1
4.64179086685	-1
4.64179086685	-1
4.64179086685	-1
4.64179086685	-1
4.64200687408	-1
4.64997792244	1
4.67194485664	1
4.67194485664	1
4.67194485664	1
4.78577494621	-1
4.78577494621	-1
4.87529587746	-1
4.87529587746	-1
4.87529587746	-1
4.87942385674	-1
4.87942385674	-1
4.88061881065	-1
4.88061881065	-1
4.88061881065	-1
4.88061881065	-1
4.88061881065	-1
4.88061881065	-1
4.88061881065	-1
4.88183784485	-1
4.88183784485	-1
4.88183784485	-1
4.88183784485	-1
4.88183784485	-1
4.88183784485	-1
4.88183784485	-1
4.88417196274	-1
4.88417196274	-1
4.88417196274	-1
4.88417196274	-1
4.88417196274	-1
4.88417196274	-1
4.88417196274	-1
4.88417196274	-1
4.91345000267	-1
4.91345000267	-1
4.91345000267	-1
4.91445994377	-1
4.91445994377	-1
4.91445994377	-1
4.91445994377	-1
4.91445994377	-1
4.91718578339	1
4.91718578339	1
4.91718578339	1
4.92140197754	1
4.92140197754	1
5.02556395531	-1
5.02556395531	-1
5.02556395531	-1
5.02737593651	1
5.02737593651	1
5.02737593651	1
5.0572988987	1
5.19288897514	-1
5.19293189049	1
5.19293189049	1
5.32891178131	-1
5.32891178131	-1
5.32895183563	1
5.36681699753	-1
5.36681699753	-1
5.36681699753	-1
5.36792993546	1
5.36792993546	1
5.36792993546	1
5.37138199806	-1
5.37138199806	-1
5.37138199806	-1
5.37390685081	-1
5.37390685081	-1
5.37390685081	-1
5.37390685081	-1
5.37390685081	-1
5.37390685081	-1
5.37390685081	-1
5.37578988075	-1
5.37578988075	-1
5.37578988075	-1
5.37578988075	-1
5.37578988075	-1
5.37578988075	-1
5.37578988075	-1
5.37916898727	-1
5.37916898727	-1
5.37916898727	-1
5.37916898727	-1
5.37916898727	-1
5.37916898727	-1
5.37916898727	-1
5.37916898727	-1
5.38183093071	-1
5.38183093071	-1
5.38183093071	-1
5.38183093071	-1
5.38807678223	-1
5.39010477066	-1
5.39010477066	-1
5.39010477066	-1
5.39010477066	-1
5.39010477066	-1
5.39010477066	-1
5.44101691246	-1
5.44101691246	-1
5.44101691246	-1
5.44101691246	-1
5.44101691246	-1
5.44101691246	-1
5.44101691246	-1
5.44135785103	-1
5.44135785103	-1
5.44135785103	-1
5.44135785103	-1
5.44135785103	-1
5.44135785103	-1
5.44135785103	-1
5.44160485268	-1
5.44160485268	-1
5.44160485268	-1
5.44160485268	-1
5.44160485268	-1
5.44160485268	-1
5.44160485268	-1
5.44160485268	-1
5.44675779343	1
5.44675779343	1
5.5042078495	-1
5.5042078495	-1
5.5042078495	-1
5.5042078495	-1
5.5042078495	-1
5.5042078495	-1
5.5042078495	-1
5.51255393028	-1
5.51255393028	-1
5.51255393028	-1
5.51255393028	-1
5.51255393028	-1
5.51255393028	-1
5.51255393028	-1
5.51255393028	-1
5.51284980774	-1
5.51297283173	-1
5.51297283173	-1
5.51309490204	-1
5.51309490204	-1
5.51309490204	-1
5.51321792603	-1
5.51321792603	-1
5.51334095001	-1
5.51334095001	-1
5.51334095001	-1
5.513463974	-1
5.513463974	-1
5.513463974	-1
5.513463974	-1
5.513463974	-1
5.513463974	-1
5.513463974	-1
5.52628397942	-1
5.52628397942	-1
5.52628397942	-1
5.52628397942	-1
5.52628397942	-1
5.52628397942	-1
5.52628397942	-1
5.52665185928	-1
5.52665185928	-1
5.52665185928	-1
5.52665185928	-1
5.52665185928	-1
5.52665185928	-1
5.52665185928	-1
5.52689790726	-1
5.52701997757	-1
5.52701997757	-1
5.52714395523	-1
5.52714395523	-1
5.52714395523	-1
5.52714395523	-1
5.52714395523	-1
5.52714395523	-1
5.52714395523	-1
5.57686686516	-1
5.57689785957	-1
5.57689785957	-1
5.57689785957	-1
5.57689785957	-1
5.57689785957	-1
5.57689785957	-1
5.57689785957	-1
5.57723498344	-1
5.57723498344	-1
5.5780878067	1
5.5780878067	1
5.5780878067	1
5.58871889114	-1
5.58871889114	-1
5.58871889114	-1
5.58871889114	-1
5.58871889114	-1
5.58871889114	-1
5.58871889114	-1
5.58871889114	-1
5.58906984329	-1
5.58906984329	-1
5.58919382095	-1
5.58919382095	-1
5.58919382095	-1
5.58919382095	-1
5.58919382095	-1
5.58919382095	-1
5.58919382095	-1
5.64832091331	-1
5.64836192131	1
5.64854192734	-1
5.64854192734	-1
5.64854192734	-1
5.64854192734	-1
5.64854192734	-1
5.64854192734	-1
5.64854192734	-1
5.64878678322	-1
5.64878678322	-1
5.64878678322	-1
5.64878678322	-1
5.64878678322	-1
5.64878678322	-1
5.64878678322	-1
5.64908790588	-1
5.64908790588	-1
5.64908790588	-1
5.64908790588	-1
5.64908790588	-1
5.64908790588	-1
5.64908790588	-1
5.64908790588	-1
5.64908790588	-1
5.66263079643	-1
5.66263079643	-1
5.66263079643	-1
5.66263079643	-1
5.66287493706	-1
5.66287493706	-1
5.66287493706	-1
5.66299891472	-1
5.66299891472	-1
5.66299891472	-1
5.66299891472	-1
5.66299891472	-1
5.66299891472	-1
5.66324782372	-1
5.66324782372	-1
5.66324782372	-1
5.66324782372	-1
5.66324782372	-1
5.66349077225	-1
5.66349077225	-1
5.66349077225	-1
5.66349077225	-1
5.66349077225	-1
5.66349077225	-1
5.66349077225	-1
5.66349077225	-1
5.66349077225	-1
5.71250391006	-1
5.71261787415	-1
5.71261787415	-1
5.71261787415	-1
5.71261787415	-1
5.71261787415	-1
5.71261787415	-1
5.71261787415	-1
5.71261787415	-1
5.71261787415	-1
5.71298694611	-1
5.71298694611	-1
5.71311092377	-1
5.71311092377	-1
5.71311092377	-1
5.71311092377	-1
5.71311092377	-1
5.71335577965	-1
5.71335577965	-1
5.71335577965	-1
5.71347784996	-1
5.71347784996	-1
5.71347784996	-1
5.71347784996	-1
5.71357989311	-1
5.71372485161	-1
5.71372485161	-1
5.71372485161	-1
5.71372485161	-1
5.71372485161	-1
5.72454786301	-1
5.7246389389	-1
5.72689390182	1
5.72689390182	1
5.72689390182	1
5.72982597351	1
5.72982597351	1
5.78442287445	-1
5.78442287445	-1
5.78442287445	-1
5.78442287445	-1
5.78442287445	-1
5.78442287445	-1
5.81148982048	-1
5.81148982048	-1
5.84524178505	-1
5.84524178505	-1
5.84524178505	-1
5.84627985954	-1
5.84627985954	-1
5.84739089012	1
5.84739089012	1
5.84739089012	1
5.88619089127	-1
5.88619089127	-1
5.88619089127	-1
5.88619089127	-1
5.88619089127	-1
5.92464089394	-1
5.97775387764	-1
5.97775387764	-1
5.98285198212	-1
5.98285198212	-1
5.98285198212	-1
5.98421192169	-1
5.98421192169	-1
5.98421192169	-1
5.98421192169	-1
5.98421192169	-1
5.98421192169	-1
5.98474979401	1
5.98474979401	1
5.98474979401	1
5.98547196388	-1
5.98547196388	-1
5.98547196388	-1
5.98547196388	-1
5.98547196388	-1
5.98547196388	-1
5.98547196388	-1
6.0088198185	-1
6.0088198185	-1
6.0088198185	-1
6.0088198185	-1
6.0088198185	-1
6.0088198185	-1
6.0088198185	-1
6.0088198185	-1
6.0088198185	-1
6.121737957	1
6.12749385834	-1
6.12749385834	-1
6.12749385834	-1
6.12749385834	-1
6.12749385834	-1
6.12749385834	-1
6.12749385834	-1
6.12823390961	-1
6.12823390961	-1
6.12823390961	-1
6.12823390961	-1
6.12823390961	-1
6.12823390961	-1
6.12823390961	-1
6.12859988213	-1
6.12859988213	-1
6.12859988213	-1
6.12859988213	-1
6.12859988213	-1
6.12859988213	-1
6.12859988213	-1
6.12913298607	-1
6.14004778862	-1
6.14004778862	-1
6.14004778862	-1
6.14004778862	-1
6.14004778862	-1
6.14004778862	-1
6.14004778862	-1
6.14004778862	-1
6.14043784142	-1
6.15863990784	-1
6.15863990784	-1
6.33021497726	-1
6.33025598526	1
6.33025598526	1
6.39169096947	-1
6.39169096947	-1
6.39169096947	-1
6.41808581352	-1
6.41808581352	-1
6.41808581352	-1
6.41972899437	1
6.41972899437	1
6.41972899437	1
6.44607877731	-1
6.44607877731	-1
6.44607877731	-1
6.44607877731	-1
6.46008682251	-1
6.46610498428	1
6.48754787445	-1
6.48754787445	-1
6.48754787445	-1
6.49560689926	-1
6.49560689926	-1
6.49560689926	-1
6.49560689926	-1
6.50237393379	-1
6.50325989723	1
6.50325989723	1
6.50325989723	1
6.50399899483	1
6.50399899483	1
6.52033686638	-1
6.52033686638	-1
6.52033686638	-1
6.52033686638	-1
6.52033686638	-1
6.52033686638	-1
6.52033686638	-1
6.52033686638	-1
6.53863978386	-1
6.53863978386	-1
6.53863978386	-1
6.53863978386	-1
6.53863978386	-1
6.53863978386	-1
6.53863978386	-1
6.53863978386	-1
6.56796884537	-1
6.57175588608	-1
6.57175588608	-1
6.57175588608	-1
6.57904577255	-1
6.57904577255	-1
6.58774995804	-1
6.58774995804	-1
6.58774995804	-1
6.60206699371	1
6.73781991005	-1
6.73781991005	-1
6.73920083046	1
6.7470729351	-1
6.7470729351	-1
6.7470729351	-1
6.7470729351	-1
6.7470729351	-1
6.7470729351	-1
6.7470729351	-1
6.7470729351	-1
6.74816298485	-1
6.74816298485	-1
6.74816298485	-1
6.74816298485	-1
6.74816298485	-1
6.74816298485	-1
6.74816298485	-1
6.74816298485	-1
6.7484087944	-1
6.7484087944	-1
6.7484087944	-1
6.7484087944	-1
6.7484087944	-1
6.7484087944	-1
6.7484087944	-1
6.74881887436	-1
6.74881887436	-1
6.74929285049	-1
6.74929285049	-1
6.74929285049	-1
6.74929285049	-1
6.74929285049	-1
6.74929285049	-1
6.74929285049	-1
6.74965596199	-1
6.74977493286	-1
6.74977493286	-1
6.74977493286	-1
6.74977493286	-1
6.74977493286	-1
6.74977493286	-1
6.74977493286	-1
6.7568628788	-1
6.75745582581	-1
6.75745582581	-1
6.75745582581	-1
6.75745582581	-1
6.75745582581	-1
6.75745582581	-1
6.75745582581	-1
6.75811696053	-1
6.75811696053	-1
6.75811696053	-1
6.75811696053	-1
6.75811696053	-1
6.75811696053	-1
6.75811696053	-1
6.84527087212	-1
6.84527087212	-1
6.84527087212	-1
6.84594488144	-1
6.84594488144	-1
6.87483882904	1
6.87483882904	1
6.96791887283	-1
6.96791887283	-1
6.96791887283	-1
6.96870493889	-1
6.96870493889	-1
6.96870493889	-1
6.96870493889	-1
6.96870493889	-1
6.96870493889	-1
6.96870493889	-1
6.96870493889	-1
6.96904087067	-1
6.96904087067	-1
6.96904087067	-1
6.96904087067	-1
6.96904087067	-1
6.96904087067	-1
6.96904087067	-1
6.96904087067	-1
6.96904087067	-1
6.96943497658	-1
6.96943497658	-1
6.96943497658	-1
6.96943497658	-1
6.96943497658	-1
6.96967983246	-1
6.96967983246	-1
6.9697728157	-1
6.9697728157	-1
6.9697728157	-1
6.9697728157	-1
6.9697728157	-1
6.9697728157	-1
6.97417879105	1
6.97417879105	1
6.97417879105	1
6.98165678978	-1
6.98165678978	-1
7.01083683968	-1
7.01083683968	-1
7.0865688324	-1
7.0865688324	-1
7.0865688324	-1
7.09699892998	-1
7.09699892998	-1
7.09699892998	-1
7.09699892998	-1
7.09699892998	-1
7.09699892998	-1
7.11096191406	-1
7.11096191406	-1
7.11096191406	-1
7.11096191406	-1
7.11096191406	-1
7.11096191406	-1
7.11096191406	-1
7.11096191406	-1
7.13903689384	-1
7.13903689384	-1
7.13903689384	-1
7.13903689384	-1
7.13903689384	-1
7.13903689384	-1
7.13903689384	-1
7.13903689384	-1
7.14646697044	1
7.21814489365	-1
7.21814489365	-1
7.21814489365	-1
7.28226399422	-1
7.31261181831	-1
7.31261181831	-1
7.31261181831	-1
7.31261181831	-1
7.31261181831	-1
7.31261181831	-1
7.31960582733	-1
7.31960582733	-1
7.32313680649	1
7.41798090935	-1
7.41798090935	-1
7.41798090935	-1
7.41977190971	1
7.41977190971	1
7.41977190971	1
7.46896791458	-1
7.46896791458	-1
7.46896791458	-1
7.46896791458	-1
7.46896791458	-1
7.46896791458	-1
7.46896791458	-1
7.55747699738	1
7.55747699738	1
7.55747699738	1
7.59037280083	1
7.59037280083	1
7.68967199326	-1
7.79494094849	1
7.86213588715	-1
7.93052387238	1
8.03227376938	-1
8.03227376938	-1
8.03227376938	-1
8.03485178947	-1
8.03629088402	-1
8.03629088402	-1
8.03629088402	-1
8.03629088402	-1
8.03629088402	-1
8.03629088402	-1
8.03629088402	-1
8.03629088402	-1
8.03760695457	-1
8.03760695457	-1
8.03760695457	-1
8.03760695457	-1
8.03760695457	-1
8.03760695457	-1
8.03760695457	-1
8.03950381279	1
8.03950381279	1
8.03950381279	1
8.04186797142	1
8.04186797142	1
8.04340291023	-1
8.04340291023	-1
8.04340291023	-1
8.04340291023	-1
8.04340291023	-1
8.04340291023	-1
8.04340291023	-1
8.04340291023	-1
8.10377192497	1
8.13769698143	-1
8.13769698143	-1
8.13980484009	-1
8.13980484009	-1
8.13980484009	-1
8.13980484009	-1
8.13980484009	-1
8.13980484009	-1
8.14605379105	-1
8.14605379105	-1
8.14605379105	-1
8.14605379105	-1
8.14605379105	-1
8.14605379105	-1
8.14605379105	-1
8.14828395844	-1
8.14828395844	-1
8.14828395844	-1
8.14828395844	-1
8.14828395844	-1
8.14828395844	-1
8.14828395844	-1
8.15330696106	-1
8.15330696106	-1
8.15330696106	-1
8.15330696106	-1
8.15330696106	-1
8.15330696106	-1
8.15330696106	-1
8.15330696106	-1
8.15696597099	-1
8.15696597099	-1
8.15696597099	-1
8.15696597099	-1
8.15696597099	-1
8.15696597099	-1
8.15696597099	-1
8.15696597099	-1
8.16106200218	-1
8.16106200218	-1
8.16259098053	-1
8.16259098053	-1
8.16259098053	-1
8.16259098053	-1
8.16259098053	-1
8.16327595711	-1
8.16548490524	-1
8.16548490524	-1
8.16912984848	-1
8.16912984848	-1
8.16912984848	-1
8.16912984848	-1
8.16912984848	-1
8.16912984848	-1
8.16912984848	-1
8.16912984848	-1
8.17159891129	-1
8.17159891129	-1
8.17159891129	-1
8.17159891129	-1
8.17159891129	-1
8.17159891129	-1
8.17159891129	-1
8.17174577713	-1
8.17195892334	-1
8.17195892334	-1
8.17195892334	-1
8.17195892334	-1
8.17195892334	-1
8.17195892334	-1
8.17195892334	-1
8.17369580269	-1
8.17369580269	-1
8.17369580269	-1
8.17369580269	-1
8.17369580269	-1
8.17369580269	-1
8.17369580269	-1
8.17369580269	-1
8.17383480072	-1
8.17383480072	-1
8.28881978989	1
8.28881978989	1
8.39214777946	-1
8.39214777946	-1
8.39214777946	-1
8.39214777946	-1
8.39214777946	-1
8.39214777946	-1
8.39214777946	-1
8.39214777946	-1
8.39214777946	-1
8.39456677437	-1
8.39456677437	-1
8.39456677437	-1
8.39456677437	-1
8.39456677437	-1
8.39456677437	-1
8.39456677437	-1
8.39703798294	-1
8.39816379547	1
8.39816379547	1
8.39816379547	1
8.39928078651	-1
8.39928078651	-1
8.39928078651	-1
8.39928078651	-1
8.39928078651	-1
8.39928078651	-1
8.39928078651	-1
8.40133786201	-1
8.4051258564	-1
8.4051258564	-1
8.4051258564	-1
8.4051258564	-1
8.4051258564	-1
8.4051258564	-1
8.4051258564	-1
8.4051258564	-1
8.40854692459	-1
8.40854692459	-1
8.40854692459	-1
8.40854692459	-1
8.40854692459	-1
8.40854692459	-1
8.40854692459	-1
8.40854692459	-1
8.44363093376	1
8.58668994904	-1
8.59105181694	-1
8.59105181694	-1
8.59105181694	-1
8.59105181694	-1
8.59105181694	-1
8.59105181694	-1
8.59105181694	-1
8.59959983826	-1
8.59959983826	-1
8.59959983826	-1
8.59959983826	-1
8.59959983826	-1
8.59959983826	-1
8.59959983826	-1
8.59959983826	-1
8.60230588913	-1
8.60230588913	-1
8.60230588913	-1
8.60230588913	-1
8.60230588913	-1
8.60230588913	-1
8.60589194298	-1
8.60841679573	-1
8.60841679573	-1
8.60841679573	-1
8.60841679573	-1
8.60841679573	-1
8.60841679573	-1
8.60841679573	-1
8.61031699181	1
8.61058783531	-1
8.61058783531	-1
8.61058783531	-1
8.61058783531	-1
8.61058783531	-1
8.61058783531	-1
8.61058783531	-1
8.614620924	-1
8.614620924	-1
8.614620924	-1
8.61726379395	-1
8.61726379395	-1
8.61726379395	-1
8.61726379395	-1
8.61726379395	-1
8.61726379395	-1
8.61726379395	-1
8.61726379395	-1
8.61836886406	-1
8.61836886406	-1
8.61836886406	-1
8.61836886406	-1
8.61836886406	-1
8.61836886406	-1
8.61836886406	-1
8.61964178085	-1
8.62052083015	-1
8.62052083015	-1
8.62052083015	-1
8.62052083015	-1
8.62052083015	-1
8.62052083015	-1
8.62052083015	-1
8.6210308075	-1
8.66017699242	1
8.66017699242	1
8.66017699242	1
8.73211693764	-1
8.73211693764	-1
8.73211693764	-1
8.73211693764	-1
8.73284482956	-1
8.73284482956	-1
8.73284482956	-1
8.73284482956	-1
8.73284482956	-1
8.73514986038	1
8.73514986038	1
8.84634399414	-1
8.84634399414	-1
8.86784386635	-1
8.93145895004	1
8.93145895004	1
9.00369787216	-1
9.00369787216	-1
9.00784683228	-1
9.00784683228	-1
9.00784683228	-1
9.00784683228	-1
9.00784683228	-1
9.00784683228	-1
9.00784683228	-1
9.07746982574	-1
9.07748484612	1
9.07748484612	1
9.0775039196	-1
9.0775039196	-1
9.0775039196	-1
9.0775039196	-1
9.0775039196	-1
9.0775039196	-1
9.0775039196	-1
9.11134386063	-1
9.11134386063	-1
9.11145877838	-1
9.11145877838	-1
9.11145877838	-1
9.11145877838	-1
9.11145877838	-1
9.11145877838	-1
9.21807479858	-1
9.21807479858	-1
9.21807479858	-1
9.21807479858	-1
9.21807479858	-1
9.21807479858	-1
9.21807479858	-1
9.21821379662	-1
9.21841692924	-1
9.21841692924	-1
9.21841692924	-1
9.21841692924	-1
9.21841692924	-1
9.21841692924	-1
9.27338194847	-1
9.27338194847	-1
9.27557086945	1
9.27970695496	-1
9.43635082245	-1
9.43635082245	-1
9.43635082245	-1
9.43635082245	-1
9.43635082245	-1
9.43635082245	-1
9.43635082245	-1
9.43635082245	-1
9.43635082245	-1
9.43638682365	1
9.43638682365	1
9.43831586838	-1
9.43831586838	-1
9.43831586838	-1
9.43831586838	-1
9.43831586838	-1
9.43831586838	-1
9.43831586838	-1
9.45883488655	-1
9.45883488655	-1
9.45883488655	-1
9.45883488655	-1
9.45883488655	-1
9.45883488655	-1
9.45883488655	-1
9.45883488655	-1
9.49647378922	-1
9.497797966	-1
9.497797966	-1
9.497797966	-1
9.497797966	-1
9.497797966	-1
9.497797966	-1
9.54592990875	-1
9.54592990875	-1
9.54795598984	1
9.54795598984	1
9.54795598984	1
9.57499098778	-1
9.57499098778	-1
9.57499098778	-1
9.57499098778	-1
9.57499098778	-1
9.57499098778	-1
9.58549499512	-1
9.58549499512	-1
9.58554387093	-1
9.58554387093	-1
9.58554387093	-1
9.58554387093	-1
9.58554387093	-1
9.58554387093	-1
9.58596897125	-1
9.58596897125	-1
9.58609199524	-1
9.58609199524	-1
9.58609199524	-1
9.58609199524	-1
9.58609199524	-1
9.58609199524	-1
9.58609199524	-1
9.58609199524	-1
9.58640193939	-1
9.58640193939	-1
9.58640193939	-1
9.58640193939	-1
9.58640193939	-1
9.58640193939	-1
9.58914685249	-1
9.58914685249	-1
9.5892457962	-1
9.5892457962	-1
9.5892457962	-1
9.58961296082	-1
9.58961296082	-1
9.58961296082	-1
9.58961296082	-1
9.58961296082	-1
9.58961296082	-1
9.58961296082	-1
9.58985877037	-1
9.59070777893	-1
9.59070777893	-1
9.59070777893	-1
9.59070777893	-1
9.59070777893	-1
9.59070777893	-1
9.59070777893	-1
9.59070777893	-1
9.63187789917	-1
9.63187789917	-1
9.63187789917	-1
9.63187789917	-1
9.63187789917	-1
9.63187789917	-1
9.63187789917	-1
9.66743993759	-1
9.66743993759	-1
9.66743993759	-1
9.66743993759	-1
9.66743993759	-1
9.66743993759	-1
9.66743993759	-1
9.66743993759	-1
9.66743993759	-1
9.69910979271	-1
9.69958496094	-1
9.69958496094	-1
9.69958496094	-1
9.69958496094	-1
9.69958496094	-1
9.69958496094	-1
9.70055198669	1
9.70055198669	1
9.70055198669	1
9.75610184669	-1
9.75610184669	-1
9.75610184669	-1
9.75610184669	-1
9.75610184669	-1
9.75610184669	-1
9.75610184669	-1
9.75610184669	-1
9.75661683083	-1
9.75661683083	-1
9.75661683083	-1
9.75661683083	-1
9.75661683083	-1
9.75694394112	-1
9.75737500191	-1
9.75737500191	-1
9.75737500191	-1
9.75737500191	-1
9.75737500191	-1
9.75737500191	-1
9.75737500191	-1
9.75782489777	-1
9.75782489777	-1
9.75782489777	-1
9.75782489777	-1
9.75782489777	-1
9.75782489777	-1
9.75782489777	-1
9.75876784325	-1
9.75876784325	-1
9.75876784325	-1
9.75919795036	-1
9.75919795036	-1
9.75919795036	-1
9.76009988785	-1
9.76009988785	-1
9.76009988785	-1
9.76009988785	-1
9.76009988785	-1
9.76009988785	-1
9.76009988785	-1
9.76009988785	-1
9.76046586037	-1
9.76046586037	-1
9.76046586037	-1
9.76046586037	-1
9.76046586037	-1
9.76046586037	-1
9.76046586037	-1
9.76587080956	-1
9.76587080956	-1
9.76587080956	-1
9.76587080956	-1
9.76587080956	-1
9.76587080956	-1
9.76587080956	-1
9.76587080956	-1
9.76587080956	-1
9.78327488899	-1
9.78327488899	-1
9.78331685066	-1
9.78331685066	-1
9.78331685066	-1
9.78331685066	-1
9.78331685066	-1
9.78331685066	-1
9.78369092941	-1
9.78369092941	-1
9.78369092941	-1
9.78369092941	-1
9.78369092941	-1
9.78369092941	-1
9.78369092941	-1
9.78369092941	-1
9.7994248867	-1
9.7994248867	-1
9.7994248867	-1
9.7994248867	-1
9.7994248867	-1
9.7994248867	-1
9.7994248867	-1
9.79957580566	-1
9.82024097443	-1
9.82024097443	-1
9.82024097443	-1
9.82024097443	-1
9.82024097443	-1
9.82024097443	-1
9.82024097443	-1
9.82046985626	-1
9.83576893806	-1
9.83576893806	-1
9.83576893806	-1
9.83576893806	-1
9.83576893806	-1
9.83576893806	-1
9.83576893806	-1
9.86594891548	1
9.86594891548	1
9.88405299187	-1
9.88405299187	-1
9.88405299187	-1
9.88405299187	-1
9.88405299187	-1
9.88405299187	-1
9.88405299187	-1
9.88405299187	-1
9.89212179184	-1
9.9043879509	-1
9.9043879509	-1
9.9043879509	-1
9.9043879509	-1
9.9043879509	-1
9.9043879509	-1
9.9043879509	-1
9.91868185997	-1
9.91971588135	-1
9.91971588135	-1
9.91971588135	-1
9.91971588135	-1
9.91971588135	-1
9.91971588135	-1
9.91971588135	-1
9.92044782639	-1
9.92164182663	-1
9.92164182663	-1
9.92164182663	-1
9.92164182663	-1
9.92164182663	-1
9.92164182663	-1
9.92164182663	-1
9.92206597328	-1
9.92206597328	-1
9.92206597328	-1
9.92206597328	-1
9.92206597328	-1
9.92206597328	-1
9.92206597328	-1
9.92206597328	-1
9.9224319458	-1
9.9228079319	-1
9.9228079319	-1
9.9228079319	-1
9.9228079319	-1
9.9228079319	-1
9.9228079319	-1
9.92353177071	-1
9.92353177071	-1
9.92353177071	-1
9.92353177071	-1
9.92353177071	-1
9.92353177071	-1
9.92353177071	-1
9.92353177071	-1
9.92396998405	-1
9.92396998405	-1
9.92396998405	-1
9.92396998405	-1
9.92396998405	-1
9.92396998405	-1
9.92396998405	-1
9.92421388626	-1
9.92675995827	1
9.92675995827	1
9.92675995827	1
9.93853497505	-1
9.93853497505	-1
9.93853497505	-1
9.93853497505	-1
9.93853497505	-1
9.93853497505	-1
9.93853497505	-1
9.93853497505	-1
9.93887686729	-1
9.93887686729	-1
9.93887686729	-1
9.93887686729	-1
9.93887686729	-1
9.93887686729	-1
9.93887686729	-1
9.93887686729	-1
9.93924498558	-1
9.93924498558	-1
9.93924498558	-1
9.93924498558	-1
9.93924498558	-1
9.93924498558	-1
9.93924498558	-1
9.95611786842	-1
9.95616483688	-1
9.95616483688	-1
9.95616483688	-1
9.95616483688	-1
9.95616483688	-1
9.95616483688	-1
9.95616483688	-1
9.9564678669	-1
9.9564678669	-1
9.9564678669	-1
9.9564678669	-1
9.9564678669	-1
9.9564678669	-1
9.9564678669	-1
9.9564678669	-1
9.95683598518	-1
9.95683598518	-1
9.98208785057	-1
9.98208785057	-1
9.99493288994	-1
9.99493288994	-1
9.99493288994	-1
9.99493288994	-1
9.99493288994	-1
9.99493288994	-1
10.0020389557	-1
10.0020389557	-1
10.0020389557	-1
10.0020389557	-1
10.0020389557	-1
10.0020389557	-1
10.0021009445	1
10.0890219212	-1
10.0890219212	-1
10.0890219212	-1
10.0890219212	-1
10.0890219212	-1
10.0890219212	-1
10.0890219212	-1
10.0890219212	-1
10.0896439552	-1
10.0896439552	-1
10.0896439552	-1
10.0896439552	-1
10.0896439552	-1
10.0896439552	-1
10.0896439552	-1
10.0896439552	-1
10.0898869038	-1
10.0900089741	-1
10.0900089741	-1
10.0900089741	-1
10.0900089741	-1
10.0900089741	-1
10.0900089741	-1
10.0900089741	-1
10.0906858444	-1
10.0908489227	-1
10.0908489227	-1
10.0908489227	-1
10.0908489227	-1
10.0908489227	-1
10.0908489227	-1
10.0908489227	-1
10.0910937786	-1
10.0911729336	-1
10.0911729336	-1
10.0911729336	-1
10.0911729336	-1
10.0911729336	-1
10.0911729336	-1
10.0911729336	-1
10.0914559364	-1
10.0914559364	-1
10.0914559364	-1
10.0914559364	-1
10.0914559364	-1
10.0914559364	-1
10.0914559364	-1
10.0918319225	-1
10.0918319225	-1
10.0918319225	-1
10.0918319225	-1
10.0919559002	-1
10.0998280048	1
10.0998280048	1
10.0998280048	1
10.1062259674	-1
10.1062259674	-1
10.1062259674	-1
10.1062259674	-1
10.1062259674	-1
10.1062259674	-1
10.1062259674	-1
10.1378438473	1
10.144785881	-1
10.144785881	-1
10.144785881	-1
10.144785881	-1
10.144785881	-1
10.144785881	-1
10.144785881	-1
10.144785881	-1
10.144785881	-1
10.1452188492	-1
10.1452188492	-1
10.1452188492	-1
10.1452188492	-1
10.1452188492	-1
10.1452188492	-1
10.1452188492	-1
10.1454868317	-1
10.1456079483	-1
10.1456079483	-1
10.1456079483	-1
10.1456079483	-1
10.1456079483	-1
10.1456079483	-1
10.1456079483	-1
10.1460387707	-1
10.1465828419	-1
10.1465828419	-1
10.1465828419	-1
10.1465828419	-1
10.1465828419	-1
10.1465828419	-1
10.1465828419	-1
10.1468169689	-1
10.1468868256	-1
10.1468868256	-1
10.1468868256	-1
10.1468868256	-1
10.1468868256	-1
10.1468868256	-1
10.1468868256	-1
10.1471099854	-1
10.1586928368	-1
10.1586928368	-1
10.1586928368	-1
10.1586928368	-1
10.1586928368	-1
10.1586928368	-1
10.1586928368	-1
10.1586928368	-1
10.1768147945	-1
10.1768147945	-1
10.1768147945	-1
10.1768147945	-1
10.1768147945	-1
10.1768147945	-1
10.1768147945	-1
10.1768147945	-1
10.2249829769	-1
10.2249829769	-1
10.2249829769	-1
10.2249829769	-1
10.2249829769	-1
10.2249829769	-1
10.2249829769	-1
10.2249829769	-1
10.2252109051	-1
10.2253339291	-1
10.2253339291	-1
10.2253339291	-1
10.2253339291	-1
10.2253339291	-1
10.2253339291	-1
10.2253339291	-1
10.2455458641	-1
10.2481718063	-1
10.2481718063	-1
10.2481718063	-1
10.2481718063	-1
10.2481718063	-1
10.2481718063	-1
10.2481718063	-1
10.2481718063	-1
10.2497799397	-1
10.2497799397	-1
10.2505178452	-1
10.2505178452	-1
10.2505178452	-1
10.2505178452	-1
10.2505178452	-1
10.2505178452	-1
10.2733929157	1
10.2733929157	1
10.3350458145	-1
10.3350458145	-1
10.3350458145	-1
10.3350458145	-1
10.3350458145	-1
10.3350458145	-1
10.3350458145	-1
10.4092459679	1
10.4265317917	-1
10.4265317917	-1
10.4265317917	-1
10.4265317917	-1
10.4265317917	-1
10.4265317917	-1
10.4265317917	-1
10.4265317917	-1
10.4335439205	-1
10.4335439205	-1
10.4335439205	-1
10.4335439205	-1
10.4335439205	-1
10.4335439205	-1
10.4335439205	-1
10.4392559528	-1
10.4392559528	-1
10.4392559528	-1
10.4392559528	-1
10.4392559528	-1
10.4392559528	-1
10.4414467812	-1
10.4437618256	-1
10.4437618256	-1
10.4437618256	-1
10.5093159676	1
10.5093159676	1
10.5093159676	1
10.5093159676	1
10.680467844	-1
10.742680788	-1
10.742680788	-1
10.742680788	-1
10.742680788	-1
10.742680788	-1
10.742680788	-1
10.742680788	-1
10.742680788	-1
10.742680788	-1
10.7434639931	-1
10.7434639931	-1
10.7434639931	-1
10.7434639931	-1
10.7434639931	-1
10.7434639931	-1
10.7434639931	-1
10.7437078953	-1
10.7438299656	-1
10.7438299656	-1
10.7438299656	-1
10.7438299656	-1
10.7438299656	-1
10.7438299656	-1
10.7438299656	-1
10.7441179752	-1
10.7551259995	-1
10.7551259995	-1
10.7552499771	-1
10.7552499771	-1
10.7552499771	-1
10.7552499771	-1
10.7552499771	-1
10.7552499771	-1
10.7552499771	-1
10.7676389217	-1
10.7687299252	-1
10.7687299252	-1
10.7687299252	-1
10.7687299252	-1
10.7687299252	-1
10.7687299252	-1
10.7687299252	-1
10.7687299252	-1
10.7691648006	-1
10.7691648006	-1
10.7691648006	-1
10.7691648006	-1
10.7691648006	-1
10.7691648006	-1
10.7691648006	-1
10.7704699039	-1
10.7704699039	-1
10.7704699039	-1
10.7704699039	-1
10.7704699039	-1
10.7704699039	-1
10.7704699039	-1
10.7708628178	-1
10.7713298798	-1
10.7713298798	-1
10.7713298798	-1
10.7713298798	-1
10.7713298798	-1
10.7713298798	-1
10.7713298798	-1
10.7719268799	-1
10.7725718021	1
10.7728087902	-1
10.7728087902	-1
10.7728087902	-1
10.7728087902	-1
10.8021349907	-1
10.8249909878	-1
10.8249909878	-1
10.8249909878	-1
10.8249909878	-1
10.8249909878	-1
10.8249909878	-1
10.8249909878	-1
10.8262138367	-1
10.8262138367	-1
10.8262138367	-1
10.8262138367	-1
10.8262138367	-1
10.8262138367	-1
10.8262138367	-1
10.8285148144	-1
10.8285148144	-1
10.8285148144	-1
10.8285148144	-1
10.8285148144	-1
10.8285148144	-1
10.8285148144	-1
10.8285148144	-1
10.8299617767	-1
10.8299617767	-1
10.8299617767	-1
10.8299617767	-1
10.8299617767	-1
10.8299617767	-1
10.8299617767	-1
10.8299617767	-1
10.830739975	-1
10.830739975	-1
10.8506479263	-1
10.8506479263	-1
10.8506479263	-1
10.8506479263	-1
10.8506479263	-1
10.8694689274	1
10.8694689274	1
10.8694689274	1
10.8761138916	1
10.8761138916	1
10.9242107868	-1
10.9242107868	-1
10.9242107868	-1
10.9242579937	1
10.9242939949	-1
10.9242939949	-1
10.9242939949	-1
10.9242939949	-1
10.9242939949	-1
10.9254338741	-1
10.9254338741	-1
10.9254338741	-1
10.9254338741	-1
10.9254338741	-1
10.9254338741	-1
10.9254338741	-1
10.9254338741	-1
10.9254338741	-1
10.9258038998	-1
10.9258038998	-1
10.9258038998	-1
10.9258038998	-1
10.9258038998	-1
10.9258038998	-1
10.9258038998	-1
10.9262959957	-1
10.9262959957	-1
10.9262959957	-1
10.9262959957	-1
10.9262959957	-1
10.9265408516	-1
10.947259903	-1
10.947259903	-1
10.947259903	-1
10.947259903	-1
10.947259903	-1
10.947259903	-1
10.947259903	-1
10.9587419033	1
10.9587419033	1
10.9587419033	1
10.960272789	1
10.960272789	1
10.9659838676	1
10.9659838676	1
10.9659838676	1
10.9785938263	-1
10.9787418842	-1
10.9787418842	-1
10.9787418842	-1
10.9787418842	-1
10.9787418842	-1
10.9787418842	-1
10.9787418842	-1
10.9787418842	-1
10.9789857864	-1
10.9789857864	-1
10.9789857864	-1
10.9789857864	-1
10.9789857864	-1
10.9789857864	-1
10.9795198441	-1
10.9795198441	-1
10.9795198441	-1
10.9795198441	-1
10.9795198441	-1
10.9795198441	-1
10.9795198441	-1
10.9795198441	-1
10.9798867702	-1
10.9798867702	-1
10.9798867702	-1
10.9798867702	-1
10.9798867702	-1
10.9798867702	-1
10.9798867702	-1
10.9798867702	-1
10.9798867702	-1
11.0115158558	-1
11.0115158558	-1
11.0115158558	-1
11.0115158558	-1
11.0115158558	-1
11.0636429787	1
11.0636429787	1
11.1994979382	1
11.3234169483	-1
11.3441288471	1
11.3441288471	1
11.4447519779	-1
11.4447519779	-1
11.4447519779	-1
11.4447519779	-1
11.4447519779	-1
11.4447519779	-1
11.4447519779	-1
11.4447519779	-1
11.4506139755	-1
11.4506139755	-1
11.4506139755	-1
11.4506139755	-1
11.4506139755	-1
11.4506139755	-1
11.4506139755	-1
11.459250927	-1
11.4649679661	-1
11.4649679661	-1
11.4649679661	-1
11.4649679661	-1
11.4649679661	-1
11.4649679661	-1
11.4649679661	-1
11.4649679661	-1
11.4686818123	-1
11.4686818123	-1
11.4686818123	-1
11.4686818123	-1
11.4686818123	-1
11.4686818123	-1
11.4749968052	-1
11.4749968052	-1
11.4749968052	-1
11.4749968052	-1
11.4749968052	-1
11.4749968052	-1
11.4749968052	-1
11.4749968052	-1
11.4778029919	-1
11.4778029919	-1
11.4778029919	-1
11.4778029919	-1
11.4778029919	-1
11.4778029919	-1
11.4778029919	-1
11.4846007824	-1
11.4846007824	-1
11.4846007824	-1
11.4846007824	-1
11.4846007824	-1
11.4846007824	-1
11.4846007824	-1
11.4846007824	-1
11.4858958721	1
11.4900078773	-1
11.4900078773	-1
11.4900078773	-1
11.4900078773	-1
11.4900078773	-1
11.4900078773	-1
11.4900078773	-1
11.4900078773	-1
11.5075688362	-1
11.5075688362	-1
11.5222818851	-1
11.5222818851	-1
11.5222818851	-1
11.5222818851	-1
11.5222818851	-1
11.5222818851	-1
11.5222818851	-1
11.5331368446	-1
11.5384399891	-1
11.5384399891	-1
11.5384399891	-1
11.5384399891	-1
11.5384399891	-1
11.5384399891	-1
11.5384399891	-1
11.542637825	-1
11.5464878082	-1
11.5464878082	-1
11.5464878082	-1
11.5464878082	-1
11.5464878082	-1
11.5464878082	-1
11.5464878082	-1
11.5498259068	-1
11.5498259068	-1
11.5498259068	-1
11.5498259068	-1
11.5552728176	-1
11.5552728176	-1
11.5552728176	-1
11.5552728176	-1
11.557133913	1
11.557133913	1
11.557133913	1
11.5576388836	-1
11.5584979057	1
11.5584979057	1
11.559363842	1
11.559363842	1
11.559363842	1
11.560300827	-1
11.560300827	-1
11.560300827	-1
11.560300827	-1
11.560300827	-1
11.560300827	-1
11.560300827	-1
11.5767807961	-1
11.5767807961	-1
11.5767807961	-1
11.5767807961	-1
11.5767807961	-1
11.5767807961	-1
11.5767807961	-1
11.5767807961	-1
11.5825557709	-1
11.5825557709	-1
11.5825557709	-1
11.5825557709	-1
11.5825557709	-1
11.5825557709	-1
11.5825557709	-1
11.5825557709	-1
11.5857069492	-1
11.5857069492	-1
11.5857069492	-1
11.5857069492	-1
11.5857069492	-1
11.5939409733	-1
11.5939409733	-1
11.5962929726	1
11.5962929726	1
11.6024069786	1
11.6024069786	1
11.6024069786	1
11.6585609913	1
11.7271509171	-1
11.7271509171	-1
11.7271509171	-1
11.7283489704	-1
11.7283489704	-1
11.7283489704	-1
11.7283489704	-1
11.7283489704	-1
11.7283489704	-1
11.7283489704	-1
11.7283489704	-1
11.7287108898	-1
11.7287108898	-1
11.7287108898	-1
11.7287108898	-1
11.7287108898	-1
11.7287108898	-1
11.7287108898	-1
11.7287108898	-1
11.7334268093	1
11.7334268093	1
11.7334268093	1
11.7376568317	-1
11.7376568317	-1
11.7376568317	-1
11.795940876	1
11.8696389198	-1
11.8696389198	-1
11.8722047806	1
11.8722047806	1
11.8722047806	1
11.8725488186	1
11.8725488186	1
11.9709179401	1
12.0100569725	-1
12.0179269314	-1
12.0179269314	-1
12.0179269314	-1
12.0179269314	-1
12.0427269936	-1
12.0427269936	-1
12.0472757816	-1
12.0472757816	-1
12.0472757816	-1
12.0472757816	-1
12.0472757816	-1
12.0472757816	-1
12.0528428555	-1
12.0528428555	-1
12.0528428555	-1
12.0528428555	-1
12.0528428555	-1
12.0528428555	-1
12.0528428555	-1
12.0528428555	-1
12.0552358627	-1
12.0552358627	-1
12.0552358627	-1
12.0552358627	-1
12.0552358627	-1
12.0552358627	-1
12.0552358627	-1
12.0552358627	-1
12.0607697964	1
12.0607697964	1
12.0607697964	1
12.0699338913	-1
12.0699338913	-1
12.0699338913	-1
12.0699338913	-1
12.0699338913	-1
12.0699338913	-1
12.0699338913	-1
12.0699338913	-1
12.0819637775	-1
12.0819637775	-1
12.0819637775	-1
12.0819637775	-1
12.0819637775	-1
12.0819637775	-1
12.0819637775	-1
12.0819637775	-1
12.0861749649	-1
12.0861749649	-1
12.0861749649	-1
12.0861749649	-1
12.0861749649	-1
12.0861749649	-1
12.0861749649	-1
12.0947020054	-1
12.0993587971	-1
12.0993587971	-1
12.0993587971	-1
12.0993587971	-1
12.0993587971	-1
12.0993587971	-1
12.0993587971	-1
12.1027498245	-1
12.1154389381	-1
12.1154389381	-1
12.1154389381	-1
12.1154389381	-1
12.1154389381	-1
12.1154389381	-1
12.1154389381	-1
12.1154389381	-1
12.1154699326	1
12.1198430061	-1
12.1198430061	-1
12.1198430061	-1
12.1198430061	-1
12.1198430061	-1
12.1198430061	-1
12.1198430061	-1
12.1198430061	-1
12.1223509312	-1
12.1223509312	-1
12.1223509312	-1
12.1223509312	-1
12.1223509312	-1
12.1223509312	-1
12.1223509312	-1
12.1334218979	-1
12.1334218979	-1
12.1334218979	-1
12.1334218979	-1
12.1334218979	-1
12.1334218979	-1
12.1334218979	-1
12.1334218979	-1
12.1444158554	-1
12.1444158554	-1
12.1469907761	-1
12.1469907761	-1
12.1469907761	-1
12.1469907761	-1
12.1469907761	-1
12.1469907761	-1
12.1469907761	-1
12.1493799686	-1
12.1566917896	-1
12.1566917896	-1
12.1566917896	-1
12.1566917896	-1
12.1566917896	-1
12.1566917896	-1
12.1566917896	-1
12.1599948406	-1
12.1600198746	-1
12.1600198746	-1
12.1600198746	-1
12.1600198746	-1
12.1600198746	-1
12.1600198746	-1
12.1600198746	-1
12.1609919071	-1
12.1609919071	-1
12.1609919071	-1
12.1609919071	-1
12.1609919071	-1
12.1830039024	-1
12.1830039024	-1
12.2536218166	1
12.2539680004	-1
12.2539680004	-1
12.2539680004	-1
12.255879879	-1
12.255879879	-1
12.256248951	1
12.256248951	1
12.256248951	1
12.2629549503	-1
12.2629549503	-1
12.2629549503	-1
12.2629549503	-1
12.2689127922	-1
12.26947999	-1
12.26947999	-1
12.26947999	-1
12.2704617977	-1
12.2704617977	-1
12.2704617977	-1
12.2704617977	-1
12.2704617977	-1
12.2704617977	-1
12.2704617977	-1
12.2704617977	-1
12.2704617977	-1
12.270813942	-1
12.270813942	-1
12.270813942	-1
12.270813942	-1
12.2924628258	-1
12.2924628258	-1
12.3253128529	-1
12.3253128529	-1
12.3253128529	-1
12.3253128529	-1
12.3253128529	-1
12.3253128529	-1
12.3253128529	-1
12.3442058563	-1
12.3462507725	-1
12.3462507725	-1
12.3462507725	-1
12.3462507725	-1
12.3638567924	-1
12.3638567924	-1
12.3718109131	-1
12.3718109131	-1
12.3718109131	-1
12.3718109131	-1
12.3718109131	-1
12.3718109131	-1
12.394384861	1
12.394384861	1
12.4350368977	-1
12.4350368977	-1
12.4374918938	-1
12.4374918938	-1
12.4374918938	-1
12.4374918938	-1
12.4374918938	-1
12.4374918938	-1
12.4548258781	-1
12.4548258781	-1
12.5233008862	-1
12.5233008862	-1
12.5233008862	-1
12.6812508106	-1
12.6812508106	-1
12.6812508106	-1
12.6812508106	-1
12.6812508106	-1
12.6812508106	-1
12.6812508106	-1
12.6812508106	-1
12.6812508106	-1
12.6826248169	1
12.683729887	-1
12.683729887	-1
12.683729887	-1
12.683729887	-1
12.683729887	-1
12.683729887	-1
12.683729887	-1
12.683729887	-1
12.6855919361	-1
12.6855919361	-1
12.6855919361	-1
12.6855919361	-1
12.6855919361	-1
12.6855919361	-1
12.6855919361	-1
12.6855919361	-1
12.774012804	-1
12.774012804	-1
12.774012804	-1
12.774012804	-1
12.774012804	-1
12.774012804	-1
12.7783558369	-1
12.7783558369	-1
12.7804019451	-1
12.7804019451	-1
12.7804019451	-1
12.7804019451	-1
12.7804019451	-1
12.7804019451	-1
12.7804019451	-1
12.7819578648	-1
12.7819578648	-1
12.7819578648	-1
12.7819578648	-1
12.7819578648	-1
12.7819578648	-1
12.7819578648	-1
12.783675909	-1
12.783675909	-1
12.783675909	-1
12.783675909	-1
12.783675909	-1
12.783675909	-1
12.783675909	-1
12.7848768234	-1
12.7878530025	-1
12.7878530025	-1
12.7878530025	-1
12.7878530025	-1
12.7878530025	-1
12.7878530025	-1
12.7878530025	-1
12.7878530025	-1
12.7894678116	-1
12.7894678116	-1
12.7894678116	-1
12.7894678116	-1
12.7894678116	-1
12.7894678116	-1
12.7894678116	-1
12.790678978	-1
12.790678978	-1
12.790678978	-1
12.790678978	-1
12.790678978	-1
12.790678978	-1
12.790678978	-1
12.7934269905	-1
12.7934269905	-1
12.7934269905	-1
12.7934269905	-1
12.7934269905	-1
12.7934269905	-1
12.7934269905	-1
12.7934269905	-1
12.7945268154	-1
12.7980208397	-1
12.7980208397	-1
12.7980208397	-1
12.7980208397	-1
12.7980208397	-1
12.7980208397	-1
12.7980208397	-1
12.7980208397	-1
12.8036599159	-1
12.8036599159	-1
12.8036599159	-1
12.8036599159	-1
12.8036599159	-1
12.8036599159	-1
12.8036599159	-1
12.8036599159	-1
12.8162279129	-1
12.8162279129	-1
12.8190898895	1
12.8190898895	1
12.839496851	-1
12.839496851	-1
12.839496851	-1
12.8399379253	-1
12.8399379253	-1
12.8399379253	-1
12.8399379253	-1
12.8399379253	-1
12.8399379253	-1
12.8399379253	-1
12.840531826	-1
12.840531826	-1
12.840531826	-1
12.840531826	-1
12.840531826	-1
12.840531826	-1
12.840531826	-1
12.8922019005	-1
12.8922019005	-1
12.8930819035	-1
12.8930819035	-1
12.8930819035	-1
12.8930819035	-1
12.8930819035	-1
12.9020459652	-1
12.9026699066	-1
12.9026699066	-1
12.9026699066	-1
12.9026699066	-1
12.9026699066	-1
12.9026699066	-1
12.9026699066	-1
12.9031009674	-1
12.9031009674	-1
12.9031009674	-1
12.9031009674	-1
12.9031009674	-1
12.9031009674	-1
12.9031009674	-1
12.9068357944	-1
12.9224739075	-1
12.9224739075	-1
12.9224739075	-1
12.9224739075	-1
12.9224739075	-1
12.9224739075	-1
12.9224739075	-1
12.9224739075	-1
12.9233109951	-1
12.923429966	-1
12.923429966	-1
12.923429966	-1
12.923429966	-1
12.9391617775	1
12.9391617775	1
12.9391617775	1
12.9830889702	-1
13.1874549389	-1
13.1874549389	-1
13.1874549389	-1
13.1883327961	1
13.2151098251	-1
13.2151098251	-1
13.2327737808	1
13.2327737808	1
13.2327737808	1
13.2330539227	1
13.2330539227	1
13.2474718094	1
13.2474718094	1
13.2474718094	1
13.2610960007	1
13.2610960007	1
13.274009943	1
13.274009943	1
13.274009943	1
13.4730978012	-1
13.4747669697	1
13.6105737686	-1
13.6105737686	-1
13.6106188297	1
13.6106188297	1
13.616904974	-1
13.616904974	-1
13.616904974	-1
13.6172719002	-1
13.6172719002	-1
13.6172719002	-1
13.6172719002	-1
13.6172719002	-1
13.6172719002	-1
13.6184248924	1
13.6184248924	1
13.6184248924	1
13.629349947	-1
13.629349947	-1
13.629349947	-1
13.629349947	-1
13.629349947	-1
13.6674308777	-1
13.6674308777	-1
13.668035984	-1
13.668035984	-1
13.668035984	-1
13.6680958271	-1
13.6680958271	-1
13.6680958271	-1
13.6680958271	-1
13.6680958271	-1
13.6683897972	-1
13.6683897972	-1
13.6683897972	-1
13.6683897972	-1
13.6683897972	-1
13.6683897972	-1
13.6683897972	-1
13.6686339378	-1
13.6686708927	-1
13.6686708927	-1
13.6686708927	-1
13.6686708927	-1
13.6686708927	-1
13.6686708927	-1
13.6686708927	-1
13.6686708927	-1
13.6696717739	-1
13.6696717739	-1
13.6696717739	-1
13.6696717739	-1
13.6696717739	-1
13.6696717739	-1
13.6696717739	-1
13.6696717739	-1
13.6696717739	-1
13.6699547768	-1
13.6699547768	-1
13.6699547768	-1
13.6699547768	-1
13.6699547768	-1
13.6699547768	-1
13.6699547768	-1
13.670473814	-1
13.670473814	-1
13.670473814	-1
13.670473814	-1
13.670473814	-1
13.670473814	-1
13.670473814	-1
13.670473814	-1
13.670719862	-1
13.6708199978	-1
13.6708199978	-1
13.6708199978	-1
13.6708199978	-1
13.6708199978	-1
13.6708199978	-1
13.6708199978	-1
13.6710238457	1
13.6710238457	1
13.6725239754	-1
13.6726469994	-1
13.6726469994	-1
13.6732418537	-1
13.6732418537	-1
13.6732418537	-1
13.6732418537	-1
13.6732418537	-1
13.6732418537	-1
13.6732418537	-1
13.6732418537	-1
13.7061448097	-1
13.706537962	-1
13.706537962	-1
13.706537962	-1
13.706537962	-1
13.706537962	-1
13.706537962	-1
13.7332577705	-1
13.7332577705	-1
13.7333059311	-1
13.7333059311	-1
13.7333059311	-1
13.7333059311	-1
13.7333059311	-1
13.7463009357	1
13.7477018833	-1
13.7477018833	-1
13.7477018833	-1
13.7477018833	-1
13.7477018833	-1
13.7477018833	-1
13.7477018833	-1
13.7477018833	-1
13.7672159672	-1
13.7672159672	-1
13.7672159672	-1
13.7672159672	-1
13.7672159672	-1
13.7672159672	-1
13.7672159672	-1
13.771753788	-1
13.771753788	-1
13.7718038559	-1
13.7718038559	-1
13.7859838009	-1
13.7859838009	-1
13.7859838009	-1
13.7859838009	-1
13.7859838009	-1
13.7859838009	-1
13.7859838009	-1
13.8135848045	-1
13.8147518635	1
13.8147518635	1
13.8147518635	1
13.8174469471	-1
13.8174469471	-1
13.8174469471	-1
13.8280169964	-1
13.8280169964	-1
13.8280169964	-1
13.8280169964	-1
13.8280169964	-1
13.8280169964	-1
13.8280169964	-1
13.8321518898	-1
13.8321518898	-1
13.8321518898	-1
13.8321518898	-1
13.8321518898	-1
13.8321518898	-1
13.8321518898	-1
13.8366558552	-1
13.8366558552	-1
13.8366558552	-1
13.8366558552	-1
13.8366558552	-1
13.8366558552	-1
13.8366558552	-1
13.8366558552	-1
13.8404028416	-1
13.8404028416	-1
13.8414449692	-1
13.8414449692	-1
13.8414449692	-1
13.8414449692	-1
13.8414449692	-1
13.8425178528	-1
13.843711853	-1
13.843711853	-1
13.843711853	-1
13.843711853	-1
13.843711853	-1
13.843711853	-1
13.8580899239	-1
13.8580899239	-1
13.8580899239	-1
13.8580899239	-1
13.8580899239	-1
13.8580899239	-1
13.8580899239	-1
13.8580899239	-1
13.8895487785	1
13.8895487785	1
13.8895487785	1
13.9806637764	-1
13.9806637764	-1
13.9806637764	-1
13.9806637764	-1
14.0125598907	-1
14.0125598907	-1
14.0126059055	-1
14.0126059055	-1
14.0126059055	-1
14.0126059055	-1
14.0126059055	-1
14.1365809441	-1
14.1365809441	-1
14.1365809441	-1
14.1383769512	1
14.1383769512	1
14.1383769512	1
14.1467838287	-1
14.1467838287	-1
14.1467838287	-1
14.1467838287	-1
14.1467838287	-1
14.1467838287	-1
14.1952857971	-1
14.1952857971	-1
14.1952857971	-1
14.1952857971	-1
14.1952857971	-1
14.1952857971	-1
14.1952857971	-1
14.1952857971	-1
14.2674047947	-1
14.2674047947	-1
14.2674047947	-1
14.2675077915	-1
14.2675077915	-1
14.2675077915	-1
14.2675077915	-1
14.2675077915	-1
14.2675077915	-1
14.2714588642	-1
14.2714588642	-1
14.2714588642	-1
14.2714588642	-1
14.2714588642	-1
14.2714588642	-1
14.2714588642	-1
14.2714588642	-1
14.3102629185	1
14.3146269321	-1
14.3146269321	-1
14.3146269321	-1
14.3146269321	-1
14.3146269321	-1
14.3146269321	-1
14.3146269321	-1
14.4830329418	1
14.5925228596	-1
14.5925228596	-1
14.5925228596	-1
14.7344567776	-1
14.7357709408	1
14.8706629276	-1
15.0426499844	-1
15.2147889137	-1
15.4271938801	-1
15.4271938801	-1
15.4406778812	1
15.6907529831	1
15.8080728054	-1
15.8261737823	1
16.1113629341	-1
16.4027199745	-1
16.5223839283	1
16.5451009274	-1
16.6806499958	-1
16.6806828976	1
16.9167439938	-1
17.0910568237	-1
18.185338974	-1
19.6603558064	-1
19.7958779335	-1
19.9315109253	-1
19.9315109253	-1
20.9714758396	-1
25.442991972	1
25.7227528095	1
25.7227528095	1
25.8260068893	-1
26.4498407841	-1
26.5368058681	1
26.5387239456	1
26.5387239456	1
26.5387239456	1
26.5387239456	1
26.5387239456	1
26.5392129421	1
26.5399618149	1
26.5399618149	1
26.5412459373	1
26.5412459373	1
26.5412459373	1
26.5420739651	1
26.5420739651	1
26.5433938503	1
26.5433938503	1
26.5433938503	1
26.5471248627	1
26.5471248627	1
26.5473279953	1
26.5473279953	1
26.5473279953	1
26.5652639866	1
26.5652639866	1
26.615986824	-1
26.672372818	1
26.672372818	1
26.8079359531	1
26.8079359531	1
26.8819589615	-1
26.9350187778	-1
26.9350187778	-1
26.9350187778	-1
26.9350187778	-1
26.9454209805	-1
26.9454209805	-1
26.9475109577	-1
26.9475109577	-1
27.0133090019	-1
27.0133090019	-1
27.0174539089	-1
27.0178129673	1
27.0586278439	-1
27.0586278439	-1
27.0586278439	-1
27.060505867	1
27.060505867	1
27.060505867	1
27.0609858036	1
27.0609858036	1
27.2297868729	-1
27.2297868729	-1
27.2297868729	-1
27.2298929691	-1
27.2298929691	-1
27.2322797775	1
27.2322797775	1
27.2322797775	1
27.4095699787	-1
27.4095699787	-1
27.4095699787	-1
27.4096758366	-1
27.4096758366	-1
27.4096758366	-1
27.4102079868	-1
27.4102079868	-1
27.413864851	-1
27.413864851	-1
27.413864851	-1
27.413864851	-1
27.413864851	-1
27.413864851	-1
27.4622027874	1
27.5315918922	-1
27.5315918922	-1
27.5315918922	-1
27.5315918922	-1
27.5315918922	-1
27.5315918922	-1
27.5315918922	-1
27.5315918922	-1
27.5713849068	-1
27.5719428062	-1
27.5719428062	-1
27.5719428062	-1
27.5719428062	-1
27.5719428062	-1
27.5719428062	-1
27.5719428062	-1
27.5734398365	-1
27.5876228809	-1
27.5876228809	-1
27.5876228809	-1
27.5876739025	-1
27.5876739025	-1
27.5876739025	-1
27.5876739025	-1
27.5876739025	-1
27.5876739025	-1
27.5876739025	-1
27.5876739025	-1
27.5881037712	-1
27.5881037712	-1
27.5881037712	-1
27.6674308777	-1
27.6674308777	-1
27.6675407887	-1
27.6675407887	-1
27.6675407887	-1
27.6675407887	-1
27.6675407887	-1
27.6675407887	-1
27.6677877903	-1
27.6677877903	-1
27.6677877903	-1
27.6677877903	-1
27.6677877903	-1
27.6677877903	-1
27.6677877903	-1
27.6677877903	-1
27.6681089401	1
27.7403628826	-1
27.7403628826	-1
27.7403628826	-1
27.7403628826	-1
27.7403628826	-1
27.7403628826	-1
27.7411158085	-1
27.7411158085	-1
27.7411158085	-1
27.7411158085	-1
27.7411158085	-1
27.7422838211	-1
27.7422838211	-1
27.7422838211	-1
27.7564139366	-1
27.7564139366	-1
27.7564139366	-1
27.7564139366	-1
27.7564139366	-1
27.7564139366	-1
27.7564139366	-1
27.7566599846	-1
27.7567839622	-1
27.7567839622	-1
27.7567839622	-1
27.7567839622	-1
27.7567839622	-1
27.7567839622	-1
27.7567839622	-1
27.8038458824	-1
27.8038458824	-1
27.8038458824	-1
27.8038859367	1
27.8039178848	-1
27.8039178848	-1
27.8039178848	-1
27.8040728569	-1
27.8041958809	-1
27.8041958809	-1
27.8587889671	-1
27.9282548428	-1
27.9282548428	-1
27.9282548428	-1
28.0308918953	-1
28.0308918953	-1
28.046451807	1
28.1040549278	-1
28.1040549278	-1
28.1040549278	-1
28.1210398674	1
28.1210398674	1
28.1210398674	1
28.1372048855	-1
28.1372048855	-1
28.1372048855	-1
28.1904008389	1
28.1904008389	1
28.1904008389	1
28.199480772	1
28.199480772	1
28.199480772	1
28.199480772	1
28.199480772	1
28.199480772	1
28.201736927	1
28.201736927	1
28.201736927	1
28.201736927	1
28.201736927	1
28.201736927	1
28.2022848129	1
28.2022848129	1
28.2022848129	1
28.2022848129	1
28.2022848129	1
28.2029948235	1
28.2029948235	1
28.2043888569	1
28.2043888569	1
28.2043888569	1
28.2190108299	1
28.2190108299	1
28.2190108299	1
28.2190108299	1
28.2190108299	1
28.2190108299	1
28.2190108299	1
