0.0	1
0.25052690506	1
0.343886852264	-1
0.364814996719	1
0.594988822937	-1
0.595788002014	1
0.623916864395	1
0.623916864395	1
0.623916864395	1
0.87259888649	1
0.973330974579	-1
0.974720001221	1
0.974720001221	1
0.974720001221	1
1.10803699493	-1
1.10913395882	1
1.22319293022	-1
1.22449183464	1
1.33862781525	-1
1.33862781525	-1
1.34013104439	1
1.45420885086	-1
1.45534086227	1
1.51789498329	-1
1.51789498329	-1
1.51789498329	-1
1.51789498329	-1
1.51789498329	-1
1.51789498329	-1
1.51789498329	-1
1.51789498329	-1
1.56696200371	-1
1.56696200371	-1
1.56696200371	-1
1.56941795349	1
1.58975481987	-1
1.58975481987	-1
1.58975481987	-1
1.58975481987	-1
1.58975481987	-1
1.58975481987	-1
1.58975481987	-1
1.63218903542	-1
1.68354892731	-1
1.68359088898	1
1.68359088898	1
1.79575490952	-1
1.79575490952	-1
1.79575490952	-1
1.80005002022	-1
1.80005002022	-1
1.80005002022	-1
1.80005002022	-1
1.80005002022	-1
1.80005002022	-1
1.82240486145	1
1.90732192993	-1
1.90732192993	-1
1.91180086136	-1
1.92769384384	-1
1.92769384384	-1
1.92769384384	-1
1.92769384384	-1
1.92769384384	-1
1.92769384384	-1
1.92769384384	-1
1.97451400757	1
1.97451400757	1
2.17815995216	-1
2.17815995216	-1
2.17935681343	1
2.2926158905	-1
2.2926158905	-1
2.44614100456	-1
2.45366096497	1
2.53839182854	-1
2.53839182854	-1
2.53839182854	-1
2.54031181335	-1
2.54031181335	-1
2.54031181335	-1
2.56016087532	-1
2.56016087532	-1
2.5625538826	-1
2.5625538826	-1
2.5625538826	-1
2.6124830246	1
2.6124830246	1
2.6124830246	1
2.61506986618	1
2.61506986618	1
2.67607188225	1
2.67607188225	1
2.67607188225	1
2.67607188225	1
2.67607188225	1
2.67607188225	1
2.67607188225	1
2.67607188225	1
2.78890395164	-1
2.78890395164	-1
2.81194591522	1
2.81194591522	1
2.81194591522	1
2.88605499268	-1
2.88605499268	-1
2.88605499268	-1
2.88605499268	-1
2.88605499268	-1
2.88605499268	-1
2.90338397026	1
2.93409585953	-1
2.93409585953	-1
2.93409585953	-1
2.94294285774	-1
2.94294285774	-1
2.94444203377	1
2.94444203377	1
2.94444203377	1
2.94754981995	-1
2.94754981995	-1
2.94754981995	-1
2.94754981995	-1
2.94754981995	-1
2.94754981995	-1
2.94754981995	-1
2.95598292351	-1
2.95598292351	-1
2.95598292351	-1
2.95598292351	-1
2.95728087425	1
2.95728087425	1
2.9795999527	-1
2.9795999527	-1
2.9795999527	-1
2.9795999527	-1
2.9795999527	-1
2.9795999527	-1
2.9795999527	-1
2.9795999527	-1
3.01193904877	-1
3.01193904877	-1
3.01193904877	-1
3.01193904877	-1
3.01193904877	-1
3.01193904877	-1
3.01193904877	-1
3.01193904877	-1
3.01193904877	-1
3.02680301666	-1
3.02680301666	-1
3.02680301666	-1
3.02680301666	-1
3.02680301666	-1
3.02680301666	-1
3.02680301666	-1
3.02680301666	-1
3.05777001381	-1
3.05777001381	-1
3.06280493736	-1
3.06280493736	-1
3.06280493736	-1
3.06280493736	-1
3.06280493736	-1
3.06280493736	-1
3.0630338192	-1
3.0630338192	-1
3.07012701035	-1
3.07012701035	-1
3.07012701035	-1
3.07012701035	-1
3.07012701035	-1
3.07012701035	-1
3.07027482986	-1
3.07027482986	-1
3.07027482986	-1
3.07027482986	-1
3.07027482986	-1
3.07027482986	-1
3.07027482986	-1
3.07027482986	-1
3.12632703781	-1
3.12632703781	-1
3.12632703781	-1
3.12632703781	-1
3.12632703781	-1
3.12632703781	-1
3.12632703781	-1
3.12632703781	-1
3.12632703781	-1
3.12669491768	-1
3.12669491768	-1
3.12669491768	-1
3.12669491768	-1
3.17165589333	-1
3.17165589333	-1
3.17165589333	-1
3.17165589333	-1
3.17165589333	-1
3.17165589333	-1
3.17165589333	-1
3.17165589333	-1
3.17165589333	-1
3.17212200165	-1
3.17212200165	-1
3.17212200165	-1
3.17212200165	-1
3.17212200165	-1
3.17212200165	-1
3.17212200165	-1
3.17212200165	-1
3.17278599739	1
3.17733883858	-1
3.17733883858	-1
3.17733883858	-1
3.17733883858	-1
3.17733883858	-1
3.17754888535	-1
3.17767095566	-1
3.17767095566	-1
3.17767095566	-1
3.17767095566	-1
3.17767095566	-1
3.17767095566	-1
3.17767095566	-1
3.17767095566	-1
3.17804002762	-1
3.17804002762	-1
3.18231081963	1
3.18231081963	1
3.18231081963	1
3.18231081963	1
3.18231081963	1
3.18231081963	1
3.18231081963	1
3.18231081963	1
3.18231081963	1
3.18231081963	1
3.18241000175	1
3.18241000175	1
3.22224497795	-1
3.22224497795	-1
3.22224497795	-1
3.22224497795	-1
3.22224497795	-1
3.22224497795	-1
3.22224497795	-1
3.22224497795	-1
3.22240591049	-1
3.22240591049	-1
3.22240591049	-1
3.22240591049	-1
3.22240591049	-1
3.22240591049	-1
3.22240591049	-1
3.22240591049	-1
3.24030590057	-1
3.24030590057	-1
3.24030590057	-1
3.24030590057	-1
3.24030590057	-1
3.24030590057	-1
3.24030590057	-1
3.24030590057	-1
3.25280499458	-1
3.25280499458	-1
3.25280499458	-1
3.25280499458	-1
3.25280499458	-1
3.25315499306	-1
3.25315499306	-1
3.25315499306	-1
3.25315499306	-1
3.25315499306	-1
3.25315499306	-1
3.25315499306	-1
3.25315499306	-1
3.25315499306	-1
3.25485396385	1
3.25485396385	1
3.2866358757	-1
3.2866358757	-1
3.2866358757	-1
3.2866358757	-1
3.2866358757	-1
3.2866358757	-1
3.2866358757	-1
3.2866358757	-1
3.28698682785	-1
3.28698682785	-1
3.28698682785	-1
3.28698682785	-1
3.28698682785	-1
3.28698682785	-1
3.28698682785	-1
3.28698682785	-1
3.28735494614	-1
3.28735494614	-1
3.28735494614	-1
3.28735494614	-1
3.28735494614	-1
3.28735494614	-1
3.29146981239	1
3.29149985313	-1
3.2916560173	-1
3.2916560173	-1
3.2916560173	-1
3.2916560173	-1
3.2916560173	-1
3.2916560173	-1
3.2916560173	-1
3.30152392387	-1
3.30158495903	-1
3.30158495903	-1
3.30158495903	-1
3.30158495903	-1
3.30158495903	-1
3.30158495903	-1
3.30158495903	-1
3.30158495903	-1
3.30187392235	-1
3.30187392235	-1
3.30187392235	-1
3.30211997032	-1
3.30211997032	-1
3.30211997032	-1
3.30211997032	-1
3.30211997032	-1
3.30224299431	-1
3.30224299431	-1
3.30224299431	-1
3.30224299431	-1
3.30224299431	-1
3.30224299431	-1
3.30224299431	-1
3.30224299431	-1
3.33687186241	-1
3.33687186241	-1
3.33687186241	-1
3.33687186241	-1
3.33687186241	-1
3.33687186241	-1
3.33687186241	-1
3.36359786987	-1
3.36359786987	-1
3.36359786987	-1
3.36359786987	-1
3.36359786987	-1
3.36359786987	-1
3.36359786987	-1
3.36359786987	-1
3.36359786987	-1
3.36502385139	1
3.36502385139	1
3.36502385139	1
3.3773188591	-1
3.3773188591	-1
3.3773188591	-1
3.3773188591	-1
3.3773188591	-1
3.3773188591	-1
3.3773188591	-1
3.3773188591	-1
3.37768602371	-1
3.37768602371	-1
3.37768602371	-1
3.37768602371	-1
3.37768602371	-1
3.37793087959	-1
3.37793087959	-1
3.37793087959	-1
3.37793087959	-1
3.37793087959	-1
3.37793087959	-1
3.37793087959	-1
3.40160298347	-1
3.40170884132	-1
3.40170884132	-1
3.40170884132	-1
3.40170884132	-1
3.40170884132	-1
3.40170884132	-1
3.40195298195	-1
3.40195298195	-1
3.40917992592	-1
3.40917992592	-1
3.40922284126	1
3.409252882	-1
3.409252882	-1
3.409252882	-1
3.40942883492	-1
3.40942883492	-1
3.40942883492	-1
3.40945696831	-1
3.40945696831	-1
3.40945696831	-1
3.40945696831	-1
3.40945696831	-1
3.40970182419	-1
3.40970182419	-1
3.40970182419	-1
3.40970182419	-1
3.40970182419	-1
3.40970182419	-1
3.40995287895	-1
3.40995287895	-1
3.40995287895	-1
3.40995287895	-1
3.40995287895	-1
3.40995287895	-1
3.40995287895	-1
3.40995287895	-1
3.41041183472	-1
3.41041183472	-1
3.41041183472	-1
3.41041183472	-1
3.41041183472	-1
3.41041183472	-1
3.41041183472	-1
3.42554283142	-1
3.42566204071	-1
3.42566204071	-1
3.42566204071	-1
3.42566204071	-1
3.42566204071	-1
3.42566204071	-1
3.42566204071	-1
3.42590785027	-1
3.42603087425	-1
3.42603087425	-1
3.42603087425	-1
3.42603087425	-1
3.42603087425	-1
3.42603087425	-1
3.42603087425	-1
3.42629885674	-1
3.44112086296	1
3.44112086296	1
3.44112086296	1
3.44630694389	-1
3.44630694389	-1
3.44630694389	-1
3.44630694389	-1
3.44630694389	-1
3.44630694389	-1
3.44630694389	-1
3.44630694389	-1
3.4465508461	-1
3.4465508461	-1
3.4465508461	-1
3.4465508461	-1
3.4465508461	-1
3.4465508461	-1
3.4465508461	-1
3.44765901566	1
3.44765901566	1
3.44765901566	1
3.46074295044	-1
3.46074295044	-1
3.46074295044	-1
3.46074295044	-1
3.46074295044	-1
3.46074295044	-1
3.46074295044	-1
3.46074295044	-1
3.49157881737	-1
3.49157881737	-1
3.49157881737	-1
3.49157881737	-1
3.49178791046	-1
3.50897884369	-1
3.50897884369	-1
3.50897884369	-1
3.50897884369	-1
3.50897884369	-1
3.50897884369	-1
3.51943683624	-1
3.51943683624	-1
3.51943683624	-1
3.51943683624	-1
3.51943683624	-1
3.51943683624	-1
3.52998185158	-1
3.53002381325	1
3.53827691078	-1
3.53827691078	-1
3.53827691078	-1
3.53827691078	-1
3.53827691078	-1
3.53827691078	-1
3.53827691078	-1
3.56049895287	-1
3.56049895287	-1
3.56049895287	-1
3.56049895287	-1
3.56991887093	-1
3.56991887093	-1
3.56991887093	-1
3.57354092598	-1
3.58423089981	-1
3.58423089981	-1
3.58423089981	-1
3.58963704109	-1
3.58963704109	-1
3.58963704109	-1
3.58963704109	-1
3.58963704109	-1
3.58963704109	-1
3.58963704109	-1
3.59346604347	-1
3.60305094719	-1
3.60305094719	-1
3.60305094719	-1
3.60305094719	-1
3.60305094719	-1
3.60305094719	-1
3.60305094719	-1
3.60305094719	-1
3.60747289658	-1
3.60747289658	-1
3.60747289658	-1
3.60747289658	-1
3.61249494553	-1
3.61249494553	-1
3.61249494553	-1
3.61249494553	-1
3.61249494553	-1
3.61249494553	-1
3.61249494553	-1
3.61572599411	-1
3.61572599411	-1
3.61572599411	-1
3.61572599411	-1
3.61572599411	-1
3.61572599411	-1
3.61572599411	-1
3.62105083466	-1
3.62506699562	-1
3.62506699562	-1
3.62506699562	-1
3.62809586525	-1
3.62809586525	-1
3.62809586525	-1
3.62809586525	-1
3.62809586525	-1
3.62809586525	-1
3.62809586525	-1
3.63071703911	-1
3.63071703911	-1
3.63071703911	-1
3.63071703911	-1
3.63071703911	-1
3.63071703911	-1
3.63071703911	-1
3.63565301895	-1
3.63565301895	-1
3.63565301895	-1
3.63565301895	-1
3.63565301895	-1
3.63565301895	-1
3.63565301895	-1
3.63565301895	-1
3.63940095901	-1
3.63940095901	-1
3.63940095901	-1
3.63940095901	-1
3.63940095901	-1
3.63940095901	-1
3.63940095901	-1
3.63940095901	-1
3.64773702621	-1
3.64773702621	-1
3.64773702621	-1
3.64773702621	-1
3.64773702621	-1
3.64773702621	-1
3.64773702621	-1
3.64773702621	-1
3.64773702621	-1
3.6477689743	1
3.6477689743	1
3.65273404121	-1
3.65273404121	-1
3.65273404121	-1
3.65273404121	-1
3.65273404121	-1
3.67470598221	-1
3.67470598221	-1
3.67470598221	-1
3.67481088638	-1
3.67481088638	-1
3.67481088638	-1
3.67481088638	-1
3.67481088638	-1
3.67481088638	-1
3.67481088638	-1
3.67481088638	-1
3.67517900467	-1
3.67517900467	-1
3.67517900467	-1
3.67517900467	-1
3.67517900467	-1
3.67517900467	-1
3.67517900467	-1
3.69340491295	-1
3.69340491295	-1
3.69340491295	-1
3.69340491295	-1
3.69340491295	-1
3.69340491295	-1
3.69340491295	-1
3.69340491295	-1
3.69340491295	-1
3.6937379837	-1
3.6937379837	-1
3.6937379837	-1
3.6937379837	-1
3.6937379837	-1
3.6937379837	-1
3.70368504524	-1
3.70368504524	-1
3.70368504524	-1
3.70368504524	-1
3.70368504524	-1
3.70368504524	-1
3.70368504524	-1
3.70368504524	-1
3.71615695953	-1
3.71615695953	-1
3.72668004036	-1
3.72668004036	-1
3.72668004036	-1
3.72668004036	-1
3.72668004036	-1
3.72668004036	-1
3.72668004036	-1
3.72668004036	-1
3.73154783249	-1
3.73154783249	-1
3.73154783249	-1
3.73154783249	-1
3.73154783249	-1
3.73154783249	-1
3.73154783249	-1
3.74101495743	-1
3.75063991547	-1
3.75063991547	-1
3.75063991547	-1
3.75063991547	-1
3.75063991547	-1
3.75063991547	-1
3.75063991547	-1
3.76622986794	-1
3.76622986794	-1
3.76622986794	-1
3.76622986794	-1
3.76622986794	-1
3.76622986794	-1
3.76622986794	-1
3.76622986794	-1
3.76626896858	1
3.78170204163	-1
3.78170204163	-1
3.78970193863	-1
3.78970193863	-1
3.78970193863	-1
3.78970193863	-1
3.78970193863	-1
3.78970193863	-1
3.78970193863	-1
3.7958779335	-1
3.7958779335	-1
3.80175495148	-1
3.8074669838	-1
3.8074669838	-1
3.81697392464	-1
3.81697392464	-1
3.81697392464	-1
3.81697392464	-1
3.81697392464	-1
3.81697392464	-1
3.81697392464	-1
3.81697392464	-1
3.82112884521	-1
3.82960796356	-1
3.82960796356	-1
3.82960796356	-1
3.82960796356	-1
3.82960796356	-1
3.82960796356	-1
3.82960796356	-1
3.82960796356	-1
3.83638596535	-1
3.83638596535	-1
3.84207701683	-1
3.84207701683	-1
3.84207701683	-1
3.8442158699	-1
3.8442158699	-1
3.8442158699	-1
3.8442158699	-1
3.8442158699	-1
3.8442158699	-1
3.8442158699	-1
3.84635686874	-1
3.84635686874	-1
3.84635686874	-1
3.84635686874	-1
3.84635686874	-1
3.84635686874	-1
3.84635686874	-1
3.85035300255	-1
3.85035300255	-1
3.85035300255	-1
3.85177588463	-1
3.85177588463	-1
3.85177588463	-1
3.85177588463	-1
3.85177588463	-1
3.85177588463	-1
3.85177588463	-1
3.85299801826	-1
3.85299801826	-1
3.85299801826	-1
3.85299801826	-1
3.85299801826	-1
3.85299801826	-1
3.85299801826	-1
3.8568649292	-1
3.8568649292	-1
3.8568649292	-1
3.8568649292	-1
3.8568649292	-1
3.8568649292	-1
3.8568649292	-1
3.8568649292	-1
3.85808491707	1
3.85808491707	1
3.85808491707	1
3.85960698128	-1
3.85960698128	-1
3.86281490326	-1
3.86281490326	-1
3.86281490326	-1
3.86281490326	-1
3.86281490326	-1
3.86591386795	-1
3.86591386795	-1
3.86591386795	-1
3.86591386795	-1
3.86591386795	-1
3.86591386795	-1
3.86591386795	-1
3.86591386795	-1
3.86712789536	-1
3.86712789536	-1
3.86712789536	-1
3.86712789536	-1
3.86712789536	-1
3.86712789536	-1
3.86712789536	-1
3.87662291527	-1
3.87673187256	-1
3.87673187256	-1
3.87673187256	-1
3.87685394287	-1
3.87685394287	-1
3.87685394287	-1
3.87685394287	-1
3.87685394287	-1
3.87693500519	-1
3.87709784508	-1
3.87709784508	-1
3.87709784508	-1
3.87709784508	-1
3.87709784508	-1
3.87709784508	-1
3.87730383873	1
3.87730383873	1
3.88379192352	-1
3.88379192352	-1
3.88379192352	-1
3.88379192352	-1
3.88379192352	-1
3.88379192352	-1
3.88379192352	-1
3.88415384293	-1
3.88415384293	-1
3.88415384293	-1
3.88415384293	-1
3.88415384293	-1
3.88415384293	-1
3.88415384293	-1
3.88415384293	-1
3.88415384293	-1
3.88451194763	-1
3.88451194763	-1
3.88457798958	-1
3.88457798958	-1
3.88457798958	-1
3.88457798958	-1
3.88457798958	-1
3.88457798958	-1
3.88457798958	-1
3.88482999802	-1
3.88482999802	-1
3.88482999802	-1
3.88482999802	-1
3.88482999802	-1
3.88482999802	-1
3.88482999802	-1
3.89175796509	-1
3.89175796509	-1
3.89175796509	-1
3.89175796509	-1
3.89175796509	-1
3.89175796509	-1
3.89175796509	-1
3.89198589325	-1
3.89212298393	-1
3.89212298393	-1
3.8922328949	-1
3.8922328949	-1
3.8922328949	-1
3.8922328949	-1
3.8922328949	-1
3.8922328949	-1
3.8922328949	-1
3.8922328949	-1
3.90407800674	-1
3.90412902832	-1
3.90412902832	-1
3.90412902832	-1
3.90412902832	-1
3.90412902832	-1
3.90412902832	-1
3.90412902832	-1
3.90412902832	-1
3.91604804993	-1
3.91604804993	-1
3.91604804993	-1
3.91604804993	-1
3.91604804993	-1
3.91604804993	-1
3.91604804993	-1
3.91627502441	-1
3.92407298088	-1
3.92407298088	-1
3.92407298088	-1
3.92407298088	-1
3.92407298088	-1
3.92407298088	-1
3.92407298088	-1
3.94425988197	-1
3.94425988197	-1
3.94425988197	-1
3.94425988197	-1
3.94425988197	-1
3.94425988197	-1
3.94425988197	-1
3.94469690323	-1
3.94469690323	-1
3.94469690323	-1
3.94469690323	-1
3.94469690323	-1
3.94469690323	-1
3.94469690323	-1
3.94469690323	-1
3.9449698925	-1
3.9449698925	-1
3.9449698925	-1
3.9449698925	-1
3.96136593819	-1
3.96136593819	-1
3.96136593819	-1
3.96136593819	-1
3.96136593819	-1
3.96136593819	-1
3.96136593819	-1
3.96136593819	-1
3.96150183678	-1
3.97723603249	-1
3.97723603249	-1
3.97723603249	-1
3.98124885559	-1
3.98124885559	-1
3.98124885559	-1
3.98124885559	-1
3.98124885559	-1
3.98124885559	-1
3.98124885559	-1
3.98124885559	-1
3.98160099983	-1
3.98160099983	-1
3.98160099983	-1
3.98160099983	-1
3.98160099983	-1
3.98160099983	-1
3.98160099983	-1
3.98287582397	1
3.98287582397	1
3.98287582397	1
3.9913649559	-1
3.99147987366	-1
3.99147987366	-1
3.99147987366	-1
3.99147987366	-1
3.99147987366	-1
3.99147987366	-1
3.99147987366	-1
3.9937210083	-1
3.99800181389	-1
3.99800181389	-1
3.99800181389	-1
3.99800181389	-1
3.99800181389	-1
3.99800181389	-1
3.99800181389	-1
4.0021378994	-1
4.01034998894	-1
4.01034998894	-1
4.01880884171	-1
4.01880884171	-1
4.01880884171	-1
4.02325081825	-1
4.02325081825	-1
4.02325081825	-1
4.02325081825	-1
4.02325081825	-1
4.02325081825	-1
4.02325081825	-1
4.02576994896	-1
4.02576994896	-1
4.02576994896	-1
4.02576994896	-1
4.0309920311	-1
4.0309920311	-1
4.0309920311	-1
4.0309920311	-1
4.0309920311	-1
4.0309920311	-1
4.0309920311	-1
4.0309920311	-1
4.03241682053	-1
4.03241682053	-1
4.03241682053	-1
4.03241682053	-1
4.03241682053	-1
4.03241682053	-1
4.03241682053	-1
4.03385901451	-1
4.03908085823	-1
4.03908085823	-1
4.03908085823	-1
4.04475402832	-1
4.04475402832	-1
4.04475402832	-1
4.04475402832	-1
4.04475402832	-1
4.04475402832	-1
4.04475402832	-1
4.0476000309	-1
4.0476000309	-1
4.0476000309	-1
4.0476000309	-1
4.0476000309	-1
4.0476000309	-1
4.0476000309	-1
4.05378603935	-1
4.05378603935	-1
4.05378603935	-1
4.05378603935	-1
4.05378603935	-1
4.05378603935	-1
4.05378603935	-1
4.05378603935	-1
4.05847501755	-1
4.05847501755	-1
4.05847501755	-1
4.05847501755	-1
4.05971693993	1
4.05971693993	1
4.05971693993	1
4.06384181976	-1
4.06384181976	-1
4.06384181976	-1
4.06384181976	-1
4.06384181976	-1
4.06384181976	-1
4.06384181976	-1
4.06384181976	-1
4.06568288803	-1
4.06568288803	-1
4.06568288803	-1
4.06568288803	-1
4.06568288803	-1
4.06568288803	-1
4.06568288803	-1
4.07196903229	-1
4.07196903229	-1
4.07196903229	-1
4.07401895523	-1
4.07778596878	-1
4.07778596878	-1
4.07778596878	-1
4.07778596878	-1
4.07778596878	-1
4.08048892021	-1
4.08048892021	-1
4.08048892021	-1
4.08048892021	-1
4.08515787125	-1
4.08515787125	-1
4.08515787125	-1
4.08515787125	-1
4.08515787125	-1
4.08515787125	-1
4.08515787125	-1
4.08515787125	-1
4.08755397797	-1
4.08755397797	-1
4.08755397797	-1
4.08755397797	-1
4.08755397797	-1
4.08755397797	-1
4.08755397797	-1
4.09142589569	-1
4.09413504601	-1
4.09413504601	-1
4.09413504601	-1
4.09413504601	-1
4.09413504601	-1
4.09413504601	-1
4.09413504601	-1
4.09709787369	-1
4.10168600082	-1
4.10168600082	-1
4.10168600082	-1
4.11307382584	-1
4.11307382584	-1
4.11307382584	-1
4.11307382584	-1
4.11307382584	-1
4.11307382584	-1
4.11307382584	-1
4.11307382584	-1
4.11312198639	1
4.11900687218	-1
4.11900687218	-1
4.11900687218	-1
4.13352298737	-1
4.13352298737	-1
4.13352298737	-1
4.13352298737	-1
4.13352298737	-1
4.13352298737	-1
4.13352298737	-1
4.13352298737	-1
4.1493639946	-1
4.1493639946	-1
4.14946484566	-1
4.14946484566	-1
4.14946484566	-1
4.14946484566	-1
4.14946484566	-1
4.14946484566	-1
4.14946484566	-1
4.16263103485	-1
4.16263103485	-1
4.16873288155	-1
4.16873288155	-1
4.16873288155	-1
4.16873288155	-1
4.16873288155	-1
4.17294502258	1
4.17294502258	1
4.17294502258	1
4.17294502258	1
4.18170881271	-1
4.18170881271	-1
4.18170881271	-1
4.18170881271	-1
4.18170881271	-1
4.18170881271	-1
4.19450283051	-1
4.19450283051	-1
4.19450283051	-1
4.19450283051	-1
4.19450283051	-1
4.19450283051	-1
4.19566392899	1
4.19566392899	1
4.20608592033	-1
4.20608592033	-1
4.20608592033	-1
4.20608592033	-1
4.20608592033	-1
4.20608592033	-1
4.20608592033	-1
4.20608592033	-1
4.21706104279	-1
4.21706104279	-1
4.22207903862	-1
4.22207903862	-1
4.22207903862	-1
4.22207903862	-1
4.22207903862	-1
4.22207903862	-1
4.22207903862	-1
4.22742795944	-1
4.23526883125	-1
4.23526883125	-1
4.23526883125	-1
4.23526883125	-1
4.23526883125	-1
4.23526883125	-1
4.23526883125	-1
4.23526883125	-1
4.23893284798	-1
4.23893284798	-1
4.23893284798	-1
4.23893284798	-1
4.23893284798	-1
4.23893284798	-1
4.23893284798	-1
4.24603295326	-1
4.25017595291	-1
4.25017595291	-1
4.25017595291	-1
4.25365686417	-1
4.25365686417	-1
4.25365686417	-1
4.25365686417	-1
4.25365686417	-1
4.25365686417	-1
4.25365686417	-1
4.25736284256	-1
4.25736284256	-1
4.25736284256	-1
4.25736284256	-1
4.25736284256	-1
4.25736284256	-1
4.25736284256	-1
4.26388382912	-1
4.26388382912	-1
4.26388382912	-1
4.27124786377	-1
4.27124786377	-1
4.27124786377	-1
4.27124786377	-1
4.27124786377	-1
4.27124786377	-1
4.27124786377	-1
4.27124786377	-1
4.27769899368	-1
4.27769899368	-1
4.28014683723	-1
4.28014683723	-1
4.28014683723	-1
4.28014683723	-1
4.28014683723	-1
4.28014683723	-1
4.28014683723	-1
4.2835559845	-1
4.29033398628	-1
4.29033398628	-1
4.29033398628	-1
4.29033398628	-1
4.29033398628	-1
4.29033398628	-1
4.29033398628	-1
4.29581189156	-1
4.29700493813	1
4.29700493813	1
4.29700493813	1
4.29985594749	-1
4.29985594749	-1
4.29985594749	-1
4.29985594749	-1
4.29985594749	-1
4.29985594749	-1
4.29985594749	-1
4.30727100372	-1
4.30727100372	-1
4.31385588646	-1
4.31385588646	-1
4.31385588646	-1
4.31385588646	-1
4.31385588646	-1
4.31385588646	-1
4.31385588646	-1
4.31877994537	-1
4.31877994537	-1
4.31877994537	-1
4.31877994537	-1
4.31877994537	-1
4.31877994537	-1
4.31877994537	-1
4.32893681526	-1
4.32893681526	-1
4.32893681526	-1
4.32893681526	-1
4.32893681526	-1
4.32893681526	-1
4.32893681526	-1
4.32893681526	-1
4.33016300201	1
4.33016300201	1
4.3371078968	-1
4.3371078968	-1
4.3397898674	-1
4.3397898674	-1
4.3397898674	-1
4.3397898674	-1
4.3397898674	-1
4.3397898674	-1
4.3397898674	-1
4.34271883965	-1
4.34271883965	-1
4.34271883965	-1
4.34271883965	-1
4.34271883965	-1
4.34271883965	-1
4.34271883965	-1
4.34806394577	-1
4.34806394577	-1
4.34806394577	-1
4.34806394577	-1
4.34806394577	-1
4.34806394577	-1
4.35256886482	-1
4.35256886482	-1
4.35256886482	-1
4.35256886482	-1
4.35256886482	-1
4.35256886482	-1
4.35256886482	-1
4.35256886482	-1
4.35711503029	-1
4.35711503029	-1
4.35711503029	-1
4.35711503029	-1
4.35711503029	-1
4.35711503029	-1
4.35711503029	-1
4.36065793037	-1
4.36360692978	-1
4.36360692978	-1
4.36360692978	-1
4.36360692978	-1
4.36360692978	-1
4.36360692978	-1
4.36360692978	-1
4.36739587784	-1
4.36853384972	1
4.36853384972	1
4.36853384972	1
4.37047886848	-1
4.37047886848	-1
4.37047886848	-1
4.37047886848	-1
4.37047886848	-1
4.37047886848	-1
4.37047886848	-1
4.37294483185	-1
4.38064289093	-1
4.38064289093	-1
4.38064289093	-1
4.38064289093	-1
4.38367581367	-1
4.3856408596	-1
4.3856408596	-1
4.3856408596	-1
4.3856408596	-1
4.38935089111	-1
4.38935089111	-1
4.38935089111	-1
4.38935089111	-1
4.38935089111	-1
4.38935089111	-1
4.38935089111	-1
4.38935089111	-1
4.39174389839	-1
4.39174389839	-1
4.39174389839	-1
4.39174389839	-1
4.39174389839	-1
4.39174389839	-1
4.39174389839	-1
4.39438796043	-1
4.39438796043	-1
4.39438796043	-1
4.39438796043	-1
4.39438796043	-1
4.39438796043	-1
4.39438796043	-1
4.39570403099	1
4.39570403099	1
4.39652490616	-1
4.39652490616	-1
4.39652490616	-1
4.39652490616	-1
4.39652490616	-1
4.39652490616	-1
4.39652490616	-1
4.40447688103	-1
4.40447688103	-1
4.40447688103	-1
4.40447688103	-1
4.40447688103	-1
4.40447688103	-1
4.40447688103	-1
4.40718102455	-1
4.40818786621	1
4.40818786621	1
4.40818786621	1
4.41039395332	-1
4.41039395332	-1
4.41039395332	-1
4.41039395332	-1
4.41039395332	-1
4.41039395332	-1
4.41763091087	-1
4.41763091087	-1
4.41763091087	-1
4.41763091087	-1
4.41763091087	-1
4.41763091087	-1
4.41763091087	-1
4.41763091087	-1
4.42129683495	-1
4.42412090302	-1
4.42412090302	-1
4.42412090302	-1
4.42412090302	-1
4.42412090302	-1
4.42412090302	-1
4.42412090302	-1
4.42799401283	-1
4.43291401863	-1
4.43291401863	-1
4.43752098083	-1
4.43752098083	-1
4.43752098083	-1
4.4442589283	-1
4.4442589283	-1
4.4442589283	-1
4.4442589283	-1
4.4442589283	-1
4.4442589283	-1
4.4442589283	-1
4.4442589283	-1
4.45617794991	-1
4.45617794991	-1
4.45617794991	-1
4.45617794991	-1
4.45617794991	-1
4.45617794991	-1
4.45617794991	-1
4.45617794991	-1
4.45617794991	-1
4.46342682838	-1
4.46342682838	-1
4.46343803406	1
4.46588397026	-1
4.46588397026	-1
4.46588397026	-1
4.46588397026	-1
4.46803402901	-1
4.49146294594	-1
4.49146294594	-1
4.49146294594	-1
4.53184604645	-1
4.60734796524	-1
4.60734796524	-1
4.60734796524	-1
4.64594602585	-1
4.68576002121	-1
4.68576002121	-1
4.68576002121	-1
4.72382998466	-1
4.72382998466	-1
4.72546195984	1
4.74481892586	-1
4.74481892586	-1
4.74481892586	-1
4.74481892586	-1
4.82802581787	-1
4.82802581787	-1
4.82802581787	-1
4.8456158638	-1
4.8456158638	-1
4.84564805031	1
5.03323793411	-1
5.03323793411	-1
5.03323793411	-1
5.06725502014	-1
5.06725502014	-1
5.06725502014	-1
5.06725502014	-1
5.06927990913	-1
5.06927990913	-1
5.06927990913	-1
5.06927990913	-1
5.06927990913	-1
5.06927990913	-1
5.06927990913	-1
5.08593082428	-1
5.08593082428	-1
5.08593082428	-1
5.08593082428	-1
5.12647604942	-1
5.14806294441	-1
5.14806294441	-1
5.15791201591	-1
5.15791201591	-1
5.15791201591	-1
5.16823387146	-1
5.16823387146	-1
5.16823387146	-1
5.1893260479	-1
5.1893260479	-1
5.20472884178	-1
5.20472884178	-1
5.20472884178	-1
5.21410703659	-1
5.21410703659	-1
5.21822190285	-1
5.21822190285	-1
5.21822190285	-1
5.23588085175	-1
5.23588085175	-1
5.23588085175	-1
5.23588085175	-1
5.23588085175	-1
5.28399991989	1
5.39794588089	1
5.91634082794	-1
6.00130391121	1
6.00160002708	1
6.00160002708	1
6.00160002708	1
6.00160002708	1
6.00160002708	1
6.00160002708	1
6.00160002708	1
6.00160002708	1
6.00172591209	1
6.00172591209	1
6.00172591209	1
6.00294184685	1
6.00294184685	1
6.00294184685	1
6.00294184685	1
6.00294184685	1
