0.0	1
0.372520923615	1
0.551139831543	-1
0.552016973495	1
0.938380002975	-1
0.939141988754	1
0.942592859268	1
0.942592859268	1
0.942592859268	1
1.04347896576	1
1.04347896576	1
1.04347896576	1
1.59505200386	-1
1.59673881531	1
1.67024898529	-1
1.67024898529	-1
1.6720328331	1
1.74540400505	-1
1.74543881416	1
1.88679599762	1
1.89376783371	-1
1.96008300781	1
2.00509381294	-1
2.15956187248	-1
2.23312592506	-1
2.24780988693	-1
2.24780988693	-1
2.24780988693	-1
2.24780988693	-1
2.24780988693	-1
2.24780988693	-1
2.24780988693	-1
2.2480328083	-1
2.26124596596	1
2.26382684708	-1
2.26382684708	-1
2.26382684708	-1
2.26382684708	-1
2.26382684708	-1
2.26382684708	-1
2.26382684708	-1
2.26382684708	-1
2.41738796234	-1
2.41738796234	-1
2.50634789467	-1
2.50653386116	-1
2.50653386116	-1
2.50653386116	-1
2.50653386116	-1
2.50653386116	-1
2.50653386116	-1
2.51211380959	1
2.64139080048	-1
2.64139080048	-1
2.64139080048	-1
2.64139080048	-1
2.64139080048	-1
2.64139080048	-1
2.64139080048	-1
2.64139080048	-1
2.64139080048	-1
2.65567684174	-1
2.65567684174	-1
2.6575357914	1
2.68013978004	-1
2.68013978004	-1
2.68013978004	-1
2.68013978004	-1
2.68013978004	-1
2.68013978004	-1
2.68013978004	-1
2.68213486671	-1
2.68419480324	-1
2.68419480324	-1
2.68419480324	-1
2.68419480324	-1
2.68419480324	-1
2.68419480324	-1
2.68419480324	-1
2.68419480324	-1
2.68419480324	-1
2.76598286629	1
2.76598286629	1
2.76598286629	1
2.76598286629	1
2.76726078987	1
2.76726078987	1
2.76805186272	1
2.7754149437	-1
2.77564477921	-1
2.77564477921	-1
2.77564477921	-1
2.77564477921	-1
2.77564477921	-1
2.77564477921	-1
2.77564477921	-1
2.77564477921	-1
2.77601289749	-1
2.77606678009	-1
2.77606678009	-1
2.77606678009	-1
2.77606678009	-1
2.77606678009	-1
2.77606678009	-1
2.77606678009	-1
2.77652597427	-1
2.77666783333	-1
2.77666783333	-1
2.77666783333	-1
2.77666783333	-1
2.77666783333	-1
2.77666783333	-1
2.77666783333	-1
2.7911028862	-1
2.79115486145	-1
2.79115486145	-1
2.79115486145	-1
2.79115486145	-1
2.79115486145	-1
2.79115486145	-1
2.79115486145	-1
2.79147386551	-1
2.84138894081	1
2.84138894081	1
2.85362386703	-1
2.85362386703	-1
2.85362386703	-1
2.85362386703	-1
2.89769482613	-1
2.89769482613	-1
2.89779877663	-1
2.89779877663	-1
2.89779877663	-1
2.89779877663	-1
2.89779877663	-1
2.89779877663	-1
2.90069079399	-1
2.90069079399	-1
2.90069079399	-1
2.90069079399	-1
2.90069079399	-1
2.92698192596	1
2.92777681351	-1
2.92777681351	-1
2.92777681351	-1
2.92777681351	-1
2.92777681351	-1
2.92777681351	-1
2.92777681351	-1
2.92777681351	-1
3.0140209198	1
3.02718782425	-1
3.02718782425	-1
3.02718782425	-1
3.02718782425	-1
3.02718782425	-1
3.02718782425	-1
3.02718782425	-1
3.0874838829	1
3.16123485565	-1
3.27720689774	-1
3.28491997719	1
3.35838079453	-1
3.50795984268	-1
3.50837492943	-1
3.50837492943	-1
3.50837492943	-1
3.50983500481	1
3.54887580872	-1
3.54887580872	-1
3.55079483986	1
3.55079483986	1
3.55079483986	1
3.6227619648	1
3.66052484512	-1
3.66052484512	-1
3.66052484512	-1
3.69626188278	-1
3.69629597664	1
3.69629597664	1
3.7697789669	-1
3.78753781319	1
3.79007482529	1
3.79007482529	1
3.79007482529	1
3.86374497414	1
3.86374497414	1
4.00734686852	-1
4.09176397324	-1
4.09176397324	-1
4.09176397324	-1
4.09289598465	1
4.09293198586	1
4.09293198586	1
4.09293198586	1
4.10261487961	-1
4.10261487961	-1
4.10261487961	-1
4.10261487961	-1
4.10261487961	-1
4.10261487961	-1
4.10302996635	-1
4.10302996635	-1
4.10302996635	-1
4.10302996635	-1
4.10302996635	-1
4.10462999344	-1
4.10462999344	-1
4.10462999344	-1
4.10462999344	-1
4.10462999344	-1
4.10462999344	-1
4.10462999344	-1
4.1054058075	-1
4.10551190376	-1
4.10551190376	-1
4.10551190376	-1
4.10551190376	-1
4.10551190376	-1
4.10551190376	-1
4.10551190376	-1
4.13301491737	1
4.13301491737	1
4.13301491737	1
4.14010286331	-1
4.14010286331	-1
4.14010286331	-1
4.14530491829	1
4.14530491829	1
4.14530491829	1
4.14530491829	1
4.14530491829	1
4.14565300941	-1
4.14565300941	-1
4.14565300941	-1
4.14565300941	-1
4.14565300941	-1
4.14565300941	-1
4.14565300941	-1
4.14565300941	-1
4.16691994667	-1
4.16691994667	-1
4.16691994667	-1
4.16691994667	-1
4.16691994667	-1
4.16691994667	-1
4.16691994667	-1
4.17630600929	-1
4.17630600929	-1
4.17641878128	-1
4.17641878128	-1
4.17641878128	-1
4.1798889637	-1
4.17990899086	-1
4.17990899086	-1
4.17990899086	-1
4.17990899086	-1
4.17990899086	-1
4.17990899086	-1
4.17990899086	-1
4.18857192993	-1
4.18870592117	-1
4.18870592117	-1
4.18870592117	-1
4.18870592117	-1
4.18870592117	-1
4.18870592117	-1
4.18870592117	-1
4.18870592117	-1
4.2175078392	-1
4.2175078392	-1
4.2175078392	-1
4.2175078392	-1
4.2175078392	-1
4.22983694077	-1
4.23114681244	-1
4.23114681244	-1
4.23126077652	-1
4.23126077652	-1
4.23126077652	-1
4.23126077652	-1
4.24070978165	-1
4.24070978165	-1
4.24070978165	-1
4.24070978165	-1
4.24070978165	-1
4.24070978165	-1
4.24070978165	-1
4.24070978165	-1
4.24070978165	-1
4.24072098732	1
4.2410697937	-1
4.2410697937	-1
4.2410697937	-1
4.2410697937	-1
4.2410697937	-1
4.25080680847	-1
4.25091981888	-1
4.25091981888	-1
4.25091981888	-1
4.25091981888	-1
4.25091981888	-1
4.25104284286	-1
4.25104284286	-1
4.25104284286	-1
4.25104284286	-1
4.25104284286	-1
4.25104284286	-1
4.25104284286	-1
4.25386881828	-1
4.25386881828	-1
4.25386881828	-1
4.25386881828	-1
4.25386881828	-1
4.25411486626	-1
4.25411486626	-1
4.25411486626	-1
4.25411486626	-1
4.25411486626	-1
4.25411486626	-1
4.25411486626	-1
4.2725918293	-1
4.27269482613	-1
4.27269482613	-1
4.27269482613	-1
4.27269482613	-1
4.27269482613	-1
4.27269482613	-1
4.27269482613	-1
4.28729295731	-1
4.28734278679	-1
4.28734278679	-1
4.28734278679	-1
4.28734278679	-1
4.28734278679	-1
4.28734278679	-1
4.30415797234	-1
4.30415797234	-1
4.30415797234	-1
4.30415797234	-1
4.30415797234	-1
4.30415797234	-1
4.30415797234	-1
4.30415797234	-1
4.30415797234	-1
4.30492186546	-1
4.30492186546	-1
4.30492186546	-1
4.30492186546	-1
4.30492186546	-1
4.30492186546	-1
4.30492186546	-1
4.30492186546	-1
4.31454992294	-1
4.31454992294	-1
4.31454992294	-1
4.31454992294	-1
4.31454992294	-1
4.31454992294	-1
4.31454992294	-1
4.31454992294	-1
4.31458377838	1
4.31506490707	-1
4.31506490707	-1
4.31506490707	-1
4.31506490707	-1
4.31506490707	-1
4.31506490707	-1
4.3272998333	-1
4.3272998333	-1
4.3272998333	-1
4.3272998333	-1
4.3272998333	-1
4.3272998333	-1
4.3272998333	-1
4.3272998333	-1
4.3272998333	-1
4.327657938	-1
4.327657938	-1
4.327657938	-1
4.327657938	-1
4.327657938	-1
4.327657938	-1
4.327657938	-1
4.327657938	-1
4.32802796364	-1
4.32802796364	-1
4.32802796364	-1
4.32802796364	-1
4.3542239666	-1
4.3542239666	-1
4.3542239666	-1
4.3542239666	-1
4.3542239666	-1
4.3542239666	-1
4.3542239666	-1
4.3542239666	-1
4.3608520031	-1
4.3608520031	-1
4.36199688911	1
4.36199688911	1
4.36199688911	1
4.38905191422	-1
4.41419887543	-1
4.41419887543	-1
4.41419887543	-1
4.41419887543	-1
4.41419887543	-1
4.41419887543	-1
4.41419887543	-1
4.41419887543	-1
4.41419887543	-1
4.41454982758	-1
4.41454982758	-1
4.41454982758	-1
4.41454982758	-1
4.41454982758	-1
4.41454982758	-1
4.41454982758	-1
4.41479992867	-1
4.41483283043	-1
4.41483283043	-1
4.41483283043	-1
4.41483283043	-1
4.41483283043	-1
4.41483283043	-1
4.418227911	-1
4.418227911	-1
4.41862487793	-1
4.41862487793	-1
4.41862487793	-1
4.41862487793	-1
4.41862487793	-1
4.41862487793	-1
4.41862487793	-1
4.41920399666	-1
4.41983485222	-1
4.41983485222	-1
4.41983485222	-1
4.41983485222	-1
4.41983485222	-1
4.41983485222	-1
4.41983485222	-1
4.41983485222	-1
4.4293448925	-1
4.4293448925	-1
4.4293448925	-1
4.4293448925	-1
4.4293448925	-1
4.4293448925	-1
4.4293448925	-1
4.4293448925	-1
4.42970490456	-1
4.42970490456	-1
4.42970490456	-1
4.42970490456	-1
4.42970490456	-1
4.42970490456	-1
4.42970490456	-1
4.42994880676	-1
4.42994880676	-1
4.43007183075	-1
4.43007183075	-1
4.43007183075	-1
4.43007183075	-1
4.43007183075	-1
4.43007183075	-1
4.43007183075	-1
4.43398594856	1
4.43398594856	1
4.43398594856	1
4.43398594856	1
4.43398594856	1
4.43398594856	1
4.43398594856	1
4.43398594856	1
4.43443989754	-1
4.43548178673	1
4.48905491829	-1
4.48905491829	-1
4.48905491829	-1
4.48905491829	-1
4.48905491829	-1
4.48905491829	-1
4.48905491829	-1
4.48905491829	-1
4.48905491829	-1
4.48935580254	-1
4.48935580254	-1
4.48935580254	-1
4.48935580254	-1
4.48935580254	-1
4.48935580254	-1
4.48935580254	-1
4.48935580254	-1
4.48978281021	-1
4.48978281021	-1
4.48978281021	-1
4.48978281021	-1
4.48978281021	-1
4.48978281021	-1
4.48978281021	-1
4.48978281021	-1
4.49014377594	-1
4.49014377594	-1
4.49014377594	-1
4.49014377594	-1
4.49014377594	-1
4.49014377594	-1
4.49014377594	-1
4.49014377594	-1
4.49314188957	-1
4.49314188957	-1
4.49314188957	-1
4.49314188957	-1
4.49314188957	-1
4.49314188957	-1
4.49314188957	-1
4.49338698387	-1
4.49338698387	-1
4.49338698387	-1
4.49338698387	-1
4.49338698387	-1
4.49338698387	-1
4.49338698387	-1
4.49338698387	-1
4.49375581741	-1
4.49375581741	-1
4.50899291039	-1
4.50899291039	-1
4.50899291039	-1
4.50899291039	-1
4.50899291039	-1
4.50899291039	-1
4.50899291039	-1
4.50899291039	-1
4.50899291039	-1
4.50934481621	-1
4.50934481621	-1
4.50934481621	-1
4.50934481621	-1
4.50934481621	-1
4.50934481621	-1
4.50959086418	-1
4.5360019207	1
4.5360019207	1
4.53726887703	-1
4.53726887703	-1
4.53726887703	-1
4.53726887703	-1
4.53726887703	-1
4.53726887703	-1
4.53726887703	-1
4.56295681	-1
4.56295681	-1
4.56295681	-1
4.5877559185	-1
4.58781480789	-1
4.58781480789	-1
4.58781480789	-1
4.58781480789	-1
4.58781480789	-1
4.58781480789	-1
4.58781480789	-1
4.58781480789	-1
4.58810591698	-1
4.58810591698	-1
4.58810591698	-1
4.58810591698	-1
4.58810591698	-1
4.58835196495	-1
4.58847379684	-1
4.58847379684	-1
4.58847379684	-1
4.58847379684	-1
4.58847379684	-1
4.58847379684	-1
4.58847379684	-1
4.58872079849	-1
4.58875393867	-1
4.58875393867	-1
4.58875393867	-1
4.58875393867	-1
4.58875393867	-1
4.58875393867	-1
4.58875393867	-1
4.58908987045	-1
4.58921384811	-1
4.58921384811	-1
4.58921384811	-1
4.58921384811	-1
4.58921384811	-1
4.58921384811	-1
4.58921384811	-1
4.58945798874	-1
4.58945798874	-1
4.58945798874	-1
4.58945798874	-1
4.58945798874	-1
4.58945798874	-1
4.58945798874	-1
4.58945798874	-1
4.58982586861	-1
4.58982586861	-1
4.58982586861	-1
4.58982586861	-1
4.58982586861	-1
4.58982586861	-1
4.58982586861	-1
4.59200286865	1
4.59200286865	1
4.59200286865	1
4.61190199852	1
4.62342882156	-1
4.62342882156	-1
4.62342882156	-1
4.62342882156	-1
4.62342882156	-1
4.62342882156	-1
4.62342882156	-1
4.62342882156	-1
4.62342882156	-1
4.62373781204	-1
4.62373781204	-1
4.62373781204	-1
4.62373781204	-1
4.66141581535	-1
4.66146087646	-1
4.66146087646	-1
4.66146087646	-1
4.66146087646	-1
4.66146087646	-1
4.66146087646	-1
4.66146087646	-1
4.66146087646	-1
4.66188979149	-1
4.66188979149	-1
4.66188979149	-1
4.66188979149	-1
4.66188979149	-1
4.66188979149	-1
4.66188979149	-1
4.66188979149	-1
4.66213679314	-1
4.66213679314	-1
4.66213679314	-1
4.66213679314	-1
4.66213679314	-1
4.66213679314	-1
4.66213679314	-1
4.66213679314	-1
4.66250491142	-1
4.66250491142	-1
4.66250491142	-1
4.66250491142	-1
4.66250491142	-1
4.66250491142	-1
4.66250491142	-1
4.66250491142	-1
4.66297578812	-1
4.66297578812	-1
4.66297578812	-1
4.66297578812	-1
4.66297578812	-1
4.66297578812	-1
4.66297578812	-1
4.66324782372	-1
4.66324782372	-1
4.66324782372	-1
4.66324782372	-1
4.66324782372	-1
4.66324782372	-1
4.66324782372	-1
4.66324782372	-1
4.66371297836	-1
4.66371297836	-1
4.66371297836	-1
4.66371297836	-1
4.66371297836	-1
4.66371297836	-1
4.66371297836	-1
4.66371297836	-1
4.66408085823	-1
4.66408085823	-1
4.66408085823	-1
4.66408085823	-1
4.74178981781	1
4.80833077431	-1
4.80855894089	-1
4.80855894089	-1
4.80855894089	-1
4.80855894089	-1
4.80855894089	-1
4.80855894089	-1
4.80855894089	-1
4.80855894089	-1
4.80880880356	-1
4.80880880356	-1
4.80880880356	-1
4.80880880356	-1
4.80880880356	-1
4.80880880356	-1
4.80880880356	-1
4.80880880356	-1
4.80917286873	-1
4.80917286873	-1
4.80917286873	-1
4.80917286873	-1
4.80917286873	-1
4.80917286873	-1
4.80917286873	-1
4.80917286873	-1
4.80954194069	-1
4.80954194069	-1
4.80954194069	-1
4.80954194069	-1
4.80954194069	-1
4.80954194069	-1
4.80954194069	-1
4.80954194069	-1
4.80990982056	-1
4.80990982056	-1
4.80990982056	-1
4.80990982056	-1
4.80990982056	-1
4.80990982056	-1
4.80990982056	-1
4.81027889252	-1
4.81027889252	-1
4.85255098343	1
4.85255098343	1
4.85255098343	1
4.95018792152	-1
4.95018792152	-1
4.95018792152	-1
4.95018792152	-1
4.95018792152	-1
4.95018792152	-1
4.95018792152	-1
4.95018792152	-1
4.95018792152	-1
4.95053792	-1
4.95053792	-1
4.95053792	-1
4.95053792	-1
4.95053792	-1
4.95053792	-1
4.95053792	-1
4.95078396797	-1
4.95090484619	-1
4.95090484619	-1
4.95090484619	-1
4.95090484619	-1
4.95090484619	-1
4.95090484619	-1
4.95090484619	-1
4.95115184784	-1
4.95127391815	-1
4.95127391815	-1
4.95127391815	-1
4.95127391815	-1
4.95127391815	-1
4.95127391815	-1
4.9515209198	-1
4.9515209198	-1
4.9515209198	-1
4.9515209198	-1
4.9515209198	-1
4.9515209198	-1
4.9515209198	-1
4.9515209198	-1
4.95188879967	-1
4.95188879967	-1
4.95188879967	-1
4.95188879967	-1
4.95188879967	-1
4.95188879967	-1
4.95188879967	-1
4.95213484764	-1
4.95213484764	-1
4.95213484764	-1
4.95213484764	-1
4.95213484764	-1
4.95213484764	-1
4.95213484764	-1
4.9524769783	1
5.0236787796	-1
5.0236787796	-1
5.02373099327	-1
5.02373099327	-1
5.02373099327	-1
5.02373099327	-1
5.02373099327	-1
5.02373099327	-1
5.02373099327	-1
5.02403497696	-1
5.02421784401	-1
5.02421784401	-1
5.02421784401	-1
5.02421784401	-1
5.02421784401	-1
5.02421784401	-1
5.02421784401	-1
5.02421784401	-1
5.02421784401	-1
5.02421784401	-1
5.02421784401	-1
5.02421784401	-1
5.02540779114	-1
5.02540779114	-1
5.02540779114	-1
5.02540779114	-1
5.02540779114	-1
5.02540779114	-1
5.02540779114	-1
5.02540779114	-1
5.02556085587	-1
5.02556085587	-1
5.02556085587	-1
5.02556085587	-1
5.02556085587	-1
5.02556085587	-1
5.02556085587	-1
5.02556085587	-1
5.02602100372	-1
5.02602100372	-1
5.02602100372	-1
5.02602100372	-1
5.02602100372	-1
5.02602100372	-1
5.02602100372	-1
5.02602100372	-1
5.02637195587	1
5.02639698982	-1
5.02639698982	-1
5.02639698982	-1
5.02639698982	-1
5.02639698982	-1
5.02639698982	-1
5.02639698982	-1
5.02639698982	-1
5.09755396843	-1
5.09755396843	-1
5.09755396843	-1
5.09755396843	-1
5.09755396843	-1
5.09755396843	-1
5.09755396843	-1
5.0986700058	-1
5.0986700058	-1
5.0986700058	-1
5.0986700058	-1
5.0986700058	-1
5.0986700058	-1
5.0986700058	-1
5.0986700058	-1
5.09904885292	-1
5.09904885292	-1
5.09904885292	-1
5.09904885292	-1
5.09904885292	-1
5.09904885292	-1
5.09904885292	-1
5.09904885292	-1
5.09940886497	-1
5.09940886497	-1
5.09940886497	-1
5.09940886497	-1
5.09940886497	-1
5.09940886497	-1
5.09940886497	-1
5.09940886497	-1
5.09978699684	-1
5.09978699684	-1
5.09978699684	-1
5.09978699684	-1
5.09978699684	-1
5.09978699684	-1
5.09978699684	-1
5.09978699684	-1
5.10015392303	-1
5.10015392303	-1
5.10015392303	-1
5.10015392303	-1
5.10015392303	-1
5.10015392303	-1
5.10015392303	-1
5.10015392303	-1
5.10029482841	1
5.10031890869	-1
5.10031890869	-1
5.10031890869	-1
5.10031890869	-1
5.10031890869	-1
5.10031890869	-1
5.10031890869	-1
5.10031890869	-1
5.1034348011	1
5.1034348011	1
5.1034348011	1
5.1034348011	1
5.1034348011	1
5.1034348011	1
5.1034348011	1
5.1034348011	1
5.10399985313	1
5.10604691505	1
5.10604691505	1
5.17111992836	-1
5.17111992836	-1
5.17111992836	-1
5.17111992836	-1
5.17111992836	-1
5.17111992836	-1
5.17111992836	-1
5.17111992836	-1
5.17219781876	-1
5.17219781876	-1
5.17219781876	-1
5.17219781876	-1
5.17219781876	-1
5.17219781876	-1
5.17219781876	-1
5.17295098305	-1
5.17295098305	-1
5.17295098305	-1
5.17295098305	-1
5.17295098305	-1
5.17295098305	-1
5.17295098305	-1
5.17295098305	-1
5.17332386971	-1
5.17332386971	-1
5.17332386971	-1
5.17332386971	-1
5.17332386971	-1
5.17332386971	-1
5.17332386971	-1
5.17332386971	-1
5.1740629673	-1
5.1740629673	-1
5.1740629673	-1
5.1740629673	-1
5.1740629673	-1
5.1740629673	-1
5.1740629673	-1
5.1740629673	-1
5.17408180237	1
5.17443084717	-1
5.17443084717	-1
5.17443084717	-1
5.17443084717	-1
5.17443084717	-1
5.17443084717	-1
5.17443084717	-1
5.17443084717	-1
5.17496085167	-1
5.17496085167	-1
5.17496085167	-1
5.17496085167	-1
5.17496085167	-1
5.17496085167	-1
5.17496085167	-1
5.17496085167	-1
5.17539191246	-1
5.17539191246	-1
5.17539191246	-1
5.17539191246	-1
5.17539191246	-1
5.17539191246	-1
5.17539191246	-1
5.17539191246	-1
5.24493789673	-1
5.24493789673	-1
5.24493789673	-1
5.24493789673	-1
5.24493789673	-1
5.24493789673	-1
5.24493789673	-1
5.24493789673	-1
5.24598383904	-1
5.24598383904	-1
5.24598383904	-1
5.24598383904	-1
5.24598383904	-1
5.24598383904	-1
5.24598383904	-1
5.24684286118	-1
5.24684286118	-1
5.24684286118	-1
5.24684286118	-1
5.24684286118	-1
5.24684286118	-1
5.24684286118	-1
5.24684286118	-1
5.24713897705	-1
5.24713897705	-1
5.24713897705	-1
5.24713897705	-1
5.24713897705	-1
5.24713897705	-1
5.24713897705	-1
5.24713897705	-1
5.24814081192	1
5.24854278564	-1
5.24854278564	-1
5.24854278564	-1
5.24854278564	-1
5.24854278564	-1
5.24854278564	-1
5.24854278564	-1
5.24854278564	-1
5.24913597107	-1
5.24913597107	-1
5.24913597107	-1
5.24913597107	-1
5.24913597107	-1
5.24913597107	-1
5.24913597107	-1
5.24913597107	-1
5.24938178062	-1
5.24938178062	-1
5.24938178062	-1
5.24938178062	-1
5.24938178062	-1
5.24938178062	-1
5.24938178062	-1
5.24938178062	-1
5.25224494934	1
5.25224494934	1
5.25224494934	1
5.31860184669	-1
5.31860184669	-1
5.31860184669	-1
5.31860184669	-1
5.31860184669	-1
5.31860184669	-1
5.31860184669	-1
5.31860184669	-1
5.31933188438	-1
5.31933188438	-1
5.31933188438	-1
5.31933188438	-1
5.31933188438	-1
5.31933188438	-1
5.31933188438	-1
5.31933188438	-1
5.31968379021	-1
5.31968379021	-1
5.31968379021	-1
5.31968379021	-1
5.31968379021	-1
5.31968379021	-1
5.31968379021	-1
5.32053995132	-1
5.32053995132	-1
5.32053995132	-1
5.32053995132	-1
5.32053995132	-1
5.32053995132	-1
5.32053995132	-1
5.32053995132	-1
5.32099699974	-1
5.32099699974	-1
5.32099699974	-1
5.32099699974	-1
5.32099699974	-1
5.32099699974	-1
5.32099699974	-1
5.32099699974	-1
5.32178592682	1
5.3223259449	-1
5.3223259449	-1
5.3223259449	-1
5.3223259449	-1
5.3223259449	-1
5.3223259449	-1
5.3223259449	-1
5.3223259449	-1
5.32320690155	-1
5.32320690155	-1
5.32320690155	-1
5.32320690155	-1
5.32320690155	-1
5.32320690155	-1
5.32320690155	-1
5.32320690155	-1
5.32357478142	-1
5.32357478142	-1
5.32357478142	-1
5.32357478142	-1
5.32357478142	-1
5.32357478142	-1
5.32357478142	-1
5.32357478142	-1
5.32702994347	1
5.32702994347	1
5.32702994347	1
5.39326286316	-1
5.39326286316	-1
5.39326286316	-1
5.39326286316	-1
5.39326286316	-1
5.39326286316	-1
5.39326286316	-1
5.39326286316	-1
5.39361381531	-1
5.39361381531	-1
5.39361381531	-1
5.39361381531	-1
5.39361381531	-1
5.39361381531	-1
5.39361381531	-1
5.39361381531	-1
5.39412498474	-1
5.39412498474	-1
5.39412498474	-1
5.39412498474	-1
5.39412498474	-1
5.39412498474	-1
5.39412498474	-1
5.3943707943	-1
5.3943707943	-1
5.3943707943	-1
5.3943707943	-1
5.3943707943	-1
5.3943707943	-1
5.3943707943	-1
5.3943707943	-1
5.39473795891	-1
5.39473795891	-1
5.39473795891	-1
5.39473795891	-1
5.39473795891	-1
5.39473795891	-1
5.39473795891	-1
5.39473795891	-1
5.39557290077	1
5.39607000351	-1
5.39607000351	-1
5.39607000351	-1
5.39607000351	-1
5.39607000351	-1
5.39607000351	-1
5.39607000351	-1
5.39607000351	-1
5.39678788185	-1
5.39678788185	-1
5.39678788185	-1
5.39678788185	-1
5.39678788185	-1
5.39678788185	-1
5.39678788185	-1
5.39678788185	-1
5.39750480652	-1
5.39750480652	-1
5.39750480652	-1
5.39750480652	-1
5.39750480652	-1
5.39750480652	-1
5.39750480652	-1
5.39750480652	-1
5.40023589134	1
5.40023589134	1
5.40023589134	1
5.43645191193	1
5.43645191193	1
5.46788883209	-1
5.46788883209	-1
5.46788883209	-1
5.46788883209	-1
5.46788883209	-1
5.46788883209	-1
5.46788883209	-1
5.46788883209	-1
5.46825790405	-1
5.46825790405	-1
5.46825790405	-1
5.46825790405	-1
5.46825790405	-1
5.46825790405	-1
5.46825790405	-1
5.46825790405	-1
5.46876788139	-1
5.46876788139	-1
5.46876788139	-1
5.46876788139	-1
5.46876788139	-1
5.46876788139	-1
5.46876788139	-1
5.4689438343	-1
5.4689438343	-1
5.4689438343	-1
5.4689438343	-1
5.4689438343	-1
5.4689438343	-1
5.4689438343	-1
5.4689438343	-1
5.46940493584	-1
5.46940493584	-1
5.46940493584	-1
5.46940493584	-1
5.46940493584	-1
5.46940493584	-1
5.46940493584	-1
5.46940493584	-1
5.47003078461	-1
5.47003078461	-1
5.47003078461	-1
5.47003078461	-1
5.47003078461	-1
5.47003078461	-1
5.47003078461	-1
5.47003078461	-1
5.47045493126	-1
5.47045493126	-1
5.47045493126	-1
5.47045493126	-1
5.47045493126	-1
5.47045493126	-1
5.47045493126	-1
5.47045493126	-1
5.47398900986	-1
5.47398900986	-1
5.47398900986	-1
5.47398900986	-1
5.47398900986	-1
5.47398900986	-1
5.47398900986	-1
5.47398900986	-1
5.54162478447	-1
5.54162478447	-1
5.54162478447	-1
5.54162478447	-1
5.54162478447	-1
5.54162478447	-1
5.54162478447	-1
5.54162478447	-1
5.54236984253	-1
5.54236984253	-1
5.54236984253	-1
5.54236984253	-1
5.54236984253	-1
5.54236984253	-1
5.54236984253	-1
5.54236984253	-1
5.54277992249	-1
5.54277992249	-1
5.54277992249	-1
5.54277992249	-1
5.54277992249	-1
5.54277992249	-1
5.54277992249	-1
5.54302597046	-1
5.54302597046	-1
5.54302597046	-1
5.54302597046	-1
5.54302597046	-1
5.54302597046	-1
5.54302597046	-1
5.54302597046	-1
5.54304099083	1
5.54304099083	1
5.54339599609	-1
5.54339599609	-1
5.54339599609	-1
5.54339599609	-1
5.54339599609	-1
5.54339599609	-1
5.54339599609	-1
5.54339599609	-1
5.54390597343	-1
5.54390597343	-1
5.54390597343	-1
5.54390597343	-1
5.54390597343	-1
5.54390597343	-1
5.54390597343	-1
5.54390597343	-1
5.54500079155	-1
5.54500079155	-1
5.54500079155	-1
5.54500079155	-1
5.54500079155	-1
5.54500079155	-1
5.54500079155	-1
5.54500079155	-1
5.54775500298	-1
5.54775500298	-1
5.54775500298	-1
5.54775500298	-1
5.54775500298	-1
5.54775500298	-1
5.54775500298	-1
5.54775500298	-1
5.58450984955	1
5.58450984955	1
5.58450984955	1
5.58450984955	1
5.61595892906	-1
5.61595892906	-1
5.61595892906	-1
5.61595892906	-1
5.61595892906	-1
5.61595892906	-1
5.61595892906	-1
5.61595892906	-1
5.61631894112	-1
5.61631894112	-1
5.61631894112	-1
5.61631894112	-1
5.61631894112	-1
5.61631894112	-1
5.61631894112	-1
5.61631894112	-1
5.61678886414	-1
5.61678886414	-1
5.61678886414	-1
5.61678886414	-1
5.61678886414	-1
5.61678886414	-1
5.61678886414	-1
5.61705493927	-1
5.61705493927	-1
5.61705493927	-1
5.61705493927	-1
5.61705493927	-1
5.61705493927	-1
5.61705493927	-1
5.61705493927	-1
5.61742281914	-1
5.61742281914	-1
5.61742281914	-1
5.61742281914	-1
5.61742281914	-1
5.61742281914	-1
5.61742281914	-1
5.61742281914	-1
5.61799788475	-1
5.61799788475	-1
5.61799788475	-1
5.61799788475	-1
5.61799788475	-1
5.61799788475	-1
5.61799788475	-1
5.61799788475	-1
5.61869382858	-1
5.61869382858	-1
5.61869382858	-1
5.61869382858	-1
5.61869382858	-1
5.61869382858	-1
5.61869382858	-1
5.61869382858	-1
5.62136697769	-1
5.62136697769	-1
5.62136697769	-1
5.62136697769	-1
5.62136697769	-1
5.62136697769	-1
5.62136697769	-1
5.62136697769	-1
5.68887400627	-1
5.68887400627	-1
5.68887400627	-1
5.68887400627	-1
5.68887400627	-1
5.68887400627	-1
5.68887400627	-1
5.68887400627	-1
5.6904399395	1
5.6904399395	1
5.6906349659	-1
5.6906349659	-1
5.6906349659	-1
5.6906349659	-1
5.6906349659	-1
5.6906349659	-1
5.6906349659	-1
5.6906349659	-1
5.69102478027	-1
5.69102478027	-1
5.69102478027	-1
5.69102478027	-1
5.69102478027	-1
5.69102478027	-1
5.69102478027	-1
5.6912689209	-1
5.6912689209	-1
5.6912689209	-1
5.6912689209	-1
5.6912689209	-1
5.6912689209	-1
5.6912689209	-1
5.6912689209	-1
5.69163799286	-1
5.69163799286	-1
5.69163799286	-1
5.69163799286	-1
5.69163799286	-1
5.69163799286	-1
5.69163799286	-1
5.69163799286	-1
5.69200778008	-1
5.69200778008	-1
5.69200778008	-1
5.69200778008	-1
5.69200778008	-1
5.69200778008	-1
5.69200778008	-1
5.69200778008	-1
5.69268298149	-1
5.69268298149	-1
5.69268298149	-1
5.69268298149	-1
5.69268298149	-1
5.69268298149	-1
5.69268298149	-1
5.69268298149	-1
5.69511699677	-1
5.69511699677	-1
5.69511699677	-1
5.69511699677	-1
5.69511699677	-1
5.69511699677	-1
5.69511699677	-1
5.69511699677	-1
5.76292490959	-1
5.76292490959	-1
5.76292490959	-1
5.76292490959	-1
5.76292490959	-1
5.76292490959	-1
5.76292490959	-1
5.76292490959	-1
5.76410079002	1
5.76410079002	1
5.76410079002	1
5.76433897018	-1
5.76433897018	-1
5.76433897018	-1
5.76433897018	-1
5.76433897018	-1
5.76433897018	-1
5.76433897018	-1
5.76433897018	-1
5.76528096199	-1
5.76528096199	-1
5.76528096199	-1
5.76528096199	-1
5.76528096199	-1
5.76528096199	-1
5.76528096199	-1
5.76552581787	-1
5.76552581787	-1
5.76552581787	-1
5.76552581787	-1
5.76552581787	-1
5.76552581787	-1
5.76552581787	-1
5.76552581787	-1
5.76589584351	-1
5.76589584351	-1
5.76589584351	-1
5.76589584351	-1
5.76589584351	-1
5.76589584351	-1
5.76589584351	-1
5.76589584351	-1
5.76618385315	-1
5.76618385315	-1
5.76618385315	-1
5.76618385315	-1
5.76618385315	-1
5.76618385315	-1
5.76618385315	-1
5.76618385315	-1
5.76663088799	-1
5.76663088799	-1
5.76663088799	-1
5.76663088799	-1
5.76663088799	-1
5.76663088799	-1
5.76663088799	-1
5.76663088799	-1
5.76699995995	-1
5.76699995995	-1
5.76699995995	-1
5.76699995995	-1
5.76699995995	-1
5.76699995995	-1
5.76699995995	-1
5.76699995995	-1
5.83639979362	-1
5.83639979362	-1
5.83639979362	-1
5.83639979362	-1
5.83639979362	-1
5.83639979362	-1
5.83639979362	-1
5.83639979362	-1
5.83824396133	1
5.83826780319	-1
5.83826780319	-1
5.83826780319	-1
5.83826780319	-1
5.83826780319	-1
5.83826780319	-1
5.83826780319	-1
5.83826780319	-1
5.83888077736	-1
5.83888077736	-1
5.83888077736	-1
5.83888077736	-1
5.83888077736	-1
5.83888077736	-1
5.83888077736	-1
5.83911895752	-1
5.83911895752	-1
5.83911895752	-1
5.83911895752	-1
5.83911895752	-1
5.83911895752	-1
5.83911895752	-1
5.83911895752	-1
5.83990478516	-1
5.83990478516	-1
5.83990478516	-1
5.83990478516	-1
5.83990478516	-1
5.83990478516	-1
5.83990478516	-1
5.83990478516	-1
5.84021496773	-1
5.84021496773	-1
5.84021496773	-1
5.84021496773	-1
5.84021496773	-1
5.84021496773	-1
5.84021496773	-1
5.84021496773	-1
5.84063982964	-1
5.84063982964	-1
5.84063982964	-1
5.84063982964	-1
5.84063982964	-1
5.84063982964	-1
5.84063982964	-1
5.84063982964	-1
5.84100985527	-1
5.84100985527	-1
5.84100985527	-1
5.84100985527	-1
5.84100985527	-1
5.84100985527	-1
5.84100985527	-1
5.84100985527	-1
5.84243488312	-1
5.84243488312	-1
5.84243488312	-1
5.84243488312	-1
5.84243488312	-1
5.84243488312	-1
5.84243488312	-1
5.84243488312	-1
5.91188597679	-1
5.91188597679	-1
5.91188597679	-1
5.91188597679	-1
5.91188597679	-1
5.91188597679	-1
5.91188597679	-1
5.91188597679	-1
5.91191792488	1
5.91191792488	1
5.9132938385	-1
5.9132938385	-1
5.9132938385	-1
5.9132938385	-1
5.9132938385	-1
5.9132938385	-1
5.9132938385	-1
5.91343688965	-1
5.91343688965	-1
5.91343688965	-1
5.91343688965	-1
5.91343688965	-1
5.91343688965	-1
5.91343688965	-1
5.91343688965	-1
5.91389584541	-1
5.91389584541	-1
5.91389584541	-1
5.91389584541	-1
5.91389584541	-1
5.91389584541	-1
5.91389584541	-1
5.91389584541	-1
5.91418600082	-1
5.91418600082	-1
5.91418600082	-1
5.91418600082	-1
5.91418600082	-1
5.91418600082	-1
5.91418600082	-1
5.91418600082	-1
5.91497898102	-1
5.91497898102	-1
5.91497898102	-1
5.91497898102	-1
5.91497898102	-1
5.91497898102	-1
5.91497898102	-1
5.91497898102	-1
5.91534686089	-1
5.91534686089	-1
5.91534686089	-1
5.91534686089	-1
5.91534686089	-1
5.91534686089	-1
5.91534686089	-1
5.91534686089	-1
5.91639184952	-1
5.91639184952	-1
5.91639184952	-1
5.91639184952	-1
5.91639184952	-1
5.91639184952	-1
5.91639184952	-1
5.91639184952	-1
5.98398900032	-1
5.98398900032	-1
5.98398900032	-1
5.98398900032	-1
5.98398900032	-1
5.98398900032	-1
5.98398900032	-1
5.98398900032	-1
5.98562288284	1
5.98562288284	1
5.98641586304	-1
5.98641586304	-1
5.98641586304	-1
5.98641586304	-1
5.98641586304	-1
5.98641586304	-1
5.98641586304	-1
5.98700380325	-1
5.98700380325	-1
5.98700380325	-1
5.98700380325	-1
5.98700380325	-1
5.98700380325	-1
5.98700380325	-1
5.98700380325	-1
5.98745179176	-1
5.98745179176	-1
5.98745179176	-1
5.98745179176	-1
5.98745179176	-1
5.98745179176	-1
5.98745179176	-1
5.98745179176	-1
5.98775196075	-1
5.98775196075	-1
5.98775196075	-1
5.98775196075	-1
5.98775196075	-1
5.98775196075	-1
5.98775196075	-1
5.98775196075	-1
5.98843479156	-1
5.98843479156	-1
5.98843479156	-1
5.98843479156	-1
5.98843479156	-1
5.98843479156	-1
5.98843479156	-1
5.98843479156	-1
5.9892168045	-1
5.9892168045	-1
5.9892168045	-1
5.9892168045	-1
5.9892168045	-1
5.9892168045	-1
5.9892168045	-1
5.9892168045	-1
5.98947787285	-1
5.98947787285	-1
5.98947787285	-1
5.98947787285	-1
5.98947787285	-1
5.98947787285	-1
5.98947787285	-1
5.98947787285	-1
6.02693486214	-1
6.02693486214	-1
6.02693486214	-1
6.02693486214	-1
6.02693486214	-1
6.02693486214	-1
6.02693486214	-1
6.02693486214	-1
6.05957484245	-1
6.05957484245	-1
6.05957484245	-1
6.05957484245	-1
6.05957484245	-1
6.05957484245	-1
6.05957484245	-1
6.06011199951	-1
6.06011199951	-1
6.06011199951	-1
6.06011199951	-1
6.06011199951	-1
6.06011199951	-1
6.06011199951	-1
6.06011199951	-1
6.06054496765	-1
6.06054496765	-1
6.06054496765	-1
6.06054496765	-1
6.06054496765	-1
6.06054496765	-1
6.06054496765	-1
6.06054496765	-1
6.06140184402	-1
6.06140184402	-1
6.06140184402	-1
6.06140184402	-1
6.06140184402	-1
6.06140184402	-1
6.06140184402	-1
6.06140184402	-1
6.06185078621	-1
6.06185078621	-1
6.06185078621	-1
6.06185078621	-1
6.06185078621	-1
6.06185078621	-1
6.06185078621	-1
6.06185078621	-1
6.06238484383	-1
6.06238484383	-1
6.06238484383	-1
6.06238484383	-1
6.06238484383	-1
6.06238484383	-1
6.06238484383	-1
6.06238484383	-1
6.06285500526	-1
6.06285500526	-1
6.06285500526	-1
6.06285500526	-1
6.06285500526	-1
6.06285500526	-1
6.06285500526	-1
6.06285500526	-1
6.06350898743	-1
6.06350898743	-1
6.06350898743	-1
6.06350898743	-1
6.06350898743	-1
6.06350898743	-1
6.06350898743	-1
6.06350898743	-1
6.06356477737	1
6.09330296516	1
6.09330296516	1
6.09330296516	1
6.10886383057	1
6.10886383057	1
6.1368689537	-1
6.1368689537	-1
6.1368689537	-1
6.1368689537	-1
6.1368689537	-1
6.1368689537	-1
6.1368689537	-1
6.13710594177	-1
6.13710594177	-1
6.13710594177	-1
6.13710594177	-1
6.13710594177	-1
6.13710594177	-1
6.13710594177	-1
6.13710594177	-1
6.13747477531	-1
6.13747477531	-1
6.13747477531	-1
6.13747477531	-1
6.13747477531	-1
6.13747477531	-1
6.13747477531	-1
6.13747477531	-1
6.1378428936	-1
6.1378428936	-1
6.1378428936	-1
6.1378428936	-1
6.1378428936	-1
6.1378428936	-1
6.1378428936	-1
6.1378428936	-1
6.13858795166	-1
6.13858795166	-1
6.13858795166	-1
6.13858795166	-1
6.13858795166	-1
6.13858795166	-1
6.13858795166	-1
6.13858795166	-1
6.13859891891	1
6.13885378838	-1
6.13885378838	-1
6.13885378838	-1
6.13885378838	-1
6.13885378838	-1
6.13885378838	-1
6.13885378838	-1
6.13885378838	-1
6.13931679726	-1
6.13931679726	-1
6.13931679726	-1
6.13931679726	-1
6.13931679726	-1
6.13931679726	-1
6.13931679726	-1
6.13931679726	-1
6.1396780014	-1
6.1396780014	-1
6.1396780014	-1
6.1396780014	-1
6.1396780014	-1
6.1396780014	-1
6.1396780014	-1
6.1396780014	-1
6.14389681816	1
6.14389681816	1
6.14389681816	1
6.1829419136	-1
6.1829419136	-1
6.1829419136	-1
6.1829419136	-1
6.1829419136	-1
6.1829419136	-1
6.1829419136	-1
6.21039581299	-1
6.21039581299	-1
6.21039581299	-1
6.21039581299	-1
6.21039581299	-1
6.21039581299	-1
6.21039581299	-1
6.21039581299	-1
6.21075081825	-1
6.21075081825	-1
6.21075081825	-1
6.21075081825	-1
6.21075081825	-1
6.21075081825	-1
6.21075081825	-1
6.21075081825	-1
6.21151900291	-1
6.21151900291	-1
6.21151900291	-1
6.21151900291	-1
6.21151900291	-1
6.21151900291	-1
6.21151900291	-1
6.21151900291	-1
6.21398377419	-1
6.21398377419	-1
6.21398377419	-1
6.21398377419	-1
6.21398377419	-1
6.21398377419	-1
6.21398377419	-1
6.21398377419	-1
6.21421289444	-1
6.21421289444	-1
6.21421289444	-1
6.21421289444	-1
6.21421289444	-1
6.21421289444	-1
6.21421289444	-1
6.21421289444	-1
6.21458077431	-1
6.21458077431	-1
6.21458077431	-1
6.21458077431	-1
6.21458077431	-1
6.21458077431	-1
6.21458077431	-1
6.21458077431	-1
6.21494984627	-1
6.21494984627	-1
6.21494984627	-1
6.21494984627	-1
6.21494984627	-1
6.21494984627	-1
6.21494984627	-1
6.21494984627	-1
6.21531796455	-1
6.21531796455	-1
6.21531796455	-1
6.21531796455	-1
6.21531796455	-1
6.21531796455	-1
6.21531796455	-1
6.25733685493	-1
6.25733685493	-1
6.25733685493	-1
6.25733685493	-1
6.25733685493	-1
6.25733685493	-1
6.25733685493	-1
6.25733685493	-1
6.28443598747	-1
6.28443598747	-1
6.28443598747	-1
6.28443598747	-1
6.28443598747	-1
6.28443598747	-1
6.28443598747	-1
6.28443598747	-1
6.28506779671	-1
6.28506779671	-1
6.28506779671	-1
6.28506779671	-1
6.28506779671	-1
6.28506779671	-1
6.28506779671	-1
6.28506779671	-1
6.28580498695	-1
6.28580498695	-1
6.28580498695	-1
6.28580498695	-1
6.28580498695	-1
6.28580498695	-1
6.28580498695	-1
6.28580498695	-1
6.28751778603	1
6.28751778603	1
6.28751778603	1
6.28767299652	-1
6.28767299652	-1
6.28767299652	-1
6.28767299652	-1
6.28767299652	-1
6.28767299652	-1
6.28767299652	-1
6.28767299652	-1
6.28845691681	-1
6.28845691681	-1
6.28845691681	-1
6.28845691681	-1
6.28845691681	-1
6.28845691681	-1
6.28845691681	-1
6.28845691681	-1
6.28881597519	-1
6.28881597519	-1
6.28881597519	-1
6.28881597519	-1
6.28881597519	-1
6.28881597519	-1
6.28881597519	-1
6.28881597519	-1
6.28932785988	-1
6.28932785988	-1
6.28932785988	-1
6.28932785988	-1
6.28932785988	-1
6.28932785988	-1
6.28932785988	-1
6.28969788551	-1
6.28969788551	-1
6.28969788551	-1
6.28969788551	-1
6.28969788551	-1
6.28969788551	-1
6.28969788551	-1
6.28969788551	-1
6.33171582222	-1
6.33171582222	-1
6.33171582222	-1
6.33171582222	-1
6.33171582222	-1
6.33171582222	-1
6.33171582222	-1
6.33171582222	-1
6.35810089111	-1
6.35810089111	-1
6.35810089111	-1
6.35810089111	-1
6.35810089111	-1
6.35810089111	-1
6.35810089111	-1
6.35810089111	-1
6.36097383499	1
6.36220788956	-1
6.36220788956	-1
6.36220788956	-1
6.36220788956	-1
6.36220788956	-1
6.36220788956	-1
6.36220788956	-1
6.36220788956	-1
6.36236000061	-1
6.36236000061	-1
6.36236000061	-1
6.36236000061	-1
6.36236000061	-1
6.36236000061	-1
6.36236000061	-1
6.36236000061	-1
6.36280488968	-1
6.36280488968	-1
6.36280488968	-1
6.36280488968	-1
6.36280488968	-1
6.36280488968	-1
6.36280488968	-1
6.36280488968	-1
6.3631169796	-1
6.3631169796	-1
6.3631169796	-1
6.3631169796	-1
6.3631169796	-1
6.3631169796	-1
6.3631169796	-1
6.3631169796	-1
6.36354184151	-1
6.36354184151	-1
6.36354184151	-1
6.36354184151	-1
6.36354184151	-1
6.36354184151	-1
6.36354184151	-1
6.36391091347	-1
6.36391091347	-1
6.36391091347	-1
6.36391091347	-1
6.36391091347	-1
6.36391091347	-1
6.36391091347	-1
6.36391091347	-1
6.36427879333	-1
6.36427879333	-1
6.36427879333	-1
6.36427879333	-1
6.36427879333	-1
6.36427879333	-1
6.36427879333	-1
6.36427879333	-1
6.40533900261	-1
6.40533900261	-1
6.40533900261	-1
6.40533900261	-1
6.40533900261	-1
6.40533900261	-1
6.40533900261	-1
6.40533900261	-1
6.43290090561	-1
6.43290090561	-1
6.43290090561	-1
6.43290090561	-1
6.43290090561	-1
6.43290090561	-1
6.43290090561	-1
6.43290090561	-1
6.43476486206	-1
6.43476486206	-1
6.43476486206	-1
6.43476486206	-1
6.43476486206	-1
6.43476486206	-1
6.43476486206	-1
6.43476486206	-1
6.43479681015	1
6.43479681015	1
6.43595600128	-1
6.43595600128	-1
6.43595600128	-1
6.43595600128	-1
6.43595600128	-1
6.43595600128	-1
6.43595600128	-1
6.43595600128	-1
6.43670678139	-1
6.43670678139	-1
6.43670678139	-1
6.43670678139	-1
6.43670678139	-1
6.43670678139	-1
6.43670678139	-1
6.43670678139	-1
6.43714189529	-1
6.43714189529	-1
6.43714189529	-1
6.43714189529	-1
6.43714189529	-1
6.43714189529	-1
6.43714189529	-1
6.43755197525	-1
6.43755197525	-1
6.43755197525	-1
6.43755197525	-1
6.43755197525	-1
6.43755197525	-1
6.43755197525	-1
6.43755197525	-1
6.43792080879	-1
6.43792080879	-1
6.43792080879	-1
6.43792080879	-1
6.43792080879	-1
6.43792080879	-1
6.43792080879	-1
6.43792080879	-1
6.43828892708	-1
6.43828892708	-1
6.43828892708	-1
6.43828892708	-1
6.43828892708	-1
6.43828892708	-1
6.43828892708	-1
6.43828892708	-1
6.50521588326	-1
6.50521588326	-1
6.50521588326	-1
6.50521588326	-1
6.50521588326	-1
6.50521588326	-1
6.50521588326	-1
6.50521588326	-1
6.50556182861	-1
6.50556182861	-1
6.50556182861	-1
6.50556182861	-1
6.50556182861	-1
6.50556182861	-1
6.50556182861	-1
6.50556182861	-1
6.50858879089	-1
6.50858879089	-1
6.50858879089	-1
6.50858879089	-1
6.50858879089	-1
6.50858879089	-1
6.50858879089	-1
6.50858879089	-1
6.50862193108	1
6.50862193108	1
6.50967788696	-1
6.50967788696	-1
6.50967788696	-1
6.50967788696	-1
6.50967788696	-1
6.50967788696	-1
6.50967788696	-1
6.50967788696	-1
6.51047587395	-1
6.51047587395	-1
6.51047587395	-1
6.51047587395	-1
6.51047587395	-1
6.51047587395	-1
6.51047587395	-1
6.5106678009	-1
6.5106678009	-1
6.5106678009	-1
6.5106678009	-1
6.5106678009	-1
6.5106678009	-1
6.5106678009	-1
6.5106678009	-1
6.51154088974	-1
6.51154088974	-1
6.51154088974	-1
6.51154088974	-1
6.51154088974	-1
6.51154088974	-1
6.51154088974	-1
6.51154088974	-1
6.51182198524	-1
6.51182198524	-1
6.51182198524	-1
6.51182198524	-1
6.51182198524	-1
6.51182198524	-1
6.51182198524	-1
6.51182198524	-1
6.51240181923	-1
6.51240181923	-1
6.51240181923	-1
6.51240181923	-1
6.51240181923	-1
6.51240181923	-1
6.51240181923	-1
6.51240181923	-1
6.57883381844	-1
6.57883381844	-1
6.57883381844	-1
6.57883381844	-1
6.57883381844	-1
6.57883381844	-1
6.57883381844	-1
6.57883381844	-1
6.5799407959	-1
6.5799407959	-1
6.5799407959	-1
6.5799407959	-1
6.5799407959	-1
6.5799407959	-1
6.5799407959	-1
6.5799407959	-1
6.58235383034	-1
6.58235383034	-1
6.58235383034	-1
6.58235383034	-1
6.58235383034	-1
6.58235383034	-1
6.58235383034	-1
6.58235383034	-1
6.58238577843	1
6.58238577843	1
6.58389377594	-1
6.58389377594	-1
6.58389377594	-1
6.58389377594	-1
6.58389377594	-1
6.58389377594	-1
6.58389377594	-1
6.58413791656	-1
6.58413791656	-1
6.58413791656	-1
6.58413791656	-1
6.58413791656	-1
6.58413791656	-1
6.58413791656	-1
6.58413791656	-1
6.58479595184	-1
6.58479595184	-1
6.58479595184	-1
6.58479595184	-1
6.58479595184	-1
6.58479595184	-1
6.58479595184	-1
6.58479595184	-1
6.58526492119	-1
6.58526492119	-1
6.58526492119	-1
6.58526492119	-1
6.58526492119	-1
6.58526492119	-1
6.58526492119	-1
6.58526492119	-1
6.58601379395	-1
6.58601379395	-1
6.58601379395	-1
6.58601379395	-1
6.58601379395	-1
6.58601379395	-1
6.58601379395	-1
6.58601379395	-1
6.5863699913	-1
6.5863699913	-1
6.5863699913	-1
6.5863699913	-1
6.5863699913	-1
6.5863699913	-1
6.5863699913	-1
6.5863699913	-1
6.65243387222	-1
6.65243387222	-1
6.65243387222	-1
6.65243387222	-1
6.65243387222	-1
6.65243387222	-1
6.65243387222	-1
6.65243387222	-1
6.653621912	-1
6.653621912	-1
6.653621912	-1
6.653621912	-1
6.653621912	-1
6.653621912	-1
6.653621912	-1
6.653621912	-1
6.65677499771	-1
6.65677499771	-1
6.65677499771	-1
6.65677499771	-1
6.65677499771	-1
6.65677499771	-1
6.65677499771	-1
6.6568069458	1
6.6568069458	1
6.6570019722	-1
6.6570019722	-1
6.6570019722	-1
6.6570019722	-1
6.6570019722	-1
6.6570019722	-1
6.6570019722	-1
6.6570019722	-1
6.65797495842	-1
6.65797495842	-1
6.65797495842	-1
6.65797495842	-1
6.65797495842	-1
6.65797495842	-1
6.65797495842	-1
6.65797495842	-1
6.65843582153	-1
6.65843582153	-1
6.65843582153	-1
6.65843582153	-1
6.65843582153	-1
6.65843582153	-1
6.65843582153	-1
6.65843582153	-1
6.65941882133	-1
6.65941882133	-1
6.65941882133	-1
6.65941882133	-1
6.65941882133	-1
6.65941882133	-1
6.65941882133	-1
6.65941882133	-1
6.65966486931	-1
6.65966486931	-1
6.65966486931	-1
6.65966486931	-1
6.65966486931	-1
6.65966486931	-1
6.65966486931	-1
6.65966486931	-1
6.66013383865	-1
6.66013383865	-1
6.66013383865	-1
6.66013383865	-1
6.66013383865	-1
6.66013383865	-1
6.66013383865	-1
6.66013383865	-1
6.69893789291	-1
6.69893789291	-1
6.69893789291	-1
6.69893789291	-1
6.69893789291	-1
6.69893789291	-1
6.69893789291	-1
6.69893789291	-1
6.73115992546	-1
6.73115992546	-1
6.73115992546	-1
6.73115992546	-1
6.73115992546	-1
6.73115992546	-1
6.73115992546	-1
6.73119783401	1
6.73119783401	1
6.7315030098	-1
6.7315030098	-1
6.7315030098	-1
6.7315030098	-1
6.7315030098	-1
6.7315030098	-1
6.7315030098	-1
6.7315030098	-1
6.73187184334	-1
6.73187184334	-1
6.73187184334	-1
6.73187184334	-1
6.73187184334	-1
6.73187184334	-1
6.73187184334	-1
6.73187184334	-1
6.73223996162	-1
6.73223996162	-1
6.73223996162	-1
6.73223996162	-1
6.73223996162	-1
6.73223996162	-1
6.73223996162	-1
6.73223996162	-1
6.73366999626	-1
6.73366999626	-1
6.73366999626	-1
6.73366999626	-1
6.73366999626	-1
6.73366999626	-1
6.73366999626	-1
6.73366999626	-1
6.73390078545	-1
6.73390078545	-1
6.73390078545	-1
6.73390078545	-1
6.73390078545	-1
6.73390078545	-1
6.73390078545	-1
6.73390078545	-1
6.7342748642	-1
6.7342748642	-1
6.7342748642	-1
6.7342748642	-1
6.7342748642	-1
6.7342748642	-1
6.7342748642	-1
6.7342748642	-1
6.73463582993	-1
6.73463582993	-1
6.73463582993	-1
6.73463582993	-1
6.73463582993	-1
6.73463582993	-1
6.73463582993	-1
6.73463582993	-1
6.80158090591	-1
6.80158090591	-1
6.80158090591	-1
6.80158090591	-1
6.80158090591	-1
6.80158090591	-1
6.80158090591	-1
6.80506086349	-1
6.80506086349	-1
6.80506086349	-1
6.80506086349	-1
6.80506086349	-1
6.80506086349	-1
6.80506086349	-1
6.80506086349	-1
6.80509281158	1
6.80509281158	1
6.8059258461	-1
6.8059258461	-1
6.8059258461	-1
6.8059258461	-1
6.8059258461	-1
6.8059258461	-1
6.8059258461	-1
6.8059258461	-1
6.80633187294	-1
6.80633187294	-1
6.80633187294	-1
6.80633187294	-1
6.80633187294	-1
6.80633187294	-1
6.80633187294	-1
6.80633187294	-1
6.80669999123	-1
6.80669999123	-1
6.80669999123	-1
6.80669999123	-1
6.80669999123	-1
6.80669999123	-1
6.80669999123	-1
6.80669999123	-1
6.80729484558	-1
6.80729484558	-1
6.80729484558	-1
6.80729484558	-1
6.80729484558	-1
6.80729484558	-1
6.80729484558	-1
6.80729484558	-1
6.8077878952	-1
6.8077878952	-1
6.8077878952	-1
6.8077878952	-1
6.8077878952	-1
6.8077878952	-1
6.8077878952	-1
6.8077878952	-1
6.80812478065	-1
6.80812478065	-1
6.80812478065	-1
6.80812478065	-1
6.80812478065	-1
6.80812478065	-1
6.80812478065	-1
6.80812478065	-1
6.80874800682	-1
6.80874800682	-1
6.80874800682	-1
6.80874800682	-1
6.80874800682	-1
6.80874800682	-1
6.80874800682	-1
6.81282782555	1
6.81282782555	1
6.81282782555	1
6.87525987625	-1
6.87525987625	-1
6.87525987625	-1
6.87525987625	-1
6.87525987625	-1
6.87525987625	-1
6.87525987625	-1
6.87525987625	-1
6.87610387802	-1
6.87610387802	-1
6.87610387802	-1
6.87610387802	-1
6.87610387802	-1
6.87610387802	-1
6.87610387802	-1
6.87610387802	-1
6.8796248436	-1
6.8796248436	-1
6.8796248436	-1
6.8796248436	-1
6.8796248436	-1
6.8796248436	-1
6.8796248436	-1
6.8796248436	-1
6.88071799278	-1
6.88071799278	-1
6.88071799278	-1
6.88071799278	-1
6.88071799278	-1
6.88071799278	-1
6.88071799278	-1
6.88071799278	-1
6.88107800484	-1
6.88107800484	-1
6.88107800484	-1
6.88107800484	-1
6.88107800484	-1
6.88107800484	-1
6.88107800484	-1
6.88107800484	-1
6.88144779205	-1
6.88144779205	-1
6.88144779205	-1
6.88144779205	-1
6.88144779205	-1
6.88144779205	-1
6.88144779205	-1
6.88144779205	-1
6.881772995	-1
6.881772995	-1
6.881772995	-1
6.881772995	-1
6.881772995	-1
6.881772995	-1
6.881772995	-1
6.881772995	-1
6.88267683983	-1
6.88267683983	-1
6.88267683983	-1
6.88267683983	-1
6.88267683983	-1
6.88267683983	-1
6.88267683983	-1
6.88284897804	-1
6.88284897804	-1
6.88284897804	-1
6.88284897804	-1
6.88284897804	-1
6.88284897804	-1
6.88284897804	-1
6.88284897804	-1
6.88591694832	1
6.88591694832	1
6.88591694832	1
6.94896197319	-1
6.94896197319	-1
6.94896197319	-1
6.94896197319	-1
6.94896197319	-1
6.94896197319	-1
6.94896197319	-1
6.94896197319	-1
6.94972300529	-1
6.94972300529	-1
6.94972300529	-1
6.94972300529	-1
6.94972300529	-1
6.94972300529	-1
6.94972300529	-1
6.94972300529	-1
6.95414280891	-1
6.95414280891	-1
6.95414280891	-1
6.95414280891	-1
6.95414280891	-1
6.95414280891	-1
6.95414280891	-1
6.95414280891	-1
6.95449495316	-1
6.95449495316	-1
6.95449495316	-1
6.95449495316	-1
6.95449495316	-1
6.95449495316	-1
6.95449495316	-1
6.95449495316	-1
6.9556210041	-1
6.9556210041	-1
6.9556210041	-1
6.9556210041	-1
6.9556210041	-1
6.9556210041	-1
6.9556210041	-1
6.9556210041	-1
6.95598888397	-1
6.95598888397	-1
6.95598888397	-1
6.95598888397	-1
6.95598888397	-1
6.95598888397	-1
6.95598888397	-1
6.95598888397	-1
6.95662379265	-1
6.95662379265	-1
6.95662379265	-1
6.95662379265	-1
6.95662379265	-1
6.95662379265	-1
6.95662379265	-1
6.95687198639	-1
6.95687198639	-1
6.95687198639	-1
6.95687198639	-1
6.95687198639	-1
6.95687198639	-1
6.95687198639	-1
6.95687198639	-1
6.95714187622	-1
6.95714187622	-1
6.95714187622	-1
6.95714187622	-1
6.95714187622	-1
6.95714187622	-1
6.95714187622	-1
6.95714187622	-1
7.02255797386	-1
7.02255797386	-1
7.02255797386	-1
7.02255797386	-1
7.02255797386	-1
7.02255797386	-1
7.02255797386	-1
7.02255797386	-1
7.02796888351	-1
7.02796888351	-1
7.02796888351	-1
7.02796888351	-1
7.02796888351	-1
7.02796888351	-1
7.02796888351	-1
7.02796888351	-1
7.0280008316	1
7.02832078934	-1
7.02832078934	-1
7.02832078934	-1
7.02832078934	-1
7.02832078934	-1
7.02832078934	-1
7.02832078934	-1
7.02832078934	-1
7.02868795395	-1
7.02868795395	-1
7.02868795395	-1
7.02868795395	-1
7.02868795395	-1
7.02868795395	-1
7.02868795395	-1
7.02868795395	-1
7.02938580513	-1
7.02938580513	-1
7.02938580513	-1
7.02938580513	-1
7.02938580513	-1
7.02938580513	-1
7.02938580513	-1
7.02938580513	-1
7.02979493141	-1
7.02979493141	-1
7.02979493141	-1
7.02979493141	-1
7.02979493141	-1
7.02979493141	-1
7.02979493141	-1
7.03003978729	-1
7.03003978729	-1
7.03003978729	-1
7.03003978729	-1
7.03003978729	-1
7.03003978729	-1
7.03003978729	-1
7.03003978729	-1
7.03067684174	-1
7.03067684174	-1
7.03067684174	-1
7.03067684174	-1
7.03067684174	-1
7.03067684174	-1
7.03067684174	-1
7.03067684174	-1
7.03104281425	-1
7.03104281425	-1
7.03104281425	-1
7.03104281425	-1
7.03104281425	-1
7.03104281425	-1
7.03104281425	-1
7.03104281425	-1
7.09538292885	1
7.09538292885	1
7.09538292885	1
7.09538292885	1
7.09597682953	1
7.09597682953	1
7.09716677666	-1
7.09716677666	-1
7.09716677666	-1
7.09716677666	-1
7.09716677666	-1
7.09716677666	-1
7.09716677666	-1
7.09716677666	-1
7.09733080864	-1
7.09733080864	-1
7.09733080864	-1
7.09733080864	-1
7.09733080864	-1
7.09733080864	-1
7.09733080864	-1
7.09733080864	-1
7.10274791718	-1
7.10274791718	-1
7.10274791718	-1
7.10274791718	-1
7.10274791718	-1
7.10274791718	-1
7.10274791718	-1
7.10274791718	-1
7.1031088829	-1
7.1031088829	-1
7.1031088829	-1
7.1031088829	-1
7.1031088829	-1
7.1031088829	-1
7.1031088829	-1
7.1031088829	-1
7.10370182991	-1
7.10370182991	-1
7.10370182991	-1
7.10370182991	-1
7.10370182991	-1
7.10370182991	-1
7.10370182991	-1
7.1040699482	-1
7.1040699482	-1
7.1040699482	-1
7.1040699482	-1
7.1040699482	-1
7.1040699482	-1
7.1040699482	-1
7.1040699482	-1
7.10443878174	-1
7.10443878174	-1
7.10443878174	-1
7.10443878174	-1
7.10443878174	-1
7.10443878174	-1
7.10443878174	-1
7.10443878174	-1
7.10497093201	-1
7.10497093201	-1
7.10497093201	-1
7.10497093201	-1
7.10497093201	-1
7.10497093201	-1
7.10497093201	-1
7.10497093201	-1
7.10562777519	-1
7.10562777519	-1
7.10562777519	-1
7.10562777519	-1
7.10562777519	-1
7.10562777519	-1
7.10562777519	-1
7.10562777519	-1
7.10869383812	1
7.10869383812	1
7.10869383812	1
7.16915297508	-1
7.16915297508	-1
7.16915297508	-1
7.16915297508	-1
7.16915297508	-1
7.16915297508	-1
7.16915297508	-1
7.16915297508	-1
7.17082595825	-1
7.17082595825	-1
7.17082595825	-1
7.17082595825	-1
7.17082595825	-1
7.17082595825	-1
7.17082595825	-1
7.17082595825	-1
7.17633080482	-1
7.17633080482	-1
7.17633080482	-1
7.17633080482	-1
7.17633080482	-1
7.17633080482	-1
7.17633080482	-1
7.17633080482	-1
7.17754983902	-1
7.17754983902	-1
7.17754983902	-1
7.17754983902	-1
7.17754983902	-1
7.17754983902	-1
7.17754983902	-1
7.17779588699	-1
7.17779588699	-1
7.17779588699	-1
7.17779588699	-1
7.17779588699	-1
7.17779588699	-1
7.17779588699	-1
7.17779588699	-1
7.17816185951	-1
7.17816185951	-1
7.17816185951	-1
7.17816185951	-1
7.17816185951	-1
7.17816185951	-1
7.17816185951	-1
7.17816185951	-1
7.17853093147	-1
7.17853093147	-1
7.17853093147	-1
7.17853093147	-1
7.17853093147	-1
7.17853093147	-1
7.17853093147	-1
7.17853093147	-1
7.17930293083	-1
7.17930293083	-1
7.17930293083	-1
7.17930293083	-1
7.17930293083	-1
7.17930293083	-1
7.17930293083	-1
7.17930293083	-1
7.17965698242	-1
7.17965698242	-1
7.17965698242	-1
7.17965698242	-1
7.17965698242	-1
7.17965698242	-1
7.17965698242	-1
7.17965698242	-1
7.18241977692	-1
7.18241977692	-1
7.18241977692	-1
7.18241977692	-1
7.18241977692	-1
7.18241977692	-1
7.18241977692	-1
7.18241977692	-1
7.18270587921	1
7.18270587921	1
7.18270587921	1
7.24924182892	-1
7.24924182892	-1
7.24924182892	-1
7.24924182892	-1
7.24924182892	-1
7.24924182892	-1
7.24924182892	-1
7.24924182892	-1
7.25182700157	-1
7.25182700157	-1
7.25182700157	-1
7.25182700157	-1
7.25182700157	-1
7.25182700157	-1
7.25182700157	-1
7.25206899643	-1
7.25206899643	-1
7.25206899643	-1
7.25206899643	-1
7.25206899643	-1
7.25206899643	-1
7.25206899643	-1
7.25206899643	-1
7.25300478935	-1
7.25300478935	-1
7.25300478935	-1
7.25300478935	-1
7.25300478935	-1
7.25300478935	-1
7.25300478935	-1
7.25300478935	-1
7.25326085091	-1
7.25326085091	-1
7.25326085091	-1
7.25326085091	-1
7.25326085091	-1
7.25326085091	-1
7.25326085091	-1
7.25326085091	-1
7.2537279129	-1
7.2537279129	-1
7.2537279129	-1
7.2537279129	-1
7.2537279129	-1
7.2537279129	-1
7.2537279129	-1
7.2537279129	-1
7.25400185585	-1
7.25400185585	-1
7.25400185585	-1
7.25400185585	-1
7.25400185585	-1
7.25400185585	-1
7.25400185585	-1
7.25400185585	-1
7.25446486473	-1
7.25446486473	-1
7.25446486473	-1
7.25446486473	-1
7.25446486473	-1
7.25446486473	-1
7.25446486473	-1
7.25446486473	-1
7.25669598579	-1
7.25669598579	-1
7.25669598579	-1
7.25669598579	-1
7.25669598579	-1
7.25669598579	-1
7.25669598579	-1
7.25669598579	-1
7.32415294647	-1
7.32415294647	-1
7.32415294647	-1
7.32415294647	-1
7.32415294647	-1
7.32415294647	-1
7.32415294647	-1
7.324395895	-1
7.324395895	-1
7.324395895	-1
7.324395895	-1
7.324395895	-1
7.324395895	-1
7.324395895	-1
7.324395895	-1
7.32624697685	-1
7.32624697685	-1
7.32624697685	-1
7.32624697685	-1
7.32624697685	-1
7.32624697685	-1
7.32624697685	-1
7.32624697685	-1
7.32758998871	-1
7.32758998871	-1
7.32758998871	-1
7.32758998871	-1
7.32758998871	-1
7.32758998871	-1
7.32758998871	-1
7.32758998871	-1
7.33283686638	1
7.3575758934	1
7.3575758934	1
7.3575758934	1
7.40085482597	-1
7.40085482597	-1
7.40085482597	-1
7.40085482597	-1
7.40085482597	-1
7.40085482597	-1
7.40085482597	-1
7.40085482597	-1
7.40103197098	-1
7.40103197098	-1
7.40103197098	-1
7.40103197098	-1
7.40103197098	-1
7.40103197098	-1
7.40103197098	-1
7.40103197098	-1
7.40144181252	-1
7.40144181252	-1
7.40144181252	-1
7.40144181252	-1
7.40144181252	-1
7.40144181252	-1
7.40144181252	-1
7.40144181252	-1
7.4018099308	-1
7.4018099308	-1
7.4018099308	-1
7.4018099308	-1
7.4018099308	-1
7.4018099308	-1
7.4018099308	-1
7.4018099308	-1
7.40209078789	-1
7.40209078789	-1
7.40209078789	-1
7.40209078789	-1
7.40209078789	-1
7.40209078789	-1
7.40209078789	-1
7.40254688263	-1
7.40254688263	-1
7.40254688263	-1
7.40254688263	-1
7.40254688263	-1
7.40254688263	-1
7.40254688263	-1
7.40254688263	-1
7.40291690826	-1
7.40291690826	-1
7.40291690826	-1
7.40291690826	-1
7.40291690826	-1
7.40291690826	-1
7.40291690826	-1
7.40291690826	-1
7.47419595718	1
7.47419595718	1
7.47419595718	1
7.47553396225	-1
7.47553396225	-1
7.47553396225	-1
7.47553396225	-1
7.47553396225	-1
7.47553396225	-1
7.47553396225	-1
7.47553396225	-1
7.47661781311	-1
7.47661781311	-1
7.47661781311	-1
7.47661781311	-1
7.47661781311	-1
7.47661781311	-1
7.47661781311	-1
7.47661781311	-1
7.4769859314	-1
7.4769859314	-1
7.4769859314	-1
7.4769859314	-1
7.4769859314	-1
7.4769859314	-1
7.4769859314	-1
7.4769859314	-1
7.47723197937	-1
7.47723197937	-1
7.47723197937	-1
7.47723197937	-1
7.47723197937	-1
7.47723197937	-1
7.47723197937	-1
7.47723197937	-1
7.47752594948	1
7.47752594948	1
7.47752594948	1
7.47755694389	-1
7.47755694389	-1
7.47755694389	-1
7.47755694389	-1
7.47755694389	-1
7.47755694389	-1
7.47755694389	-1
7.47755694389	-1
7.48315191269	1
7.48315191269	1
7.48527979851	-1
7.48527979851	-1
7.48527979851	-1
7.48527979851	-1
7.48527979851	-1
7.48527979851	-1
7.48527979851	-1
7.48544883728	-1
7.48544883728	-1
7.48544883728	-1
7.48544883728	-1
7.48544883728	-1
7.48544883728	-1
7.48544883728	-1
7.48544883728	-1
7.50455284119	1
7.50455284119	1
7.54935193062	-1
7.54935193062	-1
7.54935193062	-1
7.54935193062	-1
7.54935193062	-1
7.54935193062	-1
7.54935193062	-1
7.54935193062	-1
7.5506298542	-1
7.5506298542	-1
7.5506298542	-1
7.5506298542	-1
7.5506298542	-1
7.5506298542	-1
7.5506298542	-1
7.5506298542	-1
7.55181598663	-1
7.55181598663	-1
7.55181598663	-1
7.55181598663	-1
7.55181598663	-1
7.55181598663	-1
7.55181598663	-1
7.55181598663	-1
7.55211091042	-1
7.55211091042	-1
7.55211091042	-1
7.55211091042	-1
7.55211091042	-1
7.55211091042	-1
7.55211091042	-1
7.55211091042	-1
7.55255293846	-1
7.55255293846	-1
7.55255293846	-1
7.55255293846	-1
7.55255293846	-1
7.55255293846	-1
7.55255293846	-1
7.55255293846	-1
7.55282497406	-1
7.55282497406	-1
7.55282497406	-1
7.55282497406	-1
7.55282497406	-1
7.55282497406	-1
7.55282497406	-1
7.55282497406	-1
7.57882499695	-1
7.57882499695	-1
7.57882499695	-1
7.57882499695	-1
7.57882499695	-1
7.57882499695	-1
7.57882499695	-1
7.57885789871	1
7.62326478958	-1
7.62326478958	-1
7.62326478958	-1
7.62326478958	-1
7.62326478958	-1
7.62326478958	-1
7.62326478958	-1
7.62326478958	-1
7.6240029335	-1
7.6240029335	-1
7.6240029335	-1
7.6240029335	-1
7.6240029335	-1
7.6240029335	-1
7.6240029335	-1
7.6240029335	-1
7.62519478798	1
7.62519478798	1
7.62519478798	1
7.62553977966	-1
7.62553977966	-1
7.62553977966	-1
7.62553977966	-1
7.62553977966	-1
7.62553977966	-1
7.62553977966	-1
7.62553977966	-1
7.62867498398	-1
7.62867498398	-1
7.62867498398	-1
7.62867498398	-1
7.62867498398	-1
7.62867498398	-1
7.62867498398	-1
7.62867498398	-1
7.62889790535	-1
7.62889790535	-1
7.62889790535	-1
7.62889790535	-1
7.62889790535	-1
7.62889790535	-1
7.62889790535	-1
7.62889790535	-1
7.62926483154	-1
7.62926483154	-1
7.62926483154	-1
7.62926483154	-1
7.62926483154	-1
7.62926483154	-1
7.62926483154	-1
7.62926483154	-1
7.6325237751	-1
7.6325237751	-1
7.6325237751	-1
7.6325237751	-1
7.6325237751	-1
7.6325237751	-1
7.6325237751	-1
7.6325237751	-1
7.65249896049	1
7.68947196007	-1
7.68947196007	-1
7.68947196007	-1
7.68947196007	-1
7.68947196007	-1
7.68947196007	-1
7.68947196007	-1
7.69930386543	-1
7.69930386543	-1
7.69930386543	-1
7.69930386543	-1
7.69930386543	-1
7.69930386543	-1
7.69930386543	-1
7.69930386543	-1
7.69994592667	-1
7.69994592667	-1
7.69994592667	-1
7.69994592667	-1
7.69994592667	-1
7.69994592667	-1
7.69994592667	-1
7.69994592667	-1
7.70063281059	-1
7.70063281059	-1
7.70063281059	-1
7.70063281059	-1
7.70063281059	-1
7.70063281059	-1
7.70063281059	-1
7.70063281059	-1
7.70221185684	-1
7.70221185684	-1
7.70221185684	-1
7.70221185684	-1
7.70221185684	-1
7.70221185684	-1
7.70221185684	-1
7.70221185684	-1
7.7032968998	-1
7.7032968998	-1
7.7032968998	-1
7.7032968998	-1
7.7032968998	-1
7.7032968998	-1
7.7032968998	-1
7.7032968998	-1
7.70354199409	-1
7.70354199409	-1
7.70354199409	-1
7.70354199409	-1
7.70354199409	-1
7.70354199409	-1
7.70354199409	-1
7.70354199409	-1
7.7162668705	1
7.7162668705	1
7.7162668705	1
7.72633099556	-1
7.72633099556	-1
7.72633099556	-1
7.72633099556	-1
7.72633099556	-1
7.72633099556	-1
7.72633099556	-1
7.72633099556	-1
7.72636699677	1
7.76299786568	-1
7.76299786568	-1
7.76299786568	-1
7.76299786568	-1
7.76299786568	-1
7.76299786568	-1
7.76299786568	-1
7.77359580994	-1
7.77359580994	-1
7.77359580994	-1
7.77359580994	-1
7.77359580994	-1
7.77359580994	-1
7.77359580994	-1
7.77359580994	-1
7.7739470005	-1
7.7739470005	-1
7.7739470005	-1
7.7739470005	-1
7.7739470005	-1
7.7739470005	-1
7.7739470005	-1
7.7739470005	-1
7.77441883087	-1
7.77441883087	-1
7.77441883087	-1
7.77441883087	-1
7.77441883087	-1
7.77441883087	-1
7.77441883087	-1
7.77441883087	-1
7.77585577965	-1
7.77585577965	-1
7.77585577965	-1
7.77585577965	-1
7.77585577965	-1
7.77585577965	-1
7.77585577965	-1
7.77585577965	-1
7.77701997757	-1
7.77701997757	-1
7.77701997757	-1
7.77701997757	-1
7.77701997757	-1
7.77701997757	-1
7.77701997757	-1
7.77701997757	-1
7.7795779705	-1
7.7795779705	-1
7.7795779705	-1
7.7795779705	-1
7.7795779705	-1
7.7795779705	-1
7.7795779705	-1
7.7795779705	-1
7.80010700226	-1
7.80010700226	-1
7.80010700226	-1
7.80010700226	-1
7.80010700226	-1
7.80010700226	-1
7.80010700226	-1
7.80010700226	-1
7.80013585091	1
7.84732079506	-1
7.84732079506	-1
7.84732079506	-1
7.84732079506	-1
7.84732079506	-1
7.84732079506	-1
7.84732079506	-1
7.84832692146	-1
7.84832692146	-1
7.84832692146	-1
7.84832692146	-1
7.84832692146	-1
7.84832692146	-1
7.84832692146	-1
7.84832692146	-1
7.85046887398	-1
7.85046887398	-1
7.85046887398	-1
7.85046887398	-1
7.85046887398	-1
7.85046887398	-1
7.85046887398	-1
7.85046887398	-1
7.85092592239	-1
7.85092592239	-1
7.85092592239	-1
7.85092592239	-1
7.85092592239	-1
7.85092592239	-1
7.85092592239	-1
7.85092592239	-1
7.85247993469	1
7.85247993469	1
7.85247993469	1
7.85323691368	-1
7.85323691368	-1
7.85323691368	-1
7.85323691368	-1
7.85323691368	-1
7.85323691368	-1
7.85323691368	-1
7.85323691368	-1
7.85334682465	-1
7.85334682465	-1
7.85334682465	-1
7.85334682465	-1
7.85334682465	-1
7.85334682465	-1
7.85334682465	-1
7.85334682465	-1
7.85462880135	-1
7.85462880135	-1
7.85462880135	-1
7.85462880135	-1
7.85462880135	-1
7.85462880135	-1
7.85462880135	-1
7.85462880135	-1
7.9102499485	-1
7.9102499485	-1
7.9102499485	-1
7.9102499485	-1
7.9102499485	-1
7.9102499485	-1
7.9102499485	-1
7.9102499485	-1
7.92206597328	-1
7.92206597328	-1
7.92206597328	-1
7.92206597328	-1
7.92206597328	-1
7.92206597328	-1
7.92206597328	-1
7.92241692543	-1
7.92241692543	-1
7.92241692543	-1
7.92241692543	-1
7.92241692543	-1
7.92241692543	-1
7.92241692543	-1
7.92241692543	-1
7.92478990555	-1
7.92478990555	-1
7.92478990555	-1
7.92478990555	-1
7.92478990555	-1
7.92478990555	-1
7.92478990555	-1
7.92478990555	-1
7.9251408577	-1
7.9251408577	-1
7.9251408577	-1
7.9251408577	-1
7.9251408577	-1
7.9251408577	-1
7.9251408577	-1
7.9251408577	-1
7.92677378654	-1
7.92677378654	-1
7.92677378654	-1
7.92677378654	-1
7.92677378654	-1
7.92677378654	-1
7.92677378654	-1
7.92677378654	-1
7.92700600624	-1
7.92700600624	-1
7.92700600624	-1
7.92700600624	-1
7.92700600624	-1
7.92700600624	-1
7.92700600624	-1
7.92700600624	-1
7.94818997383	1
7.94818997383	1
7.98372983932	-1
7.98372983932	-1
7.98372983932	-1
7.98372983932	-1
7.98372983932	-1
7.98372983932	-1
7.98372983932	-1
7.98372983932	-1
7.9961848259	-1
7.9961848259	-1
7.9961848259	-1
7.9961848259	-1
7.9961848259	-1
7.9961848259	-1
7.9961848259	-1
7.9961848259	-1
8.00154280663	-1
8.00154280663	-1
8.00154280663	-1
8.00154280663	-1
8.00154280663	-1
8.00154280663	-1
8.00154280663	-1
8.00175595284	-1
8.00175595284	-1
8.00175595284	-1
8.00175595284	-1
8.00175595284	-1
8.00175595284	-1
8.00175595284	-1
8.00175595284	-1
8.00214099884	-1
8.00214099884	-1
8.00214099884	-1
8.00214099884	-1
8.00214099884	-1
8.00214099884	-1
8.00214099884	-1
8.00214099884	-1
8.00251078606	-1
8.00251078606	-1
8.00251078606	-1
8.00251078606	-1
8.00251078606	-1
8.00251078606	-1
8.00251078606	-1
8.00251078606	-1
8.02191495895	1
8.02191495895	1
8.0587439537	-1
8.0587439537	-1
8.0587439537	-1
8.0587439537	-1
8.0587439537	-1
8.0587439537	-1
8.0615940094	1
8.0615940094	1
8.0615940094	1
8.06173181534	1
8.06173181534	1
8.06173181534	1
8.06270885468	1
8.06270885468	1
8.09467482567	-1
8.09467482567	-1
8.09467482567	-1
8.13511681557	1
8.13511681557	1
8.22230696678	-1
8.22230696678	-1
8.22233986855	1
8.29567885399	-1
8.29571199417	1
8.36916089058	-1
8.3692009449	1
8.51918292046	-1
8.54646396637	-1
8.54646396637	-1
8.54646396637	-1
8.54646396637	-1
8.54646396637	-1
8.54646396637	-1
8.61987996101	-1
8.61987996101	-1
8.63071084023	1
8.64242386818	-1
8.64242386818	-1
8.64242386818	-1
8.64322185516	-1
8.64322185516	-1
8.64322185516	-1
8.64381194115	-1
8.64381194115	-1
8.64381194115	-1
8.64381194115	-1
8.64427089691	-1
8.64498281479	-1
8.64498281479	-1
8.64498281479	-1
8.64498281479	-1
8.64498281479	-1
8.64498281479	-1
8.64498281479	-1
8.6453769207	-1
8.64549779892	-1
8.64549779892	-1
8.64549779892	-1
8.64584898949	-1
8.64584898949	-1
8.64584898949	-1
8.64584898949	-1
8.64584898949	-1
8.64584898949	-1
8.64584898949	-1
8.67202782631	-1
8.67216086388	-1
8.67216086388	-1
8.67216086388	-1
8.67216086388	-1
8.67216086388	-1
8.67216086388	-1
8.67216086388	-1
8.67240595818	-1
8.67678880692	-1
8.67678880692	-1
8.69378495216	-1
8.69378495216	-1
8.69378495216	-1
8.69383692741	-1
8.69383692741	-1
8.69401288033	-1
8.69401288033	-1
8.69401288033	-1
8.69401288033	-1
8.69401288033	-1
8.69401288033	-1
8.71681284904	1
8.71681284904	1
8.71683692932	-1
8.71683692932	-1
8.72106099129	-1
8.72106099129	-1
8.72106099129	-1
8.72106099129	-1
8.72106099129	-1
8.72106099129	-1
8.7738969326	-1
8.7738969326	-1
8.7758398056	-1
8.7758398056	-1
8.7758398056	-1
8.7758398056	-1
8.7758398056	-1
8.7758398056	-1
8.7758398056	-1
8.77948498726	-1
8.77948498726	-1
8.77948498726	-1
8.77948498726	-1
8.77948498726	-1
8.77948498726	-1
8.77948498726	-1
8.77948498726	-1
8.78360199928	-1
8.78360199928	-1
8.78360199928	-1
8.78360199928	-1
8.78360199928	-1
8.78360199928	-1
8.78360199928	-1
8.78360199928	-1
8.79115796089	-1
8.79119086266	1
8.79119086266	1
8.79121184349	-1
8.79121184349	-1
8.79121184349	-1
8.79121184349	-1
8.79121184349	-1
8.79121184349	-1
8.79121184349	-1
8.79357600212	-1
8.79357600212	-1
8.79368281364	-1
8.79368281364	-1
8.79368281364	-1
8.79368281364	-1
8.79368281364	-1
8.79368281364	-1
8.79368281364	-1
8.79368281364	-1
8.79405093193	-1
8.79405093193	-1
8.79405093193	-1
8.79405093193	-1
8.86491298676	1
8.98240184784	1
9.05054593086	-1
9.05488586426	-1
9.05488586426	-1
9.05488586426	-1
9.05488586426	-1
9.05488586426	-1
9.05488586426	-1
9.05488586426	-1
9.06948494911	-1
9.06953978539	-1
9.06953978539	-1
9.06953978539	-1
9.07427883148	-1
9.07427883148	-1
9.07427883148	-1
9.07427883148	-1
9.07427883148	-1
9.07427883148	-1
9.07427883148	-1
9.08128190041	-1
9.08133292198	-1
9.08133292198	-1
9.08133292198	-1
9.08133292198	-1
9.08133292198	-1
9.08133292198	-1
9.08133292198	-1
9.08535790443	-1
9.08883094788	-1
9.08883094788	-1
9.08883094788	-1
9.09721493721	-1
9.09721493721	-1
9.09731888771	-1
9.09731888771	-1
9.09731888771	-1
9.09731888771	-1
9.09731888771	-1
9.09731888771	-1
9.10854792595	1
9.11064791679	1
9.11064791679	1
9.11064791679	1
9.11064791679	1
9.11187696457	-1
9.11187696457	-1
9.11187696457	-1
9.11187696457	-1
9.11187696457	-1
9.11187696457	-1
9.11506986618	-1
9.11506986618	-1
9.11517691612	-1
9.11517691612	-1
9.11517691612	-1
9.11517691612	-1
9.11517691612	-1
9.11517691612	-1
9.12867498398	-1
9.12867498398	-1
9.12867498398	-1
9.12867498398	-1
9.12867498398	-1
9.12867498398	-1
9.12867498398	-1
9.14780497551	-1
9.14780497551	-1
9.14780497551	-1
9.14780497551	-1
9.14780497551	-1
9.14780497551	-1
9.14780497551	-1
9.14780497551	-1
9.15520882607	-1
9.15531396866	-1
9.15531396866	-1
9.15531396866	-1
9.15555882454	-1
9.17243885994	-1
9.17243885994	-1
9.17243885994	-1
9.17243885994	-1
9.17243885994	-1
9.17243885994	-1
9.17243885994	-1
9.17265987396	-1
9.17319178581	-1
9.17319178581	-1
9.17319178581	-1
9.17319178581	-1
9.17319178581	-1
9.17319178581	-1
9.17319178581	-1
9.17319178581	-1
9.17356181145	-1
9.17356181145	-1
9.17356181145	-1
9.17356181145	-1
9.17356181145	-1
9.17356181145	-1
9.17356181145	-1
9.17523598671	1
9.17523598671	1
9.18648791313	-1
9.18893694878	-1
9.18893694878	-1
9.18893694878	-1
9.18893694878	-1
9.18893694878	-1
9.18893694878	-1
9.20319199562	-1
9.20319199562	-1
9.20319199562	-1
9.20319199562	-1
9.20329594612	-1
9.20731687546	1
9.20731687546	1
9.20731687546	1
9.20731687546	1
9.21687078476	-1
9.21687078476	-1
9.21687078476	-1
9.21687078476	-1
9.21687078476	-1
9.21687078476	-1
9.21687078476	-1
9.21687078476	-1
9.2214179039	-1
9.2214179039	-1
9.2214179039	-1
9.2214179039	-1
9.2214179039	-1
9.2214179039	-1
9.2214179039	-1
9.2214179039	-1
9.2294728756	-1
9.2294728756	-1
9.22969293594	-1
9.24592995644	-1
9.24592995644	-1
9.24592995644	-1
9.24592995644	-1
9.24592995644	-1
9.24592995644	-1
9.24592995644	-1
9.24710392952	-1
9.24710392952	-1
9.24710392952	-1
9.24710392952	-1
9.24710392952	-1
9.24710392952	-1
9.24710392952	-1
9.24921584129	1
9.24921584129	1
9.2578458786	1
9.43574881554	-1
9.45397186279	-1
9.45397186279	-1
9.45397186279	-1
9.45397186279	-1
9.45397186279	-1
9.45397186279	-1
9.45397186279	-1
9.45397186279	-1
9.45397186279	-1
9.45553398132	-1
9.45553398132	-1
9.45553398132	-1
9.45553398132	-1
9.45553398132	-1
9.45553398132	-1
9.45553398132	-1
9.45553398132	-1
9.45553398132	-1
9.45589900017	-1
9.45589900017	-1
9.45589900017	-1
9.45589900017	-1
9.45589900017	-1
9.45838499069	-1
9.45838499069	-1
9.45850086212	-1
9.45850086212	-1
9.45850086212	-1
9.45850086212	-1
9.45850086212	-1
9.45850086212	-1
9.46035194397	-1
9.46035194397	-1
9.46035194397	-1
9.46035194397	-1
9.46035194397	-1
9.46035194397	-1
9.46035194397	-1
9.46035194397	-1
9.46075177193	-1
9.46075177193	-1
9.46087479591	-1
9.46087479591	-1
9.46087479591	-1
9.46087479591	-1
9.46087479591	-1
9.46087479591	-1
9.48779082298	-1
9.48779082298	-1
9.48779082298	-1
9.48779082298	-1
9.4889318943	1
9.52467298508	-1
9.53114080429	-1
9.53114080429	-1
9.53114080429	-1
9.53114080429	-1
9.53114080429	-1
9.53114080429	-1
9.55724477768	-1
9.55724477768	-1
9.60078787804	-1
9.60078787804	-1
9.67418193817	-1
9.67418193817	-1
9.81320095062	-1
9.86503577232	1
9.87869477272	1
9.87869477272	1
9.87869477272	1
9.87869477272	1
9.98769378662	-1
10.0970489979	-1
10.1331198215	1
10.2883548737	-1
10.3466989994	-1
10.3466989994	-1
10.3466989994	-1
10.3466989994	-1
10.3466989994	-1
10.3466989994	-1
10.4434998035	1
10.5362198353	-1
10.6494739056	-1
10.6494739056	-1
10.6949048042	1
10.7232627869	-1
10.808180809	1
10.808180809	1
10.828045845	-1
10.8842999935	-1
10.8842999935	-1
10.8842999935	-1
10.8842999935	-1
10.8842999935	-1
10.9321417809	-1
10.94135499	-1
11.0392379761	-1
11.0784239769	1
11.1128017902	-1
11.2475597858	1
11.2530999184	-1
11.3085188866	-1
11.3085188866	-1
11.3085188866	-1
11.3086218834	-1
11.3086218834	-1
11.3086218834	-1
11.3086218834	-1
11.3086218834	-1
11.3652398586	-1
11.3728590012	1
11.6613419056	-1
11.6621179581	1
11.735888958	-1
11.735888958	-1
11.9130928516	-1
12.102481842	-1
19.3006768227	-1
19.3743379116	-1
19.5343790054	-1
19.6115210056	-1
22.0895028114	1
22.2027039528	1
26.4067299366	1
26.4070458412	1
26.4070458412	1
26.4070458412	1
26.4070458412	1
26.4070458412	1
26.4070458412	1
26.4070458412	1
26.48001194	1
26.7952208519	-1
26.8863928318	-1
26.9597280025	-1
