0.0	1
0.249777078629	1
0.452027082443	-1
0.453492879868	1
0.829752922058	-1
0.830574989319	1
0.834110975266	1
0.834110975266	1
0.834110975266	1
0.856698989868	1
0.856698989868	1
0.856698989868	1
1.34327602386	-1
1.34485602379	1
1.4187579155	-1
1.4187579155	-1
1.42053294182	1
1.53629207611	1
1.57171297073	-1
1.60994791985	1
1.6840159893	-1
1.6840159893	-1
1.68555402756	1
1.7910618782	-1
1.80863189697	-1
1.80863189697	-1
1.80863189697	-1
1.85372710228	-1
1.85372710228	-1
1.85372710228	-1
1.85383009911	-1
1.85383009911	-1
1.86672306061	1
1.99588894844	-1
1.99588894844	-1
1.99588894844	-1
1.99588894844	-1
1.99729990959	-1
1.99729990959	-1
1.99729990959	-1
1.99729990959	-1
1.99729990959	-1
2.11056804657	-1
2.11467409134	-1
2.11467409134	-1
2.11467409134	-1
2.11656594276	1
2.11974191666	-1
2.11974191666	-1
2.11974191666	-1
2.11974191666	-1
2.11974191666	-1
2.11974191666	-1
2.12687110901	-1
2.12687110901	-1
2.12687110901	-1
2.13092303276	-1
2.13092303276	-1
2.18433499336	-1
2.22944903374	1
2.22944903374	1
2.27157592773	-1
2.27157592773	-1
2.27157592773	-1
2.27157592773	-1
2.29477310181	-1
2.31344103813	1
2.31344103813	1
2.31344103813	1
2.31437492371	1
2.31437492371	1
2.324021101	-1
2.324021101	-1
2.324021101	-1
2.32403492928	1
2.36858010292	-1
2.36858010292	-1
2.36858010292	-1
2.36858010292	-1
2.36858010292	-1
2.44237804413	-1
2.44242095947	1
2.54651808739	-1
2.54655098915	1
2.56362700462	1
2.56362700462	1
2.56362700462	1
2.63852095604	1
2.71603989601	-1
2.71631002426	-1
2.71631002426	-1
2.71631002426	-1
2.71631002426	-1
2.71631002426	-1
2.71631002426	-1
2.71631002426	-1
2.72067308426	-1
2.72067308426	-1
2.72067308426	-1
2.72067308426	-1
2.72067308426	-1
2.72067308426	-1
2.72067308426	-1
2.72067308426	-1
2.72201991081	1
2.72287797928	-1
2.72287797928	-1
2.72738409042	-1
2.72738409042	-1
2.72738409042	-1
2.73897600174	-1
2.73897600174	-1
2.76078391075	-1
2.76078391075	-1
2.79017400742	-1
2.79017400742	-1
2.79017400742	-1
2.79017400742	-1
2.79017400742	-1
2.79017400742	-1
2.79017400742	-1
2.79034900665	-1
2.82453489304	-1
2.82453489304	-1
2.82453489304	-1
2.82457304001	1
2.84999203682	-1
2.84999203682	-1
2.84999203682	-1
2.85581707954	-1
2.85581707954	-1
2.86546897888	-1
2.86546897888	-1
2.86546897888	-1
2.87063002586	-1
2.87063002586	-1
2.87063002586	-1
2.87063002586	-1
2.87063002586	-1
2.88013195992	-1
2.88013195992	-1
2.88025403023	-1
2.88025403023	-1
2.88025403023	-1
2.88025403023	-1
2.89756989479	-1
2.89756989479	-1
2.89774298668	-1
2.89774298668	-1
2.89774298668	-1
2.89774298668	-1
2.89774298668	-1
2.89933991432	1
2.91241598129	-1
2.91241598129	-1
2.91241598129	-1
2.92171502113	-1
2.92171502113	-1
2.92171502113	-1
2.92171502113	-1
2.92171502113	-1
2.93463802338	-1
2.93463802338	-1
2.93463802338	-1
2.93463802338	-1
2.93463802338	-1
2.93463802338	-1
2.9519970417	-1
2.9519970417	-1
2.95204901695	-1
2.95204901695	-1
2.95204901695	-1
2.95204901695	-1
2.95204901695	-1
2.95706295967	-1
2.96237397194	-1
2.96237397194	-1
2.96552801132	-1
2.96552801132	-1
2.96552801132	-1
2.96552801132	-1
2.96552801132	-1
2.98594594002	-1
2.98594594002	-1
2.98594594002	-1
2.98594594002	-1
2.98594594002	-1
2.98594594002	-1
2.98594594002	-1
3.00086402893	-1
3.00947809219	-1
3.00947809219	-1
3.00947809219	-1
3.00947809219	-1
3.01586794853	-1
3.01638889313	1
3.04762887955	-1
3.04762887955	-1
3.04762887955	-1
3.04762887955	-1
3.12237691879	-1
3.12337398529	1
3.19098496437	-1
3.19098496437	-1
3.19098496437	-1
3.19248104095	1
3.19248104095	1
3.19248104095	1
3.1971039772	1
3.24197602272	1
3.24197602272	1
3.24197602272	1
3.24234890938	1
3.24234890938	1
3.24428606033	-1
3.24428606033	-1
3.24428606033	-1
3.27112388611	-1
3.27119994164	1
3.289041996	-1
3.289041996	-1
3.289041996	-1
3.289041996	-1
3.289041996	-1
3.289041996	-1
3.289041996	-1
3.289041996	-1
3.29687690735	-1
3.29687690735	-1
3.29687690735	-1
3.29716396332	-1
3.29716396332	-1
3.29716396332	-1
3.29716396332	-1
3.29716396332	-1
3.29716396332	-1
3.29894208908	-1
3.29894208908	-1
3.29894208908	-1
3.29894208908	-1
3.29894208908	-1
3.34528493881	-1
3.38300800323	-1
3.38300800323	-1
3.38300800323	-1
3.38300800323	-1
3.38300800323	-1
3.38300800323	-1
3.38300800323	-1
3.39333891869	1
3.41341209412	-1
3.41352391243	-1
3.41352391243	-1
3.41352391243	-1
3.41352391243	-1
3.41352391243	-1
3.41352391243	-1
3.41850495338	-1
3.41850495338	-1
3.41850495338	-1
3.41850495338	-1
3.41850495338	-1
3.41850495338	-1
3.4285929203	-1
3.4285929203	-1
3.4285929203	-1
3.4285929203	-1
3.4285929203	-1
3.4285929203	-1
3.4285929203	-1
3.4290869236	-1
3.4290869236	-1
3.4290869236	-1
3.4290869236	-1
3.43104410172	-1
3.43104410172	-1
3.43115711212	-1
3.43115711212	-1
3.43115711212	-1
3.43115711212	-1
3.43115711212	-1
3.43115711212	-1
3.43928194046	-1
3.43928194046	-1
3.43928194046	-1
3.43928194046	-1
3.43928194046	-1
3.44529509544	-1
3.44529509544	-1
3.44529509544	-1
3.44529509544	-1
3.44529509544	-1
3.44529509544	-1
3.44529509544	-1
3.45688295364	-1
3.46725702286	-1
3.46725702286	-1
3.46725702286	-1
3.46725702286	-1
3.46727800369	1
3.46729207039	-1
3.46729207039	-1
3.46729207039	-1
3.46729207039	-1
3.46729207039	-1
3.46729207039	-1
3.46729207039	-1
3.48816299438	-1
3.48816299438	-1
3.48816299438	-1
3.48816299438	-1
3.52354001999	-1
3.52354001999	-1
3.57868409157	1
3.57868409157	1
3.57868409157	1
3.58895993233	1
3.60449099541	-1
3.63516306877	-1
3.63516306877	-1
3.63516306877	-1
3.63516306877	-1
3.66131401062	-1
3.66131401062	-1
3.66141700745	-1
3.66141700745	-1
3.66141700745	-1
3.66141700745	-1
3.66141700745	-1
3.66333007812	1
3.66333007812	1
3.66333007812	1
3.66333007812	1
3.6734559536	-1
3.6734559536	-1
3.6734559536	-1
3.6734559536	-1
3.6734559536	-1
3.68820691109	-1
3.68820691109	-1
3.68820691109	-1
3.68820691109	-1
3.68820691109	-1
3.68820691109	-1
3.70428490639	-1
3.70428490639	-1
3.70428490639	-1
3.70428490639	-1
3.70428490639	-1
3.70428490639	-1
3.70428490639	-1
3.72254610062	-1
3.72254610062	-1
3.72254610062	-1
3.74379205704	-1
3.74379205704	-1
3.74379205704	-1
3.7447810173	1
3.7447810173	1
3.7447810173	1
3.74905490875	-1
3.74905490875	-1
3.74905490875	-1
3.74905490875	-1
3.74905490875	-1
3.74908494949	1
3.77033305168	-1
3.77033305168	-1
3.77079606056	-1
3.77079606056	-1
3.77079606056	-1
3.77079606056	-1
3.78286790848	-1
3.80011796951	-1
3.80011796951	-1
3.80011796951	-1
3.80011796951	-1
3.80011796951	-1
3.83575797081	-1
3.84936904907	-1
3.84936904907	-1
3.84947609901	-1
3.84947609901	-1
3.84947609901	-1
3.84947609901	-1
3.84947609901	-1
3.84947609901	-1
3.86046600342	-1
3.86046600342	-1
3.86046600342	-1
3.86046600342	-1
3.87318611145	-1
3.87318611145	-1
3.87318611145	-1
3.87318611145	-1
3.87318611145	-1
3.87318611145	-1
3.87318611145	-1
3.89949703217	-1
3.89949703217	-1
3.89949703217	-1
3.89949703217	-1
3.89949703217	-1
3.89949703217	-1
3.92411398888	-1
3.92411398888	-1
3.92423510551	-1
3.92423510551	-1
3.92423510551	-1
3.92423510551	-1
3.92423510551	-1
3.92423510551	-1
3.92448091507	-1
3.92448091507	-1
3.94638204575	-1
3.94638204575	-1
3.94638204575	-1
3.9464058876	-1
3.9464058876	-1
3.9464058876	-1
3.9464058876	-1
3.95402097702	-1
3.96915888786	-1
3.96915888786	-1
3.96915888786	-1
3.96915888786	-1
3.96915888786	-1
3.96915888786	-1
3.9877409935	-1
3.9877409935	-1
3.9877409935	-1
3.9877409935	-1
3.9877409935	-1
3.9877409935	-1
3.99138689041	-1
3.99138689041	-1
3.99138689041	-1
3.99138689041	-1
3.99138689041	-1
3.99138689041	-1
3.99138689041	-1
3.99250102043	1
3.99982500076	-1
3.99982500076	-1
3.99982500076	-1
4.01076006889	-1
4.01076006889	-1
4.01096701622	-1
4.01096701622	-1
4.01096701622	-1
4.01096701622	-1
4.01096701622	-1
4.01096701622	-1
4.03179097176	-1
4.03179097176	-1
4.03179097176	-1
4.03179097176	-1
4.03179097176	-1
4.03179097176	-1
4.03179097176	-1
4.05083703995	-1
4.05100297928	-1
4.05100297928	-1
4.05100297928	-1
4.05100297928	-1
4.05100297928	-1
4.05100297928	-1
4.05100297928	-1
4.05687904358	-1
4.05687904358	-1
4.05687904358	-1
4.06482410431	-1
4.07508301735	-1
4.07508301735	-1
4.07508301735	-1
4.08446192741	-1
4.08446192741	-1
4.10565805435	-1
4.10565805435	-1
4.18275904655	-1
4.18275904655	-1
4.18275904655	-1
4.18275904655	-1
4.22443699837	1
4.27190899849	-1
4.27190899849	-1
4.27190899849	-1
4.28161001205	-1
4.28161001205	-1
4.29103302956	-1
4.29103302956	-1
4.29103302956	-1
4.29103302956	-1
4.29103302956	-1
4.29103302956	-1
4.29103302956	-1
4.3011469841	-1
4.3011469841	-1
4.3011469841	-1
4.3011469841	-1
4.3011469841	-1
4.3011469841	-1
4.3011469841	-1
4.3011469841	-1
4.30117988586	1
4.30585598946	-1
4.30590295792	-1
4.30590295792	-1
4.30590295792	-1
4.30590295792	-1
4.30590295792	-1
4.30590295792	-1
4.30590295792	-1
4.34722399712	-1
4.35076594353	-1
4.35076594353	-1
4.35232210159	-1
4.35232210159	-1
4.35232210159	-1
4.3566839695	-1
4.3566839695	-1
4.37505507469	-1
4.37505507469	-1
4.37876105309	-1
4.37876105309	-1
4.37876105309	-1
4.37876105309	-1
4.37876105309	-1
4.37876105309	-1
4.38425588608	-1
4.38425588608	-1
4.38425588608	-1
4.38425588608	-1
4.38425588608	-1
4.39877295494	-1
4.39877295494	-1
4.39877295494	-1
4.39877295494	-1
4.39877295494	-1
4.39877295494	-1
4.41658496857	-1
4.41658496857	-1
4.41677308083	-1
4.41677308083	-1
4.41677308083	-1
4.41677308083	-1
4.41677308083	-1
4.41763710976	1
4.44575810432	-1
4.44575810432	-1
4.44575810432	-1
4.44575810432	-1
4.44575810432	-1
4.44575810432	-1
4.45047688484	-1
4.45047688484	-1
4.45047688484	-1
4.45047688484	-1
4.45047688484	-1
4.45047688484	-1
4.46278500557	-1
4.46278500557	-1
4.46278500557	-1
4.46989107132	-1
4.46989107132	-1
4.46989107132	-1
4.46989107132	-1
4.46989107132	-1
4.46989107132	-1
4.46989107132	-1
4.47662806511	-1
4.47689700127	-1
4.47689700127	-1
4.47689700127	-1
4.47689700127	-1
4.47689700127	-1
4.49558401108	-1
4.49558401108	-1
4.49558401108	-1
4.49558401108	-1
4.49558401108	-1
4.49558401108	-1
4.49558401108	-1
4.49561595917	1
4.49582004547	-1
4.49582004547	-1
4.60926890373	1
4.75954198837	-1
4.83348798752	-1
4.83348798752	-1
4.90743899345	-1
4.90743899345	-1
5.12166500092	-1
5.1250140667	-1
5.1250140667	-1
5.1250140667	-1
5.1250140667	-1
5.1250140667	-1
5.1250140667	-1
5.13038992882	-1
5.13038992882	-1
5.13038992882	-1
5.13532209396	-1
5.13532209396	-1
5.13551092148	-1
5.13551092148	-1
5.13551092148	-1
5.13551092148	-1
5.13724899292	-1
5.14532709122	-1
5.14532709122	-1
5.14532709122	-1
5.14532709122	-1
5.14532709122	-1
5.14532709122	-1
5.14532709122	-1
5.16337990761	-1
5.19089102745	-1
5.19089102745	-1
5.19089102745	-1
5.26855897903	-1
5.26855897903	-1
5.26855897903	-1
5.26921701431	-1
5.32900691032	-1
5.32900691032	-1
5.32900691032	-1
5.34301805496	-1
5.37631893158	1
5.53040194511	1
6.05711197853	-1
6.07270097733	1
6.07960796356	1
6.07960796356	1
6.07960796356	1
6.08186602592	1
6.08186602592	1
6.09794306755	1
6.09794306755	1
6.09794306755	1
6.10420393944	1
6.10420393944	1
6.10438203812	1
6.10438203812	1
6.10438203812	1
6.16598892212	1
6.16598892212	1
6.16598892212	1
6.16598892212	1
6.16598892212	1
6.16598892212	1
6.16598892212	1
6.16877388954	1
6.16879010201	1
6.16879010201	1
6.16879010201	1
6.16879010201	1
6.16879010201	1
6.16879010201	1
6.16879010201	1
6.16879010201	1
6.16894507408	1
6.16894507408	1
6.16894507408	1
6.16894507408	1
