0.0	1
0.2506980896	1
0.472244024277	-1
0.47318816185	1
0.775345087051	-1
0.776167154312	1
0.779579162598	1
0.779579162598	1
0.779579162598	1
0.961354017258	1
1.03341913223	1
1.03341913223	1
1.37547302246	-1
1.37678408623	1
1.57052922249	-1
1.57202506065	1
1.57406306267	-1
1.57406306267	-1
1.57406306267	-1
1.6444940567	1
1.7166621685	-1
1.71669507027	1
1.82331299782	-1
1.82335519791	1
1.89558601379	-1
1.89563012123	1
1.89563012123	1
2.04201722145	-1
2.09363913536	1
2.16473722458	-1
2.16684317589	-1
2.16684317589	-1
2.16684317589	-1
2.16684317589	-1
2.16684317589	-1
2.16684317589	-1
2.16684317589	-1
2.23760318756	-1
2.26162004471	1
2.3149471283	-1
2.31523704529	-1
2.31523704529	-1
2.31523704529	-1
2.32862520218	-1
2.32862520218	-1
2.32862520218	-1
2.32862520218	-1
2.32862520218	-1
2.44699120522	-1
2.44699120522	-1
2.44699120522	-1
2.44699120522	-1
2.44699120522	-1
2.44699120522	-1
2.44699120522	-1
2.44699120522	-1
2.49069404602	-1
2.49818921089	-1
2.49961709976	1
2.58096313477	-1
2.58099722862	1
2.58117103577	-1
2.58117103577	-1
2.58117103577	-1
2.58117103577	-1
2.58117103577	-1
2.58117103577	-1
2.58117103577	-1
2.76226115227	-1
2.83449006081	-1
2.83559012413	1
3.06966614723	-1
3.23324918747	-1
3.43320512772	-1
3.44074320793	1
3.51304721832	-1
3.5204679966	1
4.07627415657	-1
4.20813417435	-1
4.20813417435	-1
4.20813417435	-1
4.2324090004	1
4.23968505859	1
4.23968505859	1
4.23968505859	1
4.30444908142	1
4.33211112022	-1
4.33384108543	-1
4.33384108543	-1
4.33384108543	-1
4.33384108543	-1
4.33384108543	-1
4.33384108543	-1
4.33615207672	-1
4.33615207672	-1
4.33615207672	-1
4.33615207672	-1
4.33615207672	-1
4.33615207672	-1
4.33615207672	-1
4.33979105949	-1
4.34546422958	-1
4.34546422958	-1
4.34546422958	-1
4.34546422958	-1
4.36058807373	1
4.36058807373	1
4.36058807373	1
4.36365222931	1
4.36365222931	1
4.40599822998	1
4.42248010635	1
4.42248010635	1
4.42248010635	1
4.46180415154	-1
4.46180415154	-1
4.46180415154	-1
4.46180415154	-1
4.46180415154	-1
4.46180415154	-1
4.46180415154	-1
4.46180415154	-1
4.46303319931	-1
4.46303319931	-1
4.46303319931	-1
4.46303319931	-1
4.46303319931	-1
4.46303319931	-1
4.46303319931	-1
4.48933720589	1
4.48933720589	1
4.48933720589	1
4.49144101143	1
4.49144101143	1
4.49144101143	1
4.49144101143	1
4.49144101143	1
4.61177921295	1
4.61177921295	1
4.61177921295	1
4.61447906494	1
4.61447906494	1
4.67430210114	1
4.71602606773	-1
4.73982906342	1
4.73982906342	1
4.73982906342	1
4.78652215004	1
4.78652215004	1
4.86617517471	-1
4.97852110863	-1
4.97923517227	1
4.97927117348	1
4.97927117348	1
4.97927117348	1
5.01634812355	-1
5.01634812355	-1
5.01634812355	-1
5.02655506134	-1
5.02655506134	-1
5.03325510025	-1
5.03325510025	-1
5.03325510025	-1
5.03336501122	-1
5.03336501122	-1
5.03540420532	1
5.03540420532	1
5.03540420532	1
5.03590703011	1
5.03590703011	1
5.04107308388	-1
5.04107308388	-1
5.04107308388	-1
5.05157017708	-1
5.05158901215	1
5.05158901215	1
5.12414503098	-1
5.12414503098	-1
5.12417817116	1
5.12417817116	1
5.19653606415	-1
5.30326318741	-1
5.30326318741	-1
5.30326318741	-1
5.30463218689	1
5.30681419373	-1
5.30851912498	1
5.30851912498	1
5.30851912498	1
5.38094902039	-1
5.38094902039	-1
5.42739105225	-1
5.42739105225	-1
5.42739105225	-1
5.45306515694	1
5.56210303307	-1
5.56648612022	-1
5.56648612022	-1
5.56648612022	-1
5.56801199913	1
5.68426322937	1
5.68426322937	1
5.750177145	-1
5.750177145	-1
5.79627919197	1
5.79627919197	1
5.80161809921	-1
5.80161809921	-1
5.80161809921	-1
5.81886315346	-1
5.81886315346	-1
5.81897211075	-1
5.81897211075	-1
5.81897211075	-1
5.81897211075	-1
5.81897211075	-1
5.81897211075	-1
5.83018922806	-1
5.83018922806	-1
5.83018922806	-1
5.83018922806	-1
5.83018922806	-1
5.83018922806	-1
5.83018922806	-1
5.83829712868	-1
5.83840107918	-1
5.83840107918	-1
5.83840107918	-1
5.83840107918	-1
5.83840107918	-1
5.83840107918	-1
5.83840107918	-1
5.83840107918	-1
5.85910201073	1
5.85910201073	1
5.85910201073	1
5.86053609848	1
5.86053609848	1
5.87752223015	1
5.87752223015	1
5.87752223015	1
5.92256808281	-1
5.92256808281	-1
5.92256808281	-1
5.92256808281	-1
5.92256808281	-1
5.92256808281	-1
5.92737913132	-1
5.92737913132	-1
5.92749118805	-1
5.92749118805	-1
5.92749118805	-1
5.92749118805	-1
5.92749118805	-1
5.92922115326	-1
5.92932605743	-1
5.92932605743	-1
5.93116807938	1
5.93116807938	1
5.93116807938	1
5.94271612167	-1
5.94271612167	-1
5.94271612167	-1
5.94637322426	-1
5.94637322426	-1
5.95441222191	-1
5.95441222191	-1
5.95441222191	-1
5.96169400215	-1
5.96169400215	-1
5.96856117249	-1
5.96856117249	-1
5.96856117249	-1
5.96856117249	-1
5.96856117249	-1
5.96856117249	-1
5.96856117249	-1
5.96856117249	-1
5.99498009682	-1
5.99498009682	-1
5.99498009682	-1
5.99498009682	-1
5.99498009682	-1
5.99498009682	-1
5.99498009682	-1
5.99973702431	-1
6.00343608856	-1
6.00343608856	-1
6.00343608856	-1
6.00343608856	-1
6.00343608856	-1
6.00343608856	-1
6.00343608856	-1
6.05039310455	-1
6.05049800873	-1
6.05049800873	-1
6.05049800873	-1
6.05049800873	-1
6.05049800873	-1
6.05049800873	-1
6.0507440567	-1
6.0507440567	-1
6.0507440567	-1
6.05160021782	1
6.07206106186	-1
6.11885404587	-1
6.11885404587	-1
6.11885404587	-1
6.11885404587	-1
6.11885404587	-1
6.12835502625	-1
6.12838721275	1
6.12852311134	-1
6.12852311134	-1
6.12852311134	-1
6.12852311134	-1
6.13134503365	-1
6.1313931942	-1
6.1313931942	-1
6.1313931942	-1
6.13535904884	-1
6.13535904884	-1
6.13554620743	-1
6.13554620743	-1
6.13554620743	-1
6.13554620743	-1
6.13554620743	-1
6.13554620743	-1
6.13554620743	-1
6.13554620743	-1
6.13579201698	-1
6.13839101791	-1
6.13839101791	-1
6.13839101791	-1
6.13839101791	-1
6.13839101791	-1
6.13839101791	-1
6.13839101791	-1
6.13853907585	-1
6.13853907585	-1
6.13874006271	-1
6.18162202835	1
6.18162202835	1
6.18162202835	1
6.18235707283	-1
6.18235707283	-1
6.21897411346	-1
6.21897411346	-1
6.21897411346	-1
6.24125313759	-1
6.24125313759	-1
6.24125313759	-1
6.24125313759	-1
6.24258708954	-1
6.242634058	-1
6.242634058	-1
6.242634058	-1
6.242634058	-1
6.242634058	-1
6.242634058	-1
6.25942015648	-1
6.25942015648	-1
6.25942015648	-1
6.25942015648	-1
6.25942015648	-1
6.25942015648	-1
6.25942015648	-1
6.25942015648	-1
6.25977015495	-1
6.25977015495	-1
6.25977015495	-1
6.25977015495	-1
6.25977015495	-1
6.25977015495	-1
6.25977015495	-1
6.26001620293	-1
6.2999060154	-1
6.2999060154	-1
6.2999060154	-1
6.2999060154	-1
6.2999060154	-1
6.2999060154	-1
6.2999060154	-1
6.2999060154	-1
6.30013418198	-1
6.36401510239	-1
6.36401510239	-1
6.36401510239	-1
6.36401510239	-1
6.36401510239	-1
6.36401510239	-1
6.36401510239	-1
6.36490106583	1
6.36710214615	-1
6.36710214615	-1
6.36710214615	-1
6.36710214615	-1
6.36710214615	-1
6.36710214615	-1
6.36710214615	-1
6.36710214615	-1
6.37055706978	-1
6.3706099987	-1
6.3706099987	-1
6.3706099987	-1
6.3706099987	-1
6.3706099987	-1
6.3706099987	-1
6.3706099987	-1
6.37090706825	-1
6.37090706825	-1
6.37090706825	-1
6.37103009224	-1
6.37375020981	-1
6.37375020981	-1
6.37375020981	-1
6.37375020981	-1
6.3842151165	-1
6.3842151165	-1
6.3842151165	-1
6.3842151165	-1
6.3842151165	-1
6.3842151165	-1
6.3842151165	-1
6.3842151165	-1
6.38456702232	-1
6.38456702232	-1
6.38456702232	-1
6.38456702232	-1
6.38456702232	-1
6.38456702232	-1
6.38456702232	-1
6.43699121475	-1
6.43709421158	-1
6.43709421158	-1
6.43709421158	-1
6.43709421158	-1
6.43709421158	-1
6.43709421158	-1
6.43709421158	-1
6.43974304199	1
6.43977308273	-1
6.43994212151	-1
6.43994212151	-1
6.43994212151	-1
6.43994212151	-1
6.43994212151	-1
6.43994212151	-1
6.48839402199	-1
6.48839402199	-1
6.48839402199	-1
6.48849511147	-1
6.48849511147	-1
6.48849511147	-1
6.48849511147	-1
6.48849511147	-1
6.48849511147	-1
6.48849511147	-1
6.48874020576	-1
6.49199414253	-1
6.49199414253	-1
6.49199414253	-1
6.49199414253	-1
6.49199414253	-1
6.49199414253	-1
6.49199414253	-1
6.49500417709	-1
6.4951210022	-1
6.4951210022	-1
6.4951210022	-1
6.4951210022	-1
6.4951210022	-1
6.4951210022	-1
6.49535512924	-1
6.49535512924	-1
6.49834418297	-1
6.49834418297	-1
6.49834418297	-1
6.49834418297	-1
6.49834418297	-1
6.49834418297	-1
6.49834418297	-1
6.51003813744	-1
6.51014208794	-1
6.51014208794	-1
6.51014208794	-1
6.51014208794	-1
6.51014208794	-1
6.51014208794	-1
6.51207113266	-1
6.51207113266	-1
6.51207113266	-1
6.51207113266	-1
6.51207113266	-1
6.51207113266	-1
6.51207113266	-1
6.51207113266	-1
6.51210999489	1
6.51819300652	-1
6.51819300652	-1
6.51819300652	-1
6.51819300652	-1
6.54917001724	-1
6.54917001724	-1
6.54917001724	-1
6.54917001724	-1
6.54917001724	-1
6.54917001724	-1
6.54917001724	-1
6.54917001724	-1
6.58947014809	1
6.58947014809	1
6.58947014809	1
6.58964300156	-1
6.5896821022	-1
6.5896821022	-1
6.5896821022	-1
6.5896821022	-1
6.5896821022	-1
6.5896821022	-1
6.61296510696	-1
6.61296510696	-1
6.61296510696	-1
6.61296510696	-1
6.61296510696	-1
6.61296510696	-1
6.6163020134	-1
6.6163020134	-1
6.6163020134	-1
6.6163020134	-1
6.6163020134	-1
6.6163020134	-1
6.6163020134	-1
6.61963701248	-1
6.61980509758	-1
6.61980509758	-1
6.61980509758	-1
6.61980509758	-1
6.61980509758	-1
6.61980509758	-1
6.61980509758	-1
6.62005114555	-1
6.62005114555	-1
6.62005114555	-1
6.62005114555	-1
6.62005114555	-1
6.62005114555	-1
6.62005114555	-1
6.62983512878	-1
6.62983512878	-1
6.63008522987	-1
6.63008522987	-1
6.63008522987	-1
6.63008522987	-1
6.63008522987	-1
6.63008522987	-1
6.63008522987	-1
6.63113713264	1
6.63113713264	1
6.63113713264	1
6.63317418098	-1
6.63328003883	-1
6.63328003883	-1
6.63328003883	-1
6.63328003883	-1
6.63328003883	-1
6.63328003883	-1
6.63328003883	-1
6.6736600399	-1
6.67376613617	-1
6.67376613617	-1
6.67376613617	-1
6.67376613617	-1
6.67376613617	-1
6.67376613617	-1
6.67376613617	-1
6.67376613617	-1
6.67402505875	-1
6.67402505875	-1
6.67402505875	-1
6.67402505875	-1
6.67402505875	-1
6.67402505875	-1
6.67402505875	-1
6.71418714523	-1
6.71418714523	-1
6.71418714523	-1
6.71418714523	-1
6.71418714523	-1
6.71418714523	-1
6.71418714523	-1
6.71418714523	-1
6.71418714523	-1
6.74230718613	-1
6.74230718613	-1
6.74230718613	-1
6.74230718613	-1
6.74230718613	-1
6.74230718613	-1
6.74230718613	-1
6.74437904358	-1
6.74437904358	-1
6.74437904358	-1
6.74437904358	-1
6.74437904358	-1
6.74437904358	-1
6.74437904358	-1
6.74437904358	-1
6.74555015564	1
6.74771213531	-1
6.74781703949	-1
6.74781703949	-1
6.74781703949	-1
6.74781703949	-1
6.74781703949	-1
6.74781703949	-1
6.74781703949	-1
6.77251315117	-1
6.77670812607	-1
6.77670812607	-1
6.77670812607	-1
6.77670812607	-1
6.77670812607	-1
6.77670812607	-1
6.77670812607	-1
6.77670812607	-1
6.77954316139	-1
6.77954316139	-1
6.77954316139	-1
6.77954316139	-1
6.77954316139	-1
6.77954316139	-1
6.77954316139	-1
6.78371405602	-1
6.78371405602	-1
6.78371405602	-1
6.78371405602	-1
6.78371405602	-1
6.78371405602	-1
6.78371405602	-1
6.78371405602	-1
6.80828619003	-1
6.80828619003	-1
6.80828619003	-1
6.80828619003	-1
6.80828619003	-1
6.80828619003	-1
6.80828619003	-1
6.80828619003	-1
6.86408209801	1
6.8642179966	-1
6.8642179966	-1
6.8642179966	-1
6.8642179966	-1
6.8642179966	-1
6.8642179966	-1
6.8642179966	-1
6.8642179966	-1
6.86886310577	-1
6.86896920204	-1
6.86896920204	-1
6.86896920204	-1
6.86896920204	-1
6.86896920204	-1
6.86896920204	-1
6.86896920204	-1
6.8811480999	-1
6.8811480999	-1
6.8811480999	-1
6.8811480999	-1
6.8811480999	-1
6.8811480999	-1
6.8811480999	-1
6.8811480999	-1
6.8811480999	-1
6.92280507088	-1
6.92280507088	-1
6.92280507088	-1
6.92280507088	-1
6.92280507088	-1
6.92280507088	-1
6.92280507088	-1
6.95287704468	1
6.98704719543	-1
6.98704719543	-1
6.98704719543	-1
6.98704719543	-1
6.98704719543	-1
6.98704719543	-1
6.98704719543	-1
6.98704719543	-1
6.99136519432	-1
6.99147605896	-1
6.99147605896	-1
6.99147605896	-1
6.99147605896	-1
6.99147605896	-1
6.99147605896	-1
6.99147605896	-1
7.00027704239	-1
7.00032401085	-1
7.00032401085	-1
7.00032401085	-1
7.00032401085	-1
7.00032401085	-1
7.00032401085	-1
7.00032401085	-1
7.00032401085	-1
7.01242017746	-1
7.01242017746	-1
7.01242017746	-1
7.01242017746	-1
7.01242017746	-1
7.01242017746	-1
7.01242017746	-1
7.02540421486	1
7.02540421486	1
7.04267120361	-1
7.04267120361	-1
7.04267120361	-1
7.04267120361	-1
7.04267120361	-1
7.04267120361	-1
7.04267120361	-1
7.04267120361	-1
7.0813331604	-1
7.08143520355	-1
7.08143520355	-1
7.08143520355	-1
7.08143520355	-1
7.08143520355	-1
7.08143520355	-1
7.08143520355	-1
7.11520004272	-1
7.11520004272	-1
7.11520004272	-1
7.11520004272	-1
7.11520004272	-1
7.11520004272	-1
7.11520004272	-1
7.11520004272	-1
7.11520004272	-1
7.1178021431	-1
7.1178021431	-1
7.1178021431	-1
7.1178021431	-1
7.1178021431	-1
7.1178021431	-1
7.1178021431	-1
7.12230801582	-1
7.12230801582	-1
7.12230801582	-1
7.12230801582	-1
7.12230801582	-1
7.12230801582	-1
7.12230801582	-1
7.12230801582	-1
7.13140106201	-1
7.13264608383	1
7.1357421875	-1
7.1357421875	-1
7.1357421875	-1
7.1357421875	-1
7.1357421875	-1
7.1357421875	-1
7.1357421875	-1
7.1357421875	-1
7.13603615761	-1
7.13603615761	-1
7.13603615761	-1
7.13603615761	-1
7.13603615761	-1
7.13603615761	-1
7.13603615761	-1
7.1411690712	-1
7.1452832222	-1
7.1452832222	-1
7.1452832222	-1
7.1452832222	-1
7.1452832222	-1
7.1452832222	-1
7.15033006668	-1
7.15033006668	-1
7.15033006668	-1
7.15033006668	-1
7.15033006668	-1
7.15033006668	-1
7.15033006668	-1
7.15033006668	-1
7.17115211487	-1
7.17115211487	-1
7.17115211487	-1
7.17115211487	-1
7.17115211487	-1
7.17115211487	-1
7.17115211487	-1
7.17115211487	-1
7.26355004311	-1
7.26355004311	-1
7.26355004311	-1
7.26355004311	-1
7.26355004311	-1
7.26355004311	-1
7.26355004311	-1
7.26355004311	-1
7.26355004311	-1
7.26358413696	1
7.2715241909	-1
7.2715241909	-1
7.2715241909	-1
7.2715241909	-1
7.2715241909	-1
7.2715241909	-1
7.2715241909	-1
7.28026604652	-1
7.28026604652	-1
7.28026604652	-1
7.28026604652	-1
7.28026604652	-1
7.28026604652	-1
7.28026604652	-1
7.28026604652	-1
7.28662919998	-1
7.28667616844	-1
7.28667616844	-1
7.28667616844	-1
7.28667616844	-1
7.28667616844	-1
7.28667616844	-1
7.28667616844	-1
7.29580402374	-1
7.2959280014	-1
7.2959280014	-1
7.2959280014	-1
7.2959280014	-1
7.2959280014	-1
7.2959280014	-1
7.2959280014	-1
7.2959280014	-1
7.29681110382	-1
7.29681110382	-1
7.29681110382	-1
7.29681110382	-1
7.29681110382	-1
7.29681110382	-1
7.29681110382	-1
7.30768108368	-1
7.30768108368	-1
7.30768108368	-1
7.30768108368	-1
7.30768108368	-1
7.30768108368	-1
7.30768108368	-1
7.30768108368	-1
7.31078004837	-1
7.31078004837	-1
7.31078004837	-1
7.31078004837	-1
7.31078004837	-1
7.31078004837	-1
7.31078004837	-1
7.31078004837	-1
7.3168900013	-1
7.31694722176	-1
7.31694722176	-1
7.31694722176	-1
7.31694722176	-1
7.31694722176	-1
7.31694722176	-1
7.31694722176	-1
7.37992811203	1
7.3876080513	-1
7.3876080513	-1
7.3876080513	-1
7.3876080513	-1
7.3876080513	-1
7.3876080513	-1
7.3876080513	-1
7.3876080513	-1
7.39977502823	-1
7.39977502823	-1
7.39977502823	-1
7.39977502823	-1
7.39977502823	-1
7.39977502823	-1
7.39977502823	-1
7.39977502823	-1
7.40509605408	-1
7.40514302254	-1
7.40514302254	-1
7.40514302254	-1
7.40514302254	-1
7.40514302254	-1
7.40514302254	-1
7.4187412262	-1
7.4187412262	-1
7.45211410522	-1
9.83126521111	-1
10.4306890965	-1
10.5651371479	-1
10.7422180176	-1
10.8681411743	-1
11.6753950119	-1
15.3262979984	-1
15.907405138	1
16.052077055	1
16.2764041424	-1
16.465015173	-1
16.5978422165	1
16.5993680954	1
16.5993680954	1
16.5993680954	1
16.5993680954	1
16.599943161	1
16.599943161	1
16.6010780334	1
16.6010780334	1
16.6022632122	1
16.6022632122	1
16.6022632122	1
16.6023640633	1
16.6023640633	1
16.6056330204	1
16.6056330204	1
16.6056330204	1
16.6056330204	1
16.6056330204	1
16.6056330204	1
16.6056330204	1
16.6056330204	1
16.6147961617	-1
16.6718230247	1
16.6718230247	1
16.6718230247	1
16.6718230247	1
16.6718230247	1
16.6718230247	1
16.6718230247	1
16.6718230247	1
16.6718230247	1
16.7750620842	-1
16.8546481133	1
16.8863930702	-1
16.9265742302	1
17.0408911705	-1
17.1322901249	-1
17.1322901249	-1
17.1322901249	-1
17.1322901249	-1
17.1322901249	-1
17.1322901249	-1
17.1322901249	-1
17.1322901249	-1
17.1368310452	1
17.1657931805	-1
17.1657931805	-1
17.1657931805	-1
17.1657931805	-1
17.1657931805	-1
17.2506592274	-1
17.2506592274	-1
17.2506592274	-1
17.2506592274	-1
17.2506592274	-1
17.2506592274	-1
17.2506592274	-1
17.2644321918	1
17.3311591148	-1
17.3311591148	-1
17.3311591148	-1
17.3311591148	-1
17.4892551899	-1
17.5980989933	-1
17.6541922092	-1
17.6541922092	-1
17.6541922092	-1
17.6556861401	1
17.8622121811	-1
17.8622121811	-1
18.1760270596	-1
18.2979772091	-1
18.3417201042	-1
18.3417201042	-1
18.3417201042	-1
18.3766272068	1
18.3806231022	1
18.3806231022	1
18.3806231022	1
18.3939721584	1
18.3939721584	1
18.3939721584	1
18.429929018	1
18.429929018	1
18.4421241283	1
18.4421241283	1
18.4488232136	1
18.4488232136	1
18.6412911415	1
18.6841061115	1
18.6841061115	1
18.6841061115	1
18.6925032139	1
18.6925032139	1
18.7920222282	-1
18.8635752201	-1
18.8635752201	-1
18.8635752201	-1
18.8869841099	-1
18.8869841099	-1
18.914096117	-1
18.9882102013	-1
18.9896981716	1
19.060352087	-1
19.060352087	-1
19.1027021408	1
19.1940870285	-1
19.1955311298	1
19.2680702209	-1
19.2680702209	-1
19.2698562145	1
19.325204134	-1
19.325204134	-1
19.325204134	-1
19.326914072	1
19.326914072	1
19.326914072	1
19.3421092033	-1
19.4144411087	-1
19.4144411087	-1
19.4144701958	1
19.4430830479	-1
19.4430830479	-1
19.4430830479	-1
19.486782074	1
19.5306282043	-1
19.5306282043	-1
19.5306282043	-1
19.5686540604	-1
19.5686540604	-1
19.5686540604	-1
19.5686540604	-1
19.5686540604	-1
19.5686540604	-1
19.6309711933	-1
19.6891520023	-1
19.6891520023	-1
19.6891520023	-1
19.6891520023	-1
19.6891520023	-1
19.6891520023	-1
19.6891520023	-1
19.6891520023	-1
19.7459201813	-1
19.7532131672	1
19.7892520428	-1
19.7892520428	-1
19.7892520428	-1
19.7892520428	-1
19.7892520428	-1
19.7892520428	-1
19.7892520428	-1
19.7892520428	-1
19.7892520428	-1
19.7896001339	-1
19.7896001339	-1
19.7896001339	-1
19.7896001339	-1
19.7896001339	-1
19.7944600582	1
19.7944600582	1
19.7944600582	1
19.8068830967	-1
19.8068830967	-1
19.8068830967	-1
19.8068830967	-1
19.8068830967	-1
19.8068830967	-1
19.8182480335	-1
19.8269100189	-1
19.8269100189	-1
19.8269100189	-1
19.8993060589	-1
19.8993501663	1
19.8993501663	1
19.9042601585	-1
19.9042601585	-1
19.9042601585	-1
19.9042601585	-1
19.9042601585	-1
19.9048449993	-1
19.9360051155	-1
19.9360051155	-1
19.971529007	1
20.1061351299	-1
20.1671011448	-1
20.1671011448	-1
20.1671011448	-1
20.1686940193	1
20.1939170361	-1
20.1939170361	-1
20.1939170361	-1
20.2384881973	-1
20.2453100681	1
20.2453100681	1
20.2453100681	1
20.2517001629	-1
20.2517001629	-1
20.2517001629	-1
20.2547900677	-1
20.2547900677	-1
20.2547900677	-1
20.2547900677	-1
20.3125400543	-1
20.3125400543	-1
20.3125400543	-1
20.3125400543	-1
20.3125400543	-1
20.3125400543	-1
20.3204240799	-1
20.3204240799	-1
20.3214390278	-1
20.3214390278	-1
20.3214390278	-1
20.3214390278	-1
20.3214390278	-1
20.3214390278	-1
20.3461492062	-1
20.3461492062	-1
20.3473482132	1
20.3490772247	-1
20.3490772247	-1
20.3490772247	-1
20.3490772247	-1
20.3490772247	-1
20.3490772247	-1
20.3490772247	-1
20.3490772247	-1
20.3521521091	-1
20.3521521091	-1
20.3521521091	-1
20.3663589954	-1
20.3663589954	-1
20.3663589954	-1
20.3663589954	-1
20.4553880692	1
20.4553880692	1
20.4830980301	-1
20.5209131241	-1
20.5209131241	-1
20.5209131241	-1
20.6043851376	1
20.6229522228	1
20.6229522228	1
20.6229522228	1
20.624101162	1
20.624101162	1
20.8271501064	-1
20.8743681908	1
20.9468450546	-1
20.9468450546	-1
20.971571207	1
21.0493211746	-1
21.0493650436	1
21.0493650436	1
21.066393137	-1
21.066393137	-1
21.066393137	-1
21.0759270191	1
21.0759270191	1
21.0759270191	1
21.0809471607	1
21.0809471607	1
21.0817210674	1
21.0817210674	1
21.0817210674	1
21.0857121944	-1
21.0857121944	-1
21.0857121944	-1
21.1216351986	1
21.1940441132	-1
21.1940441132	-1
21.1940791607	1
21.1940791607	1
21.2991440296	-1
21.2991871834	1
21.2991871834	1
21.3283360004	1
21.3283360004	1
21.3283360004	1
21.3325610161	1
21.3325610161	1
21.3326940536	1
21.3326940536	1
21.3326940536	1
21.4065511227	-1
21.4233651161	-1
21.4233651161	-1
21.4233651161	-1
21.4234781265	-1
21.4234781265	-1
21.4234781265	-1
21.4234781265	-1
21.4234781265	-1
21.4234781265	-1
21.4860332012	-1
21.4860332012	-1
21.4860680103	1
21.4860680103	1
21.4862360954	-1
21.4862360954	-1
21.4862360954	-1
21.4862360954	-1
21.4862360954	-1
21.4862360954	-1
21.4862360954	-1
21.4865231514	-1
21.5082290173	-1
21.5082290173	-1
21.5082290173	-1
21.5310401917	-1
21.5310401917	-1
21.5310401917	-1
21.5311450958	-1
21.5311450958	-1
21.5337421894	1
21.5337421894	1
21.5337421894	1
21.5378990173	-1
21.5378990173	-1
21.5378990173	-1
21.5394620895	1
21.5394620895	1
21.5412790775	-1
21.5412790775	-1
21.5412790775	-1
21.5412790775	-1
21.5412790775	-1
21.5412790775	-1
21.5412790775	-1
21.547852993	-1
21.5479609966	-1
21.5479609966	-1
21.5479609966	-1
21.5479609966	-1
21.5479609966	-1
21.5479609966	-1
21.580520153	1
21.580520153	1
21.6555931568	-1
21.6556351185	1
21.6827270985	-1
21.6827270985	-1
21.6827270985	-1
21.807238102	-1
21.8084471226	1
21.8810200691	-1
21.8819811344	1
21.931910038	-1
21.931910038	-1
21.931910038	-1
21.9321382046	-1
21.9321382046	-1
21.9339911938	1
21.9339911938	1
21.9339911938	1
21.9352822304	-1
21.9352822304	-1
21.9352822304	-1
21.9371490479	1
21.9371490479	1
22.0431101322	-1
22.0432960987	-1
22.0432960987	-1
22.0432960987	-1
22.0565831661	-1
22.0565831661	-1
22.0565831661	-1
22.0565831661	-1
22.056689024	-1
22.0599961281	-1
22.0599961281	-1
22.0599961281	-1
22.0599961281	-1
22.0599961281	-1
22.0599961281	-1
22.0599961281	-1
22.063270092	-1
22.0633850098	-1
22.0633850098	-1
22.0633850098	-1
22.0633850098	-1
22.0633850098	-1
22.0633850098	-1
22.0633850098	-1
22.066806078	-1
22.0668442249	-1
22.0668442249	-1
22.0668442249	-1
22.0668442249	-1
22.0668442249	-1
22.0668442249	-1
22.0668442249	-1
22.0682520866	1
22.0700831413	-1
22.0700831413	-1
22.0700831413	-1
22.0700831413	-1
22.0700831413	-1
22.0700831413	-1
22.0769050121	-1
22.1858332157	1
22.1858332157	1
22.2111971378	-1
22.2113821507	-1
22.2113821507	-1
22.2113821507	-1
22.2113821507	-1
22.2316570282	-1
22.2316570282	-1
22.2317690849	-1
22.2317690849	-1
22.2317690849	-1
22.2317690849	-1
22.2317690849	-1
22.2317690849	-1
22.2452220917	-1
22.2452220917	-1
22.2452220917	-1
22.2452220917	-1
22.2452220917	-1
22.2452220917	-1
22.2452220917	-1
22.266960144	-1
22.266960144	-1
22.266960144	-1
22.266960144	-1
22.266960144	-1
22.266960144	-1
22.266960144	-1
22.266960144	-1
22.2669920921	1
22.2678821087	-1
22.2689051628	-1
22.2689051628	-1
22.2689051628	-1
22.2689051628	-1
22.2689051628	-1
22.2689051628	-1
22.2689051628	-1
22.2689051628	-1
22.3361001015	-1
22.3361001015	-1
22.3361001015	-1
22.3361001015	-1
22.3361001015	-1
22.3361001015	-1
22.3361001015	-1
22.3361001015	-1
22.3462131023	-1
22.3496320248	-1
22.3496320248	-1
22.3496320248	-1
22.3496320248	-1
22.3496320248	-1
22.3496320248	-1
22.3496320248	-1
22.3528680801	-1
22.3529150486	-1
22.3529150486	-1
22.3529150486	-1
22.3529150486	-1
22.3529150486	-1
22.3529150486	-1
22.3529150486	-1
22.363088131	-1
22.363088131	-1
22.363088131	-1
22.363088131	-1
22.363088131	-1
22.363088131	-1
22.363088131	-1
22.363088131	-1
22.3639280796	1
22.3699300289	-1
22.3699300289	-1
22.3699300289	-1
22.3699300289	-1
22.3699300289	-1
22.3699300289	-1
22.3699300289	-1
22.3699300289	-1
22.373142004	-1
22.3732471466	-1
22.3732471466	-1
22.3732471466	-1
22.3732471466	-1
22.3732471466	-1
22.3732471466	-1
22.3732471466	-1
22.3833811283	-1
22.4084951878	-1
22.4084951878	-1
22.4084951878	-1
22.4084951878	-1
22.4084951878	-1
22.4084951878	-1
22.4084951878	-1
22.4086170197	-1
22.4225151539	-1
22.4225151539	-1
22.4225151539	-1
22.4225151539	-1
22.4225151539	-1
22.4225151539	-1
22.4225151539	-1
22.4227440357	-1
22.4253220558	-1
22.4253220558	-1
22.4253220558	-1
22.4253220558	-1
22.4253220558	-1
22.4253220558	-1
22.4253220558	-1
22.4607961178	-1
22.4607961178	-1
22.4607961178	-1
22.4607961178	-1
22.4607961178	-1
22.4607961178	-1
22.4607961178	-1
22.4607961178	-1
22.4608280659	1
22.4610199928	-1
22.4642930031	-1
22.4642930031	-1
22.4642930031	-1
22.4642930031	-1
22.4642930031	-1
22.4642930031	-1
22.4642930031	-1
22.4642930031	-1
22.464621067	-1
22.464621067	-1
22.464621067	-1
22.464621067	-1
22.464621067	-1
22.464621067	-1
22.464621067	-1
22.470990181	-1
22.4710960388	-1
22.4710960388	-1
22.4710960388	-1
22.4710960388	-1
22.4710960388	-1
22.4710960388	-1
22.4744501114	-1
22.4744501114	-1
22.4744501114	-1
22.4744501114	-1
22.4744501114	-1
22.4744501114	-1
22.4744501114	-1
22.4809241295	-1
22.480959177	-1
22.480959177	-1
22.480959177	-1
22.480959177	-1
22.480959177	-1
22.480959177	-1
22.480959177	-1
22.4948580265	-1
22.4951150417	-1
22.4951150417	-1
22.4951150417	-1
22.4951150417	-1
22.4951150417	-1
22.4951150417	-1
22.4951150417	-1
22.4962041378	-1
22.4977061749	-1
22.4977061749	-1
22.4977061749	-1
22.4977061749	-1
22.4977061749	-1
22.4977061749	-1
22.4977061749	-1
22.4977061749	-1
22.5335531235	1
22.5335531235	1
22.5335822105	-1
22.5335822105	-1
22.5335822105	-1
22.5335822105	-1
22.5335822105	-1
22.5335822105	-1
22.5335822105	-1
22.5365622044	-1
22.5365622044	-1
22.5365622044	-1
22.5365622044	-1
22.5365622044	-1
22.5365622044	-1
22.5365622044	-1
22.5365622044	-1
22.5365622044	-1
22.5369122028	-1
22.5369122028	-1
22.5369122028	-1
22.5369122028	-1
22.5369122028	-1
22.5369122028	-1
22.5369122028	-1
22.5369122028	-1
22.5372822285	-1
22.5372822285	-1
22.5372822285	-1
22.5372822285	-1
22.5372822285	-1
22.5372822285	-1
22.5372822285	-1
22.5892560482	-1
22.589359045	-1
22.589359045	-1
22.589359045	-1
22.589359045	-1
22.589359045	-1
22.589359045	-1
22.589359045	-1
22.589359045	-1
22.5925052166	-1
22.5925052166	-1
22.5925052166	-1
22.5925052166	-1
22.5925052166	-1
22.5925052166	-1
22.5925052166	-1
22.5925052166	-1
22.5925052166	-1
22.5928602219	-1
22.5928602219	-1
22.5928602219	-1
22.5928602219	-1
22.5928602219	-1
22.6012470722	-1
22.6012470722	-1
22.601359129	-1
22.601359129	-1
22.601359129	-1
22.601359129	-1
22.601359129	-1
22.601359129	-1
22.601359129	-1
22.6057751179	-1
22.6057751179	-1
22.6059470177	-1
22.6059470177	-1
22.6059470177	-1
22.6059470177	-1
22.6059470177	-1
22.6059470177	-1
22.6061141491	1
22.6061141491	1
22.6100900173	-1
22.6100900173	-1
22.6100900173	-1
22.6100900173	-1
22.6100900173	-1
22.6181600094	-1
22.6183161736	-1
22.6183161736	-1
22.6183161736	-1
22.6183161736	-1
22.6183161736	-1
22.6183161736	-1
22.6183161736	-1
22.6226940155	-1
22.6228621006	-1
22.6228621006	-1
22.6228621006	-1
22.6228621006	-1
22.6228621006	-1
22.6228621006	-1
22.6228621006	-1
22.6228621006	-1
22.6232302189	-1
22.6232302189	-1
22.6232302189	-1
22.6232302189	-1
22.6232302189	-1
22.6232302189	-1
22.6603441238	1
22.6603441238	1
22.6603441238	1
22.6614010334	1
22.6614010334	1
22.6626391411	-1
22.6626391411	-1
22.6626391411	-1
22.6626391411	-1
22.6626391411	-1
22.6626391411	-1
22.6626391411	-1
22.6626391411	-1
22.6626391411	-1
22.6827921867	1
22.710381031	-1
22.710381031	-1
22.710381031	-1
22.710381031	-1
22.710381031	-1
22.710381031	-1
22.710381031	-1
22.7272951603	-1
22.7274620533	-1
22.7274620533	-1
22.7274620533	-1
22.7274620533	-1
22.7274620533	-1
22.7274620533	-1
22.7274620533	-1
22.7296600342	1
22.7296600342	1
22.7296600342	1
22.7354512215	-1
22.7354512215	-1
22.7354512215	-1
22.7354512215	-1
22.7354512215	-1
22.7354512215	-1
22.7354512215	-1
22.7354512215	-1
22.7369370461	1
22.7369370461	1
22.7408270836	1
22.7408270836	1
22.7408270836	1
22.7409720421	1
22.7409720421	1
22.7409720421	1
22.7420730591	-1
22.7420730591	-1
22.7420730591	-1
22.7420730591	-1
22.7420730591	-1
22.7420730591	-1
22.7420730591	-1
22.7420730591	-1
22.7432692051	1
22.7432692051	1
22.7506051064	-1
22.7506051064	-1
22.7507200241	-1
22.7507200241	-1
22.7507200241	-1
22.7507200241	-1
22.7507200241	-1
22.7507200241	-1
22.7782840729	-1
22.7782840729	-1
22.7782840729	-1
22.7782840729	-1
22.7782840729	-1
22.7782840729	-1
22.7782840729	-1
22.7829840183	-1
22.7834150791	-1
22.7834150791	-1
22.7834150791	-1
22.7834150791	-1
22.7834150791	-1
22.7834150791	-1
22.7834150791	-1
22.7834150791	-1
22.8053851128	-1
22.8055670261	-1
22.8055670261	-1
22.8055670261	-1
22.8055670261	-1
22.8055670261	-1
22.8055670261	-1
22.8058340549	-1
22.8058340549	-1
22.8147621155	-1
22.8147621155	-1
22.8147621155	-1
22.8147621155	-1
22.8147621155	-1
22.8147621155	-1
22.8147621155	-1
22.8283360004	1
22.8354160786	-1
22.8354160786	-1
22.8354160786	-1
22.8354160786	-1
22.8354160786	-1
22.8354160786	-1
22.8354160786	-1
22.8354160786	-1
22.8506100178	-1
22.851031065	-1
22.851031065	-1
22.851031065	-1
22.851031065	-1
22.851031065	-1
22.851031065	-1
22.851031065	-1
22.8921751976	-1
22.9035310745	-1
22.9035310745	-1
22.9035310745	-1
22.9035310745	-1
22.9035310745	-1
22.9035310745	-1
22.9050450325	1
22.9119961262	-1
22.9119961262	-1
22.9119961262	-1
22.9163281918	-1
22.9163281918	-1
22.9163281918	-1
22.9163281918	-1
22.9163281918	-1
22.9163281918	-1
22.9163281918	-1
22.9222400188	-1
22.9222400188	-1
22.9222400188	-1
22.9222400188	-1
22.9222400188	-1
22.9222400188	-1
22.9222400188	-1
22.9299042225	-1
22.9299042225	-1
22.9299042225	-1
22.9299042225	-1
22.9299042225	-1
22.9299042225	-1
22.9299042225	-1
22.9299042225	-1
22.9312040806	1
22.9312040806	1
22.9312040806	1
22.9341671467	-1
22.9341671467	-1
22.9341671467	-1
22.9341671467	-1
22.9341671467	-1
22.9341671467	-1
22.9341671467	-1
22.9341671467	-1
22.9384951591	-1
22.9384951591	-1
22.9395401478	-1
22.9395401478	-1
22.9395401478	-1
22.9395401478	-1
22.9395401478	-1
22.9395401478	-1
22.9395401478	-1
22.9412670135	-1
22.9412670135	-1
22.9412670135	-1
22.9412670135	-1
22.9412670135	-1
22.9412670135	-1
22.9412670135	-1
22.9412670135	-1
22.9503860474	-1
22.9503860474	-1
22.9503860474	-1
22.9503860474	-1
22.9503860474	-1
22.9503860474	-1
22.9503860474	-1
22.9503860474	-1
22.973842144	-1
22.9740130901	-1
22.9740130901	-1
22.9740130901	-1
22.9740130901	-1
22.9740130901	-1
22.9740130901	-1
22.9740130901	-1
22.9756281376	1
22.9756281376	1
22.9798851013	-1
22.9798851013	-1
22.9799201488	1
22.9799480438	-1
22.9799480438	-1
22.9799480438	-1
22.9799480438	-1
22.9799480438	-1
22.9799480438	-1
22.9865422249	1
22.9865422249	1
22.9865422249	1
22.9888401031	-1
22.9888401031	-1
22.9888401031	-1
22.9888401031	-1
22.9888401031	-1
22.9888401031	-1
22.9888401031	-1
22.9961230755	-1
22.9961230755	-1
22.9961230755	-1
22.9961230755	-1
22.9961230755	-1
22.9961230755	-1
22.9961230755	-1
22.9961230755	-1
22.9961230755	-1
23.0023691654	-1
23.0023691654	-1
23.0023691654	-1
23.0023691654	-1
23.0023691654	-1
23.0023691654	-1
23.0023691654	-1
23.0023691654	-1
23.0023691654	-1
23.0068750381	-1
23.0108470917	-1
23.0108470917	-1
23.0108470917	-1
23.0108470917	-1
23.0108470917	-1
23.0108470917	-1
23.0124042034	-1
23.0124042034	-1
23.0124042034	-1
23.0124042034	-1
23.0124042034	-1
23.0124042034	-1
23.0124042034	-1
23.0124042034	-1
23.0166079998	-1
23.0166079998	-1
23.0166079998	-1
23.0166079998	-1
23.0166079998	-1
23.0166079998	-1
23.0166079998	-1
23.0166079998	-1
23.0183382034	1
23.0183382034	1
23.0236461163	-1
23.0236461163	-1
23.0236461163	-1
23.0236461163	-1
23.0236461163	-1
23.0236461163	-1
23.0490970612	-1
23.0490970612	-1
23.0490970612	-1
23.0490970612	-1
23.0490970612	-1
23.0490970612	-1
23.0490970612	-1
23.0490970612	-1
23.0490970612	-1
23.0535800457	-1
23.0535800457	-1
23.0535800457	-1
23.0536270142	1
23.0536270142	1
23.0571680069	-1
23.0571680069	-1
23.0571680069	-1
23.0571680069	-1
23.0571680069	-1
23.0571680069	-1
23.0571680069	-1
23.069311142	-1
23.069311142	-1
23.069311142	-1
23.069311142	-1
23.069311142	-1
23.069311142	-1
23.069311142	-1
23.069311142	-1
23.0776262283	-1
23.0776262283	-1
23.0776262283	-1
23.0776262283	-1
23.0776262283	-1
23.0776262283	-1
23.0776262283	-1
23.0776262283	-1
23.1139941216	-1
23.1139941216	-1
23.1139941216	-1
23.1139941216	-1
23.1139941216	-1
23.1139941216	-1
23.1139941216	-1
23.1867110729	1
23.1867110729	1
23.238697052	-1
23.356539011	-1
23.3583161831	1
23.4141631126	-1
23.4141631126	-1
23.4141631126	-1
23.4206941128	-1
23.4206941128	-1
23.4236621857	1
23.4236621857	1
23.4236621857	1
23.4236621857	1
23.4850530624	-1
23.4850530624	-1
23.4850530624	-1
23.4850530624	-1
23.4850530624	-1
23.4850530624	-1
23.4882261753	-1
23.4882261753	-1
23.4882261753	-1
23.4882261753	-1
23.4882261753	-1
23.4882261753	-1
23.4882261753	-1
23.5177090168	1
23.6090250015	-1
23.6090791225	1
23.6230602264	-1
23.6230602264	-1
23.6230602264	-1
23.639010191	-1
23.639010191	-1
23.6714611053	1
23.6714611053	1
23.6714611053	1
23.753467083	-1
23.7666130066	1
23.8684101105	-1
23.868448019	1
23.9409880638	-1
23.9410312176	1
24.0132470131	-1
24.0132761002	1
24.0743670464	-1
24.0743670464	-1
24.0743670464	-1
24.0745530128	-1
24.0745530128	-1
24.0745530128	-1
24.085750103	-1
24.0871510506	1
24.0916700363	-1
24.0916700363	-1
24.0916700363	-1
24.0917751789	-1
24.0917751789	-1
24.0917751789	-1
24.0918471813	-1
24.0918471813	-1
24.0918471813	-1
24.0918471813	-1
24.0918471813	-1
24.0918471813	-1
24.0918471813	-1
24.0955200195	-1
24.0956652164	-1
24.0956652164	-1
24.0956652164	-1
24.0956652164	-1
24.0956652164	-1
24.0956652164	-1
24.0956652164	-1
24.1016411781	-1
24.1016900539	-1
24.1016900539	-1
24.1016900539	-1
24.1016900539	-1
24.1016900539	-1
24.1016900539	-1
24.1016900539	-1
24.101993084	-1
24.1245410442	-1
24.1245410442	-1
24.1245410442	-1
24.1245410442	-1
24.1314051151	-1
24.1349000931	-1
24.1349000931	-1
24.1349000931	-1
24.138433218	-1
24.138433218	-1
24.138433218	-1
24.138433218	-1
24.138433218	-1
24.138433218	-1
24.138433218	-1
24.138433218	-1
24.138433218	-1
24.1387932301	-1
24.1387932301	-1
24.1387932301	-1
24.1387932301	-1
24.1387932301	-1
24.141903162	-1
24.141903162	-1
24.1420152187	-1
24.1420152187	-1
24.1420152187	-1
24.1420152187	-1
24.1420152187	-1
24.1420152187	-1
24.1420152187	-1
24.1441221237	1
24.1441221237	1
24.1441221237	1
24.1486401558	-1
24.1487681866	-1
24.1487681866	-1
24.1487681866	-1
24.1487681866	-1
24.1487681866	-1
24.1487681866	-1
24.1487681866	-1
24.1594521999	1
24.1644711494	-1
24.1644711494	-1
24.1644711494	-1
24.1644711494	-1
24.1644711494	-1
24.1644711494	-1
24.1644711494	-1
24.1644711494	-1
24.1644711494	-1
24.1648230553	-1
24.1648230553	-1
24.1648230553	-1
24.1648230553	-1
24.1648230553	-1
24.1648230553	-1
24.1648230553	-1
24.1648230553	-1
24.1823570728	1
24.1823570728	1
24.1823570728	1
24.1957581043	1
24.1957581043	1
24.2170300484	1
24.2170300484	1
24.2170300484	1
24.2190279961	-1
24.2190279961	-1
24.2190279961	-1
24.229432106	-1
24.229432106	-1
24.2319271564	-1
24.2319271564	-1
24.2511720657	1
24.2511720657	1
24.2511720657	1
24.2704231739	1
24.2704231739	1
24.3040361404	-1
24.3040771484	1
24.3040771484	1
24.3065841198	1
24.3065841198	1
24.3065841198	1
24.3067090511	1
24.3067090511	1
24.3082811832	1
24.3082811832	1
24.3082811832	1
24.3436591625	-1
24.3436591625	-1
24.3436591625	-1
24.3436591625	-1
24.3436591625	-1
24.3436591625	-1
24.3436591625	-1
24.3471190929	-1
24.3472661972	-1
24.3472661972	-1
24.3472661972	-1
24.3472661972	-1
24.3472661972	-1
24.3472661972	-1
24.3472661972	-1
24.3672101498	-1
24.3672101498	-1
24.3672101498	-1
24.3765871525	1
24.479186058	-1
24.4792180061	1
24.4889390469	-1
24.4889390469	-1
24.4889390469	-1
24.4917612076	-1
24.4917612076	-1
24.4917612076	-1
24.4917612076	-1
24.4917612076	-1
24.4917612076	-1
24.4917612076	-1
24.5019991398	-1
24.5020520687	-1
24.5020520687	-1
24.5020520687	-1
24.5020520687	-1
24.5020520687	-1
24.5020520687	-1
24.5020520687	-1
24.5053582191	-1
24.5054671764	-1
24.5054671764	-1
24.5054671764	-1
24.5054671764	-1
24.5054671764	-1
24.5054671764	-1
24.5054671764	-1
24.5253660679	-1
24.5254142284	-1
24.5254142284	-1
24.5254142284	-1
24.5255951881	-1
24.5255951881	-1
24.5255951881	-1
24.5255951881	-1
24.5255951881	-1
24.5255951881	-1
24.5255951881	-1
24.525840044	-1
24.5491631031	-1
24.5491631031	-1
24.5491631031	-1
24.5491631031	-1
24.5491631031	-1
24.5491631031	-1
24.5491631031	-1
24.5491631031	-1
24.5495131016	-1
24.5495131016	-1
24.5495131016	-1
24.5495131016	-1
24.5495131016	-1
24.5513920784	-1
24.551431179	1
24.551431179	1
24.5528001785	-1
24.5528001785	-1
24.5528001785	-1
24.5528001785	-1
24.5528001785	-1
24.5528001785	-1
24.5528001785	-1
24.5560691357	-1
24.5561900139	-1
24.5561900139	-1
24.5561900139	-1
24.5561900139	-1
24.5677812099	1
24.5677812099	1
24.5677812099	1
24.5939450264	1
24.5939450264	1
24.5939450264	1
24.6030430794	-1
24.6030430794	-1
24.6030430794	-1
24.6030430794	-1
24.6030430794	-1
24.6030430794	-1
24.6030430794	-1
24.6030430794	-1
24.6033930779	-1
24.6033930779	-1
24.6033930779	-1
24.6033930779	-1
24.6035161018	-1
24.6266341209	-1
24.6266341209	-1
24.6266341209	-1
24.6266341209	-1
24.6266341209	-1
24.6266341209	-1
24.6405670643	-1
24.6405670643	-1
24.6655750275	1
24.6655750275	1
24.6655750275	1
24.6763410568	1
24.6763410568	1
24.6765291691	1
24.6765291691	1
24.6765291691	1
24.6765291691	1
24.6765291691	1
24.6770241261	1
24.6959311962	1
24.7353842258	1
24.7353842258	1
24.7353842258	1
24.7370090485	1
24.7370090485	1
24.7370090485	1
24.7375590801	1
24.7375590801	1
24.7418661118	-1
24.7418661118	-1
24.7418661118	-1
24.7418661118	-1
24.7418661118	-1
24.7418661118	-1
24.7691431046	-1
24.7866990566	-1
24.7866990566	-1
24.7866990566	-1
24.7866990566	-1
24.7866990566	-1
24.8444190025	1
24.8446350098	1
24.8446350098	1
24.8446350098	1
24.8446350098	1
24.8446350098	1
24.8446350098	1
24.8446350098	1
24.8446350098	1
24.8860402107	-1
24.8860402107	-1
24.8860402107	-1
24.8861620426	-1
24.8861620426	-1
24.8861620426	-1
24.8861620426	-1
24.8861620426	-1
24.8861620426	-1
24.9789721966	1
24.9789721966	1
24.9789721966	1
25.0574631691	-1
25.1048700809	-1
25.1048700809	-1
25.1048700809	-1
25.1092250347	1
25.1426551342	-1
25.1426551342	-1
25.1426551342	-1
25.1426551342	-1
25.1561751366	-1
25.1701171398	-1
25.1819751263	1
25.1819751263	1
25.1819751263	1
25.1827120781	1
25.1827120781	1
25.2054431438	-1
25.2054431438	-1
25.2054431438	-1
25.2054800987	1
25.2058951855	-1
25.2058951855	-1
25.2058951855	-1
25.2227880955	-1
25.2227880955	-1
25.2343580723	-1
25.2343580723	-1
25.2343580723	-1
25.2345240116	-1
25.2345240116	-1
25.2345240116	-1
25.2345240116	-1
25.2345240116	-1
25.2346770763	-1
25.2346770763	-1
25.2346770763	-1
25.2346770763	-1
25.2742240429	1
25.2742240429	1
25.2742240429	1
25.2775790691	1
25.3164381981	-1
25.3164381981	-1
25.3164381981	-1
25.3164381981	-1
25.3412251472	-1
25.3412251472	-1
25.3412251472	-1
25.3412251472	-1
25.3412251472	-1
25.3412251472	-1
25.3412251472	-1
25.3412251472	-1
25.3412251472	-1
25.3438570499	-1
25.3439090252	-1
25.3439090252	-1
25.3439090252	-1
25.3439090252	-1
25.3439090252	-1
25.3439090252	-1
25.3442080021	-1
25.3442080021	-1
25.3442080021	-1
25.3442080021	-1
25.3442080021	-1
25.3442080021	-1
25.3442080021	-1
25.3442080021	-1
25.3445770741	-1
25.3445770741	-1
25.3445770741	-1
25.3608350754	-1
25.3608350754	-1
25.3608350754	-1
25.3608732224	1
25.3608970642	-1
25.3608970642	-1
25.3608970642	-1
25.3608970642	-1
25.3608970642	-1
25.3608970642	-1
25.3608970642	-1
25.3611621857	-1
25.3611621857	-1
25.3611621857	-1
25.3611621857	-1
25.3611621857	-1
25.4669752121	-1
25.4669752121	-1
25.4669752121	-1
25.4788310528	-1
25.4788310528	-1
25.4788310528	-1
25.4788310528	-1
25.4788310528	-1
25.4788310528	-1
25.4788310528	-1
25.4788310528	-1
25.4788310528	-1
25.479899168	1
25.4855480194	-1
25.4855480194	-1
25.485653162	-1
25.485653162	-1
25.485653162	-1
25.485653162	-1
25.485653162	-1
25.485653162	-1
25.485653162	-1
25.4858980179	-1
25.4858980179	-1
25.4858980179	-1
25.4860231876	-1
25.4860231876	-1
25.4860231876	-1
25.4860231876	-1
25.4860231876	-1
25.4860231876	-1
25.4860231876	-1
25.4905040264	-1
25.4905040264	-1
25.4905040264	-1
25.4906182289	-1
25.4906182289	-1
25.4906182289	-1
25.4906182289	-1
25.4906182289	-1
25.4920310974	-1
25.4920310974	-1
25.4920310974	-1
25.4920310974	-1
25.4920310974	-1
25.4920310974	-1
25.4922671318	-1
25.4923892021	-1
25.4923892021	-1
25.4923892021	-1
25.4923892021	-1
25.4923892021	-1
25.4925122261	-1
25.4926350117	-1
25.4926350117	-1
25.4955120087	-1
25.4955120087	-1
25.4955120087	-1
25.4956250191	-1
25.4956250191	-1
25.4976630211	1
25.4976630211	1
25.4976630211	1
25.5396540165	-1
25.5396540165	-1
25.5413482189	1
25.5413482189	1
25.6301300526	-1
25.6304991245	-1
25.6304991245	-1
25.6304991245	-1
25.6304991245	-1
25.6304991245	-1
25.6304991245	-1
25.6304991245	-1
25.6304991245	-1
25.6915531158	1
25.7027652264	-1
25.7027652264	-1
25.7048821449	1
25.7048821449	1
25.7048821449	1
25.7048821449	1
25.7048821449	1
25.7773900032	-1
25.7773900032	-1
25.8528761864	-1
25.8528761864	-1
25.8528761864	-1
25.8529200554	1
25.8529200554	1
25.8593671322	-1
25.8593671322	-1
25.8661050797	-1
25.8661050797	-1
25.8661050797	-1
25.8661050797	-1
25.8661050797	-1
25.8661050797	-1
25.8661050797	-1
25.8694820404	-1
25.8695321083	-1
25.8695321083	-1
25.8695321083	-1
25.8695321083	-1
25.8695321083	-1
25.8695321083	-1
25.873344183	-1
25.873344183	-1
25.873344183	-1
25.873344183	-1
25.873344183	-1
25.873344183	-1
25.873344183	-1
25.873344183	-1
25.876199007	-1
25.876199007	-1
25.876199007	-1
25.876199007	-1
25.876199007	-1
25.876199007	-1
25.876199007	-1
25.876199007	-1
25.8806831837	-1
25.8806831837	-1
25.8806831837	-1
25.8806831837	-1
25.8806831837	-1
25.8806831837	-1
25.8806831837	-1
25.8806831837	-1
25.8810341358	-1
25.8810341358	-1
25.8810341358	-1
25.8810341358	-1
25.8810341358	-1
25.8810341358	-1
25.8810341358	-1
25.8832550049	-1
25.8832550049	-1
25.8832550049	-1
25.8832550049	-1
25.8832550049	-1
25.8832550049	-1
25.8832550049	-1
25.8832550049	-1
25.8863680363	-1
25.88641119	-1
25.88641119	-1
25.88641119	-1
25.88641119	-1
25.88641119	-1
25.88641119	-1
25.88641119	-1
25.9490630627	-1
25.9490630627	-1
25.9490630627	-1
25.9490630627	-1
25.9490630627	-1
25.9490630627	-1
25.9490981102	1
25.9490981102	1
25.9649951458	-1
25.9649951458	-1
25.9649951458	-1
25.9649951458	-1
25.9649951458	-1
25.9649951458	-1
25.9649951458	-1
25.9649951458	-1
25.9686920643	-1
25.9686920643	-1
25.9686920643	-1
25.9686920643	-1
25.9686920643	-1
25.9686920643	-1
25.9733099937	-1
25.9733099937	-1
25.9733099937	-1
25.9743611813	-1
25.9743611813	-1
25.9747481346	-1
25.9747481346	-1
25.9747481346	-1
25.9750931263	-1
25.9750931263	-1
25.9750931263	-1
25.9750931263	-1
25.9753181934	-1
25.9755630493	-1
25.9755630493	-1
25.9755630493	-1
25.9755630493	-1
25.9755630493	-1
25.9755630493	-1
25.975810051	-1
25.975810051	-1
25.9758491516	-1
25.9758491516	-1
25.9758491516	-1
25.9841639996	-1
25.9841639996	-1
25.9842190742	-1
25.9842190742	-1
25.9842190742	-1
25.9842190742	-1
25.9842190742	-1
25.9910471439	-1
25.9911022186	-1
25.9911022186	-1
25.9911022186	-1
25.9911022186	-1
25.9911022186	-1
25.9911022186	-1
25.9911022186	-1
25.9922180176	1
25.9922180176	1
25.9922180176	1
25.9939920902	-1
26.0000510216	1
26.0000510216	1
26.0000510216	1
26.0000510216	1
26.0007920265	-1
26.0007920265	-1
26.0021541119	1
26.004212141	-1
26.004212141	-1
26.004212141	-1
26.0043160915	-1
26.0043160915	-1
26.0043160915	-1
26.0043160915	-1
26.0043160915	-1
26.0043160915	-1
26.0043160915	-1
26.0614511967	-1
26.0614511967	-1
26.0614511967	-1
26.0614511967	-1
26.0614511967	-1
26.0614511967	-1
26.0614511967	-1
26.0648272038	-1
26.0649330616	-1
26.0649330616	-1
26.0649330616	-1
26.0649330616	-1
26.0649330616	-1
26.0649330616	-1
26.0649330616	-1
26.0649330616	-1
26.0649330616	-1
26.0653011799	-1
26.0653011799	-1
26.0653011799	-1
26.0653011799	-1
26.0653011799	-1
26.0653011799	-1
26.0682830811	-1
26.0682830811	-1
26.0682830811	-1
26.0682830811	-1
26.0683932304	-1
26.0684320927	-1
26.0684320927	-1
26.0684320927	-1
26.0684320927	-1
26.0684320927	-1
26.0684320927	-1
26.0684320927	-1
26.0687630177	-1
26.0715332031	-1
26.0715332031	-1
26.0716500282	-1
26.0716500282	-1
26.0716500282	-1
26.0716500282	-1
26.0716500282	-1
26.0716500282	-1
26.0729520321	1
26.0729520321	1
26.0729520321	1
26.0751521587	-1
26.0751521587	-1
26.0751521587	-1
26.0796341896	-1
26.0796341896	-1
26.0796341896	-1
26.0796341896	-1
26.0796341896	-1
26.0816721916	-1
26.0816721916	-1
26.0816721916	-1
26.0816721916	-1
26.0816721916	-1
26.0816721916	-1
26.0816721916	-1
26.1030540466	1
26.1220340729	-1
26.1220340729	-1
26.1220340729	-1
26.1220340729	-1
26.1220340729	-1
26.1220340729	-1
26.1220340729	-1
26.1220340729	-1
26.1221802235	-1
26.1223750114	-1
26.1223750114	-1
26.1223750114	-1
26.1223750114	-1
26.1223750114	-1
26.1223750114	-1
26.1223750114	-1
26.1235570908	1
26.1235570908	1
26.1235570908	1
26.1340630054	-1
26.1374461651	-1
26.1374461651	-1
26.1374461651	-1
26.1374461651	-1
26.1374461651	-1
26.1374461651	-1
26.1374461651	-1
26.1374461651	-1
26.1377801895	-1
26.1377801895	-1
26.1377801895	-1
26.1377801895	-1
26.1377801895	-1
26.1377801895	-1
26.1377801895	-1
26.1377801895	-1
26.1381640434	-1
26.1381640434	-1
26.1381640434	-1
26.1381640434	-1
26.1381640434	-1
26.1381640434	-1
26.1381640434	-1
26.1381640434	-1
26.1384119987	-1
26.1384119987	-1
26.1384119987	-1
26.1384119987	-1
26.1384119987	-1
26.1964261532	-1
26.1964261532	-1
26.1964261532	-1
26.1964261532	-1
26.1964261532	-1
26.1964261532	-1
26.1964261532	-1
26.1964261532	-1
26.1964261532	-1
26.199639082	-1
26.199639082	-1
26.199639082	-1
26.199639082	-1
26.199639082	-1
26.199639082	-1
26.199639082	-1
26.1998670101	-1
26.1999890804	-1
26.1999890804	-1
26.1999890804	-1
26.1999890804	-1
26.1999890804	-1
26.1999890804	-1
26.1999890804	-1
26.2033162117	-1
26.2034301758	-1
26.2034301758	-1
26.2034301758	-1
26.2034301758	-1
26.2034301758	-1
26.2034301758	-1
26.2034301758	-1
26.2065591812	-1
26.2066071033	-1
26.2066071033	-1
26.2066071033	-1
26.2066071033	-1
26.2066071033	-1
26.2066071033	-1
26.2066071033	-1
26.207832098	1
26.207832098	1
26.207832098	1
26.2113721371	-1
26.2117450237	-1
26.2117450237	-1
26.2117450237	-1
26.2117450237	-1
26.2117450237	-1
26.2117450237	-1
26.2117450237	-1
26.2117450237	-1
26.2119891644	-1
26.2119891644	-1
26.2119891644	-1
26.2119891644	-1
26.2119891644	-1
26.2119891644	-1
26.2336192131	-1
26.2336192131	-1
26.2336192131	-1
26.2336192131	-1
26.2336192131	-1
26.2336192131	-1
26.2336192131	-1
26.2336192131	-1
26.2336192131	-1
26.237101078	-1
26.237101078	-1
26.2372150421	-1
26.2372150421	-1
26.2372150421	-1
26.2372150421	-1
26.2372150421	-1
26.2372150421	-1
26.2372150421	-1
26.2476990223	1
26.2689042091	-1
26.2689042091	-1
26.2689042091	-1
26.2689042091	-1
26.2689042091	-1
26.2689042091	-1
26.2689042091	-1
26.2719352245	-1
26.2719352245	-1
26.2719352245	-1
26.2719352245	-1
26.2719352245	-1
26.2719352245	-1
26.2719352245	-1
26.2719352245	-1
26.2722949982	-1
26.2722949982	-1
26.2722949982	-1
26.2722949982	-1
26.2722949982	-1
26.2722949982	-1
26.2722949982	-1
26.2722949982	-1
26.2726631165	-1
26.2726631165	-1
26.2726631165	-1
26.2726631165	-1
26.2726631165	-1
26.2726631165	-1
26.2726631165	-1
26.2726631165	-1
26.2730321884	-1
26.2730321884	-1
26.2730321884	-1
26.2730321884	-1
26.2730321884	-1
26.2730321884	-1
26.2730321884	-1
26.2730321884	-1
26.2840931416	-1
26.2840931416	-1
26.2840931416	-1
26.2840931416	-1
26.2840931416	-1
26.2840931416	-1
26.2840931416	-1
26.284320116	-1
26.284320116	-1
26.284320116	-1
26.284320116	-1
26.284320116	-1
26.284320116	-1
26.284320116	-1
26.284320116	-1
26.2847092152	-1
26.2847092152	-1
26.2847092152	-1
26.2847092152	-1
26.2847092152	-1
26.2847092152	-1
26.2847092152	-1
26.2847092152	-1
26.2850780487	-1
26.2871551514	1
26.2871551514	1
26.2871551514	1
26.3141450882	-1
26.3141450882	-1
26.3141450882	-1
26.3159890175	1
26.3159890175	1
26.3200161457	1
26.3222150803	-1
26.3222150803	-1
26.3222150803	-1
26.3222150803	-1
26.3222150803	-1
26.3222150803	-1
26.3222150803	-1
26.3222150803	-1
26.3223800659	-1
26.3223800659	-1
26.3223800659	-1
26.3223800659	-1
26.3223800659	-1
26.3452579975	-1
26.3452579975	-1
26.3452579975	-1
26.3452579975	-1
26.3452579975	-1
26.3452579975	-1
26.3452579975	-1
26.3452579975	-1
26.3455941677	-1
26.3455941677	-1
26.3455941677	-1
26.3457150459	-1
26.3457150459	-1
26.3457150459	-1
26.3457150459	-1
26.3457150459	-1
26.3457150459	-1
26.3457150459	-1
26.3457150459	-1
26.3460850716	-1
26.3460850716	-1
26.3460850716	-1
26.3460850716	-1
26.3460850716	-1
26.3460850716	-1
26.3460850716	-1
26.3460850716	-1
26.3464531898	-1
26.3464531898	-1
26.3464531898	-1
26.3464531898	-1
26.3464531898	-1
26.3464531898	-1
26.3464531898	-1
26.3464531898	-1
26.3468220234	-1
26.3468220234	-1
26.3468220234	-1
26.3468220234	-1
26.3468220234	-1
26.3468220234	-1
26.3468220234	-1
26.3468220234	-1
26.3574640751	-1
26.3574640751	-1
26.3574640751	-1
26.3574640751	-1
26.3574640751	-1
26.3574640751	-1
26.3574640751	-1
26.3678710461	-1
26.3678710461	-1
26.3678710461	-1
26.3678710461	-1
26.3678710461	-1
26.3678710461	-1
26.3913960457	1
26.3913960457	1
26.3913960457	1
26.3915331364	1
26.3915331364	1
26.3915331364	1
26.3946561813	-1
26.3946561813	-1
26.3946561813	-1
26.3946561813	-1
26.3946561813	-1
26.3946561813	-1
26.3946561813	-1
26.3946561813	-1
26.3946561813	-1
26.3950080872	-1
26.3950080872	-1
26.3950080872	-1
26.3950080872	-1
26.3950080872	-1
26.3950080872	-1
26.3950080872	-1
26.3950080872	-1
26.3953771591	-1
26.3953771591	-1
26.3953771591	-1
26.3953771591	-1
26.3953771591	-1
26.3953771591	-1
26.3953771591	-1
26.3953771591	-1
26.395745039	-1
26.395745039	-1
26.395745039	-1
26.395745039	-1
26.395745039	-1
26.395745039	-1
26.395745039	-1
26.395745039	-1
26.418610096	-1
26.418610096	-1
26.418610096	-1
26.418610096	-1
26.4187841415	-1
26.4187841415	-1
26.4187841415	-1
26.4187841415	-1
26.4187841415	-1
26.4187841415	-1
26.4187841415	-1
26.4187841415	-1
26.4191532135	-1
26.4191532135	-1
26.4191532135	-1
26.4191532135	-1
26.4191532135	-1
26.4191532135	-1
26.4191532135	-1
26.4191532135	-1
26.4195101261	-1
26.4195101261	-1
26.4195101261	-1
26.4195101261	-1
26.4195101261	-1
26.4195101261	-1
26.431948185	-1
26.431948185	-1
26.4321160316	-1
26.4321160316	-1
26.4321160316	-1
26.4321160316	-1
26.4321160316	-1
26.4321160316	-1
26.4345371723	1
26.4345371723	1
26.4345371723	1
26.434705019	1
26.434705019	1
26.434705019	1
26.434705019	1
26.434705019	1
26.4413070679	-1
26.4413070679	-1
26.4413070679	-1
26.4413070679	-1
26.4413070679	-1
26.4413070679	-1
26.4413070679	-1
26.4413070679	-1
26.4413070679	-1
26.44165802	-1
26.44165802	-1
26.44165802	-1
26.44165802	-1
26.44165802	-1
26.44165802	-1
26.44165802	-1
26.44165802	-1
26.4420330524	-1
26.4420330524	-1
26.4646232128	1
26.4680321217	-1
26.4680321217	-1
26.4680321217	-1
26.4680321217	-1
26.4680321217	-1
26.4680321217	-1
26.4680321217	-1
26.4680321217	-1
26.4680321217	-1
26.4683821201	-1
26.4683821201	-1
26.4683821201	-1
26.4683821201	-1
26.4683821201	-1
26.4683821201	-1
26.4683821201	-1
26.4683821201	-1
26.4687521458	-1
26.4687521458	-1
26.4687521458	-1
26.4687521458	-1
26.4687521458	-1
26.4687521458	-1
26.4687521458	-1
26.4687521458	-1
26.4691200256	-1
26.4691200256	-1
26.4691200256	-1
26.4691200256	-1
26.4691200256	-1
26.4691200256	-1
26.4691200256	-1
26.4691200256	-1
26.4970390797	-1
26.4970390797	-1
26.4970390797	-1
26.4970390797	-1
26.4970390797	-1
26.4970390797	-1
26.4974830151	-1
26.4974830151	-1
26.4974830151	-1
26.4974830151	-1
26.4974830151	-1
26.4974830151	-1
26.4974830151	-1
26.4974830151	-1
26.4978511333	-1
26.4978511333	-1
26.4978511333	-1
26.4978511333	-1
26.4978511333	-1
26.4978511333	-1
26.4978511333	-1
26.4978511333	-1
26.498098135	-1
26.498098135	-1
26.498098135	-1
26.498098135	-1
26.498098135	-1
26.498098135	-1
26.498098135	-1
26.498098135	-1
26.4983742237	-1
26.4983742237	-1
26.4983742237	-1
26.4983742237	-1
26.4983742237	-1
26.4983742237	-1
26.4983742237	-1
26.4983742237	-1
26.5144162178	-1
26.5144162178	-1
26.5144162178	-1
26.5144162178	-1
26.5144162178	-1
26.5144162178	-1
26.5144162178	-1
26.5147662163	-1
26.5147662163	-1
26.5147662163	-1
26.5147662163	-1
26.5147662163	-1
26.5369451046	1
26.5369451046	1
26.5422081947	-1
26.5422081947	-1
26.5422081947	-1
26.5422081947	-1
26.5422081947	-1
26.5422081947	-1
26.5422081947	-1
26.5422081947	-1
26.542361021	-1
26.542361021	-1
26.542361021	-1
26.542361021	-1
26.542361021	-1
26.542361021	-1
26.542361021	-1
26.542361021	-1
26.5428011417	-1
26.5428011417	-1
26.5428011417	-1
26.5428011417	-1
26.5428011417	-1
26.5428011417	-1
26.5428011417	-1
26.5428011417	-1
26.543118	-1
26.543118	-1
26.543118	-1
26.543118	-1
26.543118	-1
26.543118	-1
26.547118187	1
26.547118187	1
26.547118187	1
26.547118187	1
26.547118187	1
26.547118187	1
26.547118187	1
26.5703701973	-1
26.5703701973	-1
26.5703701973	-1
26.5703701973	-1
26.5703701973	-1
26.5703701973	-1
26.5703701973	-1
26.5703701973	-1
26.5707139969	-1
26.5707139969	-1
26.5707139969	-1
26.570838213	-1
26.570838213	-1
26.570838213	-1
26.570838213	-1
26.570838213	-1
26.570838213	-1
26.570838213	-1
26.570838213	-1
26.5712070465	-1
26.5712070465	-1
26.5712070465	-1
26.5712070465	-1
26.5712070465	-1
26.5712070465	-1
26.5712070465	-1
26.5712070465	-1
26.5715970993	-1
26.5715970993	-1
26.5715970993	-1
26.5715970993	-1
26.5715970993	-1
26.5715970993	-1
26.5715970993	-1
26.5715970993	-1
26.5719640255	-1
26.5719640255	-1
26.5719640255	-1
26.5719640255	-1
26.5719640255	-1
26.5719640255	-1
26.5719640255	-1
26.5719640255	-1
26.5746541023	1
26.57736516	1
26.57736516	1
26.57736516	1
26.57736516	1
26.57736516	1
26.57736516	1
26.57736516	1
26.57736516	1
26.57736516	1
26.57736516	1
26.5780951977	1
26.6159501076	-1
26.6159501076	-1
26.6159501076	-1
26.6159501076	-1
26.6159501076	-1
26.6159501076	-1
26.6159501076	-1
26.6159501076	-1
26.6159501076	-1
26.6159501076	-1
26.616300106	-1
26.616300106	-1
26.616300106	-1
26.6164181232	-1
26.6164181232	-1
26.6164181232	-1
26.6164181232	-1
26.6164181232	-1
26.6164181232	-1
26.6164181232	-1
26.6195502281	1
26.6195502281	1
26.6195502281	1
26.6195502281	1
26.6205561161	-1
26.6205561161	-1
26.627530098	1
26.627530098	1
26.6475901604	-1
26.6475901604	-1
26.6475901604	-1
26.6476941109	-1
26.6476941109	-1
26.6476941109	-1
26.6476941109	-1
26.6476941109	-1
26.6476941109	-1
26.6482880116	1
26.6482880116	1
26.6482880116	1
26.6482880116	1
26.6482880116	1
26.6482880116	1
26.6482880116	1
26.6510131359	1
26.6510472298	1
26.6510472298	1
26.6510472298	1
26.6544191837	-1
26.6544191837	-1
26.6545341015	-1
26.6545341015	-1
26.6545341015	-1
26.6545341015	-1
26.6545341015	-1
26.6545341015	-1
26.6547272205	-1
26.6547272205	-1
26.6547272205	-1
26.6547272205	-1
26.6547272205	-1
26.6547272205	-1
26.6577391624	-1
26.6815640926	-1
26.6816051006	1
26.6982040405	-1
26.6982040405	-1
26.6982040405	-1
26.6982040405	-1
26.6982040405	-1
26.6982040405	-1
26.7538530827	1
26.8122601509	-1
26.8122601509	-1
26.8122601509	-1
26.8122601509	-1
26.8122601509	-1
26.815964222	-1
26.8191981316	-1
26.8191981316	-1
26.8203492165	1
26.8203492165	1
26.8203492165	1
26.8261501789	-1
26.840416193	-1
26.840416193	-1
26.840416193	-1
26.840416193	-1
26.840416193	-1
26.840416193	-1
26.840416193	-1
26.840416193	-1
26.8557970524	-1
26.8557970524	-1
26.8557970524	-1
26.8557970524	-1
26.8557970524	-1
26.8798370361	-1
26.8837502003	-1
26.8837502003	-1
26.8837502003	-1
26.8932101727	-1
26.8932101727	-1
26.8932101727	-1
26.8932101727	-1
26.8932101727	-1
26.8932101727	-1
26.8932101727	-1
26.8961911201	1
26.8961911201	1
26.8961911201	1
26.8980531693	-1
26.8980531693	-1
26.9012961388	1
26.9012961388	1
26.9012961388	1
26.9017620087	1
26.9017620087	1
26.9017620087	1
26.9023001194	1
26.9023001194	1
26.9092440605	-1
26.9092440605	-1
26.9092440605	-1
26.9092440605	-1
26.9092440605	-1
26.9092440605	-1
26.9092440605	-1
26.9092440605	-1
26.9152991772	-1
26.9152991772	-1
26.9152991772	-1
26.9152991772	-1
26.9272460938	-1
26.9272460938	-1
26.9272460938	-1
26.9272460938	-1
26.9272460938	-1
26.9272460938	-1
26.9272460938	-1
26.9272460938	-1
26.9301841259	-1
26.9301841259	-1
26.9301841259	-1
26.934677124	-1
26.934677124	-1
26.934677124	-1
26.934677124	-1
26.934677124	-1
26.934677124	-1
26.934677124	-1
26.934677124	-1
26.935967207	-1
26.935967207	-1
26.935967207	-1
26.935967207	-1
26.935967207	-1
26.9531199932	1
26.9531199932	1
26.9531199932	1
26.959785223	-1
26.959785223	-1
26.9671411514	1
26.9671411514	1
26.9706120491	-1
27.0182201862	-1
27.0182201862	-1
27.0182201862	-1
27.0183331966	-1
27.0183331966	-1
27.0183331966	-1
27.0354130268	-1
27.0354130268	-1
27.0354130268	-1
27.0429081917	1
27.0429081917	1
27.0652341843	-1
27.0652341843	-1
27.0652341843	-1
27.0652341843	-1
27.0719702244	-1
27.0719702244	-1
27.072176218	-1
27.072176218	-1
27.072176218	-1
27.072176218	-1
27.072176218	-1
27.072176218	-1
27.0780501366	-1
27.0780501366	-1
27.0780501366	-1
27.0795922279	-1
27.0796370506	1
27.0796370506	1
27.0796370506	1
27.095662117	-1
27.095662117	-1
27.095662117	-1
27.1152470112	-1
27.1195061207	-1
27.1195061207	-1
27.1195061207	-1
27.1195061207	-1
27.1195061207	-1
27.1195061207	-1
27.1195061207	-1
27.1312420368	-1
27.1313540936	-1
27.1313540936	-1
27.1313540936	-1
27.1313540936	-1
27.1313540936	-1
27.1313540936	-1
27.1313540936	-1
27.1363611221	-1
27.1363611221	-1
27.1363611221	-1
27.1363611221	-1
27.1365971565	-1
27.1365971565	-1
27.1365971565	-1
27.1365971565	-1
27.1365971565	-1
27.1365971565	-1
27.1365971565	-1
27.1365971565	-1
27.1403400898	-1
27.1404511929	-1
27.1404511929	-1
27.1404511929	-1
27.1404511929	-1
27.1404511929	-1
27.1404511929	-1
27.1418581009	1
27.1418581009	1
27.1418581009	1
27.1493270397	1
27.1493270397	1
27.1527981758	1
27.1527981758	1
27.1527981758	1
27.1579031944	-1
27.1579031944	-1
27.1579031944	-1
27.1579031944	-1
27.1579031944	-1
27.1579031944	-1
27.1579031944	-1
27.1610062122	-1
27.1610062122	-1
27.1610062122	-1
27.1610062122	-1
27.1616001129	-1
27.1616001129	-1
27.1616001129	-1
27.1616001129	-1
27.1616001129	-1
27.1616001129	-1
27.1616001129	-1
27.1637911797	-1
27.1637911797	-1
27.1637911797	-1
27.1637911797	-1
27.170882225	1
27.170882225	1
27.1720271111	-1
27.1730520725	-1
27.1730520725	-1
27.1730520725	-1
27.1730520725	-1
27.1730520725	-1
27.1730520725	-1
27.1730520725	-1
27.1738061905	-1
27.1810171604	-1
27.1810171604	-1
27.1810171604	-1
27.1810171604	-1
27.1885092258	-1
27.1885092258	-1
27.1885092258	-1
27.1885092258	-1
27.1885092258	-1
27.1885092258	-1
27.1885092258	-1
27.1885092258	-1
27.1885092258	-1
27.1888000965	-1
27.1888000965	-1
27.1888000965	-1
27.1888000965	-1
27.2035450935	-1
27.210185051	-1
27.210185051	-1
27.210185051	-1
27.210185051	-1
27.210185051	-1
27.210185051	-1
27.210185051	-1
27.210185051	-1
27.2104971409	-1
27.2104971409	-1
27.2104971409	-1
27.2104971409	-1
27.2104971409	-1
27.2354440689	1
27.2354440689	1
27.2354440689	1
27.2419600487	-1
27.2429010868	-1
27.2429010868	-1
27.2429010868	-1
27.2429010868	-1
27.2429010868	-1
27.2439661026	-1
27.2439661026	-1
27.2439661026	-1
27.2741401196	-1
27.2741401196	-1
27.2741401196	-1
27.2741401196	-1
27.2741401196	-1
27.2741401196	-1
27.2741401196	-1
27.2741401196	-1
27.2743761539	-1
27.2743761539	-1
27.2743761539	-1
27.2774782181	-1
27.2774782181	-1
27.2774782181	-1
27.2774782181	-1
27.2875540257	-1
27.2876670361	-1
27.2876670361	-1
27.2876670361	-1
27.2876670361	-1
27.2876670361	-1
27.2876670361	-1
27.2876670361	-1
27.2942290306	-1
27.2942290306	-1
27.2942290306	-1
27.2942290306	-1
27.2942290306	-1
27.2942290306	-1
27.2942290306	-1
27.2942290306	-1
27.294588089	-1
27.294588089	-1
27.306620121	-1
27.306620121	-1
27.306620121	-1
27.306620121	-1
27.3071100712	-1
27.3071100712	-1
27.3071100712	-1
27.3097310066	-1
27.3097310066	-1
27.3097310066	-1
27.3213431835	-1
27.3213431835	-1
27.3213431835	-1
27.3214972019	-1
27.3214972019	-1
27.3214972019	-1
27.3214972019	-1
27.3214972019	-1
27.3214972019	-1
27.3321430683	1
27.3321430683	1
27.3998310566	-1
27.3998310566	-1
27.3998310566	-1
27.3998310566	-1
27.3998310566	-1
27.4694211483	-1
27.4694211483	-1
27.4694211483	-1
27.4694211483	-1
27.4694211483	-1
27.5491001606	-1
27.5491001606	-1
27.5502121449	-1
27.5502121449	-1
27.5502121449	-1
27.5504331589	-1
27.5504331589	-1
27.5504331589	-1
27.5504331589	-1
27.5504331589	-1
27.5504331589	-1
27.5504331589	-1
27.5536670685	-1
27.5537722111	-1
27.5537722111	-1
27.5537722111	-1
27.5537722111	-1
27.5537722111	-1
27.5537722111	-1
27.5537722111	-1
27.5540230274	-1
27.5603032112	-1
27.5603032112	-1
27.5603032112	-1
27.5603032112	-1
27.5603032112	-1
27.5703780651	-1
27.5712611675	1
27.6007061005	-1
27.6007061005	-1
27.6008210182	-1
27.6008210182	-1
27.6008210182	-1
27.6008210182	-1
27.6008210182	-1
27.6080091	-1
27.6080091	-1
27.6080091	-1
27.6080091	-1
27.6080091	-1
27.6080091	-1
27.6080091	-1
27.6080091	-1
27.6111330986	-1
27.6141810417	-1
27.6141810417	-1
27.6141810417	-1
27.6141810417	-1
27.6141810417	-1
27.6141810417	-1
27.6141810417	-1
27.6176800728	-1
27.6178030968	-1
27.6178030968	-1
27.6178030968	-1
27.6178030968	-1
27.6178030968	-1
27.6178030968	-1
27.6178030968	-1
27.6180491447	-1
27.6180491447	-1
27.6180491447	-1
27.6215920448	-1
27.6215920448	-1
27.6215920448	-1
27.6217141151	-1
27.6217141151	-1
27.6217141151	-1
27.6224110126	-1
27.6240291595	1
27.6240291595	1
27.6240291595	1
27.6248700619	-1
27.6248700619	-1
27.6248700619	-1
27.6248700619	-1
27.6248700619	-1
27.6248700619	-1
27.6248700619	-1
27.6382641792	-1
27.6383841038	-1
27.6383841038	-1
27.6383841038	-1
27.6383841038	-1
27.6383841038	-1
27.6383841038	-1
27.6383841038	-1
27.6386301517	-1
27.6386301517	-1
27.6386301517	-1
27.6387732029	-1
27.6443231106	-1
27.6443231106	-1
27.6443231106	-1
27.6443331242	1
27.64686203	-1
27.64686203	-1
27.64686203	-1
27.64686203	-1
27.64686203	-1
27.64686203	-1
27.64686203	-1
27.6471481323	-1
27.6733150482	-1
27.6733150482	-1
27.6733150482	-1
27.6733150482	-1
27.6733150482	-1
27.6733150482	-1
27.6733150482	-1
27.6733150482	-1
27.6733150482	-1
27.6736731529	-1
27.6736731529	-1
27.6736731529	-1
27.6736731529	-1
27.6833591461	-1
27.6834840775	-1
27.6834840775	-1
27.6834840775	-1
27.6834840775	-1
27.6834840775	-1
27.6834840775	-1
27.6834840775	-1
27.6834840775	-1
27.6838521957	-1
27.6838521957	-1
27.6838521957	-1
27.6838521957	-1
27.6838521957	-1
27.6838521957	-1
27.6838521957	-1
27.6838521957	-1
27.6915290356	-1
27.6915290356	-1
27.6915290356	-1
27.6915290356	-1
27.6915290356	-1
27.6915290356	-1
27.7422740459	-1
27.7422740459	-1
27.7422740459	-1
27.7929580212	-1
27.7929580212	-1
27.7929580212	-1
27.7929580212	-1
27.7929580212	-1
27.7929580212	-1
27.7929580212	-1
27.7960710526	-1
27.8001670837	-1
27.8001670837	-1
27.8001670837	-1
27.8001670837	-1
27.8069951534	1
27.8094441891	-1
27.8094441891	-1
27.8094441891	-1
27.8094441891	-1
27.8094441891	-1
27.8163452148	-1
27.9209911823	-1
27.9209911823	-1
27.9209911823	-1
27.9209911823	-1
27.9273822308	-1
27.9273822308	-1
27.927491188	-1
27.927491188	-1
27.927491188	-1
27.927491188	-1
27.927491188	-1
27.9311711788	-1
27.9311711788	-1
27.9311711788	-1
27.932251215	1
27.9448311329	-1
27.9448311329	-1
27.9448311329	-1
27.9477581978	-1
27.9477581978	-1
27.9479651451	-1
27.9479651451	-1
27.9479651451	-1
27.9479651451	-1
27.9479651451	-1
27.9479651451	-1
27.958160162	-1
27.958160162	-1
27.958160162	-1
27.958160162	-1
27.9582760334	-1
27.9582760334	-1
27.9582760334	-1
27.9582760334	-1
27.9582760334	-1
27.9582760334	-1
27.9582760334	-1
27.9645500183	-1
27.9645500183	-1
27.9645500183	-1
27.9645500183	-1
27.9645500183	-1
27.9645500183	-1
27.9645500183	-1
27.9645500183	-1
27.9680302143	-1
27.9680302143	-1
27.9680302143	-1
27.9680302143	-1
27.9680302143	-1
27.9680302143	-1
27.9682600498	-1
27.9914391041	-1
27.9914391041	-1
27.9914391041	-1
27.9914391041	-1
27.9914391041	-1
27.9914391041	-1
28.0184900761	-1
28.0184900761	-1
28.0184900761	-1
28.0185210705	1
28.0187191963	-1
28.0187191963	-1
28.0188410282	-1
28.0188410282	-1
28.0190460682	-1
28.0190460682	-1
28.0190460682	-1
28.0223600864	-1
28.0223600864	-1
28.0223600864	-1
28.0223600864	-1
28.0224671364	-1
28.0224671364	-1
28.0284221172	-1
28.0284221172	-1
28.0285320282	-1
28.0285320282	-1
28.0285320282	-1
28.0285320282	-1
28.0285320282	-1
28.0523300171	-1
28.0523300171	-1
28.0523300171	-1
28.0523300171	-1
28.0523300171	-1
28.0523300171	-1
28.0764870644	-1
28.0764870644	-1
28.0764870644	-1
28.0877361298	-1
28.0877361298	-1
28.0877361298	-1
28.0877361298	-1
28.0877361298	-1
28.0877361298	-1
28.0877361298	-1
28.0968019962	-1
28.0973510742	-1
28.0973510742	-1
28.0973510742	-1
28.1040291786	-1
28.1040291786	-1
28.1041970253	-1
28.1041970253	-1
28.1041970253	-1
28.1041970253	-1
28.1041970253	-1
28.1041970253	-1
28.1051390171	1
28.1194710732	-1
28.1194710732	-1
28.1362421513	-1
28.1362421513	-1
28.1362421513	-1
28.1362421513	-1
28.1362421513	-1
28.1362421513	-1
28.1362421513	-1
28.1429581642	-1
28.1431670189	-1
28.1431670189	-1
28.1431670189	-1
28.1431670189	-1
28.1431670189	-1
28.1431670189	-1
28.1431670189	-1
28.1434130669	-1
28.1434130669	-1
28.1434130669	-1
28.1434130669	-1
28.1533210278	-1
28.1533210278	-1
28.1533210278	-1
28.1533210278	-1
28.1533210278	-1
28.1533210278	-1
28.1533210278	-1
28.1533210278	-1
28.1733510494	-1
28.1735172272	-1
28.1735172272	-1
28.1735172272	-1
28.1735172272	-1
28.1736590862	-1
28.1914310455	-1
28.1914310455	-1
28.1914310455	-1
28.1914310455	-1
28.1914310455	-1
28.1914310455	-1
28.1914310455	-1
28.1914629936	1
28.1916620731	-1
28.1917459965	-1
28.1917459965	-1
28.1917459965	-1
28.1917459965	-1
28.1917459965	-1
28.2036781311	-1
28.2036781311	-1
28.2036781311	-1
28.2037842274	-1
28.2037842274	-1
28.2037842274	-1
28.2037842274	-1
28.2037842274	-1
28.2037842274	-1
28.2339041233	-1
28.2339041233	-1
28.2339041233	-1
28.2340290546	-1
28.2340290546	-1
28.2340290546	-1
28.2474420071	-1
28.2474420071	-1
28.2475471497	-1
28.2475471497	-1
28.2475471497	-1
28.2475471497	-1
28.2475471497	-1
28.2475800514	-1
28.2974431515	1
28.2974431515	1
28.3168880939	-1
28.3168880939	-1
28.3168880939	-1
28.3229141235	-1
28.3229141235	-1
28.3229141235	-1
28.3229141235	-1
28.3229141235	-1
28.3229141235	-1
28.3229141235	-1
28.3229141235	-1
28.4804069996	-1
28.5525941849	-1
28.6044871807	-1
28.6044871807	-1
28.6044871807	-1
28.7783792019	-1
28.904073	-1
29.0902850628	-1
30.231025219	-1
31.0766720772	-1
31.3629231453	-1
36.3078801632	-1
36.9587011337	1
37.0730922222	1
37.496502161	-1
37.6361989975	1
37.642480135	1
37.642480135	1
37.642480135	1
37.642480135	1
37.642480135	1
37.642480135	1
37.642480135	1
37.642480135	1
37.642480135	1
37.6435050964	1
37.6435050964	1
37.6435050964	1
37.6435050964	1
37.6451420784	1
37.6452720165	1
37.6452720165	1
37.647313118	1
37.647313118	1
37.647313118	1
37.647313118	1
37.6925442219	-1
37.708381176	1
37.708381176	1
37.708381176	1
37.708381176	1
37.708381176	1
37.708381176	1
37.7151482105	1
37.7151482105	1
37.7151482105	1
37.7151482105	1
37.7151482105	1
37.7151482105	1
37.7151482105	1
37.7151482105	1
37.7153580189	1
37.7153580189	1
37.7153580189	1
37.7153580189	1
37.7153580189	1
37.7153580189	1
37.7153580189	1
37.7153580189	1
37.7155950069	1
37.7974510193	-1
37.7990911007	-1
37.7990911007	-1
37.7990911007	-1
37.7990911007	-1
37.7990911007	-1
37.7990911007	-1
37.8712301254	-1
37.8983130455	1
37.9618761539	-1
38.0704131126	-1
38.2475922108	-1
38.339422226	-1
38.339422226	-1
38.339422226	-1
38.3397312164	-1
38.3397312164	-1
38.3397312164	-1
38.3397312164	-1
38.3397312164	-1
38.3397312164	-1
38.3828032017	-1
38.3828032017	-1
38.3828032017	-1
38.3828032017	-1
38.3828032017	-1
38.3828032017	-1
38.3828032017	-1
38.3828032017	-1
38.3927280903	-1
38.3927280903	-1
38.3927280903	-1
38.3927280903	-1
38.3927280903	-1
38.3927280903	-1
38.3927280903	-1
38.3992290497	1
38.4331920147	-1
38.4331920147	-1
38.4331920147	-1
38.4331920147	-1
38.4331920147	-1
38.4331920147	-1
38.4331920147	-1
38.433371067	-1
38.433371067	-1
38.433371067	-1
38.433371067	-1
38.4671070576	-1
38.4671070576	-1
38.4671070576	-1
38.4673941135	-1
38.4673941135	-1
38.4673941135	-1
38.510748148	-1
38.510748148	-1
38.510748148	-1
38.5828912258	-1
38.5839130878	1
38.6297180653	-1
38.6297180653	-1
38.6297180653	-1
38.629953146	-1
38.629953146	-1
38.629953146	-1
38.6562440395	1
38.6658701897	-1
38.6658701897	-1
38.6658701897	-1
38.6658701897	-1
38.6658701897	-1
38.722741127	-1
38.8440170288	-1
38.9163701534	-1
39.0263271332	-1
39.0263271332	-1
39.1774001122	-1
39.1774001122	-1
39.1774001122	-1
39.1781301498	-1
39.1852822304	1
39.2968101501	1
39.4362201691	1
39.5083842278	1
39.6505610943	1
39.7225940228	1
39.776900053	-1
39.7946891785	1
39.9230501652	-1
40.0700302124	-1
40.0713570118	1
40.2669730186	-1
40.3782021999	-1
40.3782021999	-1
40.3796041012	1
40.4510850906	-1
40.4514820576	1
40.4514820576	1
40.4538891315	-1
40.4538891315	-1
40.4538891315	-1
40.5240001678	1
40.6362390518	1
40.6518301964	1
40.6518301964	1
40.6518301964	1
40.8647460938	-1
40.8660621643	1
41.1105921268	-1
41.1128530502	1
41.1852581501	-1
41.1852581501	-1
41.2940621376	-1
41.4611840248	-1
41.4621422291	1
41.5956261158	-1
41.7341470718	-1
41.7581281662	-1
41.7581281662	-1
41.7581281662	-1
41.7581281662	-1
42.0734651089	1
42.0746371746	1
42.0746371746	1
42.0746371746	1
42.4585571289	-1
42.5828871727	-1
42.6032660007	-1
42.6032660007	-1
42.6032660007	-1
42.6032660007	-1
42.6032660007	-1
42.6032660007	-1
42.6032660007	-1
42.6696851254	1
42.6699352264	1
42.6699352264	1
42.6699352264	1
42.6699352264	1
42.6699352264	1
42.6699352264	1
42.6699352264	1
42.673869133	-1
42.673869133	-1
42.673869133	-1
42.7074542046	-1
42.7074542046	-1
42.7074542046	-1
43.1116600037	-1
43.2427880764	-1
43.6700432301	1
43.6709740162	1
43.6709740162	1
43.6709740162	1
43.6711370945	1
43.6711370945	1
43.6711370945	1
43.6716990471	1
43.6716990471	1
43.8997411728	-1
43.9008681774	1
44.0344002247	-1
44.1721470356	-1
44.1733310223	1
44.2442750931	-1
44.4692931175	-1
44.5946450233	-1
44.6708910465	1
44.6710891724	1
44.6710891724	1
44.6710891724	1
44.6710891724	1
44.6719601154	1
44.6719601154	1
44.6719601154	1
45.0386660099	-1
45.0397779942	1
45.2367310524	-1
45.6710071564	1
45.6712200642	1
45.6712200642	1
45.6712200642	1
45.6712200642	1
45.6712200642	1
45.6716852188	1
45.6726050377	1
45.6726050377	1
45.6726050377	1
45.6727371216	1
45.6727371216	1
46.1327381134	-1
46.2983870506	-1
46.4550690651	-1
46.6074311733	1
46.6704502106	1
46.6704502106	1
46.6704502106	1
46.6704502106	1
46.6704502106	1
46.6713411808	1
46.6714890003	1
46.6714890003	1
46.6714890003	1
46.7516231537	1
46.7516231537	1
46.8414142132	-1
46.8541982174	1
46.9138262272	-1
46.9657649994	1
46.9657649994	1
47.0220630169	-1
47.0383570194	1
47.1755290031	-1
47.2949461937	-1
47.2962431908	1
47.3669190407	-1
47.3683311939	1
47.4631550312	-1
47.5879251957	-1
47.589195013	1
47.6602351665	-1
47.6698322296	1
47.6698322296	1
47.6698322296	1
47.7422721386	-1
47.8541471958	-1
47.9552500248	-1
47.9552500248	-1
47.9552500248	-1
47.9552500248	-1
47.9662771225	-1
47.9814012051	1
48.0583760738	1
48.0764410496	-1
48.0800461769	-1
48.0800461769	-1
48.0800461769	-1
48.0801570415	-1
48.0801570415	-1
48.0801570415	-1
48.1523680687	1
48.1523680687	1
48.2046790123	-1
48.2046790123	-1
48.2046790123	-1
48.3592331409	-1
48.5885081291	-1
48.7028210163	-1
48.8515632153	-1
48.8515632153	-1
48.8515632153	-1
48.8541591167	-1
48.8682701588	-1
48.8682701588	-1
48.8682701588	-1
48.8682701588	-1
48.8682701588	-1
48.8682701588	-1
48.8682701588	-1
48.8781101704	-1
48.8782241344	-1
48.8782241344	-1
48.8782241344	-1
48.8782241344	-1
48.8782241344	-1
48.8792891502	1
49.0425431728	-1
49.6656191349	1
50.073636055	-1
52.670055151	1
52.7421350479	1
58.6718790531	1
58.6721551418	1
58.6721551418	1
58.6721551418	1
58.6721551418	1
58.6721551418	1
58.6721551418	1
58.6721551418	1
58.6721551418	1
67.669506073	1
68.6696150303	1
68.6704590321	1
68.6704590321	1
68.6704590321	1
69.0473120213	-1
70.669973135	1
99.6212952137	-1
99.6262841225	1
99.6298801899	1
99.6298801899	1
99.6298801899	1
99.6983411312	1
99.7459871769	-1
99.770332098	1
100.194389105	-1
100.195725203	1
100.318488121	-1
100.319733143	1
100.391921043	-1
100.392983198	1
100.465384007	-1
100.465384007	-1
100.466951132	1
100.567756176	-1
100.567799091	1
100.67954421	1
100.69279623	-1
100.802317142	-1
100.802317142	-1
100.810344219	-1
100.810344219	-1
100.810344219	-1
100.810344219	-1
100.810344219	-1
100.810344219	-1
100.854334116	-1
100.854334116	-1
100.858059168	-1
100.858059168	-1
100.858059168	-1
100.858106136	-1
100.858106136	-1
100.858106136	-1
100.858106136	-1
100.858106136	-1
100.858106136	-1
100.859363079	1
100.938931227	-1
100.938931227	-1
100.938931227	-1
100.940180063	1
100.982197046	-1
100.982197046	-1
100.982197046	-1
100.982197046	-1
100.982197046	-1
101.052427053	1
101.103824139	-1
101.150691032	-1
101.150691032	-1
101.150691032	-1
101.150804043	-1
101.150804043	-1
101.150804043	-1
101.150804043	-1
101.150804043	-1
101.248073101	-1
101.248073101	-1
101.320699215	-1
101.356356144	-1
101.356356144	-1
101.356356144	-1
101.356356144	-1
101.356356144	-1
101.356356144	-1
101.356356144	-1
101.359529018	-1
101.359529018	-1
101.359529018	-1
101.359529018	-1
101.392969131	-1
101.460584164	-1
101.460584164	-1
101.460584164	-1
101.460584164	-1
101.460584164	-1
101.460584164	-1
101.460584164	-1
101.538300037	-1
101.538300037	-1
101.610796213	-1
101.610796213	-1
101.612157106	-1
101.612157106	-1
101.612157106	-1
101.759735107	-1
101.764914036	-1
101.764914036	-1
101.764914036	-1
101.764914036	-1
101.904353142	-1
101.925589085	1
102.113537073	1
102.113789082	1
102.113789082	1
102.113789082	1
102.113789082	1
102.113789082	1
102.113789082	1
102.518145084	-1
