0.0	1
0.249280929565	1
0.281822919846	-1
0.360980033875	1
0.536248922348	-1
0.537891864777	1
0.649746894836	1
0.651295900345	-1
0.679291963577	-1
0.679291963577	-1
0.679291963577	-1
0.679291963577	-1
0.679291963577	-1
0.679291963577	-1
0.679291963577	-1
0.679291963577	-1
0.717273950577	1
0.717273950577	1
0.717273950577	1
0.965933084488	1
1.00082707405	-1
1.00212192535	1
1.00212192535	1
1.00212192535	1
1.11429905891	-1
1.11429905891	-1
1.24421405792	1
1.24421405792	1
1.27097988129	-1
1.27097988129	-1
1.35580706596	-1
1.35580706596	-1
1.35580706596	-1
1.37312102318	1
1.37312102318	1
1.52417898178	1
1.53482508659	-1
1.57170796394	-1
1.57170796394	-1
1.57170796394	-1
1.57170796394	-1
1.57170796394	-1
1.57170796394	-1
1.57170796394	-1
1.57170796394	-1
1.6208999157	-1
1.6208999157	-1
1.6208999157	-1
1.62718605995	-1
1.62718605995	-1
1.62718605995	-1
1.62718605995	-1
1.62718605995	-1
1.62718605995	-1
1.62718605995	-1
1.63122105598	1
1.63122105598	1
1.63122105598	1
1.68706393242	-1
1.68706393242	-1
1.68706393242	-1
1.68706393242	-1
1.68706393242	-1
1.68706393242	-1
1.68706393242	-1
1.68706393242	-1
1.68706393242	-1
1.75553894043	1
1.83680891991	-1
1.83680891991	-1
1.83680891991	-1
1.83680891991	-1
1.83680891991	-1
1.83680891991	-1
1.83680891991	-1
1.83680891991	-1
1.83680891991	-1
1.90417599678	1
1.91478705406	-1
1.91478705406	-1
1.97886896133	-1
1.97886896133	-1
1.97886896133	-1
1.97886896133	-1
1.97886896133	-1
1.97886896133	-1
1.97886896133	-1
1.98717308044	-1
1.98717308044	-1
2.00692796707	-1
2.00692796707	-1
2.00692796707	-1
2.00692796707	-1
2.00692796707	-1
2.00692796707	-1
2.0160639286	-1
2.03130197525	-1
2.03130197525	-1
2.03130197525	-1
2.03133487701	1
2.03133487701	1
2.0592610836	-1
2.0592610836	-1
2.0592610836	-1
2.0592610836	-1
2.0592610836	-1
2.0592610836	-1
2.0592610836	-1
2.0592610836	-1
2.06042790413	-1
2.08278107643	1
2.08278107643	1
2.08278107643	1
2.08476090431	1
2.08476090431	1
2.08787798882	1
2.08787798882	1
2.08787798882	1
2.08787798882	1
2.11509895325	1
2.11509895325	1
2.11880207062	1
2.11880207062	1
2.18014192581	1
2.19525694847	-1
2.27594900131	-1
2.27594900131	-1
2.27594900131	-1
2.29407501221	-1
2.29407501221	-1
2.29411697388	1
2.31836104393	-1
2.31836104393	-1
2.31836104393	-1
2.321215868	1
2.321215868	1
2.321215868	1
2.321215868	1
2.321215868	1
2.321215868	1
2.321215868	1
2.321215868	1
2.321215868	1
2.32806587219	1
2.32806587219	1
2.3340690136	1
2.3340690136	1
2.3340690136	1
2.34371399879	-1
2.34371399879	-1
2.34558486938	1
2.34558486938	1
2.3612010479	-1
2.3612010479	-1
2.3612010479	-1
2.36281991005	1
2.36281991005	1
2.36281991005	1
2.37476801872	1
2.37476801872	1
2.38293004036	-1
2.38293004036	-1
2.38452005386	1
2.38452005386	1
2.38452005386	1
2.44266295433	1
2.47129702568	-1
2.47129702568	-1
2.47129702568	-1
2.50111103058	-1
2.50111103058	-1
2.50111103058	-1
2.50250005722	1
2.50250005722	1
2.50250005722	1
2.52957606316	-1
2.52957606316	-1
2.5515499115	-1
2.5515499115	-1
2.5515499115	-1
2.56054902077	1
2.56054902077	1
2.56285500526	1
2.56285500526	1
2.56285500526	1
2.56354403496	1
2.56354403496	1
2.56792497635	-1
2.56792497635	-1
2.56792497635	-1
2.56792497635	-1
2.56792497635	-1
2.56795406342	1
2.56795406342	1
2.58521604538	-1
2.58609700203	-1
2.58609700203	-1
2.58609700203	-1
2.58609700203	-1
2.58609700203	-1
2.58609700203	-1
2.6018679142	-1
2.6018679142	-1
2.6018679142	-1
2.6018679142	-1
2.6018679142	-1
2.6018679142	-1
2.6018679142	-1
2.61466503143	-1
2.61634397507	-1
2.61634397507	-1
2.61634397507	-1
2.61634397507	-1
2.64191603661	-1
2.64202904701	-1
2.64202904701	-1
2.64202904701	-1
2.64202904701	-1
2.64202904701	-1
2.64202904701	-1
2.64202904701	-1
2.64202904701	-1
2.65579986572	1
2.65579986572	1
2.65579986572	1
2.65754795074	-1
2.67278289795	-1
2.67278289795	-1
2.67278289795	-1
2.67278289795	-1
2.67278289795	-1
2.67278289795	-1
2.67278289795	-1
2.6730120182	-1
2.67974305153	1
2.67974305153	1
2.69504594803	-1
2.69504594803	-1
2.69504594803	-1
2.69719409943	-1
2.71408987045	-1
2.71408987045	-1
2.71408987045	-1
2.72997999191	-1
2.72997999191	-1
2.72997999191	-1
2.74493193626	-1
2.74493193626	-1
2.77167606354	-1
2.77167606354	-1
2.77167606354	-1
2.77167606354	-1
2.77167606354	-1
2.77167606354	-1
2.77167606354	-1
2.77167606354	-1
2.7897799015	-1
2.7897799015	-1
2.7897799015	-1
2.7897799015	-1
2.7897799015	-1
2.7897799015	-1
2.7897799015	-1
2.7897799015	-1
2.79833388329	1
2.79833388329	1
2.79867005348	-1
2.79867005348	-1
2.79867005348	-1
2.79867005348	-1
2.80915307999	-1
2.81994509697	-1
2.81994509697	-1
2.81994509697	-1
2.83310604095	-1
2.83310604095	-1
2.83310604095	-1
2.83310604095	-1
2.83310604095	-1
2.83310604095	-1
2.84484887123	-1
2.84484887123	-1
2.84484887123	-1
2.84484887123	-1
2.84484887123	-1
2.84484887123	-1
2.84484887123	-1
2.84934997559	-1
2.86018109322	1
2.86018109322	1
2.86018109322	1
2.86421704292	-1
2.86421704292	-1
2.86421704292	-1
2.86421704292	-1
2.86421704292	-1
2.86421704292	-1
2.86421704292	-1
2.86444592476	-1
2.87787890434	-1
2.87787890434	-1
2.87787890434	-1
2.87787890434	-1
2.87787890434	-1
2.87787890434	-1
2.87787890434	-1
2.87802505493	-1
2.90083789825	-1
2.90083789825	-1
2.90275907516	1
2.90275907516	1
2.90289497375	1
2.90289497375	1
2.90289497375	1
2.90730500221	-1
2.90730500221	-1
2.90730500221	-1
2.90730500221	-1
2.90730500221	-1
2.90730500221	-1
2.90730500221	-1
2.90730500221	-1
2.92116999626	-1
2.92116999626	-1
2.92116999626	-1
2.92116999626	-1
2.92116999626	-1
2.92116999626	-1
2.92116999626	-1
2.92116999626	-1
2.94506907463	-1
2.94506907463	-1
2.94506907463	-1
2.94506907463	-1
2.94506907463	-1
2.94506907463	-1
2.94506907463	-1
2.94506907463	-1
2.94520807266	-1
2.95432400703	-1
2.95432400703	-1
2.95432400703	-1
2.95432400703	-1
2.95432400703	-1
2.95432400703	-1
2.95432400703	-1
2.95455288887	-1
2.95455288887	-1
2.95455288887	-1
2.95455288887	-1
2.95455288887	-1
2.97240710258	-1
2.97647595406	-1
2.97647595406	-1
2.97647595406	-1
2.97647595406	-1
2.98315095901	-1
2.99228906631	-1
2.99228906631	-1
2.99228906631	-1
2.99228906631	-1
2.99228906631	-1
2.99228906631	-1
3.01430487633	-1
3.01430487633	-1
3.01430487633	-1
3.01430487633	-1
3.01430487633	-1
3.01430487633	-1
3.01430487633	-1
3.01430487633	-1
3.0155210495	1
3.0155210495	1
3.0155210495	1
3.02844405174	-1
3.02844405174	-1
3.02844405174	-1
3.02844405174	-1
3.02844405174	-1
3.02844405174	-1
3.02844405174	-1
3.02844405174	-1
3.03010606766	1
3.03010606766	1
3.03479194641	-1
3.03479194641	-1
3.03479194641	-1
3.03479194641	-1
3.03479194641	-1
3.03479194641	-1
3.03479194641	-1
3.04527688026	-1
3.04527688026	-1
3.04527688026	-1
3.04527688026	-1
3.04527688026	-1
3.04527688026	-1
3.04527688026	-1
3.04527688026	-1
3.0571539402	-1
3.0571539402	-1
3.0571539402	-1
3.06632804871	-1
3.06632804871	-1
3.06632804871	-1
3.06632804871	-1
3.06632804871	-1
3.06875896454	-1
3.06875896454	-1
3.06875896454	-1
3.07598900795	-1
3.07598900795	-1
3.07598900795	-1
3.07598900795	-1
3.07598900795	-1
3.08436393738	-1
3.08436393738	-1
3.09067106247	-1
3.09067106247	-1
3.09067106247	-1
3.09067106247	-1
3.09067106247	-1
3.09067106247	-1
3.1050260067	-1
3.1050260067	-1
3.1050260067	-1
3.1050260067	-1
3.1050260067	-1
3.1050260067	-1
3.11182498932	-1
3.11182498932	-1
3.11682200432	-1
3.11682200432	-1
3.11682200432	-1
3.12691807747	-1
3.12691807747	-1
3.12691807747	-1
3.12691807747	-1
3.12929296494	-1
3.13654303551	-1
3.13654303551	-1
3.13654303551	-1
3.1412320137	-1
3.1412320137	-1
3.1412320137	-1
3.1412320137	-1
3.14199995995	1
3.14199995995	1
3.14199995995	1
3.14537096024	1
3.1542570591	-1
3.1542570591	-1
3.1542570591	-1
3.1542570591	-1
3.16060495377	-1
3.16060495377	-1
3.16060495377	-1
3.16060495377	-1
3.17244195938	-1
3.17244195938	-1
3.17244195938	-1
3.17244195938	-1
3.18143200874	-1
3.18143200874	-1
3.18143200874	-1
3.18143200874	-1
3.18987107277	-1
3.19513392448	-1
3.19513392448	-1
3.19513392448	-1
3.20279502869	-1
3.20279502869	-1
3.20279502869	-1
3.20828104019	-1
3.20828104019	-1
3.22058796883	-1
3.22058796883	-1
3.22341108322	1
3.22341108322	1
3.22341108322	1
3.22341108322	1
3.22341108322	1
3.22341108322	1
3.22341108322	1
3.22341108322	1
3.22341108322	1
3.23289489746	-1
3.23289489746	-1
3.23289489746	-1
3.23289489746	-1
3.23289489746	-1
3.24734401703	-1
3.24734401703	-1
3.24734401703	-1
3.24734401703	-1
3.24734401703	-1
3.24734401703	-1
3.28245306015	-1
3.28245306015	-1
3.28245306015	-1
3.29791593552	-1
3.29791593552	-1
3.29791593552	-1
3.29791593552	-1
3.29791593552	-1
3.29791593552	-1
3.31444191933	-1
3.31444191933	-1
3.31444191933	-1
3.31444191933	-1
3.31444191933	-1
3.31444191933	-1
3.32232499123	-1
3.32842707634	-1
3.32842707634	-1
3.32842707634	-1
3.32842707634	-1
3.32842707634	-1
3.32842707634	-1
3.32842707634	-1
3.33698701859	-1
3.33698701859	-1
3.35560107231	-1
3.35560107231	-1
3.35560107231	-1
3.35641598701	1
3.35641598701	1
3.35641598701	1
3.36929607391	-1
3.36957406998	-1
3.36957406998	-1
3.36957406998	-1
3.36957406998	-1
3.36957406998	-1
3.36957406998	-1
3.36957406998	-1
3.38346505165	-1
3.38346505165	-1
3.39414405823	-1
3.39414405823	-1
3.39414405823	-1
3.40997600555	-1
3.40997600555	-1
3.42305994034	-1
3.42305994034	-1
3.43523693085	-1
3.43523693085	-1
3.43523693085	-1
3.43523693085	-1
3.44827103615	-1
3.4483230114	-1
3.4483230114	-1
3.4483230114	-1
3.4483230114	-1
3.4483230114	-1
3.4483230114	-1
3.45984387398	-1
3.45984387398	-1
3.45984387398	-1
3.45984387398	-1
3.46746993065	-1
3.48106598854	-1
3.48106598854	-1
3.48106598854	-1
3.48106598854	-1
3.48106598854	-1
3.48106598854	-1
3.48106598854	-1
3.48106598854	-1
3.48120498657	1
3.49479699135	-1
3.49479699135	-1
3.49479699135	-1
3.50751399994	-1
3.50751399994	-1
3.50751399994	-1
3.51921796799	-1
3.51921796799	-1
3.52422595024	-1
3.52422595024	-1
3.52422595024	-1
3.52422595024	-1
3.52422595024	-1
3.53081989288	-1
3.53081989288	-1
3.53688001633	-1
3.54155397415	1
3.54155397415	1
3.54155397415	1
3.55070304871	-1
3.55070304871	-1
3.55070304871	-1
3.5623960495	-1
3.5623960495	-1
3.5623960495	-1
3.57586193085	-1
3.57586193085	-1
3.58867001534	-1
3.58867001534	-1
3.59309005737	1
3.60271787643	-1
3.60271787643	-1
3.60271787643	-1
3.60271787643	-1
3.60271787643	-1
3.60271787643	-1
3.60271787643	-1
3.61482095718	-1
3.61493086815	-1
3.61493086815	-1
3.61493086815	-1
3.61493086815	-1
3.61493086815	-1
3.62226986885	-1
3.62921905518	-1
3.62921905518	-1
3.62921905518	-1
3.62921905518	-1
3.62921905518	-1
3.62921905518	-1
3.62921905518	-1
3.63673400879	-1
3.64234399796	-1
3.64234399796	-1
3.64234399796	-1
3.64234399796	-1
3.64234399796	-1
3.64234399796	-1
3.64234399796	-1
3.64971590042	-1
3.66311097145	-1
3.66311097145	-1
3.66311097145	-1
3.67754888535	-1
3.67754888535	-1
3.69139289856	-1
3.69139289856	-1
3.69139289856	-1
3.70517301559	-1
3.70517301559	-1
3.70521092415	1
3.71383500099	-1
3.71383500099	-1
3.71383500099	-1
3.73427796364	-1
3.73427796364	-1
3.73427796364	-1
3.73427796364	-1
3.73427796364	-1
3.73427796364	-1
3.73427796364	-1
3.73427796364	-1
3.74189901352	-1
3.74189901352	-1
3.74189901352	-1
3.74189901352	-1
3.74189901352	-1
3.74189901352	-1
3.74189901352	-1
3.74189901352	-1
3.75166702271	-1
3.75166702271	-1
3.75166702271	-1
3.75166702271	-1
3.76041293144	-1
3.76596093178	-1
3.76596093178	-1
3.76596093178	-1
3.77730607986	-1
3.77730607986	-1
3.77730607986	-1
3.77730607986	-1
3.77730607986	-1
3.77730607986	-1
3.79167604446	-1
3.79167604446	-1
3.79167604446	-1
3.80352401733	-1
3.80352401733	-1
3.80352401733	-1
3.81006407738	-1
3.81706809998	-1
3.81711006165	1
3.81711006165	1
3.81929206848	-1
3.81929206848	-1
3.81929206848	-1
3.81929206848	-1
3.81929206848	-1
3.82394194603	-1
3.82942795753	-1
3.82942795753	-1
3.82942795753	-1
3.82942795753	-1
3.82942795753	-1
3.82942795753	-1
3.82942795753	-1
3.83843207359	-1
3.85140991211	-1
3.85140991211	-1
3.85140991211	-1
3.86103606224	-1
3.86103606224	-1
3.87617897987	-1
3.87617897987	-1
3.87617897987	-1
3.87617897987	-1
3.87617897987	-1
3.87617897987	-1
3.87617897987	-1
3.87617897987	-1
3.89198803902	-1
3.89198803902	-1
3.89198803902	-1
3.89198803902	-1
3.89198803902	-1
3.89198803902	-1
3.89198803902	-1
3.89198803902	-1
3.89956498146	-1
3.89956498146	-1
3.89956498146	-1
3.89956498146	-1
3.89956498146	-1
3.90818595886	-1
3.90818595886	-1
3.90818595886	-1
3.91779088974	-1
3.91779088974	-1
3.91779088974	-1
3.91779088974	-1
3.91779088974	-1
3.91779088974	-1
3.91779088974	-1
3.91779088974	-1
3.9270670414	-1
3.92906999588	1
3.92906999588	1
3.93536090851	-1
3.93536090851	-1
3.93536090851	-1
3.93536090851	-1
3.93536090851	-1
3.93536090851	-1
3.93536090851	-1
3.95284891129	-1
3.95284891129	-1
3.95284891129	-1
3.95284891129	-1
3.95284891129	-1
3.95284891129	-1
3.95284891129	-1
3.95284891129	-1
3.96953988075	-1
3.96953988075	-1
3.96953988075	-1
3.96953988075	-1
3.96953988075	-1
3.96953988075	-1
3.96953988075	-1
3.96953988075	-1
3.98670101166	-1
3.98670101166	-1
3.98670101166	-1
3.98670101166	-1
3.98670101166	-1
3.98670101166	-1
3.99665403366	-1
3.99665403366	-1
4.00973987579	-1
4.00973987579	-1
4.00973987579	-1
4.02042889595	-1
4.02042889595	-1
4.02042889595	-1
4.02042889595	-1
4.02042889595	-1
4.04047203064	-1
4.04047203064	-1
4.04047203064	-1
4.04047203064	-1
4.04119896889	1
4.05108094215	-1
4.05108094215	-1
4.05108094215	-1
4.05108094215	-1
4.06899309158	-1
4.06899309158	-1
4.06899309158	-1
4.06899309158	-1
4.08008003235	-1
4.08008003235	-1
4.08008003235	-1
4.08008003235	-1
4.09685206413	-1
4.09685206413	-1
4.09685206413	-1
4.09685206413	-1
4.10353398323	-1
4.10353398323	-1
4.10353398323	-1
4.10353398323	-1
4.117841959	-1
4.117841959	-1
4.117841959	-1
4.117841959	-1
4.12583303452	-1
4.12583303452	-1
4.12583303452	-1
4.12583303452	-1
4.14319396019	-1
4.14319396019	-1
4.14319396019	-1
4.15230798721	-1
4.15230798721	-1
4.15230798721	-1
4.15230798721	-1
4.15301299095	1
4.16907906532	-1
4.16907906532	-1
4.16907906532	-1
4.16907906532	-1
4.16907906532	-1
4.16907906532	-1
4.16907906532	-1
4.16907906532	-1
4.17693090439	-1
4.17693090439	-1
4.17693090439	-1
4.17693090439	-1
4.17693090439	-1
4.17693090439	-1
4.17693090439	-1
4.18636989594	-1
4.18636989594	-1
4.18636989594	-1
4.18636989594	-1
4.18636989594	-1
4.18636989594	-1
4.18636989594	-1
4.20552992821	-1
4.20552992821	-1
4.20552992821	-1
4.22166800499	-1
4.22166800499	-1
4.22166800499	-1
4.22705388069	-1
4.22705388069	-1
4.25110197067	-1
4.25110197067	-1
4.25110197067	-1
4.26520299911	1
4.27705287933	-1
4.27705287933	-1
4.27705287933	-1
4.27705287933	-1
4.27705287933	-1
4.27705287933	-1
4.2939748764	-1
4.2939748764	-1
4.2939748764	-1
4.31439399719	-1
4.31439399719	-1
4.33436107635	-1
4.33436107635	-1
4.33436107635	-1
4.34564399719	-1
4.34564399719	-1
4.34564399719	-1
4.34564399719	-1
4.34564399719	-1
4.34564399719	-1
4.34564399719	-1
4.35565710068	-1
4.35565710068	-1
4.35565710068	-1
4.37723493576	-1
4.37723493576	-1
4.3772790432	1
4.3772790432	1
4.38804793358	-1
4.38804793358	-1
4.38804793358	-1
4.38804793358	-1
4.38804793358	-1
4.39393496513	-1
4.4053580761	-1
4.4053580761	-1
4.4053580761	-1
4.4053580761	-1
4.4053580761	-1
4.4053580761	-1
4.4053580761	-1
4.41176986694	-1
4.41672301292	-1
4.41672301292	-1
4.41672301292	-1
4.41672301292	-1
4.41672301292	-1
4.41672301292	-1
4.41672301292	-1
4.41983509064	-1
4.42575788498	-1
4.42575788498	-1
4.42575788498	-1
4.42575788498	-1
4.42575788498	-1
4.42575788498	-1
4.42575788498	-1
4.42983198166	-1
4.43562507629	-1
4.43562507629	-1
4.43562507629	-1
4.43562507629	-1
4.43562507629	-1
4.43562507629	-1
4.43562507629	-1
4.44256687164	-1
4.44256687164	-1
4.44256687164	-1
4.44256687164	-1
4.44256687164	-1
4.45802807808	-1
4.45802807808	-1
4.46511602402	-1
4.46511602402	-1
4.46511602402	-1
4.46511602402	-1
4.46511602402	-1
4.46511602402	-1
4.47861909866	-1
4.47861909866	-1
4.47861909866	-1
4.47861909866	-1
4.47861909866	-1
4.47861909866	-1
4.47861909866	-1
4.48926687241	-1
4.4918680191	-1
4.4918680191	-1
4.4918680191	-1
4.4918680191	-1
4.4918680191	-1
4.4918680191	-1
4.50382804871	-1
4.50382804871	-1
4.50382804871	-1
4.50382804871	-1
4.50382804871	-1
4.50382804871	-1
4.50382804871	-1
4.50382804871	-1
4.51433300972	-1
4.51433300972	-1
4.51433300972	-1
4.51433300972	-1
4.51433300972	-1
4.51433300972	-1
4.51568198204	1
4.52352809906	-1
4.52352809906	-1
4.52352809906	-1
4.53335690498	-1
4.53335690498	-1
4.53794503212	-1
4.53794503212	-1
4.53794503212	-1
4.53794503212	-1
4.53794503212	-1
4.53794503212	-1
4.54812288284	-1
4.54812288284	-1
4.54812288284	-1
4.54812288284	-1
4.54812288284	-1
4.54812288284	-1
4.54812288284	-1
4.54812288284	-1
4.55627393723	-1
4.55627393723	-1
4.56032800674	-1
4.56032800674	-1
4.56032800674	-1
4.56882691383	-1
4.56882691383	-1
4.57574796677	-1
4.57574796677	-1
4.57574796677	-1
4.57574796677	-1
4.57574796677	-1
4.57574796677	-1
4.57574796677	-1
4.57574796677	-1
4.58473801613	-1
4.58473801613	-1
4.58473801613	-1
4.58473801613	-1
4.58473801613	-1
4.58473801613	-1
4.58473801613	-1
4.58473801613	-1
4.58794403076	-1
4.58794403076	-1
4.58794403076	-1
4.58794403076	-1
4.58794403076	-1
4.58794403076	-1
4.59907388687	-1
4.59907388687	-1
4.59907388687	-1
4.59907388687	-1
4.59907388687	-1
4.59907388687	-1
4.60978388786	-1
4.60978388786	-1
4.60978388786	-1
4.60978388786	-1
4.60978388786	-1
4.60978388786	-1
4.60978388786	-1
4.60978388786	-1
4.61686992645	-1
4.61686992645	-1
4.61686992645	-1
4.62825608253	-1
4.62825608253	-1
4.62825608253	-1
4.62825608253	-1
4.62825608253	-1
4.62825608253	-1
4.62825608253	-1
4.62825608253	-1
4.62827205658	1
4.63556694984	-1
4.63556694984	-1
4.63556694984	-1
4.63556694984	-1
4.63556694984	-1
4.64532589912	-1
4.64532589912	-1
4.64532589912	-1
4.65332007408	-1
4.65332007408	-1
4.65332007408	-1
4.65332007408	-1
4.65332007408	-1
4.65332007408	-1
4.65332007408	-1
4.66852998734	-1
4.66852998734	-1
4.66852998734	-1
4.66852998734	-1
4.66852998734	-1
4.66852998734	-1
4.66852998734	-1
4.66852998734	-1
4.66852998734	-1
4.67655706406	-1
4.68344402313	-1
4.68344402313	-1
4.68344402313	-1
4.68344402313	-1
4.68344402313	-1
4.68344402313	-1
4.68344402313	-1
4.69427204132	-1
4.70107102394	-1
4.70107102394	-1
4.70107102394	-1
4.70107102394	-1
4.70107102394	-1
4.70107102394	-1
4.71589708328	-1
4.71589708328	-1
4.71589708328	-1
4.71589708328	-1
4.71589708328	-1
4.71589708328	-1
4.7179710865	1
4.7179710865	1
4.7179710865	1
4.72386288643	-1
4.72386288643	-1
4.72386288643	-1
4.73682594299	-1
4.73682594299	-1
4.73682594299	-1
4.73682594299	-1
4.73682594299	-1
4.73682594299	-1
4.73682594299	-1
4.74165892601	-1
4.74169301987	1
4.74772000313	-1
4.74772000313	-1
4.74772000313	-1
4.75243091583	-1
4.75243091583	-1
4.75243091583	-1
4.75243091583	-1
4.75832891464	-1
4.76260900497	-1
4.76260900497	-1
4.76260900497	-1
4.76815795898	-1
4.76815795898	-1
4.76815795898	-1
4.76815795898	-1
4.77473187447	-1
4.78087592125	-1
4.78087592125	-1
4.78087592125	-1
4.78499388695	-1
4.78499388695	-1
4.78499388695	-1
4.78499388695	-1
4.79093194008	-1
4.79562187195	-1
4.79562187195	-1
4.79562187195	-1
4.80043387413	-1
4.80043387413	-1
4.80043387413	-1
4.80043387413	-1
4.80610108376	-1
4.8196439743	-1
4.8196439743	-1
4.8196439743	-1
4.8258690834	-1
4.8258690834	-1
4.8258690834	-1
4.8258690834	-1
4.8258690834	-1
4.8258690834	-1
4.8258690834	-1
4.83315992355	-1
4.84041404724	-1
4.84041404724	-1
4.84041404724	-1
4.84041404724	-1
4.84041404724	-1
4.84041404724	-1
4.84041404724	-1
4.845692873	-1
4.845692873	-1
4.845692873	-1
4.845692873	-1
4.85716104507	-1
4.85716104507	-1
4.85716104507	-1
4.86967301369	-1
4.86967301369	-1
4.86967301369	-1
4.86967301369	-1
4.86967301369	-1
4.86967301369	-1
4.86967301369	-1
4.86967301369	-1
4.87677788734	-1
4.87677788734	-1
4.87677788734	-1
4.87677788734	-1
4.87677788734	-1
4.87677788734	-1
4.87677788734	-1
4.88318800926	-1
4.89078688622	-1
4.89078688622	-1
4.89078688622	-1
4.89078688622	-1
4.89078688622	-1
4.89078688622	-1
4.89078688622	-1
4.90814995766	-1
4.90814995766	-1
4.90814995766	-1
4.90814995766	-1
4.90814995766	-1
4.90814995766	-1
4.90814995766	-1
4.90814995766	-1
4.90943193436	1
4.92891597748	-1
4.92891597748	-1
4.92891597748	-1
4.92891597748	-1
4.92891597748	-1
4.92891597748	-1
4.92891597748	-1
4.92891597748	-1
4.9374768734	-1
4.9374768734	-1
4.9374768734	-1
4.9374768734	-1
4.94705891609	-1
4.95582699776	-1
4.95582699776	-1
4.95582699776	-1
4.95582699776	-1
4.95582699776	-1
4.95582699776	-1
4.95582699776	-1
4.96829891205	-1
4.96829891205	-1
4.96829891205	-1
4.96829891205	-1
4.96829891205	-1
4.96829891205	-1
4.96829891205	-1
4.98623490334	-1
4.98623490334	-1
4.98623490334	-1
4.98623490334	-1
4.98623490334	-1
4.98623490334	-1
4.98623490334	-1
4.98623490334	-1
5.00599694252	-1
5.00599694252	-1
5.00599694252	-1
5.00599694252	-1
5.00599694252	-1
5.01349401474	-1
5.023884058	-1
5.023884058	-1
5.023884058	-1
5.023884058	-1
5.023884058	-1
5.02391505241	1
5.04026007652	-1
5.04026007652	-1
5.04026007652	-1
5.04026007652	-1
5.04026007652	-1
5.04026007652	-1
5.04026007652	-1
5.04026007652	-1
5.05787205696	-1
5.05787205696	-1
5.05787205696	-1
5.05787205696	-1
5.05787205696	-1
5.05787205696	-1
5.05787205696	-1
5.05787205696	-1
5.06718993187	-1
5.06718993187	-1
5.06718993187	-1
5.06718993187	-1
5.06718993187	-1
5.06718993187	-1
5.06718993187	-1
5.06718993187	-1
5.07990407944	-1
5.07990407944	-1
5.07990407944	-1
5.07990407944	-1
5.07990407944	-1
5.07990407944	-1
5.07990407944	-1
5.07990407944	-1
5.08838391304	-1
5.08838391304	-1
5.08838391304	-1
5.08838391304	-1
5.08838391304	-1
5.09643006325	-1
5.09643006325	-1
5.09643006325	-1
5.10357689857	-1
5.10357689857	-1
5.10357689857	-1
5.10357689857	-1
5.10357689857	-1
5.10357689857	-1
5.10357689857	-1
5.10357689857	-1
5.11117696762	-1
5.11117696762	-1
5.11117696762	-1
5.11117696762	-1
5.11117696762	-1
5.11117696762	-1
5.11117696762	-1
5.11117696762	-1
5.11793208122	-1
5.11793208122	-1
5.11793208122	-1
5.11793208122	-1
5.11793208122	-1
5.12495493889	-1
5.12495493889	-1
5.12495493889	-1
5.1310069561	-1
5.1310069561	-1
5.1310069561	-1
5.1310069561	-1
5.1310069561	-1
5.1310069561	-1
5.1310069561	-1
5.1310069561	-1
5.13854289055	-1
5.13854289055	-1
5.13854289055	-1
5.13854289055	-1
5.13854289055	-1
5.13854289055	-1
5.13854289055	-1
5.13854289055	-1
5.13855409622	1
5.13855409622	1
5.14575099945	-1
5.14575099945	-1
5.15549898148	-1
5.15549898148	-1
5.15549898148	-1
5.15549898148	-1
5.15549898148	-1
5.15549898148	-1
5.16307497025	-1
5.16307497025	-1
5.16307497025	-1
5.16307497025	-1
5.16307497025	-1
5.16307497025	-1
5.16307497025	-1
5.16307497025	-1
5.17247605324	-1
5.17247605324	-1
5.17247605324	-1
5.17247605324	-1
5.17247605324	-1
5.179459095	-1
5.179459095	-1
5.179459095	-1
5.19186496735	-1
5.19186496735	-1
5.19186496735	-1
5.19186496735	-1
5.19186496735	-1
5.19186496735	-1
5.19186496735	-1
5.19186496735	-1
5.19341802597	-1
5.19341802597	-1
5.19341802597	-1
5.19341802597	-1
5.19341802597	-1
5.20343399048	-1
5.20343399048	-1
5.20343399048	-1
5.21062207222	-1
5.21062207222	-1
5.21062207222	-1
5.21062207222	-1
5.21062207222	-1
5.21062207222	-1
5.21062207222	-1
5.21062207222	-1
5.22299790382	-1
5.22299790382	-1
5.22299790382	-1
5.23135900497	-1
5.23135900497	-1
5.23135900497	-1
5.23135900497	-1
5.23135900497	-1
5.24253702164	-1
5.24253702164	-1
5.24253702164	-1
5.24253702164	-1
5.24253702164	-1
5.24253702164	-1
5.24253702164	-1
5.28060507774	-1
5.28060507774	-1
5.28060507774	-1
5.28060507774	-1
5.28060507774	-1
5.28060507774	-1
5.28060507774	-1
5.28060507774	-1
5.28064799309	1
5.28064799309	1
5.29180002213	-1
5.29180002213	-1
5.29180002213	-1
5.30276703835	-1
5.30276703835	-1
5.30276703835	-1
5.30276703835	-1
5.30276703835	-1
5.31114888191	-1
5.31114888191	-1
5.31114888191	-1
5.31114888191	-1
5.31942296028	-1
5.31942296028	-1
5.31942296028	-1
5.31942296028	-1
5.32562708855	-1
5.32562708855	-1
5.32562708855	-1
5.32562708855	-1
5.33337688446	-1
5.33337688446	-1
5.33337688446	-1
5.33337688446	-1
5.34228587151	-1
5.34228587151	-1
5.34228587151	-1
5.35315203667	-1
5.35315203667	-1
5.35315203667	-1
5.35315203667	-1
5.35315203667	-1
5.36152791977	-1
5.37096905708	-1
5.37096905708	-1
5.37096905708	-1
5.37096905708	-1
5.37096905708	-1
5.37779998779	-1
5.37779998779	-1
5.38499808311	-1
5.38499808311	-1
5.38499808311	-1
5.39103794098	-1
5.39103794098	-1
5.39103794098	-1
5.39103794098	-1
5.40305805206	-1
5.40309906006	1
5.40576195717	-1
5.40576195717	-1
5.40576195717	-1
5.41872596741	-1
5.41872596741	-1
5.41872596741	-1
5.41872596741	-1
5.44133496284	-1
5.44143795967	-1
5.44143795967	-1
5.44143795967	-1
5.45347905159	-1
5.45347905159	-1
5.45347905159	-1
5.45347905159	-1
5.47246289253	-1
5.47246289253	-1
5.47246289253	-1
5.47246289253	-1
5.48209905624	-1
5.48209905624	-1
5.48209905624	-1
5.48209905624	-1
5.50340509415	-1
5.50340509415	-1
5.50340509415	-1
5.50340509415	-1
5.51200294495	-1
5.51200294495	-1
5.51200294495	-1
5.51482605934	1
5.51482605934	1
5.75355505943	-1
5.77202391624	-1
5.77202391624	-1
5.77202391624	-1
5.77202391624	-1
5.77202391624	-1
5.77202391624	-1
5.77202391624	-1
5.77202391624	-1
5.77202391624	-1
5.77202391624	-1
5.77237892151	-1
5.77237892151	-1
5.77365207672	1
5.79135799408	-1
5.79135799408	-1
5.79489707947	-1
5.79489707947	-1
5.79489707947	-1
5.79489707947	-1
5.79489707947	-1
5.79489707947	-1
5.79489707947	-1
5.79489707947	-1
5.79524207115	-1
5.79524207115	-1
5.79524207115	-1
5.79524207115	-1
5.79524207115	-1
5.80034708977	-1
5.81212186813	-1
5.81212186813	-1
5.81212186813	-1
5.81212186813	-1
5.81212186813	-1
5.81212186813	-1
5.81212186813	-1
5.81212186813	-1
5.81771302223	-1
5.81771302223	-1
5.81771302223	-1
5.81771302223	-1
5.81771302223	-1
5.81771302223	-1
5.81771302223	-1
5.824696064	-1
5.83017086983	-1
5.83017086983	-1
5.83017086983	-1
5.83017086983	-1
5.83017086983	-1
5.83017086983	-1
5.83017086983	-1
5.83482503891	-1
5.83916306496	-1
5.83916306496	-1
5.83916306496	-1
5.83916306496	-1
5.83916306496	-1
5.83916306496	-1
5.83916306496	-1
5.84547686577	-1
5.86069297791	-1
5.86069297791	-1
5.86069297791	-1
5.86069297791	-1
5.86069297791	-1
5.86069297791	-1
5.86069297791	-1
5.86630392075	-1
5.86630392075	-1
5.86630392075	-1
5.86630392075	-1
5.86630392075	-1
5.86630392075	-1
5.86630392075	-1
5.87961792946	-1
5.87961792946	-1
5.87961792946	-1
5.87961792946	-1
5.87961792946	-1
5.87961792946	-1
5.87961792946	-1
5.87961792946	-1
5.89430093765	1
5.89430093765	1
5.89498209953	-1
5.89498209953	-1
5.89498209953	-1
5.89498209953	-1
5.89498209953	-1
5.89498209953	-1
5.89498209953	-1
5.89498209953	-1
5.90214300156	-1
5.90806889534	-1
5.90806889534	-1
5.91578888893	-1
5.91578888893	-1
5.91578888893	-1
5.91578888893	-1
5.91578888893	-1
5.91578888893	-1
5.91578888893	-1
5.921626091	-1
5.921626091	-1
5.921626091	-1
5.921626091	-1
5.921626091	-1
5.921626091	-1
5.921626091	-1
5.93368792534	-1
5.93368792534	-1
5.93368792534	-1
5.93368792534	-1
5.93368792534	-1
5.93368792534	-1
5.93368792534	-1
5.93368792534	-1
5.94966101646	-1
5.94966101646	-1
5.94966101646	-1
5.94966101646	-1
5.94966101646	-1
5.94966101646	-1
5.94966101646	-1
5.94966101646	-1
5.95648097992	-1
5.95648097992	-1
5.95648097992	-1
5.95648097992	-1
5.95648097992	-1
5.95648097992	-1
5.95648097992	-1
5.95648097992	-1
5.96184587479	-1
5.96184587479	-1
5.96184587479	-1
5.96184587479	-1
5.96184587479	-1
5.96184587479	-1
5.96184587479	-1
5.96184587479	-1
5.97210597992	-1
5.97210597992	-1
5.97210597992	-1
5.97876286507	-1
5.97876286507	-1
5.97876286507	-1
5.97876286507	-1
5.97876286507	-1
5.9861330986	-1
5.9861330986	-1
5.9861330986	-1
5.9861330986	-1
5.9861330986	-1
5.9861330986	-1
5.9861330986	-1
5.9861330986	-1
5.99180603027	-1
5.99180603027	-1
5.99180603027	-1
5.99180603027	-1
5.99180603027	-1
5.99180603027	-1
5.99180603027	-1
5.99180603027	-1
5.99911689758	-1
5.99911689758	-1
6.00640201569	1
6.00640201569	1
6.00890493393	-1
6.00890493393	-1
6.00890493393	-1
6.00890493393	-1
6.00890493393	-1
6.00890493393	-1
6.01726007462	-1
6.01726007462	-1
6.01726007462	-1
6.01726007462	-1
6.01726007462	-1
6.01726007462	-1
6.01726007462	-1
6.01726007462	-1
6.02778601646	-1
6.02778601646	-1
6.02778601646	-1
6.02778601646	-1
6.02778601646	-1
6.02778601646	-1
6.03673601151	-1
6.03673601151	-1
6.04517292976	-1
6.04517292976	-1
6.04517292976	-1
6.04517292976	-1
6.04517292976	-1
6.04517292976	-1
6.04517292976	-1
6.04517292976	-1
6.0541100502	-1
6.0541100502	-1
6.0541100502	-1
6.0541100502	-1
6.0541100502	-1
6.0541100502	-1
6.0541100502	-1
6.0541100502	-1
6.07500195503	-1
6.08206701279	-1
6.08206701279	-1
6.08206701279	-1
6.08206701279	-1
6.08206701279	-1
6.08206701279	-1
6.08206701279	-1
6.08206701279	-1
6.0823700428	-1
6.0823700428	-1
6.0823700428	-1
6.0823700428	-1
6.0823700428	-1
6.0823700428	-1
6.09590005875	-1
6.09590005875	-1
6.09590005875	-1
6.09590005875	-1
6.09590005875	-1
6.09590005875	-1
6.09590005875	-1
6.09590005875	-1
6.09590005875	-1
6.10454106331	-1
6.10454106331	-1
6.10454106331	-1
6.10454106331	-1
6.10587906837	1
6.10587906837	1
6.10587906837	1
6.11105298996	-1
6.11105298996	-1
6.11105298996	-1
6.11105298996	-1
6.11840200424	1
6.12102603912	-1
6.12102603912	-1
6.12102603912	-1
6.12102603912	-1
6.12102603912	-1
6.12102603912	-1
6.12102603912	-1
6.12102603912	-1
6.12669897079	-1
6.12669897079	-1
6.12669897079	-1
6.12669897079	-1
6.12669897079	-1
6.12669897079	-1
6.12669897079	-1
6.13736104965	-1
6.13736104965	-1
6.13736104965	-1
6.14571595192	-1
6.14571595192	-1
6.14571595192	-1
6.14571595192	-1
6.14571595192	-1
6.15392804146	-1
6.15392804146	-1
6.15392804146	-1
6.15392804146	-1
6.16117787361	-1
6.16117787361	-1
6.16117787361	-1
6.16117787361	-1
6.16883707047	-1
6.16883707047	-1
6.16883707047	-1
6.16883707047	-1
6.17504096031	-1
6.17504096031	-1
6.17504096031	-1
6.17504096031	-1
6.18163490295	-1
6.18163490295	-1
6.18163490295	-1
6.18712306023	-1
6.18712306023	-1
6.18712306023	-1
6.18712306023	-1
6.18712306023	-1
6.19991588593	-1
6.19991588593	-1
6.19991588593	-1
6.19991588593	-1
6.19991588593	-1
6.19991588593	-1
6.20879197121	-1
6.20879197121	-1
6.22230792046	-1
6.22230792046	-1
6.22230792046	-1
6.22230792046	-1
6.22230792046	-1
6.22230792046	-1
6.22998690605	-1
6.22998690605	-1
6.23023509979	1
6.24206805229	-1
6.24206805229	-1
6.24206805229	-1
6.24206805229	-1
6.24206805229	-1
6.24206805229	-1
6.27269506454	-1
6.27269506454	-1
6.28296494484	-1
6.28296494484	-1
6.28296494484	-1
6.28296494484	-1
6.28296494484	-1
6.28296494484	-1
6.30100798607	-1
6.30100798607	-1
6.30100798607	-1
6.30100798607	-1
6.30889105797	-1
6.30889105797	-1
6.30889105797	-1
6.30889105797	-1
6.3205010891	-1
6.3205010891	-1
6.3205010891	-1
6.3205010891	-1
6.34218192101	1
6.75551009178	-1
6.75940203667	-1
6.75940203667	-1
6.75940203667	-1
6.75940203667	-1
6.75940203667	-1
6.77533388138	-1
6.77642798424	1
6.78041100502	-1
6.78041100502	-1
6.78041100502	-1
6.784719944	-1
6.784719944	-1
6.784719944	-1
6.784719944	-1
6.784719944	-1
6.784719944	-1
6.784719944	-1
6.78907394409	-1
6.7946228981	-1
6.7946228981	-1
6.7946228981	-1
6.7946228981	-1
6.7946228981	-1
6.7946228981	-1
6.7946228981	-1
6.79962086678	-1
6.80482292175	-1
6.80482292175	-1
6.80482292175	-1
6.80482292175	-1
6.80482292175	-1
6.80482292175	-1
6.80482292175	-1
6.8179910183	-1
6.82095909119	-1
6.82095909119	-1
6.82095909119	-1
6.82095909119	-1
6.82095909119	-1
6.82095909119	-1
6.82095909119	-1
6.82599806786	-1
6.82599806786	-1
6.82599806786	-1
6.82599806786	-1
6.82599806786	-1
6.82599806786	-1
6.82599806786	-1
6.84056305885	-1
6.84056305885	-1
6.84056305885	-1
6.84056305885	-1
6.84056305885	-1
6.84056305885	-1
6.84056305885	-1
6.84056305885	-1
6.85315299034	-1
6.85315299034	-1
6.85315299034	-1
6.85315299034	-1
6.85315299034	-1
6.85315299034	-1
6.85315299034	-1
6.85315299034	-1
6.85315299034	-1
6.85350298882	-1
6.85350298882	-1
6.85350298882	-1
6.85350298882	-1
6.85350298882	-1
6.85350298882	-1
6.85350298882	-1
6.88426208496	-1
6.88429689407	-1
6.88429689407	-1
6.88429689407	-1
6.88429689407	-1
6.88429689407	-1
6.88429689407	-1
6.88429689407	-1
6.88808608055	1
6.88808608055	1
6.89685606956	-1
6.89691591263	-1
6.89691591263	-1
6.89691591263	-1
6.89691591263	-1
6.89691591263	-1
6.89691591263	-1
6.89691591263	-1
6.89722394943	-1
6.89734697342	-1
6.89734697342	-1
6.89734697342	-1
6.89734697342	-1
6.89734697342	-1
6.89734697342	-1
6.89734697342	-1
6.89734697342	-1
6.91558694839	-1
6.91558694839	-1
6.91558694839	-1
6.91558694839	-1
6.91558694839	-1
6.91558694839	-1
6.91558694839	-1
6.91592097282	-1
6.91604399681	-1
6.91604399681	-1
6.91604399681	-1
6.91604399681	-1
6.91604399681	-1
6.91604399681	-1
6.91604399681	-1
6.91604399681	-1
6.93292999268	-1
6.97844099998	-1
6.97844099998	-1
6.97844099998	-1
7.02939295769	1
7.02939295769	1
8.17978096008	-1
9.83453702927	-1
10.8415150642	-1
11.4319729805	-1
12.4375770092	-1
12.641974926	-1
14.0444760323	-1
15.366535902	-1
16.2973148823	1
16.2975380421	1
16.2975380421	1
16.2975380421	1
16.2975380421	1
16.2975380421	1
16.298019886	1
16.3010969162	1
16.3010969162	1
16.3012990952	1
16.3012990952	1
16.3012990952	1
16.3208479881	1
16.3208479881	1
16.3208479881	1
16.4090600014	1
16.5339388847	-1
16.5500869751	1
16.6457760334	-1
16.6457760334	-1
16.6478459835	1
16.6478459835	1
16.6478459835	1
16.6600289345	-1
16.6600289345	-1
16.6600289345	-1
16.6721298695	-1
16.6721298695	-1
16.6774759293	-1
16.6774759293	-1
16.6774759293	-1
16.6774759293	-1
16.6774759293	-1
16.6774759293	-1
16.6927099228	-1
16.6927099228	-1
16.6927099228	-1
16.6927099228	-1
16.6927099228	-1
16.6927099228	-1
16.6927099228	-1
16.6927099228	-1
16.7122759819	-1
16.7122759819	-1
16.7122759819	-1
16.7122759819	-1
16.7122759819	-1
16.7122759819	-1
16.7122759819	-1
16.7122759819	-1
16.7725520134	-1
16.7725520134	-1
16.7725520134	-1
16.7896780968	-1
16.7896780968	-1
16.7896780968	-1
16.7896780968	-1
16.7896780968	-1
16.7896780968	-1
16.7896780968	-1
16.7896900177	1
16.7899200916	-1
16.7899830341	-1
16.7899830341	-1
16.7899830341	-1
16.7899830341	-1
16.7899830341	-1
16.7899830341	-1
16.7899830341	-1
16.7902159691	-1
16.813781023	-1
16.813781023	-1
16.813781023	-1
16.813781023	-1
16.813781023	-1
16.813781023	-1
16.813781023	-1
16.8140230179	-1
16.8630940914	-1
16.8630940914	-1
16.8630940914	-1
16.8630940914	-1
16.8630940914	-1
16.8630940914	-1
16.8630940914	-1
16.8633360863	-1
16.8634600639	-1
16.8634600639	-1
16.8634600639	-1
16.8634600639	-1
16.8634600639	-1
16.8634600639	-1
16.9003520012	-1
16.9003520012	-1
16.9003520012	-1
16.9003520012	-1
16.9004640579	-1
16.9005858898	-1
16.9005858898	-1
16.9005858898	-1
16.9007089138	-1
16.9007089138	-1
16.9007089138	-1
16.9007089138	-1
16.9007089138	-1
16.9022259712	1
16.9022400379	-1
16.9022400379	-1
16.9510190487	1
16.9510190487	1
16.9510190487	1
17.0509860516	-1
17.0509860516	-1
17.0510299206	1
17.1834208965	-1
17.2026078701	1
17.2114360332	-1
17.2114360332	-1
17.2114360332	-1
17.2298870087	-1
17.2298870087	-1
17.2298870087	-1
17.2451140881	-1
17.2451140881	-1
17.2451140881	-1
17.2989399433	-1
17.2989399433	-1
17.31448102	1
17.413271904	-1
17.413271904	-1
17.413271904	-1
17.4262979031	1
17.6202309132	-1
17.6216700077	1
17.7712819576	1
17.8926589489	-1
18.025851965	-1
18.025851965	-1
18.025851965	-1
18.0374438763	-1
18.0374438763	-1
18.0448060036	1
18.154763937	-1
18.2944998741	1
18.3029038906	-1
18.4432718754	1
18.4432718754	1
18.4869918823	-1
18.6956059933	-1
18.9509980679	-1
18.9509980679	-1
18.958178997	1
19.1794610023	-1
19.1811239719	1
19.4351909161	1
19.6511700153	-1
19.9229309559	-1
19.9229309559	-1
19.9295120239	1
19.9303779602	1
19.9303779602	1
19.9303779602	1
19.9346940517	1
19.9346940517	1
20.1264600754	-1
20.1617949009	-1
20.1617949009	-1
20.1617949009	-1
20.1617949009	-1
20.1617949009	-1
20.1712579727	-1
20.179363966	-1
20.179363966	-1
20.179363966	-1
20.179363966	-1
20.179363966	-1
20.1845328808	1
20.2037360668	-1
20.2037360668	-1
20.2037360668	-1
20.2102398872	-1
20.2102398872	-1
20.2260370255	1
20.2260370255	1
20.2260370255	1
20.2736349106	-1
20.4226140976	-1
20.4226140976	-1
20.4226140976	-1
20.4374558926	-1
20.4374558926	-1
20.4374558926	-1
20.4507088661	-1
20.4507088661	-1
20.4507088661	-1
20.4507088661	-1
20.4507088661	-1
20.4507088661	-1
20.4507088661	-1
20.4555990696	-1
20.4625818729	-1
20.4625818729	-1
20.4625818729	-1
20.4625818729	-1
20.4625818729	-1
20.4625818729	-1
20.4625818729	-1
20.4762690067	1
20.4861559868	-1
20.4862589836	-1
20.4862589836	-1
20.4862589836	-1
20.4862589836	-1
20.4862589836	-1
20.4862589836	-1
20.4862589836	-1
20.5471310616	-1
20.5471310616	-1
20.5471310616	-1
20.5471310616	-1
20.5471310616	-1
20.5471310616	-1
20.5471310616	-1
20.5474500656	-1
20.5474500656	-1
20.5474500656	-1
20.5474500656	-1
20.5474500656	-1
20.5474500656	-1
20.5474500656	-1
20.5474500656	-1
20.5629880428	-1
20.5629880428	-1
20.5629880428	-1
20.5631968975	-1
20.5631968975	-1
20.5633208752	-1
20.5633208752	-1
20.5633208752	-1
20.5743749142	-1
20.6271729469	1
20.6271729469	1
20.7228438854	-1
20.7510969639	1
20.8822109699	-1
20.9236190319	-1
20.9236190319	-1
20.9236190319	-1
20.9236190319	-1
20.9236190319	-1
20.9589059353	-1
20.961853981	1
20.9740159512	-1
20.9740159512	-1
20.9909749031	-1
20.9909749031	-1
20.9909749031	-1
21.1112349033	1
21.1788649559	-1
21.2965159416	-1
21.3426539898	-1
21.3426539898	-1
21.3426539898	-1
21.3435490131	1
21.5351588726	1
21.5456168652	1
21.5456168652	1
21.5456168652	1
21.6597540379	1
21.751611948	-1
21.7856528759	1
21.7856528759	1
21.851446867	-1
21.851446867	-1
21.851446867	-1
21.975151062	-1
22.0614950657	-1
22.0614950657	-1
22.0614950657	-1
22.0629200935	1
22.0852708817	-1
22.0852708817	-1
22.1270039082	-1
22.1270039082	-1
22.1833689213	1
22.1833689213	1
22.2534210682	-1
22.2989668846	-1
22.2989668846	-1
22.2989668846	-1
22.2989668846	-1
22.2989668846	-1
22.4030799866	-1
22.5224909782	-1
22.5224909782	-1
22.5478658676	1
22.551872015	1
22.551872015	1
22.551872015	1
22.7352199554	-1
22.9028809071	-1
23.5428168774	1
23.6545829773	1
23.6545829773	1
24.5430560112	1
25.5441999435	1
25.5444049835	1
25.5444049835	1
25.5444049835	1
25.5444049835	1
25.8419981003	-1
26.5438890457	1
27.4832029343	-1
27.5440409184	1
27.6557269096	1
27.7444400787	-1
29.0039858818	-1
30.6134998798	-1
36.5437700748	1
37.5441560745	1
37.6557929516	1
37.7280669212	-1
40.5453460217	1
40.5455460548	1
40.5455460548	1
40.5455460548	1
40.5455460548	1
40.841397047	-1
68.9117410183	-1
68.9155240059	1
69.0271360874	1
69.0271360874	1
69.115555048	-1
69.139040947	1
69.250868082	-1
69.2509100437	1
69.2509100437	1
69.3622229099	-1
69.3622229099	-1
69.3622229099	-1
69.3628799915	1
69.4688670635	-1
69.4688670635	-1
69.4688670635	-1
69.4760298729	1
69.5187749863	1
69.5187749863	1
69.5187749863	1
69.5864920616	-1
69.5948081017	-1
69.5948081017	-1
69.5948081017	-1
69.7067630291	-1
69.7468280792	1
69.8237800598	-1
69.8237800598	-1
69.8237800598	-1
69.8549480438	-1
69.8563990593	1
69.8563990593	1
69.8563990593	1
69.9387230873	-1
69.9387230873	-1
69.9387230873	-1
70.0783860683	-1
70.1914319992	-1
70.1914319992	-1
70.1914319992	-1
70.2355000973	-1
70.2460188866	1
70.3327679634	1
70.3327679634	1
70.3327679634	1
70.3350739479	1
70.3350739479	1
70.4372398853	1
70.4415440559	-1
70.5489459038	1
70.5758140087	-1
70.5758140087	-1
70.5758140087	-1
70.5843980312	-1
70.5843980312	-1
70.5843980312	-1
70.5843980312	-1
70.5843980312	-1
70.5956170559	-1
70.5956170559	-1
70.5956170559	-1
70.5956170559	-1
70.5956170559	-1
70.5956170559	-1
70.6092569828	-1
70.6092569828	-1
70.6092569828	-1
70.6113169193	1
70.6113169193	1
70.6113169193	1
70.6311480999	-1
70.6311480999	-1
70.6312639713	-1
70.6312639713	-1
70.6312639713	-1
70.6312639713	-1
70.6312639713	-1
70.6312639713	-1
70.6964468956	-1
70.6964468956	-1
70.6964468956	-1
70.6964850426	1
70.6964850426	1
70.7485189438	-1
70.7485189438	-1
70.7560338974	-1
70.7560338974	-1
70.7560338974	-1
70.7560338974	-1
70.7560338974	-1
70.7560338974	-1
70.7719240189	-1
70.7719240189	-1
70.7719240189	-1
70.7719240189	-1
70.7719240189	-1
70.7719240189	-1
70.7719240189	-1
70.7719240189	-1
70.7828190327	-1
70.7854399681	-1
70.7854399681	-1
70.7854399681	-1
70.7854399681	-1
70.7854399681	-1
70.7854399681	-1
70.7854399681	-1
70.8046150208	-1
70.8046150208	-1
70.8046770096	-1
70.8046770096	-1
70.8193759918	-1
70.8193759918	-1
70.8193759918	-1
70.8193759918	-1
70.8193759918	-1
70.8194050789	-1
70.8410539627	-1
70.8410539627	-1
70.8410539627	-1
70.8410539627	-1
70.8410539627	-1
70.8410539627	-1
70.88291502	-1
70.88291502	-1
70.88291502	-1
70.88291502	-1
70.88291502	-1
70.88291502	-1
70.88291502	-1
70.88291502	-1
70.8840739727	1
70.8847999573	-1
70.8847999573	-1
70.8847999573	-1
70.8847999573	-1
70.8847999573	-1
70.8847999573	-1
70.8847999573	-1
70.8847999573	-1
70.8851881027	-1
70.8851881027	-1
70.8851881027	-1
70.8851881027	-1
70.8851881027	-1
70.8851881027	-1
70.8974928856	-1
70.9543290138	-1
70.9543290138	-1
70.9543290138	-1
70.98093009	-1
70.98093009	-1
71.0149738789	1
71.0149738789	1
71.0149738789	1
71.0232450962	-1
71.0232450962	-1
71.0232450962	-1
71.0446538925	1
71.0446538925	1
71.0446538925	1
71.0468630791	-1
71.2069039345	-1
71.2789769173	1
71.2789769173	1
71.3091790676	-1
71.3091790676	-1
71.3091790676	-1
71.3369240761	-1
71.3369240761	-1
71.3369240761	-1
71.3743569851	-1
71.3743569851	-1
71.3743569851	-1
71.3963329792	-1
71.3963329792	-1
71.3963520527	1
71.3963520527	1
71.398086071	1
71.398086071	1
71.398086071	1
71.4077000618	-1
71.4077000618	-1
71.4077000618	-1
71.4077000618	-1
71.4077000618	-1
71.4077000618	-1
71.429008007	-1
71.429008007	-1
71.429008007	-1
71.429008007	-1
71.429008007	-1
71.429008007	-1
71.429008007	-1
71.429008007	-1
71.4624810219	-1
71.4624810219	-1
71.4624810219	-1
71.4723079205	-1
71.4723079205	-1
71.4723079205	-1
71.4723079205	-1
71.4723079205	-1
71.502822876	-1
71.502822876	-1
71.502822876	-1
71.5194699764	1
71.5199799538	-1
71.5199799538	-1
71.5423660278	-1
71.5423660278	-1
71.5599379539	1
71.5599379539	1
71.5599379539	1
71.6705000401	-1
71.8086988926	1
71.8189079762	-1
71.8720118999	-1
71.8720118999	-1
71.8720118999	-1
71.8720118999	-1
71.8720118999	-1
71.8720118999	-1
71.8720118999	-1
71.8720118999	-1
71.8988580704	-1
71.8988580704	-1
71.8988580704	-1
71.8988580704	-1
71.8988580704	-1
71.8988580704	-1
71.8988580704	-1
71.8988580704	-1
71.9130909443	-1
71.9287359715	-1
71.9287359715	-1
71.9287359715	-1
71.9287359715	-1
71.9287359715	-1
71.9287359715	-1
71.9287359715	-1
71.9287769794	1
71.9435420036	-1
71.9564089775	-1
71.9564089775	-1
71.9564089775	-1
71.9564089775	-1
71.9564089775	-1
71.9564089775	-1
71.9564089775	-1
71.9955909252	-1
71.9955909252	-1
71.9955909252	-1
71.9955909252	-1
71.9955909252	-1
71.9955909252	-1
71.9955909252	-1
71.9955909252	-1
72.0195400715	-1
72.0195400715	-1
72.0195400715	-1
72.0195400715	-1
72.0195400715	-1
72.0195400715	-1
72.0195400715	-1
72.0195400715	-1
72.0289599895	-1
72.0289599895	-1
72.0289599895	-1
72.0289599895	-1
72.0554199219	-1
72.0554199219	-1
72.0554540157	1
72.0554540157	1
72.0673890114	-1
72.0673890114	-1
72.0673890114	-1
72.0673890114	-1
72.0673890114	-1
72.0904569626	-1
72.0904569626	-1
72.0904569626	-1
72.0904569626	-1
72.0904569626	-1
72.0904569626	-1
72.0904569626	-1
72.1074969769	-1
72.1088249683	-1
72.1088249683	-1
72.1088249683	-1
72.1088249683	-1
72.1088249683	-1
72.1088249683	-1
72.1088249683	-1
72.12490201	-1
72.12490201	-1
72.12490201	-1
72.12490201	-1
72.12490201	-1
72.12490201	-1
72.12490201	-1
72.12490201	-1
72.1437199116	-1
72.1437199116	-1
72.1647119522	-1
72.1647119522	-1
72.1647119522	-1
72.1647119522	-1
72.1647119522	-1
72.1647119522	-1
72.1647119522	-1
72.1759529114	-1
72.1770160198	1
72.1835210323	-1
72.1835210323	-1
72.1835210323	-1
72.1835210323	-1
72.1835210323	-1
72.1835210323	-1
72.1835210323	-1
72.1951949596	-1
72.1951949596	-1
72.1951949596	-1
72.2064270973	-1
72.2206690311	-1
72.2321698666	-1
72.2321698666	-1
72.2321698666	-1
72.2321698666	-1
72.2321698666	-1
72.2321698666	-1
72.2321698666	-1
72.252450943	-1
72.2803120613	1
72.2803120613	1
72.2803120613	1
72.2851130962	1
72.2851130962	1
72.2851130962	1
72.2852458954	1
72.2852458954	1
72.2852458954	1
72.3438420296	-1
72.475924015	-1
72.5043580532	-1
72.5043580532	-1
72.5043580532	-1
72.5043580532	-1
72.5043580532	-1
72.5043580532	-1
72.5043580532	-1
72.5119478703	-1
72.5217659473	-1
72.5217659473	-1
72.5217659473	-1
72.5217659473	-1
72.5217659473	-1
72.5217659473	-1
72.5217659473	-1
72.5382559299	-1
72.5382559299	-1
72.5382559299	-1
72.5382559299	-1
72.5382559299	-1
72.5382559299	-1
72.5382559299	-1
72.5382559299	-1
72.5588541031	-1
72.5588541031	-1
72.5588541031	-1
72.5588541031	-1
72.5588541031	-1
72.5588541031	-1
72.5588541031	-1
72.5602180958	1
72.5878710747	-1
72.5878710747	-1
72.5878710747	-1
72.5878710747	-1
72.5878710747	-1
72.5878710747	-1
72.5878710747	-1
72.5878710747	-1
72.6163079739	-1
72.6163079739	-1
72.6192579269	-1
72.6192579269	-1
72.6192579269	-1
72.6192579269	-1
72.6192579269	-1
72.6192579269	-1
72.6452338696	-1
72.6452338696	-1
72.6452338696	-1
72.6452338696	-1
72.6452338696	-1
72.6452338696	-1
72.6452338696	-1
72.6452338696	-1
72.6671669483	-1
72.6671669483	-1
72.6671669483	-1
72.6671669483	-1
72.6671669483	-1
72.6671669483	-1
72.6671669483	-1
72.6671669483	-1
72.6911458969	-1
72.6911458969	-1
72.6911458969	-1
72.6911458969	-1
72.6911458969	-1
72.6911458969	-1
72.6911458969	-1
72.6911458969	-1
72.6911818981	1
72.7016270161	-1
72.7016270161	-1
72.7016270161	-1
72.7016270161	-1
72.7243058681	-1
72.7243058681	-1
72.734899044	-1
72.734899044	-1
72.734899044	-1
72.734899044	-1
72.734899044	-1
72.734899044	-1
72.7564818859	-1
72.7564818859	-1
72.7564818859	-1
72.7564818859	-1
72.7564818859	-1
72.7564818859	-1
72.7564818859	-1
72.7564818859	-1
72.7818169594	-1
72.7818169594	-1
72.7818169594	-1
72.7818169594	-1
72.7818169594	-1
72.7818169594	-1
72.7818169594	-1
72.7818169594	-1
72.8052020073	-1
72.8052020073	-1
72.8052020073	-1
72.8052020073	-1
72.8052020073	-1
72.8052020073	-1
72.8052020073	-1
72.8052020073	-1
72.8060810566	1
72.8162109852	-1
72.8393189907	-1
72.8393189907	-1
72.8393189907	-1
72.8393189907	-1
72.8393189907	-1
72.8393189907	-1
72.8393189907	-1
72.8393189907	-1
72.8488628864	-1
72.8488628864	-1
72.8488628864	-1
72.8826100826	-1
72.8826100826	-1
72.8826100826	-1
72.8826100826	-1
72.8826100826	-1
72.8826100826	-1
72.8826100826	-1
72.8826100826	-1
72.9034790993	-1
72.9034790993	-1
72.9034790993	-1
72.9034790993	-1
72.9034790993	-1
72.9034790993	-1
72.9034790993	-1
72.9034790993	-1
72.9206399918	-1
72.9206399918	-1
72.9206399918	-1
72.9206399918	-1
72.9206399918	-1
72.9206399918	-1
72.9206399918	-1
72.9206399918	-1
72.9206728935	1
72.9279220104	-1
72.9399318695	-1
72.9399318695	-1
72.9399318695	-1
72.9399318695	-1
72.9399318695	-1
72.9399318695	-1
72.9399318695	-1
72.951364994	-1
72.951364994	-1
72.951364994	-1
72.951364994	-1
72.951364994	-1
72.951364994	-1
72.9606750011	-1
72.9606750011	-1
72.9680678844	-1
72.9680678844	-1
72.9680678844	-1
72.9680678844	-1
72.9680678844	-1
72.9680678844	-1
72.9680678844	-1
72.9680678844	-1
72.9764230251	-1
72.9828538895	-1
72.9828538895	-1
72.9828538895	-1
72.9828538895	-1
72.9828538895	-1
72.9828538895	-1
72.9828538895	-1
72.9950830936	-1
72.9950830936	-1
72.9950830936	-1
72.9993438721	-1
72.9993438721	-1
72.9993438721	-1
72.9993438721	-1
72.9993438721	-1
73.0136840343	-1
73.0136840343	-1
73.0136840343	-1
73.0136840343	-1
73.0139029026	-1
73.0139029026	-1
73.0139029026	-1
73.0139029026	-1
73.031594038	-1
73.031594038	-1
73.031594038	-1
73.0316460133	-1
73.0316460133	-1
73.0316460133	-1
73.0316460133	-1
73.0316460133	-1
73.0465829372	-1
73.0466160774	1
73.0550730228	-1
73.0550730228	-1
73.0550730228	-1
73.0550730228	-1
73.0550730228	-1
73.0550730228	-1
73.0709540844	-1
73.0709540844	-1
73.0709540844	-1
73.0709540844	-1
73.0709540844	-1
73.078756094	-1
73.078756094	-1
73.078756094	-1
73.078756094	-1
73.0955069065	-1
73.0955069065	-1
73.0955069065	-1
73.0955069065	-1
73.1075980663	-1
73.1075980663	-1
73.1075980663	-1
73.1075980663	-1
73.1258780956	-1
73.1258780956	-1
73.1258780956	-1
73.1258780956	-1
73.1368129253	-1
73.1368129253	-1
73.1368129253	-1
73.1368129253	-1
73.1565339565	-1
73.1565339565	-1
73.1565339565	-1
73.1565339565	-1
73.1652460098	-1
73.1652460098	-1
73.1652460098	-1
73.1652460098	-1
73.1652789116	1
73.1652789116	1
73.1826660633	-1
73.1826660633	-1
73.1826660633	-1
73.1826660633	-1
73.1961610317	-1
73.1961610317	-1
73.1961610317	-1
73.1961610317	-1
73.2205090523	-1
73.2205090523	-1
73.2205090523	-1
73.2205090523	-1
73.2205090523	-1
73.2205090523	-1
73.2205090523	-1
73.2205090523	-1
73.2291588783	-1
73.2291588783	-1
73.2291588783	-1
73.2291588783	-1
73.2291588783	-1
73.2291588783	-1
73.2291588783	-1
73.2382640839	-1
73.2754199505	-1
73.2754199505	-1
73.2754199505	-1
73.2754199505	-1
73.2754199505	-1
73.2754199505	-1
73.2754199505	-1
73.2754199505	-1
73.2992990017	-1
73.2992990017	-1
73.2993459702	1
73.3200130463	-1
73.3200130463	-1
73.3200130463	-1
73.3200130463	-1
73.3200130463	-1
73.3200130463	-1
73.3386271	1
73.3386271	1
73.3386271	1
73.3386271	1
73.3386271	1
73.3410019875	1
73.3447408676	1
73.3447408676	1
73.3447408676	1
73.5683569908	1
73.5683569908	1
73.5683569908	1
73.593337059	-1
73.6239540577	-1
73.6239540577	-1
73.6239540577	-1
73.6239540577	-1
73.6239540577	-1
73.6239540577	-1
73.6239540577	-1
73.6239540577	-1
73.6239540577	-1
73.6239540577	-1
73.6243100166	-1
73.6480870247	-1
73.6480870247	-1
73.6480870247	-1
73.6480870247	-1
73.6564600468	-1
73.6805009842	-1
73.6805009842	-1
73.6805009842	-1
73.6820600033	1
73.6820600033	1
73.6820600033	1
73.6820600033	1
73.6820600033	1
73.6820600033	1
73.6820600033	1
73.6820600033	1
73.6820600033	1
73.6881449223	-1
73.6881449223	-1
73.6881449223	-1
73.7224419117	-1
73.7224419117	-1
73.7358360291	-1
73.8909199238	-1
73.8909199238	-1
73.9095618725	1
73.9678668976	-1
73.9678668976	-1
73.9678668976	-1
73.9695129395	1
73.9695129395	1
73.9695129395	1
73.9732899666	-1
73.9732899666	-1
73.9732899666	-1
73.9732899666	-1
73.9732899666	-1
73.9732899666	-1
73.9732899666	-1
73.9813380241	-1
73.9813380241	-1
73.9813380241	-1
73.9881780148	-1
73.9945468903	-1
73.9945468903	-1
74.0197789669	-1
74.0197789669	-1
74.0197789669	-1
74.0197789669	-1
74.0197789669	-1
74.0197789669	-1
74.0197789669	-1
74.0197789669	-1
74.028083086	1
74.028083086	1
74.0398659706	-1
74.0398659706	-1
74.0398659706	-1
74.0398659706	-1
74.0398659706	-1
74.0398659706	-1
74.0398659706	-1
74.0398659706	-1
74.048181057	-1
74.0657520294	-1
74.0657520294	-1
74.0657520294	-1
74.0657520294	-1
74.0657520294	-1
74.0657520294	-1
74.0657520294	-1
74.0657520294	-1
74.0732879639	-1
74.0732879639	-1
74.0732879639	-1
74.0888710022	-1
74.0888710022	-1
74.0942780972	-1
74.0942780972	-1
74.0942780972	-1
74.0942780972	-1
74.0942780972	-1
74.0942780972	-1
74.1089289188	-1
74.1089289188	-1
74.1089289188	-1
74.1089289188	-1
74.1089289188	-1
74.1089289188	-1
74.1089289188	-1
74.1089289188	-1
74.1284389496	-1
74.1284389496	-1
74.1284389496	-1
74.1284389496	-1
74.1284389496	-1
74.1284389496	-1
74.1284389496	-1
74.1284389496	-1
74.1371939182	-1
74.1371939182	-1
74.1371939182	-1
74.1371939182	-1
74.1371939182	-1
74.1371939182	-1
74.1644530296	-1
74.1644530296	-1
74.1644530296	-1
74.1644530296	-1
74.1644530296	-1
74.1644530296	-1
74.1644530296	-1
74.1644530296	-1
74.1644859314	1
74.1831569672	-1
74.1831569672	-1
74.1831569672	-1
74.1831569672	-1
74.1831569672	-1
74.1831569672	-1
74.1831569672	-1
74.1831569672	-1
74.2000050545	-1
74.2000050545	-1
74.2000050545	-1
74.2000050545	-1
74.2000050545	-1
74.2000050545	-1
74.2000050545	-1
74.2000050545	-1
74.208698988	-1
74.2161839008	-1
74.2161839008	-1
74.2161839008	-1
74.2161839008	-1
74.2161839008	-1
74.2161839008	-1
74.2161839008	-1
74.2222840786	-1
74.2382969856	-1
74.2382969856	-1
74.2382969856	-1
74.2382969856	-1
74.2382969856	-1
74.2382969856	-1
74.2382969856	-1
74.2382969856	-1
74.2466540337	-1
74.2830159664	-1
74.2830159664	-1
74.2830500603	1
74.2998950481	-1
74.2998950481	-1
74.2998950481	-1
74.2998950481	-1
74.2998950481	-1
74.2998950481	-1
74.2998950481	-1
74.3124940395	-1
74.3339540958	-1
74.3339540958	-1
74.3339540958	-1
74.3339540958	-1
74.3339540958	-1
74.3339540958	-1
74.3339540958	-1
74.3535900116	-1
74.3535900116	-1
74.3535900116	-1
74.3535900116	-1
74.3535900116	-1
74.3535900116	-1
74.3535900116	-1
74.3535900116	-1
74.364248991	-1
74.3746709824	-1
74.3746709824	-1
74.3746709824	-1
74.3746709824	-1
74.3746709824	-1
74.3902549744	-1
74.3902549744	-1
74.3902549744	-1
74.3902549744	-1
74.3902549744	-1
74.3902549744	-1
74.3902549744	-1
74.3979759216	-1
74.3979859352	1
74.3979859352	1
74.406332016	-1
74.406332016	-1
74.406332016	-1
74.406332016	-1
74.406332016	-1
74.406332016	-1
74.406332016	-1
74.4145429134	-1
74.4248230457	-1
74.4248230457	-1
74.4248230457	-1
74.4248230457	-1
74.4248230457	-1
74.4248230457	-1
74.4248230457	-1
74.4421069622	-1
74.4493160248	-1
74.4493160248	-1
74.4493160248	-1
74.4493160248	-1
74.4493160248	-1
74.4493160248	-1
74.4493160248	-1
74.468405962	-1
74.468405962	-1
74.468405962	-1
74.468405962	-1
74.468405962	-1
74.468405962	-1
74.468405962	-1
74.468405962	-1
74.4778389931	-1
74.4861710072	-1
74.4861710072	-1
74.4861710072	-1
74.4861710072	-1
74.4861710072	-1
74.4861710072	-1
74.4861710072	-1
74.497025013	-1
74.5084960461	-1
74.5084960461	-1
74.5084960461	-1
74.5084960461	-1
74.5084960461	-1
74.5084960461	-1
74.5084960461	-1
74.5215609074	-1
74.5216128826	1
74.5216128826	1
74.5331699848	-1
74.5331699848	-1
74.5331699848	-1
74.5331699848	-1
74.5331699848	-1
74.5331699848	-1
74.5331699848	-1
74.5426778793	-1
74.5426778793	-1
74.5426778793	-1
74.5426778793	-1
74.5426778793	-1
74.5634698868	-1
74.5634698868	-1
74.5705440044	-1
74.5705440044	-1
74.5705440044	-1
74.5705440044	-1
74.5705440044	-1
74.5705440044	-1
74.5802900791	-1
74.5937449932	-1
74.5937449932	-1
74.5937449932	-1
74.6079609394	-1
74.6079609394	-1
74.6079609394	-1
74.6079609394	-1
74.6079609394	-1
74.6079609394	-1
74.6079609394	-1
74.6154649258	-1
74.6239619255	-1
74.6239619255	-1
74.6239619255	-1
74.6239619255	-1
74.6239619255	-1
74.6239619255	-1
74.6239619255	-1
74.6300139427	-1
74.6365249157	-1
74.6365249157	-1
74.6365249157	-1
74.6365249157	-1
74.6365249157	-1
74.6365249157	-1
74.6365249157	-1
74.6365709305	1
74.6365709305	1
74.6433970928	-1
74.6543519497	-1
74.6543519497	-1
74.6543519497	-1
74.6543519497	-1
74.6543519497	-1
74.6543519497	-1
74.6543519497	-1
74.6712079048	-1
74.6712079048	-1
74.6785218716	-1
74.6785218716	-1
74.6785218716	-1
74.6785218716	-1
74.6785218716	-1
74.6785218716	-1
74.6791749001	1
74.6791749001	1
74.6791749001	1
74.6922869682	-1
74.6957690716	-1
74.6957690716	-1
74.6957690716	-1
74.6957690716	-1
74.6957690716	-1
74.6957690716	-1
74.6957690716	-1
74.7094900608	-1
74.7094900608	-1
74.7094900608	-1
74.7094900608	-1
74.7094900608	-1
74.7094900608	-1
74.7094900608	-1
74.7094900608	-1
74.7180700302	-1
74.7180700302	-1
74.7180700302	-1
74.7180700302	-1
74.7180700302	-1
74.7180700302	-1
74.723803997	-1
74.8077480793	-1
74.8368220329	1
74.8368220329	1
74.8368220329	1
74.9331269264	1
74.9641449451	-1
75.0844810009	1
75.093793869	-1
75.093793869	-1
75.093793869	-1
75.0953860283	1
75.0953860283	1
75.0953860283	1
75.2081449032	1
75.2265160084	-1
75.2265160084	-1
75.2265160084	-1
75.3571000099	1
75.3571000099	1
75.3747849464	-1
75.3747849464	-1
75.4166629314	-1
75.4166629314	-1
75.4166629314	-1
75.4406609535	-1
75.4406609535	-1
75.4406609535	-1
75.4439868927	1
75.4439868927	1
75.4439868927	1
75.4505310059	-1
75.4505310059	-1
75.4505310059	-1
75.4505310059	-1
75.4505310059	-1
75.4505310059	-1
75.4505310059	-1
75.4577000141	-1
75.463465929	1
75.463465929	1
75.463465929	1
75.4655408859	-1
75.4655408859	-1
75.4655408859	-1
75.4655408859	-1
75.4655408859	-1
75.4655408859	-1
75.4655408859	-1
75.4728009701	-1
75.4794170856	-1
75.4794170856	-1
75.4794170856	-1
75.4794170856	-1
75.4794170856	-1
75.4794170856	-1
75.4794170856	-1
75.4852440357	-1
75.4852440357	-1
75.5509839058	-1
75.5509839058	-1
75.5509839058	-1
75.5509839058	-1
75.5509839058	-1
75.5509839058	-1
75.5509839058	-1
75.5509839058	-1
75.5990610123	1
75.5990610123	1
75.6847698689	-1
75.6847698689	-1
75.6847698689	-1
75.6959888935	-1
75.6959888935	-1
75.6959888935	-1
75.6959888935	-1
75.6959888935	-1
75.6959888935	-1
75.6959888935	-1
75.7034659386	-1
75.707928896	1
75.707928896	1
75.707928896	1
75.7109789848	1
75.82310009	-1
75.82310009	-1
75.823143959	1
75.9354948997	-1
75.9354948997	-1
75.9355139732	1
75.9355139732	1
75.9605770111	1
75.9605770111	1
75.9605770111	1
76.0125610828	-1
76.0125610828	-1
76.0125610828	-1
76.1593599319	-1
76.1593599319	-1
76.3311219215	-1
76.3311219215	-1
76.414484024	-1
76.414484024	-1
76.414484024	-1
76.4228699207	1
76.4668040276	1
76.4668040276	1
76.4668040276	1
76.4685130119	1
76.4685130119	1
76.4685130119	1
76.4685130119	1
76.4685130119	1
76.5729088783	1
76.6627678871	-1
76.6627678871	-1
76.6627678871	-1
76.6844520569	-1
76.6844520569	-1
76.6844520569	-1
76.6844520569	-1
76.6844520569	-1
76.6844520569	-1
76.6844520569	-1
76.6987478733	1
76.6992030144	-1
76.6992030144	-1
76.6992030144	-1
76.6992030144	-1
76.6992030144	-1
76.6992030144	-1
76.6992030144	-1
76.7969410419	-1
76.8244650364	-1
76.8244650364	-1
76.8244650364	-1
76.8244650364	-1
76.8244650364	-1
76.8244650364	-1
76.8245000839	1
76.8245000839	1
76.9365849495	-1
76.938683033	1
77.0491979122	-1
77.0491979122	-1
77.1425580978	-1
77.1425580978	-1
77.1425580978	-1
77.1514868736	-1
77.1514868736	-1
77.1514868736	-1
77.1514868736	-1
77.1588790417	1
77.1627099514	-1
77.1989150047	-1
77.2104558945	1
77.2104558945	1
77.2104558945	1
77.3090219498	1
77.340626955	-1
77.507142067	-1
77.507142067	-1
77.507174015	1
77.6177499294	-1
77.6177499294	-1
77.6177499294	-1
77.6775028706	1
77.6965630054	1
77.6965630054	1
77.6965630054	1
77.7012438774	1
77.7012438774	1
77.7906320095	1
77.7906320095	1
77.7906320095	1
77.7906320095	1
77.8038730621	1
77.8045909405	1
77.8045909405	1
77.8045909405	1
77.8045909405	1
77.8045909405	1
77.8045909405	1
77.8045909405	1
77.8045909405	1
77.8045909405	1
77.804805994	1
77.804805994	1
77.804805994	1
77.804805994	1
77.804805994	1
77.804805994	1
77.804805994	1
77.804805994	1
77.8179159164	1
77.8179159164	1
77.8179159164	1
77.8179159164	1
77.8179159164	1
77.8179159164	1
77.8179159164	1
77.8179159164	1
77.8179318905	1
77.852741003	-1
77.9230659008	1
77.9230659008	1
77.9230659008	1
77.9230659008	1
77.9230659008	1
77.9230659008	1
77.9230659008	1
77.935434103	-1
77.935434103	-1
77.935434103	-1
77.9478690624	-1
77.9478690624	-1
77.9587230682	-1
77.9587230682	-1
77.9587230682	-1
77.9587230682	-1
77.9587230682	-1
77.9637200832	-1
77.9730169773	-1
77.9730169773	-1
78.0028319359	-1
78.1147859097	-1
78.1147859097	-1
