0.0	1
0.369122982025	1
0.991124153137	-1
0.992398023605	1
1.60790801048	-1
1.60874319077	1
1.6144759655	1
1.6144759655	1
1.6144759655	1
1.6144759655	1
1.6144759655	1
1.6144759655	1
2.42065310478	-1
2.42222118378	1
2.80090999603	-1
2.80223608017	1
2.92314505577	-1
2.92427897453	1
2.99883508682	-1
3.00002098083	1
3.52372503281	-1
3.64757800102	-1
3.68839216232	-1
3.68839216232	-1
3.68839216232	-1
3.68839216232	-1
3.68839216232	-1
3.68839216232	-1
3.68839216232	-1
3.709015131	-1
3.71088314056	1
3.72201919556	-1
3.78533816338	1
3.83166217804	-1
3.83166217804	-1
3.83166217804	-1
3.83166217804	-1
3.83166217804	-1
3.83166217804	-1
3.83166217804	-1
3.83166217804	-1
3.83364415169	-1
3.90806603432	-1
3.92995715141	-1
3.92995715141	-1
3.92995715141	-1
3.92995715141	-1
3.92995715141	-1
3.92995715141	-1
3.97069096565	1
4.02420115471	-1
4.02420115471	-1
4.02420115471	-1
4.03115200996	-1
4.03115200996	-1
4.03115200996	-1
4.03115200996	-1
4.03115200996	-1
4.03115200996	-1
4.13157296181	-1
4.13157296181	-1
4.35681414604	-1
4.35804510117	1
4.47476911545	-1
4.58940911293	-1
4.60529112816	1
4.85569214821	1
5.05901503563	-1
5.18524217606	-1
5.19260811806	1
5.87246108055	-1
5.98644113541	-1
6.01119208336	1
6.01341509819	1
6.01341509819	1
6.01341509819	1
6.30380296707	-1
6.30509018898	1
6.37963318825	-1
6.83464717865	-1
7.00279903412	-1
7.25501513481	-1
7.32941508293	-1
7.40379214287	-1
7.47820997238	-1
7.48777008057	1
7.73832607269	1
7.92540502548	1
7.99982619286	1
8.34751200676	-1
8.3488380909	1
8.42345619202	-1
8.79034399986	-1
8.80397510529	1
8.92600107193	1
9.25936317444	-1
9.27132916451	1
9.3758430481	-1
9.92652606964	1
10.0352551937	-1
10.0927910805	-1
10.0927910805	-1
10.0927910805	-1
10.0927910805	-1
10.0927910805	-1
10.0927910805	-1
10.0927910805	-1
10.0927910805	-1
10.1097941399	-1
10.1097941399	-1
10.1520180702	1
10.1584410667	1
10.1584410667	1
10.1584410667	1
10.1584410667	1
10.1610679626	1
10.1610679626	1
10.1928400993	-1
10.2446680069	1
10.2452600002	-1
10.2452600002	-1
10.2452600002	-1
10.2452600002	-1
10.2452600002	-1
10.2452600002	-1
10.2452600002	-1
10.2452600002	-1
10.249101162	-1
10.249101162	-1
10.249101162	-1
10.3591220379	1
10.4334101677	1
10.4334101677	1
10.531785965	1
10.7186880112	-1
10.7202880383	1
10.8164770603	-1
10.8177711964	1
10.8789770603	-1
10.8789770603	-1
10.8789770603	-1
10.8924081326	1
10.8924081326	1
10.9670441151	-1
10.9670751095	1
11.104362011	-1
11.1463241577	-1
11.1463241577	-1
11.1463241577	-1
11.2154619694	-1
11.2154619694	-1
11.2230939865	1
11.2917239666	-1
11.2917239666	-1
11.3013410568	1
11.3013410568	1
11.3013410568	1
11.33624506	-1
11.33624506	-1
11.33624506	-1
11.3439860344	-1
11.3439860344	-1
11.3439860344	-1
11.3439860344	-1
11.3439860344	-1
11.3761491776	-1
11.4157261848	-1
11.4157261848	-1
11.4157261848	-1
11.4528090954	-1
11.4528090954	-1
11.4902830124	-1
11.4902830124	-1
11.5646641254	-1
11.5658311844	1
11.6138529778	-1
11.6138529778	-1
11.6138529778	-1
11.6138529778	-1
11.6138529778	-1
11.6317720413	-1
11.633395195	1
11.633395195	1
11.633395195	1
11.6337320805	1
11.6337320805	1
11.7148721218	-1
11.7148721218	-1
11.7423360348	-1
11.7423360348	-1
11.7423360348	-1
11.7423360348	-1
11.7423360348	-1
11.7423360348	-1
11.7423360348	-1
11.742565155	-1
11.7426891327	-1
11.7426891327	-1
11.7426891327	-1
11.7426891327	-1
11.7426891327	-1
11.7426891327	-1
11.7438299656	1
11.7500760555	-1
11.7500760555	-1
11.7500760555	-1
11.7500760555	-1
11.7500760555	-1
11.7500760555	-1
11.7500760555	-1
11.7500760555	-1
11.7500760555	-1
11.761811018	-1
11.761811018	-1
11.761811018	-1
11.761811018	-1
11.761811018	-1
11.8173320293	-1
11.8173320293	-1
11.8173320293	-1
11.8173320293	-1
11.8173320293	-1
11.8173320293	-1
11.8173320293	-1
11.8173320293	-1
11.8264820576	-1
11.8270750046	-1
11.8270750046	-1
11.8270750046	-1
11.8270750046	-1
11.8270750046	-1
11.8270750046	-1
11.8270750046	-1
11.8275511265	-1
11.8275511265	-1
11.8275511265	-1
11.8275511265	-1
11.8275511265	-1
11.8275511265	-1
11.8275511265	-1
11.8286161423	1
11.9404051304	1
11.9404051304	1
11.9404051304	1
11.9632260799	-1
11.9632260799	-1
11.9632260799	-1
12.0799679756	-1
12.0799679756	-1
12.1316590309	-1
12.1316590309	-1
12.1316590309	-1
12.1543860435	-1
12.1567020416	1
12.1568889618	1
12.1568889618	1
12.1568889618	1
12.1568889618	1
12.1568889618	1
12.1568889618	1
12.1634271145	-1
12.1634271145	-1
12.1634271145	-1
12.1634271145	-1
12.1634271145	-1
12.1634271145	-1
12.1634271145	-1
12.1790430546	-1
12.1791470051	-1
12.1791470051	-1
12.1791470051	-1
12.1791470051	-1
12.1791470051	-1
12.1791470051	-1
12.1791470051	-1
12.1791470051	-1
12.2115650177	-1
12.2180809975	-1
12.2180809975	-1
12.2180809975	-1
12.2180809975	-1
12.2180809975	-1
12.2292780876	-1
12.2570211887	1
12.2570211887	1
12.2570211887	1
12.2570211887	1
12.2570211887	1
12.2570211887	1
12.2570211887	1
12.2747180462	-1
12.2747180462	-1
12.2747180462	-1
12.2747180462	-1
12.2747180462	-1
12.2747180462	-1
12.2857990265	-1
12.2857990265	-1
12.2929461002	-1
12.2929461002	-1
12.2929461002	-1
12.2929461002	-1
12.2929461002	-1
12.2929461002	-1
12.2929461002	-1
12.2929461002	-1
12.2965211868	-1
12.2991549969	-1
12.2991549969	-1
12.2991549969	-1
12.2991549969	-1
12.2991549969	-1
12.3334851265	1
12.3334851265	1
12.3334851265	1
12.3660211563	-1
12.3660211563	-1
12.3660211563	-1
12.4083690643	-1
12.4083690643	-1
12.4829239845	-1
12.4829239845	-1
12.5349490643	-1
12.5349490643	-1
12.5349490643	-1
12.5349490643	-1
12.5349490643	-1
12.5349490643	-1
12.5349490643	-1
12.5490510464	-1
12.5614199638	-1
12.5614199638	-1
12.5614199638	-1
12.5614199638	-1
12.5614199638	-1
12.5614199638	-1
12.5614199638	-1
12.5614199638	-1
12.5614199638	-1
12.6068840027	-1
12.6068840027	-1
12.6093411446	-1
12.6973149776	-1
12.7449510098	-1
12.7449510098	-1
12.7449510098	-1
12.7449510098	-1
12.7449510098	-1
12.7449510098	-1
12.7449510098	-1
12.7449510098	-1
12.7586741447	-1
12.7586741447	-1
12.7586741447	-1
12.7586741447	-1
12.7586741447	-1
12.7586741447	-1
12.7949671745	-1
12.7949671745	-1
12.7949671745	-1
12.7949671745	-1
12.7949671745	-1
12.7949671745	-1
12.8095631599	-1
12.820456028	-1
12.820456028	-1
12.820456028	-1
12.820456028	-1
12.820456028	-1
12.820456028	-1
12.862621069	-1
12.862621069	-1
12.8746140003	-1
12.8746140003	-1
12.8746140003	-1
12.8746140003	-1
12.8746140003	-1
12.8779599667	-1
12.9131441116	-1
12.9131441116	-1
12.9131441116	-1
12.9131441116	-1
12.9131441116	-1
12.9131441116	-1
12.9131441116	-1
12.9131441116	-1
12.9271149635	-1
12.9272689819	-1
12.9272689819	-1
12.9272689819	-1
12.9272689819	-1
12.9272689819	-1
12.9272689819	-1
12.9272689819	-1
12.9275569916	-1
12.9275569916	-1
12.9275569916	-1
12.9275569916	-1
12.9275569916	-1
12.9275569916	-1
12.9275569916	-1
12.9586880207	-1
12.9586880207	-1
12.9586880207	-1
12.9586880207	-1
12.9586880207	-1
12.9586880207	-1
12.9586880207	-1
12.9881579876	-1
12.9882600307	-1
12.9882600307	-1
12.9882600307	-1
12.9882600307	-1
12.9882600307	-1
12.9882600307	-1
12.9882600307	-1
12.9882600307	-1
12.9885041714	-1
12.9885041714	-1
12.9885041714	-1
12.9885041714	-1
12.9885041714	-1
12.9885041714	-1
12.9885041714	-1
12.9901990891	1
13.0026960373	-1
13.0026960373	-1
13.0026960373	-1
13.0026960373	-1
13.0026960373	-1
13.0026960373	-1
13.0213720798	-1
13.0339641571	-1
13.0339641571	-1
13.0339641571	-1
13.0339641571	-1
13.0339641571	-1
13.0339641571	-1
13.0339641571	-1
13.0630421638	-1
13.0630421638	-1
13.0630421638	-1
13.0630421638	-1
13.0630421638	-1
13.0630421638	-1
13.0630421638	-1
13.0630421638	-1
13.0647211075	1
13.0740289688	-1
13.0740289688	-1
13.0740289688	-1
13.0740289688	-1
13.0740289688	-1
13.0740289688	-1
13.0740289688	-1
13.0740289688	-1
13.0784640312	-1
13.0784640312	-1
13.0784640312	-1
13.0784640312	-1
13.0784640312	-1
13.0784640312	-1
13.0784640312	-1
13.0784640312	-1
13.0784640312	-1
13.0788161755	-1
13.0788161755	-1
13.0788161755	-1
13.0788161755	-1
13.0788161755	-1
13.1121511459	-1
13.1121511459	-1
13.1121511459	-1
13.1376149654	-1
13.1376149654	-1
13.1376149654	-1
13.1376149654	-1
13.1376149654	-1
13.1376149654	-1
13.1376149654	-1
13.1396830082	-1
13.1396830082	-1
13.1396830082	-1
13.1396830082	-1
13.1396830082	-1
13.1396830082	-1
13.1396830082	-1
13.1397151947	1
13.1567950249	-1
13.1567950249	-1
13.1567950249	-1
13.1567950249	-1
13.1567950249	-1
13.1567950249	-1
13.1567950249	-1
13.1567950249	-1
13.157145977	-1
13.157145977	-1
13.157145977	-1
13.157145977	-1
13.157145977	-1
13.157145977	-1
13.157145977	-1
13.157145977	-1
13.1870481968	-1
13.1870481968	-1
13.1870481968	-1
13.1870481968	-1
13.1870481968	-1
13.1870481968	-1
13.1870481968	-1
13.2125611305	-1
13.2126140594	-1
13.2126140594	-1
13.2126140594	-1
13.2126140594	-1
13.2126140594	-1
13.2126140594	-1
13.2126140594	-1
13.2126140594	-1
13.2471301556	-1
13.2471630573	1
13.2505061626	-1
13.2505061626	-1
13.2505061626	-1
13.2505061626	-1
13.2505061626	-1
13.2505061626	-1
13.2505061626	-1
13.2505061626	-1
13.2508571148	-1
13.2508571148	-1
13.2508571148	-1
13.2508571148	-1
13.2508571148	-1
13.2508571148	-1
13.2508571148	-1
13.2555639744	-1
13.2679121494	-1
13.2679121494	-1
13.2679121494	-1
13.2679121494	-1
13.2679121494	-1
13.2679121494	-1
13.2679121494	-1
13.2679121494	-1
13.2871761322	-1
13.2871761322	-1
13.2871761322	-1
13.2871761322	-1
13.2871761322	-1
13.2871761322	-1
13.2871761322	-1
13.3233191967	-1
13.3233191967	-1
13.3233191967	-1
13.3233191967	-1
13.3233191967	-1
13.3233191967	-1
13.3233191967	-1
13.3233191967	-1
13.3233530521	1
13.3233530521	1
13.3269519806	-1
13.3269519806	-1
13.3269519806	-1
13.3269519806	-1
13.3269519806	-1
13.3269519806	-1
13.3269519806	-1
13.3269519806	-1
13.3269519806	-1
13.3273041248	-1
13.3273041248	-1
13.3273041248	-1
13.3273041248	-1
13.3273041248	-1
13.3273041248	-1
13.3273041248	-1
13.3623001575	-1
13.3623001575	-1
13.3623001575	-1
13.3623001575	-1
13.3623001575	-1
13.3623001575	-1
13.3623001575	-1
13.3623001575	-1
13.3623001575	-1
13.400149107	-1
13.400149107	-1
13.400149107	-1
13.400149107	-1
13.400149107	-1
13.400149107	-1
13.400149107	-1
13.400149107	-1
13.4001870155	1
13.4047100544	-1
13.4047100544	-1
13.4047100544	-1
13.4047100544	-1
13.4047100544	-1
13.4047100544	-1
13.4047100544	-1
13.4047100544	-1
13.4050619602	-1
13.4050619602	-1
13.4050619602	-1
13.4050619602	-1
13.4050619602	-1
13.4050619602	-1
13.4050619602	-1
13.4050619602	-1
13.448112011	-1
13.448112011	-1
13.448112011	-1
13.448112011	-1
13.448112011	-1
13.448112011	-1
13.448112011	-1
13.448112011	-1
13.448333025	-1
13.4491891861	-1
13.4491891861	-1
13.4491891861	-1
13.4491891861	-1
13.4491891861	-1
13.4491891861	-1
13.4491891861	-1
13.4814431667	-1
13.4814779758	1
13.4814779758	1
13.4837360382	-1
13.4837360382	-1
13.4837360382	-1
13.4837360382	-1
13.4837360382	-1
13.4837360382	-1
13.4953401089	-1
13.4953401089	-1
13.4953401089	-1
13.4953401089	-1
13.4953401089	-1
13.4953401089	-1
13.4953401089	-1
13.4953401089	-1
13.4957191944	-1
13.4957191944	-1
13.4957191944	-1
13.4957191944	-1
13.4957191944	-1
13.4957191944	-1
13.4957191944	-1
13.4957191944	-1
13.5234091282	-1
13.5234091282	-1
13.5234091282	-1
13.5234091282	-1
13.5234091282	-1
13.5234091282	-1
13.5234091282	-1
13.5234091282	-1
13.5234091282	-1
13.5397460461	-1
13.5397460461	-1
13.5397460461	-1
13.5397460461	-1
13.5397460461	-1
13.5397460461	-1
13.5397460461	-1
13.5397460461	-1
13.5649750233	-1
13.5649750233	-1
13.5649750233	-1
13.5649750233	-1
13.5649750233	-1
13.5649750233	-1
13.5649750233	-1
13.5649750233	-1
13.5650060177	1
13.5802741051	-1
13.5802741051	-1
13.5803990364	-1
13.5803990364	-1
13.5803990364	-1
13.5803990364	-1
13.5803990364	-1
13.5803990364	-1
13.5813171864	-1
13.5813171864	-1
13.5813171864	-1
13.5813171864	-1
13.5813171864	-1
13.5813171864	-1
13.5813171864	-1
13.5987641811	-1
13.5987641811	-1
13.5987641811	-1
13.5987641811	-1
13.5987641811	-1
13.5987641811	-1
13.5987641811	-1
13.5987641811	-1
13.6291451454	-1
13.6291451454	-1
13.6291451454	-1
13.6291451454	-1
13.6291451454	-1
13.6291451454	-1
13.6291451454	-1
13.6291451454	-1
13.6291451454	-1
13.6406030655	-1
13.6406030655	-1
13.6406030655	-1
13.6406030655	-1
13.6406030655	-1
13.6406030655	-1
13.6406030655	-1
13.6406030655	-1
13.6406030655	-1
13.6406350136	1
13.6409571171	-1
13.6409571171	-1
13.6409571171	-1
13.6409571171	-1
13.6409571171	-1
13.6409571171	-1
13.6667590141	-1
13.6674091816	-1
13.6674091816	-1
13.6674091816	-1
13.6674091816	-1
13.6674091816	-1
13.6674091816	-1
13.6674091816	-1
13.6738710403	-1
13.6738710403	-1
13.6738710403	-1
13.6738710403	-1
13.6738710403	-1
13.6738710403	-1
13.6738710403	-1
13.6738710403	-1
13.7037591934	-1
13.7038650513	-1
13.7038650513	-1
13.7038650513	-1
13.7038650513	-1
13.7038650513	-1
13.7038650513	-1
13.7038650513	-1
13.7038650513	-1
13.7471141815	-1
13.7471141815	-1
13.7471470833	1
13.7471470833	1
13.8217179775	-1
13.8217601776	1
13.8970980644	-1
13.8983340263	1
14.0127811432	1
14.3091311455	-1
14.3558840752	-1
14.3558840752	-1
14.3558840752	-1
14.4160909653	-1
14.4160909653	-1
14.4241240025	1
14.4957749844	-1
14.4957749844	-1
14.4984161854	1
14.7392110825	-1
14.9342000484	-1
14.9493181705	1
14.9506101608	-1
14.9506101608	-1
14.9506101608	-1
14.9506101608	-1
14.9506101608	-1
14.9506101608	-1
14.9506101608	-1
14.9506101608	-1
14.9825890064	-1
14.9826951027	-1
14.9826951027	-1
14.9826951027	-1
14.9826951027	-1
14.9826951027	-1
14.9826951027	-1
14.9826951027	-1
14.9917650223	-1
14.9918141365	-1
14.9918141365	-1
14.9918141365	-1
14.9918141365	-1
14.9918141365	-1
14.9918141365	-1
15.0087611675	-1
15.0236880779	1
15.0501971245	-1
15.0501971245	-1
15.0501971245	-1
15.0501971245	-1
15.0501971245	-1
15.1728880405	-1
15.1793701649	1
15.268928051	-1
15.2689681053	1
15.2689681053	1
15.3181371689	1
15.3181371689	1
15.3181371689	1
15.3190510273	1
15.3190510273	1
15.3190510273	1
15.3490481377	1
15.3490481377	1
15.3498339653	1
15.3498339653	1
15.3546111584	1
15.3546111584	1
15.3546111584	1
15.3929829597	1
15.5286061764	1
15.5286061764	1
15.5663821697	1
15.5663821697	1
15.5663821697	1
15.6013820171	1
15.6013820171	1
15.6029791832	1
15.6115870476	-1
15.6385860443	-1
15.6385860443	-1
15.6385860443	-1
15.6385860443	-1
15.6385860443	-1
15.6385860443	-1
15.6385860443	-1
15.6385860443	-1
15.6577861309	-1
15.6577861309	-1
15.6577861309	-1
15.6577861309	-1
15.6577861309	-1
15.6577861309	-1
15.6577861309	-1
15.6577861309	-1
15.6839511395	-1
15.6840641499	-1
15.6840641499	-1
15.6840641499	-1
15.6840641499	-1
15.6840641499	-1
15.6840641499	-1
15.6840641499	-1
15.6980681419	-1
15.6993041039	1
15.7132411003	-1
15.7132411003	-1
15.7132411003	-1
15.7132411003	-1
15.7132411003	-1
15.7132411003	-1
15.7132411003	-1
15.7132411003	-1
15.7322571278	-1
15.7322571278	-1
15.7322571278	-1
15.7322571278	-1
15.7322571278	-1
15.7323720455	-1
15.7324950695	-1
15.7324950695	-1
15.7324950695	-1
15.7324950695	-1
15.7324950695	-1
15.7324950695	-1
15.7324950695	-1
15.733232975	-1
15.7333550453	-1
15.7333550453	-1
15.7333550453	-1
15.7333550453	-1
15.7333550453	-1
15.7333550453	-1
15.7333550453	-1
15.7586190701	-1
15.7728900909	-1
15.7728900909	-1
15.7728900909	-1
15.7728900909	-1
15.7728900909	-1
15.7728900909	-1
15.7728900909	-1
15.7728900909	-1
15.7728900909	-1
15.7880370617	-1
15.7880370617	-1
15.7880370617	-1
15.7880370617	-1
15.7880370617	-1
15.7880370617	-1
15.7880511284	1
15.7882790565	-1
15.7882790565	-1
15.7882790565	-1
15.7882790565	-1
15.7882790565	-1
15.7882790565	-1
15.7882790565	-1
15.7882790565	-1
15.7882790565	-1
15.8070380688	-1
15.8070380688	-1
15.8070380688	-1
15.8070380688	-1
15.8070380688	-1
15.8070380688	-1
15.8070380688	-1
15.8335549831	-1
15.8335549831	-1
15.8335549831	-1
15.8335549831	-1
15.8335549831	-1
15.8335549831	-1
15.8335549831	-1
15.8335549831	-1
15.8335549831	-1
15.8339090347	-1
15.8339090347	-1
15.8339090347	-1
15.8339090347	-1
15.8339090347	-1
15.8339090347	-1
15.8339090347	-1
15.8339090347	-1
15.8342781067	-1
15.8342781067	-1
15.8342781067	-1
15.8342781067	-1
15.8342781067	-1
15.8342781067	-1
15.8342781067	-1
15.8342781067	-1
15.8635911942	-1
15.8635911942	-1
15.8635911942	-1
15.8635911942	-1
15.8635911942	-1
15.8635911942	-1
15.8635911942	-1
15.8635911942	-1
15.8635911942	-1
15.8636050224	1
15.8639080524	-1
15.8639080524	-1
15.8639080524	-1
15.8639080524	-1
15.8639080524	-1
15.8639080524	-1
15.8834490776	-1
15.8834490776	-1
15.8834490776	-1
15.8834490776	-1
15.8834490776	-1
15.8834490776	-1
15.8834490776	-1
15.8834490776	-1
15.8834490776	-1
15.8838131428	-1
15.8838131428	-1
15.8838131428	-1
15.8838131428	-1
15.8838131428	-1
15.8838131428	-1
15.8838131428	-1
15.8838131428	-1
15.8841810226	-1
15.8841810226	-1
15.8841810226	-1
15.8841810226	-1
15.8841810226	-1
15.8841810226	-1
15.8841810226	-1
15.8841810226	-1
15.8875460625	1
15.8875460625	1
15.8875460625	1
15.9083299637	-1
15.9083299637	-1
15.9083299637	-1
15.9083299637	-1
15.9083299637	-1
15.9083299637	-1
15.9083299637	-1
15.92436409	-1
15.92436409	-1
15.92436409	-1
15.92436409	-1
15.92436409	-1
15.92436409	-1
15.924601078	1
15.924601078	1
15.924601078	1
15.924601078	1
15.9282271862	1
15.9399280548	-1
15.9399280548	-1
15.9399280548	-1
15.9399280548	-1
15.9399280548	-1
15.9399280548	-1
15.9399280548	-1
15.9399280548	-1
15.9399430752	1
15.9411680698	1
15.9411680698	1
15.9411680698	1
15.9431900978	1
15.9431900978	1
15.9431900978	1
15.9582970142	-1
15.9582970142	-1
15.9582970142	-1
15.9582970142	-1
15.9582970142	-1
15.9582970142	-1
15.9582970142	-1
15.9582970142	-1
15.9585390091	-1
15.9585390091	-1
15.9585390091	-1
15.9585390091	-1
15.9585390091	-1
15.9585390091	-1
15.9585390091	-1
15.9585390091	-1
15.9589061737	-1
15.9589061737	-1
15.9589061737	-1
15.9589061737	-1
15.9589061737	-1
15.9589061737	-1
15.9589061737	-1
15.9611880779	1
15.9611880779	1
15.9829781055	-1
15.9829781055	-1
15.9829781055	-1
15.9829781055	-1
15.9829781055	-1
15.9829781055	-1
15.9829781055	-1
15.9829781055	-1
15.9829781055	-1
15.9833381176	-1
15.9833381176	-1
15.9833381176	-1
15.9833381176	-1
15.9833381176	-1
15.9833381176	-1
15.9833381176	-1
16.0147821903	-1
16.0147821903	-1
16.0147821903	-1
16.0147821903	-1
16.0147821903	-1
16.0147821903	-1
16.0147821903	-1
16.0147821903	-1
16.0147821903	-1
16.015130043	-1
16.015130043	-1
16.015130043	-1
16.015130043	-1
16.015130043	-1
16.015130043	-1
16.015130043	-1
16.0355060101	-1
16.0355060101	-1
16.0355060101	-1
16.0355060101	-1
16.0355060101	-1
16.0355060101	-1
16.0355060101	-1
16.0355060101	-1
16.0358660221	-1
16.0358660221	-1
16.0358660221	-1
16.0358660221	-1
16.0358660221	-1
16.0358660221	-1
16.0358660221	-1
16.0358660221	-1
16.0595071316	-1
16.0595071316	-1
16.0595071316	-1
16.0595071316	-1
16.0595071316	-1
16.0595071316	-1
16.0595071316	-1
16.0595071316	-1
16.0598671436	-1
16.0598671436	-1
16.0598671436	-1
16.0598671436	-1
16.0598671436	-1
16.0598671436	-1
16.0598671436	-1
16.0598671436	-1
16.0893230438	-1
16.0893340111	1
16.0893340111	1
16.0896630287	-1
16.0896630287	-1
16.0896630287	-1
16.0896630287	-1
16.0896630287	-1
16.0896630287	-1
16.0896630287	-1
16.0899090767	-1
16.0899090767	-1
16.0899090767	-1
16.0899090767	-1
16.0899090767	-1
16.0899090767	-1
16.0899090767	-1
16.0899090767	-1
16.0902421474	-1
16.0902421474	-1
16.0902421474	-1
16.0902421474	-1
16.0902421474	-1
16.0902421474	-1
16.0902421474	-1
16.0902421474	-1
16.0905601978	-1
16.0905601978	-1
16.1114001274	-1
16.1114001274	-1
16.1114001274	-1
16.1114001274	-1
16.1114001274	-1
16.1114001274	-1
16.1445350647	-1
16.1445350647	-1
16.1445350647	-1
16.1445350647	-1
16.1445350647	-1
16.1445350647	-1
16.1445350647	-1
16.1445350647	-1
16.1445350647	-1
16.1448941231	-1
16.1448941231	-1
16.1448941231	-1
16.1448941231	-1
16.1448941231	-1
16.1448941231	-1
16.1467809677	-1
16.1467809677	-1
16.1467809677	-1
16.1467809677	-1
16.1467809677	-1
16.1467809677	-1
16.1467809677	-1
16.1467809677	-1
16.1476061344	1
16.1476061344	1
16.1476061344	1
16.1665210724	-1
16.1665210724	-1
16.1665210724	-1
16.1665210724	-1
16.1665210724	-1
16.1665210724	-1
16.1665210724	-1
16.1665210724	-1
16.1665210724	-1
16.1710891724	-1
16.1710891724	-1
16.1711361408	-1
16.1711361408	-1
16.1711361408	-1
16.1711361408	-1
16.1711361408	-1
16.1711361408	-1
16.1711361408	-1
16.1733481884	1
16.1733481884	1
16.1733481884	1
16.1883239746	-1
16.1883239746	-1
16.1883239746	-1
16.1883239746	-1
16.1883239746	-1
16.1883239746	-1
16.1883239746	-1
16.219408989	-1
16.219408989	-1
16.219408989	-1
16.219408989	-1
16.219408989	-1
16.219408989	-1
16.219408989	-1
16.219408989	-1
16.2200140953	-1
16.2200140953	-1
16.2200140953	-1
16.2200140953	-1
16.2200140953	-1
16.2200140953	-1
16.2200140953	-1
16.2200140953	-1
16.2200140953	-1
16.2203841209	-1
16.2203841209	-1
16.2203841209	-1
16.2203841209	-1
16.2203841209	-1
16.2203841209	-1
16.2203841209	-1
16.2203841209	-1
16.2214140892	1
16.2214140892	1
16.238571167	1
16.2612960339	-1
16.2612960339	-1
16.2612960339	-1
16.2612960339	-1
16.2612960339	-1
16.2612960339	-1
16.2612960339	-1
16.2910540104	-1
16.2911579609	-1
16.2911579609	-1
16.2911579609	-1
16.2911579609	-1
16.2911579609	-1
16.2911579609	-1
16.2911579609	-1
16.3133120537	-1
16.3136429787	-1
16.3136429787	-1
16.3136429787	-1
16.3136429787	-1
16.3136429787	-1
16.3136429787	-1
16.3136429787	-1
16.3323161602	-1
16.3323161602	-1
16.3323161602	-1
16.3323161602	-1
16.3323161602	-1
16.3323161602	-1
16.3323161602	-1
16.3323161602	-1
16.3551709652	-1
16.3551709652	-1
16.3551709652	-1
16.3551709652	-1
16.3551709652	-1
16.3551709652	-1
16.3551709652	-1
16.3551709652	-1
16.364025116	-1
16.364025116	-1
16.364025116	-1
16.364025116	-1
16.364025116	-1
16.364025116	-1
16.364025116	-1
16.364025116	-1
16.3652360439	1
16.3833501339	-1
16.3833501339	-1
16.3833501339	-1
16.3833501339	-1
16.3833501339	-1
16.3833501339	-1
16.3833501339	-1
16.3833501339	-1
16.3915131092	-1
16.3915131092	-1
16.3915131092	-1
16.3915131092	-1
16.3915131092	-1
16.3915131092	-1
16.3915131092	-1
16.3915131092	-1
16.3985850811	-1
16.4053640366	-1
16.4053640366	-1
16.4053640366	-1
16.4053640366	-1
16.4053640366	-1
16.4053640366	-1
16.4053640366	-1
16.412858963	-1
16.420279026	-1
16.420279026	-1
16.420279026	-1
16.420279026	-1
16.420279026	-1
16.420279026	-1
16.420279026	-1
16.4365320206	-1
16.4365320206	-1
16.4365320206	-1
16.4365320206	-1
16.4365320206	-1
16.4365320206	-1
16.4365320206	-1
16.4365320206	-1
16.4502530098	-1
16.4502530098	-1
16.4502530098	-1
16.4502530098	-1
16.4502530098	-1
16.4502530098	-1
16.4502530098	-1
16.4502530098	-1
16.45028615	1
16.45028615	1
16.4506261349	-1
16.4506261349	-1
16.4506261349	-1
16.4506261349	-1
16.4506261349	-1
16.4506261349	-1
16.4506261349	-1
16.4506261349	-1
16.4660470486	-1
16.4807910919	-1
16.4807910919	-1
16.4807910919	-1
16.4807910919	-1
16.4807910919	-1
16.4807910919	-1
16.4807910919	-1
16.4807910919	-1
16.4911301136	-1
16.4911301136	-1
16.4911301136	-1
16.4911301136	-1
16.4911301136	-1
16.4911301136	-1
16.4911301136	-1
16.4911301136	-1
16.4914801121	-1
16.4914801121	-1
16.4914801121	-1
16.4914801121	-1
16.4914801121	-1
16.4914801121	-1
16.4914801121	-1
16.4914801121	-1
16.491849184	-1
16.491849184	-1
16.491849184	-1
16.491849184	-1
16.491849184	-1
16.491849184	-1
16.528012991	-1
16.5280361176	1
16.5386061668	-1
16.5386061668	-1
16.5386061668	-1
16.5386061668	-1
16.5386061668	-1
16.5386061668	-1
16.5386061668	-1
16.5386061668	-1
16.546900034	-1
16.546900034	-1
16.546900034	-1
16.546900034	-1
16.546900034	-1
16.546900034	-1
16.546900034	-1
16.546900034	-1
16.5644361973	-1
16.5644361973	-1
16.5644361973	-1
16.5644361973	-1
16.5644361973	-1
16.5644361973	-1
16.5644361973	-1
16.5764431953	-1
16.5764431953	-1
16.5764431953	-1
16.5764431953	-1
16.5764431953	-1
16.5764431953	-1
16.5764431953	-1
16.5764431953	-1
16.5948131084	-1
16.5948131084	-1
16.5948131084	-1
16.5948131084	-1
16.5948131084	-1
16.5948131084	-1
16.5948131084	-1
16.5948131084	-1
16.6011371613	-1
16.6011371613	-1
16.6022491455	1
16.6022491455	1
16.6022491455	1
16.6231760979	-1
16.6231760979	-1
16.6231760979	-1
16.6231760979	-1
16.6231760979	-1
16.6231760979	-1
16.6231760979	-1
16.6328191757	-1
16.6328191757	-1
16.6328191757	-1
16.6328191757	-1
16.6328191757	-1
16.6328191757	-1
16.6328191757	-1
16.638146162	-1
16.638146162	-1
16.638146162	-1
16.638146162	-1
16.638146162	-1
16.638146162	-1
16.638146162	-1
16.638146162	-1
16.6565151215	-1
16.6565151215	-1
16.6565151215	-1
16.6565151215	-1
16.6565151215	-1
16.6565151215	-1
16.6565151215	-1
16.6565151215	-1
16.6618001461	-1
16.6618001461	-1
16.6618001461	-1
16.6618001461	-1
16.6618001461	-1
16.6618001461	-1
16.6618001461	-1
16.6618001461	-1
16.677834034	-1
16.677834034	-1
16.677834034	-1
16.677834034	-1
16.677834034	-1
16.677834034	-1
16.677834034	-1
16.677834034	-1
16.677834034	-1
16.6803731918	-1
16.6803731918	-1
16.6803731918	-1
16.6803731918	-1
16.6803731918	-1
16.6803731918	-1
16.6803731918	-1
16.6822891235	1
16.6822891235	1
16.6822891235	1
16.7046811581	-1
16.7046811581	-1
16.7046811581	-1
16.7046811581	-1
16.7046811581	-1
16.7046811581	-1
16.7046811581	-1
16.7046811581	-1
16.707472086	-1
16.707472086	-1
16.707472086	-1
16.707472086	-1
16.707472086	-1
16.707472086	-1
16.707472086	-1
16.707472086	-1
16.7078311443	-1
16.7078311443	-1
16.7078311443	-1
16.7078311443	-1
16.7078311443	-1
16.7078311443	-1
16.7078311443	-1
16.7078311443	-1
16.7081999779	-1
16.7081999779	-1
16.7081999779	-1
16.7081999779	-1
16.7081999779	-1
16.7081999779	-1
16.7081999779	-1
16.7081999779	-1
16.7135090828	-1
16.7135090828	-1
16.7135090828	-1
16.7135090828	-1
16.7135090828	-1
16.7135090828	-1
16.7135090828	-1
16.7135090828	-1
16.7374470234	-1
16.7374470234	-1
16.7374470234	-1
16.7374470234	-1
16.7374470234	-1
16.7374470234	-1
16.7374470234	-1
16.7374470234	-1
16.7378120422	-1
16.7378120422	-1
16.7378120422	-1
16.7378120422	-1
16.7378120422	-1
16.7378120422	-1
16.7378120422	-1
16.7378120422	-1
16.7785570621	-1
16.7785570621	-1
16.7785801888	1
16.7787489891	-1
16.7787489891	-1
16.7787489891	-1
16.7787489891	-1
16.7787489891	-1
16.7787489891	-1
16.7787489891	-1
16.7787489891	-1
16.7814981937	1
16.7814981937	1
16.7814981937	1
16.7814981937	1
16.7814981937	1
16.7814981937	1
16.7814981937	1
16.7814981937	1
16.7814981937	1
16.7814981937	1
16.7815551758	1
16.7815551758	1
16.7815551758	1
16.7815551758	1
16.7815551758	1
16.7830941677	-1
16.7830941677	-1
16.7830941677	-1
16.7830941677	-1
16.7830941677	-1
16.7830941677	-1
16.7830941677	-1
16.7830941677	-1
16.7834591866	-1
16.7834591866	-1
16.7834591866	-1
16.7834591866	-1
16.7834591866	-1
16.7834591866	-1
16.7834591866	-1
16.7834591866	-1
16.7838270664	-1
16.7838270664	-1
16.7838270664	-1
16.7838270664	-1
16.7838270664	-1
16.7838270664	-1
16.7838270664	-1
16.7866561413	1
16.7866561413	1
16.7866561413	1
16.7866561413	1
16.7866561413	1
16.7866561413	1
16.7866561413	1
16.7866561413	1
16.7883751392	-1
16.7883751392	-1
16.7883751392	-1
16.7883751392	-1
16.7883751392	-1
16.7883751392	-1
16.7883751392	-1
16.7883751392	-1
16.7883751392	-1
16.7887260914	-1
16.7887260914	-1
16.7887260914	-1
16.7887260914	-1
16.7887260914	-1
16.7887260914	-1
16.7887260914	-1
16.7887260914	-1
16.8130700588	-1
16.8130700588	-1
16.8131790161	-1
16.8131790161	-1
16.8131790161	-1
16.8131790161	-1
16.8131790161	-1
16.8131790161	-1
16.8534400463	-1
16.8534400463	-1
16.8534400463	-1
16.8534400463	-1
16.8534400463	-1
16.8534400463	-1
16.8534400463	-1
16.8534400463	-1
16.8534400463	-1
16.8538091183	-1
16.8538091183	-1
16.8538091183	-1
16.8538091183	-1
16.8538091183	-1
16.8538091183	-1
16.8538091183	-1
16.8538091183	-1
16.8541140556	-1
16.8541140556	-1
16.8541140556	-1
16.8541140556	-1
16.8541140556	-1
16.8541140556	-1
16.8541140556	-1
16.8587210178	-1
16.8588249683	-1
16.8588249683	-1
16.8588249683	-1
16.8588249683	-1
16.8588249683	-1
16.8588249683	-1
16.8588249683	-1
16.8731591702	-1
16.8732180595	-1
16.8732180595	-1
16.8732180595	-1
16.8732180595	-1
16.8732180595	-1
16.8732180595	-1
16.8732180595	-1
16.875442028	1
16.875442028	1
16.875442028	1
16.877379179	-1
16.877379179	-1
16.877379179	-1
16.877379179	-1
16.877379179	-1
16.877379179	-1
16.877379179	-1
16.8896839619	-1
16.8896839619	-1
16.8896839619	-1
16.8896839619	-1
16.8896839619	-1
16.8896839619	-1
16.8896839619	-1
16.8896839619	-1
16.9258329868	-1
16.9258329868	-1
16.9258329868	-1
16.9258329868	-1
16.9258329868	-1
16.9258329868	-1
16.9258329868	-1
16.9258329868	-1
16.9258329868	-1
16.926181078	-1
16.926181078	-1
16.926181078	-1
16.926181078	-1
16.926181078	-1
16.926181078	-1
16.926181078	-1
16.926181078	-1
16.9265501499	-1
16.9265501499	-1
16.9265501499	-1
16.9265501499	-1
16.9265501499	-1
16.9265501499	-1
16.9265501499	-1
16.9265501499	-1
16.9277691841	1
16.9465260506	-1
16.9465260506	-1
16.9465260506	-1
16.9465260506	-1
16.9465260506	-1
16.9465260506	-1
16.9465260506	-1
16.9465260506	-1
16.9587199688	-1
16.9588639736	-1
16.9588639736	-1
16.9588639736	-1
16.9588639736	-1
16.9588639736	-1
16.9588639736	-1
16.9588639736	-1
16.9630901814	-1
16.963353157	-1
16.963353157	-1
16.963353157	-1
16.963353157	-1
16.963353157	-1
16.963353157	-1
16.963353157	-1
16.963613987	-1
16.963613987	-1
16.963613987	-1
16.963613987	-1
16.963613987	-1
16.963613987	-1
16.963613987	-1
16.9777460098	-1
16.9777460098	-1
16.9777460098	-1
16.9777460098	-1
16.9777460098	-1
16.9777460098	-1
16.9777460098	-1
16.9777460098	-1
16.9777460098	-1
17.0024161339	1
17.0046441555	-1
17.0046441555	-1
17.0046441555	-1
17.0046441555	-1
17.0046441555	-1
17.0046441555	-1
17.0046441555	-1
17.0072419643	-1
17.0073571205	-1
17.0073571205	-1
17.0073571205	-1
17.0073571205	-1
17.0073571205	-1
17.0073571205	-1
17.0073571205	-1
17.018073082	-1
17.018073082	-1
17.018073082	-1
17.018073082	-1
17.018073082	-1
17.018073082	-1
17.018073082	-1
17.018073082	-1
17.05468297	-1
17.05468297	-1
17.0547361374	-1
17.0547361374	-1
17.0547361374	-1
17.0547361374	-1
17.0547361374	-1
17.0547361374	-1
17.0547361374	-1
17.0550310612	-1
17.0551559925	-1
17.0551559925	-1
17.0551559925	-1
17.0551559925	-1
17.0551559925	-1
17.0551559925	-1
17.0551559925	-1
17.0553991795	-1
17.0555231571	-1
17.0555231571	-1
17.0555231571	-1
17.0555231571	-1
17.0555231571	-1
17.0555231571	-1
17.0560011864	1
17.0560011864	1
17.0560011864	1
17.0630881786	-1
17.0630881786	-1
17.0630881786	-1
17.0630881786	-1
17.0630881786	-1
17.0630881786	-1
17.0630881786	-1
17.0630881786	-1
17.096765995	-1
17.096765995	-1
17.096765995	-1
17.096765995	-1
17.096765995	-1
17.096765995	-1
17.096765995	-1
17.096765995	-1
17.0969510078	-1
17.0971951485	-1
17.0971951485	-1
17.0971951485	-1
17.0971951485	-1
17.0971951485	-1
17.0971951485	-1
17.0971951485	-1
17.0974421501	-1
17.0978319645	-1
17.0978319645	-1
17.0978319645	-1
17.0978319645	-1
17.0978319645	-1
17.0978319645	-1
17.0978319645	-1
17.1210610867	-1
17.12926507	-1
17.12926507	-1
17.12926507	-1
17.12926507	-1
17.12926507	-1
17.12926507	-1
17.12926507	-1
17.1438450813	-1
17.1457490921	-1
17.1457490921	-1
17.1457490921	-1
17.1457490921	-1
17.1457490921	-1
17.1457490921	-1
17.1457490921	-1
17.1457490921	-1
17.1462440491	-1
17.1462440491	-1
17.1462440491	-1
17.1462440491	-1
17.1462440491	-1
17.1462440491	-1
17.1462440491	-1
17.1462440491	-1
17.151391983	1
17.151391983	1
17.1555380821	-1
17.1555380821	-1
17.1555380821	-1
17.1555380821	-1
17.1555380821	-1
17.1555380821	-1
17.1555380821	-1
17.1579451561	-1
17.1580610275	-1
17.1580610275	-1
17.1580610275	-1
17.1580610275	-1
17.1580610275	-1
17.1580610275	-1
17.1580610275	-1
17.1716890335	-1
17.1716890335	-1
17.1716890335	-1
17.1716890335	-1
17.1716890335	-1
17.1716890335	-1
17.1716890335	-1
17.1716890335	-1
17.1975870132	-1
17.1975870132	-1
17.1978089809	-1
17.1978089809	-1
17.1978089809	-1
17.1978089809	-1
17.1978089809	-1
17.1978089809	-1
17.1978089809	-1
17.1988489628	1
17.1988489628	1
17.1988489628	1
17.2044210434	-1
17.2045431137	-1
17.2045431137	-1
17.2045431137	-1
17.2045431137	-1
17.2045431137	-1
17.2045431137	-1
17.2045431137	-1
17.2261741161	1
17.2626831532	-1
17.2626831532	-1
17.2626831532	-1
17.2626831532	-1
17.2626831532	-1
17.2626831532	-1
17.2626831532	-1
17.2626831532	-1
17.2644031048	-1
17.2644031048	-1
17.2644031048	-1
17.2644031048	-1
17.2644031048	-1
17.2644031048	-1
17.2644031048	-1
17.2697429657	-1
17.2697429657	-1
17.2697429657	-1
17.2697429657	-1
17.2697429657	-1
17.2697429657	-1
17.2697429657	-1
17.2697429657	-1
17.2727091312	-1
17.2727091312	-1
17.2727091312	-1
17.2727091312	-1
17.2727091312	-1
17.2727091312	-1
17.2727091312	-1
17.2727091312	-1
17.2739579678	-1
17.2739579678	-1
17.2739579678	-1
17.2739579678	-1
17.2739579678	-1
17.2739579678	-1
17.2739579678	-1
17.2739579678	-1
17.2941381931	-1
17.2941381931	-1
17.2942581177	-1
17.2942581177	-1
17.2942581177	-1
17.2942581177	-1
17.2942581177	-1
17.2942581177	-1
17.2942581177	-1
17.2945029736	-1
17.2946259975	-1
17.2946259975	-1
17.2946259975	-1
17.2946259975	-1
17.2946259975	-1
17.2946259975	-1
17.2946259975	-1
17.3008179665	1
17.3008179665	1
17.3198690414	-1
17.3198690414	-1
17.3198690414	-1
17.3198690414	-1
17.3198690414	-1
17.3198690414	-1
17.3198690414	-1
17.3198690414	-1
17.3374290466	-1
17.3376569748	-1
17.3376569748	-1
17.3376569748	-1
17.3376569748	-1
17.3376569748	-1
17.3376569748	-1
17.3458051682	-1
17.3458051682	-1
17.3458051682	-1
17.3458051682	-1
17.3458051682	-1
17.3458051682	-1
17.3458051682	-1
17.3458051682	-1
17.3641760349	-1
17.3641760349	-1
17.3642799854	-1
17.3642799854	-1
17.3642799854	-1
17.3642799854	-1
17.3642799854	-1
17.3642799854	-1
17.364770174	-1
17.364770174	-1
17.364770174	-1
17.364770174	-1
17.364770174	-1
17.364770174	-1
17.364770174	-1
17.364770174	-1
17.3755161762	1
17.3956899643	-1
17.3956899643	-1
17.3956899643	-1
17.3956899643	-1
17.3956899643	-1
17.3956899643	-1
17.3956899643	-1
17.3956899643	-1
17.3956899643	-1
17.3989470005	-1
17.3989470005	-1
17.3989470005	-1
17.3989470005	-1
17.3989470005	-1
17.3989470005	-1
17.3989470005	-1
17.4006841183	-1
17.4018859863	-1
17.4018859863	-1
17.4018859863	-1
17.4018859863	-1
17.4018859863	-1
17.4018859863	-1
17.4018859863	-1
17.4080190659	-1
17.40812397	-1
17.40812397	-1
17.40812397	-1
17.40812397	-1
17.40812397	-1
17.40812397	-1
17.40812397	-1
17.4230501652	-1
17.4232580662	-1
17.4232580662	-1
17.4232580662	-1
17.4232580662	-1
17.4232580662	-1
17.4232580662	-1
17.4232580662	-1
17.4235031605	-1
17.4235031605	-1
17.4235031605	-1
17.4235031605	-1
17.4235031605	-1
17.4235031605	-1
17.4235031605	-1
17.4235031605	-1
17.4454751015	-1
17.4458060265	-1
17.4458060265	-1
17.4458060265	-1
17.4458060265	-1
17.4458060265	-1
17.4458060265	-1
17.4458060265	-1
17.4458060265	-1
17.4502840042	1
17.4502840042	1
17.4612030983	-1
17.4612030983	-1
17.4612030983	-1
17.4612030983	-1
17.4612030983	-1
17.4612030983	-1
17.4612030983	-1
17.4612030983	-1
17.4719340801	-1
17.4720580578	-1
17.4720580578	-1
17.4720580578	-1
17.4720580578	-1
17.4720580578	-1
17.4720580578	-1
17.4720580578	-1
17.4821660519	-1
17.4822230339	-1
17.4822230339	-1
17.4822230339	-1
17.4822230339	-1
17.4822230339	-1
17.4822230339	-1
17.4822230339	-1
17.4836289883	-1
17.4837501049	-1
17.4837501049	-1
17.4837501049	-1
17.4837501049	-1
17.4837501049	-1
17.4837501049	-1
17.4837501049	-1
17.4839971066	-1
17.4839971066	-1
17.4839971066	-1
17.4839971066	-1
17.4839971066	-1
17.4839971066	-1
17.4839971066	-1
17.5065221786	-1
17.5065221786	-1
17.5065221786	-1
17.5065221786	-1
17.5065221786	-1
17.5065221786	-1
17.5065221786	-1
17.5065221786	-1
17.5077991486	1
17.5077991486	1
17.5077991486	1
17.5249261856	-1
17.5307641029	-1
17.5307641029	-1
17.5307641029	-1
17.5307641029	-1
17.5307641029	-1
17.5307641029	-1
17.5307641029	-1
17.5307641029	-1
17.5309281349	-1
17.5309281349	-1
17.5309281349	-1
17.5309281349	-1
17.5309281349	-1
17.5309281349	-1
17.5309281349	-1
17.536108017	-1
17.536108017	-1
17.536108017	-1
17.536108017	-1
17.536108017	-1
17.536108017	-1
17.536108017	-1
17.5535590649	-1
17.5535590649	-1
17.5535590649	-1
17.5535590649	-1
17.5535590649	-1
17.5535590649	-1
17.5535590649	-1
17.5535590649	-1
17.5535590649	-1
17.5577251911	-1
17.5577251911	-1
17.5577251911	-1
17.5577251911	-1
17.5577251911	-1
17.5577251911	-1
17.5577251911	-1
17.5577251911	-1
17.5726621151	-1
17.5726621151	-1
17.5728549957	-1
17.5728549957	-1
17.5728549957	-1
17.5728549957	-1
17.5728549957	-1
17.5728549957	-1
17.5728549957	-1
17.5889291763	-1
17.5890340805	-1
17.5890340805	-1
17.5890340805	-1
17.5890340805	-1
17.5890340805	-1
17.5890340805	-1
17.5890340805	-1
17.5892779827	-1
17.5892779827	-1
17.5892779827	-1
17.5892779827	-1
17.5892779827	-1
17.5892779827	-1
17.5892779827	-1
17.5994360447	1
17.6060211658	-1
17.6060211658	-1
17.6060211658	-1
17.6060211658	-1
17.6060211658	-1
17.6060211658	-1
17.6060211658	-1
17.6060211658	-1
17.6060211658	-1
17.6123991013	-1
17.6123991013	-1
17.6125171185	-1
17.6125171185	-1
17.6125171185	-1
17.6125171185	-1
17.6125171185	-1
17.6125171185	-1
17.6287221909	-1
17.6287221909	-1
17.6287221909	-1
17.6287221909	-1
17.6287221909	-1
17.6287221909	-1
17.6287221909	-1
17.630865097	-1
17.6409859657	-1
17.6409859657	-1
17.6409859657	-1
17.6409859657	-1
17.6409859657	-1
17.6409859657	-1
17.6409859657	-1
17.6412680149	-1
17.6484160423	-1
17.6484160423	-1
17.6484160423	-1
17.6484160423	-1
17.6484160423	-1
17.6484160423	-1
17.6484160423	-1
17.6484160423	-1
17.6487841606	-1
17.6487841606	-1
17.6487841606	-1
17.6487841606	-1
17.6487841606	-1
17.6487841606	-1
17.6487841606	-1
17.6636610031	-1
17.6646440029	-1
17.6646440029	-1
17.6646440029	-1
17.6646440029	-1
17.6646440029	-1
17.6646440029	-1
17.6646440029	-1
17.6741390228	1
17.6741390228	1
17.6767141819	-1
17.6767141819	-1
17.6767141819	-1
17.6767141819	-1
17.6767141819	-1
17.6767141819	-1
17.6767141819	-1
17.6767141819	-1
17.6849319935	-1
17.6998369694	-1
17.6998369694	-1
17.6998369694	-1
17.6998369694	-1
17.6998369694	-1
17.6998369694	-1
17.6998369694	-1
17.6998369694	-1
17.7001481056	-1
17.7001481056	-1
17.7001481056	-1
17.7001481056	-1
17.7001481056	-1
17.7001481056	-1
17.7001481056	-1
17.7042050362	-1
17.7043220997	-1
17.7043220997	-1
17.7043220997	-1
17.7043220997	-1
17.7043220997	-1
17.7043220997	-1
17.7316920757	-1
17.7316920757	-1
17.7316920757	-1
17.7316920757	-1
17.7316920757	-1
17.7316920757	-1
17.7316920757	-1
17.7316920757	-1
17.7316920757	-1
17.7320711613	-1
17.7324421406	-1
17.7324421406	-1
17.7324421406	-1
17.7324421406	-1
17.7324421406	-1
17.7324421406	-1
17.7324421406	-1
17.7347400188	-1
17.748789072	1
17.748789072	1
17.7579851151	-1
17.7579851151	-1
17.7579851151	-1
17.7579851151	-1
17.7579851151	-1
17.7579851151	-1
17.7579851151	-1
17.762305975	-1
17.7624201775	-1
17.7624201775	-1
17.7624201775	-1
17.7624201775	-1
17.7624201775	-1
17.7624201775	-1
17.7624201775	-1
17.7629320621	-1
17.7629320621	-1
17.7629320621	-1
17.7629320621	-1
17.7629320621	-1
17.7629320621	-1
17.7629320621	-1
17.7908761501	-1
17.7908761501	-1
17.7908761501	-1
17.7908761501	-1
17.7908761501	-1
17.7908761501	-1
17.7908761501	-1
17.7908761501	-1
17.7908761501	-1
17.791218996	-1
17.791218996	-1
17.7917220592	-1
17.7917220592	-1
17.7917220592	-1
17.7917220592	-1
17.7917220592	-1
17.7917220592	-1
17.7917220592	-1
17.8063499928	-1
17.8064551353	-1
17.8064551353	-1
17.8064551353	-1
17.8064551353	-1
17.8064551353	-1
17.8064551353	-1
17.8064551353	-1
17.8064551353	-1
17.8067011833	-1
17.8067011833	-1
17.8067011833	-1
17.8067011833	-1
17.8067011833	-1
17.8067011833	-1
17.8067011833	-1
17.8067011833	-1
17.807090044	-1
17.807090044	-1
17.807090044	-1
17.807090044	-1
17.807090044	-1
17.807090044	-1
17.807090044	-1
17.807090044	-1
17.8237330914	1
17.8237330914	1
17.8328900337	-1
17.8328900337	-1
17.8328900337	-1
17.8328900337	-1
17.8328900337	-1
17.8328900337	-1
17.8371679783	-1
17.8371679783	-1
17.8371679783	-1
17.8371679783	-1
17.8371679783	-1
17.8371679783	-1
17.8371679783	-1
17.8371679783	-1
17.8497650623	-1
17.8497650623	-1
17.8497650623	-1
17.8497650623	-1
17.8497650623	-1
17.8497650623	-1
17.8497650623	-1
17.8497650623	-1
17.8657581806	-1
17.8657581806	-1
17.8657581806	-1
17.8657581806	-1
17.8657581806	-1
17.8657581806	-1
17.8657581806	-1
17.8657581806	-1
17.8657581806	-1
17.8661081791	-1
17.8661081791	-1
17.8661081791	-1
17.8661081791	-1
17.8661081791	-1
17.8661081791	-1
17.8661081791	-1
17.8661081791	-1
17.8664770126	-1
17.8664770126	-1
17.8664770126	-1
17.8664770126	-1
17.8664770126	-1
17.8664770126	-1
17.8817710876	-1
17.8817710876	-1
17.8817710876	-1
17.8817710876	-1
17.8817710876	-1
17.8817710876	-1
17.8817710876	-1
17.8817710876	-1
17.8817710876	-1
17.8831810951	-1
17.8834161758	-1
17.8834161758	-1
17.8834161758	-1
17.8834161758	-1
17.8834161758	-1
17.8834161758	-1
17.8834161758	-1
17.8834161758	-1
17.8851430416	1
17.8851430416	1
17.8851430416	1
17.8989369869	1
17.9111499786	-1
17.9111499786	-1
17.9111499786	-1
17.9111499786	-1
17.9111499786	-1
17.9111499786	-1
17.9111499786	-1
17.9111499786	-1
17.9111499786	-1
17.9115290642	-1
17.9115290642	-1
17.9115290642	-1
17.9115290642	-1
17.9115290642	-1
17.9115290642	-1
17.926607132	-1
17.926607132	-1
17.926607132	-1
17.926607132	-1
17.926607132	-1
17.926607132	-1
17.926607132	-1
17.926607132	-1
17.926607132	-1
17.92695117	-1
17.92695117	-1
17.92695117	-1
17.92695117	-1
17.92695117	-1
17.92695117	-1
17.92695117	-1
17.92695117	-1
17.9429721832	-1
17.9431700706	-1
17.9431700706	-1
17.9431700706	-1
17.9431700706	-1
17.9431700706	-1
17.9431700706	-1
17.9431700706	-1
17.9438040257	-1
17.9438040257	-1
17.9438040257	-1
17.9438040257	-1
17.9438040257	-1
17.9438040257	-1
17.9438040257	-1
17.9577679634	-1
17.9577679634	-1
17.9577679634	-1
17.9577679634	-1
17.9577679634	-1
17.9577679634	-1
17.9577679634	-1
17.9583601952	-1
17.9583601952	-1
17.9583601952	-1
17.9583601952	-1
17.9583601952	-1
17.9583601952	-1
17.9583601952	-1
17.9583601952	-1
17.9599730968	1
17.9599730968	1
17.9599730968	1
17.9700431824	-1
17.9735600948	-1
17.9735600948	-1
17.9737410545	-1
17.9737410545	-1
17.9737410545	-1
17.9737410545	-1
17.9737410545	-1
17.9737410545	-1
17.9737410545	-1
17.9865801334	-1
17.9865801334	-1
17.9865801334	-1
17.9865801334	-1
17.9865801334	-1
17.9865801334	-1
17.9865801334	-1
18.0014491081	-1
18.0014491081	-1
18.0014491081	-1
18.0014491081	-1
18.0014491081	-1
18.0014491081	-1
18.0014491081	-1
18.0014491081	-1
18.0014491081	-1
18.0018160343	-1
18.0018160343	-1
18.0018160343	-1
18.0018160343	-1
18.0018160343	-1
18.0018160343	-1
18.0018160343	-1
18.0018160343	-1
18.0021841526	-1
18.0021841526	-1
18.0021841526	-1
18.0021841526	-1
18.0021841526	-1
18.0021841526	-1
18.0021841526	-1
18.0186100006	-1
18.0187320709	-1
18.0187320709	-1
18.0187320709	-1
18.0187320709	-1
18.0187320709	-1
18.0187320709	-1
18.0187320709	-1
18.0200769901	1
18.0200769901	1
18.0200769901	1
18.0281431675	-1
18.0325980186	-1
18.0325980186	-1
18.0325980186	-1
18.0325980186	-1
18.0325980186	-1
18.0325980186	-1
18.0325980186	-1
18.0325980186	-1
18.0325980186	-1
18.0328969955	-1
18.0328969955	-1
18.0328969955	-1
18.0328969955	-1
18.0328969955	-1
18.0483841896	1
18.0486710072	-1
18.0486710072	-1
18.0486710072	-1
18.0486710072	-1
18.0486710072	-1
18.0486710072	-1
18.0486710072	-1
18.0486710072	-1
18.0486710072	-1
18.0490400791	-1
18.0490400791	-1
18.0490400791	-1
18.0490400791	-1
18.0490400791	-1
18.0490400791	-1
18.0490400791	-1
18.0490400791	-1
18.0762650967	-1
18.0762650967	-1
18.0762650967	-1
18.0762650967	-1
18.0762650967	-1
18.0762650967	-1
18.0762650967	-1
18.0762650967	-1
18.0762650967	-1
18.0769109726	-1
18.0769109726	-1
18.0769109726	-1
18.0769109726	-1
18.0769109726	-1
18.0769109726	-1
18.0769109726	-1
18.0769109726	-1
18.0769109726	-1
18.0772790909	-1
18.0772790909	-1
18.0772790909	-1
18.0772790909	-1
18.0772790909	-1
18.0772790909	-1
18.0772790909	-1
18.0949561596	-1
18.0949561596	-1
18.0949561596	-1
18.0949561596	-1
18.0949561596	-1
18.0949561596	-1
18.0949561596	-1
18.0949561596	-1
18.1072800159	-1
18.1072800159	-1
18.1072800159	-1
18.1072800159	-1
18.1072800159	-1
18.1072800159	-1
18.1072800159	-1
18.1072800159	-1
18.1072800159	-1
18.1076490879	-1
18.1076490879	-1
18.1076490879	-1
18.1076490879	-1
18.1076490879	-1
18.1076490879	-1
18.1093831062	1
18.1093831062	1
18.1093831062	1
18.1237540245	-1
18.1237540245	-1
18.1237540245	-1
18.1237540245	-1
18.1237540245	-1
18.1237540245	-1
18.1237540245	-1
18.1237540245	-1
18.1237540245	-1
18.1241149902	-1
18.1241149902	-1
18.1241149902	-1
18.1241149902	-1
18.1241149902	-1
18.1241149902	-1
18.1241149902	-1
18.1351001263	-1
18.1509990692	-1
18.1509990692	-1
18.1509990692	-1
18.1509990692	-1
18.1509990692	-1
18.1509990692	-1
18.1509990692	-1
18.1517691612	-1
18.1517691612	-1
18.1517691612	-1
18.1517691612	-1
18.1517691612	-1
18.1517691612	-1
18.1517691612	-1
18.1517691612	-1
18.1657240391	-1
18.1659309864	-1
18.1659309864	-1
18.1659309864	-1
18.1659309864	-1
18.1659309864	-1
18.1659309864	-1
18.1659309864	-1
18.1663410664	-1
18.1754989624	-1
18.1754989624	-1
18.1754989624	-1
18.1754989624	-1
18.1754989624	-1
18.1754989624	-1
18.1754989624	-1
18.1853861809	-1
18.1856310368	-1
18.1856310368	-1
18.1856310368	-1
18.1856310368	-1
18.1856310368	-1
18.1856310368	-1
18.1856310368	-1
18.1856310368	-1
18.1977071762	1
18.1977071762	1
18.2162091732	-1
18.2162091732	-1
18.2162091732	-1
18.2162091732	-1
18.2162091732	-1
18.2162091732	-1
18.2162091732	-1
18.2162091732	-1
18.2169041634	-1
18.2517471313	-1
18.2517471313	-1
18.2517471313	-1
18.2517471313	-1
18.2517471313	-1
18.2517471313	-1
18.2517471313	-1
18.2554531097	-1
18.2554531097	-1
18.2554531097	-1
18.2554531097	-1
18.2554531097	-1
18.2554531097	-1
18.2554531097	-1
18.2583611012	-1
18.2583611012	-1
18.2583611012	-1
18.2583611012	-1
18.2583611012	-1
18.2583611012	-1
18.2583611012	-1
18.2583611012	-1
18.2649540901	-1
18.2649540901	-1
18.2649540901	-1
18.2649540901	-1
18.2649540901	-1
18.2649540901	-1
18.2649540901	-1
18.2649540901	-1
18.2721471786	-1
18.2721471786	-1
18.2724690437	1
18.2724690437	1
18.2731051445	-1
18.2731051445	-1
18.2731051445	-1
18.2731051445	-1
18.2731051445	-1
18.2731051445	-1
18.2731051445	-1
18.2739160061	-1
18.2739160061	-1
18.2739160061	-1
18.2739160061	-1
18.2739160061	-1
18.2739160061	-1
18.2739160061	-1
18.2917411327	-1
18.2917411327	-1
18.2917411327	-1
18.2917411327	-1
18.2917411327	-1
18.2917411327	-1
18.2917411327	-1
18.2917411327	-1
18.3028969765	-1
18.3028969765	-1
18.3028969765	-1
18.3028969765	-1
18.3028969765	-1
18.3028969765	-1
18.3028969765	-1
18.3028969765	-1
18.3028969765	-1
18.3265140057	-1
18.3265140057	-1
18.3265140057	-1
18.3265140057	-1
18.3265140057	-1
18.3265140057	-1
18.3265140057	-1
18.331838131	-1
18.331838131	-1
18.331838131	-1
18.331838131	-1
18.331838131	-1
18.331838131	-1
18.331838131	-1
18.331838131	-1
18.3321971893	-1
18.3321971893	-1
18.3321971893	-1
18.3321971893	-1
18.3321971893	-1
18.3321971893	-1
18.3321971893	-1
18.3321971893	-1
18.3325660229	-1
18.3325660229	-1
18.3325660229	-1
18.3325660229	-1
18.3325660229	-1
18.3325660229	-1
18.3325660229	-1
18.3325660229	-1
18.3471469879	1
18.3471469879	1
18.3474340439	-1
18.3474340439	-1
18.3474340439	-1
18.3474340439	-1
18.3474340439	-1
18.3474340439	-1
18.3474340439	-1
18.3474340439	-1
18.3474340439	-1
18.3501460552	-1
18.3501460552	-1
18.3501460552	-1
18.3501460552	-1
18.3501460552	-1
18.3501460552	-1
18.3501460552	-1
18.3666040897	-1
18.3711910248	-1
18.3711910248	-1
18.3711910248	-1
18.3711910248	-1
18.3711910248	-1
18.3711910248	-1
18.3711910248	-1
18.3711910248	-1
18.3801400661	-1
18.3801400661	-1
18.3801400661	-1
18.3801400661	-1
18.3801400661	-1
18.3801400661	-1
18.3801400661	-1
18.3801400661	-1
18.4027481079	-1
18.4027481079	-1
18.4027481079	-1
18.4027481079	-1
18.4027481079	-1
18.4027481079	-1
18.4027481079	-1
18.4027481079	-1
18.4027481079	-1
18.4031009674	-1
18.4031009674	-1
18.4031009674	-1
18.4031009674	-1
18.4031009674	-1
18.4031009674	-1
18.410284996	-1
18.4105360508	-1
18.4105360508	-1
18.4105360508	-1
18.4105360508	-1
18.4105360508	-1
18.4105360508	-1
18.4105360508	-1
18.4105360508	-1
18.421957016	1
18.421957016	1
18.44080019	-1
18.44080019	-1
18.44080019	-1
18.44080019	-1
18.44080019	-1
18.44080019	-1
18.44080019	-1
18.44080019	-1
18.442456007	-1
18.4443399906	-1
18.4443399906	-1
18.4443399906	-1
18.4443399906	-1
18.4443399906	-1
18.4443399906	-1
18.4443399906	-1
18.4458119869	-1
18.4458119869	-1
18.4458119869	-1
18.4458119869	-1
18.4458119869	-1
18.4458119869	-1
18.4458119869	-1
18.4479861259	-1
18.4479861259	-1
18.4479861259	-1
18.4479861259	-1
18.4479861259	-1
18.4479861259	-1
18.4479861259	-1
18.4479861259	-1
18.4595770836	-1
18.4595770836	-1
18.4595770836	-1
18.4595770836	-1
18.4595770836	-1
18.4595770836	-1
18.4595770836	-1
18.4595770836	-1
18.4595770836	-1
18.4859130383	-1
18.4877550602	-1
18.4877550602	-1
18.4877550602	-1
18.4877550602	-1
18.4877550602	-1
18.4877550602	-1
18.4877550602	-1
18.4926211834	-1
18.4926211834	-1
18.4926211834	-1
18.4926211834	-1
18.4926211834	-1
18.4926211834	-1
18.4926211834	-1
18.4966220856	1
18.4966220856	1
18.5020561218	-1
18.5020561218	-1
18.5020561218	-1
18.5020561218	-1
18.5020561218	-1
18.5020561218	-1
18.5020561218	-1
18.5020561218	-1
18.5064129829	-1
18.5064129829	-1
18.5064129829	-1
18.5064129829	-1
18.5064129829	-1
18.5064129829	-1
18.5064129829	-1
18.5064129829	-1
18.5247809887	-1
18.5290191174	-1
18.5290191174	-1
18.5290191174	-1
18.5290191174	-1
18.5290191174	-1
18.5290191174	-1
18.5290191174	-1
18.5290191174	-1
18.5470130444	-1
18.5470130444	-1
18.5470130444	-1
18.5470130444	-1
18.5470130444	-1
18.5470130444	-1
18.5470130444	-1
18.5470130444	-1
18.550481081	-1
18.550481081	-1
18.550481081	-1
18.550481081	-1
18.550481081	-1
18.550481081	-1
18.550481081	-1
18.5521481037	-1
18.5522110462	1
18.5522110462	1
18.5522110462	1
18.5539150238	-1
18.5539150238	-1
18.5539150238	-1
18.5539150238	-1
18.5539150238	-1
18.5539150238	-1
18.5539150238	-1
18.5634150505	-1
18.5635299683	-1
18.5635299683	-1
18.5635299683	-1
18.5635299683	-1
18.5635299683	-1
18.5635299683	-1
18.5635299683	-1
18.5635299683	-1
18.5637741089	-1
18.5637741089	-1
18.5637741089	-1
18.5637741089	-1
18.5637741089	-1
18.5637741089	-1
18.5637741089	-1
18.5637741089	-1
18.5641441345	-1
18.5641441345	-1
18.5641441345	-1
18.5641441345	-1
18.5641441345	-1
18.5641441345	-1
18.5641441345	-1
18.5950341225	-1
18.5950341225	-1
18.5950341225	-1
18.5983700752	1
18.5983700752	1
18.5983700752	1
18.5983901024	-1
18.5983901024	-1
18.5983901024	-1
18.5983901024	-1
18.5983901024	-1
18.5983901024	-1
18.5983901024	-1
18.5983901024	-1
18.6036651134	-1
18.6036651134	-1
18.6036651134	-1
18.6036651134	-1
18.6036651134	-1
18.6036651134	-1
18.6036651134	-1
18.6039540768	-1
18.6039540768	-1
18.6039540768	-1
18.6039540768	-1
18.6039540768	-1
18.6039540768	-1
18.6039540768	-1
18.6039540768	-1
18.6152160168	1
18.6152160168	1
18.618874073	1
18.618874073	1
18.618874073	1
18.6358180046	-1
18.6359221935	-1
18.6359221935	-1
18.6359221935	-1
18.6359221935	-1
18.6359221935	-1
18.6359221935	-1
18.6359221935	-1
18.6450929642	-1
18.6450929642	-1
18.645209074	-1
18.645209074	-1
18.645209074	-1
18.645209074	-1
18.645209074	-1
18.645209074	-1
18.6457691193	-1
18.6457691193	-1
18.6457691193	-1
18.6457691193	-1
18.6457691193	-1
18.6457691193	-1
18.6457691193	-1
18.6457691193	-1
18.6459860802	1
18.6558241844	-1
18.6558241844	-1
18.6558241844	-1
18.6558241844	-1
18.6558241844	-1
18.6558241844	-1
18.6558241844	-1
18.6558241844	-1
18.6582801342	-1
18.6593160629	-1
18.6593160629	-1
18.6593589783	-1
18.6593589783	-1
18.6593589783	-1
18.6593589783	-1
18.6593589783	-1
18.6593589783	-1
18.6593589783	-1
18.692232132	-1
18.6923551559	-1
18.6923551559	-1
18.6923551559	-1
18.6923551559	-1
18.6923551559	-1
18.6923551559	-1
18.6923551559	-1
18.6947360039	-1
18.6948950291	-1
18.6948950291	-1
18.6948950291	-1
18.6948950291	-1
18.6948950291	-1
18.6948950291	-1
18.6948950291	-1
18.6951401234	-1
18.6951401234	-1
18.6951401234	-1
18.6951401234	-1
18.6951401234	-1
18.6951401234	-1
18.6951401234	-1
18.7116961479	-1
18.7116961479	-1
18.7116961479	-1
18.7116961479	-1
18.7116961479	-1
18.7116961479	-1
18.7116961479	-1
18.7116961479	-1
18.7116961479	-1
18.7120549679	-1
18.7120549679	-1
18.7120549679	-1
18.7120549679	-1
18.7120549679	-1
18.7120549679	-1
18.7120549679	-1
18.7205781937	-1
18.720719099	-1
18.720719099	-1
18.720719099	-1
18.720719099	-1
18.720719099	-1
18.720719099	-1
18.720719099	-1
18.720719099	-1
18.7209761143	1
18.7209761143	1
18.7476379871	-1
18.7476379871	-1
18.7476379871	-1
18.7476379871	-1
18.7490050793	-1
18.7490050793	-1
18.7490050793	-1
18.7490050793	-1
18.7490050793	-1
18.7490050793	-1
18.7490050793	-1
18.7503151894	1
18.7503151894	1
18.7503151894	1
18.7555000782	-1
18.7555000782	-1
18.7555000782	-1
18.7555000782	-1
18.7555000782	-1
18.7555000782	-1
18.7555000782	-1
18.7555000782	-1
18.7687430382	-1
18.7687430382	-1
18.7687430382	-1
18.7687430382	-1
18.7687430382	-1
18.7687430382	-1
18.7687430382	-1
18.7745580673	-1
18.7745580673	-1
18.7745580673	-1
18.7745580673	-1
18.7745580673	-1
18.7745580673	-1
18.7745580673	-1
18.7745580673	-1
18.7745580673	-1
18.7787351608	-1
18.7788569927	-1
18.7788569927	-1
18.7788569927	-1
18.7788569927	-1
18.7788569927	-1
18.7788569927	-1
18.7788569927	-1
18.7970311642	-1
18.7970311642	-1
18.7970311642	-1
18.7970311642	-1
18.7970311642	-1
18.7970311642	-1
18.7970311642	-1
18.7970311642	-1
18.797809124	-1
18.797809124	-1
18.797809124	-1
18.797809124	-1
18.797809124	-1
18.797809124	-1
18.797809124	-1
18.7983531952	-1
18.7983531952	-1
18.7983531952	-1
18.7983531952	-1
18.7983531952	-1
18.7983531952	-1
18.7983531952	-1
18.7983531952	-1
18.8190100193	-1
18.8190100193	-1
18.8190100193	-1
18.8235859871	-1
18.8235859871	-1
18.8235859871	-1
18.8235859871	-1
18.8235859871	-1
18.8235859871	-1
18.8235859871	-1
18.8251199722	-1
18.8251199722	-1
18.8251199722	-1
18.8251199722	-1
18.8251199722	-1
18.8251199722	-1
18.8251199722	-1
18.8251199722	-1
18.8446249962	-1
18.8446249962	-1
18.8446249962	-1
18.8446249962	-1
18.8446249962	-1
18.8446249962	-1
18.8446249962	-1
18.8493340015	-1
18.8493340015	-1
18.8493340015	-1
18.8493340015	-1
18.8493340015	-1
18.8493340015	-1
18.8493340015	-1
18.8493340015	-1
18.8578121662	-1
18.8578121662	-1
18.8579251766	-1
18.8579251766	-1
18.8579251766	-1
18.8579251766	-1
18.8579251766	-1
18.8579251766	-1
18.8702931404	1
18.8702931404	1
18.8801341057	-1
18.8801341057	-1
18.8801341057	-1
18.8801341057	-1
18.8801341057	-1
18.8801341057	-1
18.8801341057	-1
18.8801341057	-1
18.8882629871	-1
18.8936910629	-1
18.8936910629	-1
18.8936910629	-1
18.8936910629	-1
18.8936910629	-1
18.8936910629	-1
18.8936910629	-1
18.8983430862	-1
18.904708147	-1
18.904708147	-1
18.904708147	-1
18.904708147	-1
18.904708147	-1
18.904708147	-1
18.904708147	-1
18.9091930389	-1
18.9193911552	-1
18.9193911552	-1
18.9193911552	-1
18.9193911552	-1
18.9193911552	-1
18.9228100777	-1
18.9228100777	-1
18.9228100777	-1
18.9228100777	-1
18.9228100777	-1
18.9260261059	-1
18.9285120964	-1
18.9285120964	-1
18.9285120964	-1
18.9285120964	-1
18.9285120964	-1
18.9285120964	-1
18.9315271378	-1
18.9315271378	-1
18.9315271378	-1
18.9315271378	-1
18.9315271378	-1
18.9315271378	-1
18.9315271378	-1
18.9382841587	-1
18.9382841587	-1
18.9382841587	-1
18.9382841587	-1
18.9382841587	-1
18.9382841587	-1
18.9382841587	-1
18.9382841587	-1
18.9426701069	-1
18.9426701069	-1
18.9426701069	-1
18.9426701069	-1
18.9426701069	-1
18.9426701069	-1
18.9426701069	-1
18.9426701069	-1
18.9450781345	1
18.9450781345	1
18.9489619732	-1
18.9489619732	-1
18.9489619732	-1
18.9560689926	1
18.9560689926	1
18.9560689926	1
18.9577670097	1
18.9577670097	1
18.9577670097	1
18.9743561745	-1
18.9743561745	-1
18.9743561745	-1
18.9743561745	-1
18.9743561745	-1
19.0230441093	-1
19.0230441093	-1
19.0230441093	-1
19.023152113	-1
19.023152113	-1
19.023152113	-1
19.023152113	-1
19.023152113	-1
19.023152113	-1
19.0234789848	-1
19.0234789848	-1
19.0234789848	-1
19.0234789848	-1
19.0234789848	-1
19.0234789848	-1
19.0234789848	-1
19.0234789848	-1
19.0325570107	-1
19.0325570107	-1
19.0325570107	-1
19.0325570107	-1
19.0325570107	-1
19.0325570107	-1
19.0325570107	-1
19.0325570107	-1
19.0700449944	-1
19.0700449944	-1
19.0701050758	-1
19.0701050758	-1
19.0701050758	-1
19.0706031322	-1
19.0706031322	-1
19.0706031322	-1
19.0706031322	-1
19.0706031322	-1
19.0706031322	-1
19.0706031322	-1
19.0709180832	-1
19.0711741447	-1
19.0711741447	-1
19.0711741447	-1
19.0711741447	-1
19.0711741447	-1
19.0711741447	-1
19.0714201927	-1
19.0714201927	-1
19.0714201927	-1
19.0714201927	-1
19.0714201927	-1
19.0714201927	-1
19.0714201927	-1
19.0716590881	-1
19.0817620754	-1
19.0817620754	-1
19.0817620754	-1
19.0817620754	-1
19.0817620754	-1
19.0817620754	-1
19.0817620754	-1
19.0817620754	-1
19.0917031765	-1
19.0917031765	-1
19.0918381214	-1
19.0918381214	-1
19.0918381214	-1
19.0918381214	-1
19.0918381214	-1
19.0918381214	-1
19.0929470062	1
19.0929470062	1
19.0929470062	1
19.1134700775	-1
19.1134700775	-1
19.1134700775	-1
19.1134700775	-1
19.1134700775	-1
19.1134700775	-1
19.1134700775	-1
19.1134700775	-1
19.1139330864	-1
19.114262104	-1
19.114262104	-1
19.114262104	-1
19.114262104	-1
19.114262104	-1
19.114262104	-1
19.114262104	-1
19.130215168	-1
19.1305840015	-1
19.1305840015	-1
19.1305840015	-1
19.1305840015	-1
19.1305840015	-1
19.1305840015	-1
19.1305840015	-1
19.1305840015	-1
19.1462299824	-1
19.1462299824	-1
19.1462299824	-1
19.1462299824	-1
19.1462299824	-1
19.1462299824	-1
19.1462299824	-1
19.1501400471	-1
19.1502430439	-1
19.1502430439	-1
19.1502430439	-1
19.1502430439	-1
19.1502430439	-1
19.1578841209	-1
19.1592261791	-1
19.1592261791	-1
19.1592261791	-1
19.1592261791	-1
19.1592261791	-1
19.1592261791	-1
19.1592261791	-1
19.1594979763	-1
19.1595649719	-1
19.1595649719	-1
19.1595649719	-1
19.1595649719	-1
19.1595649719	-1
19.1595649719	-1
19.1686291695	1
19.1732439995	-1
19.1732439995	-1
19.1732439995	-1
19.1732439995	-1
19.1732439995	-1
19.1732439995	-1
19.1732439995	-1
19.1732439995	-1
19.1732439995	-1
19.1735880375	-1
19.1735880375	-1
19.1735880375	-1
19.1735880375	-1
19.1735880375	-1
19.1735880375	-1
19.1735880375	-1
19.1881461143	-1
19.2035870552	-1
19.2035870552	-1
19.2035870552	-1
19.2035870552	-1
19.2035870552	-1
19.2035870552	-1
19.2035870552	-1
19.2035870552	-1
19.2118201256	-1
19.2118201256	-1
19.2118201256	-1
19.2118201256	-1
19.2118201256	-1
19.2118201256	-1
19.2118201256	-1
19.2118201256	-1
19.2134160995	-1
19.2134160995	-1
19.2134160995	-1
19.2134160995	-1
19.2134160995	-1
19.2134160995	-1
19.2134160995	-1
19.2210409641	-1
19.2210409641	-1
19.2210409641	-1
19.2210409641	-1
19.2210409641	-1
19.2210409641	-1
19.2210409641	-1
19.2210409641	-1
19.2210409641	-1
19.2210409641	-1
19.2215101719	-1
19.2215101719	-1
19.2215101719	-1
19.2215101719	-1
19.2215101719	-1
19.2215101719	-1
19.2215101719	-1
19.2215101719	-1
19.2430989742	1
19.2430989742	1
19.2682831287	-1
19.2682831287	-1
19.2682831287	-1
19.2682831287	-1
19.2682831287	-1
19.2791581154	-1
19.3142831326	-1
19.3142831326	-1
19.3142831326	-1
19.3143951893	-1
19.3143951893	-1
19.3143951893	-1
19.3143951893	-1
19.3143951893	-1
19.3143951893	-1
19.3143951893	-1
19.3146409988	-1
19.3146409988	-1
19.3146409988	-1
19.3146409988	-1
19.3146409988	-1
19.3146409988	-1
19.3146409988	-1
19.3178191185	-1
19.3178420067	1
19.3255820274	-1
19.3255820274	-1
19.3255820274	-1
19.3255820274	-1
19.3255820274	-1
19.3255820274	-1
19.3255820274	-1
19.3255820274	-1
19.3438770771	1
19.3438770771	1
19.3438770771	1
19.3443620205	1
19.3443620205	1
19.3443620205	1
19.3486251831	1
19.3486251831	1
19.3496580124	1
19.3496580124	1
19.3496580124	1
19.3508419991	1
19.3508419991	1
19.3624479771	-1
19.3838820457	-1
19.3838820457	-1
19.3838820457	-1
19.3838820457	-1
19.3838820457	-1
19.3924059868	1
19.3924059868	1
19.4672911167	-1
19.4672911167	-1
19.4673290253	1
19.4979491234	-1
19.4979491234	-1
19.4979491234	-1
19.4979491234	-1
19.4979491234	-1
19.4979491234	-1
19.4979491234	-1
19.4979491234	-1
19.4979491234	-1
19.4990119934	-1
19.4990119934	-1
19.4990119934	-1
19.4990119934	-1
19.4990119934	-1
19.4990119934	-1
19.4990119934	-1
19.5226709843	-1
19.5248160362	-1
19.5248160362	-1
19.5248160362	-1
19.5248160362	-1
19.5248160362	-1
19.5248160362	-1
19.5248160362	-1
19.5286650658	-1
19.5308141708	-1
19.5308141708	-1
19.5308141708	-1
19.5308141708	-1
19.5308141708	-1
19.5308141708	-1
19.5308141708	-1
19.534029007	-1
19.5364050865	-1
19.5364050865	-1
19.5364050865	-1
19.5364050865	-1
19.5364050865	-1
19.5364050865	-1
19.5364050865	-1
19.5364050865	-1
19.5421581268	1
19.5582551956	-1
19.5582551956	-1
19.5582551956	-1
19.5582551956	-1
19.5582551956	-1
19.5582551956	-1
19.5582551956	-1
19.5582551956	-1
19.5716300011	-1
19.5720009804	-1
19.5720009804	-1
19.5881750584	1
19.5881750584	1
19.5881750584	1
19.5960900784	1
19.5960900784	1
19.598968029	1
19.598968029	1
19.598968029	1
19.6015081406	1
19.6015081406	1
19.6166450977	1
19.6166450977	1
19.6374690533	-1
19.6374690533	-1
19.6374690533	-1
19.6374690533	-1
19.6374690533	-1
19.6374690533	-1
19.6374690533	-1
19.6374690533	-1
19.6374690533	-1
19.6677160263	-1
19.6677160263	-1
19.6677160263	-1
19.6677160263	-1
19.6677160263	-1
19.6677160263	-1
19.6677160263	-1
19.6677160263	-1
19.6853270531	-1
19.6853270531	-1
19.6853270531	-1
19.6853270531	-1
19.6853270531	-1
19.6853270531	-1
19.7428731918	-1
19.7428731918	-1
19.7428731918	-1
19.7450041771	1
19.760379076	-1
19.760379076	-1
19.7626240253	1
19.7626240253	1
19.7626240253	1
19.7974691391	-1
19.7974691391	-1
19.7974691391	-1
19.7974691391	-1
19.8034231663	1
19.8034231663	1
19.805740118	-1
19.808298111	1
19.808298111	1
19.808298111	1
19.8092560768	1
19.8092560768	1
19.8746020794	-1
19.8746020794	-1
19.8746020794	-1
19.8831419945	-1
19.885035038	1
19.885035038	1
19.885035038	1
19.9400629997	-1
19.9400629997	-1
19.9400629997	-1
19.9869480133	1
19.9869480133	1
19.9877130985	-1
19.9877130985	-1
19.9877130985	-1
19.9931271076	1
19.9931271076	1
19.9931271076	1
19.9951891899	-1
19.9951891899	-1
19.9969091415	1
19.9969091415	1
20.0322341919	-1
20.0676560402	1
20.0676560402	1
20.0812931061	-1
20.0812931061	-1
20.0812931061	-1
20.0814490318	-1
20.0814490318	-1
20.0815041065	-1
20.0815041065	-1
20.0815041065	-1
20.0815041065	-1
20.0815041065	-1
20.0815041065	-1
20.0929021835	-1
20.0929021835	-1
20.0929021835	-1
20.0929021835	-1
20.0929021835	-1
20.0929021835	-1
20.0929021835	-1
20.0929021835	-1
20.1068179607	-1
20.1068179607	-1
20.1068179607	-1
20.1068179607	-1
20.1070270538	-1
20.1109540462	-1
20.1109540462	-1
20.1109540462	-1
20.1109540462	-1
20.1109540462	-1
20.1109540462	-1
20.1109540462	-1
20.1111841202	-1
20.1386749744	1
20.1386749744	1
20.1386749744	1
20.1422660351	-1
20.1611380577	1
20.1611380577	1
20.1611380577	1
20.1715500355	-1
20.1715500355	-1
20.1715500355	-1
20.1715500355	-1
20.1715500355	-1
20.1751081944	-1
20.1771271229	1
20.1771271229	1
20.1771271229	1
20.1911921501	-1
20.1911921501	-1
20.1930131912	-1
20.1930131912	-1
20.1930131912	-1
20.1930131912	-1
20.1930131912	-1
20.1930131912	-1
20.2127389908	1
20.2127389908	1
20.2161121368	-1
20.2161121368	-1
20.2161121368	-1
20.2161121368	-1
20.2171630859	1
20.2245700359	-1
20.2245700359	-1
20.2245700359	-1
20.2245700359	-1
20.2277240753	-1
20.2277240753	-1
20.2277240753	-1
20.2277240753	-1
20.2277240753	-1
20.2277240753	-1
20.2277240753	-1
20.2467081547	-1
20.2467081547	-1
20.2467081547	-1
20.2467081547	-1
20.2467081547	-1
20.2467081547	-1
20.2467081547	-1
20.2467081547	-1
20.285902977	-1
20.285902977	-1
20.285902977	-1
20.2860090733	-1
20.2860090733	-1
20.2860090733	-1
20.2860090733	-1
20.2860090733	-1
20.2860090733	-1
20.2860090733	-1
20.2862551212	-1
20.2863781452	-1
20.2863781452	-1
20.2863781452	-1
20.2863781452	-1
20.2863781452	-1
20.2863781452	-1
20.2863781452	-1
20.2921299934	1
20.2921299934	1
20.315680027	-1
20.315680027	-1
20.315680027	-1
20.315680027	-1
20.315680027	-1
20.3408691883	-1
20.3446991444	-1
20.3446991444	-1
20.3446991444	-1
20.3619451523	-1
20.3619451523	-1
20.361989975	-1
20.361989975	-1
20.4028360844	-1
20.4028360844	-1
20.4028360844	-1
20.4028360844	-1
20.4028360844	-1
20.4028360844	-1
20.4028360844	-1
20.4028360844	-1
20.412525177	-1
20.4412550926	-1
20.4602251053	-1
20.4602251053	-1
20.4602251053	-1
20.4602251053	-1
20.4602251053	-1
20.4602251053	-1
20.4602251053	-1
20.4602251053	-1
20.4616510868	-1
20.4617640972	-1
20.4617640972	-1
20.4617640972	-1
20.4617640972	-1
20.4617640972	-1
20.4975111485	-1
20.4975111485	-1
20.4975111485	-1
20.4975111485	-1
20.4975111485	-1
20.4975111485	-1
20.4975111485	-1
20.4975111485	-1
20.5008270741	-1
20.5008270741	-1
20.5008270741	-1
20.5008270741	-1
20.5008270741	-1
20.5008270741	-1
20.5008270741	-1
20.5313110352	-1
20.5313110352	-1
20.5313110352	-1
20.5315070152	-1
20.5315070152	-1
20.5315070152	-1
20.5315070152	-1
20.5315070152	-1
20.5315070152	-1
20.5315070152	-1
20.5431501865	-1
20.5431950092	-1
20.5431950092	-1
20.5431950092	-1
20.5431950092	-1
20.5431950092	-1
20.5431950092	-1
20.5431950092	-1
20.5781960487	-1
20.5783231258	-1
20.5783231258	-1
20.5783231258	-1
20.5783231258	-1
20.5967891216	-1
20.5967891216	-1
20.5967891216	-1
20.5968370438	-1
20.5968370438	-1
20.5968370438	-1
20.5968370438	-1
20.5968370438	-1
20.5968370438	-1
20.5971410275	-1
20.5971410275	-1
20.5971410275	-1
20.5971410275	-1
20.5971410275	-1
20.5971410275	-1
20.5971410275	-1
20.5976040363	1
20.6261761189	-1
20.6262900829	-1
20.6262900829	-1
20.6262900829	-1
20.6262900829	-1
20.6262900829	-1
20.6262900829	-1
20.6262900829	-1
20.6265261173	-1
20.6364161968	-1
20.6364161968	-1
20.6364161968	-1
20.6364161968	-1
20.6364161968	-1
20.6364161968	-1
20.6364161968	-1
20.6364161968	-1
20.6376850605	-1
20.6376850605	-1
20.6377329826	-1
20.6377329826	-1
20.6377329826	-1
20.6377329826	-1
20.6377329826	-1
20.6377329826	-1
20.6389241219	-1
20.6389241219	-1
20.6389241219	-1
20.6389241219	-1
20.6389241219	-1
20.6389241219	-1
20.6389241219	-1
20.6389241219	-1
20.6392850876	-1
20.6392850876	-1
20.6392850876	-1
20.6392850876	-1
20.6392850876	-1
20.6392850876	-1
20.6392850876	-1
20.6692011356	-1
20.6693480015	-1
20.6693480015	-1
20.6693480015	-1
20.6693480015	-1
20.6693480015	-1
20.6693480015	-1
20.6693480015	-1
20.6693480015	-1
20.671377182	-1
20.671377182	-1
20.671377182	-1
20.671377182	-1
20.671377182	-1
20.671377182	-1
20.671377182	-1
20.671377182	-1
20.6862840652	-1
20.686316967	1
20.6863479614	-1
20.6863479614	-1
20.6863479614	-1
20.6863479614	-1
20.6863479614	-1
20.6863479614	-1
20.6863479614	-1
20.7010040283	-1
20.7010040283	-1
20.7010040283	-1
20.7010040283	-1
20.7010040283	-1
20.7010040283	-1
20.7010040283	-1
20.702049017	-1
20.702049017	-1
20.702049017	-1
20.702049017	-1
20.702049017	-1
20.702049017	-1
20.753041029	-1
20.753041029	-1
20.753041029	-1
20.753041029	-1
20.753041029	-1
20.753041029	-1
20.753041029	-1
20.753041029	-1
20.7691500187	1
20.7804419994	1
20.7804419994	1
20.7804419994	1
20.780796051	1
20.780796051	1
20.8104541302	1
20.8104541302	1
20.8104541302	1
20.8198490143	-1
20.8198490143	-1
20.8198490143	-1
20.8198490143	-1
20.8240191936	1
20.8240191936	1
20.8274731636	1
20.8274731636	1
20.8274731636	1
20.8300859928	1
20.8300859928	1
20.8348040581	1
20.8348040581	1
20.8348040581	1
20.860035181	1
20.860035181	1
20.860035181	1
20.860035181	1
20.860035181	1
21.0916571617	-1
21.0998101234	1
21.1891541481	-1
21.1897661686	-1
21.1897661686	-1
21.1897661686	-1
21.1897661686	-1
21.1897661686	-1
21.1897661686	-1
21.1897661686	-1
21.1897661686	-1
21.2479500771	-1
21.305576086	-1
21.305576086	-1
21.305576086	-1
21.3667480946	-1
21.3667480946	-1
21.3667480946	-1
21.3668510914	-1
21.3668510914	-1
21.3668510914	-1
21.3668510914	-1
21.3668510914	-1
21.3668510914	-1
21.3668510914	-1
21.367921114	1
21.3778371811	-1
21.3779511452	-1
21.3779511452	-1
21.3779511452	-1
21.3779511452	-1
21.3779511452	-1
21.3779511452	-1
21.4135789871	-1
21.4147059917	-1
21.4147059917	-1
21.4147059917	-1
21.4147059917	-1
21.4147059917	-1
21.4147059917	-1
21.4147059917	-1
21.4147059917	-1
21.4153621197	-1
21.4154100418	-1
21.4154100418	-1
21.4154100418	-1
21.4154100418	-1
21.4154100418	-1
21.4154100418	-1
21.4154100418	-1
21.4217100143	-1
21.4218251705	-1
21.4218251705	-1
21.4218251705	-1
21.4218251705	-1
21.4218251705	-1
21.4218251705	-1
21.4260101318	-1
21.4260101318	-1
21.4260101318	-1
21.4260101318	-1
21.4260101318	-1
21.4260101318	-1
21.4260101318	-1
21.4260101318	-1
21.4260101318	-1
21.4263620377	-1
21.4266080856	-1
21.4266080856	-1
21.4266080856	-1
21.4266080856	-1
21.4266080856	-1
21.4266080856	-1
21.4266080856	-1
21.4633340836	-1
21.4635310173	-1
21.4635310173	-1
21.4635310173	-1
21.4635310173	-1
21.4635310173	-1
21.4635310173	-1
21.4635310173	-1
21.4638171196	-1
21.4638171196	-1
21.4638171196	-1
21.4638171196	-1
21.4638171196	-1
21.4638171196	-1
21.4638171196	-1
21.4654259682	1
21.4747080803	-1
21.4747080803	-1
21.4747080803	-1
21.4747080803	-1
21.4747080803	-1
21.4747080803	-1
21.4747080803	-1
21.4747080803	-1
21.4747080803	-1
21.4751219749	-1
21.4751219749	-1
21.4751219749	-1
21.4751219749	-1
21.4751219749	-1
21.4751219749	-1
21.4751219749	-1
21.4903149605	-1
21.4903149605	-1
21.4903149605	-1
21.4903149605	-1
21.4903149605	-1
21.4903149605	-1
21.4903149605	-1
21.4903149605	-1
21.4903149605	-1
21.4905831814	-1
21.4905831814	-1
21.4905831814	-1
21.4905831814	-1
21.4905831814	-1
21.4905831814	-1
21.4905831814	-1
21.5103430748	-1
21.5106730461	-1
21.5106730461	-1
21.5106730461	-1
21.5106730461	-1
21.5106730461	-1
21.5106730461	-1
21.5106730461	-1
21.5106730461	-1
21.5168330669	-1
21.5168330669	-1
21.5168330669	-1
21.5168330669	-1
21.5169391632	-1
21.5169391632	-1
21.5169391632	-1
21.5169391632	-1
21.5169391632	-1
21.5169391632	-1
21.5169391632	-1
21.538326025	-1
21.538326025	-1
21.538326025	-1
21.538326025	-1
21.538326025	-1
21.538326025	-1
21.538326025	-1
21.5648550987	1
21.5648550987	1
21.5683991909	-1
21.5683991909	-1
21.5683991909	-1
21.5683991909	-1
21.6259641647	-1
21.6259641647	-1
21.6529769897	-1
21.6529769897	-1
21.6529769897	-1
21.669891119	-1
21.669891119	-1
21.669891119	-1
21.669891119	-1
21.7289049625	1
21.7887961864	-1
21.840471983	1
21.840471983	1
21.840471983	1
21.8426611423	1
21.9015700817	-1
21.906566143	1
21.906566143	1
21.906566143	1
21.906566143	1
21.906566143	1
21.9074339867	1
21.9083111286	1
21.9083111286	1
21.9083111286	1
21.9095520973	1
21.9095520973	1
21.9095520973	1
21.9095520973	1
21.9183690548	1
21.9183690548	1
21.9183690548	1
21.9183690548	1
21.9183690548	1
21.9183690548	1
21.9200379848	1
21.9200379848	1
21.9200379848	1
21.9200379848	1
21.9200379848	1
21.9200379848	1
21.9200379848	1
21.9200379848	1
21.920124054	1
21.920124054	1
21.920124054	1
21.920124054	1
21.920124054	1
21.920124054	1
21.920124054	1
21.920124054	1
21.9812631607	-1
21.9813001156	1
21.9813001156	1
21.9813001156	1
21.9813001156	1
21.9813001156	1
21.9813001156	1
21.9813001156	1
21.9813001156	1
21.9919531345	1
21.9919531345	1
21.9919531345	1
21.9919531345	1
21.9919531345	1
21.9919531345	1
21.9919531345	1
21.9919531345	1
21.9930729866	1
21.9930729866	1
21.9930729866	1
21.9930729866	1
21.9930729866	1
21.9930729866	1
21.9930729866	1
21.9930729866	1
21.9951450825	1
21.9951450825	1
21.9951450825	1
21.9951450825	1
22.0559651852	-1
22.0665440559	1
22.0665440559	1
22.0665440559	1
22.0665440559	1
22.0665440559	1
22.0665440559	1
22.0665440559	1
22.0665440559	1
22.0667259693	1
22.0667259693	1
22.0667259693	1
22.0667259693	1
22.0667259693	1
22.0667259693	1
22.0667259693	1
22.1409311295	-1
22.1409311295	-1
22.3622131348	-1
