0.0	1
0.250946998596	1
0.569674015045	-1
0.571230888367	1
0.829737901688	-1
0.830621004105	1
0.836431980133	1
0.836431980133	1
0.836431980133	1
0.836431980133	1
0.836431980133	1
0.836431980133	1
1.37832283974	-1
1.38001990318	1
1.51368093491	-1
1.51504302025	1
1.64872002602	-1
1.64872002602	-1
1.65034484863	1
1.78403902054	-1
1.78403902054	-1
1.78407096863	1
1.91782593727	-1
1.91785788536	1
1.93715882301	-1
1.93715882301	-1
1.93715882301	-1
1.93715882301	-1
1.93715882301	-1
1.93715882301	-1
1.93715882301	-1
1.93715882301	-1
1.99257302284	-1
2.04194688797	-1
2.04194688797	-1
2.05148983002	1
2.0741789341	-1
2.0741789341	-1
2.0741789341	-1
2.0741789341	-1
2.0741789341	-1
2.0741789341	-1
2.16522979736	-1
2.16522979736	-1
2.17104291916	-1
2.17104291916	-1
2.17104291916	-1
2.17104291916	-1
2.17104291916	-1
2.17104291916	-1
2.17104291916	-1
2.25448679924	1
2.31908583641	-1
2.31908583641	-1
2.35954093933	-1
2.35954093933	-1
2.35954093933	-1
2.35954093933	-1
2.35954093933	-1
2.35954093933	-1
2.35954093933	-1
2.62270092964	-1
2.62390780449	1
2.68731284142	-1
2.68731284142	-1
2.68731284142	-1
2.75741887093	1
2.95042991638	1
3.0953669548	-1
3.26521992683	-1
3.27295780182	1
3.40660381317	-1
3.40778684616	1
4.13094997406	-1
4.4668648243	-1
4.60042595863	-1
4.60042595863	-1
4.62102389336	1
4.62323784828	1
4.62323784828	1
4.62323784828	1
4.73419094086	-1
4.74607300758	1
4.74607300758	1
5.17224979401	-1
5.4231569767	-1
5.5569858551	-1
5.5569858551	-1
5.69050383568	-1
6.65213394165	1
6.78557991982	1
6.78557991982	1
6.79139184952	-1
6.82741880417	-1
6.82741880417	-1
6.82741880417	-1
6.82741880417	-1
6.82741880417	-1
6.82741880417	-1
6.82741880417	-1
6.85538196564	1
6.85538196564	1
6.85538196564	1
6.85823202133	1
6.85823202133	1
6.85994291306	1
6.85994291306	1
6.85994291306	1
6.92610883713	1
6.92610883713	1
6.92610883713	1
6.92610883713	1
6.92610883713	1
6.92610883713	1
6.92610883713	1
6.92610883713	1
6.94940090179	1
6.95015287399	1
6.95015287399	1
6.95015287399	1
6.95015287399	1
7.19368982315	1
7.29410290718	-1
7.32699680328	-1
7.32699680328	-1
7.32699680328	-1
7.32699680328	-1
7.32699680328	-1
7.32699680328	-1
7.32699680328	-1
7.32699680328	-1
7.33104586601	-1
7.3798289299	-1
7.3798289299	-1
7.38138794899	1
7.39610886574	-1
7.39610886574	-1
7.39610886574	-1
7.39789199829	1
7.39789199829	1
7.39789199829	1
7.41044092178	-1
7.41044092178	-1
7.44591093063	-1
7.44591093063	-1
7.44591093063	-1
7.44591093063	-1
7.44591093063	-1
7.44591093063	-1
7.44591093063	-1
7.44613790512	-1
7.44613790512	-1
7.44613790512	-1
7.44613790512	-1
7.44613790512	-1
7.44613790512	-1
7.44613790512	-1
7.4473118782	1
7.4473118782	1
7.46489500999	-1
7.46489500999	-1
7.46508097649	-1
7.46508097649	-1
7.46508097649	-1
7.46520495415	-1
7.46520495415	-1
7.46520495415	-1
7.46520495415	-1
7.46520495415	-1
7.46520495415	-1
7.46520495415	-1
7.52623581886	-1
7.52624797821	1
7.52624797821	1
7.52626800537	-1
7.52626800537	-1
7.52626800537	-1
7.52626800537	-1
7.52626800537	-1
7.52626800537	-1
7.55920791626	-1
7.55920791626	-1
7.55920791626	-1
7.55920791626	-1
7.55920791626	-1
7.55920791626	-1
7.55920791626	-1
7.58016300201	-1
7.58016300201	-1
7.58016300201	-1
7.58016300201	-1
7.58039498329	-1
7.58039498329	-1
7.58039498329	-1
7.58051896095	-1
7.58051896095	-1
7.58064198494	-1
7.58064198494	-1
7.58064198494	-1
7.58064198494	-1
7.58064198494	-1
7.58064198494	-1
7.59947800636	-1
7.59947800636	-1
7.59959983826	-1
7.59959983826	-1
7.59959983826	-1
7.59959983826	-1
7.59959983826	-1
7.59984493256	-1
7.59984493256	-1
7.59984493256	-1
7.59984493256	-1
7.59984493256	-1
7.59984493256	-1
7.59984493256	-1
7.59984493256	-1
7.65263080597	1
7.65263080597	1
7.65263080597	1
7.66663599014	-1
7.66663599014	-1
7.66663599014	-1
7.66663599014	-1
7.66663599014	-1
7.66663599014	-1
7.66663599014	-1
7.71141600609	-1
7.71141600609	-1
7.71141600609	-1
7.71141600609	-1
7.71141600609	-1
7.71141600609	-1
7.71164488792	-1
7.71176695824	-1
7.71176695824	-1
7.71176695824	-1
7.71176695824	-1
7.71176695824	-1
7.71176695824	-1
7.71176695824	-1
7.71176695824	-1
7.7148399353	-1
7.7148399353	-1
7.7148399353	-1
7.7148399353	-1
7.7148399353	-1
7.7148399353	-1
7.7148399353	-1
7.71516680717	-1
7.71528983116	-1
7.71528983116	-1
7.71528983116	-1
7.71528983116	-1
7.71528983116	-1
7.71528983116	-1
7.71528983116	-1
7.71553492546	-1
7.71553492546	-1
7.73386597633	-1
7.73386597633	-1
7.73386597633	-1
7.73386597633	-1
7.73386597633	-1
7.73386597633	-1
7.73386597633	-1
7.73386597633	-1
7.73423099518	-1
7.73423099518	-1
7.73423099518	-1
7.73423099518	-1
7.73423099518	-1
7.73423099518	-1
7.73423099518	-1
7.73441791534	-1
7.73459982872	-1
7.73459982872	-1
7.73459982872	-1
7.73459982872	-1
7.73459982872	-1
7.73459982872	-1
7.73459982872	-1
7.73484992981	-1
7.73657798767	1
7.73657798767	1
7.73657798767	1
7.81124782562	-1
7.81124782562	-1
7.81124782562	-1
7.81124782562	-1
7.81124782562	-1
7.81124782562	-1
7.81124782562	-1
7.81124782562	-1
7.84412479401	-1
7.84412479401	-1
7.84412479401	-1
7.84412479401	-1
7.84412479401	-1
7.8492770195	-1
7.84938287735	-1
7.84938287735	-1
7.84938287735	-1
7.84938287735	-1
7.84938287735	-1
7.84938287735	-1
7.84938287735	-1
7.84938287735	-1
7.84975194931	-1
7.84975194931	-1
7.84975194931	-1
7.84975194931	-1
7.84975194931	-1
7.84975194931	-1
7.84975194931	-1
7.84994983673	-1
7.84994983673	-1
7.84994983673	-1
7.84994983673	-1
7.84994983673	-1
7.84994983673	-1
7.84994983673	-1
7.85036683083	-1
7.85036683083	-1
7.85036683083	-1
7.85036683083	-1
7.85036683083	-1
7.85036683083	-1
7.86782288551	-1
7.86782288551	-1
7.86782288551	-1
7.86782288551	-1
7.86782288551	-1
7.86782288551	-1
7.86782288551	-1
7.86782288551	-1
7.87119579315	-1
7.87119579315	-1
7.87119579315	-1
7.87119579315	-1
7.87119579315	-1
7.87119579315	-1
7.87119579315	-1
7.88388490677	-1
7.88388490677	-1
7.88388490677	-1
7.88388490677	-1
7.88388490677	-1
7.88388490677	-1
7.88388490677	-1
7.88388490677	-1
7.94520902634	-1
7.94520902634	-1
7.94520902634	-1
7.94520902634	-1
7.94520902634	-1
7.94520902634	-1
7.94520902634	-1
7.94520902634	-1
7.94522285461	1
7.94556593895	-1
7.94556593895	-1
7.94568991661	-1
7.94568991661	-1
7.94568991661	-1
7.94581198692	-1
7.94581198692	-1
7.94593501091	-1
7.94593501091	-1
7.94593501091	-1
7.94593501091	-1
7.94593501091	-1
7.94593501091	-1
7.94618082047	-1
7.94618082047	-1
7.94618082047	-1
7.94625997543	-1
7.94625997543	-1
7.94642782211	-1
7.94642782211	-1
7.94642782211	-1
7.94642782211	-1
7.94642782211	-1
7.94642782211	-1
7.94642782211	-1
7.98403096199	-1
7.98403096199	-1
7.98403096199	-1
7.98403096199	-1
7.98403096199	-1
7.98403096199	-1
7.98403096199	-1
7.98439884186	-1
7.98439884186	-1
7.98452186584	-1
7.98452186584	-1
7.98452186584	-1
7.98452186584	-1
7.98452186584	-1
7.98452186584	-1
7.98452186584	-1
7.98452186584	-1
7.98452186584	-1
7.98481893539	-1
7.98481893539	-1
7.98481893539	-1
7.98481893539	-1
7.98481893539	-1
7.98481893539	-1
7.98481893539	-1
7.98525691032	-1
7.98525691032	-1
7.98525691032	-1
7.98525691032	-1
7.98525691032	-1
7.98525691032	-1
7.98525691032	-1
7.98994493484	-1
7.98994493484	-1
7.99005103111	-1
7.99005103111	-1
7.99005103111	-1
7.99005103111	-1
7.99005103111	-1
7.99005103111	-1
8.01849389076	-1
8.01849389076	-1
8.01854300499	-1
8.01854300499	-1
8.01854300499	-1
8.01854300499	-1
8.01854300499	-1
8.01854300499	-1
8.01884293556	-1
8.01884293556	-1
8.01884293556	-1
8.01884293556	-1
8.01884293556	-1
8.01908898354	-1
8.01908898354	-1
8.01908898354	-1
8.01908898354	-1
8.01908898354	-1
8.01908898354	-1
8.01908898354	-1
8.01908898354	-1
8.01945900917	-1
8.01945900917	-1
8.01945900917	-1
8.01945900917	-1
8.01945900917	-1
8.01945900917	-1
8.01945900917	-1
8.01970791817	-1
8.01970791817	-1
8.01995992661	1
8.01995992661	1
8.01995992661	1
8.07616996765	-1
8.07616996765	-1
8.07616996765	-1
8.07616996765	-1
8.07616996765	-1
8.07616996765	-1
8.07616996765	-1
8.07639098167	-1
8.07639098167	-1
8.09315991402	-1
8.09315991402	-1
8.09315991402	-1
8.09315991402	-1
8.09315991402	-1
8.09315991402	-1
8.09315991402	-1
8.09338784218	-1
8.09338784218	-1
8.09338784218	-1
8.09338784218	-1
8.09338784218	-1
8.09338784218	-1
8.09338784218	-1
8.09375286102	-1
8.09375286102	-1
8.09375286102	-1
8.09375286102	-1
8.09375286102	-1
8.09375286102	-1
8.09375286102	-1
8.093998909	-1
8.09412288666	-1
8.09412288666	-1
8.09412288666	-1
8.09412288666	-1
8.09412288666	-1
8.09412288666	-1
8.09412288666	-1
8.09412288666	-1
8.11710381508	-1
8.11710381508	-1
8.11710381508	-1
8.11710381508	-1
8.11710381508	-1
8.11710381508	-1
8.11710381508	-1
8.11710381508	-1
8.11744880676	-1
8.11744880676	-1
8.11744880676	-1
8.11744880676	-1
8.11744880676	-1
8.11744880676	-1
8.11744880676	-1
8.12469601631	-1
8.12469601631	-1
8.12469601631	-1
8.12469601631	-1
8.12469601631	-1
8.12469601631	-1
8.12469601631	-1
8.15219902992	-1
8.15219902992	-1
8.15219902992	-1
8.15219902992	-1
8.15219902992	-1
8.15219902992	-1
8.15219902992	-1
8.15219902992	-1
8.17707681656	-1
8.17707681656	-1
8.17707681656	-1
8.18727588654	-1
8.18727588654	-1
8.18727588654	-1
8.18727588654	-1
8.18727588654	-1
8.18727588654	-1
8.21597599983	-1
8.21597599983	-1
8.21597599983	-1
8.21597599983	-1
8.21597599983	-1
8.21597599983	-1
8.21597599983	-1
8.21597599983	-1
8.2317647934	-1
8.2317647934	-1
8.2317647934	-1
8.2317647934	-1
8.2317647934	-1
8.2317647934	-1
8.2317647934	-1
8.2317647934	-1
8.23177480698	1
8.23177480698	1
8.26434493065	-1
8.26434493065	-1
8.26434493065	-1
8.26434493065	-1
8.26434493065	-1
8.26434493065	-1
8.26434493065	-1
8.26434493065	-1
8.28696799278	-1
8.30468082428	-1
8.30468082428	-1
8.30468082428	-1
8.30468082428	-1
8.30468082428	-1
8.30468082428	-1
8.30468082428	-1
8.30468082428	-1
8.31924200058	-1
8.31924200058	-1
8.31924200058	-1
8.31924200058	-1
8.31924200058	-1
8.31924200058	-1
8.31924200058	-1
8.33501291275	-1
8.33501291275	-1
8.33501291275	-1
8.33501291275	-1
8.33501291275	-1
8.33501291275	-1
8.33501291275	-1
8.33501291275	-1
8.3553378582	-1
8.3553378582	-1
8.3553378582	-1
8.3553378582	-1
8.3553378582	-1
8.3553378582	-1
8.3553378582	-1
8.3553378582	-1
8.38156080246	-1
8.38156080246	-1
8.38156080246	-1
8.38156080246	-1
8.38156080246	-1
8.38156080246	-1
8.38156080246	-1
8.38156080246	-1
8.38159799576	1
8.38159799576	1
8.38934087753	-1
8.38934087753	-1
8.38934087753	-1
8.38934087753	-1
8.38934087753	-1
8.38934087753	-1
8.38934087753	-1
8.3950138092	-1
8.40573501587	-1
8.40573501587	-1
8.40573501587	-1
8.40573501587	-1
8.40573501587	-1
8.40573501587	-1
8.40573501587	-1
8.40573501587	-1
8.41798996925	-1
8.41798996925	-1
8.41798996925	-1
8.41798996925	-1
8.41798996925	-1
8.41798996925	-1
8.41798996925	-1
8.41798996925	-1
8.43294000626	-1
8.43294000626	-1
8.43294000626	-1
8.43725991249	-1
8.43725991249	-1
8.43725991249	-1
8.43725991249	-1
8.43725991249	-1
8.43725991249	-1
8.44170284271	-1
8.44170284271	-1
8.44170284271	-1
8.44170284271	-1
8.44170284271	-1
8.44170284271	-1
8.44170284271	-1
8.44674086571	-1
8.44674086571	-1
8.44674086571	-1
8.44674086571	-1
8.44674086571	-1
8.44674086571	-1
8.44674086571	-1
8.45503497124	-1
8.45503497124	-1
8.45878481865	-1
8.45878481865	-1
8.45878481865	-1
8.45878481865	-1
8.45878481865	-1
8.45878481865	-1
8.45878481865	-1
8.46105289459	1
8.46105289459	1
8.46105289459	1
8.46105289459	1
8.46105289459	1
8.46232485771	-1
8.46967792511	-1
8.46967792511	-1
8.46967792511	-1
8.46967792511	-1
8.46967792511	-1
8.46967792511	-1
8.46967792511	-1
8.46967792511	-1
8.4724009037	-1
8.4724009037	-1
8.4724009037	-1
8.4724009037	-1
8.4724009037	-1
8.4724009037	-1
8.4724009037	-1
8.47353696823	1
8.47570896149	-1
8.47570896149	-1
8.47570896149	-1
8.47570896149	-1
8.47570896149	-1
8.47570896149	-1
8.47570896149	-1
8.48913788795	-1
8.48913788795	-1
8.48913788795	-1
8.48913788795	-1
8.48913788795	-1
8.48913788795	-1
8.48913788795	-1
8.48913788795	-1
8.48913788795	-1
8.4916768074	1
8.4916768074	1
8.49182200432	1
8.49182200432	1
8.49182200432	1
8.49182200432	1
8.51547598839	-1
8.51547598839	-1
8.51547598839	-1
8.51547598839	-1
8.51547598839	-1
8.51547598839	-1
8.51547598839	-1
8.51547598839	-1
8.5158200264	-1
8.5158200264	-1
8.5158200264	-1
8.5158200264	-1
8.5158200264	-1
8.5158200264	-1
8.5158200264	-1
8.51606488228	-1
8.51618981361	-1
8.51618981361	-1
8.51618981361	-1
8.51618981361	-1
8.51618981361	-1
8.51618981361	-1
8.51618981361	-1
8.51643800735	-1
8.51645684242	-1
8.51645684242	-1
8.51645684242	-1
8.51645684242	-1
8.51645684242	-1
8.51645684242	-1
8.51645684242	-1
8.5168030262	-1
8.51683497429	-1
8.51683497429	-1
8.53968787193	-1
8.53968787193	-1
8.53968787193	-1
8.53968787193	-1
8.53968787193	-1
8.53968787193	-1
8.53968787193	-1
8.53992080688	-1
8.53992080688	-1
8.53992080688	-1
8.53992080688	-1
8.53992080688	-1
8.53992080688	-1
8.53992080688	-1
8.54029202461	-1
8.54029202461	-1
8.54029202461	-1
8.54029202461	-1
8.54029202461	-1
8.54029202461	-1
8.54029202461	-1
8.54053688049	-1
8.54066085815	-1
8.54066085815	-1
8.54066085815	-1
8.54066085815	-1
8.54066085815	-1
8.54066085815	-1
8.54066085815	-1
8.54066085815	-1
8.54090380669	-1
8.55190181732	-1
8.55190181732	-1
8.55190181732	-1
8.55190181732	-1
8.55190181732	-1
8.55190181732	-1
8.55190181732	-1
8.57113099098	-1
8.57113099098	-1
8.57113099098	-1
8.57113099098	-1
8.57113099098	-1
8.57113099098	-1
8.57113099098	-1
8.60623979568	-1
8.60623979568	-1
8.60623979568	-1
8.60623979568	-1
8.60623979568	-1
8.60623979568	-1
8.60623979568	-1
8.60623979568	-1
8.63060188293	-1
8.63060188293	-1
8.63725590706	-1
8.63725590706	-1
8.63725590706	-1
8.63725590706	-1
8.63725590706	-1
8.63725590706	-1
8.63725590706	-1
8.65064787865	-1
8.65068984032	1
8.65068984032	1
8.65740799904	-1
8.65740799904	-1
8.65740799904	-1
8.65740799904	-1
8.65740799904	-1
8.65740799904	-1
8.65740799904	-1
8.66310191154	-1
8.66310191154	-1
8.66310191154	-1
8.66310191154	-1
8.66310191154	-1
8.66310191154	-1
8.66310191154	-1
8.67203092575	-1
8.67203092575	-1
8.67203092575	-1
8.67203092575	-1
8.67203092575	-1
8.67203092575	-1
8.67203092575	-1
8.67203092575	-1
8.68803095818	-1
8.68803095818	-1
8.68803095818	-1
8.68803095818	-1
8.68803095818	-1
8.68803095818	-1
8.68803095818	-1
8.68803095818	-1
8.69983887672	-1
8.69983887672	-1
8.69983887672	-1
8.69983887672	-1
8.69983887672	-1
8.69983887672	-1
8.69983887672	-1
8.69983887672	-1
8.69983887672	-1
8.7034099102	-1
8.7034099102	-1
8.7034099102	-1
8.7034099102	-1
8.7034099102	-1
8.7034099102	-1
8.7034099102	-1
8.72390294075	-1
8.72390294075	-1
8.72390294075	-1
8.72390294075	-1
8.72390294075	-1
8.72390294075	-1
8.72390294075	-1
8.72390294075	-1
8.73590493202	-1
8.75605392456	-1
8.75605392456	-1
8.75605392456	-1
8.75605392456	-1
8.75605392456	-1
8.75605392456	-1
8.75605392456	-1
8.7722299099	-1
8.79524683952	-1
8.79524683952	-1
8.79528594017	1
8.80174088478	-1
8.80174088478	-1
8.80174088478	-1
8.80174088478	-1
8.80174088478	-1
8.80174088478	-1
8.80174088478	-1
8.81376194954	-1
8.81376194954	-1
8.81376194954	-1
8.81376194954	-1
8.81376194954	-1
8.81376194954	-1
8.81376194954	-1
8.81980395317	-1
8.81980395317	-1
8.81980395317	-1
8.81980395317	-1
8.81980395317	-1
8.81980395317	-1
8.81980395317	-1
8.83168196678	-1
8.84204292297	-1
8.84204292297	-1
8.84204292297	-1
8.84204292297	-1
8.84204292297	-1
8.84204292297	-1
8.84204292297	-1
8.84204292297	-1
8.85770702362	-1
8.85770702362	-1
8.86013388634	-1
8.86013388634	-1
8.86013388634	-1
8.86013388634	-1
8.86013388634	-1
8.86013388634	-1
8.86013388634	-1
8.87238192558	-1
8.87238192558	-1
8.87238192558	-1
8.87238192558	-1
8.87238192558	-1
8.87238192558	-1
8.87238192558	-1
8.88771080971	-1
8.88771080971	-1
8.88771080971	-1
8.88771080971	-1
8.88771080971	-1
8.88771080971	-1
8.88771080971	-1
8.91619682312	-1
8.92276000977	-1
8.92276000977	-1
8.92276000977	-1
8.92276000977	-1
8.92276000977	-1
8.92276000977	-1
8.92276000977	-1
8.92276000977	-1
8.92975187302	-1
8.92979288101	1
8.92979288101	1
8.94118094444	-1
8.94118094444	-1
8.94118094444	-1
8.94118094444	-1
8.94118094444	-1
8.94118094444	-1
8.94118094444	-1
8.94920897484	-1
8.94920897484	-1
8.94920897484	-1
8.94920897484	-1
8.94920897484	-1
8.94920897484	-1
8.94920897484	-1
8.96194696426	-1
8.96194696426	-1
8.96194696426	-1
8.96194696426	-1
8.96194696426	-1
8.96194696426	-1
8.96194696426	-1
8.96194696426	-1
8.97297382355	-1
8.97297382355	-1
8.97769188881	-1
8.97769188881	-1
8.97769188881	-1
8.97769188881	-1
8.97769188881	-1
8.97769188881	-1
8.97769188881	-1
9.02860403061	-1
9.02860403061	-1
9.02860403061	-1
9.02860403061	-1
9.02860403061	-1
9.02860403061	-1
9.02860403061	-1
9.02860403061	-1
9.02860403061	-1
9.04734992981	-1
9.04734992981	-1
9.04734992981	-1
9.04734992981	-1
9.04734992981	-1
9.04734992981	-1
9.04734992981	-1
9.09534692764	1
9.11107087135	-1
9.11107087135	-1
9.11107087135	-1
9.11107087135	-1
9.11107087135	-1
9.11107087135	-1
9.11107087135	-1
9.17063188553	-1
9.17063188553	-1
9.17063188553	-1
9.17063188553	-1
9.17063188553	-1
9.17063188553	-1
9.17063188553	-1
9.17063188553	-1
9.19598484039	-1
9.19598484039	-1
9.19598484039	-1
9.19598484039	-1
9.19598484039	-1
9.19598484039	-1
9.19598484039	-1
9.19598484039	-1
9.22195601463	-1
9.22195601463	-1
9.22195601463	-1
9.22195601463	-1
9.22195601463	-1
9.22195601463	-1
9.22195601463	-1
9.22195601463	-1
9.25732588768	-1
9.25732588768	-1
9.25732588768	-1
9.25732588768	-1
9.25732588768	-1
9.25732588768	-1
9.25732588768	-1
9.25732588768	-1
9.25735902786	1
9.2793648243	-1
9.29137682915	-1
9.29137682915	-1
9.29137682915	-1
9.29137682915	-1
9.29137682915	-1
9.29137682915	-1
9.29137682915	-1
9.30986094475	-1
9.30986094475	-1
9.30986094475	-1
9.32083201408	1
9.32083201408	1
9.32083201408	1
9.32194685936	1
9.32194685936	1
9.32511997223	-1
9.32511997223	-1
9.32511997223	-1
9.32511997223	-1
9.32511997223	-1
9.32511997223	-1
9.32511997223	-1
9.33421301842	-1
9.33421301842	-1
9.33421301842	-1
9.33421301842	-1
9.33421301842	-1
9.33421301842	-1
9.33421301842	-1
9.34219884872	-1
9.34219884872	-1
9.34219884872	-1
9.34219884872	-1
9.34219884872	-1
9.34219884872	-1
9.34219884872	-1
9.35048484802	-1
9.36759901047	-1
9.36759901047	-1
9.36759901047	-1
9.36759901047	-1
9.36759901047	-1
9.36759901047	-1
9.36759901047	-1
9.36759901047	-1
9.3923459053	-1
9.3923459053	-1
9.3923459053	-1
9.3923459053	-1
9.3923459053	-1
9.3923459053	-1
9.3923459053	-1
9.3923459053	-1
9.4078578949	-1
9.4078578949	-1
9.4078578949	-1
9.4078578949	-1
9.4078578949	-1
9.4078578949	-1
9.42291998863	-1
9.42291998863	-1
9.42291998863	-1
9.42291998863	-1
9.42291998863	-1
9.42291998863	-1
9.42291998863	-1
9.42291998863	-1
9.42291998863	-1
9.43092393875	-1
9.44055080414	-1
9.44055080414	-1
9.44055080414	-1
9.44055080414	-1
9.44055080414	-1
9.44055080414	-1
9.44055080414	-1
9.44055080414	-1
9.44630289078	-1
9.45634102821	-1
9.45634102821	-1
9.45634102821	-1
9.45634102821	-1
9.45634102821	-1
9.45634102821	-1
9.45634102821	-1
9.45634102821	-1
9.47748494148	-1
9.47748494148	-1
9.47748494148	-1
9.47748494148	-1
9.47748494148	-1
9.47748494148	-1
9.47748494148	-1
9.47748494148	-1
9.49477887154	-1
9.49477887154	-1
9.49477887154	-1
9.49477887154	-1
9.49477887154	-1
9.49477887154	-1
9.49477887154	-1
9.50557088852	-1
9.50557088852	-1
9.50557088852	-1
9.50557088852	-1
9.50557088852	-1
9.50557088852	-1
9.50557088852	-1
9.52453994751	-1
9.52453994751	-1
9.52453994751	-1
9.52453994751	-1
9.52453994751	-1
9.52453994751	-1
9.52453994751	-1
9.52453994751	-1
9.5649368763	-1
9.5649368763	-1
9.56496882439	1
9.56496882439	1
9.57226896286	1
9.57226896286	1
9.57226896286	1
9.57357883453	-1
9.57357883453	-1
9.57357883453	-1
9.57357883453	-1
9.57357883453	-1
9.58234381676	-1
9.59518384933	-1
9.59518384933	-1
9.59518384933	-1
9.59518384933	-1
9.59518384933	-1
9.59518384933	-1
9.59518384933	-1
9.59518384933	-1
9.6213350296	-1
9.6213350296	-1
9.6213350296	-1
9.6213350296	-1
9.6213350296	-1
9.6213350296	-1
9.6213350296	-1
9.6213350296	-1
9.6213350296	-1
9.62674379349	-1
9.62674379349	-1
9.62674379349	-1
9.62674379349	-1
9.62674379349	-1
9.62674379349	-1
9.62674379349	-1
9.6323390007	-1
9.6323390007	-1
9.6323390007	-1
9.6323390007	-1
9.6323390007	-1
9.6323390007	-1
9.6323390007	-1
9.64332890511	-1
9.64332890511	-1
9.64908289909	-1
9.64908289909	-1
9.64908289909	-1
9.64908289909	-1
9.64908289909	-1
9.64908289909	-1
9.64908289909	-1
9.66204595566	-1
9.66887283325	-1
9.66887283325	-1
9.66887283325	-1
9.66887283325	-1
9.66887283325	-1
9.66887283325	-1
9.66887283325	-1
9.67441797256	-1
9.67441797256	-1
9.67441797256	-1
9.67441797256	-1
9.67441797256	-1
9.67441797256	-1
9.67441797256	-1
9.67986488342	-1
9.67986488342	-1
9.67986488342	-1
9.67986488342	-1
9.67986488342	-1
9.67986488342	-1
9.67986488342	-1
9.68099999428	1
9.68099999428	1
9.6854557991	-1
9.69116091728	-1
9.69116091728	-1
9.69116091728	-1
9.69116091728	-1
9.69116091728	-1
9.69116091728	-1
9.69116091728	-1
9.69681787491	-1
9.71783900261	-1
9.71783900261	-1
9.71783900261	-1
9.71783900261	-1
9.71783900261	-1
9.71783900261	-1
9.71783900261	-1
9.71783900261	-1
9.73585987091	-1
9.73585987091	-1
9.73585987091	-1
9.75809884071	-1
9.75809884071	-1
9.75809884071	-1
9.75809884071	-1
9.75809884071	-1
9.75809884071	-1
9.75809884071	-1
9.75809884071	-1
9.77197599411	-1
9.77197599411	-1
9.77197599411	-1
9.77197599411	-1
9.77197599411	-1
9.77197599411	-1
9.77197599411	-1
9.79321980476	-1
9.81201982498	-1
9.81201982498	-1
9.81201982498	-1
9.81201982498	-1
9.81201982498	-1
9.81201982498	-1
9.81201982498	-1
9.83240890503	1
9.85123586655	-1
9.85123586655	-1
9.85123586655	-1
9.85123586655	-1
9.85123586655	-1
9.85123586655	-1
9.85123586655	-1
9.85123586655	-1
9.86497688293	-1
9.87196087837	-1
9.87196087837	-1
9.87196087837	-1
9.87196087837	-1
9.87196087837	-1
9.87196087837	-1
9.87196087837	-1
9.88533401489	-1
9.89843893051	-1
9.89843893051	-1
9.89843893051	-1
9.89843893051	-1
9.89843893051	-1
9.89843893051	-1
9.89843893051	-1
9.91852879524	-1
9.91852879524	-1
9.91852879524	-1
9.91852879524	-1
9.91852879524	-1
9.91852879524	-1
9.91852879524	-1
9.91852879524	-1
9.93138885498	-1
9.94949197769	-1
9.94949197769	-1
9.94949197769	-1
9.94949197769	-1
9.94949197769	-1
9.94949197769	-1
9.94949197769	-1
9.9620449543	-1
9.96621894836	1
9.9703810215	-1
9.9703810215	-1
9.9703810215	-1
9.9703810215	-1
9.9703810215	-1
9.9703810215	-1
9.9703810215	-1
9.98343992233	-1
9.98343992233	-1
9.98343992233	-1
9.98343992233	-1
9.98343992233	-1
9.98343992233	-1
9.98343992233	-1
9.98343992233	-1
9.98803687096	-1
9.98803687096	-1
9.98803687096	-1
9.98803687096	-1
9.98803687096	-1
9.98803687096	-1
9.98803687096	-1
9.98803687096	-1
9.99308681488	-1
9.99308681488	-1
9.99308681488	-1
9.99308681488	-1
9.99308681488	-1
9.99308681488	-1
9.99308681488	-1
9.99691581726	-1
10.0073869228	-1
10.0073869228	-1
10.0116419792	-1
10.0116419792	-1
10.0116419792	-1
10.0116419792	-1
10.0116419792	-1
10.0116419792	-1
10.0116419792	-1
10.0148777962	-1
10.0148777962	-1
10.0148777962	-1
10.0148777962	-1
10.0148777962	-1
10.0148777962	-1
10.0148777962	-1
10.0213108063	-1
10.0213108063	-1
10.0213108063	-1
10.0213108063	-1
10.0213108063	-1
10.0213108063	-1
10.0213108063	-1
10.0213108063	-1
10.0283718109	-1
10.0283718109	-1
10.0283718109	-1
10.0283718109	-1
10.0283718109	-1
10.0283718109	-1
10.0283718109	-1
10.0283718109	-1
10.0836758614	-1
10.0836758614	-1
10.0836758614	-1
10.0836758614	-1
10.0836758614	-1
10.0836758614	-1
10.0836758614	-1
10.0836758614	-1
10.0836758614	-1
10.0999679565	1
10.0999679565	1
10.1084489822	-1
10.1084489822	-1
10.1084489822	-1
10.1084489822	-1
10.1084489822	-1
10.1084489822	-1
10.1084489822	-1
10.1197869778	-1
10.1197869778	-1
10.1197869778	-1
10.1197869778	-1
10.1197869778	-1
10.1197869778	-1
10.1197869778	-1
10.1534228325	-1
10.1534228325	-1
10.1534228325	-1
10.1534228325	-1
10.1534228325	-1
10.1534228325	-1
10.1534228325	-1
10.1534228325	-1
10.1534228325	-1
10.17223382	-1
10.17223382	-1
10.17223382	-1
10.17223382	-1
10.17223382	-1
10.17223382	-1
10.17223382	-1
10.17223382	-1
10.1795079708	-1
10.1795079708	-1
10.1795079708	-1
10.1795079708	-1
10.1795079708	-1
10.1795079708	-1
10.1795079708	-1
10.1795079708	-1
10.1847770214	-1
10.1847770214	-1
10.1847770214	-1
10.1847770214	-1
10.1847770214	-1
10.1847770214	-1
10.1847770214	-1
10.1847770214	-1
10.1901140213	-1
10.1901140213	-1
10.1901140213	-1
10.1901140213	-1
10.1901140213	-1
10.1901140213	-1
10.1901140213	-1
10.1901140213	-1
10.1985678673	-1
10.1985678673	-1
10.1985678673	-1
10.1985678673	-1
10.1985678673	-1
10.1985678673	-1
10.1985678673	-1
10.1985678673	-1
10.2094600201	-1
10.2094600201	-1
10.2094600201	-1
10.2094600201	-1
10.2094600201	-1
10.2094600201	-1
10.2094600201	-1
10.2094600201	-1
10.2151730061	-1
10.2151730061	-1
10.2151730061	-1
10.2151730061	-1
10.2151730061	-1
10.2151730061	-1
10.2151730061	-1
10.2151730061	-1
10.2257809639	-1
10.2257809639	-1
10.2257809639	-1
10.2257809639	-1
10.2257809639	-1
10.2257809639	-1
10.2257809639	-1
10.2312989235	-1
10.2312989235	-1
10.2312989235	-1
10.2312989235	-1
10.2312989235	-1
10.2312989235	-1
10.2312989235	-1
10.2312989235	-1
10.2338528633	1
10.2338528633	1
10.2354338169	-1
10.2354338169	-1
10.2354338169	-1
10.2354338169	-1
10.2354338169	-1
10.2354338169	-1
10.2354338169	-1
10.2354338169	-1
10.2403290272	-1
10.2440769672	-1
10.2440769672	-1
10.2440769672	-1
10.2440769672	-1
10.2440769672	-1
10.2440769672	-1
10.2440769672	-1
10.2479879856	-1
10.2513878345	-1
10.2513878345	-1
10.2513878345	-1
10.2513878345	-1
10.2513878345	-1
10.2513878345	-1
10.2513878345	-1
10.2564668655	-1
10.2663779259	-1
10.2663779259	-1
10.2663779259	-1
10.2663779259	-1
10.2663779259	-1
10.2663779259	-1
10.2663779259	-1
10.2663779259	-1
10.271517992	-1
10.271517992	-1
10.271517992	-1
10.271517992	-1
10.271517992	-1
10.271517992	-1
10.271517992	-1
10.2754240036	-1
10.2873280048	-1
10.2873280048	-1
10.2873280048	-1
10.2873280048	-1
10.2873280048	-1
10.2873280048	-1
10.2873280048	-1
10.306003809	-1
10.306003809	-1
10.306003809	-1
10.306003809	-1
10.306003809	-1
10.306003809	-1
10.306003809	-1
10.306003809	-1
10.306363821	-1
10.306363821	-1
10.306363821	-1
10.306363821	-1
10.306363821	-1
10.306363821	-1
10.306363821	-1
10.306363821	-1
10.3067319393	-1
10.3067319393	-1
10.3067319393	-1
10.3067319393	-1
10.3067319393	-1
10.3067319393	-1
10.3067319393	-1
10.3067319393	-1
10.3070399761	-1
10.3070399761	-1
10.3070399761	-1
10.3070399761	-1
10.3070399761	-1
10.3070399761	-1
10.3070399761	-1
10.3070399761	-1
10.30783391	1
10.30783391	1
10.30783391	1
10.3194379807	-1
10.3194379807	-1
10.3194379807	-1
10.3194379807	-1
10.3194379807	-1
10.3194379807	-1
10.3194379807	-1
10.3194379807	-1
10.3198428154	-1
10.3198428154	-1
10.3199658394	-1
10.3199658394	-1
10.3199658394	-1
10.3199658394	-1
10.3199658394	-1
10.3199658394	-1
10.3202118874	-1
10.3202118874	-1
10.3202118874	-1
10.3202118874	-1
10.3202118874	-1
10.3202118874	-1
10.3202118874	-1
10.3330628872	-1
10.3331120014	-1
10.3331120014	-1
10.3331120014	-1
10.3331120014	-1
10.3331120014	-1
10.3331120014	-1
10.3331120014	-1
10.3334209919	-1
10.3334209919	-1
10.3334209919	-1
10.3334209919	-1
10.3334209919	-1
10.3334209919	-1
10.3334209919	-1
10.3334209919	-1
10.3337888718	-1
10.3337888718	-1
10.3337888718	-1
10.3337888718	-1
10.3337888718	-1
10.3337888718	-1
10.3337888718	-1
10.3337888718	-1
10.3341369629	-1
10.3341369629	-1
10.3341369629	-1
10.3341369629	-1
10.3594958782	-1
10.3625178337	-1
10.3625178337	-1
10.3679919243	-1
10.3680138588	1
10.3722848892	1
10.3722848892	1
10.3722848892	1
10.50167799	-1
10.501696825	1
10.6232199669	1
10.6232199669	1
10.6232199669	1
10.6355638504	-1
10.6355638504	-1
10.6356098652	1
10.6374518871	1
10.6374518871	1
10.6374518871	1
11.3900299072	-1
11.4630639553	-1
11.4630639553	-1
11.4630639553	-1
11.5121159554	-1
11.5121159554	-1
11.5498328209	1
11.5610399246	-1
11.6832528114	1
11.6832528114	1
11.733112812	-1
11.733112812	-1
11.8012897968	-1
11.8012897968	-1
11.8012897968	-1
11.809376955	-1
11.809376955	-1
11.8168318272	1
11.8168318272	1
11.9504258633	1
11.9504258633	1
12.0372428894	-1
12.0372428894	-1
12.0531527996	-1
12.0531527996	-1
12.0531527996	-1
12.0531527996	-1
12.0531527996	-1
12.0531527996	-1
12.1055588722	-1
12.1055588722	-1
12.1055588722	-1
12.1055588722	-1
12.1055588722	-1
12.1055588722	-1
12.1055588722	-1
12.1234970093	-1
12.1431388855	-1
12.1431388855	-1
12.1431388855	-1
12.3416769505	-1
12.4753758907	-1
12.6525588036	1
12.8251888752	1
12.8251888752	1
12.9489707947	-1
13.082613945	-1
13.082613945	-1
13.104143858	1
13.1043009758	1
13.1043009758	1
13.1043009758	1
13.1043009758	1
13.2050848007	1
13.2050848007	1
13.2054018974	1
13.2054018974	1
13.2054018974	1
13.2054018974	1
13.2054018974	1
13.2054018974	1
13.2054018974	1
13.2054018974	1
13.205619812	1
13.205619812	1
13.205619812	1
13.205619812	1
13.205619812	1
13.205619812	1
13.205619812	1
13.205619812	1
13.2378818989	1
13.2382419109	1
13.2382419109	1
13.2382419109	1
13.2382419109	1
13.4630320072	-1
13.8538839817	-1
