0.0	1
0.361742973328	1
0.690026044846	-1
0.691243886948	1
1.08526301384	-1
1.08606290817	1
1.09191989899	1
1.09191989899	1
1.09191989899	1
1.09191989899	1
1.09191989899	1
1.09191989899	1
1.98785710335	-1
1.98951292038	1
2.3551170826	-1
2.35635900497	-1
2.35635900497	-1
2.35635900497	-1
2.35635900497	-1
2.35667109489	1
2.43208599091	1
2.50584888458	1
2.50584888458	1
2.78572297096	-1
2.98655700684	-1
3.14375305176	-1
3.14402103424	-1
3.14402103424	-1
3.14402103424	-1
3.14402103424	-1
3.14402103424	-1
3.14402103424	-1
3.23075604439	1
3.30227994919	-1
3.41247391701	-1
3.46094489098	-1
3.46094489098	-1
3.46094489098	-1
3.46094489098	-1
3.48047208786	1
3.49981498718	-1
3.49981498718	-1
3.49981498718	-1
3.58506608009	-1
3.58506608009	-1
3.58506608009	-1
3.58506608009	-1
3.60007810593	-1
3.60007810593	-1
3.60007810593	-1
3.60007810593	-1
3.60007810593	-1
3.60007810593	-1
3.61953902245	-1
3.61953902245	-1
3.61953902245	-1
3.61953902245	-1
3.69792509079	-1
3.69792509079	-1
3.69792509079	-1
3.69792509079	-1
3.69792509079	-1
3.78222894669	-1
3.78222894669	-1
3.78222894669	-1
3.78222894669	-1
3.78897595406	-1
3.78897595406	-1
3.78897595406	-1
3.78897595406	-1
3.78897595406	-1
3.78897595406	-1
3.78897595406	-1
3.78897595406	-1
3.78897595406	-1
3.78933811188	-1
3.78933811188	-1
3.84640288353	1
3.8488380909	1
3.8488380909	1
3.8488380909	1
3.86945295334	-1
3.86945295334	-1
3.86945295334	-1
3.86945295334	-1
3.86945295334	-1
3.86945295334	-1
3.86945295334	-1
3.86945295334	-1
3.89979505539	-1
3.90005087852	-1
3.90005087852	-1
3.90005087852	-1
3.90005087852	-1
3.90005087852	-1
3.90005087852	-1
3.9022591114	-1
3.9022591114	-1
3.9022591114	-1
3.9022591114	-1
3.9022591114	-1
3.9022591114	-1
3.9022591114	-1
3.9022591114	-1
3.92105293274	1
3.92105293274	1
3.92287993431	1
3.92287993431	1
3.94339299202	-1
3.94779706001	-1
3.94779706001	-1
3.94779706001	-1
3.94779706001	-1
3.98070693016	1
3.98070693016	1
3.98070693016	1
3.98296809196	1
3.98296809196	1
3.98312807083	1
3.98312807083	1
3.98312807083	1
3.98312807083	1
3.98510694504	-1
3.98510694504	-1
3.98510694504	-1
3.98516011238	1
3.98516011238	1
4.09580802917	1
4.09580802917	1
4.09580802917	1
4.09657406807	-1
4.09657406807	-1
4.09657406807	-1
4.13007807732	1
4.13007807732	1
4.13007807732	1
4.15666508675	-1
4.15861988068	1
4.15861988068	1
4.17152094841	1
4.17152094841	1
4.17152094841	1
4.19588899612	1
4.23419594765	1
4.23419594765	1
4.23419594765	1
4.23419594765	1
4.23515796661	1
4.23515796661	1
4.40245103836	1
4.40697598457	-1
4.47629404068	1
4.47629404068	1
4.74059391022	-1
4.74189901352	1
4.89901804924	-1
4.93082404137	-1
4.93082404137	-1
4.93082404137	-1
5.0950191021	-1
5.0950191021	-1
5.0950191021	-1
5.0954709053	-1
5.0954709053	-1
5.0954709053	-1
5.0954709053	-1
5.09681606293	1
5.18811202049	-1
5.18811202049	-1
5.18811202049	-1
5.19630789757	-1
5.19630789757	-1
5.19630789757	-1
5.19630789757	-1
5.19630789757	-1
5.19630789757	-1
5.19630789757	-1
5.19630789757	-1
5.24625992775	1
5.25437092781	-1
5.25437092781	-1
5.25437092781	-1
5.25437092781	-1
5.29619908333	-1
5.29619908333	-1
5.32126402855	1
5.32126402855	1
5.4125790596	-1
5.41282987595	-1
5.41282987595	-1
5.41282987595	-1
5.41282987595	-1
5.41282987595	-1
5.57118797302	-1
5.57118797302	-1
5.57118797302	-1
5.57118797302	-1
5.6179690361	1
5.78545403481	-1
5.94358897209	-1
6.09867596626	-1
6.18909096718	-1
6.18909096718	-1
6.18909096718	-1
6.18909096718	-1
6.18909096718	-1
6.19629693031	-1
6.24320197105	-1
6.24320197105	-1
6.24320197105	-1
6.24320197105	-1
6.24320197105	-1
6.24955105782	1
6.28480410576	-1
6.28480410576	-1
6.28480410576	-1
6.29468894005	-1
6.29468894005	-1
6.29468894005	-1
6.29468894005	-1
6.41485095024	-1
6.41485095024	-1
6.41485095024	-1
6.41485095024	-1
6.41485095024	-1
6.41485095024	-1
6.41485095024	-1
6.41963791847	-1
6.41963791847	-1
6.41963791847	-1
6.41963791847	-1
6.41963791847	-1
6.41963791847	-1
6.41963791847	-1
6.41963791847	-1
6.43231511116	-1
6.43231511116	-1
6.43231511116	-1
6.43231511116	-1
6.43231511116	-1
6.68444800377	-1
6.89052295685	-1
6.90979504585	1
6.91218805313	1
6.91218805313	1
6.91218805313	1
6.91268706322	1
6.91268706322	1
6.91268706322	1
6.91316199303	1
6.91316199303	1
6.91372704506	1
6.91372704506	1
6.9142138958	1
6.9142138958	1
6.9142138958	1
6.91494989395	1
6.91494989395	1
6.98768496513	1
6.98768496513	1
6.98768496513	1
6.98768496513	1
6.98768496513	1
6.98768496513	1
6.98768496513	1
6.98768496513	1
6.98768496513	1
6.98786306381	1
6.98786306381	1
6.98786306381	1
6.98786306381	1
6.98786306381	1
6.98786306381	1
6.98786306381	1
7.43319988251	1
7.50693297386	1
7.50693297386	1
7.58413505554	-1
7.69750404358	-1
7.74259996414	-1
7.74259996414	-1
7.74259996414	-1
7.74259996414	-1
7.74259996414	-1
7.74259996414	-1
7.79653406143	-1
7.79653406143	-1
7.79653406143	-1
7.79653406143	-1
7.79653406143	-1
7.79653406143	-1
7.79653406143	-1
7.79653406143	-1
7.79653406143	-1
7.88463687897	-1
7.88463687897	-1
7.88463687897	-1
7.88463687897	-1
7.88463687897	-1
7.88463687897	-1
7.89749288559	-1
7.89749288559	-1
7.90106201172	-1
7.90106201172	-1
7.90106201172	-1
7.90106201172	-1
7.90106201172	-1
7.99041295052	-1
7.99041295052	-1
7.99041295052	-1
7.99041295052	-1
7.99041295052	-1
7.99041295052	-1
7.99041295052	-1
7.99041295052	-1
7.99041295052	-1
7.99288511276	-1
8.00830197334	1
8.00857400894	-1
8.00857400894	-1
8.00857400894	-1
8.00857400894	-1
8.00857400894	-1
8.00857400894	-1
8.00857400894	-1
8.00857400894	-1
8.06117105484	-1
8.06117105484	-1
8.06117105484	-1
8.06117105484	-1
8.06117105484	-1
8.06117105484	-1
8.06117105484	-1
8.06117105484	-1
8.06151390076	-1
8.06561899185	-1
8.06561899185	-1
8.06561899185	-1
8.06561899185	-1
8.06561899185	-1
8.06561899185	-1
8.06561899185	-1
8.06961202621	1
8.06961202621	1
8.06961202621	1
8.08036804199	1
8.08036804199	1
8.12236189842	1
8.12236189842	1
8.14369297028	-1
8.14369297028	-1
8.14545297623	-1
8.14545297623	-1
8.14545297623	-1
8.14545297623	-1
8.14545297623	-1
8.14545297623	-1
8.14610505104	-1
8.14610505104	-1
8.14610505104	-1
8.14610505104	-1
8.14610505104	-1
8.14610505104	-1
8.14610505104	-1
8.14610505104	-1
8.1860640049	-1
8.1860640049	-1
8.1860640049	-1
8.1860640049	-1
8.19125795364	1
8.19125795364	1
8.19125795364	1
8.19687604904	-1
8.19751691818	-1
8.19751691818	-1
8.19751691818	-1
8.19763708115	-1
8.19763708115	-1
8.19763708115	-1
8.19763708115	-1
8.19763708115	-1
8.19763708115	-1
8.19763708115	-1
8.22113394737	-1
8.22113394737	-1
8.22113394737	-1
8.22113394737	-1
8.22113394737	-1
8.22113394737	-1
8.22113394737	-1
8.22113394737	-1
8.22353601456	1
8.22353601456	1
8.22353601456	1
8.23721194267	1
8.23721194267	1
8.25467300415	-1
8.25481295586	-1
8.25481295586	-1
8.25481295586	-1
8.25481295586	-1
8.25481295586	-1
8.25481295586	-1
8.25481295586	-1
8.25481295586	-1
8.25518107414	-1
8.25518107414	-1
8.25518107414	-1
8.25518107414	-1
8.26918196678	1
8.26918196678	1
8.26918196678	1
8.27180504799	-1
8.27180504799	-1
8.27180504799	-1
8.27191209793	-1
8.2843940258	1
8.2843940258	1
8.2843940258	1
8.28779888153	1
8.28779888153	1
8.29128909111	1
8.29128909111	1
8.29128909111	1
8.30462288857	-1
8.30462288857	-1
8.30462288857	-1
8.30462288857	-1
8.30462288857	-1
8.30462288857	-1
8.30462288857	-1
8.38486790657	-1
8.38486790657	-1
8.38486790657	-1
8.38486790657	-1
8.38486790657	-1
8.38486790657	-1
8.40452289581	1
8.40452289581	1
8.40452289581	1
8.4131090641	-1
8.4131090641	-1
8.41767096519	1
8.41767096519	1
8.45281791687	-1
8.45281791687	-1
8.4528529644	1
8.58100509644	1
8.58100509644	1
8.78702998161	-1
8.99607610703	-1
9.06990098953	-1
9.08479094505	-1
9.08479094505	-1
9.08479094505	-1
9.08479094505	-1
9.08484196663	-1
9.08484196663	-1
9.08484196663	-1
9.08511900902	-1
9.08514595032	-1
9.08514595032	-1
9.08514595032	-1
9.08514595032	-1
9.08514595032	-1
9.08514595032	-1
9.08514595032	-1
9.09853196144	-1
9.09853196144	-1
9.09853196144	-1
9.09853196144	-1
9.09853196144	-1
9.09853196144	-1
9.09853196144	-1
9.09853196144	-1
9.14187788963	1
9.1861178875	-1
9.1861178875	-1
9.1861178875	-1
9.1861178875	-1
9.1861178875	-1
9.1861178875	-1
9.1861178875	-1
9.1861178875	-1
9.21898293495	1
9.25130009651	-1
9.25130009651	-1
9.25130009651	-1
9.25130009651	-1
9.25130009651	-1
9.25130009651	-1
9.25130009651	-1
9.25130009651	-1
9.25361394882	-1
9.2557349205	-1
9.2557349205	-1
9.2557349205	-1
9.2557349205	-1
9.2557349205	-1
9.2557349205	-1
9.2557349205	-1
9.25650596619	-1
9.25650596619	-1
9.25650596619	-1
9.25650596619	-1
9.25650596619	-1
9.25650596619	-1
9.25650596619	-1
9.25650596619	-1
9.28445410728	-1
9.2915520668	-1
9.2915520668	-1
9.2915520668	-1
9.2915520668	-1
9.2915520668	-1
9.2915520668	-1
9.2915520668	-1
9.32524490356	1
9.32570195198	-1
9.32570195198	-1
9.32570195198	-1
9.32570195198	-1
9.32570195198	-1
9.3653459549	-1
9.36781692505	-1
9.36781692505	-1
9.36781692505	-1
9.36781692505	-1
9.36781692505	-1
9.36781692505	-1
9.40423297882	-1
9.40423297882	-1
9.40423297882	-1
9.40423297882	-1
9.40423297882	-1
9.40423297882	-1
9.40423297882	-1
9.40423297882	-1
9.40423297882	-1
9.40424394608	1
9.40460109711	-1
9.40460109711	-1
9.40460109711	-1
9.40460109711	-1
9.40460109711	-1
9.40460109711	-1
9.40460109711	-1
9.40497303009	-1
9.40497303009	-1
9.40497303009	-1
9.40497303009	-1
9.40497303009	-1
9.40497303009	-1
9.40497303009	-1
9.40497303009	-1
9.43944501877	-1
9.44212698936	-1
9.44212698936	-1
9.44212698936	-1
9.44212698936	-1
9.44212698936	-1
9.44212698936	-1
9.44212698936	-1
9.45453000069	1
9.45453000069	1
9.45453000069	1
9.482462883	-1
9.48252892494	-1
9.48252892494	-1
9.48252892494	-1
9.48252892494	-1
9.48252892494	-1
9.48252892494	-1
9.48252892494	-1
9.48545193672	-1
9.48545193672	-1
9.48545193672	-1
9.48545193672	-1
9.48545193672	-1
9.48545193672	-1
9.48545193672	-1
9.48545193672	-1
9.48545193672	-1
9.4858019352	-1
9.4858019352	-1
9.4858019352	-1
9.4858019352	-1
9.4858019352	-1
9.4858019352	-1
9.4858019352	-1
9.51642107964	1
9.51642107964	1
9.51642107964	1
9.52675795555	1
9.52675795555	1
9.53680491447	1
9.53680491447	1
9.53680491447	1
9.54368805885	1
9.54368805885	1
9.55610704422	1
9.56118202209	-1
9.56118202209	-1
9.56118202209	-1
9.56118202209	-1
9.56118202209	-1
9.56118202209	-1
9.56118202209	-1
9.56118202209	-1
9.56153392792	-1
9.56153392792	-1
9.56153392792	-1
9.56153392792	-1
9.56153392792	-1
9.56153392792	-1
9.56153392792	-1
9.56153392792	-1
9.58493804932	-1
9.58499002457	-1
9.58499002457	-1
9.58499002457	-1
9.58499002457	-1
9.58499002457	-1
9.58499002457	-1
9.58499002457	-1
9.58528995514	-1
9.58541202545	-1
9.58541202545	-1
9.58541202545	-1
9.58541202545	-1
9.58541202545	-1
9.58541202545	-1
9.58541202545	-1
9.58541202545	-1
9.63595890999	-1
9.63595890999	-1
9.63595890999	-1
9.63595890999	-1
9.63595890999	-1
9.63595890999	-1
9.63595890999	-1
9.63595890999	-1
9.63595890999	-1
9.63630008698	-1
9.63630008698	-1
9.63630008698	-1
9.63630008698	-1
9.63630008698	-1
9.63630008698	-1
9.63630008698	-1
9.63630008698	-1
9.63657808304	-1
9.63657808304	-1
9.63657808304	-1
9.63657808304	-1
9.63657808304	-1
9.63657808304	-1
9.68784403801	-1
9.68784403801	-1
9.68784403801	-1
9.68784403801	-1
9.68784403801	-1
9.68784403801	-1
9.68784403801	-1
9.68784403801	-1
9.68784403801	-1
9.68941187859	-1
9.68941187859	-1
9.68941187859	-1
9.68941187859	-1
9.68941187859	-1
9.68941187859	-1
9.71970701218	-1
9.71970701218	-1
9.71970701218	-1
9.71970701218	-1
9.71970701218	-1
9.71970701218	-1
9.71970701218	-1
9.71970701218	-1
9.74416089058	-1
9.74421000481	-1
9.74421000481	-1
9.74421000481	-1
9.74421000481	-1
9.74421000481	-1
9.74421000481	-1
9.74421000481	-1
9.74451088905	-1
9.74463295937	-1
9.74463295937	-1
9.74463295937	-1
9.74463295937	-1
9.74463295937	-1
9.74463295937	-1
9.74463295937	-1
9.78784298897	-1
9.78784298897	-1
9.78784298897	-1
9.78784298897	-1
9.78784298897	-1
9.78784298897	-1
9.78784298897	-1
9.78784298897	-1
9.788189888	-1
9.788189888	-1
9.788189888	-1
9.788189888	-1
9.788189888	-1
9.788189888	-1
9.788189888	-1
9.788189888	-1
9.78935003281	1
9.84498000145	-1
9.84516310692	-1
9.84516310692	-1
9.84516310692	-1
9.84516310692	-1
9.84516310692	-1
9.84516310692	-1
9.84516310692	-1
9.84516310692	-1
9.84553194046	-1
9.84553194046	-1
9.84553194046	-1
9.84553194046	-1
9.84553194046	-1
9.84553194046	-1
9.84553194046	-1
9.84577703476	-1
9.84577703476	-1
9.88508105278	-1
9.88508105278	-1
9.88508105278	-1
9.88508105278	-1
9.88508105278	-1
9.88508105278	-1
9.88508105278	-1
9.90291595459	-1
9.90302991867	-1
9.90302991867	-1
9.90302991867	-1
9.90302991867	-1
9.90302991867	-1
9.90302991867	-1
9.90302991867	-1
9.91972899437	-1
9.91972899437	-1
9.91972899437	-1
9.91972899437	-1
9.91972899437	-1
9.91972899437	-1
9.91972899437	-1
9.91972899437	-1
9.98609805107	-1
9.98609805107	-1
9.98609805107	-1
9.98609805107	-1
9.98609805107	-1
9.98609805107	-1
9.98609805107	-1
9.98609805107	-1
9.98609805107	-1
9.98644399643	-1
9.98644399643	-1
9.98644399643	-1
9.98644399643	-1
9.98644399643	-1
9.98644399643	-1
9.98644399643	-1
9.9866900444	-1
9.98673295975	-1
9.98673295975	-1
9.98673295975	-1
9.98673295975	-1
9.98673295975	-1
9.98673295975	-1
9.98673295975	-1
10.0022790432	-1
10.0023770332	-1
10.0023770332	-1
10.0023770332	-1
10.0023770332	-1
10.0023770332	-1
10.0023770332	-1
10.0023770332	-1
10.0326991081	-1
10.0329940319	-1
10.0329940319	-1
10.0329940319	-1
10.0329940319	-1
10.0329940319	-1
10.0329940319	-1
10.0329940319	-1
10.0329940319	-1
10.0859820843	-1
10.0859820843	-1
10.0859820843	-1
10.0859820843	-1
10.0859820843	-1
10.0859820843	-1
10.0859820843	-1
10.0863199234	-1
10.0863199234	-1
10.0863199234	-1
10.0863199234	-1
10.0863199234	-1
10.0863199234	-1
10.0863199234	-1
10.0863199234	-1
10.0871589184	-1
10.0871589184	-1
10.0871589184	-1
10.0871589184	-1
10.0871589184	-1
10.0871589184	-1
10.0871589184	-1
10.0871589184	-1
10.0886518955	1
10.1609420776	-1
10.1609420776	-1
10.1609420776	-1
10.1609420776	-1
10.1609420776	-1
10.1609420776	-1
10.1609420776	-1
10.1609420776	-1
10.1609420776	-1
10.186136961	-1
10.186136961	-1
10.186136961	-1
10.186136961	-1
10.186136961	-1
10.186136961	-1
10.186136961	-1
10.1861469746	1
10.1863729954	-1
10.1864950657	-1
10.1864950657	-1
10.1864950657	-1
10.1864950657	-1
10.1864950657	-1
10.1864950657	-1
10.1864950657	-1
10.1868839264	-1
10.1870069504	-1
10.1870069504	-1
10.1870069504	-1
10.1870069504	-1
10.1870069504	-1
10.1870069504	-1
10.1870069504	-1
10.2850899696	-1
10.2850899696	-1
10.2850899696	-1
10.2850899696	-1
10.2850899696	-1
10.2850899696	-1
10.2850899696	-1
10.2850899696	-1
10.2850899696	-1
10.285130024	1
10.2854321003	-1
10.2854321003	-1
10.2854321003	-1
10.2854321003	-1
10.2854321003	-1
10.2854321003	-1
10.2854321003	-1
10.2858419418	-1
10.2859659195	-1
10.2859659195	-1
10.2859659195	-1
10.2859659195	-1
10.2859659195	-1
10.2859659195	-1
10.2859659195	-1
10.2862110138	-1
10.2862451077	-1
10.2862451077	-1
10.2862451077	-1
10.2862451077	-1
10.2862451077	-1
10.2862451077	-1
10.2862451077	-1
10.2865800858	-1
10.2865800858	-1
10.2865800858	-1
10.2865800858	-1
10.2865800858	-1
10.2865800858	-1
10.2865800858	-1
10.2865800858	-1
10.2913639545	1
10.2913639545	1
10.2913639545	1
10.2913639545	1
10.2913639545	1
10.3888089657	-1
10.3888089657	-1
10.3888089657	-1
10.3888089657	-1
10.3888089657	-1
10.3940300941	-1
10.3971641064	-1
10.3971641064	-1
10.4001319408	-1
10.4001319408	-1
10.4001319408	-1
10.4001319408	-1
10.4001319408	-1
10.4001319408	-1
10.4001319408	-1
10.4001319408	-1
10.4024670124	-1
10.4024670124	-1
10.4024670124	-1
10.4024670124	-1
10.4024670124	-1
10.4024670124	-1
10.4024670124	-1
10.4024670124	-1
10.4063789845	-1
10.4063789845	-1
10.4063789845	-1
10.4063789845	-1
10.4063789845	-1
10.4063789845	-1
10.4063789845	-1
10.4063789845	-1
10.4303100109	1
10.4303100109	1
10.4303100109	1
10.448554039	1
10.448554039	1
10.4598050117	1
10.4598050117	1
10.4598050117	1
10.4658079147	1
10.4658079147	1
10.47783494	-1
10.47783494	-1
10.47783494	-1
10.47783494	-1
10.47783494	-1
10.4848499298	-1
10.4849560261	-1
10.4849560261	-1
10.4852640629	-1
10.4852640629	-1
10.4852640629	-1
10.4852640629	-1
10.4852640629	-1
10.4852640629	-1
10.4852640629	-1
10.4852640629	-1
10.4858589172	-1
10.4859800339	-1
10.4859800339	-1
10.4859800339	-1
10.4859800339	-1
10.4859800339	-1
10.4859800339	-1
10.4859800339	-1
10.4862270355	-1
10.486260891	-1
10.486260891	-1
10.486260891	-1
10.486260891	-1
10.486260891	-1
10.486260891	-1
10.486260891	-1
10.5194380283	1
10.5194380283	1
10.5194380283	1
10.5194380283	1
10.5194380283	1
10.5861749649	-1
10.5861749649	-1
10.5861749649	-1
10.5861749649	-1
10.5861749649	-1
10.5861749649	-1
10.5861749649	-1
10.5861749649	-1
10.5864880085	-1
10.5864880085	-1
10.5864880085	-1
10.5864880085	-1
10.5864880085	-1
10.5864880085	-1
10.5864880085	-1
10.5864880085	-1
10.5868570805	-1
10.5869801044	-1
10.5869801044	-1
10.5869801044	-1
10.5869801044	-1
10.5869801044	-1
10.5869801044	-1
10.5869801044	-1
10.5875899792	-1
10.5877130032	-1
10.5877130032	-1
10.5877130032	-1
10.5877130032	-1
10.5877130032	-1
10.5877130032	-1
10.5877130032	-1
10.6051459312	-1
10.6258089542	-1
10.6258089542	-1
10.6258089542	-1
10.6258089542	-1
10.660681963	-1
10.660681963	-1
10.660681963	-1
10.660681963	-1
10.6849570274	-1
10.6849570274	-1
10.6849570274	-1
10.6851348877	-1
10.6851348877	-1
10.6851348877	-1
10.6851348877	-1
10.6851348877	-1
10.6851348877	-1
10.6851348877	-1
10.6851348877	-1
10.6855859756	-1
10.6855859756	-1
10.6855859756	-1
10.6855859756	-1
10.6855859756	-1
10.6855859756	-1
10.6855859756	-1
10.6855859756	-1
10.6860609055	-1
10.6860609055	-1
10.6860609055	-1
10.6860609055	-1
10.6860609055	-1
10.6860609055	-1
10.6860609055	-1
10.6860609055	-1
10.6873860359	1
10.6891849041	1
10.6891849041	1
10.6891849041	1
10.6891849041	1
10.6891849041	1
10.6891849041	1
10.6891849041	1
10.6891849041	1
10.7002499104	-1
10.7002499104	-1
10.7002499104	-1
10.7002499104	-1
10.7002499104	-1
10.7096459866	1
10.7096459866	1
10.7096459866	1
10.7593679428	-1
10.7596359253	-1
10.7596359253	-1
10.7632670403	1
10.7849071026	-1
10.7849071026	-1
10.7849071026	-1
10.7849071026	-1
10.7849071026	-1
10.7849071026	-1
10.7849071026	-1
10.7849071026	-1
10.7852630615	-1
10.7852630615	-1
10.7852630615	-1
10.7852630615	-1
10.7852630615	-1
10.7852630615	-1
10.7852630615	-1
10.7852630615	-1
10.7854979038	-1
10.7856850624	-1
10.7856850624	-1
10.7856850624	-1
10.7856850624	-1
10.7856850624	-1
10.7856850624	-1
10.7856850624	-1
10.7989399433	-1
10.7989649773	-1
10.7989649773	-1
10.7989649773	-1
10.7989649773	-1
10.7989649773	-1
10.7989649773	-1
10.7989649773	-1
10.7989649773	-1
10.8591680527	1
10.8654251099	-1
10.8654251099	-1
10.8654251099	-1
10.8654251099	-1
10.8897130489	-1
10.8897130489	-1
10.8897130489	-1
10.8897130489	-1
10.8897130489	-1
10.8897130489	-1
10.8897130489	-1
10.8897130489	-1
10.8897130489	-1
10.8900659084	-1
10.8900659084	-1
10.8905360699	-1
10.8905360699	-1
10.8905360699	-1
10.8905360699	-1
10.8905360699	-1
10.8905360699	-1
10.8905360699	-1
10.8905360699	-1
10.8910059929	-1
10.8910059929	-1
10.8910059929	-1
10.8910059929	-1
10.8910059929	-1
10.8910059929	-1
10.8910059929	-1
10.8910059929	-1
10.9877860546	-1
10.9877860546	-1
10.9877860546	-1
10.9877860546	-1
10.9877860546	-1
10.9877860546	-1
10.9877860546	-1
10.9877860546	-1
10.9887940884	-1
10.9887940884	-1
10.9887940884	-1
10.9887940884	-1
10.9887940884	-1
10.9887940884	-1
10.9887940884	-1
10.9887940884	-1
10.9892010689	-1
10.9892010689	-1
10.9892010689	-1
10.9892010689	-1
10.9892010689	-1
10.9892010689	-1
10.9892010689	-1
10.9892010689	-1
10.9895699024	-1
10.9895699024	-1
10.9895699024	-1
10.9895699024	-1
10.9895699024	-1
10.9895699024	-1
10.9895699024	-1
10.9906299114	1
10.9928069115	1
10.9928069115	1
10.9928069115	1
11.0060119629	-1
11.0060119629	-1
11.0060119629	-1
11.0060119629	-1
11.0060119629	-1
11.0060119629	-1
11.0060119629	-1
11.0060119629	-1
11.0060119629	-1
11.0063641071	-1
11.0668580532	1
11.0923390388	-1
11.0923390388	-1
11.0923390388	-1
11.0923390388	-1
11.0923390388	-1
11.0923390388	-1
11.0923390388	-1
11.0923390388	-1
11.0923390388	-1
11.0926790237	-1
11.0926790237	-1
11.0926790237	-1
11.0926790237	-1
11.0926790237	-1
11.0934150219	-1
11.0934150219	-1
11.0934150219	-1
11.0934150219	-1
11.0934150219	-1
11.0934150219	-1
11.0934150219	-1
11.0934150219	-1
11.0975940228	-1
11.0975940228	-1
11.0975940228	-1
11.0975940228	-1
11.0975940228	-1
11.0975940228	-1
11.0975940228	-1
11.0975940228	-1
11.0975940228	-1
11.1205279827	-1
11.1572890282	-1
11.1572890282	-1
11.1572890282	-1
11.1572890282	-1
11.1852850914	-1
11.1852850914	-1
11.1852850914	-1
11.1852850914	-1
11.1852850914	-1
11.1852850914	-1
11.1852850914	-1
11.1852850914	-1
11.1852850914	-1
11.1856329441	-1
11.1857559681	-1
11.1857559681	-1
11.1857559681	-1
11.1857559681	-1
11.1857559681	-1
11.1857559681	-1
11.1857559681	-1
11.1857559681	-1
11.186070919	-1
11.186070919	-1
11.186070919	-1
11.186070919	-1
11.186070919	-1
11.186070919	-1
11.186070919	-1
11.186070919	-1
11.1883060932	1
11.1967909336	-1
11.1967909336	-1
11.1967909336	-1
11.1967909336	-1
11.1967909336	-1
11.1967909336	-1
11.1967909336	-1
11.1967909336	-1
11.2719900608	1
11.2855269909	-1
11.2855269909	-1
11.2855269909	-1
11.2856309414	-1
11.2856309414	-1
11.2856309414	-1
11.2856309414	-1
11.2856309414	-1
11.2860190868	-1
11.2860190868	-1
11.2860190868	-1
11.2860190868	-1
11.2860190868	-1
11.2860190868	-1
11.2860190868	-1
11.2860190868	-1
11.2862660885	-1
11.2863209248	-1
11.2863209248	-1
11.2863209248	-1
11.2863209248	-1
11.2863209248	-1
11.2863209248	-1
11.2863209248	-1
11.2865490913	-1
11.286757946	-1
11.286757946	-1
11.286757946	-1
11.286757946	-1
11.286757946	-1
11.286757946	-1
11.286757946	-1
11.3156900406	-1
11.3448879719	-1
11.385242939	1
11.4002649784	-1
11.4002649784	-1
11.4002649784	-1
11.4002649784	-1
11.4002649784	-1
11.4002649784	-1
11.4002649784	-1
11.4002649784	-1
11.4002649784	-1
11.4006180763	-1
11.4006180763	-1
11.4006180763	-1
11.4006180763	-1
11.4065539837	-1
11.4065539837	-1
11.4065539837	-1
11.4065539837	-1
11.4065539837	-1
11.4065539837	-1
11.4065539837	-1
11.4065539837	-1
11.4095630646	-1
11.4095630646	-1
11.4095630646	-1
11.4095630646	-1
11.4095630646	-1
11.4095630646	-1
11.4095630646	-1
11.4095630646	-1
11.4125139713	-1
11.4125139713	-1
11.4125139713	-1
11.4738049507	-1
11.4738049507	-1
11.4738049507	-1
11.4738049507	-1
11.4870040417	-1
11.4870040417	-1
11.4870040417	-1
11.4870040417	-1
11.4870040417	-1
11.4870040417	-1
11.4870040417	-1
11.4870040417	-1
11.4870040417	-1
11.4873440266	-1
11.4873440266	-1
11.4875130653	-1
11.4875130653	-1
11.4875130653	-1
11.4875130653	-1
11.4875130653	-1
11.4875130653	-1
11.4875130653	-1
11.4875130653	-1
11.4881238937	-1
11.4881238937	-1
11.4881238937	-1
11.4881238937	-1
11.4881238937	-1
11.4881238937	-1
11.4881238937	-1
11.4881238937	-1
11.4891328812	1
11.523360014	1
11.523360014	1
11.523360014	1
11.523360014	1
11.5253648758	1
11.5253648758	1
11.5253648758	1
11.5253648758	1
11.5262889862	1
11.5262889862	1
11.5262889862	1
11.5262889862	1
11.5262889862	1
11.5262889862	1
11.5268468857	1
11.5268468857	1
11.5268468857	1
11.5268468857	1
11.5269520283	1
11.5269520283	1
11.585958004	-1
11.585958004	-1
11.585958004	-1
11.585958004	-1
11.585958004	-1
11.585958004	-1
11.585958004	-1
11.585958004	-1
11.5862801075	-1
11.5863180161	-1
11.5863180161	-1
11.5863180161	-1
11.5863180161	-1
11.5863180161	-1
11.5863180161	-1
11.5863180161	-1
11.5863180161	-1
11.586769104	-1
11.586769104	-1
11.586769104	-1
11.586769104	-1
11.586769104	-1
11.586769104	-1
11.586769104	-1
11.5870139599	-1
11.5871379375	-1
11.5871379375	-1
11.5871379375	-1
11.5871379375	-1
11.5871379375	-1
11.5871379375	-1
11.5871379375	-1
11.632144928	-1
11.6322519779	-1
11.6322519779	-1
11.6322519779	-1
11.6322519779	-1
11.6884019375	-1
11.6884019375	-1
11.6884019375	-1
11.6884019375	-1
11.6884019375	-1
11.6884019375	-1
11.6884019375	-1
11.6884019375	-1
11.6884019375	-1
11.6884360313	1
11.6884360313	1
11.6887559891	-1
11.6887559891	-1
11.6888740063	-1
11.6888740063	-1
11.6888740063	-1
11.6888740063	-1
11.6888740063	-1
11.6888740063	-1
11.6888740063	-1
11.6888740063	-1
11.6898870468	-1
11.6898870468	-1
11.6898870468	-1
11.6898870468	-1
11.6898870468	-1
11.6898870468	-1
11.6898870468	-1
11.6898870468	-1
11.785558939	-1
11.785558939	-1
11.785558939	-1
11.785558939	-1
11.785558939	-1
11.7857739925	-1
11.7858979702	-1
11.7858979702	-1
11.7858979702	-1
11.7858979702	-1
11.7858979702	-1
11.7861430645	-1
11.7861430645	-1
11.7861430645	-1
11.7861430645	-1
11.7861430645	-1
11.7861430645	-1
11.7861430645	-1
11.7861430645	-1
11.786511898	-1
11.786511898	-1
11.786511898	-1
11.786511898	-1
11.786511898	-1
11.786511898	-1
11.786511898	-1
11.786511898	-1
11.7885849476	1
11.7983920574	-1
11.7985389233	-1
11.7985389233	-1
11.7985389233	-1
11.7985389233	-1
11.7985389233	-1
11.7985389233	-1
11.7985389233	-1
11.7985389233	-1
11.8606460094	-1
11.8606460094	-1
11.8606460094	-1
11.8606460094	-1
11.8886020184	-1
11.8886020184	-1
11.8886020184	-1
11.8886020184	-1
11.8886020184	-1
11.8886020184	-1
11.8886020184	-1
11.8886020184	-1
11.8886020184	-1
11.8886370659	1
11.8888709545	-1
11.8888709545	-1
11.8890779018	-1
11.8890779018	-1
11.8890779018	-1
11.8890779018	-1
11.8890779018	-1
11.8890779018	-1
11.8890779018	-1
11.8890779018	-1
11.889359951	-1
11.889359951	-1
11.889359951	-1
11.889359951	-1
11.889359951	-1
11.889359951	-1
11.889359951	-1
11.889359951	-1
11.9587049484	-1
11.9587049484	-1
11.9587049484	-1
11.9587049484	-1
11.9587049484	-1
11.9880459309	-1
11.988079071	1
11.988740921	-1
11.988740921	-1
11.988740921	-1
11.988740921	-1
11.988740921	-1
11.988740921	-1
11.988740921	-1
11.988740921	-1
11.9890930653	-1
11.9890930653	-1
11.9890930653	-1
11.9890930653	-1
11.9890930653	-1
11.9890930653	-1
11.9890930653	-1
11.9890930653	-1
11.9890930653	-1
11.9890930653	-1
11.9894609451	-1
11.9894609451	-1
11.9894609451	-1
11.9894609451	-1
11.9894609451	-1
11.9894609451	-1
11.9894609451	-1
11.9894609451	-1
11.99883008	-1
12.0007879734	-1
12.0007879734	-1
12.0007879734	-1
12.0007879734	-1
12.0863900185	-1
12.0863900185	-1
12.0863900185	-1
12.0863900185	-1
12.0863900185	-1
12.0863900185	-1
12.0864019394	1
12.0868740082	-1
12.0868740082	-1
12.0868740082	-1
12.0868740082	-1
12.0868740082	-1
12.0868740082	-1
12.0868740082	-1
12.0868740082	-1
12.087241888	-1
12.087241888	-1
12.087241888	-1
12.087241888	-1
12.087241888	-1
12.087241888	-1
12.087241888	-1
12.087241888	-1
12.0876100063	-1
12.0876100063	-1
12.0876100063	-1
12.0876100063	-1
12.0876100063	-1
12.0876100063	-1
12.0876100063	-1
12.0876100063	-1
12.0983510017	-1
12.0983510017	-1
12.0983510017	-1
12.1158709526	-1
12.1158709526	-1
12.1158709526	-1
12.1158709526	-1
12.1177179813	1
12.1177179813	1
12.1177179813	1
12.1845979691	-1
12.1845979691	-1
12.1845979691	-1
12.1845979691	-1
12.1845979691	-1
12.1845979691	-1
12.1845979691	-1
12.1845979691	-1
12.1845979691	-1
12.184953928	-1
12.184953928	-1
12.184953928	-1
12.184953928	-1
12.184953928	-1
12.184953928	-1
12.184953928	-1
12.184953928	-1
12.1853380203	-1
12.1853380203	-1
12.1853380203	-1
12.1853380203	-1
12.1853380203	-1
12.1853380203	-1
12.1853380203	-1
12.1853380203	-1
12.1882669926	1
12.1882669926	1
12.1882669926	1
12.1988658905	-1
12.1988658905	-1
12.1988658905	-1
12.1988658905	-1
12.1988658905	-1
12.1988658905	-1
12.1988658905	-1
12.1988658905	-1
12.262294054	1
12.2739889622	-1
12.2739889622	-1
12.2739889622	-1
12.2856969833	-1
12.2856969833	-1
12.2856969833	-1
12.2856969833	-1
12.2856969833	-1
12.2859499454	-1
12.2859499454	-1
12.2859499454	-1
12.2859499454	-1
12.2859499454	-1
12.2859499454	-1
12.2859499454	-1
12.2859499454	-1
12.2864050865	-1
12.2865231037	-1
12.2865231037	-1
12.2865231037	-1
12.2865231037	-1
12.2865231037	-1
12.2865231037	-1
12.2865231037	-1
12.2867689133	-1
12.2868919373	-1
12.2868919373	-1
12.2868919373	-1
12.2868919373	-1
12.2868919373	-1
12.2868919373	-1
12.2868919373	-1
12.2907710075	1
12.2907710075	1
12.2907710075	1
12.2917370796	1
12.2917370796	1
12.2982580662	-1
12.3370220661	-1
12.3370220661	-1
12.3840200901	-1
12.3840200901	-1
12.3840200901	-1
12.3840200901	-1
12.3840200901	-1
12.3844521046	-1
12.3844978809	-1
12.3844978809	-1
12.3844978809	-1
12.3844978809	-1
12.3844978809	-1
12.3844978809	-1
12.3844978809	-1
12.3864428997	-1
12.3864428997	-1
12.3864428997	-1
12.3864428997	-1
12.3864428997	-1
12.3864428997	-1
12.3864428997	-1
12.3864428997	-1
12.3864428997	-1
12.3869109154	-1
12.3869109154	-1
12.3869109154	-1
12.3869109154	-1
12.3869109154	-1
12.3869109154	-1
12.4119360447	1
12.4332299232	-1
12.4332299232	-1
12.4332299232	-1
12.4332299232	-1
12.4332299232	-1
12.4332299232	-1
12.4332299232	-1
12.4332299232	-1
12.4865899086	-1
12.4865899086	-1
12.4865899086	-1
12.4865899086	-1
12.4865899086	-1
12.4865899086	-1
12.4865899086	-1
12.4865899086	-1
12.4865899086	-1
12.4869480133	-1
12.4869480133	-1
12.4869480133	-1
12.4869480133	-1
12.4869480133	-1
12.4869480133	-1
12.4869480133	-1
12.4871668816	-1
12.4871668816	-1
12.4871668816	-1
12.4871668816	-1
12.4871668816	-1
12.4871668816	-1
12.4871668816	-1
12.4871668816	-1
12.4873800278	1
12.5345458984	1
12.5345458984	1
12.5345458984	1
12.5862159729	-1
12.5862159729	-1
12.5862159729	-1
12.5862159729	-1
12.5862159729	-1
12.5862159729	-1
12.5862159729	-1
12.5862159729	-1
12.5866379738	-1
12.5867619514	-1
12.5867619514	-1
12.5867619514	-1
12.5867619514	-1
12.5867619514	-1
12.5867619514	-1
12.5867619514	-1
12.5870079994	-1
12.5871300697	-1
12.5871300697	-1
12.5871300697	-1
12.5871300697	-1
12.5871300697	-1
12.5871300697	-1
12.5871300697	-1
12.5873758793	-1
12.5874969959	-1
12.5874969959	-1
12.5874969959	-1
12.5874969959	-1
12.5874969959	-1
12.5874969959	-1
12.5874969959	-1
12.6022410393	-1
12.6027760506	-1
12.6027760506	-1
12.6027760506	-1
12.6027760506	-1
12.6027760506	-1
12.6027760506	-1
12.6027760506	-1
12.6875619888	-1
12.6875619888	-1
12.6875619888	-1
12.6875619888	-1
12.6875619888	-1
12.6875619888	-1
12.6875619888	-1
12.6875619888	-1
12.6875619888	-1
12.6876010895	1
12.6879060268	-1
12.6879060268	-1
12.6879060268	-1
12.6879060268	-1
12.6879060268	-1
12.6879060268	-1
12.6879060268	-1
12.6881489754	-1
12.6881489754	-1
12.6881489754	-1
12.6881489754	-1
12.6881489754	-1
12.6881489754	-1
12.6881489754	-1
12.6881489754	-1
12.7614409924	-1
12.7614409924	-1
12.7614409924	-1
12.7614409924	-1
12.7614409924	-1
12.7614409924	-1
12.7614409924	-1
12.7614409924	-1
12.7884540558	-1
12.7884869576	1
12.789167881	-1
12.789167881	-1
12.789167881	-1
12.789167881	-1
12.789167881	-1
12.789167881	-1
12.789167881	-1
12.789167881	-1
12.7895178795	-1
12.7895178795	-1
12.7895178795	-1
12.7895178795	-1
12.7895178795	-1
12.7895178795	-1
12.7895178795	-1
12.7903831005	-1
12.7903831005	-1
12.7903831005	-1
12.7903831005	-1
12.7903831005	-1
12.7903831005	-1
12.7903831005	-1
12.7975459099	-1
12.7975459099	-1
12.7975459099	-1
12.7975459099	-1
12.7975459099	-1
12.7975459099	-1
12.7975459099	-1
12.7975459099	-1
12.7975459099	-1
12.884871006	-1
12.884871006	-1
12.884871006	-1
12.884871006	-1
12.884871006	-1
12.884871006	-1
12.884912014	1
12.884912014	1
12.8850939274	-1
12.8850939274	-1
12.8850939274	-1
12.8850939274	-1
12.8850939274	-1
12.8850939274	-1
12.8850939274	-1
12.8850939274	-1
12.8854620457	-1
12.8854620457	-1
12.8854620457	-1
12.8854620457	-1
12.8854620457	-1
12.8854620457	-1
12.8854620457	-1
12.8854620457	-1
12.8860991001	-1
12.8860991001	-1
12.8860991001	-1
12.8860991001	-1
12.8860991001	-1
12.8860991001	-1
12.8860991001	-1
12.8860991001	-1
12.89676404	-1
12.89676404	-1
12.89676404	-1
12.89676404	-1
12.89676404	-1
12.8968160152	-1
12.961853981	-1
12.961853981	-1
12.961853981	-1
12.961894989	1
12.988699913	-1
12.988699913	-1
12.988699913	-1
12.988699913	-1
12.988699913	-1
12.988699913	-1
12.988699913	-1
12.988699913	-1
12.988699913	-1
12.9890561104	-1
12.9890561104	-1
12.9890561104	-1
12.9890561104	-1
12.9890561104	-1
12.9890561104	-1
12.9892950058	-1
12.9892950058	-1
12.9892950058	-1
12.9892950058	-1
12.9892950058	-1
12.9892950058	-1
12.9892950058	-1
12.9892950058	-1
12.9896728992	-1
12.9896728992	-1
12.9896728992	-1
12.9896728992	-1
12.9896728992	-1
12.9896728992	-1
12.9896728992	-1
12.9896728992	-1
12.9930000305	1
12.9930000305	1
12.9930000305	1
13.0104839802	-1
13.0138809681	1
13.0138809681	1
13.0194740295	1
13.0194740295	1
13.0194740295	1
13.02906394	1
13.02906394	1
13.029253006	1
13.029253006	1
13.029253006	1
13.029253006	1
13.029253006	1
13.029253006	1
13.0743980408	-1
13.0743980408	-1
13.0743980408	-1
13.0743980408	-1
13.0857009888	-1
13.0857009888	-1
13.0857009888	-1
13.0857009888	-1
13.0857009888	-1
13.0857009888	-1
13.0857009888	-1
13.0857009888	-1
13.0857009888	-1
13.086067915	-1
13.086067915	-1
13.0866210461	-1
13.0866210461	-1
13.0866210461	-1
13.0866210461	-1
13.0866210461	-1
13.0866210461	-1
13.0866210461	-1
13.0866210461	-1
13.0866210461	-1
13.0869889259	-1
13.0869889259	-1
13.0869889259	-1
13.0869889259	-1
13.0869889259	-1
13.0869889259	-1
13.0869889259	-1
13.0963099003	-1
13.0963099003	-1
13.0963099003	-1
13.0963099003	-1
13.0963099003	-1
13.0963099003	-1
13.0963099003	-1
13.0963099003	-1
13.1001689434	1
13.1001689434	1
13.1001689434	1
13.1983470917	-1
13.1983470917	-1
13.1983470917	-1
13.1983470917	-1
13.1983470917	-1
13.1983470917	-1
13.1983470917	-1
13.2000420094	1
13.2000420094	1
13.2000420094	1
13.2011449337	-1
13.2011449337	-1
13.2011449337	-1
13.2011449337	-1
13.2011449337	-1
13.2011449337	-1
13.2011449337	-1
13.2011449337	-1
13.2029690742	-1
13.2029690742	-1
13.2029690742	-1
13.2029690742	-1
13.2029690742	-1
13.2029690742	-1
13.2029690742	-1
13.2029690742	-1
13.2042210102	-1
13.2042210102	-1
13.2042210102	-1
13.2042210102	-1
13.2042210102	-1
13.2042210102	-1
13.2042210102	-1
13.2042210102	-1
13.2052409649	-1
13.2052409649	-1
13.2054359913	1
13.2054359913	1
13.2329959869	-1
13.2329959869	-1
13.2329959869	-1
13.2329959869	-1
13.2447330952	1
13.2447330952	1
13.2628378868	1
13.2628378868	1
13.2628378868	1
13.2844860554	-1
13.2844860554	-1
13.2844860554	-1
13.2845919132	-1
13.2845919132	-1
13.2845919132	-1
13.2845919132	-1
13.2845919132	-1
13.2845919132	-1
13.2845919132	-1
13.2848379612	-1
13.2848799229	-1
13.2848799229	-1
13.2848799229	-1
13.2848799229	-1
13.2848799229	-1
13.2848799229	-1
13.2848799229	-1
13.285351038	-1
13.2854719162	-1
13.2854719162	-1
13.2854719162	-1
13.2854719162	-1
13.2854719162	-1
13.2854719162	-1
13.2854719162	-1
13.2979929447	-1
13.298126936	-1
13.298126936	-1
13.298126936	-1
13.298126936	-1
13.298126936	-1
13.2982690334	-1
13.2982690334	-1
13.3001339436	1
13.3001339436	1
13.3925709724	-1
13.3926169872	1
13.3955819607	-1
13.3955819607	-1
13.3955819607	-1
13.3955819607	-1
13.3955819607	-1
13.3955819607	-1
13.3955819607	-1
13.397028923	-1
13.397028923	-1
13.397028923	-1
13.397028923	-1
13.397028923	-1
13.397028923	-1
13.397028923	-1
13.397028923	-1
13.4014060497	-1
13.4014060497	-1
13.4014060497	-1
13.4014060497	-1
13.4014060497	-1
13.4014060497	-1
13.4014060497	-1
13.4014060497	-1
13.4062790871	-1
13.4062790871	-1
13.4062790871	-1
13.4062790871	-1
13.4062790871	-1
13.4062790871	-1
13.4062790871	-1
13.4062790871	-1
13.4100799561	-1
13.4100799561	-1
13.4509549141	1
13.4509549141	1
13.4509549141	1
13.4665899277	1
13.4874420166	-1
13.4874420166	-1
13.4874420166	-1
13.4874420166	-1
13.4874420166	-1
13.4874420166	-1
13.4874420166	-1
13.4874420166	-1
13.4874420166	-1
13.4877750874	-1
13.4877750874	-1
13.4877750874	-1
13.4877750874	-1
13.4877750874	-1
13.4892029762	-1
13.4892029762	-1
13.4892029762	-1
13.4892029762	-1
13.4892029762	-1
13.4892029762	-1
13.4892029762	-1
13.4892029762	-1
13.4895610809	-1
13.4895610809	-1
13.4895610809	-1
13.4895610809	-1
13.4895610809	-1
13.4895610809	-1
13.4895610809	-1
13.4995110035	-1
13.4995110035	-1
13.4995110035	-1
13.5406780243	1
13.5406780243	1
13.559014082	-1
13.559014082	-1
13.559014082	-1
13.559014082	-1
13.5846829414	-1
13.5846829414	-1
13.5847918987	-1
13.5847918987	-1
13.5847918987	-1
13.5847918987	-1
13.5847918987	-1
13.5847918987	-1
13.5847918987	-1
13.5854420662	-1
13.585709095	-1
13.585709095	-1
13.585709095	-1
13.585709095	-1
13.585709095	-1
13.585709095	-1
13.585709095	-1
13.5859539509	-1
13.5860779285	-1
13.5860779285	-1
13.5860779285	-1
13.5860779285	-1
13.5860779285	-1
13.5860779285	-1
13.5860779285	-1
13.5986170769	-1
13.5986170769	-1
13.5986170769	-1
13.5986170769	-1
13.5986170769	-1
13.5986170769	-1
13.5986170769	-1
13.5986170769	-1
13.6147429943	1
13.6848640442	-1
13.6848640442	-1
13.6848640442	-1
13.6848640442	-1
13.6848640442	-1
13.6848640442	-1
13.6848640442	-1
13.6848640442	-1
13.6852140427	-1
13.6852140427	-1
13.6852140427	-1
13.6852140427	-1
13.6852140427	-1
13.6852140427	-1
13.6852140427	-1
13.6852140427	-1
13.6855819225	-1
13.6857049465	-1
13.6857049465	-1
13.6857049465	-1
13.6857049465	-1
13.6857049465	-1
13.6857049465	-1
13.6857049465	-1
13.6859500408	-1
13.6859500408	-1
13.6859500408	-1
13.6859500408	-1
13.6859500408	-1
13.6859500408	-1
13.6859500408	-1
13.6859500408	-1
13.6900761127	1
13.7002830505	-1
13.7002830505	-1
13.7002830505	-1
13.7154369354	-1
13.7154369354	-1
13.7154369354	-1
13.7154369354	-1
13.7640368938	1
13.7874529362	-1
13.7874529362	-1
13.7874529362	-1
13.7874529362	-1
13.7874529362	-1
13.7874529362	-1
13.7874529362	-1
13.7874529362	-1
13.7874529362	-1
13.7874529362	-1
13.7878129482	-1
13.7878129482	-1
13.7878129482	-1
13.7878129482	-1
13.7878129482	-1
13.7878129482	-1
13.7878129482	-1
13.7881810665	-1
13.7881810665	-1
13.7881810665	-1
13.7881810665	-1
13.7881810665	-1
13.7881810665	-1
13.7881810665	-1
13.7881810665	-1
13.7974898815	-1
13.7974898815	-1
13.7974898815	-1
13.7974898815	-1
13.7974898815	-1
13.7974898815	-1
13.7974898815	-1
13.8380179405	1
13.8734309673	-1
13.8734309673	-1
13.8734309673	-1
13.8870398998	-1
13.8870398998	-1
13.8870398998	-1
13.8870398998	-1
13.8870398998	-1
13.8870398998	-1
13.8870398998	-1
13.8870398998	-1
13.8870398998	-1
13.887401104	-1
13.887401104	-1
13.887401104	-1
13.8874371052	-1
13.8874371052	-1
13.8874371052	-1
13.8874371052	-1
13.8874371052	-1
13.8874371052	-1
13.8874371052	-1
13.8874371052	-1
13.8878009319	-1
13.8878009319	-1
13.8878009319	-1
13.8878009319	-1
13.8878009319	-1
13.8878009319	-1
13.8878009319	-1
13.8878009319	-1
13.8998479843	-1
13.8998479843	-1
13.8998479843	-1
13.8998479843	-1
13.8998479843	-1
13.8998479843	-1
13.8998479843	-1
13.9123179913	1
13.9123179913	1
13.9851849079	-1
13.9851849079	-1
13.9851849079	-1
13.9851849079	-1
13.9851849079	-1
13.9851849079	-1
13.9851849079	-1
13.9851849079	-1
13.9853870869	-1
13.985532999	-1
13.985532999	-1
13.985532999	-1
13.985532999	-1
13.985532999	-1
13.985532999	-1
13.985532999	-1
13.9858191013	-1
13.985943079	-1
13.985943079	-1
13.985943079	-1
13.985943079	-1
13.985943079	-1
13.985943079	-1
13.985943079	-1
13.9885070324	1
13.9963519573	-1
13.9963519573	-1
13.9963519573	-1
13.9963519573	-1
13.9963519573	-1
13.9963519573	-1
13.9963519573	-1
13.9963519573	-1
14.0314660072	-1
14.0315690041	-1
14.0315690041	-1
14.0315690041	-1
14.086523056	-1
14.086523056	-1
14.086523056	-1
14.086523056	-1
14.086523056	-1
14.086523056	-1
14.086523056	-1
14.086523056	-1
14.086523056	-1
14.0869040489	-1
14.0869040489	-1
14.0869040489	-1
14.0870258808	-1
14.0870258808	-1
14.0870258808	-1
14.0870258808	-1
14.0870258808	-1
14.0870258808	-1
14.0870258808	-1
14.0870258808	-1
14.0873939991	-1
14.0873939991	-1
14.0873939991	-1
14.0873939991	-1
14.0873939991	-1
14.0873939991	-1
14.0873939991	-1
14.0873939991	-1
14.0982460976	-1
14.0982460976	-1
14.0982460976	-1
14.0982460976	-1
14.1138699055	-1
14.1141159534	1
14.1153249741	-1
14.1153249741	-1
14.1153249741	-1
14.1843979359	-1
14.1843979359	-1
14.1843979359	-1
14.1843979359	-1
14.1843979359	-1
14.1843979359	-1
14.1843979359	-1
14.1843979359	-1
14.184953928	-1
14.184953928	-1
14.184953928	-1
14.184953928	-1
14.184953928	-1
14.184953928	-1
14.184953928	-1
14.184953928	-1
14.1852009296	-1
14.1852309704	-1
14.1852309704	-1
14.1852309704	-1
14.1852309704	-1
14.1852309704	-1
14.1852309704	-1
14.1852309704	-1
14.1855690479	-1
14.1856250763	-1
14.1856250763	-1
14.1856250763	-1
14.1856250763	-1
14.1856250763	-1
14.2004139423	-1
14.2004139423	-1
14.2004139423	-1
14.2004470825	1
14.2289590836	-1
14.2289590836	-1
14.2289590836	-1
14.2289590836	-1
14.2859799862	-1
14.2859799862	-1
14.2859799862	-1
14.2859799862	-1
14.2859799862	-1
14.2859799862	-1
14.2859799862	-1
14.2859799862	-1
14.2859799862	-1
14.2863230705	-1
14.2863230705	-1
14.2863230705	-1
14.2863230705	-1
14.2863230705	-1
14.2863230705	-1
14.2863230705	-1
14.2863230705	-1
14.2868158817	-1
14.2868158817	-1
14.2868158817	-1
14.2868158817	-1
14.2868158817	-1
14.2868158817	-1
14.2868158817	-1
14.2868158817	-1
14.2883450985	1
14.2970519066	-1
14.2970519066	-1
14.2970519066	-1
14.2970519066	-1
14.2970519066	-1
14.2970519066	-1
14.2970519066	-1
14.2970519066	-1
14.3624210358	-1
14.3624210358	-1
14.3624210358	-1
14.3624210358	-1
14.3844668865	-1
14.3844668865	-1
14.3844668865	-1
14.3844668865	-1
14.3848249912	-1
14.3848249912	-1
14.3848249912	-1
14.3848249912	-1
14.3848249912	-1
14.3848249912	-1
14.3848249912	-1
14.3848249912	-1
14.3851931095	-1
14.3851931095	-1
14.3851931095	-1
14.3851931095	-1
14.3851931095	-1
14.3851931095	-1
14.3851931095	-1
14.3851931095	-1
14.3854830265	-1
14.3854830265	-1
14.3854830265	-1
14.3854830265	-1
14.3854830265	-1
14.3854830265	-1
14.3854830265	-1
14.3854830265	-1
14.3993389606	-1
14.3993389606	-1
14.3993389606	-1
14.3993389606	-1
14.3995909691	-1
14.3995909691	-1
14.3995909691	-1
14.3995909691	-1
14.4006950855	1
14.4852309227	-1
14.4852309227	-1
14.4852309227	-1
14.4852309227	-1
14.4852309227	-1
14.4852309227	-1
14.4852309227	-1
14.4852309227	-1
14.4852309227	-1
14.4852650166	1
14.485585928	-1
14.485585928	-1
14.485585928	-1
14.485585928	-1
14.485585928	-1
14.485585928	-1
14.485585928	-1
14.4857499599	-1
14.4859690666	-1
14.4859690666	-1
14.4859690666	-1
14.4859690666	-1
14.4859690666	-1
14.4859690666	-1
14.4859690666	-1
14.4991769791	-1
14.4992809296	-1
14.4992809296	-1
14.4992809296	-1
14.4992809296	-1
14.4992809296	-1
14.4992809296	-1
14.4992809296	-1
14.5151889324	-1
14.5152380466	-1
14.5152380466	-1
14.5152380466	-1
14.5599660873	1
14.5846760273	-1
14.5846760273	-1
14.5846760273	-1
14.5846760273	-1
14.5850870609	-1
14.5850870609	-1
14.5850870609	-1
14.5850870609	-1
14.5850870609	-1
14.5850870609	-1
14.5850870609	-1
14.5854558945	-1
14.5854558945	-1
14.5854558945	-1
14.5854558945	-1
14.5854558945	-1
14.5854558945	-1
14.5854558945	-1
14.5854558945	-1
14.5857429504	-1
14.5857429504	-1
14.5857429504	-1
14.5857429504	-1
14.5857429504	-1
14.5857429504	-1
14.5857429504	-1
14.5857429504	-1
14.6742479801	-1
14.6742479801	-1
14.6742479801	-1
14.6742479801	-1
14.6742479801	-1
14.6742808819	1
14.6742808819	1
14.6849589348	-1
14.6850628853	-1
14.6850628853	-1
14.6851871014	-1
14.6851871014	-1
14.6851871014	-1
14.6851871014	-1
14.6851871014	-1
14.6851871014	-1
14.6851871014	-1
14.6851871014	-1
14.6854319572	-1
14.685559988	-1
14.685559988	-1
14.685559988	-1
14.685559988	-1
14.685559988	-1
14.685559988	-1
14.685559988	-1
14.6858000755	-1
14.6859230995	-1
14.6859230995	-1
14.6859230995	-1
14.6859230995	-1
14.6859230995	-1
14.6859230995	-1
14.6859230995	-1
14.697177887	1
14.697177887	1
14.697177887	1
14.7849340439	-1
14.7849340439	-1
14.7849340439	-1
14.7849340439	-1
14.7849340439	-1
14.7849340439	-1
14.7849340439	-1
14.7849340439	-1
14.7851090431	-1
14.7852859497	-1
14.7852859497	-1
14.7852859497	-1
14.7852859497	-1
14.7852859497	-1
14.7852859497	-1
14.7852859497	-1
14.7855300903	-1
14.7856550217	-1
14.7856550217	-1
14.7856550217	-1
14.7856550217	-1
14.7856550217	-1
14.7856550217	-1
14.7856550217	-1
14.7859621048	-1
14.7861859798	-1
14.7861859798	-1
14.7861859798	-1
14.7861859798	-1
14.7861859798	-1
14.7861859798	-1
14.7861859798	-1
14.7983930111	-1
14.7985959053	-1
14.7985959053	-1
14.7985959053	-1
14.7985959053	-1
14.8051230907	1
14.8051230907	1
14.8051230907	1
14.8052539825	1
14.8052539825	1
14.8052539825	1
14.8451209068	1
14.8600928783	-1
14.8600928783	-1
14.8600928783	-1
14.8600928783	-1
14.8846468925	-1
14.8846468925	-1
14.8846468925	-1
14.8846468925	-1
14.8846468925	-1
14.8846468925	-1
14.8846468925	-1
14.8852629662	-1
14.8852629662	-1
14.8852629662	-1
14.8852629662	-1
14.8852629662	-1
14.8852629662	-1
14.8852629662	-1
14.8852629662	-1
14.8852629662	-1
14.8855900764	-1
14.8855900764	-1
14.8855900764	-1
14.8855900764	-1
14.8855900764	-1
14.8855900764	-1
14.8855900764	-1
14.8858070374	-1
14.8860249519	-1
14.8860249519	-1
14.8860249519	-1
14.8860249519	-1
14.8860249519	-1
14.8860249519	-1
14.8860249519	-1
14.8894588947	1
14.8894588947	1
14.8894588947	1
14.8910570145	1
14.8910570145	1
14.9871020317	-1
14.9871020317	-1
14.9871020317	-1
14.9871020317	-1
14.9871020317	-1
14.9871020317	-1
14.9871020317	-1
14.9871020317	-1
14.9871020317	-1
14.9871020317	-1
14.9874498844	-1
14.9874498844	-1
14.9874498844	-1
14.9874498844	-1
14.9874498844	-1
14.9876959324	-1
14.9876959324	-1
14.9876959324	-1
14.9876959324	-1
14.9876959324	-1
14.9876959324	-1
14.9876959324	-1
14.9876959324	-1
14.9880640507	-1
14.9880640507	-1
14.9880640507	-1
14.9880640507	-1
14.9880640507	-1
14.9880640507	-1
14.9880640507	-1
14.9880640507	-1
14.9932570457	1
15.0672209263	-1
15.0672209263	-1
15.0672841072	1
15.0856189728	-1
15.0856189728	-1
15.0856189728	-1
15.0856189728	-1
15.0856189728	-1
15.0856189728	-1
15.0862650871	-1
15.0862650871	-1
15.0862650871	-1
15.0862650871	-1
15.0862650871	-1
15.0862650871	-1
15.0862650871	-1
15.0862650871	-1
15.0866310596	-1
15.0866310596	-1
15.0866310596	-1
15.0866310596	-1
15.0866310596	-1
15.0866310596	-1
15.0866310596	-1
15.0866310596	-1
15.0869970322	-1
15.0869970322	-1
15.0869970322	-1
15.0869970322	-1
15.0869970322	-1
15.0869970322	-1
15.0869970322	-1
15.0869970322	-1
15.0880420208	1
15.0880420208	1
15.0880420208	1
15.0883090496	1
15.0883090496	1
15.0883090496	1
15.0883090496	1
15.0884759426	1
15.0886669159	1
15.0886669159	1
15.0886669159	1
15.0886669159	1
15.1347749233	1
15.1880559921	-1
15.1880559921	-1
15.1880559921	-1
15.1889100075	-1
15.1889100075	-1
15.1889100075	-1
15.1889100075	-1
15.1889100075	-1
15.1889100075	-1
15.1889100075	-1
15.1889100075	-1
15.1891930103	-1
15.1891930103	-1
15.1891930103	-1
15.1891930103	-1
15.1891930103	-1
15.191740036	-1
15.191740036	-1
15.191740036	-1
15.191740036	-1
15.191740036	-1
15.191740036	-1
15.191740036	-1
15.191740036	-1
15.192980051	-1
15.192980051	-1
15.192980051	-1
15.192980051	-1
15.192980051	-1
15.192980051	-1
15.192980051	-1
15.192980051	-1
15.1940000057	1
15.1940000057	1
15.1940000057	1
15.1940000057	1
15.1940000057	1
15.1940000057	1
15.2976250648	-1
15.300342083	-1
15.300342083	-1
15.300342083	-1
15.300342083	-1
15.300342083	-1
15.300342083	-1
15.300342083	-1
15.3045790195	-1
15.3045790195	-1
15.3045790195	-1
15.3045790195	-1
15.3045790195	-1
15.3045790195	-1
15.3045790195	-1
15.3045790195	-1
15.307446003	-1
15.307446003	-1
15.307446003	-1
15.307446003	-1
15.307446003	-1
15.307446003	-1
15.307446003	-1
15.307446003	-1
15.3093929291	-1
15.3093929291	-1
15.3093929291	-1
15.3093929291	-1
15.3093929291	-1
15.3093929291	-1
15.3093929291	-1
15.3093929291	-1
15.3172290325	-1
15.3172290325	-1
15.3189659119	1
15.4128298759	-1
15.4128298759	-1
15.4128298759	-1
15.4128298759	-1
15.4128298759	-1
15.4128298759	-1
15.4128298759	-1
15.4128298759	-1
15.4128298759	-1
15.4128639698	1
15.4128639698	1
15.4131810665	-1
15.4131810665	-1
15.4131810665	-1
15.4131810665	-1
15.4210710526	-1
15.4210710526	-1
15.4210710526	-1
15.4210710526	-1
15.4210710526	-1
15.4210710526	-1
15.4210710526	-1
15.4210710526	-1
15.4283950329	-1
15.4283950329	-1
15.4283950329	-1
15.4283950329	-1
15.4283950329	-1
15.4283950329	-1
15.4283950329	-1
15.4283950329	-1
15.483066082	-1
15.492718935	-1
15.492718935	-1
15.492718935	-1
15.4927549362	1
15.4927549362	1
15.4963440895	-1
15.4963440895	-1
15.4963440895	-1
15.4963440895	-1
15.4999690056	-1
15.4999690056	-1
15.4999690056	-1
15.4999690056	-1
15.4999690056	-1
15.4999690056	-1
15.4999690056	-1
15.4999690056	-1
15.504103899	-1
15.504103899	-1
15.504103899	-1
15.504103899	-1
15.504103899	-1
15.504103899	-1
15.504103899	-1
15.504103899	-1
15.5077409744	-1
15.5077409744	-1
15.5077409744	-1
15.5077409744	-1
15.5077409744	-1
15.5077409744	-1
15.5077409744	-1
15.5077409744	-1
15.5868279934	-1
15.5868279934	-1
15.5868279934	-1
15.5868279934	-1
15.5868279934	-1
15.5868279934	-1
15.5868279934	-1
15.5868279934	-1
15.5868458748	1
15.5868458748	1
15.5870800018	-1
15.5870800018	-1
15.5870800018	-1
15.5870800018	-1
15.5870800018	-1
15.5870800018	-1
15.5870800018	-1
15.5870800018	-1
15.6321029663	-1
15.6321029663	-1
15.6321029663	-1
15.6321029663	-1
15.785214901	-1
15.799120903	-1
15.799120903	-1
15.799120903	-1
15.799120903	-1
15.799120903	-1
15.799120903	-1
15.799120903	-1
15.799120903	-1
15.799120903	-1
15.7994699478	-1
15.7994699478	-1
15.7994699478	-1
15.7994699478	-1
15.8659639359	1
15.8871979713	-1
15.8871979713	-1
15.8871979713	-1
15.8871979713	-1
15.8871979713	-1
15.8871979713	-1
15.8871979713	-1
15.8871979713	-1
15.8871979713	-1
15.8875479698	-1
15.8875479698	-1
15.9576261044	-1
15.9576261044	-1
15.9576261044	-1
15.9576261044	-1
15.9576261044	-1
15.9576261044	-1
15.9576261044	-1
15.9576261044	-1
15.9576261044	-1
15.9588348866	1
15.9848809242	-1
15.9848809242	-1
15.9849870205	-1
15.9849870205	-1
15.9849870205	-1
15.9849870205	-1
15.9849870205	-1
15.9849870205	-1
15.9872028828	1
15.9872028828	1
15.9872028828	1
15.9963810444	-1
15.9963810444	-1
15.9963810444	-1
15.9963810444	-1
15.9963810444	-1
15.9963810444	-1
15.9963810444	-1
15.9963810444	-1
15.9963810444	-1
15.9979529381	1
15.9979529381	1
16.084405899	-1
16.084405899	-1
16.084405899	-1
16.084405899	-1
16.084405899	-1
16.084405899	-1
16.084405899	-1
16.0848391056	-1
16.0849609375	-1
16.0849609375	-1
16.0849609375	-1
16.0849609375	-1
16.0849609375	-1
16.0849609375	-1
16.0849609375	-1
16.1162509918	-1
16.1162509918	-1
16.1162509918	-1
16.1162509918	-1
16.1162509918	-1
16.1162509918	-1
16.1162509918	-1
16.1162509918	-1
16.1351649761	1
16.1875989437	-1
16.1875989437	-1
16.1875989437	-1
16.1875989437	-1
16.1875989437	-1
16.1875989437	-1
16.1886880398	-1
16.1886880398	-1
16.1886880398	-1
16.1886880398	-1
16.1886880398	-1
16.1886880398	-1
16.1886880398	-1
16.1886880398	-1
16.1886880398	-1
16.189054966	-1
16.189054966	-1
16.189054966	-1
16.189054966	-1
16.189054966	-1
16.189054966	-1
16.189054966	-1
16.274420023	-1
16.274420023	-1
16.274420023	-1
16.274420023	-1
16.274420023	-1
16.274420023	-1
16.274420023	-1
16.274420023	-1
16.274420023	-1
16.2856841087	-1
16.2856841087	-1
16.2856841087	-1
16.2856841087	-1
16.2856841087	-1
16.2856841087	-1
16.2856841087	-1
16.2862899303	-1
16.286411047	-1
16.286411047	-1
16.286411047	-1
16.286411047	-1
16.286411047	-1
16.286411047	-1
16.286411047	-1
16.2866559029	-1
16.2866559029	-1
16.2866559029	-1
16.2866559029	-1
16.2866559029	-1
16.2866559029	-1
16.2866559029	-1
16.2866559029	-1
16.2974801064	1
16.3008708954	1
16.3008708954	1
16.3008708954	1
16.3008708954	1
16.3842160702	-1
16.3842160702	-1
16.3842160702	-1
16.3842160702	-1
16.3842160702	-1
16.3842160702	-1
16.3842160702	-1
16.3842160702	-1
16.3842160702	-1
16.3845849037	-1
16.3845849037	-1
16.3845849037	-1
16.3845849037	-1
16.3845849037	-1
16.3845849037	-1
16.3845849037	-1
16.3850560188	-1
16.3850901127	-1
16.3850901127	-1
16.3850901127	-1
16.3850901127	-1
16.3850901127	-1
16.3850901127	-1
16.3850901127	-1
16.3853709698	-1
16.3855469227	-1
16.3855469227	-1
16.3855469227	-1
16.3855469227	-1
16.3855469227	-1
16.3855469227	-1
16.3855469227	-1
16.3857979774	-1
16.3858289719	-1
16.3858289719	-1
16.3858289719	-1
16.3858289719	-1
16.3858289719	-1
16.3858289719	-1
16.3858289719	-1
16.4492170811	1
16.4492170811	1
16.4846279621	-1
16.4846279621	-1
16.4846279621	-1
16.4846279621	-1
16.4846279621	-1
16.4846279621	-1
16.4846279621	-1
16.4846279621	-1
16.4852530956	-1
16.4852530956	-1
16.4852530956	-1
16.4852530956	-1
16.4852530956	-1
16.4852530956	-1
16.4852530956	-1
16.4852530956	-1
16.4854979515	-1
16.4856209755	-1
16.4856209755	-1
16.4856209755	-1
16.4856209755	-1
16.4856209755	-1
16.4856209755	-1
16.4856209755	-1
16.5847210884	-1
16.5847210884	-1
16.5847210884	-1
16.5847210884	-1
16.5993819237	-1
16.5993819237	-1
16.6817469597	1
16.7609820366	-1
16.7615690231	-1
16.7615690231	-1
16.7615690231	-1
16.7615690231	-1
16.7615690231	-1
16.7615690231	-1
16.7615690231	-1
16.8844869137	-1
16.8844869137	-1
16.8844869137	-1
16.8844869137	-1
16.9194860458	-1
16.9194860458	-1
16.9194860458	-1
17.128704071	1
17.1442470551	1
17.1442470551	1
17.1442470551	1
17.1524450779	1
17.1524450779	1
17.2245800495	1
17.2245800495	1
17.2864189148	-1
17.3919260502	-1
17.3951430321	-1
17.3951430321	-1
17.3951430321	-1
17.3951430321	-1
17.3951430321	-1
17.3951430321	-1
17.3967790604	-1
17.3967790604	-1
17.3967790604	-1
17.3967790604	-1
17.3967790604	-1
17.3967790604	-1
17.3967790604	-1
17.3967790604	-1
17.3983359337	-1
17.3983359337	-1
17.3983359337	-1
17.3983359337	-1
17.3983359337	-1
17.3983359337	-1
17.3983359337	-1
17.3983359337	-1
17.3999750614	-1
17.3999750614	-1
17.3999750614	-1
17.3999750614	-1
17.3999750614	-1
17.3999750614	-1
17.3999750614	-1
17.3999750614	-1
17.4659230709	-1
17.4659230709	-1
17.4659230709	-1
17.4659230709	-1
17.4659230709	-1
17.4691178799	-1
17.4693419933	-1
17.4693419933	-1
17.4693419933	-1
17.4702398777	1
17.4967980385	-1
17.4967980385	-1
17.4967980385	-1
17.4967980385	-1
17.4967980385	-1
17.4967980385	-1
17.5438570976	1
17.5856189728	-1
17.5856189728	-1
17.5856189728	-1
17.5856189728	-1
17.5856189728	-1
17.5856189728	-1
17.5856189728	-1
17.5857520103	-1
17.5857520103	-1
17.5857520103	-1
17.5857520103	-1
17.5857520103	-1
17.5857520103	-1
17.5857520103	-1
17.5857520103	-1
17.5862100124	-1
17.5862100124	-1
17.5862100124	-1
17.5862100124	-1
17.5862100124	-1
17.5862100124	-1
17.5862100124	-1
17.5862100124	-1
17.5865790844	-1
17.5865790844	-1
17.5865790844	-1
17.5865790844	-1
17.5865790844	-1
17.5865790844	-1
17.5865790844	-1
17.5865790844	-1
17.5976130962	-1
17.5976130962	-1
17.5976130962	-1
17.5976130962	-1
17.5976130962	-1
17.6639640331	-1
17.6639640331	-1
17.6639640331	-1
17.6639640331	-1
17.6872360706	-1
17.6872360706	-1
17.6872360706	-1
17.6872360706	-1
17.6872360706	-1
17.6872360706	-1
17.6872360706	-1
17.6877629757	-1
17.6877629757	-1
17.6877629757	-1
17.6877629757	-1
17.6877629757	-1
17.6877629757	-1
17.6877629757	-1
17.6877629757	-1
17.6882030964	1
17.6885619164	-1
17.6885619164	-1
17.6885619164	-1
17.6885619164	-1
17.6885619164	-1
17.6885619164	-1
17.6885619164	-1
17.6885619164	-1
17.6989018917	-1
17.6990680695	-1
17.6990680695	-1
17.6990680695	-1
17.6990680695	-1
17.6990680695	-1
17.6990680695	-1
17.6990680695	-1
17.6990680695	-1
17.7844400406	-1
17.7844400406	-1
17.7844400406	-1
17.7844400406	-1
17.7975289822	-1
17.7975289822	-1
17.7975289822	-1
17.7975289822	-1
17.7975289822	-1
17.8086690903	-1
17.8086690903	-1
17.8086690903	-1
17.8086690903	-1
17.8859729767	-1
17.8859729767	-1
17.8859729767	-1
17.8859729767	-1
17.8859729767	-1
17.8859729767	-1
17.8859729767	-1
17.8859729767	-1
17.8859729767	-1
17.8863229752	-1
17.8863229752	-1
17.8872430325	-1
17.8872430325	-1
17.8872430325	-1
17.8872430325	-1
17.8872430325	-1
17.8872430325	-1
17.8872430325	-1
17.8872430325	-1
17.8872430325	-1
17.8875930309	-1
17.8875930309	-1
17.8875930309	-1
17.8875930309	-1
17.8875930309	-1
17.8875930309	-1
17.8875930309	-1
17.8877449036	1
17.8990390301	-1
17.8991498947	-1
17.8991498947	-1
17.8991498947	-1
17.8991498947	-1
17.8991830349	-1
17.8991830349	-1
17.8991830349	-1
17.9848439693	-1
17.9848439693	-1
17.9848439693	-1
17.9848439693	-1
17.9848439693	-1
17.9848439693	-1
17.9848439693	-1
17.9848439693	-1
17.9848759174	1
17.9852089882	-1
17.9852089882	-1
17.9852089882	-1
17.9852089882	-1
17.9852089882	-1
17.9852089882	-1
17.9852089882	-1
17.9852089882	-1
17.9857280254	-1
17.9858500957	-1
17.9858500957	-1
17.9858500957	-1
17.9858500957	-1
17.9858500957	-1
17.9858500957	-1
17.9858500957	-1
18.086755991	-1
18.0870780945	-1
18.0870780945	-1
18.0870780945	-1
18.0870780945	-1
18.0870780945	-1
18.0870780945	-1
18.0870780945	-1
18.0870780945	-1
18.0873219967	-1
18.0873219967	-1
18.0873219967	-1
18.0873219967	-1
18.0873219967	-1
18.0873219967	-1
18.0873219967	-1
18.0876910686	-1
18.0876910686	-1
18.0876910686	-1
18.0876910686	-1
18.0876910686	-1
18.0876910686	-1
18.0876910686	-1
18.0876910686	-1
18.0880599022	-1
18.0880599022	-1
18.0880599022	-1
18.0880599022	-1
18.0880599022	-1
18.0880599022	-1
18.0880599022	-1
18.0880599022	-1
18.0884280205	-1
18.0884280205	-1
18.0884280205	-1
18.0884280205	-1
18.0884280205	-1
18.0884280205	-1
18.0884280205	-1
18.0884280205	-1
18.1615140438	-1
18.1615140438	-1
18.1615140438	-1
18.1615140438	-1
18.1615140438	-1
18.1863749027	-1
18.1867659092	-1
18.1867659092	-1
18.1867659092	-1
18.1867659092	-1
18.1867659092	-1
18.1867659092	-1
18.1867659092	-1
18.1867659092	-1
18.2354609966	-1
18.2354609966	-1
18.2372488976	1
18.2973098755	-1
18.2973098755	-1
18.2973098755	-1
18.2973098755	-1
18.2973098755	-1
18.2973098755	-1
18.2973098755	-1
18.3114600182	-1
18.4742670059	-1
18.4744739532	-1
18.4744739532	-1
18.4744739532	-1
18.6347329617	-1
22.6857790947	-1
22.8840520382	-1
23.045650959	-1
23.1196599007	-1
23.1196599007	-1
25.7942779064	-1
26.4358389378	1
26.5099279881	1
27.1647849083	1
27.1661040783	1
27.1661040783	1
27.1661040783	1
27.1661040783	1
27.1679289341	1
27.1679289341	1
27.1720919609	1
27.1720919609	1
27.1725840569	1
27.1725840569	1
27.1725840569	1
27.1725840569	1
27.1725840569	1
27.1725840569	1
27.1725840569	1
27.1725840569	1
27.1750240326	1
27.1750240326	1
27.1750240326	1
27.1750240326	1
27.1750240326	1
27.1750240326	1
27.1750240326	1
27.1750240326	1
27.1750240326	1
27.1859910488	-1
27.239289999	1
27.2461481094	1
27.2461481094	1
27.2461481094	1
27.2461481094	1
27.2461481094	1
27.2461481094	1
27.2461481094	1
27.2461481094	1
27.2751019001	1
27.2944290638	1
27.2944290638	1
27.2945690155	1
27.2945690155	1
27.2945690155	1
27.4121780396	1
27.4841759205	-1
27.4861500263	1
27.6001460552	1
27.6001460552	1
27.6848409176	-1
28.1208090782	-1
28.3225018978	-1
28.5168850422	-1
28.7270309925	-1
28.7375628948	-1
28.7375628948	-1
28.7375628948	-1
28.7375628948	-1
28.7375628948	-1
28.7375628948	-1
28.7375628948	-1
28.7629890442	-1
28.7629890442	-1
28.7629890442	-1
28.7629890442	-1
28.7629890442	-1
28.7629890442	-1
28.7629890442	-1
28.7629890442	-1
28.7629890442	-1
28.7632529736	-1
28.7632529736	-1
28.7632529736	-1
28.7632529736	-1
28.7632529736	-1
28.7632529736	-1
28.7632529736	-1
28.8010449409	-1
28.8957419395	-1
28.896378994	1
28.8983809948	-1
28.8983809948	-1
28.8983809948	-1
28.8983809948	-1
28.8983809948	-1
28.8983809948	-1
28.8983809948	-1
28.9040160179	-1
28.9040160179	-1
28.9040160179	-1
28.9040160179	-1
28.9040160179	-1
28.9040160179	-1
28.9040160179	-1
28.9040160179	-1
28.9069550037	-1
28.9069550037	-1
28.9069550037	-1
28.9069550037	-1
28.9069550037	-1
28.9069550037	-1
28.9069550037	-1
28.9069550037	-1
28.9124920368	-1
28.9124920368	-1
28.9124920368	-1
29.0441110134	-1
29.0441110134	-1
29.0441110134	-1
29.0441110134	-1
29.0441110134	-1
29.0441110134	-1
29.0441110134	-1
29.0441451073	1
29.0566411018	-1
29.0566411018	-1
29.0566411018	-1
29.0566411018	-1
29.0566411018	-1
29.0566411018	-1
29.0566411018	-1
29.0566411018	-1
29.0566411018	-1
29.0861899853	-1
29.0861899853	-1
29.0861899853	-1
29.0861899853	-1
29.0861899853	-1
29.0861899853	-1
29.0861899853	-1
29.0861899853	-1
29.0861899853	-1
29.0865418911	-1
29.0865418911	-1
29.0865418911	-1
29.0865418911	-1
29.0865418911	-1
29.1180789471	1
29.1711390018	1
29.1711390018	1
29.1711390018	1
29.1711390018	1
29.1711390018	1
29.1960780621	-1
29.1980030537	-1
29.1980030537	-1
29.1980030537	-1
29.1980030537	-1
29.1980030537	-1
29.1980030537	-1
29.1980030537	-1
29.2176849842	-1
29.2176849842	-1
29.2176849842	-1
29.2176849842	-1
29.2176849842	-1
29.2176849842	-1
29.2176849842	-1
29.2176849842	-1
29.2176849842	-1
29.2181169987	-1
29.2181169987	-1
29.2181169987	-1
29.2181169987	-1
29.2181169987	-1
29.2181169987	-1
29.2181169987	-1
29.2184848785	-1
29.2184848785	-1
29.2184848785	-1
29.2184848785	-1
29.2184848785	-1
29.2184848785	-1
29.2184848785	-1
29.2184848785	-1
29.2218210697	1
29.2218210697	1
29.2218210697	1
29.2444911003	-1
29.2444911003	-1
29.2444911003	-1
29.2444911003	-1
29.2444911003	-1
29.2444911003	-1
29.2444911003	-1
29.2444911003	-1
29.2720839977	-1
29.2720839977	-1
29.2720839977	-1
29.2720839977	-1
29.2720839977	-1
29.2720839977	-1
29.2720839977	-1
29.2720839977	-1
29.2720839977	-1
29.3440818787	-1
29.3440818787	-1
29.3440818787	-1
29.3440818787	-1
29.3440818787	-1
29.3440818787	-1
29.3440818787	-1
29.3443069458	-1
29.3444290161	-1
29.3444290161	-1
29.3444290161	-1
29.3444290161	-1
29.3444290161	-1
29.3444290161	-1
29.3444290161	-1
29.3448400497	-1
29.3448400497	-1
29.3448400497	-1
29.3448400497	-1
29.3448400497	-1
29.3448400497	-1
29.3448400497	-1
29.3448400497	-1
29.3465778828	1
29.4020791054	-1
29.4046549797	-1
29.4046549797	-1
29.4046549797	-1
29.4046549797	-1
29.4046549797	-1
29.4046549797	-1
29.4046549797	-1
29.4046549797	-1
29.4066090584	-1
29.4066090584	-1
29.4066090584	-1
29.4066090584	-1
29.4066090584	-1
29.4066090584	-1
29.4066090584	-1
29.4213440418	-1
29.4213440418	-1
29.4213440418	-1
29.4213440418	-1
29.4213440418	-1
29.4213440418	-1
29.4213440418	-1
29.4213440418	-1
29.4213869572	1
29.4213869572	1
29.4244771004	-1
29.4957029819	1
30.1716089249	1
30.171861887	1
30.171861887	1
30.171861887	1
30.171861887	1
30.171861887	1
30.171861887	1
30.171861887	1
30.1828320026	-1
30.3603739738	-1
30.3631970882	-1
30.3631970882	-1
30.3631970882	-1
30.4481830597	1
30.5085530281	-1
30.5219559669	1
30.5219559669	1
30.5486719608	-1
30.5486719608	-1
30.5486719608	-1
30.5486719608	-1
30.5486719608	-1
30.5486719608	-1
30.5486719608	-1
30.5486719608	-1
30.5486719608	-1
30.5972120762	1
30.6116299629	1
30.6116299629	1
30.6116299629	1
30.6162478924	1
30.6162478924	1
30.6843059063	-1
30.6843869686	-1
30.6843869686	-1
30.6843869686	-1
30.6843869686	-1
30.9049830437	-1
30.9057378769	-1
30.9057378769	-1
30.9057378769	-1
30.9057378769	-1
30.9057378769	-1
30.9057378769	-1
30.9057378769	-1
31.0635280609	-1
31.1805620193	1
31.1857690811	1
31.1857690811	1
31.1857690811	1
31.1857690811	1
31.1857690811	1
31.1857690811	1
31.1863369942	1
31.1863369942	1
31.5821070671	-1
31.7815930843	-1
31.8848209381	-1
31.8876368999	1
31.9614880085	1
31.9856369495	-1
31.9860301018	-1
31.9860301018	-1
31.9860301018	-1
31.9860301018	-1
31.9860301018	-1
31.9860301018	-1
31.9860301018	-1
31.9860301018	-1
31.98656106	-1
31.98656106	-1
31.98656106	-1
31.98656106	-1
31.98656106	-1
31.98656106	-1
31.98656106	-1
32.019133091	-1
32.019133091	-1
32.019133091	-1
32.019133091	-1
32.019133091	-1
32.019133091	-1
32.019133091	-1
32.0597178936	1
32.0597178936	1
32.1726648808	1
32.1726648808	1
32.1726648808	1
32.1726648808	1
32.1734700203	1
32.1734700203	1
32.1734700203	1
32.1765930653	-1
32.1858170033	-1
32.1858170033	-1
32.1858170033	-1
32.1858170033	-1
32.1858170033	-1
32.1858170033	-1
32.1858170033	-1
32.1860449314	-1
32.1861689091	-1
32.1861689091	-1
32.1861689091	-1
32.1861689091	-1
32.1861689091	-1
32.1861689091	-1
32.1861689091	-1
32.3480939865	-1
32.3480939865	-1
32.3480939865	-1
32.3480939865	-1
32.3480939865	-1
32.3480939865	-1
32.3480939865	-1
32.3480939865	-1
32.3480939865	-1
32.3736219406	1
32.5048749447	-1
32.6205809116	-1
32.9881930351	-1
33.1734418869	1
33.2472159863	1
33.4151210785	-1
34.0852360725	-1
34.1750099659	1
34.175180912	1
34.175180912	1
34.175180912	1
34.2488839626	1
34.2488839626	1
35.1761488914	1
35.1763849258	1
35.1763849258	1
35.1763849258	1
35.1763849258	1
35.1763849258	1
35.1768701077	1
35.2499549389	1
36.1761879921	1
36.1763761044	1
36.1763761044	1
36.1763761044	1
36.1773250103	1
36.1773250103	1
36.1773250103	1
36.9884519577	-1
37.1783819199	1
37.1786251068	1
37.1786251068	1
37.1786251068	1
37.1786251068	1
37.1786251068	1
37.1786251068	1
37.4226739407	-1
37.5882670879	-1
43.5079081059	-1
43.5305540562	1
43.6629009247	1
43.6631929874	1
43.6631929874	1
43.6631929874	1
43.6631929874	1
43.6631929874	1
43.6631929874	1
43.6631929874	1
43.6631929874	1
43.6632819176	1
43.665127039	1
43.665127039	1
43.665127039	1
43.665127039	1
43.665127039	1
43.665127039	1
43.665127039	1
43.665127039	1
44.1863410473	-1
