0.0	1
0.250037908554	1
0.718755960464	-1
0.719580888748	1
0.920329809189	-1
0.920816898346	1
0.922701835632	1
0.922701835632	1
0.922701835632	1
0.922701835632	1
0.922701835632	1
0.922701835632	1
1.81985092163	-1
1.82151794434	1
2.01963400841	-1
2.02079677582	1
2.17926692963	-1
2.18039393425	1
2.2542757988	-1
2.25558900833	1
2.43559885025	-1
2.4367518425	1
2.57814788818	-1
2.73161697388	-1
2.74161195755	-1
2.74161195755	-1
2.74161195755	-1
2.74161195755	-1
2.74161195755	-1
2.74161195755	-1
2.74161195755	-1
2.74161195755	-1
2.81871390343	1
2.89886593819	-1
3.02902793884	-1
3.06891679764	1
3.09733080864	-1
3.09733080864	-1
3.09733080864	-1
3.09733080864	-1
3.09733080864	-1
3.09733080864	-1
3.09733080864	-1
3.22052288055	-1
3.27934193611	-1
3.27934193611	-1
3.27934193611	-1
3.27934193611	-1
3.27934193611	-1
3.27934193611	-1
3.27934193611	-1
3.27934193611	-1
3.29580283165	1
3.43766093254	-1
3.54799699783	-1
3.59649896622	-1
3.59649896622	-1
3.59649896622	-1
3.59649896622	-1
3.59649896622	-1
3.59649896622	-1
3.59649896622	-1
3.75460791588	-1
3.76537299156	1
3.82870078087	-1
3.83914279938	1
3.918394804	-1
3.91950893402	1
4.03259897232	1
4.12064194679	-1
5.04273200035	-1
5.116989851	-1
5.116989851	-1
5.12262296677	1
5.23658800125	1
5.24602293968	-1
7.18158388138	1
7.25535678864	1
7.71992778778	-1
7.7204208374	-1
7.7204208374	-1
7.7204208374	-1
7.7204208374	-1
7.7204208374	-1
7.7204208374	-1
7.7204208374	-1
7.7204208374	-1
7.72066688538	-1
7.72066688538	-1
7.72066688538	-1
7.72066688538	-1
7.72066688538	-1
7.72066688538	-1
7.77320289612	1
7.7986998558	1
7.7986998558	1
7.7986998558	1
7.86745381355	-1
7.86897683144	1
7.86897683144	1
7.86897683144	1
7.92059779167	1
7.94330596924	-1
7.94330596924	-1
7.9657599926	1
7.9657599926	1
7.9657599926	1
8.02478480339	1
8.02478480339	1
8.11154985428	1
8.18529701233	1
8.18529701233	1
8.71977686882	-1
8.82281494141	-1
8.82281494141	-1
8.82281494141	-1
8.82281494141	-1
8.82281494141	-1
8.82281494141	-1
8.83361387253	-1
8.83361387253	-1
8.83361387253	-1
9.09066390991	-1
9.09093284607	-1
9.09093284607	-1
9.09093284607	-1
9.09093284607	-1
9.09093284607	-1
9.09093284607	-1
9.09093284607	-1
9.09158182144	-1
9.09158182144	-1
9.09158182144	-1
9.09158182144	-1
9.09158182144	-1
9.09158182144	-1
9.09158182144	-1
9.09158182144	-1
9.09158182144	-1
9.09183883667	-1
9.09183883667	-1
9.09183883667	-1
9.09183883667	-1
9.18123888969	1
9.229834795	-1
9.229834795	-1
9.229834795	-1
9.229834795	-1
9.23266386986	-1
9.23266386986	-1
9.23266386986	-1
9.23266386986	-1
9.23266386986	-1
9.23266386986	-1
9.23266386986	-1
9.23743200302	-1
9.23743200302	-1
9.23743200302	-1
9.23743200302	-1
9.4155189991	-1
9.41717386246	-1
9.41717386246	-1
9.41717386246	-1
9.41717386246	-1
9.41717386246	-1
9.41717386246	-1
9.41717386246	-1
9.41717386246	-1
9.41740083694	-1
9.41740083694	-1
9.41853094101	1
9.41884183884	-1
9.41884183884	-1
9.41884183884	-1
9.41884183884	-1
9.41884183884	-1
9.41884183884	-1
9.41884183884	-1
9.41884183884	-1
9.42022395134	-1
9.42022395134	-1
9.42022395134	-1
9.42022395134	-1
9.42022395134	-1
9.42022395134	-1
9.42022395134	-1
9.42022395134	-1
9.4247508049	-1
9.4247508049	-1
9.4247508049	-1
9.4247508049	-1
9.4247508049	-1
9.49114179611	-1
9.49114179611	-1
9.49114179611	-1
9.49124789238	-1
9.49124789238	-1
9.49124789238	-1
9.49124789238	-1
9.49124789238	-1
9.49124789238	-1
9.49124789238	-1
9.49124789238	-1
9.49161696434	-1
9.49161696434	-1
9.49161696434	-1
9.49161696434	-1
9.49161696434	-1
9.49161696434	-1
9.49161696434	-1
9.49161696434	-1
9.49310088158	1
9.49321699142	-1
9.49321699142	-1
9.49321699142	-1
9.49321699142	-1
9.49321699142	-1
9.49321699142	-1
9.49321699142	-1
9.49422097206	-1
9.49422097206	-1
9.49422097206	-1
9.49422097206	-1
9.49422097206	-1
9.49422097206	-1
9.49422097206	-1
9.49422097206	-1
9.49888300896	-1
9.49888300896	-1
9.49888300896	-1
9.49888300896	-1
9.49888300896	-1
9.49888300896	-1
9.49888300896	-1
9.49888300896	-1
9.53594994545	-1
9.53594994545	-1
9.53594994545	-1
9.53594994545	-1
9.53594994545	-1
9.53594994545	-1
9.53594994545	-1
9.53594994545	-1
9.56697177887	1
9.64122080803	-1
9.64127182961	1
10.8206429482	-1
11.0373449326	-1
11.2004249096	-1
11.2010929585	-1
11.2010929585	-1
11.2010929585	-1
11.2010929585	-1
11.2010929585	-1
11.2010929585	-1
11.2947499752	1
11.543599844	1
12.4323918819	-1
12.6212258339	-1
12.622469902	1
12.7780168056	-1
14.1826238632	1
14.2564108372	1
14.2564108372	1
14.3194768429	-1
14.5190989971	-1
14.5207939148	1
14.5944759846	1
14.6806759834	-1
15.1825139523	1
15.2960948944	1
15.2960948944	1
15.7214448452	-1
15.7227509022	1
15.7965049744	1
15.8237519264	1
15.8237519264	1
15.8237519264	1
15.8237519264	1
15.8243060112	1
15.8243060112	1
15.9183018208	-1
