0.0	1
0.249696016312	1
0.592365980148	-1
0.593759059906	1
0.879536867142	-1
0.880403995514	1
0.882257938385	1
0.882257938385	1
0.882257938385	1
0.882257938385	1
0.882257938385	1
0.882695913315	1
1.45812487602	-1
1.45983600616	1
1.59733700752	-1
1.59733700752	-1
1.59893798828	1
1.73634696007	-1
1.73638105392	1
1.91020107269	1
2.05804395676	-1
2.05902886391	1
2.17579698563	-1
2.17579698563	-1
2.17579698563	-1
2.18332505226	-1
2.18332505226	-1
2.18332505226	-1
2.18332505226	-1
2.18332505226	-1
2.19651985168	-1
2.19651985168	-1
2.2195930481	-1
2.2195930481	-1
2.2195930481	-1
2.2195930481	-1
2.2195930481	-1
2.2195930481	-1
2.2195930481	-1
2.2195930481	-1
2.2195930481	-1
2.23192501068	1
2.48244595528	1
2.532943964	-1
2.54134106636	-1
2.54134106636	-1
2.54134106636	-1
2.54134106636	-1
2.54134106636	-1
2.54134106636	-1
2.54134106636	-1
2.54134106636	-1
2.65551185608	-1
2.68083095551	-1
2.68083095551	-1
2.68083095551	-1
2.68083095551	-1
2.68083095551	-1
2.68083095551	-1
2.68083095551	-1
2.68083095551	-1
2.94519901276	-1
2.94639492035	1
3.03104496002	-1
3.03104496002	-1
3.03104496002	-1
3.03104496002	-1
3.03104496002	-1
3.03104496002	-1
3.03104496002	-1
3.03104496002	-1
3.08279705048	-1
3.1093480587	1
3.1093480587	1
3.1093480587	1
3.11186695099	1
3.11186695099	1
3.12234687805	1
3.18245100975	-1
3.18245100975	-1
3.18245100975	-1
3.18245100975	-1
3.18245100975	-1
3.18245100975	-1
3.18245100975	-1
3.18245100975	-1
3.18245100975	-1
3.21039104462	-1
3.21039104462	-1
3.21039104462	-1
3.21039104462	-1
3.21039104462	-1
3.21039104462	-1
3.21039104462	-1
3.21039104462	-1
3.22039103508	-1
3.22039103508	-1
3.35784506798	-1
3.35784506798	-1
3.3602938652	1
3.36049985886	1
3.36049985886	1
3.36049985886	1
3.36049985886	1
3.36049985886	1
3.36049985886	1
3.36049985886	1
3.498046875	1
3.65138101578	1
3.68584990501	-1
3.82826185226	-1
3.82826185226	-1
3.82826185226	-1
3.82969999313	1
3.84150791168	-1
3.84150791168	-1
3.84150791168	-1
3.84150791168	-1
3.84150791168	-1
3.84150791168	-1
3.84150791168	-1
3.84150791168	-1
3.84150791168	-1
3.86111688614	-1
3.86350107193	1
3.86350107193	1
3.86350107193	1
4.00140786171	-1
4.00140786171	-1
4.03169298172	-1
4.03169298172	-1
4.03169298172	-1
4.03169298172	-1
4.03169298172	-1
4.03169298172	-1
4.03169298172	-1
4.03169298172	-1
4.03169298172	-1
4.11074399948	-1
4.11074399948	-1
4.1164958477	-1
4.1164958477	-1
4.1164958477	-1
4.1164958477	-1
4.1164958477	-1
4.1164958477	-1
4.1164958477	-1
4.13903403282	1
4.19411206245	-1
4.19411206245	-1
4.19411206245	-1
4.25700807571	-1
4.25700807571	-1
4.25700807571	-1
4.25700807571	-1
4.25700807571	-1
4.25700807571	-1
4.25700807571	-1
4.25700807571	-1
4.262362957	-1
4.262362957	-1
4.262362957	-1
4.262362957	-1
4.262362957	-1
4.262362957	-1
4.27419996262	-1
4.27419996262	-1
4.27652406693	1
4.27919602394	-1
4.27919602394	-1
4.27919602394	-1
4.27919602394	-1
4.27919602394	-1
4.27919602394	-1
4.27919602394	-1
4.30529689789	-1
4.30529689789	-1
4.30529689789	-1
4.30529689789	-1
4.30529689789	-1
4.30529689789	-1
4.30529689789	-1
4.38329195976	-1
4.38329195976	-1
4.38329195976	-1
4.38329195976	-1
4.38339591026	-1
4.38701105118	1
4.38701105118	1
4.38701105118	1
4.38701105118	1
4.38701105118	1
4.38701105118	1
4.38701105118	1
4.38701105118	1
4.38701105118	1
4.38701105118	1
4.38709497452	1
4.39982795715	-1
4.39982795715	-1
4.39982795715	-1
4.39982795715	-1
4.39982795715	-1
4.39982795715	-1
4.39982795715	-1
4.4000658989	-1
4.40018701553	-1
4.40018701553	-1
4.40018701553	-1
4.40018701553	-1
4.40018701553	-1
4.40018701553	-1
4.40018701553	-1
4.41424107552	-1
4.41424107552	-1
4.41424107552	-1
4.41424107552	-1
4.41424107552	-1
4.41424107552	-1
4.41424107552	-1
4.41427493095	1
4.41446685791	-1
4.41446685791	-1
4.44286108017	-1
4.44286108017	-1
4.44286108017	-1
4.44286108017	-1
4.44286108017	-1
4.44286108017	-1
4.44300484657	-1
4.44300484657	-1
4.44300484657	-1
4.44321298599	-1
4.44321298599	-1
4.44321298599	-1
4.44321298599	-1
4.44321298599	-1
4.44321298599	-1
4.48515486717	-1
4.48515486717	-1
4.55252885818	1
4.58027291298	-1
4.58027291298	-1
4.58027291298	-1
4.58027291298	-1
4.58027291298	-1
4.58027291298	-1
4.58027291298	-1
4.58027291298	-1
4.58688688278	-1
4.58688688278	-1
4.58688688278	-1
4.58688688278	-1
4.58688688278	-1
4.59170007706	-1
4.59170007706	-1
4.59170007706	-1
4.59632706642	-1
4.59632706642	-1
4.59632706642	-1
4.59632706642	-1
4.59632706642	-1
4.59632706642	-1
4.59632706642	-1
4.60618686676	-1
4.60618686676	-1
4.60618686676	-1
4.60618686676	-1
4.60618686676	-1
4.60618686676	-1
4.60618686676	-1
4.60870504379	-1
4.60870504379	-1
4.61732697487	-1
4.62013292313	-1
4.62013292313	-1
4.62013292313	-1
4.62013292313	-1
4.62013292313	-1
4.62013292313	-1
4.63891196251	-1
4.63891196251	-1
4.63891196251	-1
4.63891196251	-1
4.63891196251	-1
4.63891196251	-1
4.63914704323	-1
4.63914704323	-1
4.66104888916	-1
4.66104888916	-1
4.66104888916	-1
4.66104888916	-1
4.66104888916	-1
4.66104888916	-1
4.66104888916	-1
4.66128492355	-1
4.69007706642	1
4.73939704895	-1
4.73939704895	-1
4.73939704895	-1
4.74441599846	-1
4.74441599846	-1
4.74441599846	-1
4.74441599846	-1
4.74441599846	-1
4.74441599846	-1
4.74441599846	-1
4.74922204018	-1
4.74922204018	-1
4.76159191132	-1
4.76159191132	-1
4.76159191132	-1
4.76159191132	-1
4.76159191132	-1
4.76159191132	-1
4.76437807083	1
4.76437807083	1
4.76437807083	1
4.76631498337	-1
4.76631498337	-1
4.76734089851	1
4.76734089851	1
4.76734089851	1
4.77120399475	-1
4.77120399475	-1
4.77120399475	-1
4.77120399475	-1
4.77120399475	-1
4.77120399475	-1
4.77566289902	-1
4.77566289902	-1
4.78322505951	-1
4.78322505951	-1
4.78322505951	-1
4.78322505951	-1
4.78322505951	-1
4.78322505951	-1
4.78322505951	-1
4.78322505951	-1
4.78426504135	1
4.78426504135	1
4.79084801674	-1
4.79084801674	-1
4.79084801674	-1
4.79084801674	-1
4.79084801674	-1
4.79084801674	-1
4.79865884781	-1
4.79865884781	-1
4.79911398888	-1
4.79911398888	-1
4.79911398888	-1
4.79911398888	-1
4.79911398888	-1
4.79911398888	-1
4.81096696854	-1
4.81096696854	-1
4.82763290405	-1
4.82763290405	-1
4.82763290405	-1
4.82763290405	-1
4.82763290405	-1
4.82763290405	-1
4.82766699791	1
4.85362291336	-1
4.85362291336	-1
4.85362291336	-1
4.85367298126	-1
4.85367298126	-1
4.85367298126	-1
4.85367298126	-1
4.85367298126	-1
4.85367298126	-1
4.87884187698	-1
4.87884187698	-1
4.87884187698	-1
4.87884187698	-1
4.87884187698	-1
4.87884187698	-1
4.87884187698	-1
4.87906098366	-1
4.89912796021	-1
4.89912796021	-1
4.99115490913	-1
5.04600095749	-1
5.04600095749	-1
5.04600095749	-1
5.04600095749	-1
5.13719201088	-1
5.13719201088	-1
5.13719201088	-1
5.13719201088	-1
5.13719201088	-1
5.13719201088	-1
5.13719201088	-1
5.15326690674	-1
5.15326690674	-1
5.15326690674	-1
5.15326690674	-1
5.15326690674	-1
5.15326690674	-1
5.15326690674	-1
5.15326690674	-1
5.16338300705	-1
5.16338300705	-1
5.16338300705	-1
5.16338300705	-1
5.16338300705	-1
5.16338300705	-1
5.18202495575	-1
5.18202495575	-1
5.18202495575	-1
5.18202495575	-1
5.18202495575	-1
5.18202495575	-1
5.18202495575	-1
5.18202495575	-1
5.18801903725	-1
5.18801903725	-1
5.18908286095	1
5.1954100132	-1
5.2019238472	-1
5.2019238472	-1
5.2019238472	-1
5.2019238472	-1
5.2019238472	-1
5.2019238472	-1
5.21822404861	-1
5.21822404861	-1
5.21822404861	-1
5.21822404861	-1
5.21822404861	-1
5.21822404861	-1
5.21822404861	-1
5.21822404861	-1
5.25937104225	-1
5.25937104225	-1
5.25937104225	-1
5.25937104225	-1
5.25937104225	-1
5.25937104225	-1
5.25937104225	-1
5.27578186989	-1
5.27578186989	-1
5.299284935	-1
5.299284935	-1
5.299284935	-1
5.299284935	-1
5.299284935	-1
5.299284935	-1
5.31787395477	-1
5.31787395477	-1
5.31787395477	-1
5.33218789101	-1
5.33218789101	-1
5.33218789101	-1
5.33218789101	-1
5.33222007751	1
5.33898591995	-1
5.35223698616	-1
5.35223698616	-1
5.35223698616	-1
5.35223698616	-1
5.3707280159	-1
5.3707280159	-1
5.37673902512	-1
5.37673902512	-1
5.37673902512	-1
5.37673902512	-1
5.37673902512	-1
5.37673902512	-1
5.37673902512	-1
5.38141798973	-1
5.38141798973	-1
5.38141798973	-1
5.38141798973	-1
5.38141798973	-1
5.38141798973	-1
5.38141798973	-1
5.3981089592	-1
5.3981089592	-1
5.3981089592	-1
5.3981089592	-1
5.4054620266	-1
5.42751789093	-1
5.42751789093	-1
5.42751789093	-1
5.45147585869	-1
5.45147585869	-1
5.46091985703	-1
5.46091985703	-1
5.46091985703	-1
5.46091985703	-1
5.46091985703	-1
5.46091985703	-1
5.46091985703	-1
5.46812486649	-1
5.46812486649	-1
5.46812486649	-1
5.46812486649	-1
5.46812486649	-1
5.46812486649	-1
5.46812486649	-1
5.47465705872	-1
5.47465705872	-1
5.47465705872	-1
5.47465705872	-1
5.47465705872	-1
5.47465705872	-1
5.47465705872	-1
5.47469091415	1
5.48481488228	-1
5.48923802376	-1
5.48923802376	-1
5.48923802376	-1
5.48923802376	-1
5.48923802376	-1
5.48923802376	-1
5.48923802376	-1
5.48923802376	-1
5.49368190765	-1
5.49368190765	-1
5.49368190765	-1
5.49368190765	-1
5.49368190765	-1
5.49368190765	-1
5.49368190765	-1
5.5142250061	-1
5.5142250061	-1
5.5142250061	-1
5.5142250061	-1
5.5142250061	-1
5.65027689934	1
5.65027689934	1
5.72712206841	-1
5.72712206841	-1
5.72712206841	-1
5.72712206841	-1
5.72712206841	-1
5.72712206841	-1
5.72712206841	-1
5.73379588127	-1
5.73883199692	-1
5.73883199692	-1
5.73883199692	-1
5.73883199692	-1
5.73883199692	-1
5.73883199692	-1
5.73883199692	-1
5.75174689293	-1
5.75174689293	-1
5.75174689293	-1
5.75174689293	-1
5.75174689293	-1
5.75623893738	-1
5.75623893738	-1
5.75623893738	-1
5.75623893738	-1
5.75623893738	-1
5.75623893738	-1
5.75623893738	-1
5.7623000145	-1
5.76752305031	-1
5.76752305031	-1
5.76752305031	-1
5.76752305031	-1
5.76752305031	-1
5.76752305031	-1
5.78081393242	-1
5.78081393242	-1
5.79217886925	-1
5.79217886925	-1
5.79217886925	-1
5.79217886925	-1
5.79217886925	-1
5.79217886925	-1
5.79217886925	-1
5.79672598839	-1
5.79777908325	1
5.80104589462	-1
5.80104589462	-1
5.80104589462	-1
5.80104589462	-1
5.80104589462	-1
5.80104589462	-1
5.80489587784	-1
5.80489587784	-1
5.80909490585	-1
5.80909490585	-1
5.80909490585	-1
5.80909490585	-1
5.80909490585	-1
5.80909490585	-1
5.82043790817	-1
5.82043790817	-1
5.83305287361	-1
5.83305287361	-1
5.83305287361	-1
5.83305287361	-1
5.83305287361	-1
5.83305287361	-1
5.83305287361	-1
5.86463499069	-1
5.86473703384	-1
5.86473703384	-1
5.86473703384	-1
5.86473703384	-1
5.86476993561	-1
5.86476993561	-1
5.86476993561	-1
5.86476993561	-1
5.86476993561	-1
5.86476993561	-1
5.87641692162	-1
5.87641692162	-1
5.87641692162	-1
5.87641692162	-1
5.87641692162	-1
5.87641692162	-1
5.89688801765	-1
5.89688801765	-1
5.89688801765	-1
5.89688801765	-1
5.89688801765	-1
5.89688801765	-1
5.89688801765	-1
5.90282702446	-1
5.90282702446	-1
5.93094205856	-1
5.93094205856	-1
5.9359190464	-1
5.9359190464	-1
5.93595099449	1
5.93595099449	1
5.94790196419	-1
5.94790196419	-1
5.94790196419	-1
5.94790196419	-1
5.94790196419	-1
5.94790196419	-1
5.94790196419	-1
5.9776558876	-1
5.99543190002	-1
5.99543190002	-1
5.99543190002	-1
5.99543190002	-1
6.01402497292	-1
6.01898884773	-1
6.01898884773	-1
6.01898884773	-1
6.01898884773	-1
6.01898884773	-1
6.01898884773	-1
6.03804707527	-1
6.03804707527	-1
6.03804707527	-1
6.03804707527	-1
6.03804707527	-1
6.03804707527	-1
6.03804707527	-1
6.03804707527	-1
6.0534260273	-1
6.0534260273	-1
6.0534260273	-1
6.0534260273	-1
6.0534260273	-1
6.0534260273	-1
6.0534260273	-1
6.06882596016	-1
6.0830578804	-1
6.0830578804	-1
6.0830578804	-1
6.0830578804	-1
6.0830578804	-1
6.0830578804	-1
6.10876107216	-1
6.10876107216	-1
6.10876107216	-1
6.10876107216	-1
6.10876107216	-1
6.10876107216	-1
6.10876107216	-1
6.11697292328	-1
6.11697292328	-1
6.12600302696	-1
6.12600302696	-1
6.12600302696	-1
6.12600302696	-1
6.12600302696	-1
6.12600302696	-1
6.12600302696	-1
6.12673592567	1
6.15639090538	-1
6.16620087624	-1
6.16620087624	-1
6.16620087624	-1
6.16620087624	-1
6.16620087624	-1
6.16620087624	-1
6.20218086243	-1
6.20218086243	-1
6.20218086243	-1
6.20218086243	-1
6.20218086243	-1
6.20218086243	-1
6.20218086243	-1
6.20218086243	-1
6.20218086243	-1
6.22288703918	-1
6.22288703918	-1
6.22288703918	-1
6.22288703918	-1
6.22288703918	-1
6.22288703918	-1
6.23187685013	-1
6.23187685013	-1
6.25390505791	-1
6.25390505791	-1
6.25390505791	-1
6.27130484581	-1
6.27130484581	-1
6.27130484581	-1
6.27130484581	-1
6.27130484581	-1
6.27130484581	-1
6.27130484581	-1
6.27130484581	-1
6.27786207199	-1
6.27786207199	-1
6.27786207199	-1
6.27786207199	-1
6.28410005569	-1
6.2850048542	1
6.30224704742	-1
6.30224704742	-1
6.30224704742	-1
6.30224704742	-1
6.30224704742	-1
6.30224704742	-1
6.30224704742	-1
6.30224704742	-1
6.30837702751	-1
6.30837702751	-1
6.30837702751	-1
6.30837702751	-1
6.30837702751	-1
6.30837702751	-1
6.30837702751	-1
6.31415987015	-1
6.31415987015	-1
6.31415987015	-1
6.31415987015	-1
6.31415987015	-1
6.31415987015	-1
6.31415987015	-1
6.31528401375	1
6.31528401375	1
6.31528401375	1
6.32818603516	-1
6.32818603516	-1
6.32818603516	-1
6.32818603516	-1
6.32818603516	-1
6.32818603516	-1
6.32818603516	-1
6.32818603516	-1
6.32818603516	-1
6.33503198624	-1
6.33503198624	-1
6.33503198624	-1
6.33503198624	-1
6.33503198624	-1
6.33503198624	-1
6.33503198624	-1
6.33503198624	-1
6.33982896805	-1
6.33982896805	-1
6.33982896805	-1
6.33982896805	-1
6.33982896805	-1
6.33982896805	-1
6.33982896805	-1
6.34327888489	-1
6.34690284729	-1
6.34690284729	-1
6.34690284729	-1
6.34690284729	-1
6.34690284729	-1
6.34690284729	-1
6.34690284729	-1
6.36047506332	-1
6.36590790749	-1
6.36590790749	-1
6.36590790749	-1
6.36590790749	-1
6.36590790749	-1
6.36590790749	-1
6.36590790749	-1
6.36590790749	-1
6.39138293266	-1
6.39138293266	-1
6.39138293266	-1
6.39138293266	-1
6.39138293266	-1
6.39138293266	-1
6.39138293266	-1
6.39152193069	-1
6.39152193069	-1
6.39152193069	-1
6.39152193069	-1
6.39152193069	-1
6.39152193069	-1
6.39152193069	-1
6.40727496147	-1
6.40727496147	-1
6.40727496147	-1
6.40727496147	-1
6.40727496147	-1
6.40727496147	-1
6.40727496147	-1
6.40727496147	-1
6.40727496147	-1
6.40762996674	-1
6.40762996674	-1
6.40762996674	-1
6.40762996674	-1
6.40762996674	-1
6.40762996674	-1
6.40762996674	-1
6.42196106911	-1
6.42196106911	-1
6.42196106911	-1
6.42196106911	-1
6.42196106911	-1
6.42196106911	-1
6.42196106911	-1
6.44602584839	-1
6.44602584839	-1
6.44602584839	-1
6.44602584839	-1
6.44602584839	-1
6.44602584839	-1
6.44602584839	-1
6.44602584839	-1
6.44606995583	1
6.44637107849	-1
6.45305895805	-1
6.45305895805	-1
6.45305895805	-1
6.45305895805	-1
6.45305895805	-1
6.45305895805	-1
6.45305895805	-1
6.45363092422	1
6.45363092422	1
6.45363092422	1
6.46643805504	-1
6.46643805504	-1
6.4715988636	-1
6.4715988636	-1
6.4715988636	-1
6.4715988636	-1
6.4715988636	-1
6.4715988636	-1
6.4715988636	-1
6.4715988636	-1
6.47248101234	1
6.47248101234	1
6.50327897072	-1
6.50327897072	-1
6.50327897072	-1
6.50327897072	-1
6.50327897072	-1
6.50327897072	-1
6.50327897072	-1
6.50327897072	-1
6.54691791534	-1
6.54691791534	-1
6.54691791534	-1
6.54691791534	-1
6.54691791534	-1
6.54691791534	-1
6.54691791534	-1
6.54691791534	-1
6.58451795578	-1
6.61141395569	1
6.61141395569	1
6.61141395569	1
6.6177148819	-1
6.6177148819	-1
6.6177148819	-1
6.6177148819	-1
6.6177148819	-1
6.6177148819	-1
6.6177148819	-1
6.6177148819	-1
6.64671087265	-1
6.64671087265	-1
6.64671087265	-1
6.64671087265	-1
6.64671087265	-1
6.64671087265	-1
6.64671087265	-1
6.67700195312	-1
6.67700195312	-1
6.67700195312	-1
6.67700195312	-1
6.67700195312	-1
6.67700195312	-1
6.67700195312	-1
6.67700195312	-1
6.70085906982	-1
6.70085906982	-1
6.70085906982	-1
6.70085906982	-1
6.70085906982	-1
6.70085906982	-1
6.70085906982	-1
6.70085906982	-1
6.7222969532	-1
6.73673701286	-1
6.73673701286	-1
6.73673701286	-1
6.75125408173	-1
6.75125408173	-1
6.75125408173	-1
6.75125408173	-1
6.75125408173	-1
6.75125408173	-1
6.75125408173	-1
6.75125408173	-1
6.75674295425	-1
6.75674295425	-1
6.75674295425	-1
6.75674295425	-1
6.75674295425	-1
6.75674295425	-1
6.75674295425	-1
6.76103401184	-1
6.7662460804	-1
6.7662460804	-1
6.7662460804	-1
6.7662460804	-1
6.7662460804	-1
6.7662460804	-1
6.7662460804	-1
6.79471206665	-1
6.79471206665	-1
6.79471206665	-1
6.79471206665	-1
6.79471206665	-1
6.79471206665	-1
6.79471206665	-1
6.79471206665	-1
6.82223796844	-1
6.82223796844	-1
6.82223796844	-1
6.82223796844	-1
6.82223796844	-1
6.82223796844	-1
6.82223796844	-1
6.82223796844	-1
6.83310890198	-1
6.83310890198	-1
6.83310890198	-1
6.83310890198	-1
6.83310890198	-1
6.83310890198	-1
6.83310890198	-1
6.83310890198	-1
6.84705400467	-1
6.84705400467	-1
6.84705400467	-1
6.84705400467	-1
6.84705400467	-1
6.84837985039	1
6.84837985039	1
6.84837985039	1
6.86365389824	-1
6.86365389824	-1
6.86365389824	-1
6.86365389824	-1
6.86365389824	-1
6.86365389824	-1
6.86365389824	-1
6.89002394676	-1
6.89002394676	-1
6.89002394676	-1
6.89002394676	-1
6.89002394676	-1
6.89002394676	-1
6.89002394676	-1
6.89002394676	-1
6.90566706657	-1
6.90566706657	-1
6.90566706657	-1
6.90566706657	-1
6.90566706657	-1
6.90566706657	-1
6.90566706657	-1
6.90566706657	-1
6.92063498497	-1
6.92063498497	-1
6.92063498497	-1
6.92063498497	-1
6.92063498497	-1
6.92063498497	-1
6.92063498497	-1
6.92063498497	-1
6.93439602852	-1
6.93439602852	-1
6.93439602852	-1
6.93439602852	-1
6.93439602852	-1
6.93439602852	-1
6.93439602852	-1
6.94463586807	1
6.94463586807	1
6.94463586807	1
6.9971549511	1
7.01002597809	1
7.01002597809	1
7.01002597809	1
7.04735088348	-1
7.04735088348	-1
7.04735088348	-1
7.04735088348	-1
7.04735088348	-1
7.04735088348	-1
7.0577609539	-1
7.0577609539	-1
7.0577609539	-1
7.0577609539	-1
7.0577609539	-1
7.0577609539	-1
7.0577609539	-1
7.07463288307	-1
7.07463288307	-1
7.07463288307	-1
7.07463288307	-1
7.07463288307	-1
7.07463288307	-1
7.07463288307	-1
7.08935689926	-1
7.08935689926	-1
7.08935689926	-1
7.08935689926	-1
7.08935689926	-1
7.08935689926	-1
7.08935689926	-1
7.08935689926	-1
7.10510492325	-1
7.10510492325	-1
7.10510492325	-1
7.10510492325	-1
7.10510492325	-1
7.10510492325	-1
7.10510492325	-1
7.11430001259	-1
7.11430001259	-1
7.13508701324	-1
7.13512086868	1
7.14493584633	-1
7.14493584633	-1
7.14493584633	-1
7.14493584633	-1
7.14493584633	-1
7.14493584633	-1
7.14493584633	-1
7.15586495399	-1
7.15586495399	-1
7.15586495399	-1
7.15586495399	-1
7.15586495399	-1
7.24544787407	-1
7.24544787407	-1
7.25606894493	1
7.25606894493	1
7.25606894493	1
7.27305388451	-1
7.27305388451	-1
7.27309203148	1
7.27929091454	-1
7.27929091454	-1
7.27929091454	-1
7.27929091454	-1
7.27929091454	-1
7.27929091454	-1
7.30073904991	-1
7.30073904991	-1
7.30073904991	-1
7.30073904991	-1
7.30073904991	-1
7.30073904991	-1
7.30073904991	-1
7.30073904991	-1
7.30323290825	1
7.30323290825	1
7.30323290825	1
7.30323290825	1
7.30323290825	1
7.30451989174	-1
7.30451989174	-1
7.30451989174	-1
7.30451989174	-1
7.30451989174	-1
7.30451989174	-1
7.30451989174	-1
7.30773305893	-1
7.33306598663	-1
7.33306598663	-1
7.33306598663	-1
7.33306598663	-1
7.33306598663	-1
7.33306598663	-1
7.33306598663	-1
7.33306598663	-1
7.36325907707	-1
7.36325907707	-1
7.36325907707	-1
7.36325907707	-1
7.36325907707	-1
7.36325907707	-1
7.36325907707	-1
7.36325907707	-1
7.37501692772	-1
7.37501692772	-1
7.37501692772	-1
7.37501692772	-1
7.37501692772	-1
7.37501692772	-1
7.37501692772	-1
7.38827490807	-1
7.38827490807	-1
7.38827490807	-1
7.38827490807	-1
7.38827490807	-1
7.38827490807	-1
7.38827490807	-1
7.38827490807	-1
7.3987698555	-1
7.3987698555	-1
7.3987698555	-1
7.3987698555	-1
7.3987698555	-1
7.3987698555	-1
7.3987698555	-1
7.3987698555	-1
7.41093301773	-1
7.48409700394	-1
7.48409700394	-1
7.48409700394	-1
7.48675203323	1
7.48675203323	1
7.48675203323	1
7.48675203323	1
7.48675203323	1
7.48675203323	1
7.48675203323	1
7.48675203323	1
7.49010586739	-1
7.49010586739	-1
7.53682994843	-1
7.53682994843	-1
7.53682994843	-1
7.53682994843	-1
7.53682994843	-1
7.53682994843	-1
7.53682994843	-1
7.53904700279	-1
7.54009795189	1
7.58704900742	1
7.58704900742	1
7.58704900742	1
7.61824202538	-1
7.61824202538	-1
7.61824202538	-1
7.61824202538	-1
7.61824202538	-1
7.61824202538	-1
7.61824202538	-1
7.61824202538	-1
7.68624091148	1
7.70648193359	-1
7.70648193359	-1
7.70648193359	-1
7.70648193359	-1
7.70648193359	-1
7.70648193359	-1
7.70648193359	-1
7.70648193359	-1
7.72675895691	-1
7.72675895691	-1
7.72675895691	-1
7.74455189705	-1
7.74455189705	-1
7.74455189705	-1
7.74455189705	-1
7.74455189705	-1
7.74455189705	-1
7.74455189705	-1
7.74455189705	-1
7.75173187256	-1
7.75173187256	-1
7.75173187256	-1
7.75173187256	-1
7.75173187256	-1
7.75173187256	-1
7.75173187256	-1
7.761977911	-1
7.761977911	-1
7.761977911	-1
7.761977911	-1
7.761977911	-1
7.761977911	-1
7.761977911	-1
7.79617786407	-1
7.79617786407	-1
7.79617786407	-1
7.801831007	-1
7.801831007	-1
7.801831007	-1
7.801831007	-1
7.801831007	-1
7.801831007	-1
7.801831007	-1
7.81585907936	-1
7.84622693062	-1
7.84622693062	-1
7.84622693062	-1
7.84622693062	-1
7.84622693062	-1
7.84622693062	-1
7.84622693062	-1
7.86456394196	-1
7.86456394196	-1
7.86456394196	-1
7.86456394196	-1
7.86456394196	-1
7.86456394196	-1
7.86456394196	-1
7.88162398338	-1
7.88162398338	-1
7.88162398338	-1
7.88162398338	-1
7.88162398338	-1
7.88162398338	-1
7.88162398338	-1
7.88162398338	-1
7.89836096764	1
7.90283203125	-1
7.90283203125	-1
7.90283203125	-1
7.90283203125	-1
7.90283203125	-1
7.90283203125	-1
7.90283203125	-1
7.90283203125	-1
7.91582489014	-1
7.95394587517	-1
7.95394587517	-1
7.95394587517	-1
7.95394587517	-1
7.95394587517	-1
7.95394587517	-1
8.07190489769	-1
8.07190489769	-1
8.07190489769	-1
8.07190489769	-1
8.07190489769	-1
8.07190489769	-1
8.07190489769	-1
8.07190489769	-1
8.07190489769	-1
8.11065006256	-1
8.11065006256	-1
8.11065006256	-1
8.11065006256	-1
8.11065006256	-1
8.11065006256	-1
8.11065006256	-1
8.11065006256	-1
8.11211204529	1
8.13415789604	-1
8.13415789604	-1
8.13415789604	-1
8.13415789604	-1
8.13415789604	-1
8.13415789604	-1
8.13415789604	-1
8.16262197495	-1
8.16262197495	-1
8.16262197495	-1
8.17396807671	-1
8.17396807671	-1
8.17396807671	-1
8.17396807671	-1
8.17396807671	-1
8.17396807671	-1
8.18283605576	-1
8.18283605576	-1
8.18283605576	-1
8.18283605576	-1
8.18283605576	-1
8.18283605576	-1
8.18283605576	-1
8.19895100594	-1
8.19895100594	-1
8.19895100594	-1
8.19895100594	-1
8.19895100594	-1
8.19895100594	-1
8.19895100594	-1
8.19895100594	-1
8.22112894058	-1
8.22112894058	-1
8.22112894058	-1
8.22112894058	-1
8.22112894058	-1
8.22112894058	-1
8.22112894058	-1
8.22112894058	-1
8.24594902992	-1
8.24594902992	-1
8.24594902992	-1
8.26366686821	-1
8.26366686821	-1
8.26366686821	-1
8.26366686821	-1
8.26366686821	-1
8.26366686821	-1
8.26370096207	1
8.27480387688	-1
8.27480387688	-1
8.27480387688	-1
8.27480387688	-1
8.27480387688	-1
8.27480387688	-1
8.27480387688	-1
8.29609799385	-1
8.29609799385	-1
8.29609799385	-1
8.29609799385	-1
8.29609799385	-1
8.29609799385	-1
8.29609799385	-1
8.29609799385	-1
8.32395601273	-1
8.32395601273	-1
8.32395601273	-1
8.32395601273	-1
8.32395601273	-1
8.3407459259	-1
8.3407459259	-1
8.3634018898	-1
8.3634018898	-1
8.3634018898	-1
8.3634018898	-1
8.3634018898	-1
8.3634018898	-1
8.3634018898	-1
8.37011098862	-1
8.37011098862	-1
8.38139390945	-1
8.38139390945	-1
8.38139390945	-1
8.38139390945	-1
8.38139390945	-1
8.38139390945	-1
8.38139390945	-1
8.38139390945	-1
8.3906519413	-1
8.3906519413	-1
8.39607000351	-1
8.39607000351	-1
8.39607000351	-1
8.39607000351	-1
8.39607000351	-1
8.40920305252	-1
8.40923500061	1
8.40923500061	1
8.42471385002	-1
8.42471385002	-1
8.42471385002	-1
8.42471385002	-1
8.42471385002	-1
8.42471385002	-1
8.42471385002	-1
8.42471385002	-1
8.42471385002	-1
8.43711900711	-1
8.43711900711	-1
8.43711900711	-1
8.43711900711	-1
8.43711900711	-1
8.43711900711	-1
8.43711900711	-1
8.44254398346	-1
8.44848299026	-1
8.44848299026	-1
8.44848299026	-1
8.44848299026	-1
8.44848299026	-1
8.44848299026	-1
8.44848299026	-1
8.45327496529	-1
8.46328902245	-1
8.46328902245	-1
8.46328902245	-1
8.46328902245	-1
8.46328902245	-1
8.46328902245	-1
8.46328902245	-1
8.46395587921	1
8.46395587921	1
8.46395587921	1
8.4681019783	-1
8.47797298431	-1
8.47797298431	-1
8.47797298431	-1
8.47797298431	-1
8.47797298431	-1
8.47797298431	-1
8.47797298431	-1
8.47797298431	-1
8.48319387436	-1
8.48319387436	-1
8.48319387436	-1
8.48319387436	-1
8.48319387436	-1
8.48319387436	-1
8.48319387436	-1
8.49167990685	-1
8.49177885056	-1
8.49177885056	-1
8.49177885056	-1
8.49177885056	-1
8.49177885056	-1
8.49177885056	-1
8.49177885056	-1
8.49888205528	-1
8.49888205528	-1
8.49888205528	-1
8.49888205528	-1
8.49888205528	-1
8.49888205528	-1
8.49888205528	-1
8.49888205528	-1
8.50624489784	-1
8.50624489784	-1
8.5169839859	-1
8.5169839859	-1
8.5169839859	-1
8.5169839859	-1
8.5169839859	-1
8.5169839859	-1
8.5169839859	-1
8.52150988579	-1
8.52150988579	-1
8.52150988579	-1
8.52150988579	-1
8.52150988579	-1
8.52150988579	-1
8.52150988579	-1
8.52562499046	-1
8.52562499046	-1
8.52562499046	-1
8.52562499046	-1
8.52562499046	-1
8.52562499046	-1
8.52562499046	-1
8.53377890587	-1
8.53377890587	-1
8.53377890587	-1
8.53377890587	-1
8.53377890587	-1
8.53377890587	-1
8.53377890587	-1
8.54727387428	-1
8.54727387428	-1
8.54727387428	-1
8.54730892181	1
8.54733204842	-1
8.54733204842	-1
8.54733204842	-1
8.54733204842	-1
8.54733204842	-1
8.54733204842	-1
8.54733204842	-1
8.5590069294	-1
8.5590069294	-1
8.5590069294	-1
8.5590069294	-1
8.5590069294	-1
8.5590069294	-1
8.5590069294	-1
8.5590069294	-1
8.55914497375	-1
8.55914497375	-1
8.55914497375	-1
8.55914497375	-1
8.55914497375	-1
8.55914497375	-1
8.55914497375	-1
8.57473397255	-1
8.57473397255	-1
8.57473397255	-1
8.57473397255	-1
8.57473397255	-1
8.57473397255	-1
8.57473397255	-1
8.57473397255	-1
8.59586000443	-1
8.59586000443	-1
8.59586000443	-1
8.59586000443	-1
8.59597396851	-1
8.59597396851	-1
8.59597396851	-1
8.59597396851	-1
8.59597396851	-1
8.59597396851	-1
8.59597396851	-1
8.59634184837	-1
8.59634184837	-1
8.59634184837	-1
8.59634184837	-1
8.59634184837	-1
8.59634184837	-1
8.59634184837	-1
8.59634184837	-1
8.59673190117	-1
8.59673190117	-1
8.59673190117	-1
8.59673190117	-1
8.59673190117	-1
8.59673190117	-1
8.59673190117	-1
8.59673190117	-1
8.60092306137	1
8.60092306137	1
8.60092306137	1
8.61135005951	-1
8.61135005951	-1
8.61135005951	-1
8.61135005951	-1
8.61135005951	-1
8.61135005951	-1
8.61135005951	-1
8.61157894135	-1
8.62978291512	-1
8.62978291512	-1
8.62978291512	-1
8.62978291512	-1
8.62978291512	-1
8.62978291512	-1
8.62978291512	-1
8.62991690636	-1
8.62991690636	-1
8.62991690636	-1
8.62991690636	-1
8.62991690636	-1
8.62991690636	-1
8.62991690636	-1
8.63721394539	-1
8.63721394539	-1
8.64427995682	-1
8.64427995682	-1
8.64427995682	-1
8.64427995682	-1
8.64427995682	-1
8.64427995682	-1
8.64427995682	-1
8.64427995682	-1
8.64427995682	-1
8.65603494644	-1
8.65603494644	-1
8.65603494644	-1
8.65603494644	-1
8.65603494644	-1
8.65603494644	-1
8.65603494644	-1
8.66510605812	-1
8.66510605812	-1
8.66510605812	-1
8.66510605812	-1
8.68547296524	1
8.77401685715	-1
8.77401685715	-1
8.77401685715	-1
8.78414988518	-1
8.78414988518	-1
8.78414988518	-1
8.78414988518	-1
8.78414988518	-1
8.7861969471	-1
8.7861969471	-1
8.7861969471	-1
8.7861969471	-1
8.7861969471	-1
8.7861969471	-1
8.7861969471	-1
8.78849005699	-1
8.79093289375	-1
8.79093289375	-1
8.79093289375	-1
8.79093289375	-1
8.79093289375	-1
8.79093289375	-1
8.79093289375	-1
8.79481601715	1
8.79481601715	1
8.79481601715	1
8.79481601715	1
8.79766392708	-1
8.79766392708	-1
8.80063295364	-1
8.80063295364	-1
8.80063295364	-1
8.80063295364	-1
8.80063295364	-1
8.80063295364	-1
8.80063295364	-1
8.80307006836	-1
8.8066740036	-1
8.8066740036	-1
8.8066740036	-1
8.8066740036	-1
8.8066740036	-1
8.8066740036	-1
8.8066740036	-1
8.809030056	-1
8.809030056	-1
8.809030056	-1
8.809030056	-1
8.809030056	-1
8.809030056	-1
8.809030056	-1
8.82311892509	-1
8.82315397263	1
8.82700991631	-1
8.82700991631	-1
8.82700991631	-1
8.82700991631	-1
8.82700991631	-1
8.82700991631	-1
8.82700991631	-1
8.87135100365	-1
8.87135100365	-1
8.9019510746	-1
8.9019510746	-1
8.92279100418	-1
8.92279100418	-1
8.92279100418	-1
8.92279100418	-1
8.92279100418	-1
8.92279100418	-1
8.92279100418	-1
8.92279100418	-1
8.92863488197	-1
8.92863488197	-1
8.92863488197	-1
8.92863488197	-1
8.92863488197	-1
8.92863488197	-1
8.92863488197	-1
8.93415784836	-1
8.93415784836	-1
8.93415784836	-1
8.93415784836	-1
8.93415784836	-1
8.93415784836	-1
8.93415784836	-1
8.96092796326	-1
8.9621629715	1
9.0010869503	-1
9.0010869503	-1
9.0010869503	-1
9.0010869503	-1
9.0010869503	-1
9.0010869503	-1
9.0010869503	-1
9.0010869503	-1
9.02052092552	-1
9.03870201111	-1
9.03870201111	-1
9.03870201111	-1
9.03870201111	-1
9.03870201111	-1
9.03870201111	-1
9.03870201111	-1
9.05248904228	-1
9.05248904228	-1
9.05248904228	-1
9.05248904228	-1
9.05248904228	-1
9.05248904228	-1
9.05248904228	-1
9.08257198334	-1
9.08257198334	-1
9.08257198334	-1
9.08257198334	-1
9.08257198334	-1
9.08257198334	-1
9.08257198334	-1
9.08257198334	-1
9.09985589981	-1
9.09986805916	1
9.11877608299	-1
9.11877608299	-1
9.11877608299	-1
9.11877608299	-1
9.11877608299	-1
9.11877608299	-1
9.11877608299	-1
9.11877608299	-1
9.13073587418	-1
9.15395998955	-1
9.15395998955	-1
9.17627692223	-1
9.17627692223	-1
9.17627692223	-1
9.17627692223	-1
9.17627692223	-1
9.17627692223	-1
9.17627692223	-1
9.19234991074	-1
9.20060992241	-1
9.20060992241	-1
9.20060992241	-1
9.20060992241	-1
9.20060992241	-1
9.20060992241	-1
9.20060992241	-1
9.21269202232	-1
9.22514295578	-1
9.22514295578	-1
9.22514295578	-1
9.22514295578	-1
9.22514295578	-1
9.22514295578	-1
9.22514295578	-1
9.22514295578	-1
9.23734903336	-1
9.23736786842	1
9.24948596954	-1
9.24948596954	-1
9.24948596954	-1
9.24948596954	-1
9.24948596954	-1
9.24948596954	-1
9.24948596954	-1
9.24948596954	-1
9.25434589386	-1
9.25434589386	-1
9.25434589386	-1
9.25434589386	-1
9.25434589386	-1
9.25434589386	-1
9.25434589386	-1
9.26618289948	-1
9.26618289948	-1
9.26618289948	-1
9.26618289948	-1
9.26618289948	-1
9.26618289948	-1
9.26618289948	-1
9.27818202972	-1
9.27818202972	-1
9.27818202972	-1
9.27818202972	-1
9.27818202972	-1
9.27818202972	-1
9.27818202972	-1
9.27818202972	-1
9.28324103355	-1
9.31734991074	-1
9.31734991074	-1
9.3223490715	-1
9.3223490715	-1
9.3223490715	-1
9.3223490715	-1
9.3223490715	-1
9.3223490715	-1
9.3223490715	-1
9.3223490715	-1
9.32264995575	-1
9.32264995575	-1
9.32264995575	-1
9.32264995575	-1
9.32264995575	-1
9.3273859024	-1
9.33184099197	-1
9.33184099197	-1
9.33184099197	-1
9.33184099197	-1
9.33184099197	-1
9.33184099197	-1
9.33184099197	-1
9.33531689644	-1
9.33531689644	-1
9.33531689644	-1
9.33531689644	-1
9.33531689644	-1
9.33531689644	-1
9.33531689644	-1
9.34284806252	-1
9.34284806252	-1
9.34284806252	-1
9.34976387024	-1
9.34976387024	-1
9.34976387024	-1
9.34976387024	-1
9.34976387024	-1
9.34976387024	-1
9.35256505013	-1
9.35504603386	-1
9.35504603386	-1
9.35504603386	-1
9.35504603386	-1
9.35504603386	-1
9.35504603386	-1
9.35504603386	-1
9.35837101936	-1
9.35837101936	-1
9.35837101936	-1
9.35837101936	-1
9.35837101936	-1
9.35837101936	-1
9.35837101936	-1
9.35837101936	-1
9.36346888542	-1
9.36346888542	-1
9.36346888542	-1
9.36346888542	-1
9.36346888542	-1
9.36346888542	-1
9.36346888542	-1
9.36473298073	1
9.36473298073	1
9.36473298073	1
9.36742687225	-1
9.36742687225	-1
9.36742687225	-1
9.36742687225	-1
9.36742687225	-1
9.36742687225	-1
9.36742687225	-1
9.36742687225	-1
9.37703800201	-1
9.37703800201	-1
9.37703800201	-1
9.37703800201	-1
9.37703800201	-1
9.37703800201	-1
9.37703800201	-1
9.39025592804	-1
9.39025592804	-1
9.39025592804	-1
9.39025592804	-1
9.39025592804	-1
9.39025592804	-1
9.39025592804	-1
9.39025592804	-1
9.39848804474	-1
9.39848804474	-1
9.40196490288	-1
9.40196490288	-1
9.40196490288	-1
9.40196490288	-1
9.40196490288	-1
9.40196490288	-1
9.40196490288	-1
9.4122428894	-1
9.4122428894	-1
9.4122428894	-1
9.4122428894	-1
9.4122428894	-1
9.4122428894	-1
9.4122428894	-1
9.42115497589	-1
9.42115497589	-1
9.42115497589	-1
9.42115497589	-1
9.42115497589	-1
9.42115497589	-1
9.42115497589	-1
9.42115497589	-1
9.42414498329	-1
9.42414498329	-1
9.42414498329	-1
9.42414498329	-1
9.42414498329	-1
9.42414498329	-1
9.42414498329	-1
9.42414498329	-1
9.4268078804	-1
9.4268078804	-1
9.4268078804	-1
9.4268078804	-1
9.4268078804	-1
9.4268078804	-1
9.4268078804	-1
9.4268078804	-1
9.44620394707	-1
9.44620394707	-1
9.44620394707	-1
9.44620394707	-1
9.44620394707	-1
9.44620394707	-1
9.44620394707	-1
9.44620394707	-1
9.44656896591	-1
9.44656896591	-1
9.44656896591	-1
9.44656896591	-1
9.44656896591	-1
9.44656896591	-1
9.44656896591	-1
9.44681501389	-1
9.44681501389	-1
9.44681501389	-1
9.44681501389	-1
9.44681501389	-1
9.44681501389	-1
9.44681501389	-1
9.44681501389	-1
9.44718384743	-1
9.44718384743	-1
9.44718384743	-1
9.44718384743	-1
9.44718384743	-1
9.44718384743	-1
9.44718384743	-1
9.44718384743	-1
9.47300195694	-1
9.47300195694	-1
9.47300195694	-1
9.47300195694	-1
9.47300195694	-1
9.47300195694	-1
9.47300195694	-1
9.47300195694	-1
9.47335791588	-1
9.47335791588	-1
9.47335791588	-1
9.47335791588	-1
9.47335791588	-1
9.47335791588	-1
9.47335791588	-1
9.47335791588	-1
9.47372794151	-1
9.47372794151	-1
9.47372794151	-1
9.47372794151	-1
9.47372794151	-1
9.47372794151	-1
9.47372794151	-1
9.47372794151	-1
9.47426795959	1
9.47426795959	1
9.47426795959	1
9.48814988136	-1
9.48814988136	-1
9.48814988136	-1
9.48814988136	-1
9.48814988136	-1
9.48814988136	-1
9.48814988136	-1
9.48814988136	-1
9.48849391937	-1
9.48849391937	-1
9.48849391937	-1
9.48849391937	-1
9.48849391937	-1
9.48849391937	-1
9.48849391937	-1
9.48849391937	-1
9.50133800507	-1
9.50133800507	-1
9.50133800507	-1
9.50133800507	-1
9.50133800507	-1
9.50133800507	-1
9.50133800507	-1
9.50133800507	-1
9.50168204308	-1
9.50168204308	-1
9.50168204308	-1
9.50513887405	-1
9.50513887405	-1
9.50513887405	-1
9.50513887405	-1
9.50513887405	-1
9.50513887405	-1
9.50513887405	-1
9.50527405739	-1
9.50527405739	-1
9.50527405739	-1
9.50527405739	-1
9.50527405739	-1
9.50527405739	-1
9.50527405739	-1
9.50527405739	-1
9.51466202736	-1
9.51466202736	-1
9.51466202736	-1
9.51466202736	-1
9.51466202736	-1
9.51469492912	1
9.53276705742	-1
9.53276705742	-1
9.53276705742	-1
9.53276705742	-1
9.53276705742	-1
9.53276705742	-1
9.53276705742	-1
9.53276705742	-1
9.53276705742	-1
9.53276705742	-1
9.53311705589	-1
9.53311705589	-1
9.53311705589	-1
9.53311705589	-1
9.53947305679	-1
9.53947305679	-1
9.53947305679	-1
9.53947305679	-1
9.53947305679	-1
9.53947305679	-1
9.53947305679	-1
9.5396399498	-1
9.5404689312	1
9.5404689312	1
9.5404689312	1
9.55254793167	-1
9.55254793167	-1
9.55254793167	-1
9.55254793167	-1
9.55254793167	-1
9.55254793167	-1
9.55254793167	-1
9.55254793167	-1
9.55894804001	-1
9.55894804001	-1
9.55894804001	-1
9.55894804001	-1
9.55894804001	-1
9.55894804001	-1
9.55894804001	-1
9.55894804001	-1
9.55918693542	-1
9.55918693542	-1
9.55918693542	-1
9.55918693542	-1
9.55918693542	-1
9.55918693542	-1
9.55918693542	-1
9.55918693542	-1
9.55955386162	-1
9.55955386162	-1
9.55955386162	-1
9.55955386162	-1
9.55955386162	-1
9.55955386162	-1
9.55955386162	-1
9.55955386162	-1
9.56465101242	-1
9.56475687027	-1
9.56475687027	-1
9.56475687027	-1
9.56475687027	-1
9.56710791588	-1
9.56710791588	-1
9.56710791588	-1
9.56710791588	-1
9.56710791588	-1
9.56710791588	-1
9.56710791588	-1
9.56710791588	-1
9.58470106125	-1
9.58470106125	-1
9.58470106125	-1
9.58470106125	-1
9.58470106125	-1
9.58470106125	-1
9.58470106125	-1
9.58470106125	-1
9.58504986763	-1
9.58504986763	-1
9.58504986763	-1
9.58504986763	-1
9.58504986763	-1
9.58504986763	-1
9.58504986763	-1
9.58541989326	-1
9.58541989326	-1
9.58541989326	-1
9.58541989326	-1
9.58541989326	-1
9.58541989326	-1
9.58541989326	-1
9.58541989326	-1
9.58578705788	-1
9.58578705788	-1
9.58578705788	-1
9.58578705788	-1
9.58578705788	-1
9.58578705788	-1
9.58578705788	-1
9.58578705788	-1
9.58615803719	-1
9.58615803719	-1
9.58615803719	-1
9.58615803719	-1
9.58615803719	-1
9.58615803719	-1
9.58640289307	-1
9.58640289307	-1
9.58640289307	-1
9.58640289307	-1
9.58640289307	-1
9.58640289307	-1
9.58640289307	-1
9.58717298508	1
9.58717298508	1
9.59670186043	-1
9.59680604935	-1
9.59680604935	-1
9.59680604935	-1
9.59680604935	-1
9.59680604935	-1
9.59680604935	-1
9.59680604935	-1
9.59727907181	1
9.59727907181	1
9.59727907181	1
9.61173295975	-1
9.61173295975	-1
9.61173295975	-1
9.61173295975	-1
9.61173295975	-1
9.61173295975	-1
9.61195993423	-1
9.62582087517	-1
9.62582087517	-1
9.62582087517	-1
9.62582087517	-1
9.62592601776	-1
9.62592601776	-1
9.62592601776	-1
9.62592601776	-1
9.62592601776	-1
9.62592601776	-1
9.62592601776	-1
9.6262948513	-1
9.6262948513	-1
9.6262948513	-1
9.6262948513	-1
9.6262948513	-1
9.6262948513	-1
9.6262948513	-1
9.62787890434	-1
9.63882398605	-1
9.63882398605	-1
9.63882398605	-1
9.63882398605	-1
9.63882398605	-1
9.63882398605	-1
9.63882398605	-1
9.63905405998	-1
9.63908100128	-1
9.63908100128	-1
9.63908100128	-1
9.63908100128	-1
9.63908100128	-1
9.63908100128	-1
9.63908100128	-1
9.65237998962	-1
9.65241408348	1
9.65729498863	-1
9.65729498863	-1
9.65729498863	-1
9.65729498863	-1
9.65729498863	-1
9.65729498863	-1
9.65729498863	-1
9.68122196198	-1
9.68122196198	-1
9.68122196198	-1
9.68122196198	-1
9.68122196198	-1
9.68122196198	-1
9.68122196198	-1
9.73138689995	-1
9.73138689995	-1
9.73138689995	-1
9.73138689995	-1
9.73138689995	-1
9.73138689995	-1
9.73138689995	-1
9.73138689995	-1
9.73138689995	-1
9.74257087708	-1
9.74257087708	-1
9.74257087708	-1
9.74257087708	-1
9.74257087708	-1
9.74257087708	-1
9.74257087708	-1
9.74846696854	-1
9.75303292274	-1
9.75303292274	-1
9.75303292274	-1
9.76112103462	-1
9.76112103462	-1
9.76112103462	-1
9.76112103462	-1
9.76112103462	-1
9.76112103462	-1
9.76112103462	-1
9.76112103462	-1
9.76208996773	1
9.76208996773	1
9.76208996773	1
9.76442193985	-1
9.76442193985	-1
9.76442193985	-1
9.76442193985	-1
9.76442193985	-1
9.76442193985	-1
9.76442193985	-1
9.76643300056	-1
9.76909589767	-1
9.76909589767	-1
9.76909589767	-1
9.76909589767	-1
9.76909589767	-1
9.76909589767	-1
9.76909589767	-1
9.77120494843	-1
9.79007506371	1
9.8089389801	-1
9.8089389801	-1
9.8089389801	-1
9.8089389801	-1
9.8089389801	-1
9.8089389801	-1
9.8089389801	-1
9.8089389801	-1
9.83944106102	-1
9.85199403763	-1
9.85199403763	-1
9.85199403763	-1
9.85199403763	-1
9.85199403763	-1
9.85199403763	-1
9.85199403763	-1
9.87188005447	-1
9.87188005447	-1
9.87188005447	-1
9.87188005447	-1
9.87188005447	-1
9.87188005447	-1
9.87188005447	-1
9.91375088692	-1
9.91375088692	-1
9.92746186256	1
10.3457520008	-1
10.3668398857	-1
10.3668398857	-1
10.3668398857	-1
10.3684539795	1
10.5043148994	-1
10.6811480522	-1
11.0780639648	-1
11.2156188488	-1
11.2192130089	1
12.1747989655	-1
12.3490898609	-1
12.3490898609	-1
12.4129309654	1
12.4214580059	1
12.4214580059	1
12.4214580059	1
12.4848308563	1
12.4848308563	1
12.4848308563	1
12.4848308563	1
12.4848308563	1
12.4848308563	1
12.4848308563	1
12.4848308563	1
12.4848308563	1
12.4850058556	1
12.4850058556	1
12.4850058556	1
12.4850058556	1
12.4854998589	1
12.5502560139	1
