0.0	1
0.251104831696	1
0.449687957764	-1
0.451220035553	1
0.631347894669	-1
0.632175922394	1
0.697744846344	1
0.697744846344	1
0.697744846344	1
0.947077989578	1
1.07966184616	1
1.07966184616	1
1.1181910038	-1
1.21216583252	1
1.28804302216	-1
1.28804302216	-1
1.34464597702	1
1.34464597702	1
1.42046093941	-1
1.47692489624	1
1.55299901962	-1
1.55299901962	-1
1.60938692093	1
1.63840889931	-1
1.63840889931	-1
1.63840889931	-1
1.63840889931	-1
1.63840889931	-1
1.63840889931	-1
1.63840889931	-1
1.63840889931	-1
1.65006303787	-1
1.780148983	1
1.8004989624	-1
1.8004989624	-1
1.8004989624	-1
1.83057999611	-1
1.83057999611	-1
1.83057999611	-1
1.83057999611	-1
1.83057999611	-1
1.83057999611	-1
1.90138602257	-1
1.90138602257	-1
1.91257405281	1
1.91552686691	-1
1.91552686691	-1
1.91552686691	-1
1.91552686691	-1
1.91552686691	-1
1.91552686691	-1
1.91552686691	-1
1.93921089172	-1
2.06388306618	-1
2.06388306618	-1
2.06388306618	-1
2.06388306618	-1
2.06390190125	1
2.0738120079	-1
2.0738120079	-1
2.0738120079	-1
2.0738120079	-1
2.0738120079	-1
2.23599791527	1
2.25191903114	-1
2.36839985847	1
2.384526968	-1
2.54026699066	1
2.55602884293	-1
2.76806998253	-1
2.76806998253	-1
3.0440030098	-1
3.05148386955	1
3.21090006828	-1
3.22823596001	-1
3.22823596001	-1
3.22823596001	-1
3.22823596001	-1
3.22823596001	-1
3.22823596001	-1
3.22823596001	-1
3.2726290226	-1
3.30164504051	-1
3.30164504051	-1
3.30164504051	-1
3.30164504051	-1
3.30164504051	-1
3.30164504051	-1
3.30164504051	-1
3.30164504051	-1
3.30164504051	-1
3.309486866	-1
3.309486866	-1
3.309486866	-1
3.309486866	-1
3.309486866	-1
3.309486866	-1
3.309486866	-1
3.31611394882	1
3.32012200356	1
3.32012200356	1
3.32012200356	1
3.32286405563	1
3.32286405563	1
3.38410401344	-1
3.38410401344	-1
3.38410401344	-1
3.41168785095	-1
3.41168785095	-1
3.41168785095	-1
3.41168785095	-1
3.41168785095	-1
3.41168785095	-1
3.45303988457	1
3.45303988457	1
3.45303988457	1
3.45303988457	1
3.45303988457	1
3.45303988457	1
3.51679205894	-1
3.51990485191	1
3.51990485191	1
3.51990485191	1
3.51990485191	1
3.51990485191	1
3.51990485191	1
3.51990485191	1
3.51990485191	1
3.51990485191	1
3.65264487267	-1
3.67500090599	1
3.67500090599	1
3.67500090599	1
3.76255893707	-1
3.76255893707	-1
3.76255893707	-1
3.76255893707	-1
3.76255893707	-1
3.76255893707	-1
3.76255893707	-1
3.76255893707	-1
3.76260495186	1
3.8264708519	-1
3.8264708519	-1
3.8264708519	-1
3.8374068737	-1
3.8374068737	-1
3.83931684494	1
3.83931684494	1
3.83931684494	1
3.83948588371	1
3.83948588371	1
3.83948588371	1
3.84680485725	-1
3.84680485725	-1
3.84680485725	-1
3.85444402695	-1
3.85444402695	-1
3.85444402695	-1
3.85829305649	-1
3.85829305649	-1
3.85829305649	-1
3.85829305649	-1
3.85829305649	-1
3.85829305649	-1
3.85829305649	-1
3.89531898499	-1
3.89539289474	-1
3.89539289474	-1
3.89539289474	-1
3.89554786682	-1
3.89554786682	-1
3.89566993713	-1
3.89566993713	-1
3.89566993713	-1
3.89566993713	-1
3.89566993713	-1
3.89566993713	-1
3.89566993713	-1
3.89591383934	-1
3.89591383934	-1
3.89591383934	-1
3.89591383934	-1
3.89591383934	-1
3.89591383934	-1
3.89591383934	-1
3.89885497093	1
3.89885497093	1
3.89885497093	1
3.97020292282	-1
3.97020292282	-1
3.97020292282	-1
3.97020292282	-1
3.97020292282	-1
3.97020292282	-1
3.97020292282	-1
3.97020292282	-1
3.97066187859	-1
3.97066187859	-1
3.97066187859	-1
3.97066187859	-1
3.97066187859	-1
3.97066187859	-1
3.97066187859	-1
3.97066187859	-1
4.01834201813	-1
4.01834201813	-1
4.01834201813	-1
4.01834201813	-1
4.01834201813	-1
4.01834201813	-1
4.01834201813	-1
4.01868486404	-1
4.01871085167	-1
4.01871085167	-1
4.01871085167	-1
4.01871085167	-1
4.01871085167	-1
4.01871085167	-1
4.01871085167	-1
4.01871085167	-1
4.02144694328	1
4.02144694328	1
4.02287387848	1
4.02287387848	1
4.02287387848	1
4.02336406708	1
4.02336406708	1
4.02336406708	1
4.02336406708	1
4.02336406708	1
4.02336406708	1
4.02349805832	1
4.02349805832	1
4.04376006126	-1
4.04376006126	-1
4.04376006126	-1
4.10275006294	-1
4.10275006294	-1
4.10275006294	-1
4.10275006294	-1
4.10275006294	-1
4.10275006294	-1
4.12728404999	-1
4.12728404999	-1
4.12728404999	-1
4.12728404999	-1
4.12728404999	-1
4.12728404999	-1
4.12728404999	-1
4.12728404999	-1
4.14188194275	-1
4.14188194275	-1
4.14188194275	-1
4.14188194275	-1
4.15351605415	-1
4.1831240654	-1
4.1831240654	-1
4.1831240654	-1
4.21043086052	-1
4.21043086052	-1
4.21043086052	-1
4.21043086052	-1
4.21043086052	-1
4.21043086052	-1
4.21043086052	-1
4.21043086052	-1
4.2177438736	-1
4.2177438736	-1
4.2177438736	-1
4.2177438736	-1
4.2177438736	-1
4.2177438736	-1
4.2177438736	-1
4.21887588501	1
4.22461485863	-1
4.22461485863	-1
4.24125504494	-1
4.24125504494	-1
4.24125504494	-1
4.24125504494	-1
4.24125504494	-1
4.24125504494	-1
4.24125504494	-1
4.24125504494	-1
4.28209996223	-1
4.28209996223	-1
4.28727388382	-1
4.28727388382	-1
4.28727388382	-1
4.28727388382	-1
4.28727388382	-1
4.29239106178	-1
4.29794788361	-1
4.29794788361	-1
4.29794788361	-1
4.29794788361	-1
4.29794788361	-1
4.29794788361	-1
4.29794788361	-1
4.30247497559	-1
4.30247497559	-1
4.30247497559	-1
4.30247497559	-1
4.30247497559	-1
4.30247497559	-1
4.30247497559	-1
4.34308195114	-1
4.34308195114	-1
4.34308195114	-1
4.34308195114	-1
4.34308195114	-1
4.34308195114	-1
4.34308195114	-1
4.34308195114	-1
4.34333705902	-1
4.34333705902	-1
4.34333705902	-1
4.34333705902	-1
4.34333705902	-1
4.34333705902	-1
4.34333705902	-1
4.34333705902	-1
4.34333705902	-1
4.37388396263	-1
4.37388396263	-1
4.37388396263	-1
4.37388396263	-1
4.37388396263	-1
4.37388396263	-1
4.37388396263	-1
4.37388396263	-1
4.37388396263	-1
4.37391901016	1
4.37423491478	-1
4.37423491478	-1
4.37423491478	-1
4.37423491478	-1
4.37423491478	-1
4.37423491478	-1
4.37423491478	-1
4.37423491478	-1
4.3746240139	-1
4.3746240139	-1
4.3746240139	-1
4.3746240139	-1
4.37474989891	-1
4.37486886978	-1
4.37486886978	-1
4.37486886978	-1
4.37486886978	-1
4.37486886978	-1
4.37486886978	-1
4.37486886978	-1
4.39510798454	-1
4.39510798454	-1
4.39510798454	-1
4.39510798454	-1
4.39510798454	-1
4.39532804489	-1
4.42526483536	-1
4.42526483536	-1
4.42526483536	-1
4.42526483536	-1
4.42526483536	-1
4.42526483536	-1
4.42526483536	-1
4.42549300194	-1
4.42549300194	-1
4.42549300194	-1
4.42549300194	-1
4.42903494835	-1
4.42903494835	-1
4.42903494835	-1
4.42903494835	-1
4.42903494835	-1
4.42903494835	-1
4.42903494835	-1
4.42903494835	-1
4.43568491936	-1
4.43568491936	-1
4.43568491936	-1
4.43568491936	-1
4.43568491936	-1
4.43568491936	-1
4.43568491936	-1
4.43599796295	-1
4.43599796295	-1
4.43599796295	-1
4.43599796295	-1
4.43599796295	-1
4.43599796295	-1
4.43599796295	-1
4.43599796295	-1
4.47207999229	-1
4.47207999229	-1
4.47207999229	-1
4.47207999229	-1
4.47207999229	-1
4.47207999229	-1
4.47207999229	-1
4.47207999229	-1
4.47347402573	1
4.47347402573	1
4.47347402573	1
4.48471689224	-1
4.48471689224	-1
4.48490190506	-1
4.48490190506	-1
4.48490190506	-1
4.48490190506	-1
4.48490190506	-1
4.48490190506	-1
4.48490190506	-1
4.48504900932	-1
4.48504900932	-1
4.48504900932	-1
4.48504900932	-1
4.48504900932	-1
4.48504900932	-1
4.48504900932	-1
4.48551392555	-1
4.48551392555	-1
4.48551392555	-1
4.48551392555	-1
4.48551392555	-1
4.48551392555	-1
4.48551392555	-1
4.48551392555	-1
4.51266598701	1
4.5126888752	-1
4.5126888752	-1
4.5448820591	-1
4.5448820591	-1
4.5448820591	-1
4.5448820591	-1
4.5448820591	-1
4.5448820591	-1
4.5448820591	-1
4.54510998726	-1
4.54510998726	-1
4.54523086548	-1
4.54523086548	-1
4.54523086548	-1
4.54523086548	-1
4.54523086548	-1
4.54523086548	-1
4.54523086548	-1
4.54547691345	-1
4.54547691345	-1
4.54547691345	-1
4.54547691345	-1
4.54547691345	-1
4.54547691345	-1
4.54547691345	-1
4.54547691345	-1
4.54584598541	-1
4.54584598541	-1
4.54584598541	-1
4.54584598541	-1
4.54584598541	-1
4.54584598541	-1
4.54584598541	-1
4.54584598541	-1
4.5689239502	-1
4.5689239502	-1
4.5689239502	-1
4.5689239502	-1
4.5689239502	-1
4.5689239502	-1
4.5689239502	-1
4.56937599182	-1
4.56937599182	-1
4.56937599182	-1
4.56937599182	-1
4.56937599182	-1
4.56937599182	-1
4.56937599182	-1
4.56937599182	-1
4.56937599182	-1
4.56974506378	-1
4.56974506378	-1
4.56974506378	-1
4.56974506378	-1
4.56974506378	-1
4.56974506378	-1
4.56974506378	-1
4.605219841	1
4.605219841	1
4.605219841	1
4.605219841	1
4.605219841	1
4.605219841	1
4.605219841	1
4.61774587631	-1
4.61774587631	-1
4.61774587631	-1
4.61774587631	-1
4.61774587631	-1
4.61774587631	-1
4.61774587631	-1
4.61792683601	-1
4.61792683601	-1
4.61792683601	-1
4.61792683601	-1
4.61792683601	-1
4.61792683601	-1
4.61823701859	-1
4.61836099625	-1
4.61836099625	-1
4.61836099625	-1
4.61836099625	-1
4.61836099625	-1
4.61836099625	-1
4.61836099625	-1
4.61836099625	-1
4.61836099625	-1
4.61867785454	-1
4.61867785454	-1
4.61884999275	-1
4.61884999275	-1
4.61884999275	-1
4.61884999275	-1
4.61884999275	-1
4.61884999275	-1
4.61884999275	-1
4.61990094185	1
4.63641905785	-1
4.63641905785	-1
4.63641905785	-1
4.63641905785	-1
4.63641905785	-1
4.63641905785	-1
4.63641905785	-1
4.63666796684	-1
4.63666796684	-1
4.63666796684	-1
4.63666796684	-1
4.63666796684	-1
4.63666796684	-1
4.63666796684	-1
4.6370370388	-1
4.6370370388	-1
4.6370370388	-1
4.6370370388	-1
4.6370370388	-1
4.6370370388	-1
4.6370370388	-1
4.63915705681	1
4.63915705681	1
4.63915705681	1
4.67772388458	-1
4.67777895927	-1
4.67777895927	-1
4.67777895927	-1
4.67777895927	-1
4.67777895927	-1
4.67777895927	-1
4.67777895927	-1
4.67777895927	-1
4.67843794823	-1
4.70263004303	-1
4.70263004303	-1
4.73322486877	-1
4.73322486877	-1
4.73322486877	-1
4.73983883858	-1
4.73983883858	-1
4.73983883858	-1
4.73983883858	-1
4.73983883858	-1
4.73983883858	-1
4.73983883858	-1
4.75406885147	-1
4.75406885147	-1
4.75406885147	-1
4.77500104904	-1
4.77500104904	-1
4.77500104904	-1
4.78589487076	-1
4.78589487076	-1
4.78589487076	-1
4.78589487076	-1
4.78589487076	-1
4.78589487076	-1
4.78589487076	-1
4.78589487076	-1
4.79017496109	-1
4.79017496109	-1
4.79017496109	-1
4.79017496109	-1
4.7949450016	-1
4.79893803596	-1
4.79893803596	-1
4.79893803596	-1
4.79893803596	-1
4.79893803596	-1
4.79893803596	-1
4.79893803596	-1
4.8076839447	-1
4.81009793282	-1
4.81009793282	-1
4.81009793282	-1
4.81009793282	-1
4.81009793282	-1
4.81009793282	-1
4.81009793282	-1
4.82072591782	-1
4.82072591782	-1
4.82072591782	-1
4.82072591782	-1
4.82072591782	-1
4.82072591782	-1
4.82072591782	-1
4.82075786591	1
4.83746004105	-1
4.83746004105	-1
4.83746004105	-1
4.83746004105	-1
4.84392905235	-1
4.84392905235	-1
4.84392905235	-1
4.84392905235	-1
4.84392905235	-1
4.84392905235	-1
4.84392905235	-1
4.85265398026	-1
4.85265398026	-1
4.85265398026	-1
4.87649297714	-1
4.87649297714	-1
4.8835580349	-1
4.8835580349	-1
4.8835580349	-1
4.8835580349	-1
4.8835580349	-1
4.8835580349	-1
4.8835580349	-1
4.8835580349	-1
4.8862850666	-1
4.8862850666	-1
4.8862850666	-1
4.8862850666	-1
4.8862850666	-1
4.8862850666	-1
4.8862850666	-1
4.89657306671	-1
4.89657306671	-1
4.89657306671	-1
4.89922189713	-1
4.89922189713	-1
4.89922189713	-1
4.89922189713	-1
4.89922189713	-1
4.89922189713	-1
4.89922189713	-1
4.90176200867	-1
4.90176200867	-1
4.90176200867	-1
4.90176200867	-1
4.90176200867	-1
4.90176200867	-1
4.90176200867	-1
4.90759992599	-1
4.90759992599	-1
4.90759992599	-1
4.90759992599	-1
4.90759992599	-1
4.90759992599	-1
4.90759992599	-1
4.90759992599	-1
4.91343593597	-1
4.91343593597	-1
4.91343593597	-1
4.91343593597	-1
4.91343593597	-1
4.91343593597	-1
4.91343593597	-1
4.91343593597	-1
4.91479301453	1
4.91479301453	1
4.91479301453	1
4.91972303391	-1
4.91972303391	-1
4.91972303391	-1
4.91972303391	-1
4.91972303391	-1
4.91972303391	-1
4.91972303391	-1
4.91972303391	-1
4.91972303391	-1
4.92750406265	-1
4.92750406265	-1
4.92750406265	-1
4.92750406265	-1
4.92750406265	-1
4.92750406265	-1
4.92750406265	-1
4.92764091492	-1
4.92785406113	-1
4.92785406113	-1
4.93186593056	-1
4.93186593056	-1
4.93186593056	-1
4.93186593056	-1
4.93186593056	-1
4.93186593056	-1
4.93186593056	-1
4.93186593056	-1
4.9997959137	-1
4.9997959137	-1
4.9997959137	-1
4.9997959137	-1
4.9997959137	-1
4.9997959137	-1
4.9997959137	-1
4.9997959137	-1
5.0202729702	-1
5.0202729702	-1
5.0202729702	-1
5.0202729702	-1
5.0202729702	-1
5.0202729702	-1
5.0202729702	-1
5.0202729702	-1
5.04982495308	-1
5.04982495308	-1
5.04982495308	-1
5.04982495308	-1
5.04982495308	-1
5.04982495308	-1
5.04982495308	-1
5.04982495308	-1
5.05819892883	-1
5.07079792023	-1
5.07079792023	-1
5.07079792023	-1
5.07079792023	-1
5.07079792023	-1
5.07079792023	-1
5.07079792023	-1
5.07079792023	-1
5.13048887253	-1
5.13048887253	-1
5.13052988052	1
5.13052988052	1
5.16094183922	-1
5.16094183922	-1
5.16094183922	-1
5.16094183922	-1
5.16094183922	-1
5.16094183922	-1
5.16094183922	-1
5.16094183922	-1
5.16094183922	-1
5.16412806511	1
5.16412806511	1
5.16412806511	1
5.16412806511	1
5.16412806511	1
5.16412806511	1
5.16412806511	1
5.16704106331	-1
5.16704106331	-1
5.16704106331	-1
5.16704106331	-1
5.16704106331	-1
5.16704106331	-1
5.16704106331	-1
5.17840695381	-1
5.17840695381	-1
5.17840695381	-1
5.17840695381	-1
5.17840695381	-1
5.17840695381	-1
5.17840695381	-1
5.17840695381	-1
5.18744492531	-1
5.18744492531	-1
5.18744492531	-1
5.18744492531	-1
5.18744492531	-1
5.18744492531	-1
5.18744492531	-1
5.19459700584	-1
5.19459700584	-1
5.19459700584	-1
5.19459700584	-1
5.19459700584	-1
5.19459700584	-1
5.19459700584	-1
5.19459700584	-1
5.2089009285	-1
5.2089009285	-1
5.2089009285	-1
5.2089009285	-1
5.2089009285	-1
5.2089009285	-1
5.2089009285	-1
5.22081685066	-1
5.22081685066	-1
5.22081685066	-1
5.22081685066	-1
5.22081685066	-1
5.22081685066	-1
5.22081685066	-1
5.22081685066	-1
5.2290558815	-1
5.2290558815	-1
5.2290558815	-1
5.2290558815	-1
5.2290558815	-1
5.2290558815	-1
5.2290558815	-1
5.23615503311	-1
5.23615503311	-1
5.23615503311	-1
5.23615503311	-1
5.23615503311	-1
5.23944997787	-1
5.24420404434	-1
5.24420404434	-1
5.24420404434	-1
5.24420404434	-1
5.24420404434	-1
5.24420404434	-1
5.24420404434	-1
5.24753284454	-1
5.24753284454	-1
5.24753284454	-1
5.24753284454	-1
5.24753284454	-1
5.24753284454	-1
5.24753284454	-1
5.24869990349	1
5.26478505135	-1
5.26478505135	-1
5.26478505135	-1
5.26478505135	-1
5.26478505135	-1
5.26478505135	-1
5.26478505135	-1
5.26478505135	-1
5.26482605934	1
5.27353000641	-1
5.27353000641	-1
5.27686905861	-1
5.27686905861	-1
5.27686905861	-1
5.27686905861	-1
5.27686905861	-1
5.28878593445	-1
5.29519605637	-1
5.29519605637	-1
5.30851984024	-1
5.30851984024	-1
5.30851984024	-1
5.30851984024	-1
5.30851984024	-1
5.30851984024	-1
5.30851984024	-1
5.30851984024	-1
5.31760287285	-1
5.31760287285	-1
5.31760287285	-1
5.31760287285	-1
5.31878399849	1
5.31878399849	1
5.31878399849	1
5.34018802643	-1
5.34018802643	-1
5.34018802643	-1
5.341796875	1
5.341796875	1
5.35341691971	-1
5.35341691971	-1
5.35341691971	-1
5.35341691971	-1
5.35341691971	-1
5.35341691971	-1
5.35341691971	-1
5.35341691971	-1
5.35862183571	-1
5.35862183571	-1
5.35862183571	-1
5.35862183571	-1
5.35862183571	-1
5.35862183571	-1
5.35862183571	-1
5.36816191673	-1
5.36816191673	-1
5.36816191673	-1
5.37725400925	-1
5.37725400925	-1
5.37725400925	-1
5.37725400925	-1
5.37725400925	-1
5.37725400925	-1
5.39535784721	-1
5.39535784721	-1
5.39535784721	-1
5.39535784721	-1
5.39535784721	-1
5.39535784721	-1
5.39535784721	-1
5.39535784721	-1
5.40107083321	-1
5.40107083321	-1
5.40853190422	-1
5.40853190422	-1
5.40853190422	-1
5.40853190422	-1
5.40853190422	-1
5.40853190422	-1
5.41207885742	1
5.41207885742	1
5.41207885742	1
5.41207885742	1
5.41207885742	1
5.41207885742	1
5.41207885742	1
5.41207885742	1
5.41207885742	1
5.41221785545	1
5.41221785545	1
5.41221785545	1
5.41221785545	1
5.42373204231	-1
5.42373204231	-1
5.42373204231	-1
5.42373204231	-1
5.42373204231	-1
5.42373204231	-1
5.42373204231	-1
5.42373204231	-1
5.4383020401	-1
5.4383020401	-1
5.44456791878	-1
5.44456791878	-1
5.44456791878	-1
5.44456791878	-1
5.44456791878	-1
5.44456791878	-1
5.44456791878	-1
5.44983100891	-1
5.44983100891	-1
5.44983100891	-1
5.44983100891	-1
5.44983100891	-1
5.44983100891	-1
5.44983100891	-1
5.45095801353	1
5.46060204506	-1
5.46060204506	-1
5.46060204506	-1
5.46060204506	-1
5.46060204506	-1
5.46060204506	-1
5.46463799477	-1
5.46463799477	-1
5.46463799477	-1
5.46463799477	-1
5.46463799477	-1
5.46463799477	-1
5.46463799477	-1
5.46807599068	-1
5.46807599068	-1
5.46807599068	-1
5.46807599068	-1
5.46807599068	-1
5.46807599068	-1
5.46807599068	-1
5.47444605827	-1
5.47444605827	-1
5.47444605827	-1
5.47444605827	-1
5.4856069088	-1
5.51455497742	-1
5.51455497742	-1
5.51455497742	-1
5.51455497742	-1
5.51455497742	-1
5.51455497742	-1
5.51455497742	-1
5.51455497742	-1
5.52097988129	-1
5.52097988129	-1
5.52097988129	-1
5.52097988129	-1
5.52097988129	-1
5.52097988129	-1
5.52097988129	-1
5.52607488632	-1
5.52607488632	-1
5.52607488632	-1
5.52607488632	-1
5.52607488632	-1
5.52607488632	-1
5.52607488632	-1
5.53336596489	-1
5.53336596489	-1
5.53336596489	-1
5.53336596489	-1
5.53336596489	-1
5.53336596489	-1
5.53336596489	-1
5.53336596489	-1
5.54315495491	-1
5.54315495491	-1
5.54315495491	-1
5.54315495491	-1
5.54315495491	-1
5.54315495491	-1
5.54315495491	-1
5.54315495491	-1
5.54315495491	-1
5.54318904877	1
5.54556894302	-1
5.54556894302	-1
5.54556894302	-1
5.54556894302	-1
5.54556894302	-1
5.54556894302	-1
5.54556894302	-1
5.550096035	-1
5.550096035	-1
5.550096035	-1
5.550096035	-1
5.550096035	-1
5.550096035	-1
5.550096035	-1
5.550096035	-1
5.55238699913	-1
5.55689501762	-1
5.55689501762	-1
5.55689501762	-1
5.55689501762	-1
5.55689501762	-1
5.55689501762	-1
5.55689501762	-1
5.56605100632	-1
5.5730099678	-1
5.5730099678	-1
5.5730099678	-1
5.5730099678	-1
5.5730099678	-1
5.5730099678	-1
5.5730099678	-1
5.5730099678	-1
5.57729196548	-1
5.57729196548	-1
5.57729196548	-1
5.57729196548	-1
5.57729196548	-1
5.57729196548	-1
5.57729196548	-1
5.58271789551	-1
5.58271789551	-1
5.58271789551	-1
5.58271789551	-1
5.58271789551	-1
5.58271789551	-1
5.58271789551	-1
5.58271789551	-1
5.58732485771	-1
5.58732485771	-1
5.58732485771	-1
5.58732485771	-1
5.58732485771	-1
5.58732485771	-1
5.58732485771	-1
5.58732485771	-1
5.59416389465	-1
5.59416389465	-1
5.59735894203	-1
5.59735894203	-1
5.59735894203	-1
5.59735894203	-1
5.59735894203	-1
5.59735894203	-1
5.59735894203	-1
5.59758806229	-1
5.59758806229	-1
5.59758806229	-1
5.59758806229	-1
5.59758806229	-1
5.59758806229	-1
5.59758806229	-1
5.61202406883	-1
5.61202406883	-1
5.61202406883	-1
5.61202406883	-1
5.61202406883	-1
5.61202406883	-1
5.61202406883	-1
5.61202406883	-1
5.61326789856	1
5.61326789856	1
5.61326789856	1
5.64724588394	-1
5.64724588394	-1
5.64724588394	-1
5.64724588394	-1
5.64724588394	-1
5.64724588394	-1
5.64724588394	-1
5.64724588394	-1
5.64759588242	-1
5.64759588242	-1
5.64759588242	-1
5.64759588242	-1
5.64759588242	-1
5.64759588242	-1
5.64759588242	-1
5.64759588242	-1
5.64759588242	-1
5.64796495438	-1
5.64796495438	-1
5.64796495438	-1
5.64796495438	-1
5.64796495438	-1
5.64796495438	-1
5.64796495438	-1
5.64811491966	-1
5.64833283424	-1
5.64833283424	-1
5.6595659256	-1
5.6595659256	-1
5.6595659256	-1
5.6595659256	-1
5.65961289406	-1
5.66400384903	1
5.66400384903	1
5.66400384903	1
5.66400384903	1
5.66400384903	1
5.66400384903	1
5.66400384903	1
5.66400384903	1
5.66400384903	1
5.66419386864	1
5.66419386864	1
5.66419386864	1
5.66419386864	1
5.66419386864	1
5.66419386864	1
5.66419386864	1
5.66419386864	1
5.66606402397	-1
5.66606402397	-1
5.66606402397	-1
5.66606402397	-1
5.66606402397	-1
5.66606402397	-1
5.66606402397	-1
5.67599797249	-1
5.67599797249	-1
5.67599797249	-1
5.67599797249	-1
5.67599797249	-1
5.67599797249	-1
5.67599797249	-1
5.67683005333	-1
5.67683005333	-1
5.67683005333	-1
5.67683005333	-1
5.67683005333	-1
5.67683005333	-1
5.67683005333	-1
5.67683005333	-1
5.68277287483	-1
5.68277287483	-1
5.68277287483	-1
5.68277287483	-1
5.68277287483	-1
5.68277287483	-1
5.68277287483	-1
5.68277287483	-1
5.68516993523	-1
5.6884970665	-1
5.6884970665	-1
5.6884970665	-1
5.6941280365	-1
5.6941280365	-1
5.6941280365	-1
5.6941280365	-1
5.6941280365	-1
5.6941280365	-1
5.6941280365	-1
5.6941280365	-1
5.69670295715	-1
5.69670295715	-1
5.69670295715	-1
5.69670295715	-1
5.70583295822	-1
5.70587992668	-1
5.70587992668	-1
5.70687103271	-1
5.70687103271	-1
5.70687103271	-1
5.70687103271	-1
5.71045684814	-1
5.71465492249	-1
5.71465492249	-1
5.71465492249	-1
5.71671295166	-1
5.71671295166	-1
5.71671295166	-1
5.71671295166	-1
5.71671295166	-1
5.71671295166	-1
5.7206890583	-1
5.7206890583	-1
5.72265195847	-1
5.72265195847	-1
5.72265195847	-1
5.72265195847	-1
5.72265195847	-1
5.72265195847	-1
5.72709202766	-1
5.72709202766	-1
5.72709202766	-1
5.72709202766	-1
5.72709202766	-1
5.72709202766	-1
5.72709202766	-1
5.72709202766	-1
5.73139405251	-1
5.73139405251	-1
5.73701000214	-1
5.73701000214	-1
5.73701000214	-1
5.73701000214	-1
5.73701000214	-1
5.73701000214	-1
5.73701000214	-1
5.74088001251	-1
5.74559092522	-1
5.74559092522	-1
5.74559092522	-1
5.74559092522	-1
5.74559092522	-1
5.74559092522	-1
5.75920891762	-1
5.75920891762	-1
5.76039385796	1
5.76039385796	1
5.76039385796	1
5.76039385796	1
5.76039385796	1
5.76039385796	1
5.76039385796	1
5.76039385796	1
5.76039385796	1
5.76039385796	1
5.76059293747	1
5.76059293747	1
5.76059293747	1
5.76059293747	1
5.76059293747	1
5.76059293747	1
5.76059293747	1
5.76059293747	1
5.76153683662	-1
5.76153683662	-1
5.76153683662	-1
5.76153683662	-1
5.76153683662	-1
5.76153683662	-1
5.78082704544	-1
5.78082704544	-1
5.78269100189	-1
5.78269100189	-1
5.78269100189	-1
5.78269100189	-1
5.78269100189	-1
5.78269100189	-1
5.78269100189	-1
5.78498506546	-1
5.78498506546	-1
5.78498506546	-1
5.78498506546	-1
5.78498506546	-1
5.78498506546	-1
5.78498506546	-1
5.78784990311	-1
5.78784990311	-1
5.78784990311	-1
5.79044890404	-1
5.79044890404	-1
5.79044890404	-1
5.79044890404	-1
5.79044890404	-1
5.79044890404	-1
5.79044890404	-1
5.79212903976	-1
5.79212903976	-1
5.79212903976	-1
5.79212903976	-1
5.79212903976	-1
5.79212903976	-1
5.79212903976	-1
5.79683899879	-1
5.79683899879	-1
5.79683899879	-1
5.79683899879	-1
5.79683899879	-1
5.79683899879	-1
5.79683899879	-1
5.79683899879	-1
5.79685783386	1
5.79685783386	1
5.79685783386	1
5.79685783386	1
5.79685783386	1
5.79685783386	1
5.79685783386	1
5.79685783386	1
5.79918003082	1
5.79918003082	1
5.79918003082	1
5.79918003082	1
5.80111885071	-1
5.80111885071	-1
5.80111885071	-1
5.80111885071	-1
5.80111885071	-1
5.80111885071	-1
5.80111885071	-1
5.80111885071	-1
5.80111885071	-1
5.81652903557	-1
5.81652903557	-1
5.82025504112	-1
5.82025504112	-1
5.82025504112	-1
5.82025504112	-1
5.82025504112	-1
5.82025504112	-1
5.82025504112	-1
5.82025504112	-1
5.82220101357	-1
5.82220101357	-1
5.82220101357	-1
5.82220101357	-1
5.82220101357	-1
5.82220101357	-1
5.82220101357	-1
5.82400298119	-1
5.82400298119	-1
5.82400298119	-1
5.82400298119	-1
5.82400298119	-1
5.82400298119	-1
5.82400298119	-1
5.82842588425	-1
5.82842588425	-1
5.82842588425	-1
5.82842588425	-1
5.82842588425	-1
5.82842588425	-1
5.82842588425	-1
5.82842588425	-1
5.8335249424	-1
5.8335249424	-1
5.8335249424	-1
5.8335249424	-1
5.8335249424	-1
5.8335249424	-1
5.8335249424	-1
5.8335249424	-1
5.84159398079	-1
5.84159398079	-1
5.84159398079	-1
5.84159398079	-1
5.84159398079	-1
5.84159398079	-1
5.84159398079	-1
5.84394884109	-1
5.84394884109	-1
5.84710288048	-1
5.85257101059	-1
5.85257101059	-1
5.85257101059	-1
5.85257101059	-1
5.85426998138	-1
5.85426998138	-1
5.85426998138	-1
5.85426998138	-1
5.85426998138	-1
5.85676884651	-1
5.85676884651	-1
5.86395287514	-1
5.86395287514	-1
5.86624598503	-1
5.86624598503	-1
5.86624598503	-1
5.86624598503	-1
5.86624598503	-1
5.86624598503	-1
5.86624598503	-1
5.86624598503	-1
5.8685400486	-1
5.8685400486	-1
5.8685400486	-1
5.8685400486	-1
5.8685400486	-1
5.8685400486	-1
5.8685400486	-1
5.87867593765	-1
5.87867593765	-1
5.88748002052	-1
5.88748002052	-1
5.88748002052	-1
5.88748002052	-1
5.88748002052	-1
5.88748002052	-1
5.90271902084	1
5.90271902084	1
5.90271902084	1
5.90271902084	1
5.91115188599	-1
5.91115188599	-1
5.91455483437	-1
5.91455483437	-1
5.91455483437	-1
5.91455483437	-1
5.91455483437	-1
5.91455483437	-1
5.91455483437	-1
5.91727590561	-1
5.91727590561	-1
5.91727590561	-1
5.92079806328	-1
5.92347192764	-1
5.92347192764	-1
5.94037485123	-1
5.94037485123	-1
5.94037485123	-1
5.94037485123	-1
5.94037485123	-1
5.94037485123	-1
5.94037485123	-1
5.94037485123	-1
5.97970104218	1
5.99943590164	-1
5.99943590164	-1
5.99943590164	-1
5.99943590164	-1
6.04135799408	-1
6.04135799408	-1
6.04135799408	-1
6.04135799408	-1
6.04135799408	-1
6.04135799408	-1
6.04135799408	-1
6.04135799408	-1
6.05985498428	-1
6.05985498428	-1
6.05985498428	-1
6.05985498428	-1
6.05985498428	-1
6.05985498428	-1
6.05985498428	-1
6.07088685036	-1
6.10678505898	-1
6.10678505898	-1
6.10678505898	-1
6.10678505898	-1
6.10678505898	-1
6.11313295364	1
6.12314987183	-1
6.12314987183	-1
6.12314987183	-1
6.12314987183	-1
6.12314987183	-1
6.12314987183	-1
6.12314987183	-1
6.12314987183	-1
6.12314987183	-1
6.12738704681	-1
6.12738704681	-1
6.12738704681	-1
6.12738704681	-1
6.12738704681	-1
6.12738704681	-1
6.13195490837	-1
6.13195490837	-1
6.13195490837	-1
6.13195490837	-1
6.13195490837	-1
6.13195490837	-1
6.13195490837	-1
6.13579201698	-1
6.13579201698	-1
6.13579201698	-1
6.13579201698	-1
6.13579201698	-1
6.13579201698	-1
6.13579201698	-1
6.1601729393	-1
6.1601729393	-1
6.1601729393	-1
6.1601729393	-1
6.1601729393	-1
6.1601729393	-1
6.1601729393	-1
6.1601729393	-1
6.17356705666	-1
6.17356705666	-1
6.17356705666	-1
6.17356705666	-1
6.17356705666	-1
6.17356705666	-1
6.17356705666	-1
6.17356705666	-1
6.19365501404	-1
6.19365501404	-1
6.22466301918	-1
6.22466301918	-1
6.22466301918	-1
6.23367285728	-1
6.23367285728	-1
6.23726201057	-1
6.23726201057	-1
6.23726201057	-1
6.23726201057	-1
6.23726201057	-1
6.24483394623	-1
6.24483394623	-1
6.24483394623	-1
6.24483394623	-1
6.24483394623	-1
6.24483394623	-1
6.24782991409	-1
6.24782991409	-1
6.24782991409	-1
6.24782991409	-1
6.24782991409	-1
6.24782991409	-1
6.24782991409	-1
6.24786090851	1
6.24786090851	1
6.25075006485	-1
6.25075006485	-1
6.25075006485	-1
6.25075006485	-1
6.25075006485	-1
6.25075006485	-1
6.25075006485	-1
6.25358295441	-1
6.25358295441	-1
6.25358295441	-1
6.25358295441	-1
6.25358295441	-1
6.25358295441	-1
6.2573029995	-1
6.2573029995	-1
6.2573029995	-1
6.2573029995	-1
6.2573029995	-1
6.2573029995	-1
6.2573029995	-1
6.2600069046	-1
6.2600069046	-1
6.2600069046	-1
6.2600069046	-1
6.2600069046	-1
6.2600069046	-1
6.2600069046	-1
6.26559686661	-1
6.26559686661	-1
6.26559686661	-1
6.26559686661	-1
6.26559686661	-1
6.26559686661	-1
6.26559686661	-1
6.26787185669	-1
6.26787185669	-1
6.26787185669	-1
6.26787185669	-1
6.26787185669	-1
6.26787185669	-1
6.26787185669	-1
6.27225184441	-1
6.27225184441	-1
6.27507901192	-1
6.27507901192	-1
6.27507901192	-1
6.27507901192	-1
6.27507901192	-1
6.27507901192	-1
6.27507901192	-1
6.27739286423	-1
6.27739286423	-1
6.27739286423	-1
6.27739286423	-1
6.27739286423	-1
6.27739286423	-1
6.27739286423	-1
6.28294301033	-1
6.28294301033	-1
6.2878370285	-1
6.2878370285	-1
6.2878370285	-1
6.2878370285	-1
6.2878370285	-1
6.2878370285	-1
6.29174900055	-1
6.29174900055	-1
6.29174900055	-1
6.29174900055	-1
6.29174900055	-1
6.29174900055	-1
6.29174900055	-1
6.29174900055	-1
6.29416489601	-1
6.29416489601	-1
6.29416489601	-1
6.29416489601	-1
6.29416489601	-1
6.29416489601	-1
6.29416489601	-1
6.29604887962	-1
6.29604887962	-1
6.29604887962	-1
6.29604887962	-1
6.29604887962	-1
6.29604887962	-1
6.29604887962	-1
6.30035686493	-1
6.30035686493	-1
6.30035686493	-1
6.30035686493	-1
6.30035686493	-1
6.30035686493	-1
6.30217194557	-1
6.30217194557	-1
6.30217194557	-1
6.30217194557	-1
6.30217194557	-1
6.30217194557	-1
6.30217194557	-1
6.30444502831	-1
6.30444502831	-1
6.30444502831	-1
6.30444502831	-1
6.30444502831	-1
6.30444502831	-1
6.30444502831	-1
6.31140685081	-1
6.31140685081	-1
6.31228685379	-1
6.31228685379	-1
6.31228685379	-1
6.31228685379	-1
6.31228685379	-1
6.31916904449	-1
6.31916904449	-1
6.31916904449	-1
6.31916904449	-1
6.31916904449	-1
6.31916904449	-1
6.32023286819	1
6.32023286819	1
6.32023286819	1
6.32352185249	-1
6.32352185249	-1
6.32352185249	-1
6.32797503471	-1
6.32797503471	-1
6.32797503471	-1
6.32797503471	-1
6.32797503471	-1
6.32797503471	-1
6.32797503471	-1
6.32797503471	-1
6.34883093834	-1
6.34883093834	-1
6.34883093834	-1
6.34883093834	-1
6.34883093834	-1
6.34883093834	-1
6.3489780426	-1
6.36295390129	-1
6.36295390129	-1
6.36295390129	-1
6.36295390129	-1
6.36295390129	-1
6.36295390129	-1
6.36295390129	-1
6.36318206787	-1
6.36318206787	-1
6.36318206787	-1
6.37812805176	-1
6.37812805176	-1
6.37812805176	-1
6.37812805176	-1
6.37812805176	-1
6.37812805176	-1
6.37812805176	-1
6.39829897881	-1
6.39829897881	-1
6.39829897881	-1
6.39833188057	1
6.42296504974	1
6.42296504974	1
6.42296504974	1
6.42686796188	-1
6.42686796188	-1
6.42686796188	-1
6.42686796188	-1
6.42686796188	-1
6.42686796188	-1
6.42686796188	-1
6.43132996559	-1
6.43591499329	-1
6.43591499329	-1
6.43591499329	-1
6.43591499329	-1
6.43591499329	-1
6.43591499329	-1
6.43591499329	-1
6.43937897682	-1
6.44296383858	-1
6.44296383858	-1
6.44296383858	-1
6.44296383858	-1
6.44296383858	-1
6.44296383858	-1
6.44550395012	-1
6.44550395012	-1
6.44550395012	-1
6.44550395012	-1
6.44550395012	-1
6.44550395012	-1
6.44550395012	-1
6.45269083977	-1
6.45705294609	-1
6.45705294609	-1
6.45705294609	-1
6.45705294609	-1
6.45705294609	-1
6.45705294609	-1
6.45705294609	-1
6.45705294609	-1
6.45914101601	-1
6.45914101601	-1
6.45914101601	-1
6.45914101601	-1
6.45914101601	-1
6.45914101601	-1
6.45914101601	-1
6.46139383316	-1
6.46139383316	-1
6.46139383316	-1
6.46139383316	-1
6.46139383316	-1
6.46139383316	-1
6.46139383316	-1
6.46748995781	-1
6.46748995781	-1
6.46748995781	-1
6.46748995781	-1
6.46748995781	-1
6.46748995781	-1
6.46748995781	-1
6.46748995781	-1
6.46748995781	-1
6.4692568779	-1
6.4692568779	-1
6.4692568779	-1
6.4692568779	-1
6.4692568779	-1
6.4692568779	-1
6.4692568779	-1
6.47498989105	-1
6.47498989105	-1
6.47498989105	-1
6.47498989105	-1
6.47498989105	-1
6.47498989105	-1
6.47498989105	-1
6.47498989105	-1
6.47498989105	-1
6.4765059948	-1
6.4765059948	-1
6.48875284195	-1
6.48875284195	-1
6.48875284195	-1
6.48875284195	-1
6.48875284195	-1
6.48875284195	-1
6.48875284195	-1
6.48955583572	1
6.48955583572	1
6.48955583572	1
6.48990488052	-1
6.48990488052	-1
6.48990488052	-1
6.48990488052	-1
6.48990488052	-1
6.48990488052	-1
6.48990488052	-1
6.51086902618	-1
6.51181602478	-1
6.51181602478	-1
6.51181602478	-1
6.51181602478	-1
6.51181602478	-1
6.51181602478	-1
6.51181602478	-1
6.53165793419	-1
6.53165793419	-1
6.53165793419	-1
6.53165793419	-1
6.53165793419	-1
6.53165793419	-1
6.53165793419	-1
6.54654693604	-1
6.54654693604	-1
6.54654693604	-1
6.54654693604	-1
6.54654693604	-1
6.54654693604	-1
6.54654693604	-1
6.56825089455	-1
6.57423305511	-1
6.57423305511	-1
6.57423305511	-1
6.57423305511	-1
6.57423305511	-1
6.57423305511	-1
6.57423305511	-1
6.57423305511	-1
6.57423305511	-1
6.5820350647	-1
6.5820350647	-1
6.5820350647	-1
6.5820350647	-1
6.58909988403	-1
6.59569406509	-1
6.59569406509	-1
6.59569406509	-1
6.59569406509	-1
6.59569406509	-1
6.60165691376	-1
6.62577486038	-1
6.62577486038	-1
6.6417798996	-1
6.6417798996	-1
6.6417798996	-1
6.6417798996	-1
6.6417798996	-1
6.6417798996	-1
6.6417798996	-1
6.6417798996	-1
6.6417798996	-1
6.64667797089	-1
6.64667797089	-1
6.64667797089	-1
6.64667797089	-1
6.64667797089	-1
6.64667797089	-1
6.64667797089	-1
6.65020489693	-1
6.65020489693	-1
6.65020489693	-1
6.65020489693	-1
6.65020489693	-1
6.68769693375	-1
6.68769693375	-1
6.68769693375	-1
6.68769693375	-1
6.68769693375	-1
6.68769693375	-1
6.68769693375	-1
6.68769693375	-1
6.68772792816	1
6.68772792816	1
6.72113490105	-1
6.72113490105	-1
6.72113490105	-1
6.72113490105	-1
6.72113490105	-1
6.72113490105	-1
6.72113490105	-1
6.79535984993	-1
6.79535984993	-1
6.79535984993	-1
6.79535984993	-1
6.79535984993	-1
6.79535984993	-1
6.79535984993	-1
6.79535984993	-1
6.81145596504	-1
6.81145596504	-1
6.82786202431	-1
6.85153484344	-1
6.85153484344	-1
6.85153484344	-1
6.85153484344	-1
6.85153484344	-1
6.85153484344	-1
6.85153484344	-1
6.85751390457	-1
6.86259293556	-1
6.86259293556	-1
6.86259293556	-1
6.86259293556	-1
6.86259293556	-1
6.86259293556	-1
6.86259293556	-1
6.8784198761	-1
6.87958192825	1
6.889950037	-1
6.889950037	-1
6.889950037	-1
6.889950037	-1
6.889950037	-1
6.889950037	-1
6.889950037	-1
6.889950037	-1
6.889950037	-1
6.89314484596	-1
6.89314484596	-1
6.89314484596	-1
6.89314484596	-1
6.89314484596	-1
6.89314484596	-1
6.89314484596	-1
6.89715790749	-1
6.89715790749	-1
6.89715790749	-1
6.89715790749	-1
6.89715790749	-1
6.89715790749	-1
6.89715790749	-1
6.90823793411	-1
6.90823793411	-1
6.90823793411	-1
6.90823793411	-1
6.90823793411	-1
6.90823793411	-1
6.90823793411	-1
6.90823793411	-1
6.92775702477	-1
6.92775702477	-1
6.93408083916	-1
6.93408083916	-1
6.93408083916	-1
6.93408083916	-1
6.93408083916	-1
6.93408083916	-1
6.93408083916	-1
6.94750905037	-1
6.94750905037	-1
6.94750905037	-1
6.94750905037	-1
6.94750905037	-1
6.94750905037	-1
6.94750905037	-1
6.99926686287	-1
6.99926686287	-1
6.99926686287	-1
6.99926686287	-1
6.99926686287	-1
6.99926686287	-1
6.99926686287	-1
6.99926686287	-1
7.01777100563	1
7.02797889709	-1
7.02797889709	-1
7.02797889709	-1
7.02797889709	-1
7.02797889709	-1
7.02797889709	-1
7.02797889709	-1
7.02797889709	-1
7.03606700897	-1
7.05119895935	-1
7.05119895935	-1
7.05119895935	-1
7.05119895935	-1
7.05119895935	-1
7.05119895935	-1
7.05119895935	-1
7.05804085732	-1
7.05804085732	-1
7.05804085732	-1
7.05804085732	-1
7.05804085732	-1
7.05804085732	-1
7.05804085732	-1
7.07106304169	-1
7.07106304169	-1
7.07106304169	-1
7.08126306534	-1
7.08126306534	-1
7.08126306534	-1
7.08126306534	-1
7.08126306534	-1
7.08126306534	-1
7.08951401711	-1
7.08951401711	-1
7.08951401711	-1
7.08951401711	-1
7.08951401711	-1
7.08951401711	-1
7.08951401711	-1
7.08951401711	-1
7.10653305054	-1
7.10653305054	-1
7.12313985825	-1
7.12313985825	-1
7.12313985825	-1
7.12406301498	1
7.12406301498	1
7.12406301498	1
7.12614989281	-1
7.12614989281	-1
7.129529953	-1
7.129529953	-1
7.129529953	-1
7.129529953	-1
7.129529953	-1
7.129529953	-1
7.129529953	-1
7.133852005	-1
7.133852005	-1
7.133852005	-1
7.133852005	-1
7.133852005	-1
7.133852005	-1
7.133852005	-1
7.13959383965	-1
7.13959383965	-1
7.13959383965	-1
7.13959383965	-1
7.13959383965	-1
7.13959383965	-1
7.13959383965	-1
7.13959383965	-1
7.15711593628	-1
7.15711593628	-1
7.15711593628	-1
7.15711593628	-1
7.15711593628	-1
7.15711593628	-1
7.15711593628	-1
7.15711593628	-1
7.16303396225	-1
7.18922686577	-1
7.18922686577	-1
7.18922686577	-1
7.18922686577	-1
7.18922686577	-1
7.18922686577	-1
7.18922686577	-1
7.18922686577	-1
7.19733405113	-1
7.19733405113	-1
7.19733405113	-1
7.19733405113	-1
7.19733405113	-1
7.19733405113	-1
7.19733405113	-1
7.23167991638	-1
7.23167991638	-1
7.23167991638	-1
7.23167991638	-1
7.23167991638	-1
7.23167991638	-1
7.23167991638	-1
7.23167991638	-1
7.24292206764	-1
7.28401994705	-1
7.28401994705	-1
7.28401994705	-1
7.28401994705	-1
7.28401994705	-1
7.28401994705	-1
7.28401994705	-1
7.28401994705	-1
7.31048083305	-1
7.31048083305	-1
7.31048083305	-1
7.31048083305	-1
7.31048083305	-1
7.3548309803	-1
7.3548309803	-1
7.3548309803	-1
7.35603094101	1
7.38149785995	-1
7.38149785995	-1
7.38149785995	-1
7.38149785995	-1
7.38149785995	-1
7.38149785995	-1
7.38149785995	-1
7.38149785995	-1
7.40590906143	-1
7.43257904053	-1
7.43257904053	-1
7.43257904053	-1
7.43257904053	-1
7.43257904053	-1
7.43257904053	-1
7.43257904053	-1
7.45957493782	-1
7.45957493782	-1
7.47060084343	-1
7.51152896881	-1
7.51152896881	-1
7.51152896881	-1
7.51157283783	1
7.5307059288	-1
7.5307059288	-1
7.5307059288	-1
7.5307059288	-1
7.57729792595	-1
7.57729792595	-1
7.59771704674	-1
7.59771704674	-1
7.59771704674	-1
7.59771704674	-1
7.59771704674	-1
7.59771704674	-1
7.59771704674	-1
7.60817885399	-1
7.60817885399	-1
7.60817885399	-1
7.60817885399	-1
7.60817885399	-1
7.60817885399	-1
7.60817885399	-1
7.62717986107	-1
7.62717986107	-1
7.62717986107	-1
7.62717986107	-1
7.62717986107	-1
7.62717986107	-1
7.62717986107	-1
7.62717986107	-1
7.64110898972	-1
7.64110898972	-1
7.64110898972	-1
7.64110898972	-1
7.64110898972	-1
7.64110898972	-1
7.64110898972	-1
7.64110898972	-1
7.66330504417	-1
7.66330504417	-1
7.66333699226	1
7.66737985611	-1
7.66737985611	-1
7.66737985611	-1
7.66737985611	-1
7.66737985611	-1
7.66737985611	-1
7.71139383316	-1
7.71139383316	-1
7.71139383316	-1
7.71139383316	-1
7.71139383316	-1
7.71139383316	-1
7.71139383316	-1
7.73680591583	-1
7.73680591583	-1
7.74984788895	-1
7.74984788895	-1
7.74984788895	-1
7.74984788895	-1
7.74984788895	-1
7.74984788895	-1
7.7765109539	-1
7.7765109539	-1
7.78838992119	-1
7.78838992119	-1
7.78838992119	-1
7.78838992119	-1
7.78838992119	-1
7.78838992119	-1
7.78838992119	-1
7.79608893394	1
7.79608893394	1
7.82119584084	-1
7.82119584084	-1
7.82119584084	-1
7.82119584084	-1
7.82119584084	-1
7.82119584084	-1
7.82119584084	-1
7.82119584084	-1
7.82119584084	-1
7.8301448822	-1
7.8301448822	-1
7.8301448822	-1
7.8301448822	-1
7.8301448822	-1
7.8301448822	-1
7.8301448822	-1
7.83958888054	-1
7.84632492065	-1
7.84632492065	-1
7.84632492065	-1
7.84632492065	-1
7.84632492065	-1
7.84632492065	-1
7.84632492065	-1
7.85302090645	-1
7.86637306213	-1
7.86637306213	-1
7.86637306213	-1
7.86637306213	-1
7.86637306213	-1
7.86637306213	-1
7.86637306213	-1
7.87196588516	-1
7.90603995323	-1
7.90603995323	-1
7.90603995323	-1
7.92905783653	-1
7.92909693718	1
8.02541995049	-1
8.02541995049	-1
8.02541995049	-1
8.02541995049	-1
8.02541995049	-1
8.02541995049	-1
8.02541995049	-1
8.02541995049	-1
8.0370259285	-1
8.0370259285	-1
8.0370259285	-1
8.0370259285	-1
8.0370259285	-1
8.0370259285	-1
8.0370259285	-1
8.05858588219	-1
8.05858588219	-1
8.05858588219	-1
8.05858588219	-1
8.05858588219	-1
8.05858588219	-1
8.05858588219	-1
8.05858588219	-1
8.06150889397	1
8.10630083084	-1
8.10630083084	-1
8.10630083084	-1
8.10630083084	-1
8.13330984116	-1
8.13330984116	-1
8.13330984116	-1
8.13330984116	-1
8.13330984116	-1
8.13330984116	-1
8.13330984116	-1
8.15125083923	-1
8.15125083923	-1
8.15125083923	-1
8.15125083923	-1
8.15125083923	-1
8.15125083923	-1
8.15125083923	-1
8.17492389679	-1
8.17492389679	-1
8.17492389679	-1
8.17492389679	-1
8.17492389679	-1
8.17492389679	-1
8.17492389679	-1
8.17492389679	-1
8.19411206245	-1
8.21501898766	-1
8.21501898766	-1
8.21501898766	-1
8.21501898766	-1
8.21501898766	-1
8.21501898766	-1
8.21501898766	-1
8.23251986504	-1
8.23251986504	-1
8.23379397392	1
8.24186992645	-1
8.24186992645	-1
8.24186992645	-1
8.24186992645	-1
8.24186992645	-1
8.24186992645	-1
8.24186992645	-1
8.25069594383	-1
8.25069594383	-1
8.25069594383	-1
8.25069594383	-1
8.25069594383	-1
8.25069594383	-1
8.25069594383	-1
8.27670383453	-1
8.27670383453	-1
8.27670383453	-1
8.27670383453	-1
8.27670383453	-1
8.27670383453	-1
8.27670383453	-1
8.27670383453	-1
8.30083990097	-1
8.30083990097	-1
8.30083990097	-1
8.30083990097	-1
8.30083990097	-1
8.30083990097	-1
8.30083990097	-1
8.30083990097	-1
8.32656598091	-1
8.40488600731	-1
8.40488600731	-1
8.40488600731	-1
8.40488600731	-1
8.40488600731	-1
8.40488600731	-1
8.40488600731	-1
8.40488600731	-1
8.40488600731	-1
8.4049270153	1
8.43053793907	-1
8.43053793907	-1
8.43797206879	-1
8.43797206879	-1
8.43797206879	-1
8.43797206879	-1
8.43797206879	-1
8.43797206879	-1
8.43797206879	-1
8.44466900826	-1
8.44466900826	-1
8.44466900826	-1
8.44466900826	-1
8.44466900826	-1
8.44466900826	-1
8.44466900826	-1
8.45931005478	-1
8.46567988396	-1
8.46567988396	-1
8.46567988396	-1
8.46567988396	-1
8.46567988396	-1
8.47145104408	-1
8.47145104408	-1
8.47145104408	-1
8.47145104408	-1
8.47145104408	-1
8.47145104408	-1
8.47145104408	-1
8.47753596306	-1
8.47753596306	-1
8.47753596306	-1
8.47753596306	-1
8.47753596306	-1
8.47753596306	-1
8.47753596306	-1
8.4845199585	-1
8.49858903885	-1
8.49858903885	-1
8.49858903885	-1
8.49858903885	-1
8.49858903885	-1
8.49858903885	-1
8.49858903885	-1
8.52095198631	-1
8.52850985527	-1
8.52850985527	-1
8.52850985527	-1
8.52850985527	-1
8.52850985527	-1
8.52850985527	-1
8.52850985527	-1
8.54393100739	-1
8.54396486282	1
8.54396486282	1
8.55849790573	-1
8.55849790573	-1
8.55849790573	-1
8.55849790573	-1
8.55849790573	-1
8.55849790573	-1
8.55849790573	-1
8.57286596298	-1
8.57947802544	-1
8.57947802544	-1
8.57947802544	-1
8.57947802544	-1
8.57947802544	-1
8.57947802544	-1
8.57947802544	-1
8.59367203712	-1
8.60050392151	-1
8.60050392151	-1
8.60050392151	-1
8.60050392151	-1
8.60050392151	-1
8.60050392151	-1
8.60050392151	-1
8.61167883873	-1
8.61167883873	-1
8.61167883873	-1
8.61167883873	-1
8.61167883873	-1
8.61707997322	-1
8.61707997322	-1
8.61707997322	-1
8.61707997322	-1
8.61707997322	-1
8.61707997322	-1
8.61707997322	-1
8.61707997322	-1
8.62201189995	-1
8.62201189995	-1
8.62201189995	-1
8.62201189995	-1
8.62201189995	-1
8.62201189995	-1
8.62201189995	-1
8.62201189995	-1
8.62295484543	1
8.62295484543	1
8.62295484543	1
8.62310504913	1
8.62310504913	1
8.62660098076	-1
8.62660098076	-1
8.62660098076	-1
8.62660098076	-1
8.62660098076	-1
8.66088199615	-1
8.66088199615	-1
8.66088199615	-1
8.66441202164	-1
8.66441202164	-1
8.66441202164	-1
8.66441202164	-1
8.66441202164	-1
8.66441202164	-1
8.66441202164	-1
8.66782402992	-1
8.66782402992	-1
8.66782402992	-1
8.66782402992	-1
8.66782402992	-1
8.66782402992	-1
8.66782402992	-1
8.67180299759	-1
8.67180299759	-1
8.67180299759	-1
8.67180299759	-1
8.67180299759	-1
8.67180299759	-1
8.67180299759	-1
8.67630195618	-1
8.6774148941	1
8.6774148941	1
8.6774148941	1
8.68047904968	-1
8.68047904968	-1
8.68047904968	-1
8.68047904968	-1
8.68047904968	-1
8.68047904968	-1
8.68047904968	-1
8.68420600891	-1
8.70452284813	-1
8.70452284813	-1
8.70452284813	-1
8.70452284813	-1
8.70452284813	-1
8.70452284813	-1
8.70452284813	-1
8.70452284813	-1
8.71023583412	-1
8.71023583412	-1
8.71023583412	-1
8.71023583412	-1
8.71023583412	-1
8.71023583412	-1
8.71023583412	-1
8.71500706673	-1
8.71961784363	-1
8.71961784363	-1
8.71961784363	-1
8.71961784363	-1
8.71961784363	-1
8.71961784363	-1
8.71961784363	-1
8.72793793678	-1
8.72793793678	-1
8.72793793678	-1
8.72793793678	-1
8.72793793678	-1
8.72793793678	-1
8.72793793678	-1
8.72793793678	-1
8.73309087753	-1
8.73874306679	-1
8.73874306679	-1
8.73874306679	-1
8.73874306679	-1
8.73874306679	-1
8.73874306679	-1
8.73874306679	-1
8.73874306679	-1
8.74228405952	-1
8.74228405952	-1
8.74228405952	-1
8.74228405952	-1
8.74228405952	-1
8.74228405952	-1
8.74228405952	-1
8.74846887589	-1
8.74846887589	-1
8.74846887589	-1
8.74846887589	-1
8.74846887589	-1
8.74846887589	-1
8.74846887589	-1
8.74846887589	-1
8.76188492775	-1
8.76188492775	-1
8.7658188343	-1
8.7658188343	-1
8.7658188343	-1
8.7658188343	-1
8.7658188343	-1
8.7658188343	-1
8.7658188343	-1
8.77742505074	-1
8.81515288353	1
8.82395291328	-1
8.82395291328	-1
8.82395291328	-1
8.83609700203	-1
8.83609700203	-1
8.83609700203	-1
8.83609700203	-1
8.83609700203	-1
8.86141395569	-1
8.86141395569	-1
8.86141395569	-1
8.86141395569	-1
8.86141395569	-1
8.86141395569	-1
8.86141395569	-1
8.86141395569	-1
8.86141395569	-1
8.88145685196	-1
8.88145685196	-1
8.88145685196	-1
8.88145685196	-1
8.88145685196	-1
8.88145685196	-1
8.88145685196	-1
8.88145685196	-1
8.88705897331	-1
8.89231300354	-1
8.89231300354	-1
8.89231300354	-1
8.89231300354	-1
8.89661097527	-1
8.89661097527	-1
8.89661097527	-1
8.89661097527	-1
8.89661097527	-1
8.89661097527	-1
8.89661097527	-1
8.90021491051	-1
8.90021491051	-1
8.90021491051	-1
8.90021491051	-1
8.90021491051	-1
8.90021491051	-1
8.90021491051	-1
8.90397691727	-1
8.90470695496	1
8.90470695496	1
8.90470695496	1
8.90670394897	1
8.90670394897	1
8.91485786438	-1
8.91485786438	-1
8.91485786438	-1
8.91485786438	-1
8.91485786438	-1
8.91485786438	-1
8.9191570282	-1
8.9191570282	-1
8.92304897308	-1
8.92304897308	-1
8.92304897308	-1
8.92304897308	-1
8.92304897308	-1
8.92304897308	-1
8.92770886421	-1
8.92770886421	-1
8.99801206589	-1
9.00943899155	-1
9.00943899155	-1
9.00943899155	-1
9.00943899155	-1
9.00943899155	-1
9.00943899155	-1
9.05040788651	-1
9.05040788651	-1
9.05040788651	-1
9.05040788651	-1
9.05040788651	-1
9.05040788651	-1
9.05040788651	-1
9.06271696091	-1
9.06271696091	-1
9.07909798622	-1
9.07909798622	-1
9.07909798622	-1
9.07909798622	-1
9.07909798622	-1
9.07909798622	-1
9.08799791336	-1
9.08799791336	-1
9.09531593323	-1
9.09531593323	-1
9.09531593323	-1
9.09531593323	-1
9.09531593323	-1
9.09531593323	-1
9.10191297531	-1
9.10191297531	-1
9.12897205353	-1
9.12897205353	-1
9.12897205353	-1
9.12897205353	-1
9.12897205353	-1
9.12897205353	-1
9.12897205353	-1
9.12900400162	1
9.13669705391	-1
9.14311790466	-1
9.14311790466	-1
9.14311790466	-1
9.15613484383	-1
9.15613484383	-1
9.15613484383	-1
9.15613484383	-1
9.15613484383	-1
9.15613484383	-1
9.15613484383	-1
9.16993689537	-1
9.18287992477	-1
9.18287992477	-1
9.18287992477	-1
9.18287992477	-1
9.18287992477	-1
9.18287992477	-1
9.19687604904	-1
9.19687604904	-1
9.19687604904	-1
9.19687604904	-1
9.19687604904	-1
9.19687604904	-1
9.21133303642	-1
9.21133303642	-1
9.21133303642	-1
9.21133303642	-1
9.21133303642	-1
9.21133303642	-1
9.21133303642	-1
9.23015403748	-1
9.23015403748	-1
9.23015403748	-1
9.23015403748	-1
9.23015403748	-1
9.23015403748	-1
9.23015403748	-1
9.23015403748	-1
9.23015403748	-1
9.25110006332	-1
9.25110006332	-1
9.25110006332	-1
9.25110006332	-1
9.25110006332	-1
9.25110006332	-1
9.25110006332	-1
9.26424598694	-1
9.26424598694	-1
9.26427793503	1
9.26427793503	1
9.27042984962	-1
9.27737092972	-1
9.27737092972	-1
9.27737092972	-1
9.27737092972	-1
9.27737092972	-1
9.27737092972	-1
9.27737092972	-1
9.28229284286	-1
9.28229284286	-1
9.28229284286	-1
9.28229284286	-1
9.28229284286	-1
9.28229284286	-1
9.28670287132	-1
9.28670287132	-1
9.29180192947	-1
9.29180192947	-1
9.29180192947	-1
9.29180192947	-1
9.29180192947	-1
9.29180192947	-1
9.29180192947	-1
9.29861283302	-1
9.29861283302	-1
9.29861283302	-1
9.29861283302	-1
9.29861283302	-1
9.29861283302	-1
9.29861283302	-1
9.29861283302	-1
9.3020658493	-1
9.30923390388	-1
9.30923390388	-1
9.30923390388	-1
9.30923390388	-1
9.30923390388	-1
9.30923390388	-1
9.30923390388	-1
9.31271505356	-1
9.31660604477	-1
9.31660604477	-1
9.31660604477	-1
9.31660604477	-1
9.31660604477	-1
9.31660604477	-1
9.32006597519	-1
9.32006597519	-1
9.32311797142	-1
9.32311797142	-1
9.32311797142	-1
9.32311797142	-1
9.32311797142	-1
9.32311797142	-1
9.33697104454	-1
9.33697104454	-1
9.34290790558	-1
9.34290790558	-1
9.34290790558	-1
9.34290790558	-1
9.34290790558	-1
9.34290790558	-1
9.35589194298	-1
9.35589194298	-1
9.35589194298	-1
9.35994696617	-1
9.35994696617	-1
9.35994696617	-1
9.35994696617	-1
9.35994696617	-1
9.35994696617	-1
9.35994696617	-1
9.36508703232	-1
9.36508703232	-1
9.36508703232	-1
9.36508703232	-1
9.36508703232	-1
9.36508703232	-1
9.36508703232	-1
9.38437390327	-1
9.38979101181	-1
9.38979101181	-1
9.38979101181	-1
9.38979101181	-1
9.38979101181	-1
9.38979101181	-1
9.40089893341	-1
9.40089893341	-1
9.40089893341	-1
9.40089893341	-1
9.40089893341	-1
9.40089893341	-1
9.40089893341	-1
9.40089893341	-1
9.40089893341	-1
9.40094304085	1
9.40094304085	1
9.40730500221	-1
9.41336798668	-1
9.41336798668	-1
9.41336798668	-1
9.41336798668	-1
9.41336798668	-1
9.41336798668	-1
9.41336798668	-1
9.41336798668	-1
9.41656184196	-1
9.41656184196	-1
9.41656184196	-1
9.41656184196	-1
9.41656184196	-1
9.41656184196	-1
9.41656184196	-1
9.42378592491	-1
9.42378592491	-1
9.42378592491	-1
9.42378592491	-1
9.42378592491	-1
9.42378592491	-1
9.42378592491	-1
9.42378592491	-1
9.42983484268	-1
9.42983484268	-1
9.42983484268	-1
9.42983484268	-1
9.42983484268	-1
9.42983484268	-1
9.42983484268	-1
9.42983484268	-1
9.43571090698	-1
9.43571090698	-1
9.43841505051	-1
9.43841505051	-1
9.43841505051	-1
9.43841505051	-1
9.43841505051	-1
9.43841505051	-1
9.43841505051	-1
9.44185400009	-1
9.44185400009	-1
9.44185400009	-1
9.44185400009	-1
9.44185400009	-1
9.44185400009	-1
9.44185400009	-1
9.44816184044	-1
9.44816184044	-1
9.44816184044	-1
9.44816184044	-1
9.44816184044	-1
9.44816184044	-1
9.44816184044	-1
9.44816184044	-1
9.45289301872	-1
9.45289301872	-1
9.45289301872	-1
9.45289301872	-1
9.45559597015	-1
9.45633006096	1
9.45633006096	1
9.45633006096	1
9.45801305771	-1
9.45801305771	-1
9.45801305771	-1
9.45801305771	-1
9.45801305771	-1
9.46916484833	-1
9.46916484833	-1
9.46916484833	-1
9.46916484833	-1
9.46916484833	-1
9.46916484833	-1
9.46916484833	-1
9.47288203239	-1
9.47288203239	-1
9.47288203239	-1
9.47288203239	-1
9.47288203239	-1
9.47288203239	-1
9.47288203239	-1
9.47666883469	-1
9.47998595238	-1
9.47998595238	-1
9.47998595238	-1
9.47998595238	-1
9.47998595238	-1
9.47998595238	-1
9.47998595238	-1
9.48285293579	-1
9.48605489731	-1
9.48605489731	-1
9.48605489731	-1
9.48605489731	-1
9.48605489731	-1
9.48605489731	-1
9.48605489731	-1
9.48856592178	-1
9.49403500557	-1
9.49403500557	-1
9.49403500557	-1
9.49403500557	-1
9.49403500557	-1
9.49403500557	-1
9.49403500557	-1
9.49403500557	-1
9.49657297134	-1
9.49657297134	-1
9.49657297134	-1
9.49657297134	-1
9.49657297134	-1
9.49657297134	-1
9.49657297134	-1
9.50183701515	-1
9.50496888161	-1
9.50496888161	-1
9.50496888161	-1
9.50496888161	-1
9.50496888161	-1
9.50496888161	-1
9.50496888161	-1
9.51008892059	-1
9.51008892059	-1
9.51008892059	-1
9.51008892059	-1
9.51008892059	-1
9.51008892059	-1
9.51008892059	-1
9.51008892059	-1
9.51434898376	-1
9.51434898376	-1
9.51664185524	-1
9.51664185524	-1
9.51664185524	-1
9.51664185524	-1
9.51664185524	-1
9.51664185524	-1
9.51664185524	-1
9.51879191399	-1
9.51879191399	-1
9.51879191399	-1
9.51879191399	-1
9.51879191399	-1
9.51879191399	-1
9.51879191399	-1
9.5232758522	-1
9.5232758522	-1
9.5232758522	-1
9.5232758522	-1
9.5232758522	-1
9.5232758522	-1
9.5232758522	-1
9.5232758522	-1
9.53386497498	-1
9.53386497498	-1
9.53386497498	-1
9.53386497498	-1
9.53386497498	-1
9.53386497498	-1
9.53386497498	-1
9.53386497498	-1
9.53390598297	1
9.54480004311	-1
9.54480004311	-1
9.54944896698	-1
9.54944896698	-1
9.54944896698	-1
9.54944896698	-1
9.54944896698	-1
9.54944896698	-1
9.54944896698	-1
9.55348396301	-1
9.55348396301	-1
9.55348396301	-1
9.55348396301	-1
9.55348396301	-1
9.55348396301	-1
9.55348396301	-1
9.56025505066	-1
9.56025505066	-1
9.56025505066	-1
9.56025505066	-1
9.56025505066	-1
9.56025505066	-1
9.56025505066	-1
9.56025505066	-1
9.5650138855	-1
9.5650138855	-1
9.5650138855	-1
9.5650138855	-1
9.56747984886	-1
9.56747984886	-1
9.56747984886	-1
9.56747984886	-1
9.56747984886	-1
9.56747984886	-1
9.56747984886	-1
9.56747984886	-1
9.57105398178	-1
9.57105398178	-1
9.57105398178	-1
9.57105398178	-1
9.57105398178	-1
9.57105398178	-1
9.57105398178	-1
9.57105398178	-1
9.57467889786	-1
9.57467889786	-1
9.57467889786	-1
9.57467889786	-1
9.57467889786	-1
9.57467889786	-1
9.57467889786	-1
9.57467889786	-1
9.57599496841	1
9.57599496841	1
9.57599496841	1
9.57618188858	-1
9.57618188858	-1
9.57618188858	-1
9.57618188858	-1
9.57618188858	-1
9.57618188858	-1
9.57618188858	-1
9.57618188858	-1
9.5808839798	-1
9.5808839798	-1
9.5808839798	-1
9.5808839798	-1
9.5808839798	-1
9.5808839798	-1
9.5808839798	-1
9.5808839798	-1
9.58123493195	-1
9.58123493195	-1
9.58123493195	-1
9.58123493195	-1
9.58123493195	-1
9.58123493195	-1
9.58123493195	-1
9.58123493195	-1
9.59923505783	-1
9.59923505783	-1
9.59923505783	-1
9.59923505783	-1
9.59923505783	-1
9.59923505783	-1
9.59923505783	-1
9.59923505783	-1
9.59958291054	-1
9.59958291054	-1
9.59958291054	-1
9.59958291054	-1
9.59958291054	-1
9.5997068882	-1
9.5997068882	-1
9.5997068882	-1
9.5997068882	-1
9.5997068882	-1
9.5997068882	-1
9.5997068882	-1
9.5997068882	-1
9.60007500648	-1
9.60007500648	-1
9.60007500648	-1
9.6001188755	-1
9.61264801025	-1
9.61264801025	-1
9.61264801025	-1
9.61264801025	-1
9.61264801025	-1
9.61264801025	-1
9.61264801025	-1
9.61264801025	-1
9.61295294762	-1
9.61295294762	-1
9.61295294762	-1
9.61295294762	-1
9.61295294762	-1
9.61324286461	-1
9.61324286461	-1
9.61324286461	-1
9.61324286461	-1
9.61324286461	-1
9.61324286461	-1
9.61324286461	-1
9.61324286461	-1
9.61348795891	-1
9.61348795891	-1
9.61348795891	-1
9.61348795891	-1
9.61348795891	-1
9.61348795891	-1
9.61348795891	-1
9.61348795891	-1
9.61385798454	-1
9.61547589302	1
9.61547589302	1
9.62450385094	-1
9.62450385094	-1
9.62450385094	-1
9.62450385094	-1
9.62450385094	-1
9.62450385094	-1
9.62450385094	-1
9.62465286255	-1
9.62465286255	-1
9.62465286255	-1
9.62465286255	-1
9.62465286255	-1
9.62465286255	-1
9.62465286255	-1
9.62465286255	-1
9.63757300377	-1
9.63757300377	-1
9.63757300377	-1
9.63757300377	-1
9.63757300377	-1
9.63757300377	-1
9.63757300377	-1
9.63757300377	-1
9.63782501221	-1
9.63782501221	-1
9.63782501221	-1
9.63782501221	-1
9.63782501221	-1
9.63782501221	-1
9.63782501221	-1
9.63782501221	-1
9.64343190193	-1
9.64348292351	-1
9.64348292351	-1
9.64348292351	-1
9.64348292351	-1
9.64348292351	-1
9.64348292351	-1
9.64348292351	-1
9.64922189713	-1
9.64922189713	-1
9.64922189713	-1
9.64922189713	-1
9.64922189713	-1
9.64922189713	-1
9.64922189713	-1
9.64922189713	-1
9.64957404137	-1
9.64957404137	-1
9.64957404137	-1
9.64957404137	-1
9.64957404137	-1
9.64957404137	-1
9.64957404137	-1
9.64957404137	-1
9.65596103668	-1
9.65596103668	-1
9.65596103668	-1
9.65596103668	-1
9.65596103668	-1
9.65596103668	-1
9.65596103668	-1
9.65596103668	-1
9.6668138504	-1
9.6668138504	-1
9.66685795784	1
9.66687989235	-1
9.66687989235	-1
9.66687989235	-1
9.66687989235	-1
9.66687989235	-1
9.66687989235	-1
9.66687989235	-1
9.66687989235	-1
9.66759490967	-1
9.66759490967	-1
9.66759490967	-1
9.66759490967	-1
9.66759490967	-1
9.66759490967	-1
9.66759490967	-1
9.66759490967	-1
9.66759490967	-1
9.67834496498	-1
9.67834496498	-1
9.67834496498	-1
9.67834496498	-1
9.67834496498	-1
9.67834496498	-1
9.67834496498	-1
9.67834496498	-1
9.68614697456	-1
9.68614697456	-1
9.68614697456	-1
9.68614697456	-1
9.68614697456	-1
9.68614697456	-1
9.68614697456	-1
9.68614697456	-1
9.68628287315	-1
9.69280004501	-1
9.69280004501	-1
9.69280004501	-1
9.69280004501	-1
9.69280004501	-1
9.69280004501	-1
9.69280004501	-1
9.69302797318	-1
9.69302797318	-1
9.69302797318	-1
9.69302797318	-1
9.69302797318	-1
9.69302797318	-1
9.69302797318	-1
9.69302797318	-1
9.69335484505	-1
9.69335484505	-1
9.69335484505	-1
9.69335484505	-1
9.69335484505	-1
9.69335484505	-1
9.69335484505	-1
9.69335484505	-1
9.70041894913	-1
9.70041894913	-1
9.70041894913	-1
9.70041894913	-1
9.70041894913	-1
9.70041894913	-1
9.70041894913	-1
9.70041894913	-1
9.70076990128	-1
9.70089101791	-1
9.70089101791	-1
9.70089101791	-1
9.70089101791	-1
9.70089101791	-1
9.70729088783	-1
9.70729088783	-1
9.70729088783	-1
9.70729088783	-1
9.70729088783	-1
9.70729088783	-1
9.70729088783	-1
9.70729088783	-1
9.70766997337	-1
9.70766997337	-1
9.70766997337	-1
9.70766997337	-1
9.70766997337	-1
9.70766997337	-1
9.70766997337	-1
9.70766997337	-1
9.70803785324	-1
9.70803785324	-1
9.70803785324	-1
9.70803785324	-1
9.70803785324	-1
9.70803785324	-1
9.70803785324	-1
9.70803785324	-1
9.70840787888	-1
9.71075391769	1
9.71075391769	1
9.71075391769	1
9.71430206299	-1
9.71430206299	-1
9.71430206299	-1
9.71430206299	-1
9.71430206299	-1
9.71430206299	-1
9.71430206299	-1
9.71443605423	-1
9.73197484016	-1
9.73197484016	-1
9.73197484016	-1
9.73197484016	-1
9.73197484016	-1
9.73197484016	-1
9.73197484016	-1
9.73197484016	-1
9.73220300674	-1
9.73220300674	-1
9.73276996613	1
9.73276996613	1
9.73281097412	-1
9.73281097412	-1
9.73281097412	-1
9.73281097412	-1
9.73281097412	-1
9.73281097412	-1
9.73281097412	-1
9.74520492554	-1
9.74520492554	-1
9.74520492554	-1
9.74520492554	-1
9.74520492554	-1
9.74520492554	-1
9.74520492554	-1
9.74520492554	-1
9.74555897713	-1
9.74555897713	-1
9.74555897713	-1
9.74555897713	-1
9.74555897713	-1
9.74555897713	-1
9.74555897713	-1
9.74555897713	-1
9.74592494965	-1
9.74592494965	-1
9.74592494965	-1
9.74592494965	-1
9.74592494965	-1
9.74592494965	-1
9.74592494965	-1
9.74617004395	-1
9.74857592583	-1
9.74857592583	-1
9.74857592583	-1
9.74857592583	-1
9.74857592583	-1
9.74857592583	-1
9.74857592583	-1
9.74857592583	-1
9.75869703293	-1
9.75869703293	-1
9.75869703293	-1
9.75869703293	-1
9.75869703293	-1
9.75869703293	-1
9.75869703293	-1
9.77647995949	-1
9.77647995949	-1
9.77647995949	-1
9.77647995949	-1
9.77647995949	-1
9.77647995949	-1
9.77647995949	-1
9.77647995949	-1
9.81167006493	1
9.83004903793	-1
9.83004903793	-1
9.83004903793	-1
9.83004903793	-1
9.83004903793	-1
9.83004903793	-1
9.83004903793	-1
9.83004903793	-1
9.84319496155	-1
9.85087585449	-1
9.85087585449	-1
9.85087585449	-1
9.85087585449	-1
9.85087585449	-1
9.85087585449	-1
9.85087585449	-1
9.85769295692	-1
9.88231086731	1
9.88231086731	1
9.88231086731	1
9.88245892525	1
9.88245892525	1
9.88245892525	1
9.88327288628	1
9.88327288628	1
9.88383483887	1
9.88383483887	1
9.88383483887	1
9.89648604393	-1
9.89648604393	-1
9.9100830555	-1
9.9100830555	-1
9.9100830555	-1
9.9100830555	-1
9.9100830555	-1
9.92298293114	-1
9.93050503731	1
9.93050503731	1
9.9465918541	-1
9.9465918541	-1
9.9465918541	-1
9.9465918541	-1
9.9465918541	-1
9.9465918541	-1
9.9465918541	-1
10.0768640041	-1
10.0769338608	1
10.1362428665	-1
10.1362428665	-1
10.1362428665	-1
10.1362428665	-1
10.1362428665	-1
10.1362428665	-1
10.1362428665	-1
10.1362428665	-1
10.1566469669	1
10.1566469669	1
10.1566469669	1
10.1634829044	-1
10.1634829044	-1
10.1634829044	-1
10.1710469723	-1
10.1710469723	-1
10.1710469723	-1
10.1710469723	-1
10.1710469723	-1
10.1787259579	-1
10.1795389652	1
10.1795389652	1
10.1854660511	-1
10.1854660511	-1
10.2055468559	-1
10.2055468559	-1
10.2055468559	-1
10.2055468559	-1
10.2055468559	-1
10.2055468559	-1
10.2055468559	-1
10.2055468559	-1
10.2133069038	-1
10.2133069038	-1
10.2133069038	-1
10.2133069038	-1
10.2133069038	-1
10.2133069038	-1
10.2133069038	-1
10.2255730629	-1
10.2255730629	-1
10.3278050423	-1
10.3278050423	-1
10.3291919231	1
10.3291919231	1
10.3291919231	1
10.3421988487	-1
10.3441870213	1
10.3441870213	1
10.3441870213	1
10.3441870213	1
10.4748709202	-1
10.4748709202	-1
10.4774129391	1
10.4774129391	1
10.4774129391	1
10.515182972	-1
10.515182972	-1
10.515182972	-1
10.540902853	-1
10.540902853	-1
10.540902853	-1
10.5558400154	-1
10.5558400154	-1
10.5558400154	-1
10.5558400154	-1
10.5558400154	-1
10.5558400154	-1
10.5618789196	-1
10.5618789196	-1
10.5618789196	-1
10.5618789196	-1
10.5618789196	-1
10.5618789196	-1
10.5618789196	-1
10.5716888905	-1
10.5716888905	-1
10.5716888905	-1
10.5730140209	1
10.5730140209	1
10.5745358467	1
10.5745358467	1
10.5745358467	1
10.5745358467	1
10.5745358467	1
10.5745358467	1
10.5800788403	-1
10.5800788403	-1
10.5843589306	-1
10.5843589306	-1
10.5843589306	-1
10.5843589306	-1
10.5843589306	-1
10.586425066	-1
10.5894980431	-1
10.5894980431	-1
10.5894980431	-1
10.5894980431	-1
10.5894980431	-1
10.5894980431	-1
10.5894980431	-1
10.5920369625	-1
10.5949859619	-1
10.5949859619	-1
10.5949859619	-1
10.5949859619	-1
10.5949859619	-1
10.5949859619	-1
10.5949859619	-1
10.5977509022	-1
10.6076729298	-1
10.6076729298	-1
10.6077070236	1
10.6112878323	-1
10.6112878323	-1
10.6112878323	-1
10.6112878323	-1
10.6112878323	-1
10.6112878323	-1
10.6112878323	-1
10.6182229519	-1
10.6183359623	-1
10.6183359623	-1
10.6183359623	-1
10.6183359623	-1
10.6183359623	-1
10.6183359623	-1
10.6183359623	-1
10.6198129654	-1
10.6198129654	-1
10.6248369217	-1
10.6248369217	-1
10.6248369217	-1
10.6248369217	-1
10.6248369217	-1
10.6248369217	-1
10.6248369217	-1
10.6248369217	-1
10.6275119781	-1
10.6275119781	-1
10.6275119781	-1
10.6275119781	-1
10.6275119781	-1
10.6275119781	-1
10.6275119781	-1
10.6286308765	1
10.6286308765	1
10.6286308765	1
10.6293559074	-1
10.6320719719	-1
10.6320719719	-1
10.6320719719	-1
10.6320719719	-1
10.6320719719	-1
10.6320719719	-1
10.6320719719	-1
10.6341190338	-1
10.6415529251	-1
10.6415529251	-1
10.6415529251	-1
10.6415529251	-1
10.6415529251	-1
10.6415529251	-1
10.6462209225	-1
10.6462209225	-1
10.6517519951	-1
10.6517519951	-1
10.6517519951	-1
10.6517519951	-1
10.6517519951	-1
10.6517519951	-1
10.6517519951	-1
10.6595759392	-1
10.6595759392	-1
10.6625058651	-1
10.6625058651	-1
10.6625058651	-1
10.6625058651	-1
10.6625058651	-1
10.6625058651	-1
10.6625058651	-1
10.6653490067	-1
10.6703469753	-1
10.6703469753	-1
10.6703469753	-1
10.674505949	-1
10.674505949	-1
10.674505949	-1
10.674505949	-1
10.674505949	-1
10.674505949	-1
10.6766569614	-1
10.6919548512	-1
10.6919548512	-1
10.6919548512	-1
10.69785285	-1
10.69785285	-1
10.69785285	-1
10.69785285	-1
10.69785285	-1
10.69785285	-1
10.69785285	-1
10.69785285	-1
10.6997768879	-1
10.6997768879	-1
10.6997768879	-1
10.6997768879	-1
10.6997768879	-1
10.6997768879	-1
10.6997768879	-1
10.7019338608	-1
10.7040219307	-1
10.7040219307	-1
10.7040219307	-1
10.7040219307	-1
10.7040219307	-1
10.7040219307	-1
10.7040219307	-1
10.7058029175	-1
10.7076990604	-1
10.7076990604	-1
10.7076990604	-1
10.7076990604	-1
10.7076990604	-1
10.7076990604	-1
10.7116749287	-1
10.7116749287	-1
10.7116749287	-1
10.7116749287	-1
10.7116749287	-1
10.7116749287	-1
10.7116749287	-1
10.7116749287	-1
10.7361159325	1
10.7361159325	1
10.7377250195	-1
10.7377250195	-1
10.7402830124	-1
10.7403039932	1
10.7403039932	1
10.7424340248	-1
10.7424340248	-1
10.7424340248	-1
10.7424340248	-1
10.7424340248	-1
10.7424340248	-1
10.7424340248	-1
10.7448048592	-1
10.7448048592	-1
10.7448048592	-1
10.7448048592	-1
10.7448048592	-1
10.7448048592	-1
10.7448048592	-1
10.7469768524	-1
10.7469768524	-1
10.7469768524	-1
10.7469768524	-1
10.7469768524	-1
10.7469768524	-1
10.7469768524	-1
10.7511749268	-1
10.7526929379	-1
10.7526929379	-1
10.7526929379	-1
10.7526929379	-1
10.7526929379	-1
10.7554450035	-1
10.759693861	-1
10.759693861	-1
10.759693861	-1
10.759693861	-1
10.759693861	-1
10.759693861	-1
10.759693861	-1
10.7656970024	-1
10.7667410374	1
10.7667410374	1
10.7667410374	1
10.7805240154	1
10.7805240154	1
10.8317909241	-1
10.8317909241	-1
10.834307909	-1
10.834307909	-1
10.834307909	-1
10.834307909	-1
10.834307909	-1
10.834307909	-1
10.834307909	-1
10.834307909	-1
10.8368868828	-1
10.8368868828	-1
10.8368868828	-1
10.8368868828	-1
10.8423140049	-1
10.8423140049	-1
10.8423140049	-1
10.8423140049	-1
10.8423140049	-1
10.8423140049	-1
10.8441159725	-1
10.8463270664	-1
10.8463270664	-1
10.8463270664	-1
10.8463270664	-1
10.8463270664	-1
10.8463270664	-1
10.8463270664	-1
10.8579390049	-1
10.8579390049	-1
10.8607449532	-1
10.8607449532	-1
10.8607449532	-1
10.8607449532	-1
10.8607449532	-1
10.8607449532	-1
10.8607449532	-1
10.8637549877	-1
10.8696119785	-1
10.8696119785	-1
10.8696119785	-1
10.8696119785	-1
10.8696119785	-1
10.8696119785	-1
10.8730728626	-1
10.8730900288	1
10.8730900288	1
10.8751609325	-1
10.8751609325	-1
10.8751609325	-1
10.8751609325	-1
10.8751609325	-1
10.8751609325	-1
10.8751609325	-1
10.8780078888	-1
10.8780078888	-1
10.8780078888	-1
10.8780078888	-1
10.8860559464	-1
10.8860559464	-1
10.8860559464	-1
10.8860559464	-1
10.8860559464	-1
10.8860559464	-1
10.8882060051	-1
10.8882060051	-1
10.8946368694	-1
10.8946368694	-1
10.8946368694	-1
10.8946368694	-1
10.8946368694	-1
10.896258831	1
10.896258831	1
10.896258831	1
10.8967490196	-1
10.9228088856	-1
10.9228088856	-1
10.9341330528	-1
10.9341330528	-1
10.9341330528	-1
10.9341330528	-1
10.9341330528	-1
10.9341330528	-1
10.9341330528	-1
10.9341330528	-1
10.9341430664	1
10.9341430664	1
10.9700808525	-1
10.9700808525	-1
10.9700808525	-1
10.9700808525	-1
10.9700808525	-1
10.9700808525	-1
10.9700808525	-1
10.9700808525	-1
10.9873428345	-1
10.9873428345	-1
11.0210039616	-1
11.0210039616	-1
11.0210039616	-1
11.0519678593	-1
11.0519678593	-1
11.0519678593	-1
11.0519678593	-1
11.0663309097	-1
11.0677928925	1
11.0677928925	1
11.0677928925	1
11.0801670551	-1
11.0801670551	-1
11.0801670551	-1
11.0801670551	-1
11.0801670551	-1
11.0852839947	-1
11.1076359749	-1
11.1076359749	-1
11.1076359749	-1
11.1076359749	-1
11.1076359749	-1
11.1076359749	-1
11.1201019287	-1
11.1211569309	1
11.1211569309	1
11.123128891	-1
11.123128891	-1
11.123128891	-1
11.123128891	-1
11.123128891	-1
11.123128891	-1
11.123128891	-1
11.1337368488	-1
11.1337368488	-1
11.1337368488	-1
11.1337368488	-1
11.1337368488	-1
11.1337368488	-1
11.1337368488	-1
11.1384060383	-1
11.1384179592	1
11.1384179592	1
11.144630909	-1
11.144630909	-1
11.144630909	-1
11.144630909	-1
11.144630909	-1
11.144630909	-1
11.144630909	-1
11.144630909	-1
11.1475598812	-1
11.1475598812	-1
11.1475598812	-1
11.1475598812	-1
11.1475598812	-1
11.1475598812	-1
11.1475598812	-1
11.156211853	-1
11.156211853	-1
11.156211853	-1
11.156211853	-1
11.156211853	-1
11.156211853	-1
11.156211853	-1
11.156211853	-1
11.1774990559	-1
11.1774990559	-1
11.1814000607	-1
11.1814000607	-1
11.1814000607	-1
11.1814000607	-1
11.1814000607	-1
11.1890928745	-1
11.1890928745	-1
11.1890928745	-1
11.1890928745	-1
11.1890928745	-1
11.1890928745	-1
11.2033209801	-1
11.2033209801	-1
11.2033209801	-1
11.2181529999	-1
11.2181529999	-1
11.2181529999	-1
11.2181529999	-1
11.2181529999	-1
11.2181529999	-1
11.2181529999	-1
11.2181529999	-1
11.232118845	-1
11.232118845	-1
11.2369890213	-1
11.2369890213	-1
11.2369890213	-1
11.2369890213	-1
11.2369890213	-1
11.2369890213	-1
11.2369890213	-1
11.2408800125	-1
11.2713429928	-1
11.2713429928	-1
11.2713620663	1
11.3200409412	-1
11.3200409412	-1
11.3200409412	-1
11.32593894	-1
11.32593894	-1
11.32593894	-1
11.32593894	-1
11.32593894	-1
11.32593894	-1
11.3456389904	-1
11.3456389904	-1
11.3456389904	-1
11.3456389904	-1
11.3456389904	-1
11.3456389904	-1
11.3456389904	-1
11.3613598347	-1
11.3762469292	-1
11.3762469292	-1
11.3762469292	-1
11.3762469292	-1
11.3762469292	-1
11.388491869	-1
11.388491869	-1
11.388491869	-1
11.388491869	-1
11.388491869	-1
11.388491869	-1
11.3980779648	-1
11.3980779648	-1
11.3980779648	-1
11.3980779648	-1
11.3980779648	-1
11.3980779648	-1
11.3980779648	-1
11.3998539448	1
11.3998539448	1
11.3998539448	1
11.4041588306	1
11.4158699512	-1
11.4158699512	-1
11.4158699512	-1
11.4158699512	-1
11.4158699512	-1
11.4158699512	-1
11.4158699512	-1
11.4158699512	-1
11.4213218689	-1
11.43897295	-1
11.43897295	-1
11.43897295	-1
11.43897295	-1
11.43897295	-1
11.43897295	-1
11.43897295	-1
11.43897295	-1
11.4453828335	-1
11.4453828335	-1
11.4453828335	-1
11.4453828335	-1
11.4453828335	-1
11.4453828335	-1
11.4453828335	-1
11.4506449699	-1
11.4581398964	-1
11.4581398964	-1
11.4581398964	-1
11.4581398964	-1
11.4581398964	-1
11.4581398964	-1
11.4581398964	-1
11.4622559547	-1
11.4701640606	-1
11.4701640606	-1
11.4701640606	-1
11.4739370346	-1
11.4739370346	-1
11.4739370346	-1
11.4739370346	-1
11.4739370346	-1
11.4739370346	-1
11.4739370346	-1
11.4772059917	-1
11.4805040359	-1
11.4805040359	-1
11.4805040359	-1
11.4805040359	-1
11.4805040359	-1
11.4805040359	-1
11.4805040359	-1
11.4832689762	-1
11.4832689762	-1
11.4832689762	-1
11.4832689762	-1
11.4832689762	-1
11.4832689762	-1
11.4832689762	-1
11.4980168343	-1
11.4980168343	-1
11.4980168343	-1
11.4980168343	-1
11.4980168343	-1
11.5069298744	1
11.5069298744	1
11.5069298744	1
11.5069298744	1
11.5442140102	-1
11.5442140102	-1
11.5442140102	-1
11.5442140102	-1
11.5442140102	-1
11.5442140102	-1
11.5442140102	-1
11.5442140102	-1
11.5442140102	-1
11.5466148853	-1
11.5466148853	-1
11.5466148853	-1
11.5466148853	-1
11.5466148853	-1
11.5466148853	-1
11.5466148853	-1
11.5488400459	-1
11.5488400459	-1
11.5488400459	-1
11.5488400459	-1
11.5488400459	-1
11.5488400459	-1
11.5488400459	-1
11.5620908737	-1
11.5620908737	-1
11.5737428665	-1
11.5737428665	-1
11.5737428665	-1
11.5737428665	-1
11.5737428665	-1
11.5737428665	-1
11.5966169834	-1
11.5966169834	-1
11.5966169834	-1
11.5966169834	-1
11.5966169834	-1
11.5966169834	-1
11.5966169834	-1
11.6189198494	-1
11.6189198494	-1
11.6189198494	-1
11.6189198494	-1
11.6189198494	-1
11.6189198494	-1
11.6683390141	-1
11.6683390141	-1
11.6683390141	-1
11.6694509983	1
11.7299540043	-1
11.7299540043	-1
11.7299540043	-1
11.7299540043	-1
11.7299540043	-1
11.7299540043	-1
11.7299540043	-1
11.7299540043	-1
11.7555348873	-1
11.7555348873	-1
11.7555348873	-1
11.7555348873	-1
11.7555348873	-1
11.7555348873	-1
11.7555348873	-1
11.8008320332	-1
11.8008320332	-1
11.8008320332	-1
11.8008320332	-1
11.8008320332	-1
11.8008320332	-1
11.8008320332	-1
11.8008320332	-1
11.8019118309	1
11.8338239193	-1
11.8338239193	-1
11.8338239193	-1
11.8603408337	-1
11.8603408337	-1
11.8603408337	-1
11.8603408337	-1
11.8603408337	-1
11.8603408337	-1
11.8603408337	-1
11.8603408337	-1
11.8692510128	-1
11.8692510128	-1
11.8692510128	-1
11.8692510128	-1
11.9099519253	-1
11.9099519253	-1
11.9292938709	1
11.9292938709	1
11.9292938709	1
12.0524339676	-1
12.0524339676	-1
12.0524339676	-1
12.0524339676	-1
12.0524339676	-1
12.0524339676	-1
12.0524339676	-1
12.0524339676	-1
12.0684790611	1
12.070348978	-1
12.070348978	-1
12.070348978	-1
12.070348978	-1
12.070348978	-1
12.070348978	-1
12.070348978	-1
12.0929329395	-1
12.0929329395	-1
12.0929329395	-1
12.1005148888	-1
12.1128630638	-1
12.1128630638	-1
12.1128630638	-1
12.1128630638	-1
12.1128630638	-1
12.1128630638	-1
12.1238808632	-1
12.1238808632	-1
12.1283869743	-1
12.1283869743	-1
12.1283869743	-1
12.1283869743	-1
12.1283869743	-1
12.1283869743	-1
12.1283869743	-1
12.132256031	-1
12.132256031	-1
12.132256031	-1
12.132256031	-1
12.132256031	-1
12.132256031	-1
12.132256031	-1
12.1363708973	-1
12.1363708973	-1
12.1363708973	-1
12.1363708973	-1
12.1363708973	-1
12.1363708973	-1
12.1363708973	-1
12.1403460503	-1
12.1602299213	-1
12.1602299213	-1
12.1602299213	-1
12.1602299213	-1
12.1602299213	-1
12.1602299213	-1
12.2012879848	-1
12.2013299465	1
12.2061259747	1
12.2061259747	1
12.2061259747	1
12.4373500347	-1
12.6081619263	-1
12.6081619263	-1
12.6221680641	1
12.7608709335	-1
12.7609159946	1
13.1014299393	-1
13.1628909111	1
13.1707799435	1
13.1707799435	1
13.1707799435	1
13.2284970284	1
13.2284970284	1
13.2284970284	1
13.2284970284	1
13.2284970284	1
13.2315979004	1
13.2315979004	1
13.2315979004	1
13.2315979004	1
13.2315979004	1
13.2315979004	1
13.2315979004	1
13.2315979004	1
13.2315979004	1
13.2317759991	1
13.2317759991	1
13.2317759991	1
13.2317759991	1
13.2317759991	1
13.6384449005	-1
13.771062851	-1
