0.0	1
0.335749149323	1
0.687361955643	-1
0.68859910965	1
1.32262802124	-1
1.32345294952	1
1.3292081356	1
1.3292081356	1
1.3292081356	1
1.32938814163	1
1.32938814163	1
1.32938814163	1
2.77671599388	-1
2.7784280777	1
2.82936310768	-1
2.82936310768	-1
2.82936310768	-1
2.91379308701	1
2.91379308701	1
3.04944515228	-1
3.04944515228	-1
3.0510289669	1
3.22586417198	1
4.75952410698	-1
4.76337504387	-1
4.76337504387	-1
4.76337504387	-1
4.76337504387	-1
4.76337504387	-1
4.76337504387	-1
4.76337504387	-1
4.77862405777	-1
4.77862405777	-1
4.78075003624	-1
4.78075003624	-1
4.78075003624	-1
4.78075003624	-1
4.78075003624	-1
4.78075003624	-1
4.78075003624	-1
4.80502605438	-1
4.81871199608	1
4.82832598686	-1
4.82832598686	-1
4.82832598686	-1
4.82832598686	-1
4.82832598686	-1
4.82832598686	-1
4.82832598686	-1
4.828551054	-1
4.84458112717	1
4.84458112717	1
4.84458112717	1
4.84880304337	1
4.84880304337	1
4.89894413948	-1
4.89894413948	-1
4.89894413948	-1
4.89894413948	-1
4.89894413948	-1
4.89894413948	-1
4.89894413948	-1
4.89909410477	-1
4.89916610718	-1
4.89916610718	-1
4.90219497681	1
4.90219497681	1
4.90219497681	1
4.9023809433	1
4.9023809433	1
4.9023809433	1
4.9023809433	1
4.9023809433	1
4.9023809433	1
5.08906698227	1
5.20173001289	-1
5.21506404877	-1
5.21506404877	-1
5.21506404877	-1
5.22440004349	1
5.22440004349	1
5.2279419899	-1
5.2279419899	-1
5.2279419899	-1
5.23249006271	-1
5.23249006271	-1
5.25730895996	-1
5.25730895996	-1
5.25730895996	-1
5.25730895996	-1
5.25730895996	-1
5.25730895996	-1
5.25730895996	-1
5.25730895996	-1
5.35031700134	-1
5.45274615288	-1
5.45274615288	-1
5.45274615288	-1
5.45274615288	-1
5.45274615288	-1
5.45274615288	-1
5.45274615288	-1
5.45274615288	-1
5.52508807182	-1
6.48038506508	-1
6.48324298859	-1
6.48324298859	-1
6.48324298859	-1
6.48324298859	-1
6.48324298859	-1
6.48324298859	-1
6.48324298859	-1
6.49257993698	-1
6.49257993698	-1
6.49257993698	-1
6.49257993698	-1
6.49257993698	-1
6.49257993698	-1
6.49257993698	-1
6.49257993698	-1
6.50944399834	-1
6.50944399834	-1
6.50944399834	-1
6.50944399834	-1
6.50944399834	-1
6.50944399834	-1
6.50944399834	-1
6.50944399834	-1
6.53071403503	-1
6.53071403503	-1
6.53071403503	-1
6.53071403503	-1
6.53071403503	-1
6.53071403503	-1
6.61892795563	-1
6.61910200119	-1
6.61910200119	-1
6.61910200119	-1
6.61910200119	-1
6.61910200119	-1
6.61910200119	-1
6.61910200119	-1
6.62794709206	-1
6.62794709206	-1
6.62794709206	-1
6.62794709206	-1
6.62794709206	-1
6.62794709206	-1
6.62794709206	-1
6.62819910049	-1
6.62819910049	-1
6.62819910049	-1
6.62819910049	-1
6.62819910049	-1
6.62819910049	-1
6.62819910049	-1
6.62819910049	-1
6.62819910049	-1
6.62968802452	1
6.66353607178	-1
6.66353607178	-1
6.66353607178	-1
6.66353607178	-1
6.66353607178	-1
6.66353607178	-1
6.66353607178	-1
6.66353607178	-1
6.66353607178	-1
6.75431013107	-1
6.75431013107	-1
6.75431013107	-1
6.75431013107	-1
6.75431013107	-1
6.75431013107	-1
6.75431013107	-1
6.75431013107	-1
6.75466895103	-1
6.75466895103	-1
6.75466895103	-1
6.75466895103	-1
6.75466895103	-1
6.75466895103	-1
6.75466895103	-1
6.75466895103	-1
6.75503706932	-1
6.75503706932	-1
6.75503706932	-1
6.75503706932	-1
6.75503706932	-1
6.76845002174	-1
6.76849007607	1
6.77361011505	-1
6.77361011505	-1
6.77361011505	-1
6.77361011505	-1
6.77361011505	-1
6.77361011505	-1
6.77361011505	-1
6.77361011505	-1
6.77985596657	-1
6.77985596657	-1
6.77985596657	-1
6.77985596657	-1
6.77985596657	-1
6.77985596657	-1
6.77985596657	-1
6.77985596657	-1
6.78020501137	-1
6.78020501137	-1
6.78020501137	-1
6.78020501137	-1
6.78020501137	-1
6.78020501137	-1
6.7804710865	-1
6.78357696533	1
6.78357696533	1
6.78357696533	1
6.79113912582	-1
6.79113912582	-1
6.79113912582	-1
6.79113912582	-1
6.79113912582	-1
6.79113912582	-1
6.79113912582	-1
6.8173930645	-1
6.8173930645	-1
6.8173930645	-1
6.8173930645	-1
6.8173930645	-1
6.8173930645	-1
6.8173930645	-1
6.8173930645	-1
6.81774306297	-1
6.81774306297	-1
6.85589313507	-1
6.85589313507	-1
6.85589313507	-1
6.85589313507	-1
6.85589313507	-1
6.85589313507	-1
6.85589313507	-1
6.90439605713	-1
6.9046151638	-1
6.9046151638	-1
6.9046151638	-1
6.9046151638	-1
6.9046151638	-1
6.9046151638	-1
6.9046151638	-1
6.90485906601	-1
6.90485906601	-1
6.90485906601	-1
6.90485906601	-1
6.90485906601	-1
6.90485906601	-1
6.90485906601	-1
6.90522813797	-1
6.90522813797	-1
6.90522813797	-1
6.90522813797	-1
6.90522813797	-1
6.90522813797	-1
6.90522813797	-1
6.90522813797	-1
6.91626000404	-1
6.91626000404	-1
6.92139601707	-1
6.92139601707	-1
6.92139601707	-1
6.92139601707	-1
6.92139601707	-1
6.92139601707	-1
6.95957899094	-1
6.95957899094	-1
6.95957899094	-1
6.95957899094	-1
6.95957899094	-1
6.95957899094	-1
6.95957899094	-1
6.95957899094	-1
6.99303913116	-1
6.99303913116	-1
6.99303913116	-1
6.99303913116	-1
6.99303913116	-1
6.99303913116	-1
6.99303913116	-1
6.99303913116	-1
7.05157113075	1
7.05157113075	1
7.0872631073	-1
7.0872631073	-1
7.0872631073	-1
7.11245203018	-1
7.11245203018	-1
7.1570930481	-1
7.1570930481	-1
7.1570930481	-1
7.1570930481	-1
7.1570930481	-1
7.1570930481	-1
7.1570930481	-1
7.1570930481	-1
7.1570930481	-1
7.15877795219	1
7.15877795219	1
7.15877795219	1
7.17382311821	-1
7.17382311821	-1
7.17382311821	-1
7.17382311821	-1
7.17382311821	-1
7.17382311821	-1
7.17382311821	-1
7.17382311821	-1
7.17858695984	-1
7.17858695984	-1
7.17858695984	-1
7.17858695984	-1
7.17858695984	-1
7.17858695984	-1
7.17858695984	-1
7.18729710579	1
7.20321202278	-1
7.20321202278	-1
7.20321202278	-1
7.20321202278	-1
7.20321202278	-1
7.20321202278	-1
7.20321202278	-1
7.20321202278	-1
7.20941495895	-1
7.22561502457	-1
7.22561502457	-1
7.22837901115	-1
7.22837901115	-1
7.22837901115	-1
7.22837901115	-1
7.22837901115	-1
7.22837901115	-1
7.23237204552	-1
7.23237204552	-1
7.23237204552	-1
7.23237204552	-1
7.23237204552	-1
7.23237204552	-1
7.23237204552	-1
7.24868011475	-1
7.24879407883	-1
7.24879407883	-1
7.24879407883	-1
7.24879407883	-1
7.24879407883	-1
7.24879407883	-1
7.24879407883	-1
7.24903798103	-1
7.27281999588	-1
7.27281999588	-1
7.27281999588	-1
7.27281999588	-1
7.27281999588	-1
7.27281999588	-1
7.27281999588	-1
7.27281999588	-1
7.29310417175	-1
7.29310417175	-1
7.29310417175	-1
7.29310417175	-1
7.29310417175	-1
7.29310417175	-1
7.29310417175	-1
7.29310417175	-1
7.2947511673	1
7.2947511673	1
7.2947511673	1
7.31405711174	-1
7.31405711174	-1
7.31405711174	-1
7.31405711174	-1
7.31405711174	-1
7.31405711174	-1
7.31405711174	-1
7.31405711174	-1
7.31428909302	-1
7.35135412216	-1
7.35135412216	-1
7.35135412216	-1
7.35135412216	-1
7.35135412216	-1
7.35135412216	-1
7.35135412216	-1
7.35135412216	-1
7.35533905029	1
7.35533905029	1
7.35533905029	1
7.35533905029	1
7.37669301033	-1
7.3812789917	-1
7.3812789917	-1
7.3812789917	-1
7.3812789917	-1
7.3812789917	-1
7.3812789917	-1
7.41256713867	-1
7.41256713867	-1
7.41883611679	-1
7.41883611679	-1
7.41883611679	-1
7.41883611679	-1
7.41883611679	-1
7.41883611679	-1
7.42399406433	-1
7.42399406433	-1
7.42399406433	-1
7.42399406433	-1
7.42399406433	-1
7.42399406433	-1
7.42399406433	-1
7.4376809597	-1
7.4376809597	-1
7.4376809597	-1
7.4376809597	-1
7.4376809597	-1
7.4376809597	-1
7.4376809597	-1
7.4376809597	-1
7.44320201874	-1
7.44739794731	-1
7.44739794731	-1
7.44739794731	-1
7.45823407173	-1
7.45827794075	1
7.46077108383	-1
7.46077108383	-1
7.46077108383	-1
7.46077108383	-1
7.46077108383	-1
7.46077108383	-1
7.46077108383	-1
7.46904611588	-1
7.46904611588	-1
7.46904611588	-1
7.46904611588	-1
7.49054694176	-1
7.49054694176	-1
7.49054694176	-1
7.49054694176	-1
7.49054694176	-1
7.49054694176	-1
7.49054694176	-1
7.49054694176	-1
7.4935541153	-1
7.4935541153	-1
7.4935541153	-1
7.4935541153	-1
7.50671100616	-1
7.50671100616	-1
7.50671100616	-1
7.50671100616	-1
7.50671100616	-1
7.50671100616	-1
7.50671100616	-1
7.50671100616	-1
7.52659511566	-1
7.52659511566	-1
7.52659511566	-1
7.52659511566	-1
7.52659511566	-1
7.52659511566	-1
7.52659511566	-1
7.52659511566	-1
7.52695393562	-1
7.52695393562	-1
7.52695393562	-1
7.52695393562	-1
7.52695393562	-1
7.52695393562	-1
7.52695393562	-1
7.5271999836	-1
7.52732300758	-1
7.52732300758	-1
7.52732300758	-1
7.52732300758	-1
7.52732300758	-1
7.52732300758	-1
7.52732300758	-1
7.52732300758	-1
7.52976703644	1
7.52976703644	1
7.52976703644	1
7.56762909889	-1
7.56762909889	-1
7.56762909889	-1
7.56762909889	-1
7.56762909889	-1
7.56762909889	-1
7.56762909889	-1
7.56762909889	-1
7.56797814369	-1
7.56797814369	-1
7.56797814369	-1
7.56797814369	-1
7.56797814369	-1
7.56797814369	-1
7.56797814369	-1
7.56797814369	-1
7.56797814369	-1
7.56834697723	-1
7.56834697723	-1
7.56834697723	-1
7.56834697723	-1
7.56834697723	-1
7.56834697723	-1
7.56834697723	-1
7.56834697723	-1
7.57931995392	-1
7.57931995392	-1
7.57931995392	-1
7.57931995392	-1
7.57931995392	-1
7.57931995392	-1
7.58093595505	1
7.58093595505	1
7.59400415421	-1
7.59400415421	-1
7.59400415421	-1
7.59400415421	-1
7.59400415421	-1
7.59400415421	-1
7.59400415421	-1
7.59435510635	-1
7.59435510635	-1
7.59435510635	-1
7.59435510635	-1
7.59435510635	-1
7.59435510635	-1
7.59435510635	-1
7.60459399223	-1
7.60459399223	-1
7.60459399223	-1
7.60459399223	-1
7.60459399223	-1
7.60459399223	-1
7.60459399223	-1
7.60459399223	-1
7.60496211052	-1
7.60496211052	-1
7.60496211052	-1
7.60496211052	-1
7.60496211052	-1
7.60496211052	-1
7.60496211052	-1
7.63917803764	-1
7.63917803764	-1
7.63917803764	-1
7.63938593864	-1
7.63938593864	-1
7.662733078	-1
7.662733078	-1
7.662733078	-1
7.662733078	-1
7.662733078	-1
7.662733078	-1
7.662733078	-1
7.662733078	-1
7.662733078	-1
7.66307997704	-1
7.66307997704	-1
7.66307997704	-1
7.66307997704	-1
7.66307997704	-1
7.66307997704	-1
7.66307997704	-1
7.66326594353	-1
7.663449049	-1
7.663449049	-1
7.663449049	-1
7.663449049	-1
7.663449049	-1
7.663449049	-1
7.66369509697	-1
7.66369509697	-1
7.66369509697	-1
7.66369509697	-1
7.66369509697	-1
7.66513395309	1
7.66513395309	1
7.66513395309	1
7.70316696167	-1
7.70316696167	-1
7.70316696167	-1
7.70316696167	-1
7.70316696167	-1
7.70316696167	-1
7.70316696167	-1
7.70316696167	-1
7.70424199104	1
7.70424199104	1
7.73438215256	1
7.74501109123	-1
7.74501109123	-1
7.74513411522	-1
7.74513411522	-1
7.74513411522	-1
7.74513411522	-1
7.74513411522	-1
7.74513411522	-1
7.74513411522	-1
7.76359510422	-1
7.76359510422	-1
7.76359510422	-1
7.76359510422	-1
7.76359510422	-1
7.76359510422	-1
7.76359510422	-1
7.76359510422	-1
7.76721906662	-1
7.76721906662	-1
7.76721906662	-1
7.76721906662	-1
7.76721906662	-1
7.76721906662	-1
7.76721906662	-1
7.77407407761	-1
7.77407407761	-1
7.77407407761	-1
7.77407407761	-1
7.77927494049	-1
7.77927494049	-1
7.77927494049	-1
7.77927494049	-1
7.77927494049	-1
7.77927494049	-1
7.77927494049	-1
7.77927494049	-1
7.78533601761	-1
7.78756308556	-1
7.78756308556	-1
7.78756308556	-1
7.78756308556	-1
7.78756308556	-1
7.78756308556	-1
7.78756308556	-1
7.79844212532	-1
7.79844212532	-1
7.79844212532	-1
7.79844212532	-1
7.79844212532	-1
7.79844212532	-1
7.79880809784	-1
7.79880809784	-1
7.79880809784	-1
7.79880809784	-1
7.79880809784	-1
7.79893112183	-1
7.7991361618	-1
7.7991361618	-1
7.7991361618	-1
7.7991361618	-1
7.7991361618	-1
7.7991361618	-1
7.80131697655	-1
7.80131697655	-1
7.80131697655	-1
7.80131697655	-1
7.80131697655	-1
7.80131697655	-1
7.80131697655	-1
7.81305003166	-1
7.81305003166	-1
7.81305003166	-1
7.81305003166	-1
7.81305003166	-1
7.81305003166	-1
7.81305003166	-1
7.81305003166	-1
7.83117413521	-1
7.83119916916	-1
7.83119916916	-1
7.83119916916	-1
7.83119916916	-1
7.83119916916	-1
7.83119916916	-1
7.83119916916	-1
7.83153295517	-1
7.8332259655	1
7.8332259655	1
7.8332259655	1
7.86994409561	-1
7.86994409561	-1
7.86994409561	-1
7.86994409561	-1
7.86994409561	-1
7.91463708878	-1
7.9156601429	1
7.9156601429	1
7.9156601429	1
8.02578496933	1
9.08030700684	-1
9.08589315414	-1
9.08589315414	-1
9.08589315414	-1
9.08589315414	-1
9.08589315414	-1
9.08589315414	-1
9.08589315414	-1
9.09953403473	-1
9.09953403473	-1
9.09953403473	-1
9.09953403473	-1
9.09953403473	-1
9.09953403473	-1
9.09953403473	-1
9.11245894432	-1
9.11245894432	-1
9.11245894432	-1
9.11245894432	-1
9.11245894432	-1
9.11245894432	-1
9.11245894432	-1
9.11245894432	-1
9.1460609436	-1
9.1460609436	-1
9.1460609436	-1
9.1460609436	-1
9.1460609436	-1
9.1460609436	-1
9.1460609436	-1
9.23011398315	-1
9.2302479744	-1
9.2302479744	-1
9.2302479744	-1
9.2302479744	-1
9.2302479744	-1
9.2302479744	-1
9.2302479744	-1
9.23586916924	-1
9.23586916924	-1
9.23586916924	-1
9.23586916924	-1
9.23586916924	-1
9.23586916924	-1
9.23586916924	-1
9.23629117012	-1
9.23629117012	-1
9.23629117012	-1
9.23629117012	-1
9.23629117012	-1
9.23629117012	-1
9.23629117012	-1
9.23629117012	-1
9.26327800751	-1
9.26327800751	-1
9.26327800751	-1
9.26327800751	-1
9.26327800751	-1
9.26327800751	-1
9.26327800751	-1
9.26327800751	-1
9.26443314552	1
9.29531407356	-1
9.29542803764	-1
9.29542803764	-1
9.29542803764	-1
9.29542803764	-1
9.29542803764	-1
9.29542803764	-1
9.29542803764	-1
9.37118601799	-1
9.37118601799	-1
9.37118601799	-1
9.37118601799	-1
9.37118601799	-1
9.37118601799	-1
9.37118601799	-1
9.37143802643	-1
9.37143802643	-1
9.37143802643	-1
9.37143802643	-1
9.37143802643	-1
9.37143802643	-1
9.37143802643	-1
9.37143802643	-1
9.37200307846	-1
9.37200307846	-1
9.37200307846	-1
9.37200307846	-1
9.37200307846	-1
9.37224793434	-1
9.37224793434	-1
9.37224793434	-1
9.37224793434	-1
9.37224793434	-1
9.37224793434	-1
9.37224793434	-1
9.37224793434	-1
9.3726170063	-1
9.3726170063	-1
9.3726170063	-1
9.3726170063	-1
9.3726170063	-1
9.3726170063	-1
9.3726170063	-1
9.39971113205	1
9.41494703293	-1
9.41517114639	-1
9.41517114639	-1
9.41517114639	-1
9.41517114639	-1
9.41517114639	-1
9.41517114639	-1
9.41517114639	-1
9.41541814804	-1
9.44785308838	-1
9.44785308838	-1
9.44785308838	-1
9.44785308838	-1
9.44785308838	-1
9.44785308838	-1
9.44785308838	-1
9.44799494743	-1
9.44799494743	-1
9.48820209503	-1
9.48820209503	-1
9.48820209503	-1
9.48820209503	-1
9.48820209503	-1
9.48820209503	-1
9.48820209503	-1
9.50775313377	-1
9.50785899162	-1
9.50785899162	-1
9.50785899162	-1
9.50785899162	-1
9.50785899162	-1
9.50785899162	-1
9.50785899162	-1
9.50810313225	-1
9.50810313225	-1
9.50810313225	-1
9.50810313225	-1
9.50810313225	-1
9.50810313225	-1
9.50810313225	-1
9.50847315788	-1
9.50847315788	-1
9.50847315788	-1
9.50847315788	-1
9.50847315788	-1
9.50847315788	-1
9.50847315788	-1
9.50847315788	-1
9.50884914398	-1
9.50884914398	-1
9.5317940712	-1
9.5317940712	-1
9.5317940712	-1
9.5317940712	-1
9.5317940712	-1
9.5317940712	-1
9.5317940712	-1
9.53193306923	-1
9.53193306923	-1
9.53193306923	-1
9.53193306923	-1
9.53193306923	-1
9.53193306923	-1
9.53193306923	-1
9.55820608139	-1
9.55820608139	-1
9.55820608139	-1
9.55820608139	-1
9.55820608139	-1
9.55820608139	-1
9.55820608139	-1
9.55823802948	1
9.55823802948	1
9.55843997002	-1
9.558562994	-1
9.558562994	-1
9.558562994	-1
9.558562994	-1
9.558562994	-1
9.558562994	-1
9.558562994	-1
9.55880904198	-1
9.62137007713	-1
9.62137007713	-1
9.62137007713	-1
9.62137007713	-1
9.62137007713	-1
9.62137007713	-1
9.62137007713	-1
9.62151002884	-1
9.62151002884	-1
9.62151002884	-1
9.62151002884	-1
9.62151002884	-1
9.62151002884	-1
9.62151002884	-1
9.62196516991	-1
9.62196516991	-1
9.62196516991	-1
9.62196516991	-1
9.62196516991	-1
9.62196516991	-1
9.62196516991	-1
9.62221002579	-1
9.62233495712	-1
9.62233495712	-1
9.62233495712	-1
9.62233495712	-1
9.62233495712	-1
9.62233495712	-1
9.64725613594	1
9.64725613594	1
9.64725613594	1
9.64725613594	1
9.64725613594	1
9.64725613594	1
9.64725613594	1
9.64725613594	1
9.64725613594	1
9.64725613594	1
9.68964004517	-1
9.68964004517	-1
9.68964004517	-1
9.68964004517	-1
9.68964004517	-1
9.68964004517	-1
9.68964004517	-1
9.68964004517	-1
9.69440102577	-1
9.69440102577	-1
9.69440102577	-1
9.69440102577	-1
9.702698946	-1
9.702698946	-1
9.702698946	-1
9.702698946	-1
9.702698946	-1
9.702698946	-1
9.702698946	-1
9.702698946	-1
9.70574903488	-1
9.70574903488	-1
9.70574903488	-1
9.70574903488	-1
9.70574903488	-1
9.70574903488	-1
9.71677994728	-1
9.71677994728	-1
9.72192716599	-1
9.72192716599	-1
9.73010396957	-1
9.73010396957	-1
9.73010396957	-1
9.73010396957	-1
9.73010396957	-1
9.73010396957	-1
9.73010396957	-1
9.74084210396	-1
9.75704312325	-1
9.75704312325	-1
9.75704312325	-1
9.75704312325	-1
9.75704312325	-1
9.75704312325	-1
9.75704312325	-1
9.75704312325	-1
9.75704312325	-1
9.7573890686	-1
9.7573890686	-1
9.7573890686	-1
9.7573890686	-1
9.7573890686	-1
9.75763607025	-1
9.75763607025	-1
9.75763607025	-1
9.75763607025	-1
9.75763607025	-1
9.75763607025	-1
9.75763607025	-1
9.75763607025	-1
9.76420807838	-1
9.76420807838	-1
9.76420807838	-1
9.76420807838	-1
9.76420807838	-1
9.76420807838	-1
9.76420807838	-1
9.77962994576	-1
9.80016899109	-1
9.80016899109	-1
9.80016899109	-1
9.80016899109	-1
9.80016899109	-1
9.80016899109	-1
9.80016899109	-1
9.81830310822	-1
9.81830310822	-1
9.81830310822	-1
9.81830310822	-1
9.81844997406	-1
9.81844997406	-1
9.81844997406	-1
9.81844997406	-1
9.81844997406	-1
9.81844997406	-1
9.81844997406	-1
9.81844997406	-1
9.83803415298	-1
9.83803415298	-1
9.83803415298	-1
9.83803415298	-1
9.83803415298	-1
9.83803415298	-1
9.83803415298	-1
9.83804702759	1
9.84909915924	-1
9.84909915924	-1
9.84909915924	-1
9.84909915924	-1
9.84909915924	-1
9.84909915924	-1
9.84909915924	-1
9.91507411003	-1
9.91507411003	-1
9.91544413567	-1
9.91544413567	-1
9.91544413567	-1
9.91544413567	-1
9.91544413567	-1
9.91544413567	-1
9.95539498329	-1
9.95539498329	-1
9.95539498329	-1
9.96698999405	-1
9.96698999405	-1
9.96698999405	-1
9.96698999405	-1
9.96698999405	-1
9.96698999405	-1
9.96698999405	-1
9.98937106133	-1
9.98937106133	-1
9.98937106133	-1
9.98937106133	-1
9.98937106133	-1
9.98937106133	-1
9.98937106133	-1
10.0217370987	-1
10.0217370987	-1
10.0217370987	-1
10.0217370987	-1
10.0217370987	-1
10.0217370987	-1
10.0217370987	-1
10.0217370987	-1
10.0467369556	-1
10.0467369556	-1
10.0849859715	-1
10.0849859715	-1
10.0849859715	-1
10.0916950703	-1
10.0916950703	-1
10.0916950703	-1
10.0916950703	-1
10.0916950703	-1
10.0924451351	1
10.1306710243	-1
10.1306710243	-1
10.1306710243	-1
10.1306710243	-1
10.1306710243	-1
10.1306710243	-1
10.1306710243	-1
10.1306710243	-1
10.1464819908	-1
10.1464819908	-1
10.1464819908	-1
10.1464819908	-1
10.1464819908	-1
10.1464819908	-1
10.1464819908	-1
10.1864130497	-1
10.1865611076	-1
10.1865611076	-1
10.1865611076	-1
10.1865611076	-1
10.1865611076	-1
10.1865611076	-1
10.1865611076	-1
10.2018361092	-1
10.2018361092	-1
10.2018361092	-1
10.2018361092	-1
10.2018361092	-1
10.2018361092	-1
10.2018361092	-1
10.2314341068	-1
10.2314341068	-1
10.2314341068	-1
10.2314341068	-1
10.2314341068	-1
10.2314341068	-1
10.2314341068	-1
10.2314341068	-1
10.2314651012	1
10.2390651703	-1
10.2390651703	-1
10.2390651703	-1
10.2390651703	-1
10.2390651703	-1
10.2390651703	-1
10.2390651703	-1
10.2513320446	-1
10.2513320446	-1
10.2513320446	-1
10.2513320446	-1
10.2513320446	-1
10.2513320446	-1
10.2513320446	-1
10.2513320446	-1
10.2613251209	-1
10.2613251209	-1
10.2613251209	-1
10.2613251209	-1
10.2613251209	-1
10.2613251209	-1
10.2613251209	-1
10.2613251209	-1
10.2694139481	-1
10.2694139481	-1
10.2731420994	-1
10.2731420994	-1
10.2731420994	-1
10.2731420994	-1
10.2731420994	-1
10.2731420994	-1
10.2731420994	-1
10.2767250538	-1
10.2767250538	-1
10.2767250538	-1
10.2767250538	-1
10.2767250538	-1
10.28414011	-1
10.2874770164	-1
10.2874770164	-1
10.2874770164	-1
10.2921669483	-1
10.2921669483	-1
10.2921669483	-1
10.2921669483	-1
10.2921669483	-1
10.2921669483	-1
10.2921669483	-1
10.295320034	-1
10.3215119839	-1
10.3215119839	-1
10.3215119839	-1
10.3215119839	-1
10.3215119839	-1
10.3215119839	-1
10.3215119839	-1
10.3217401505	-1
10.3217401505	-1
10.3217401505	-1
10.3217401505	-1
10.3217401505	-1
10.3217401505	-1
10.3217401505	-1
10.3220920563	-1
10.3220920563	-1
10.3220920563	-1
10.3220920563	-1
10.3220920563	-1
10.3220920563	-1
10.3220920563	-1
10.3220920563	-1
10.3224790096	-1
10.3224790096	-1
10.3224790096	-1
10.3224790096	-1
10.3224790096	-1
10.3224790096	-1
10.3224790096	-1
10.3224790096	-1
10.3227579594	-1
10.3227579594	-1
10.3493850231	-1
10.3493850231	-1
10.3493850231	-1
10.3493850231	-1
10.3493850231	-1
10.3493850231	-1
10.3496141434	-1
10.3496141434	-1
10.3496141434	-1
10.3496141434	-1
10.3496141434	-1
10.3496141434	-1
10.3496141434	-1
10.3496141434	-1
10.3744111061	-1
10.3744111061	-1
10.3744111061	-1
10.3744111061	-1
10.3744471073	1
10.3744471073	1
10.3966691494	-1
10.3967750072	-1
10.3967750072	-1
10.3967750072	-1
10.3967750072	-1
10.3967750072	-1
10.3967750072	-1
10.3967750072	-1
10.3967750072	-1
10.3967750072	-1
10.4160950184	-1
10.4160950184	-1
10.4160950184	-1
10.4392659664	-1
10.4392659664	-1
10.4392659664	-1
10.4392659664	-1
10.4392659664	-1
10.4392659664	-1
10.4392659664	-1
10.4392659664	-1
10.4457559586	-1
10.4457559586	-1
10.4457559586	-1
10.4457559586	-1
10.4457559586	-1
10.4457559586	-1
10.4457559586	-1
10.4522070885	-1
10.4573259354	-1
10.4573259354	-1
10.4573259354	-1
10.4573259354	-1
10.4573259354	-1
10.4573259354	-1
10.4573259354	-1
10.4622530937	-1
10.4665231705	-1
10.4665231705	-1
10.4665231705	-1
10.4665231705	-1
10.4665231705	-1
10.4665231705	-1
10.4665231705	-1
10.4706790447	-1
10.4848480225	-1
10.4870200157	-1
10.4870200157	-1
10.4870200157	-1
10.4870200157	-1
10.4870200157	-1
10.4870200157	-1
10.4870200157	-1
10.4917509556	-1
10.4917509556	-1
10.4917509556	-1
10.4917509556	-1
10.4917509556	-1
10.4917509556	-1
10.4917509556	-1
10.4922270775	1
10.4922270775	1
10.4922270775	1
10.500025034	-1
10.500025034	-1
10.500025034	-1
10.500025034	-1
10.500025034	-1
10.500025034	-1
10.500025034	-1
10.500025034	-1
10.5077650547	-1
10.5077650547	-1
10.5077650547	-1
10.5077650547	-1
10.5077650547	-1
10.5077650547	-1
10.5077650547	-1
10.5077650547	-1
10.5103571415	-1
10.5156531334	-1
10.5156531334	-1
10.5156531334	-1
10.5156531334	-1
10.5156531334	-1
10.5156531334	-1
10.5156531334	-1
10.5156531334	-1
10.5327291489	-1
10.5327291489	-1
10.5327291489	-1
10.5327291489	-1
10.5327291489	-1
10.5327291489	-1
10.5327291489	-1
10.5328719616	-1
10.5330791473	-1
10.5330791473	-1
10.5330791473	-1
10.5330791473	-1
10.5330791473	-1
10.5330791473	-1
10.5330791473	-1
10.533326149	-1
10.5449130535	-1
10.5449130535	-1
10.5449130535	-1
10.5449130535	-1
10.5449130535	-1
10.5449130535	-1
10.5449130535	-1
10.5450520515	-1
10.5747520924	-1
10.5747520924	-1
10.5747520924	-1
10.5747520924	-1
10.5747520924	-1
10.5747520924	-1
10.5747520924	-1
10.5747520924	-1
10.57508111	-1
10.57508111	-1
10.57508111	-1
10.57508111	-1
10.57508111	-1
10.57508111	-1
10.57508111	-1
10.57508111	-1
10.5928759575	-1
10.5928759575	-1
10.5928759575	-1
10.5928759575	-1
10.5928759575	-1
10.5928759575	-1
10.5928759575	-1
10.593225956	-1
10.593225956	-1
10.593225956	-1
10.593225956	-1
10.593225956	-1
10.593225956	-1
10.593225956	-1
10.593225956	-1
10.622590065	-1
10.622590065	-1
10.6226949692	-1
10.6226949692	-1
10.6226949692	-1
10.6226949692	-1
10.6226949692	-1
10.6226949692	-1
10.6229400635	-1
10.6229400635	-1
10.6229400635	-1
10.6229400635	-1
10.6229400635	-1
10.6229400635	-1
10.6229400635	-1
10.6229400635	-1
10.6233091354	-1
10.6233091354	-1
10.6233091354	-1
10.6233091354	-1
10.6233091354	-1
10.6233091354	-1
10.6233091354	-1
10.6233091354	-1
10.6255459785	1
10.6255459785	1
10.6255459785	1
10.6458520889	-1
10.6458520889	-1
10.6458520889	-1
10.6458520889	-1
10.6458520889	-1
10.6458520889	-1
10.6460831165	-1
10.6460831165	-1
10.6460831165	-1
10.6462070942	-1
10.6462070942	-1
10.6463270187	-1
10.6463270187	-1
10.6463270187	-1
10.6463270187	-1
10.6463270187	-1
10.6463270187	-1
10.6463270187	-1
10.6463270187	-1
10.6466960907	-1
10.6466960907	-1
10.6466960907	-1
10.6466960907	-1
10.6466960907	-1
10.6466960907	-1
10.6466960907	-1
10.6648581028	-1
10.6649141312	-1
10.6649141312	-1
10.6649141312	-1
10.6649141312	-1
10.6649141312	-1
10.6649141312	-1
10.6649141312	-1
10.6766531467	-1
10.6766531467	-1
10.6766531467	-1
10.6766531467	-1
10.6766531467	-1
10.6766531467	-1
10.6766531467	-1
10.6766531467	-1
10.6989951134	-1
10.6989951134	-1
10.6989951134	-1
10.6989951134	-1
10.6989951134	-1
10.6989951134	-1
10.6989951134	-1
10.6993470192	-1
10.6993470192	-1
10.6993470192	-1
10.6993470192	-1
10.6993470192	-1
10.6993470192	-1
10.6993470192	-1
10.7105369568	-1
10.7105369568	-1
10.7105369568	-1
10.7105369568	-1
10.7105369568	-1
10.7105369568	-1
10.7105369568	-1
10.7105369568	-1
10.7286159992	-1
10.7286159992	-1
10.7286159992	-1
10.7286159992	-1
10.7286159992	-1
10.7286159992	-1
10.7286159992	-1
10.7286159992	-1
10.7289590836	-1
10.7289590836	-1
10.7290821075	-1
10.7290821075	-1
10.7290821075	-1
10.7290821075	-1
10.7290821075	-1
10.7290821075	-1
10.7290821075	-1
10.7581291199	-1
10.7581291199	-1
10.7581291199	-1
10.7581291199	-1
10.7581291199	-1
10.7581291199	-1
10.7581291199	-1
10.7584879398	-1
10.7584879398	-1
10.7584879398	-1
10.7584879398	-1
10.7584879398	-1
10.7584879398	-1
10.7584879398	-1
10.7584879398	-1
10.7588579655	-1
10.7588579655	-1
10.7588579655	-1
10.7588579655	-1
10.7588579655	-1
10.7588579655	-1
10.7588579655	-1
10.7588579655	-1
10.7592251301	-1
10.7592251301	-1
10.7592251301	-1
10.7592251301	-1
10.7592251301	-1
10.7592251301	-1
10.7592251301	-1
10.7592251301	-1
10.7592251301	-1
10.7595951557	-1
10.7595951557	-1
10.7595951557	-1
10.7595951557	-1
10.7595951557	-1
10.7595951557	-1
10.7595951557	-1
10.7599599361	-1
10.7599599361	-1
10.7599599361	-1
10.7601830959	1
10.7601830959	1
10.7601830959	1
10.782171011	-1
10.782171011	-1
10.782171011	-1
10.782171011	-1
10.782171011	-1
10.782171011	-1
10.782171011	-1
10.782407999	-1
10.782407999	-1
10.782407999	-1
10.782407999	-1
10.782407999	-1
10.7826530933	-1
10.7826530933	-1
10.7826530933	-1
10.7826530933	-1
10.7826530933	-1
10.7826530933	-1
10.7828979492	-1
10.7828979492	-1
10.7828979492	-1
10.7828979492	-1
10.7828979492	-1
10.7828979492	-1
10.7828979492	-1
10.7832670212	-1
10.7832670212	-1
10.7832670212	-1
10.7832670212	-1
10.7832670212	-1
10.7832670212	-1
10.7832670212	-1
10.7835121155	-1
10.7836360931	-1
10.7836360931	-1
10.7836360931	-1
10.7836360931	-1
10.7836360931	-1
10.7836360931	-1
10.7836360931	-1
10.7838830948	-1
10.7838830948	-1
10.7838830948	-1
10.7838830948	-1
10.7838830948	-1
10.7838830948	-1
10.7838830948	-1
10.7838830948	-1
10.8001589775	-1
10.8001589775	-1
10.8002810478	-1
10.8002810478	-1
10.8002810478	-1
10.8002810478	-1
10.8002810478	-1
10.8002810478	-1
10.8002810478	-1
10.8005270958	-1
10.8005270958	-1
10.8005270958	-1
10.8005270958	-1
10.8005270958	-1
10.8007719517	-1
10.8029429913	1
10.8029429913	1
10.8029429913	1
10.8343811035	-1
10.8343811035	-1
10.8343811035	-1
10.8343811035	-1
10.8343811035	-1
10.8343811035	-1
10.8343811035	-1
10.8346071243	-1
10.8346071243	-1
10.8346071243	-1
10.8346071243	-1
10.8346071243	-1
10.8346071243	-1
10.8346071243	-1
10.8349039555	-1
10.8349039555	-1
10.8349039555	-1
10.8349039555	-1
10.8349039555	-1
10.835119009	-1
10.835119009	-1
10.835119009	-1
10.835119009	-1
10.835119009	-1
10.835119009	-1
10.835119009	-1
10.8354301453	-1
10.8354301453	-1
10.8354301453	-1
10.8354301453	-1
10.8354301453	-1
10.8354301453	-1
10.8354301453	-1
10.8643641472	-1
10.8643641472	-1
10.8643641472	-1
10.8643641472	-1
10.8643641472	-1
10.8643641472	-1
10.8643641472	-1
10.8643641472	-1
10.8643641472	-1
10.8647320271	-1
10.8647320271	-1
10.8647320271	-1
10.8647320271	-1
10.8647320271	-1
10.8647320271	-1
10.8649771214	-1
10.8649771214	-1
10.8651001453	-1
10.8651001453	-1
10.8651001453	-1
10.8651001453	-1
10.8651001453	-1
10.8651001453	-1
10.8651001453	-1
10.8651001453	-1
10.8675780296	1
10.8675780296	1
10.9176681042	-1
10.9176681042	-1
10.9176681042	-1
10.9176681042	-1
10.9176681042	-1
10.9176681042	-1
10.9176681042	-1
10.9598021507	-1
10.9598021507	-1
10.9598021507	-1
10.9598021507	-1
10.9598021507	-1
10.9598021507	-1
10.9598021507	-1
10.9598021507	-1
10.9805369377	-1
10.9805369377	-1
10.9805369377	-1
10.9805369377	-1
10.9805369377	-1
10.9805369377	-1
10.9805369377	-1
10.9805369377	-1
11.0107190609	-1
11.0107190609	-1
11.0196790695	-1
11.0196790695	-1
11.0196790695	-1
11.0196790695	-1
11.0196790695	-1
11.0196790695	-1
11.0196790695	-1
11.0266001225	-1
11.0266001225	-1
11.0266001225	-1
11.0266001225	-1
11.0266001225	-1
11.0266001225	-1
11.0266001225	-1
11.1658501625	-1
11.1658501625	-1
11.1666610241	1
12.1095910072	-1
12.1121001244	-1
12.1121001244	-1
12.1121001244	-1
12.1121001244	-1
12.1121001244	-1
12.1121001244	-1
12.1121001244	-1
12.1298680305	-1
12.1298680305	-1
12.1298680305	-1
12.1298680305	-1
12.1298680305	-1
12.1298680305	-1
12.1298680305	-1
12.1298680305	-1
12.143362999	-1
12.143362999	-1
12.143362999	-1
12.143362999	-1
12.143362999	-1
12.143362999	-1
12.143362999	-1
12.143362999	-1
12.1446421146	1
12.1468031406	-1
12.1468031406	-1
12.1468031406	-1
12.1468031406	-1
12.1468031406	-1
12.1468031406	-1
12.1468031406	-1
12.150316	-1
12.2178571224	-1
12.2178571224	-1
12.2178571224	-1
12.2178571224	-1
12.2178571224	-1
12.2178571224	-1
12.2178571224	-1
12.2180840969	-1
12.245319128	-1
12.245319128	-1
12.245319128	-1
12.245319128	-1
12.245319128	-1
12.245319128	-1
12.245319128	-1
12.2577700615	-1
12.2577700615	-1
12.2577700615	-1
12.2577700615	-1
12.2577700615	-1
12.2577700615	-1
12.2577700615	-1
12.2760970592	-1
12.2760970592	-1
12.2760970592	-1
12.2760970592	-1
12.2760970592	-1
12.2760970592	-1
12.2760970592	-1
12.2760970592	-1
12.2763299942	-1
12.2797870636	1
12.2797870636	1
12.2824029922	-1
12.2824029922	-1
12.2824029922	-1
12.2824029922	-1
12.2824029922	-1
12.2824029922	-1
12.3291060925	-1
12.3291060925	-1
12.3291060925	-1
12.3551270962	-1
12.3551270962	-1
12.3551270962	-1
12.3551270962	-1
12.3551270962	-1
12.3551270962	-1
12.3551270962	-1
12.3613109589	-1
12.3764419556	-1
12.3764419556	-1
12.3808729649	-1
12.3808729649	-1
12.3808729649	-1
12.3808729649	-1
12.3808729649	-1
12.3808729649	-1
12.3826870918	-1
12.3826870918	-1
12.3826870918	-1
12.3826870918	-1
12.3933501244	-1
12.3963389397	-1
12.3963389397	-1
12.3963389397	-1
12.3963389397	-1
12.3963389397	-1
12.3963389397	-1
12.3963389397	-1
12.4057061672	-1
12.4116239548	-1
12.4116239548	-1
12.4116239548	-1
12.4116239548	-1
12.4152920246	-1
12.4152920246	-1
12.4152920246	-1
12.4152920246	-1
12.4152920246	-1
12.4152920246	-1
12.4152920246	-1
12.4311420918	-1
12.4323470592	1
12.4444701672	-1
12.4444701672	-1
12.4444701672	-1
12.4444701672	-1
12.4444701672	-1
12.4444701672	-1
12.4444701672	-1
12.4444701672	-1
12.4631481171	-1
12.4631481171	-1
12.4631481171	-1
12.4631481171	-1
12.4631481171	-1
12.4631481171	-1
12.4631481171	-1
12.4804129601	-1
12.4804129601	-1
12.4804129601	-1
12.4804620743	-1
12.5164330006	-1
12.5164330006	-1
12.5164330006	-1
12.5164330006	-1
12.5164330006	-1
12.5164330006	-1
12.5164330006	-1
12.5166621208	-1
12.5166621208	-1
12.5166621208	-1
12.5166621208	-1
12.5166621208	-1
12.5166621208	-1
12.5166621208	-1
12.516972065	-1
12.516972065	-1
12.516972065	-1
12.5359511375	-1
12.5359511375	-1
12.5394101143	-1
12.5394101143	-1
12.5394101143	-1
12.5394101143	-1
12.5394101143	-1
12.5394101143	-1
12.5515539646	-1
12.5515539646	-1
12.5515539646	-1
12.5515539646	-1
12.5515539646	-1
12.5515539646	-1
12.5515539646	-1
12.5619690418	-1
12.5619690418	-1
12.5619690418	-1
12.5619690418	-1
12.5619690418	-1
12.5619690418	-1
12.5619690418	-1
12.5619690418	-1
12.5708451271	-1
12.5708451271	-1
12.5708451271	-1
12.5708451271	-1
12.5708770752	1
12.5708770752	1
12.5801229477	-1
12.585930109	-1
12.585930109	-1
12.585930109	-1
12.585930109	-1
12.585930109	-1
12.585930109	-1
12.585930109	-1
12.5988531113	-1
12.5988531113	-1
12.5988531113	-1
12.5988531113	-1
12.5988531113	-1
12.5988531113	-1
12.5988531113	-1
12.5992109776	-1
12.5992109776	-1
12.5992109776	-1
12.5992109776	-1
12.5992109776	-1
12.5992109776	-1
12.5992109776	-1
12.5992109776	-1
12.6070101261	-1
12.6070101261	-1
12.6070101261	-1
12.6070101261	-1
12.6070101261	-1
12.6070101261	-1
12.6070101261	-1
12.6070101261	-1
12.6384589672	-1
12.6384589672	-1
12.6384589672	-1
12.6384589672	-1
12.6384589672	-1
12.6386950016	-1
12.6386950016	-1
12.6386950016	-1
12.6388180256	-1
12.6388180256	-1
12.6388180256	-1
12.6388180256	-1
12.6388180256	-1
12.6388180256	-1
12.6390650272	-1
12.6391870975	-1
12.6391870975	-1
12.6391870975	-1
12.6391870975	-1
12.6391870975	-1
12.6391870975	-1
12.6391870975	-1
12.6661989689	-1
12.6661989689	-1
12.6661989689	-1
12.6661989689	-1
12.6661989689	-1
12.6661989689	-1
12.6661989689	-1
12.6665461063	-1
12.6665461063	-1
12.6665461063	-1
12.6665461063	-1
12.6665461063	-1
12.6665461063	-1
12.6665461063	-1
12.6665461063	-1
12.6669139862	-1
12.6669139862	-1
12.6669139862	-1
12.6669139862	-1
12.6670379639	-1
12.6670379639	-1
12.6670379639	-1
12.6670379639	-1
12.6670379639	-1
12.6670379639	-1
12.6670379639	-1
12.6670379639	-1
12.6872720718	-1
12.6872720718	-1
12.6872720718	-1
12.6872720718	-1
12.6872720718	-1
12.6872720718	-1
12.6872720718	-1
12.6875190735	-1
12.6892399788	1
12.6892399788	1
12.6892399788	1
12.7064571381	-1
12.7064571381	-1
12.7064571381	-1
12.7064571381	-1
12.7064571381	-1
12.7064571381	-1
12.7064571381	-1
12.7214241028	-1
12.7214241028	-1
12.7214241028	-1
12.7214241028	-1
12.7214241028	-1
12.7214241028	-1
12.7214241028	-1
12.7214241028	-1
12.735378027	-1
12.735378027	-1
12.735378027	-1
12.735378027	-1
12.735378027	-1
12.735378027	-1
12.735378027	-1
12.735378027	-1
12.7467589378	-1
12.7467589378	-1
12.7467589378	-1
12.7467589378	-1
12.7467589378	-1
12.7467589378	-1
12.7467589378	-1
12.7536370754	-1
12.7740449905	-1
12.7740449905	-1
12.7740449905	-1
12.7740449905	-1
12.7740449905	-1
12.7740449905	-1
12.7740449905	-1
12.7742841244	-1
12.7743120193	-1
12.7743120193	-1
12.7743120193	-1
12.7743120193	-1
12.7743120193	-1
12.7743120193	-1
12.7743120193	-1
12.7746520042	-1
12.788310051	-1
12.788310051	-1
12.788310051	-1
12.788310051	-1
12.788310051	-1
12.788310051	-1
12.788310051	-1
12.7924499512	-1
12.7924499512	-1
12.7924499512	-1
12.7924499512	-1
12.7924499512	-1
12.7924499512	-1
12.7924499512	-1
12.8015780449	-1
12.8015780449	-1
12.8015780449	-1
12.8015780449	-1
12.8015780449	-1
12.8015780449	-1
12.8015780449	-1
12.8015780449	-1
12.8087921143	-1
12.8087921143	-1
12.8087921143	-1
12.8087921143	-1
12.8087921143	-1
12.8087921143	-1
12.8087921143	-1
12.8087921143	-1
12.8189661503	-1
12.8189661503	-1
12.8189661503	-1
12.8189661503	-1
12.8189661503	-1
12.8189661503	-1
12.8189661503	-1
12.8416690826	1
12.8416690826	1
13.0136830807	1
13.0136830807	1
13.32665205	-1
13.3634750843	-1
13.3634750843	-1
13.3634750843	-1
13.3634750843	-1
13.3634750843	-1
13.3634750843	-1
13.3634750843	-1
13.3812561035	-1
13.3812561035	-1
13.3812561035	-1
13.3812561035	-1
13.3812561035	-1
13.3812561035	-1
13.3812561035	-1
13.418238163	-1
13.418238163	-1
13.418238163	-1
13.418238163	-1
13.418238163	-1
13.418238163	-1
13.418238163	-1
13.418238163	-1
13.4195361137	1
13.4327840805	-1
13.4327840805	-1
13.4327840805	-1
13.4327840805	-1
13.4327840805	-1
13.4381899834	-1
13.4381899834	-1
13.4381899834	-1
13.4381899834	-1
13.4556241035	-1
13.4556241035	-1
13.4556241035	-1
13.4556241035	-1
13.4556241035	-1
13.4556241035	-1
13.4556241035	-1
13.4556241035	-1
13.4613120556	-1
13.4613120556	-1
13.4613120556	-1
13.4613120556	-1
13.4613120556	-1
13.4613120556	-1
13.4613120556	-1
13.4665131569	-1
13.4802930355	1
13.4802930355	1
13.4802930355	1
13.4846689701	1
13.4846689701	1
13.4855451584	-1
13.4855451584	-1
13.4855451584	-1
13.4855451584	-1
13.4855451584	-1
13.4855451584	-1
13.4855451584	-1
13.4857881069	-1
13.4857881069	-1
13.4857881069	-1
13.4857881069	-1
13.4857881069	-1
13.4857881069	-1
13.4857881069	-1
13.4989030361	-1
13.5169370174	-1
13.5169370174	-1
13.5169370174	-1
13.5169370174	-1
13.5169370174	-1
13.5169370174	-1
13.5169370174	-1
13.5523290634	-1
13.5523290634	-1
13.5523290634	-1
13.5523290634	-1
13.5523290634	-1
13.5523290634	-1
13.5523290634	-1
13.5523290634	-1
13.5526771545	-1
13.5526771545	-1
13.5546910763	1
13.5589411259	-1
13.5589411259	-1
13.5752489567	-1
13.5752489567	-1
13.5752489567	-1
13.5752489567	-1
13.5752489567	-1
13.5752489567	-1
13.5752489567	-1
13.5752489567	-1
13.5801980495	-1
13.5801980495	-1
13.5801980495	-1
13.5801980495	-1
13.5801980495	-1
13.5801980495	-1
13.5801980495	-1
13.5917739868	-1
13.5917739868	-1
13.5917739868	-1
13.5917739868	-1
13.5917739868	-1
13.5917739868	-1
13.5917739868	-1
13.5917739868	-1
13.6056909561	-1
13.6056909561	-1
13.6056909561	-1
13.6056909561	-1
13.6056909561	-1
13.6056909561	-1
13.6056909561	-1
13.6175041199	-1
13.6175041199	-1
13.6175041199	-1
13.6175041199	-1
13.6175041199	-1
13.6175041199	-1
13.6175041199	-1
13.6240091324	-1
13.6240091324	-1
13.6240091324	-1
13.6240091324	-1
13.6240091324	-1
13.6240091324	-1
13.6240091324	-1
13.635871172	-1
13.635871172	-1
13.635871172	-1
13.635871172	-1
13.635871172	-1
13.635871172	-1
13.6525449753	-1
13.6525449753	-1
13.6525449753	-1
13.6525449753	-1
13.6525449753	-1
13.6525449753	-1
13.6525449753	-1
13.6527910233	-1
13.6529159546	-1
13.6529159546	-1
13.6529159546	-1
13.6529159546	-1
13.6536259651	1
13.6536259651	1
13.6536259651	1
13.6701159477	-1
13.6701159477	-1
13.6701159477	-1
13.6701159477	-1
13.6701159477	-1
13.6701159477	-1
13.6701159477	-1
13.6703619957	-1
13.6703619957	-1
13.6703619957	-1
13.6703619957	-1
13.6703619957	-1
13.6703619957	-1
13.6703619957	-1
13.6876959801	-1
13.6876959801	-1
13.6876959801	-1
13.6876959801	-1
13.6876959801	-1
13.6876959801	-1
13.6876959801	-1
13.6879320145	-1
13.6879320145	-1
13.7053289413	-1
13.7053289413	-1
13.7053289413	-1
13.7053289413	-1
13.7053289413	-1
13.7053289413	-1
13.7053289413	-1
13.7055649757	-1
13.728552103	-1
13.728552103	-1
13.728552103	-1
13.728552103	-1
13.728552103	-1
13.728552103	-1
13.728552103	-1
13.7412650585	-1
13.744148016	-1
13.744148016	-1
13.744148016	-1
13.744148016	-1
13.744148016	-1
13.744148016	-1
13.744148016	-1
13.753180027	-1
13.753180027	-1
13.753180027	-1
13.753180027	-1
13.753180027	-1
13.753180027	-1
13.753180027	-1
13.7614140511	-1
13.7614140511	-1
13.7614140511	-1
13.7614140511	-1
13.7614140511	-1
13.7614140511	-1
13.7614140511	-1
13.7614140511	-1
13.7771821022	-1
13.7771821022	-1
13.7771821022	-1
13.7815639973	-1
13.7815639973	-1
13.7815639973	-1
13.7815639973	-1
13.7815639973	-1
13.7815639973	-1
13.7815639973	-1
13.7880971432	-1
13.7880971432	-1
13.7880971432	-1
13.7880971432	-1
13.7880971432	-1
13.7880971432	-1
13.7880971432	-1
13.7887120247	-1
13.7914540768	-1
13.7914540768	-1
13.7914540768	-1
13.7914540768	-1
13.7914540768	-1
13.7914540768	-1
13.7914540768	-1
13.8073489666	-1
13.8073489666	-1
13.8259010315	-1
13.8259010315	-1
13.8259010315	-1
13.8259010315	-1
13.8259010315	-1
13.8259010315	-1
13.8259010315	-1
13.8259010315	-1
13.8266580105	1
13.8266580105	1
13.8266580105	1
13.8292570114	-1
13.8292570114	-1
13.8292570114	-1
13.8292570114	-1
13.8292570114	-1
13.8292570114	-1
13.8292570114	-1
13.8329639435	-1
13.8329639435	-1
13.8329639435	-1
13.8329639435	-1
13.8329639435	-1
13.8329639435	-1
13.8329639435	-1
13.8408491611	-1
13.8408491611	-1
13.8408491611	-1
13.8408491611	-1
13.8408491611	-1
13.8408491611	-1
13.8408491611	-1
13.8408491611	-1
13.8495340347	-1
13.8495340347	-1
13.8495340347	-1
13.8495340347	-1
13.8495340347	-1
13.8495340347	-1
13.8495340347	-1
13.8495340347	-1
13.9245669842	-1
13.9245669842	-1
13.964908123	-1
13.964908123	-1
13.964908123	-1
13.964908123	-1
13.964908123	-1
13.964908123	-1
13.964908123	-1
13.9796140194	-1
13.9796140194	-1
13.9796140194	-1
13.9796140194	-1
13.9796140194	-1
13.9796140194	-1
13.9796140194	-1
13.9990279675	-1
13.9990279675	-1
13.9990279675	-1
13.9990279675	-1
13.9990279675	-1
13.9990279675	-1
13.9990279675	-1
13.9990279675	-1
14.0002861023	1
14.03520298	-1
14.03520298	-1
14.03520298	-1
14.03520298	-1
14.03520298	-1
14.03520298	-1
14.03520298	-1
14.03520298	-1
14.0445289612	-1
14.0577170849	-1
14.0577170849	-1
14.0577170849	-1
14.0577170849	-1
14.0577170849	-1
14.0577170849	-1
14.0577170849	-1
14.0577170849	-1
14.0716631413	-1
14.0716631413	-1
14.0716631413	-1
14.0716631413	-1
14.0716631413	-1
14.0716631413	-1
14.0716631413	-1
14.0834579468	-1
14.0834579468	-1
14.0834579468	-1
14.0834579468	-1
14.170456171	1
14.6077539921	-1
14.7431380749	-1
14.7431380749	-1
14.8787901402	-1
15.0711519718	-1
15.25111413	-1
15.256786108	-1
15.256786108	-1
15.256786108	-1
15.2650389671	-1
15.2650389671	-1
15.2650389671	-1
15.2788009644	-1
15.2788009644	-1
15.2822201252	-1
15.2822201252	-1
15.2822201252	-1
15.289304018	1
15.3865389824	-1
15.4244191647	1
16.1278209686	-1
16.3014421463	-1
16.3269159794	1
16.4367859364	-1
16.577049017	1
16.9850101471	-1
17.266764164	-1
17.2695169449	1
17.4134709835	-1
18.7854440212	-1
18.9208061695	-1
18.9299449921	1
20.1616261005	-1
20.1777820587	-1
20.1777820587	-1
20.1777820587	-1
20.1777820587	-1
20.1777820587	-1
20.1777820587	-1
20.1777820587	-1
20.1835210323	-1
20.1835210323	-1
20.1835210323	-1
20.1835210323	-1
20.2272591591	-1
20.2272591591	-1
20.2272591591	-1
20.2272591591	-1
20.3368489742	1
20.4720880985	1
20.4720880985	1
20.607517004	1
20.607517004	1
23.1438989639	-1
23.1447899342	1
23.2783119678	-1
23.2783119678	-1
23.2783119678	-1
23.2801370621	1
23.3255779743	1
23.3255779743	1
23.3255779743	1
23.3257379532	1
23.3257379532	1
23.3257379532	1
23.4155981541	-1
23.5895321369	1
23.5895321369	1
26.6804900169	-1
26.7826750278	-1
26.7826750278	-1
26.7826750278	-1
26.7826750278	-1
26.7840220928	1
26.7959849834	-1
26.7959849834	-1
26.7959849834	-1
26.7959849834	-1
26.7959849834	-1
26.7959849834	-1
26.7959849834	-1
26.8310670853	-1
26.8310670853	-1
26.8310670853	-1
26.8531000614	-1
26.8549330235	1
26.8549330235	1
26.8549330235	1
26.9191889763	1
26.9884841442	-1
27.0547370911	1
27.2071559429	-1
27.2336380482	-1
27.2336380482	-1
27.2336380482	-1
27.2336380482	-1
27.2336380482	-1
27.2336380482	-1
27.2336380482	-1
27.2509789467	-1
27.2509789467	-1
27.2509789467	-1
27.2509789467	-1
27.2509789467	-1
27.2509789467	-1
27.2509789467	-1
27.3424799442	-1
27.4781970978	-1
27.4781970978	-1
27.752546072	-1
27.7564549446	-1
27.7564549446	-1
27.7564549446	-1
27.7564549446	-1
27.7564549446	-1
27.7564549446	-1
27.7564549446	-1
27.7611010075	-1
27.7611010075	-1
27.7611010075	-1
27.7611010075	-1
27.7611010075	-1
27.7611010075	-1
27.765196085	-1
27.765196085	-1
27.769231081	-1
27.769231081	-1
27.769231081	-1
27.769231081	-1
27.769231081	-1
27.769231081	-1
27.769231081	-1
27.769972086	1
27.8881599903	-1
27.8881599903	-1
27.8881599903	-1
27.8881599903	-1
27.8881599903	-1
27.8881599903	-1
27.8881599903	-1
27.8881599903	-1
27.888502121	-1
27.8919999599	-1
27.9414150715	1
28.110448122	-1
28.2649581432	-1
28.2823531628	1
28.390679121	-1
28.390679121	-1
28.390679121	-1
28.390679121	-1
28.390679121	-1
28.390679121	-1
28.390679121	-1
28.390679121	-1
28.3993000984	-1
28.4080891609	-1
28.4080891609	-1
28.4080891609	-1
28.4080891609	-1
28.4080891609	-1
28.4080891609	-1
28.4233810902	1
28.4244451523	-1
28.4244451523	-1
28.4244451523	-1
28.4244451523	-1
28.4244451523	-1
28.4244451523	-1
28.4244451523	-1
28.5627410412	-1
30.2831339836	1
30.2833361626	1
30.2833361626	1
30.2833361626	1
30.2833361626	1
33.2833509445	1
33.4185910225	1
33.6117291451	-1
33.6169071198	-1
33.6169071198	-1
33.6169071198	-1
33.6169071198	-1
33.6169071198	-1
33.6169071198	-1
33.7402131557	-1
33.7402131557	-1
33.740265131	-1
33.740265131	-1
33.740265131	-1
33.740265131	-1
33.740265131	-1
33.740265131	-1
33.7470681667	-1
33.7470681667	-1
33.8825800419	-1
33.901870966	1
33.9228441715	1
33.9228441715	1
33.9228441715	1
33.9845449924	-1
33.9845449924	-1
33.9845449924	-1
33.9845449924	-1
33.9845449924	-1
33.9845449924	-1
33.9845449924	-1
34.0287539959	-1
34.0287539959	-1
34.0287539959	-1
34.0287539959	-1
34.0287539959	-1
34.0448081493	-1
34.0605151653	-1
34.0605151653	-1
34.1827750206	-1
34.1827750206	-1
34.1827750206	-1
34.1827750206	-1
34.1827750206	-1
34.1827750206	-1
34.1827750206	-1
34.1828110218	1
34.1828110218	1
34.9793579578	-1
35.1629860401	-1
35.2983720303	-1
35.2983720303	-1
35.4337191582	-1
35.4337191582	-1
36.066298008	-1
36.2015199661	-1
37.132887125	-1
37.1342670918	1
37.1663501263	-1
37.1663501263	-1
37.1663501263	-1
37.2686150074	-1
37.2743060589	1
37.2743060589	1
37.2743060589	1
37.4986929893	-1
37.521682024	1
37.6320950985	-1
37.6320950985	-1
37.6320950985	-1
37.6432840824	1
37.6432840824	1
37.6432840824	1
37.7920069695	1
39.284029007	1
40.1993210316	-1
40.2004570961	1
40.2880899906	-1
40.2880899906	-1
40.2880899906	-1
40.3358860016	-1
40.3705790043	-1
40.3705790043	-1
40.3705790043	-1
40.3705790043	-1
40.3705790043	-1
40.4122321606	-1
40.5810830593	1
40.5817940235	1
40.5817940235	1
40.5817940235	1
40.5825941563	1
40.5825941563	1
40.5838651657	1
40.5838651657	1
40.5838651657	1
40.606785059	-1
40.606785059	-1
40.8295731544	1
40.8295731544	1
40.8295731544	1
40.8311071396	1
40.8311071396	1
44.3783340454	-1
44.5336821079	-1
44.5567200184	-1
44.5567200184	-1
44.5567200184	-1
44.5956730843	-1
44.5956730843	-1
44.5956730843	-1
44.5956730843	-1
44.5956730843	-1
44.5956730843	-1
44.5956730843	-1
44.5956730843	-1
44.6008300781	-1
44.6008300781	-1
44.6008300781	-1
44.6008300781	-1
44.6008300781	-1
44.6008300781	-1
44.6008300781	-1
44.6020550728	1
44.6213691235	-1
44.6214749813	-1
44.6214749813	-1
44.6214749813	-1
44.6214749813	-1
44.6214749813	-1
44.621598959	-1
44.621598959	-1
44.621598959	-1
44.6823251247	-1
44.6823251247	-1
44.6823251247	-1
44.6823251247	-1
44.6823251247	-1
44.6823251247	-1
44.7043321133	-1
44.7043321133	-1
44.7043321133	-1
44.7043321133	-1
44.7043321133	-1
44.7043321133	-1
44.7043321133	-1
44.7043321133	-1
44.7315890789	-1
44.7315890789	-1
44.7315890789	-1
44.7315890789	-1
44.7315890789	-1
44.7315890789	-1
44.7315890789	-1
44.7318351269	-1
44.7319569588	-1
44.7319569588	-1
44.7319569588	-1
44.7319569588	-1
44.7319569588	-1
44.7319569588	-1
44.7319569588	-1
44.7576451302	-1
44.7576451302	-1
44.7576451302	-1
44.7576451302	-1
44.7576451302	-1
44.7576451302	-1
44.7579870224	-1
44.758108139	-1
44.758108139	-1
44.7582349777	-1
44.7582349777	-1
44.7582349777	-1
44.7611539364	1
44.8938400745	-1
44.8938400745	-1
44.8954839706	1
44.8954839706	1
44.8954839706	1
44.9335291386	1
45.0222971439	-1
45.0222971439	-1
45.0222971439	-1
45.030962944	-1
45.121199131	1
45.166821003	-1
45.2564649582	1
45.3915719986	1
47.6037349701	-1
49.203001976	-1
50.2909989357	1
50.2912039757	1
50.2912039757	1
50.2912039757	1
50.2912039757	1
50.9754021168	-1
50.9817640781	1
51.0720560551	-1
51.0720560551	-1
51.0720560551	-1
51.1053190231	-1
51.1053190231	-1
51.1053190231	-1
51.1053190231	-1
51.1053190231	-1
51.1053190231	-1
51.1053190231	-1
51.1053190231	-1
51.1093940735	-1
51.1093940735	-1
51.1093940735	-1
51.1093940735	-1
51.1093940735	-1
51.1093940735	-1
51.1093940735	-1
51.116959095	1
51.116959095	1
51.117937088	-1
51.117937088	-1
51.117937088	-1
51.117937088	-1
51.117937088	-1
51.117937088	-1
51.117937088	-1
51.117937088	-1
51.1322879791	-1
51.1324081421	-1
51.1324081421	-1
51.1324081421	-1
51.1324081421	-1
51.1324081421	-1
51.2413179874	-1
51.2413179874	-1
51.2413179874	-1
51.2413179874	-1
51.2413179874	-1
51.2415630817	-1
51.2415630817	-1
51.2415630817	-1
51.2415630817	-1
51.2415630817	-1
51.2415630817	-1
51.2525579929	1
51.2966711521	1
51.2966711521	1
51.2966711521	1
51.311175108	1
51.311175108	1
51.3248159885	-1
51.3248159885	-1
51.3248159885	-1
51.3433761597	-1
51.3433761597	-1
51.3881709576	-1
51.3882181644	1
51.3882181644	1
51.4819350243	1
51.4819350243	1
51.4819350243	1
51.5237879753	-1
51.523815155	1
51.5910921097	-1
51.5910921097	-1
51.5910921097	-1
51.5910921097	-1
51.65934515	-1
51.7246620655	1
52.3304131031	-1
52.331870079	1
52.4011271	-1
52.4011271	-1
52.4011271	-1
52.467138052	1
52.467138052	1
52.6026141644	1
52.7203910351	1
52.7203910351	1
52.7203910351	1
54.4918501377	-1
54.4950859547	1
54.6302101612	1
54.7654061317	1
54.7654061317	1
56.5122430325	-1
56.7721891403	-1
56.7732861042	1
56.9673140049	-1
56.9685051441	1
57.2650499344	-1
57.4373531342	-1
57.6426310539	-1
57.712816	-1
57.712816	-1
57.712816	-1
57.7212910652	-1
57.7212910652	-1
57.7212910652	-1
57.7212910652	-1
57.7212910652	-1
57.7212910652	-1
57.7212910652	-1
57.7212910652	-1
57.7397019863	-1
57.7397019863	-1
57.7397019863	-1
57.7397019863	-1
57.7397019863	-1
57.7397019863	-1
57.7397019863	-1
57.7697639465	-1
57.7698130608	-1
57.7698130608	-1
57.7698130608	-1
57.7698130608	-1
57.7698130608	-1
57.7700030804	-1
57.7984540462	-1
57.7984540462	-1
57.7984540462	-1
57.7984540462	-1
57.7984540462	-1
57.8567750454	-1
57.8568811417	-1
57.8568811417	-1
57.8568811417	-1
57.8568811417	-1
57.8568811417	-1
57.8568811417	-1
57.8568811417	-1
57.8571269512	-1
57.936563015	1
58.0719771385	1
58.1005129814	-1
58.2450129986	1
58.561424017	-1
58.5628499985	1
58.8521430492	-1
58.8528499603	1
59.152889967	-1
59.1541039944	1
59.2894029617	-1
59.2905981541	1
59.5025811195	-1
59.5038371086	1
59.6395471096	-1
59.8132209778	-1
60.2906579971	1
61.321750164	-1
61.3812561035	-1
61.3812561035	-1
61.3812561035	-1
61.3827021122	1
62.2926580906	1
62.4278481007	1
63.2924151421	1
64.2921011448	1
64.4273409843	1
64.7796809673	-1
64.9150691032	-1
64.9150691032	-1
65.3129460812	-1
65.4481451511	-1
65.4554829597	1
66.2930121422	1
66.313051939	-1
66.428483963	1
66.428483963	1
66.4860630035	-1
66.5653560162	1
66.5653560162	1
66.6101689339	-1
66.6101689339	-1
66.6101689339	-1
66.6101689339	-1
66.6101689339	-1
66.6101689339	-1
66.6101689339	-1
66.7005460262	1
66.7005460262	1
67.0263531208	-1
67.0316181183	-1
67.0316181183	-1
67.0316181183	-1
67.0316181183	-1
67.0316181183	-1
67.0316181183	-1
67.3946650028	-1
67.5301480293	-1
67.7047049999	-1
67.7150080204	-1
67.7150080204	-1
67.7150080204	-1
67.840113163	-1
67.843569994	1
68.0930700302	1
69.5654399395	-1
70.1958861351	-1
71.2671749592	-1
71.2836811543	-1
71.2836811543	-1
71.2836811543	-1
71.2836811543	-1
71.2836811543	-1
71.2836811543	-1
71.3012900352	-1
71.3012900352	-1
71.3012900352	-1
71.3012900352	-1
72.9503190517	1
73.2017159462	1
74.0280020237	-1
74.1632940769	-1
74.5068750381	-1
74.5528659821	-1
74.5528659821	-1
74.5528659821	-1
74.5548930168	1
74.5567779541	-1
74.5567779541	-1
74.5567779541	-1
74.5567779541	-1
74.5567779541	-1
74.5567779541	-1
74.5567779541	-1
74.5609760284	-1
74.5609760284	-1
74.5609760284	-1
74.5609760284	-1
74.5609760284	-1
74.5609760284	-1
74.5609760284	-1
74.5801870823	-1
74.5801870823	-1
74.5801870823	-1
74.5801870823	-1
74.5801870823	-1
74.5801870823	-1
74.5801870823	-1
74.5801870823	-1
74.5814840794	1
74.5814840794	1
74.5814840794	1
74.6697399616	-1
74.6697399616	-1
74.6697399616	-1
74.6697399616	-1
74.6697399616	-1
74.6697399616	-1
74.6697399616	-1
74.6924481392	-1
74.692553997	-1
74.692553997	-1
74.692553997	-1
74.692553997	-1
74.692553997	-1
74.692553997	-1
74.692553997	-1
74.692800045	-1
74.692800045	-1
74.692800045	-1
74.692800045	-1
74.7158181667	-1
74.7158181667	-1
74.7158181667	-1
74.7158181667	-1
74.7158181667	-1
74.7158181667	-1
74.7158181667	-1
74.7158181667	-1
74.7161660194	-1
74.7161660194	-1
74.7161660194	-1
74.7161660194	-1
74.7161660194	-1
74.7161660194	-1
74.7161660194	-1
74.7164120674	-1
74.8053071499	-1
74.8053071499	-1
74.8053071499	-1
74.8053071499	-1
74.8053071499	-1
74.8053071499	-1
74.8053071499	-1
74.8054449558	-1
74.8054449558	-1
74.8054449558	-1
74.8054449558	-1
74.8054449558	-1
74.8054449558	-1
74.8054449558	-1
74.8054449558	-1
74.80590415	-1
74.80590415	-1
74.828715086	-1
74.828715086	-1
74.8287580013	1
74.8287580013	1
74.8287880421	-1
74.8287880421	-1
74.8287880421	-1
74.8287880421	-1
74.8287880421	-1
74.8287880421	-1
74.8287880421	-1
74.8290650845	-1
74.8290650845	-1
74.8290650845	-1
74.8290650845	-1
74.8290650845	-1
74.8290650845	-1
74.8290650845	-1
74.8521211147	-1
74.8521211147	-1
74.8521211147	-1
74.8521211147	-1
74.8521211147	-1
74.8521211147	-1
74.8521211147	-1
74.8522591591	-1
74.8524730206	-1
74.8524730206	-1
74.8524730206	-1
74.8524730206	-1
74.8524730206	-1
74.8524730206	-1
74.8524730206	-1
74.8524730206	-1
74.8528399467	-1
74.8528399467	-1
74.8528399467	-1
74.8528399467	-1
74.8528399467	-1
74.8528399467	-1
74.8528399467	-1
74.9419901371	-1
74.9419901371	-1
74.9419901371	-1
74.9419901371	-1
74.9419901371	-1
74.998568058	1
74.998568058	1
74.998568058	1
75.001044035	1
75.0786149502	-1
75.1478049755	1
75.2141230106	-1
75.2913870811	1
75.2913870811	1
79.0309519768	-1
79.0324089527	1
79.16781497	-1
79.1691031456	1
79.3044271469	-1
79.5865621567	-1
79.5879631042	1
79.7057039738	-1
79.7057039738	-1
79.7057039738	-1
79.7113289833	1
79.7113289833	1
79.7113289833	1
79.8964619637	-1
79.8977270126	1
80.0330519676	-1
80.0342440605	1
80.1489090919	-1
80.1489090919	-1
80.1489090919	-1
80.169629097	1
80.3447191715	1
81.7256710529	-1
81.7290771008	-1
81.7290771008	-1
81.7290771008	-1
81.7290771008	-1
81.7290771008	-1
81.754732132	-1
81.7641720772	-1
81.7641720772	-1
81.7683491707	-1
81.7683491707	-1
81.7683491707	-1
81.7791881561	1
81.8761630058	1
81.8761630058	1
81.8761630058	1
81.9143550396	1
81.9143550396	1
82.4038670063	-1
82.4062840939	-1
82.4062840939	-1
82.4062840939	-1
82.4062840939	-1
82.4062840939	-1
82.4804389477	-1
82.5176870823	-1
82.5176870823	-1
82.5226011276	-1
82.5226011276	-1
82.5226011276	-1
82.5226011276	-1
82.5226011276	-1
82.6196191311	-1
82.6196191311	-1
82.6196191311	-1
82.6196191311	-1
82.6196191311	-1
82.6196191311	-1
82.6196191311	-1
82.6196191311	-1
82.6227631569	-1
82.6227631569	-1
82.6227631569	-1
82.6227631569	-1
82.6227631569	-1
82.6227631569	-1
82.6227631569	-1
82.6531140804	-1
82.6531140804	-1
82.6532161236	-1
82.6532161236	-1
82.6532161236	-1
82.6532161236	-1
82.6907670498	-1
82.6907670498	-1
82.6907670498	-1
82.6907670498	-1
82.6907670498	-1
82.6907670498	-1
82.6907670498	-1
82.8336429596	1
82.8544781208	-1
82.8544781208	-1
82.8544781208	-1
82.8544781208	-1
82.8544781208	-1
82.8544781208	-1
82.8544781208	-1
82.9689879417	1
83.6126770973	-1
83.6692011356	-1
83.6692011356	-1
83.6692011356	-1
83.7947850227	1
83.9303081036	1
84.2221009731	1
84.357172966	1
84.357172966	1
84.4401781559	-1
84.5254321098	-1
84.5254321098	-1
84.5254321098	-1
84.5254321098	-1
84.5254321098	-1
84.5254321098	-1
84.5254321098	-1
84.5254321098	-1
84.5279130936	-1
84.5279130936	-1
84.5279130936	-1
84.5279130936	-1
84.5279130936	-1
84.5279130936	-1
84.5279130936	-1
84.5424079895	-1
84.5424079895	-1
84.5424079895	-1
84.5424079895	-1
84.5424079895	-1
84.5424079895	-1
84.7327520847	1
84.7829740047	1
84.7829740047	1
84.7829740047	1
84.8751111031	1
84.8751111031	1
84.8751111031	1
84.8751111031	1
84.8751111031	1
84.8751111031	1
84.8751111031	1
84.8765780926	1
84.8771469593	1
84.8771469593	1
84.8771469593	1
84.8771469593	1
84.8771469593	1
84.8771469593	1
84.9447741508	-1
85.0845971107	1
85.0845971107	1
85.1606421471	-1
85.3332719803	-1
85.333917141	1
85.4973931313	-1
