0.0	1
0.250169992447	1
0.435585975647	-1
0.437100887299	1
0.799853086472	-1
0.800667047501	1
0.804145097733	1
0.804145097733	1
0.804145097733	1
0.876508951187	1
0.876508951187	1
0.876508951187	1
1.24828195572	-1
1.24997806549	1
1.41278409958	-1
1.41423606873	1
1.54804801941	-1
1.54925608635	1
1.62261009216	-1
1.62261009216	-1
1.62261009216	-1
1.68313503265	1
1.68313503265	1
1.81682705879	-1
1.90594100952	-1
1.90594100952	-1
1.90594100952	-1
1.90594100952	-1
1.90594100952	-1
1.90594100952	-1
1.90594100952	-1
2.00074100494	1
2.12175798416	-1
2.12175798416	-1
2.24680995941	-1
2.24680995941	-1
2.24680995941	-1
2.24680995941	-1
2.24680995941	-1
2.24680995941	-1
2.24680995941	-1
2.25133800507	1
2.28460097313	-1
2.29223608971	-1
2.3292889595	-1
2.3292889595	-1
2.3292889595	-1
2.3292889595	-1
2.3292889595	-1
2.3292889595	-1
2.34538197517	-1
2.34538197517	-1
2.42404508591	1
2.56045103073	-1
2.56162500381	1
2.69403195381	-1
3.10837507248	-1
3.2419090271	-1
3.24950909615	1
3.82803702354	-1
4.00003504753	-1
4.0139439106	1
4.1474339962	1
4.49721693993	-1
4.66817188263	-1
4.80177497864	-1
4.80177497864	-1
6.5503680706	1
6.68417906761	1
6.68417906761	1
7.55026602745	1
8.22113394737	-1
8.32994008064	-1
8.32994008064	-1
8.32994008064	-1
8.32994008064	-1
8.32994008064	-1
8.32994008064	-1
8.32994008064	-1
8.32994008064	-1
8.36212587357	1
8.368309021	1
8.368309021	1
8.368309021	1
8.36986708641	1
8.36986708641	1
8.44198489189	-1
8.44198489189	-1
8.44198489189	-1
8.44198489189	-1
8.44198489189	-1
8.44198489189	-1
8.44198489189	-1
8.45270609856	-1
8.48901605606	-1
8.49284005165	1
8.49284005165	1
8.49284005165	1
8.50134205818	-1
8.50134205818	-1
8.50134205818	-1
8.50134205818	-1
8.51706910133	-1
8.51706910133	-1
8.51706910133	-1
8.51706910133	-1
8.51706910133	-1
8.51706910133	-1
8.51706910133	-1
8.51706910133	-1
8.57572507858	-1
8.57572507858	-1
8.57572507858	-1
8.57572507858	-1
8.57572507858	-1
8.61170101166	1
8.61170101166	1
8.61170101166	1
8.62909698486	1
8.67094707489	-1
8.67094707489	-1
8.67094707489	-1
8.67094707489	-1
8.67094707489	-1
8.67094707489	-1
8.67094707489	-1
8.67094707489	-1
8.67704796791	-1
8.67704796791	-1
8.67704796791	-1
8.67704796791	-1
8.67704796791	-1
8.67704796791	-1
8.67704796791	-1
8.76295804977	-1
8.77960991859	1
8.8974840641	-1
8.95164394379	1
9.05054402351	-1
9.05054402351	-1
9.05054402351	-1
9.05265903473	1
9.05265903473	1
9.05265903473	1
9.12389302254	1
9.18438887596	-1
9.18438887596	-1
9.18438887596	-1
9.18438887596	-1
9.22200703621	-1
9.22200703621	-1
9.22200703621	-1
9.22200703621	-1
9.2240729332	1
9.2240729332	1
9.2240729332	1
9.24596095085	1
9.24596095085	1
9.38008308411	-1
9.38008308411	-1
9.56002688408	-1
9.56006407738	1
9.56006407738	1
9.815721035	-1
9.89784789085	-1
9.89784789085	-1
9.89784789085	-1
9.89784789085	-1
9.89784789085	-1
9.89784789085	-1
9.89784789085	-1
9.92067790031	-1
9.92295002937	-1
9.92295002937	-1
9.92295002937	-1
9.92295002937	-1
9.92295002937	-1
9.92295002937	-1
9.92295002937	-1
9.95483708382	-1
9.95483708382	-1
10.000797987	-1
10.000797987	-1
10.000797987	-1
10.000797987	-1
10.000797987	-1
10.000797987	-1
10.000797987	-1
10.031719923	-1
10.0488219261	1
10.0590260029	-1
10.0590260029	-1
10.0590260029	-1
10.0590260029	-1
10.0590260029	-1
10.0590260029	-1
10.0998439789	-1
10.0998439789	-1
10.0998439789	-1
10.0998439789	-1
10.0998439789	-1
10.0998439789	-1
10.0998439789	-1
10.1026909351	-1
10.1026909351	-1
10.1026909351	-1
10.1026909351	-1
10.1026909351	-1
10.1026909351	-1
10.1026909351	-1
10.1217138767	-1
10.1346290112	-1
10.1346290112	-1
10.1346290112	-1
10.1346290112	-1
10.1346290112	-1
10.1346290112	-1
10.1346290112	-1
10.1346290112	-1
10.1348659992	-1
10.1826040745	-1
10.1826040745	-1
10.1826040745	-1
10.1826040745	-1
10.1826040745	-1
10.1826040745	-1
10.1826040745	-1
10.1826369762	1
10.1826369762	1
10.1828269958	-1
10.2056589127	-1
10.2056589127	-1
10.2056589127	-1
10.2056589127	-1
10.2056589127	-1
10.2056589127	-1
10.2056589127	-1
10.2056589127	-1
10.2060079575	-1
10.2060079575	-1
10.2060079575	-1
10.2060079575	-1
10.2060079575	-1
10.2060079575	-1
10.2060079575	-1
10.245775938	-1
10.2458798885	-1
10.2458798885	-1
10.2458798885	-1
10.2458798885	-1
10.2458798885	-1
10.2458798885	-1
10.2458798885	-1
10.2461249828	-1
10.255573988	-1
10.255573988	-1
10.255573988	-1
10.255573988	-1
10.255573988	-1
10.255573988	-1
10.255573988	-1
10.255573988	-1
10.3166399002	-1
10.3166399002	-1
10.3166399002	-1
10.3166399002	-1
10.3166399002	-1
10.3166399002	-1
10.3166399002	-1
10.3166399002	-1
10.3168749809	-1
10.3168749809	-1
10.3168749809	-1
10.3168749809	-1
10.3168749809	-1
10.3168749809	-1
10.3168749809	-1
10.3172430992	-1
10.3172430992	-1
10.3172430992	-1
10.3172430992	-1
10.3172430992	-1
10.3172430992	-1
10.3172430992	-1
10.3188009262	1
10.3272368908	-1
10.3272368908	-1
10.3272368908	-1
10.339370966	-1
10.339370966	-1
10.339370966	-1
10.339370966	-1
10.339370966	-1
10.339370966	-1
10.339370966	-1
10.3863449097	-1
10.3878309727	-1
10.3878309727	-1
10.3878309727	-1
10.3878309727	-1
10.3878309727	-1
10.3878309727	-1
10.3878309727	-1
10.3905739784	-1
10.3905739784	-1
10.3905739784	-1
10.3905739784	-1
10.3905739784	-1
10.3905739784	-1
10.3905739784	-1
10.4083759785	-1
10.4083759785	-1
10.4083759785	-1
10.4083759785	-1
10.4083759785	-1
10.4083759785	-1
10.4083759785	-1
10.4083759785	-1
10.4503359795	-1
10.4503359795	-1
10.4504408836	-1
10.4504408836	-1
10.4504408836	-1
10.4504408836	-1
10.4504408836	-1
10.4504408836	-1
10.4504408836	-1
10.4916050434	1
10.4916050434	1
10.4928889275	-1
10.494314909	-1
10.494314909	-1
10.494314909	-1
10.494314909	-1
10.494314909	-1
10.494314909	-1
10.494314909	-1
10.5045630932	-1
10.5045630932	-1
10.5045630932	-1
10.5045630932	-1
10.5045630932	-1
10.5045630932	-1
10.5045630932	-1
10.5234639645	-1
10.524324894	-1
10.524324894	-1
10.524324894	-1
10.524324894	-1
10.524324894	-1
10.524324894	-1
10.524324894	-1
10.5544800758	-1
10.5544800758	-1
10.5544800758	-1
10.5544800758	-1
10.5544800758	-1
10.5544800758	-1
10.5544800758	-1
10.5544800758	-1
10.5850069523	-1
10.5850069523	-1
10.5866270065	-1
10.5866270065	-1
10.5866270065	-1
10.5866270065	-1
10.5866270065	-1
10.5866270065	-1
10.6065070629	-1
10.6065070629	-1
10.6065070629	-1
10.6065070629	-1
10.6065070629	-1
10.6065070629	-1
10.6065070629	-1
10.6065070629	-1
10.6187329292	-1
10.6187329292	-1
10.6187329292	-1
10.6187329292	-1
10.6187329292	-1
10.6187329292	-1
10.6187329292	-1
10.6187329292	-1
10.6187329292	-1
10.6282570362	-1
10.6290590763	-1
10.6290590763	-1
10.6290590763	-1
10.6290590763	-1
10.6290590763	-1
10.6290590763	-1
10.6290590763	-1
10.6353769302	1
10.7609789371	-1
10.7609789371	-1
10.7609789371	-1
10.7609789371	-1
10.7609789371	-1
10.7609789371	-1
10.7609789371	-1
10.7793900967	-1
10.7794940472	-1
10.7794940472	-1
10.7794940472	-1
10.7794940472	-1
10.7794940472	-1
10.7794940472	-1
10.7794940472	-1
10.7805609703	1
10.8024480343	-1
10.8024480343	-1
10.8024480343	-1
10.8024480343	-1
10.8024480343	-1
10.8024480343	-1
10.8024480343	-1
10.8024480343	-1
10.9599080086	-1
10.9599080086	-1
10.9599080086	-1
10.9599080086	-1
10.9599080086	-1
10.9599080086	-1
10.9599080086	-1
10.9599080086	-1
10.9693698883	-1
11.0561590195	-1
11.0561590195	-1
11.0561590195	-1
11.0561590195	-1
11.0561590195	-1
11.0561590195	-1
11.0561590195	-1
11.0561590195	-1
11.0624039173	-1
11.0624039173	-1
11.0624039173	-1
11.0624039173	-1
11.0624039173	-1
11.0624039173	-1
11.0624039173	-1
11.0635418892	1
11.0726830959	-1
11.0726830959	-1
11.0726830959	-1
11.0726830959	-1
11.0726830959	-1
11.0726830959	-1
11.0726830959	-1
11.0726830959	-1
11.0893149376	-1
11.0893149376	-1
11.0893149376	-1
11.0893149376	-1
11.0893149376	-1
11.0893149376	-1
11.0893149376	-1
11.0893149376	-1
11.1029090881	-1
11.1309258938	-1
11.1309258938	-1
11.1309258938	-1
11.1309258938	-1
11.1309258938	-1
11.1309258938	-1
11.1309258938	-1
11.1508069038	-1
11.1509130001	-1
11.1509130001	-1
11.1509130001	-1
11.1509130001	-1
11.1509130001	-1
11.1509130001	-1
11.1509130001	-1
11.1659209728	-1
11.1659209728	-1
11.1659209728	-1
11.1659209728	-1
11.1659209728	-1
11.1659209728	-1
11.1659209728	-1
11.1874880791	-1
11.1874880791	-1
11.1874880791	-1
11.1874880791	-1
11.1874880791	-1
11.1874880791	-1
11.1874880791	-1
11.1874880791	-1
11.1874880791	-1
11.21529603	-1
11.21529603	-1
11.2187569141	-1
11.2187569141	-1
11.2187569141	-1
11.2187569141	-1
11.2187569141	-1
11.2187569141	-1
11.2187569141	-1
11.2229220867	-1
11.2229220867	-1
11.2229220867	-1
11.2229220867	-1
11.2229220867	-1
11.2229220867	-1
11.2229220867	-1
11.2240579128	1
11.2268440723	-1
11.2268440723	-1
11.2268440723	-1
11.2268440723	-1
11.2268440723	-1
11.2268440723	-1
11.2268440723	-1
11.2312910557	-1
11.2365510464	-1
11.2461550236	-1
11.2461550236	-1
11.2461550236	-1
11.2461550236	-1
11.2461550236	-1
11.2461550236	-1
11.2461550236	-1
11.2799780369	-1
11.2799780369	-1
11.2841448784	-1
11.2841448784	-1
11.2841448784	-1
11.2841448784	-1
11.2841448784	-1
11.2841448784	-1
11.2875058651	-1
11.2875058651	-1
11.2875058651	-1
11.2875058651	-1
11.2875058651	-1
11.2875058651	-1
11.2875058651	-1
11.299669981	-1
11.299669981	-1
11.299669981	-1
11.299669981	-1
11.299669981	-1
11.299669981	-1
11.299669981	-1
11.299669981	-1
11.2998020649	-1
11.3145170212	-1
11.3145170212	-1
11.3145170212	-1
11.3145170212	-1
11.3145170212	-1
11.3145170212	-1
11.3145170212	-1
11.3145170212	-1
11.3702979088	-1
11.3703320026	1
11.3703320026	1
11.4495148659	-1
11.4495148659	-1
11.4495148659	-1
11.4495148659	-1
11.4495148659	-1
11.4495148659	-1
11.4495148659	-1
11.4633319378	-1
11.4634370804	-1
11.4634370804	-1
11.4634370804	-1
11.4634370804	-1
11.4634370804	-1
11.4634370804	-1
11.4634370804	-1
11.4779939651	-1
11.4779939651	-1
11.4779939651	-1
11.4779939651	-1
11.4779939651	-1
11.4779939651	-1
11.4779939651	-1
11.4779939651	-1
11.5043509007	-1
11.5111351013	-1
11.5111351013	-1
11.5111351013	-1
11.5111351013	-1
11.5111351013	-1
11.5111351013	-1
11.5111351013	-1
11.538891077	-1
11.538891077	-1
11.5539300442	-1
11.5539300442	-1
11.5539300442	-1
11.5539300442	-1
11.5539300442	-1
11.5539300442	-1
11.5672409534	-1
11.5672409534	-1
11.5672409534	-1
11.5672409534	-1
11.5672409534	-1
11.5672409534	-1
11.5672409534	-1
11.5672409534	-1
11.5729129314	-1
11.5729129314	-1
11.5729129314	-1
11.5729129314	-1
11.5729129314	-1
11.5729129314	-1
11.5729129314	-1
11.5729129314	-1
11.5740730762	1
11.6518199444	-1
11.6518199444	-1
11.6518199444	-1
11.6518199444	-1
11.6518199444	-1
11.6518199444	-1
11.6518199444	-1
11.6518199444	-1
11.6567940712	-1
11.7478010654	1
11.8940999508	-1
11.8940999508	-1
11.8940999508	-1
11.8940999508	-1
11.8940999508	-1
11.8940999508	-1
11.8940999508	-1
11.9059369564	-1
11.9059369564	-1
11.9059369564	-1
11.9059369564	-1
11.9059369564	-1
11.9059369564	-1
11.9059369564	-1
11.9407808781	-1
11.9407808781	-1
11.9407808781	-1
11.9407808781	-1
11.9407808781	-1
11.9407808781	-1
11.9407808781	-1
11.9407808781	-1
11.9560558796	-1
11.9738709927	-1
11.9738709927	-1
11.9738709927	-1
11.9738709927	-1
11.9738709927	-1
11.9738709927	-1
11.9738709927	-1
11.9738709927	-1
11.9791970253	-1
12.1436960697	-1
12.1436960697	-1
12.1436960697	-1
12.1436960697	-1
12.1436960697	-1
12.1436960697	-1
12.1436960697	-1
12.1436960697	-1
12.1471960545	-1
12.1471960545	-1
12.1471960545	-1
12.1471960545	-1
12.1471960545	-1
12.1471960545	-1
12.1471960545	-1
12.1772389412	-1
12.1772389412	-1
12.1772389412	-1
12.1772389412	-1
12.1772389412	-1
12.1772389412	-1
12.1772389412	-1
12.1772389412	-1
12.1908459663	-1
12.1908459663	-1
12.1908459663	-1
12.1908459663	-1
12.1908459663	-1
12.1908459663	-1
12.1908459663	-1
12.1908459663	-1
12.2005550861	-1
12.2005550861	-1
12.2043910027	-1
12.2043910027	-1
12.2043910027	-1
12.2043910027	-1
12.2043910027	-1
12.2043910027	-1
12.2043910027	-1
12.208589077	-1
12.208589077	-1
12.208589077	-1
12.208589077	-1
12.208589077	-1
12.208589077	-1
12.208589077	-1
12.2203669548	-1
12.2203669548	-1
12.2203669548	-1
12.2203669548	-1
12.2203669548	-1
12.2203669548	-1
12.2203669548	-1
12.2240669727	1
12.2330420017	-1
12.2330420017	-1
12.2330420017	-1
12.2330420017	-1
12.2330420017	-1
12.2330420017	-1
12.2330420017	-1
12.2330420017	-1
12.2330420017	-1
12.2400860786	-1
12.2400860786	-1
12.2434659004	-1
12.2434659004	-1
12.2434659004	-1
12.2434659004	-1
12.2434659004	-1
12.2434659004	-1
12.2472269535	1
12.2472269535	1
12.2472269535	1
12.2729430199	-1
12.2729430199	-1
12.2729430199	-1
12.2729430199	-1
12.2729430199	-1
12.2729430199	-1
12.2729430199	-1
12.2729430199	-1
12.2733008862	-1
12.2733008862	-1
12.2733008862	-1
12.2733008862	-1
12.2733008862	-1
12.2733008862	-1
12.2733008862	-1
12.2733008862	-1
12.3111178875	-1
12.3111178875	-1
12.3111178875	-1
12.3111178875	-1
12.3111178875	-1
12.3111178875	-1
12.3111178875	-1
12.3111178875	-1
12.3572440147	-1
12.3628978729	-1
12.3628978729	-1
12.3628978729	-1
12.3628978729	-1
12.3628978729	-1
12.3628978729	-1
12.3628978729	-1
12.3628978729	-1
12.3629319668	1
12.3658668995	-1
12.3658668995	-1
12.3658668995	-1
12.3658668995	-1
12.3658668995	-1
12.3658668995	-1
12.3819830418	-1
12.3819830418	-1
12.3819830418	-1
12.3819830418	-1
12.3819830418	-1
12.3819830418	-1
12.3819830418	-1
12.3819830418	-1
12.3819830418	-1
12.3981420994	-1
12.3981420994	-1
12.3981420994	-1
12.3981420994	-1
12.3981420994	-1
12.3981420994	-1
12.3981420994	-1
12.4019429684	-1
12.4194819927	-1
12.4194819927	-1
12.4194819927	-1
12.4194819927	-1
12.4194819927	-1
12.4194819927	-1
12.4194819927	-1
12.4194819927	-1
12.423913002	-1
12.423913002	-1
12.423913002	-1
12.423913002	-1
12.423913002	-1
12.423913002	-1
12.423913002	-1
12.4360609055	-1
12.4476509094	-1
12.4476509094	-1
12.4476509094	-1
12.4476509094	-1
12.4476509094	-1
12.4476509094	-1
12.4476509094	-1
12.4548490047	-1
12.4612569809	-1
12.4612569809	-1
12.4612569809	-1
12.4612569809	-1
12.4612569809	-1
12.4612569809	-1
12.4612569809	-1
12.4675650597	-1
12.4768328667	-1
12.4768328667	-1
12.4768328667	-1
12.4768328667	-1
12.4768328667	-1
12.4768328667	-1
12.4768328667	-1
12.4768328667	-1
12.4808900356	-1
12.4808900356	-1
12.4808900356	-1
12.4808900356	-1
12.4808900356	-1
12.4808900356	-1
12.4808900356	-1
12.482006073	1
12.482006073	1
12.482006073	1
12.4918839931	-1
12.4961719513	-1
12.4961719513	-1
12.4961719513	-1
12.4961719513	-1
12.4961719513	-1
12.4961719513	-1
12.4961719513	-1
12.5045979023	-1
12.5045979023	-1
12.5045979023	-1
12.5045979023	-1
12.5045979023	-1
12.5045979023	-1
12.5045979023	-1
12.5045979023	-1
12.520277977	-1
12.520277977	-1
12.5472579002	-1
12.5472579002	-1
12.5472579002	-1
12.5472579002	-1
12.5472579002	-1
12.5472579002	-1
12.5472579002	-1
12.5513548851	-1
12.5513548851	-1
12.5513548851	-1
12.5513548851	-1
12.5513548851	-1
12.5513548851	-1
12.5513548851	-1
12.5674190521	-1
12.5674190521	-1
12.5674190521	-1
12.5674190521	-1
12.5674190521	-1
12.5674190521	-1
12.5674190521	-1
12.5674190521	-1
12.5781159401	-1
12.5781159401	-1
12.5781159401	-1
12.5781159401	-1
12.5781159401	-1
12.5781159401	-1
12.5781159401	-1
12.5781159401	-1
12.5983769894	-1
12.5983769894	-1
12.653429985	-1
12.653429985	-1
12.653429985	-1
12.653429985	-1
12.653429985	-1
12.653429985	-1
12.653429985	-1
12.653429985	-1
12.6534640789	1
12.656306982	-1
12.656306982	-1
12.656306982	-1
12.656306982	-1
12.656306982	-1
12.656306982	-1
12.656306982	-1
12.6699850559	-1
12.6699850559	-1
12.6699850559	-1
12.6699850559	-1
12.6699850559	-1
12.6699850559	-1
12.6699850559	-1
12.6699850559	-1
12.7385978699	-1
12.7385978699	-1
12.7385978699	-1
12.7385978699	-1
12.7385978699	-1
12.7385978699	-1
12.7385978699	-1
12.7385978699	-1
12.7612090111	-1
12.7612090111	-1
12.7754878998	-1
12.7754878998	-1
12.7754878998	-1
12.7754878998	-1
12.7754878998	-1
12.7754878998	-1
12.7754878998	-1
12.7818319798	-1
12.7818319798	-1
12.7818319798	-1
12.7818319798	-1
12.7818319798	-1
12.7818319798	-1
12.7818319798	-1
12.7870180607	1
12.7870180607	1
12.7969100475	-1
12.7969100475	-1
12.7969100475	-1
12.7969100475	-1
12.7969100475	-1
12.7969100475	-1
12.7969100475	-1
12.8085019588	-1
12.8085019588	-1
12.8147819042	-1
12.8147819042	-1
12.8147819042	-1
12.8147819042	-1
12.8147819042	-1
12.8147819042	-1
12.8147819042	-1
12.8182489872	-1
12.8443329334	-1
12.8443329334	-1
12.8443329334	-1
12.8443329334	-1
12.8443329334	-1
12.8443329334	-1
12.8443329334	-1
12.8459188938	-1
12.8560450077	-1
12.8560450077	-1
12.8560450077	-1
12.8560450077	-1
12.8560450077	-1
12.8560450077	-1
12.8560450077	-1
12.8766648769	-1
12.8908998966	-1
12.8908998966	-1
12.8908998966	-1
12.8908998966	-1
12.8908998966	-1
12.8908998966	-1
12.8908998966	-1
12.9210419655	1
12.9210419655	1
13.0506129265	-1
13.0506129265	-1
13.0506129265	-1
13.0506129265	-1
13.0506129265	-1
13.0506129265	-1
13.0506129265	-1
13.0506129265	-1
13.0717120171	-1
13.0717120171	-1
13.0717120171	-1
13.0717120171	-1
13.0717120171	-1
13.0717120171	-1
13.0717120171	-1
13.0717120171	-1
13.0717120171	-1
13.0768718719	-1
13.0768718719	-1
13.0768718719	-1
13.0768718719	-1
13.0768718719	-1
13.0768718719	-1
13.0768718719	-1
13.0799350739	-1
13.0916368961	-1
13.0916368961	-1
13.0916368961	-1
13.0916368961	-1
13.0916368961	-1
13.0916368961	-1
13.0916368961	-1
13.0975139141	-1
13.0992078781	1
13.1050560474	-1
13.1050560474	-1
13.1050560474	-1
13.1050560474	-1
13.1050560474	-1
13.1050560474	-1
13.1050560474	-1
13.1200139523	-1
13.2715890408	1
13.2749769688	-1
13.2749769688	-1
13.2749769688	-1
13.2749769688	-1
13.2749769688	-1
13.2749769688	-1
13.2749769688	-1
13.2749769688	-1
13.278785944	-1
13.278785944	-1
13.278785944	-1
13.278785944	-1
13.278785944	-1
13.278785944	-1
13.278785944	-1
13.287815094	-1
13.287815094	-1
13.287815094	-1
13.287815094	-1
13.287815094	-1
13.287815094	-1
13.287815094	-1
13.287815094	-1
13.2953810692	-1
13.2953810692	-1
13.2953810692	-1
13.2953810692	-1
13.2953810692	-1
13.2953810692	-1
13.2953810692	-1
13.2953810692	-1
13.3101160526	-1
13.3101160526	-1
13.3119800091	-1
13.3119800091	-1
13.3119800091	-1
13.3119800091	-1
13.3119800091	-1
13.3119800091	-1
13.314581871	-1
13.314581871	-1
13.314581871	-1
13.314581871	-1
13.314581871	-1
13.314581871	-1
13.314581871	-1
13.3168129921	-1
13.3231420517	-1
13.3231420517	-1
13.3231420517	-1
13.3231420517	-1
13.3231420517	-1
13.3231420517	-1
13.3231420517	-1
13.3231420517	-1
13.3322548866	-1
13.3322548866	-1
13.3322548866	-1
13.3322548866	-1
13.3322548866	-1
13.3322548866	-1
13.3322548866	-1
13.3322548866	-1
13.3393380642	-1
13.3980710506	-1
13.3980710506	-1
13.3980710506	-1
13.3980710506	-1
13.3980710506	-1
13.3980710506	-1
13.3980710506	-1
13.4030499458	-1
13.4031550884	-1
13.4031550884	-1
13.4031550884	-1
13.4031550884	-1
13.4031550884	-1
13.4031550884	-1
13.4031550884	-1
13.4057469368	-1
13.4057469368	-1
13.4057469368	-1
13.4057469368	-1
13.4057469368	-1
13.4057469368	-1
13.4057469368	-1
13.4057469368	-1
13.4057810307	1
13.4057810307	1
13.4105958939	-1
13.4105958939	-1
13.4129619598	-1
13.4129619598	-1
13.4129619598	-1
13.4129619598	-1
13.4129619598	-1
13.4129619598	-1
13.4259660244	-1
13.4259660244	-1
13.4259660244	-1
13.4259660244	-1
13.4259660244	-1
13.4259660244	-1
13.4259660244	-1
13.433786869	-1
13.433786869	-1
13.433786869	-1
13.433786869	-1
13.433786869	-1
13.433786869	-1
13.433786869	-1
13.4369399548	-1
13.4369399548	-1
13.4394600391	-1
13.4394600391	-1
13.4437589645	-1
13.4437589645	-1
13.4437589645	-1
13.4437589645	-1
13.4437589645	-1
13.4437589645	-1
13.446803093	-1
13.446803093	-1
13.446803093	-1
13.446803093	-1
13.446803093	-1
13.446803093	-1
13.4564979076	-1
13.4564979076	-1
13.4636790752	-1
13.4636790752	-1
13.4636790752	-1
13.4636790752	-1
13.4636790752	-1
13.4636790752	-1
13.4636790752	-1
13.4637598991	1
13.4637598991	1
13.4637598991	1
13.4669830799	-1
13.4697070122	-1
13.4697070122	-1
13.4697070122	-1
13.4697070122	-1
13.472244978	-1
13.472244978	-1
13.472244978	-1
13.472244978	-1
13.4843890667	-1
13.4843890667	-1
13.4843890667	-1
13.4843890667	-1
13.4843890667	-1
13.4843890667	-1
13.4932560921	-1
13.4932560921	-1
13.4932560921	-1
13.4932560921	-1
13.4932560921	-1
13.4932560921	-1
13.4932560921	-1
13.5038850307	-1
13.5038850307	-1
13.5038850307	-1
13.5039319992	-1
13.5321669579	-1
13.5321669579	-1
13.5321669579	-1
13.5321669579	-1
13.5321669579	-1
13.5321669579	-1
13.5321669579	-1
13.5324170589	-1
13.5324170589	-1
13.5324170589	-1
13.5324170589	-1
13.5324170589	-1
13.5324170589	-1
13.5324170589	-1
13.5326941013	-1
13.5326941013	-1
13.5326941013	-1
13.5326941013	-1
13.5326941013	-1
13.5326941013	-1
13.5326941013	-1
13.5329329967	-1
13.5329329967	-1
13.533151865	-1
13.533151865	-1
13.533151865	-1
13.533151865	-1
13.533151865	-1
13.533151865	-1
13.5333249569	-1
13.5333249569	-1
13.533520937	-1
13.5345320702	1
13.5345320702	1
13.560683012	-1
13.560683012	-1
13.560683012	-1
13.560683012	-1
13.560683012	-1
13.560683012	-1
13.560683012	-1
13.560683012	-1
13.560683012	-1
13.5610239506	-1
13.5610239506	-1
13.5610239506	-1
13.5610239506	-1
13.5610239506	-1
13.5610239506	-1
13.5612149239	-1
13.5612149239	-1
13.5612149239	-1
13.5612149239	-1
13.5612149239	-1
13.5612149239	-1
13.5612149239	-1
13.6181149483	-1
13.6284809113	-1
13.6284809113	-1
13.6284809113	-1
13.6284809113	-1
13.6284809113	-1
13.6284809113	-1
13.6284809113	-1
13.6284809113	-1
13.6304888725	-1
13.6939549446	1
13.6939549446	1
13.9842529297	-1
13.9921219349	-1
13.9921219349	-1
13.9921219349	-1
13.9921219349	-1
13.9921219349	-1
13.9921219349	-1
14.0069839954	-1
14.0069839954	-1
14.0069839954	-1
14.0069839954	-1
14.0069839954	-1
14.0069839954	-1
14.0069839954	-1
14.021750927	-1
14.0303719044	-1
14.0303719044	-1
14.0303719044	-1
14.0303719044	-1
14.0303719044	-1
14.0303719044	-1
14.0303719044	-1
14.0444030762	-1
14.1297960281	-1
14.1297960281	-1
14.1297960281	-1
14.1297960281	-1
14.1297960281	-1
14.1297960281	-1
14.1297960281	-1
14.1297960281	-1
14.1420419216	-1
14.2468528748	1
14.2470259666	1
14.2470259666	1
14.2470259666	1
14.2494940758	-1
14.2494940758	-1
14.2494940758	-1
14.2494940758	-1
14.2494940758	-1
14.2494940758	-1
14.2494940758	-1
14.26343894	-1
14.26343894	-1
14.26343894	-1
14.26343894	-1
14.26343894	-1
14.26343894	-1
14.26343894	-1
14.26343894	-1
14.2763609886	-1
14.2763609886	-1
14.2763609886	-1
14.2763609886	-1
14.2763609886	-1
14.2763609886	-1
14.2763609886	-1
14.2763609886	-1
14.3202688694	-1
14.3227479458	-1
14.3227479458	-1
14.3227479458	-1
14.3227479458	-1
14.3227479458	-1
14.3227479458	-1
14.3227479458	-1
14.328234911	-1
14.3486270905	-1
14.3486270905	-1
14.3486270905	-1
14.3486270905	-1
14.3486270905	-1
14.3486270905	-1
14.3486270905	-1
14.3486270905	-1
14.3516700268	-1
14.3516700268	-1
14.3516700268	-1
14.3516700268	-1
14.3516700268	-1
14.3516700268	-1
14.3516700268	-1
14.3551869392	-1
14.359087944	-1
14.359087944	-1
14.359087944	-1
14.359087944	-1
14.359087944	-1
14.359087944	-1
14.359087944	-1
14.3788058758	-1
14.3788058758	-1
14.3788058758	-1
14.3788058758	-1
14.3788058758	-1
14.3788058758	-1
14.3788058758	-1
14.3788058758	-1
14.3802740574	1
14.3802740574	1
14.3856549263	-1
14.3968720436	-1
14.3968720436	-1
14.3968720436	-1
14.3968720436	-1
14.3968720436	-1
14.3968720436	-1
14.3968720436	-1
14.4033498764	-1
14.403398037	-1
14.403398037	-1
14.403398037	-1
14.403398037	-1
14.403398037	-1
14.403398037	-1
14.403398037	-1
14.4065949917	-1
14.4065949917	-1
14.4065949917	-1
14.4065949917	-1
14.4065949917	-1
14.4065949917	-1
14.4065949917	-1
14.4065949917	-1
14.4133958817	-1
14.4133958817	-1
14.4133958817	-1
14.4133958817	-1
14.4133958817	-1
14.4133958817	-1
14.4133958817	-1
14.4133958817	-1
14.441272974	-1
14.441272974	-1
14.4463310242	-1
14.4463310242	-1
14.4463310242	-1
14.4463310242	-1
14.4463310242	-1
14.4463310242	-1
14.4662880898	-1
14.4662880898	-1
14.4662880898	-1
14.4662880898	-1
14.4662880898	-1
14.4662880898	-1
14.4662880898	-1
14.4662880898	-1
14.4743359089	-1
14.4743359089	-1
14.4798650742	-1
14.4798650742	-1
14.4798650742	-1
14.4798650742	-1
14.4798650742	-1
14.4798650742	-1
14.4917218685	-1
14.4917218685	-1
14.4917218685	-1
14.4917218685	-1
14.4917218685	-1
14.4917218685	-1
14.4917218685	-1
14.4917218685	-1
14.5274488926	-1
14.5274488926	-1
14.5274488926	-1
14.5274488926	-1
14.5274488926	-1
14.5274488926	-1
14.5274488926	-1
14.5274488926	-1
14.5274810791	1
14.5274810791	1
14.5417709351	-1
14.5417709351	-1
14.5417709351	-1
14.5417709351	-1
14.5417709351	-1
14.5417709351	-1
14.5417709351	-1
14.5417709351	-1
14.5595390797	-1
14.5606870651	1
14.5606870651	1
14.5606870651	1
14.5632669926	-1
14.5632669926	-1
14.5632669926	-1
14.5632669926	-1
14.5632669926	-1
14.5632669926	-1
14.5632669926	-1
14.5727889538	-1
14.5753889084	-1
14.5753889084	-1
14.5753889084	-1
14.5753889084	-1
14.5753889084	-1
14.5753889084	-1
14.5753889084	-1
14.5942499638	-1
14.5991449356	-1
14.5991449356	-1
14.5991449356	-1
14.5991449356	-1
14.5991449356	-1
14.5991449356	-1
14.5991449356	-1
14.623208046	-1
14.6273679733	-1
14.6273679733	-1
14.6273679733	-1
14.6273679733	-1
14.6273679733	-1
14.6273679733	-1
14.6273679733	-1
14.632445097	-1
14.632445097	-1
14.632445097	-1
14.632445097	-1
14.632445097	-1
14.632445097	-1
14.6366419792	-1
14.6366419792	-1
14.6413829327	-1
14.6413829327	-1
14.6413829327	-1
14.6413829327	-1
14.6413829327	-1
14.6413829327	-1
14.6413829327	-1
14.6611480713	-1
14.6611480713	-1
14.6611480713	-1
14.6611480713	-1
14.6611480713	-1
14.6611480713	-1
14.6611480713	-1
14.6611480713	-1
14.6611480713	-1
14.6661510468	-1
14.6661510468	-1
14.6661510468	-1
14.6661510468	-1
14.6661510468	-1
14.6661510468	-1
14.6661510468	-1
14.6661839485	1
14.6704759598	-1
14.6765420437	-1
14.6765420437	-1
14.6765420437	-1
14.6765420437	-1
14.6765420437	-1
14.6765420437	-1
14.6765420437	-1
14.7337999344	-1
14.7337999344	-1
14.7337999344	-1
14.7337999344	-1
14.7337999344	-1
14.7337999344	-1
14.7337999344	-1
14.7337999344	-1
14.7533168793	-1
14.7533168793	-1
14.7611000538	-1
14.7611000538	-1
14.7611000538	-1
14.7611000538	-1
14.7611000538	-1
14.7611000538	-1
14.7611000538	-1
14.7670378685	-1
14.7670378685	-1
14.7670378685	-1
14.7670378685	-1
14.7670378685	-1
14.7670378685	-1
14.7670378685	-1
14.795871973	-1
14.795871973	-1
14.795871973	-1
14.795871973	-1
14.795871973	-1
14.795871973	-1
14.795871973	-1
14.795871973	-1
14.8102209568	1
14.8102209568	1
14.8285958767	-1
14.8285958767	-1
14.8285958767	-1
14.8285958767	-1
14.8285958767	-1
14.8285958767	-1
14.8285958767	-1
14.8285958767	-1
14.8450810909	-1
14.8630559444	-1
14.8630559444	-1
14.8696880341	-1
14.8696880341	-1
14.8696880341	-1
14.8696880341	-1
14.8696880341	-1
14.8696880341	-1
14.8696880341	-1
14.883756876	-1
14.883756876	-1
14.883756876	-1
14.883756876	-1
14.883756876	-1
14.883756876	-1
14.883756876	-1
14.9018530846	-1
14.9018530846	-1
14.9018530846	-1
14.9018530846	-1
14.9018530846	-1
14.9018530846	-1
14.9018530846	-1
14.9112949371	-1
14.9124419689	1
14.9124419689	1
14.9124419689	1
14.9271919727	-1
14.9271919727	-1
14.9271919727	-1
14.9271919727	-1
14.9271919727	-1
14.9271919727	-1
14.9271919727	-1
14.9271919727	-1
14.9442498684	-1
15.124227047	-1
15.1280350685	-1
15.1280350685	-1
15.1280350685	-1
15.1280350685	-1
15.1280350685	-1
15.1280350685	-1
15.1280350685	-1
15.1315300465	-1
15.1315300465	-1
15.1315300465	-1
15.1315300465	-1
15.1315300465	-1
15.1315300465	-1
15.1315300465	-1
15.1332628727	1
15.1353049278	-1
15.1353049278	-1
15.1353049278	-1
15.1353049278	-1
15.1353049278	-1
15.1353049278	-1
15.1353049278	-1
15.1422429085	-1
15.1453509331	-1
15.1453509331	-1
15.1453509331	-1
15.1453509331	-1
15.1453509331	-1
15.1453509331	-1
15.1453509331	-1
15.1453509331	-1
15.1490590572	-1
15.1594400406	-1
15.1594400406	-1
15.1594400406	-1
15.1594400406	-1
15.1594400406	-1
15.1594400406	-1
15.1594400406	-1
15.1623668671	-1
15.1660048962	-1
15.1660048962	-1
15.1660048962	-1
15.1660048962	-1
15.1660048962	-1
15.1660048962	-1
15.1660048962	-1
15.1688189507	-1
15.1688189507	-1
15.1688189507	-1
15.1688189507	-1
15.1688189507	-1
15.1688189507	-1
15.1688189507	-1
15.1688189507	-1
15.1717889309	-1
15.182448864	-1
15.182448864	-1
15.182448864	-1
15.182448864	-1
15.182448864	-1
15.182448864	-1
15.182448864	-1
15.1883149147	-1
15.2249538898	-1
15.2249538898	-1
15.2249538898	-1
15.2249538898	-1
15.2249538898	-1
15.2249538898	-1
15.2249538898	-1
15.2296009064	-1
15.2306759357	1
15.2306759357	1
15.2306759357	1
15.2349250317	-1
15.2349250317	-1
15.2349250317	-1
15.2349250317	-1
15.2349250317	-1
15.2349250317	-1
15.2349250317	-1
15.2390630245	-1
15.2390630245	-1
15.2390630245	-1
15.2390630245	-1
15.2390630245	-1
15.2390630245	-1
15.2390630245	-1
15.2390630245	-1
15.2458610535	-1
15.2458610535	-1
15.2618160248	-1
15.2682390213	-1
15.2682390213	-1
15.2682390213	-1
15.2682390213	-1
15.2682390213	-1
15.2682390213	-1
15.2682390213	-1
15.2682390213	-1
15.2682390213	-1
15.2682750225	1
15.2685968876	-1
15.2685968876	-1
15.2685968876	-1
15.2685968876	-1
15.2685968876	-1
15.2767839432	-1
15.2767839432	-1
15.2767839432	-1
15.2767839432	-1
15.2767839432	-1
15.2767839432	-1
15.2767839432	-1
15.2767839432	-1
15.284776926	-1
15.284776926	-1
15.284776926	-1
15.284776926	-1
15.284776926	-1
15.284776926	-1
15.284776926	-1
15.284776926	-1
15.2953650951	-1
15.3990430832	-1
15.3990430832	-1
15.401640892	-1
15.401640892	-1
15.401640892	-1
15.401640892	-1
15.401640892	-1
15.401640892	-1
15.401640892	-1
15.4198689461	-1
15.4198689461	-1
15.4198689461	-1
15.4198689461	-1
15.4198689461	-1
15.4198689461	-1
15.4198689461	-1
15.4333229065	-1
15.4333229065	-1
15.4333229065	-1
15.4333229065	-1
15.4333229065	-1
15.4333229065	-1
15.4333229065	-1
15.4740719795	-1
15.4740719795	-1
15.4740719795	-1
15.4754040241	1
15.6105060577	-1
15.6105060577	-1
15.6105060577	-1
15.6123700142	1
15.6135950089	-1
15.6135950089	-1
15.6135950089	-1
15.6135950089	-1
15.6135950089	-1
15.6135950089	-1
15.6165850163	-1
15.6165850163	-1
15.6165850163	-1
15.6165850163	-1
15.6165850163	-1
15.6165850163	-1
15.6165850163	-1
15.6198410988	-1
15.6260869503	-1
15.6260869503	-1
15.6260869503	-1
15.6260869503	-1
15.6260869503	-1
15.6260869503	-1
15.6260869503	-1
15.6260869503	-1
15.6604499817	-1
15.6604499817	-1
15.6639330387	-1
15.6639330387	-1
15.6639330387	-1
15.6639330387	-1
15.6639330387	-1
15.6639330387	-1
15.6639330387	-1
15.7098898888	1
15.7098898888	1
15.7098898888	1
16.1206059456	-1
16.1262378693	-1
16.1262378693	-1
16.1262378693	-1
16.1262378693	-1
16.1262378693	-1
16.1262378693	-1
16.1329739094	-1
16.1329739094	-1
16.1329739094	-1
16.1441369057	-1
16.1441369057	-1
16.1441369057	-1
16.1441369057	-1
16.1441369057	-1
16.1441369057	-1
16.1441369057	-1
16.1455769539	1
16.1484789848	-1
16.1537399292	-1
16.1537399292	-1
16.1537399292	-1
16.1537399292	-1
16.1537399292	-1
16.1574668884	-1
16.1574668884	-1
16.1574668884	-1
16.1574668884	-1
16.1574668884	-1
16.1574668884	-1
16.1815099716	-1
16.1815099716	-1
16.1815099716	-1
16.1815099716	-1
16.1815099716	-1
16.1815099716	-1
16.1815099716	-1
16.1815099716	-1
16.2019948959	-1
16.2019948959	-1
16.2019948959	-1
16.2019948959	-1
16.2019948959	-1
16.2019948959	-1
16.2019948959	-1
16.2019948959	-1
16.2285280228	-1
16.2285280228	-1
16.2285280228	-1
16.2285280228	-1
16.2285280228	-1
16.2285280228	-1
16.2452180386	-1
16.2452180386	-1
16.2610890865	-1
16.2610890865	-1
16.2610890865	-1
16.2610890865	-1
16.2610890865	-1
16.2760179043	-1
16.2760179043	-1
16.2839210033	1
16.2839210033	1
16.2841310501	-1
16.2841310501	-1
16.2841310501	-1
16.2841310501	-1
16.2841310501	-1
16.2841310501	-1
16.2907629013	-1
16.2907629013	-1
16.2974588871	-1
16.2974588871	-1
16.3100118637	-1
16.3100118637	-1
16.3100118637	-1
16.3100118637	-1
16.3100118637	-1
16.3100118637	-1
16.3164429665	-1
16.3164429665	-1
16.3164429665	-1
16.3164429665	-1
16.3164429665	-1
16.3164429665	-1
16.3290700912	-1
16.3290700912	-1
16.3550460339	-1
16.3550460339	-1
16.3550460339	-1
16.3550460339	-1
16.3550460339	-1
16.3550460339	-1
16.3550460339	-1
16.3641579151	-1
16.3774080276	-1
16.3774080276	-1
16.3774080276	-1
16.3917059898	-1
16.3917059898	-1
16.3917059898	-1
16.3917059898	-1
16.3917059898	-1
16.4136378765	-1
16.4136378765	-1
16.4136378765	-1
16.4136378765	-1
16.4136378765	-1
16.4136378765	-1
16.4136378765	-1
16.4136378765	-1
16.4178540707	-1
16.4178540707	-1
16.4178540707	-1
16.4178540707	-1
16.4178540707	-1
16.4178540707	-1
16.4253280163	-1
16.4253280163	-1
16.4253280163	-1
16.4253599644	1
16.4253599644	1
16.4473640919	-1
16.4473640919	-1
16.4473640919	-1
16.4473640919	-1
16.4473640919	-1
16.4473640919	-1
16.4473640919	-1
16.4574990273	-1
16.4574990273	-1
16.4574990273	-1
16.4574990273	-1
16.4574990273	-1
16.4574990273	-1
16.4574990273	-1
16.4727978706	-1
16.4727978706	-1
16.4727978706	-1
16.4727978706	-1
16.4727978706	-1
16.4727978706	-1
16.4727978706	-1
16.4727978706	-1
16.4957799911	-1
16.4957799911	-1
16.5098249912	-1
16.5098249912	-1
16.5098249912	-1
16.5098249912	-1
16.5098249912	-1
16.5098249912	-1
16.5164580345	-1
16.5164580345	-1
16.5955700874	1
16.7528650761	-1
16.7610149384	-1
16.7610149384	-1
16.7610149384	-1
16.7610149384	-1
16.7610149384	-1
16.7610149384	-1
16.7823739052	-1
16.7823739052	-1
16.7823739052	-1
16.7823739052	-1
16.7823739052	-1
16.7823739052	-1
16.7823739052	-1
16.7823739052	-1
16.8063569069	-1
16.8063569069	-1
16.8063569069	-1
16.8063569069	-1
16.8063569069	-1
16.8063569069	-1
16.8063569069	-1
16.8063569069	-1
16.8088970184	1
16.9003190994	-1
16.9003190994	-1
16.9003190994	-1
16.9003190994	-1
16.9003190994	-1
16.9003190994	-1
16.9003190994	-1
16.9003190994	-1
16.9165530205	-1
16.9795529842	1
16.9795529842	1
17.1577949524	-1
17.1577949524	-1
17.1577949524	-1
17.1577949524	-1
17.1577949524	-1
17.1577949524	-1
17.1577949524	-1
17.167855978	-1
17.1756880283	-1
17.1756880283	-1
17.1756880283	-1
17.1756880283	-1
17.1756880283	-1
17.1756880283	-1
17.1756880283	-1
17.1863760948	-1
17.1863760948	-1
17.1863760948	-1
17.1863760948	-1
17.1863760948	-1
17.1863760948	-1
17.1863760948	-1
17.1863760948	-1
17.2109949589	-1
17.2109949589	-1
17.2109949589	-1
17.2109949589	-1
17.2109949589	-1
17.2109949589	-1
17.2109949589	-1
17.2109949589	-1
17.3023068905	-1
17.3872840405	-1
17.3872840405	-1
17.3872840405	-1
17.3872840405	-1
17.3872840405	-1
17.3872840405	-1
17.3872840405	-1
17.3990910053	-1
17.3990910053	-1
17.3990910053	-1
17.3990910053	-1
17.3990910053	-1
17.3990910053	-1
17.3990910053	-1
17.4184398651	-1
17.4184398651	-1
17.4184398651	-1
17.4184398651	-1
17.4184398651	-1
17.4184398651	-1
17.4184398651	-1
17.4184398651	-1
17.4197440147	1
17.4368510246	-1
17.4729959965	-1
17.4729959965	-1
17.4729959965	-1
17.4778680801	-1
17.4778680801	-1
17.4778680801	-1
17.4778680801	-1
17.4778680801	-1
17.4778680801	-1
17.4919669628	-1
17.4919669628	-1
17.4919669628	-1
17.4919669628	-1
17.4919669628	-1
17.4919669628	-1
17.4919669628	-1
17.4919669628	-1
17.4963638783	-1
17.4963638783	-1
17.4963638783	-1
17.4963638783	-1
17.4963638783	-1
17.4963638783	-1
17.4963638783	-1
17.4963638783	-1
17.5146310329	-1
17.5146310329	-1
17.5146310329	-1
17.5146310329	-1
17.5146310329	-1
17.5146310329	-1
17.5146310329	-1
17.5146310329	-1
17.5287370682	-1
17.5287370682	-1
17.5287868977	-1
17.5287868977	-1
17.5287868977	-1
17.5287868977	-1
17.5287868977	-1
17.5287868977	-1
17.5471279621	-1
17.5471279621	-1
17.5471279621	-1
17.5471279621	-1
17.5471279621	-1
17.5471279621	-1
17.5471279621	-1
17.5471279621	-1
17.5608479977	-1
17.5608479977	-1
17.5608479977	-1
17.5608479977	-1
17.5608479977	-1
17.5608479977	-1
17.5608479977	-1
17.5608479977	-1
17.5608808994	1
17.5608808994	1
17.5699079037	-1
17.5699079037	-1
17.5699079037	-1
17.5699079037	-1
17.5699079037	-1
17.5699079037	-1
17.5699079037	-1
17.5699079037	-1
17.5826499462	-1
17.6013460159	-1
17.6013460159	-1
17.6013460159	-1
17.6013460159	-1
17.6013460159	-1
17.6013460159	-1
17.6013460159	-1
17.6015820503	-1
17.611800909	-1
17.611800909	-1
17.611800909	-1
17.611800909	-1
17.611800909	-1
17.611800909	-1
17.611800909	-1
17.6302099228	-1
17.6302099228	-1
17.6302099228	-1
17.6302099228	-1
17.6302099228	-1
17.6302099228	-1
17.6302099228	-1
17.6302099228	-1
17.6304368973	-1
17.6304368973	-1
17.6304368973	-1
17.6304368973	-1
17.6304368973	-1
17.6304368973	-1
17.6308059692	-1
17.6308059692	-1
17.6308059692	-1
17.6309299469	-1
17.6309299469	-1
17.6309299469	-1
17.6309299469	-1
17.6309299469	-1
17.6309299469	-1
17.6322209835	1
17.6322209835	1
17.6322209835	1
17.6626908779	-1
17.6626908779	-1
17.6626908779	-1
17.6626908779	-1
17.6626908779	-1
17.6626908779	-1
17.6626908779	-1
17.6630599499	-1
17.6630599499	-1
17.6630599499	-1
17.6630599499	-1
17.6630599499	-1
17.6630599499	-1
17.6630599499	-1
17.6630599499	-1
17.6633050442	-1
17.6633050442	-1
17.6634309292	-1
17.6634309292	-1
17.6634309292	-1
17.6634309292	-1
17.6634309292	-1
17.6636660099	-1
17.6636660099	-1
17.6636660099	-1
17.6637980938	-1
17.6671528816	1
17.6671528816	1
17.6791338921	-1
17.6791338921	-1
17.6791338921	-1
17.6791338921	-1
17.6791338921	-1
17.6791338921	-1
17.6791338921	-1
17.6793608665	-1
17.722356081	-1
17.722356081	-1
17.722356081	-1
17.722356081	-1
17.722356081	-1
17.722356081	-1
17.722356081	-1
17.7223889828	1
17.7471148968	-1
17.7471148968	-1
17.7471148968	-1
17.7471148968	-1
17.7471148968	-1
17.7471148968	-1
17.7471148968	-1
17.7471148968	-1
17.7638940811	-1
17.7668850422	-1
17.7668850422	-1
17.7668850422	-1
17.7668850422	-1
17.8654360771	1
18.0023770332	1
18.0043749809	-1
18.0043749809	-1
18.0043749809	-1
18.0043749809	-1
18.0043749809	-1
18.0043749809	-1
18.0043749809	-1
18.0043749809	-1
18.0088040829	-1
18.0088040829	-1
18.0088040829	-1
18.0088040829	-1
18.0088040829	-1
18.0088040829	-1
18.0088040829	-1
18.0088040829	-1
18.0110728741	-1
18.0125780106	-1
18.0125780106	-1
18.0125780106	-1
18.0125780106	-1
18.0125780106	-1
18.0125780106	-1
18.0125780106	-1
18.0193860531	-1
18.0209009647	-1
18.0209009647	-1
18.0209009647	-1
18.0209009647	-1
18.0209009647	-1
18.0209009647	-1
18.0209009647	-1
18.0227029324	-1
18.1754050255	1
18.1796588898	-1
18.1796588898	-1
18.1796588898	-1
18.1796588898	-1
18.1796588898	-1
18.1796588898	-1
18.1796588898	-1
18.1796588898	-1
18.1878240108	-1
18.1878240108	-1
18.1878240108	-1
18.1878240108	-1
18.1878240108	-1
18.1878240108	-1
18.1878240108	-1
18.2008879185	-1
18.2008879185	-1
18.2008879185	-1
18.2008879185	-1
18.2008879185	-1
18.2008879185	-1
18.2008879185	-1
18.2008879185	-1
18.2058019638	-1
18.2112090588	-1
18.2112090588	-1
18.2112090588	-1
18.2112090588	-1
18.2112090588	-1
18.2112090588	-1
18.2112090588	-1
18.230396986	-1
18.230396986	-1
18.2365009785	-1
18.2365009785	-1
18.2365009785	-1
18.2604808807	-1
18.2604808807	-1
18.2604808807	-1
18.2730128765	-1
18.2790150642	-1
18.2790150642	-1
18.2790150642	-1
18.2790150642	-1
18.2855250835	-1
18.2855250835	-1
18.2855250835	-1
18.3175830841	-1
18.3176279068	1
18.3392488956	-1
18.3593409061	1
18.3593409061	1
18.3593409061	1
18.6240470409	1
19.0237810612	-1
19.0578989983	-1
19.0578989983	-1
19.0578989983	-1
19.0578989983	-1
19.0578989983	-1
19.0578989983	-1
19.0578989983	-1
19.0578989983	-1
19.0578989983	-1
19.0600979328	-1
19.0600979328	-1
19.0600979328	-1
19.0600979328	-1
19.0600979328	-1
19.112664938	-1
19.112664938	-1
19.112664938	-1
19.112664938	-1
19.112664938	-1
19.112664938	-1
19.1137449741	1
19.1168489456	-1
19.1168489456	-1
19.1168489456	-1
19.1199929714	-1
19.1199929714	-1
19.1199929714	-1
19.1199929714	-1
19.1199929714	-1
19.1199929714	-1
19.1231460571	-1
19.1231460571	-1
19.1287748814	-1
19.1287748814	-1
19.1287748814	-1
19.1287748814	-1
19.1287748814	-1
19.1287748814	-1
19.1287748814	-1
19.1810569763	-1
19.1810569763	-1
19.1810569763	-1
19.1810569763	-1
19.1810569763	-1
19.1810569763	-1
19.1810569763	-1
19.1812860966	-1
19.1812860966	-1
19.1814079285	-1
19.1814079285	-1
19.1814079285	-1
19.1814079285	-1
19.1814079285	-1
19.1814079285	-1
19.1816530228	-1
19.1816530228	-1
19.1817770004	-1
19.1817770004	-1
19.1817770004	-1
19.1817770004	-1
19.1817770004	-1
19.1817770004	-1
19.1817770004	-1
19.1817770004	-1
19.1940588951	-1
19.1940588951	-1
19.1941828728	-1
19.1941828728	-1
19.1941828728	-1
19.1941828728	-1
19.1941828728	-1
19.1941828728	-1
19.1944279671	-1
19.1944279671	-1
19.1944279671	-1
19.1944279671	-1
19.1944279671	-1
19.1944279671	-1
19.1946730614	-1
19.1946730614	-1
19.1947960854	-1
19.1947960854	-1
19.1947960854	-1
19.1947960854	-1
19.1947960854	-1
19.1947960854	-1
19.2474179268	1
19.2474179268	1
19.2538409233	-1
19.2538409233	-1
19.253895998	-1
19.253895998	-1
19.253895998	-1
19.253895998	-1
19.253895998	-1
19.253895998	-1
19.253895998	-1
19.253895998	-1
19.2543330193	-1
19.2543330193	-1
19.2543330193	-1
19.2543330193	-1
19.2543330193	-1
19.2543330193	-1
19.2543330193	-1
19.2543330193	-1
19.2543330193	-1
19.2543330193	-1
19.3003890514	-1
19.3003890514	-1
19.3003890514	-1
19.3003890514	-1
19.300716877	-1
19.300716877	-1
19.300716877	-1
19.300716877	-1
19.300716877	-1
19.300716877	-1
19.300716877	-1
19.300716877	-1
19.3010859489	-1
19.3010859489	-1
19.3010859489	-1
19.3010859489	-1
19.3010859489	-1
19.3010859489	-1
19.3010859489	-1
19.3010859489	-1
19.3010859489	-1
19.3155810833	-1
19.3155810833	-1
19.3157880306	-1
19.3157880306	-1
19.3157880306	-1
19.3157880306	-1
19.3157880306	-1
19.3157880306	-1
19.3160328865	-1
19.3160328865	-1
19.3160328865	-1
19.3160328865	-1
19.3160328865	-1
19.3160328865	-1
19.3160328865	-1
19.3160328865	-1
19.316341877	-1
19.316341877	-1
19.316341877	-1
19.316341877	-1
19.316341877	-1
19.316341877	-1
19.316341877	-1
19.316341877	-1
19.3167710304	-1
19.3167710304	-1
19.3197369576	1
19.3197369576	1
19.3197369576	1
19.3244149685	-1
19.3244149685	-1
19.3244149685	-1
19.3244149685	-1
19.3244149685	-1
19.3244149685	-1
19.3244149685	-1
19.327589035	-1
19.3294010162	1
19.3294010162	1
19.4196169376	1
19.4196169376	1
20.128319025	-1
20.1605949402	-1
20.1605949402	-1
20.1605949402	-1
20.1605949402	-1
20.1605949402	-1
20.1605949402	-1
20.1605949402	-1
20.1883089542	-1
20.1883370876	-1
20.1883370876	-1
20.1883370876	-1
20.1883370876	-1
20.1883370876	-1
20.1883370876	-1
20.1883370876	-1
20.2270870209	-1
20.2270870209	-1
20.2270870209	-1
20.2270870209	-1
20.2270870209	-1
20.2270870209	-1
20.2270870209	-1
20.2270870209	-1
20.294260025	-1
20.294260025	-1
20.294260025	-1
20.3352560997	1
21.1578199863	-1
21.1772360802	-1
21.1772360802	-1
21.1772360802	-1
21.1775848866	-1
21.1775848866	-1
21.1775848866	-1
21.1775848866	-1
21.1784410477	-1
21.1787528992	-1
21.1787528992	-1
21.1787528992	-1
21.1787528992	-1
21.1787528992	-1
21.1787528992	-1
21.1975290775	-1
21.1975290775	-1
21.1987550259	1
21.2175569534	-1
21.2175569534	-1
21.2175569534	-1
21.2175569534	-1
21.2175569534	-1
21.2175569534	-1
21.2175569534	-1
21.2177860737	-1
21.3107969761	-1
21.3107969761	-1
21.3107969761	-1
21.3107969761	-1
21.3107969761	-1
21.310904026	-1
21.3120980263	-1
21.3120980263	-1
21.3122110367	-1
21.3122110367	-1
21.3122110367	-1
21.3122110367	-1
21.3122110367	-1
21.3122110367	-1
21.3122110367	-1
21.3124580383	-1
21.3125429153	-1
21.3125429153	-1
21.3125429153	-1
21.3125429153	-1
21.3125429153	-1
21.3125429153	-1
21.3125429153	-1
21.3141040802	1
21.3141040802	1
21.3141040802	1
21.3313779831	-1
21.3313779831	-1
21.3313779831	-1
21.3313779831	-1
21.3313779831	-1
21.3313779831	-1
21.3313779831	-1
21.3317420483	-1
21.3317420483	-1
21.3317420483	-1
21.3317420483	-1
21.3317420483	-1
21.3317420483	-1
21.3317420483	-1
21.3317420483	-1
21.3317420483	-1
21.444879055	-1
21.444879055	-1
21.4449899197	-1
21.4449899197	-1
21.4449899197	-1
21.4449899197	-1
21.4449899197	-1
21.4449899197	-1
21.445235014	-1
21.445235014	-1
21.445235014	-1
21.445235014	-1
21.445235014	-1
21.445235014	-1
21.445235014	-1
21.445235014	-1
21.4456050396	-1
21.4456050396	-1
21.4456050396	-1
21.4456050396	-1
21.4456050396	-1
21.4456050396	-1
21.4456050396	-1
21.4464249611	-1
21.4465470314	-1
21.4465470314	-1
21.4465470314	-1
21.4465470314	-1
21.4465470314	-1
21.4465470314	-1
21.4465470314	-1
21.4465470314	-1
21.4469158649	-1
21.4469158649	-1
21.4469158649	-1
21.4469158649	-1
21.4469158649	-1
21.4469158649	-1
21.4469158649	-1
21.4469158649	-1
21.4472830296	-1
21.4472830296	-1
21.4472830296	-1
21.4472830296	-1
21.4472830296	-1
21.4472830296	-1
21.4472830296	-1
21.4488918781	1
21.4488918781	1
21.4488918781	1
21.4658210278	1
21.4658448696	-1
21.4660279751	-1
21.4660279751	-1
21.4660279751	-1
21.4660279751	-1
21.4660279751	-1
21.4660279751	-1
21.4660279751	-1
21.4662709236	-1
21.4663939476	-1
21.4663939476	-1
21.4663939476	-1
21.4663939476	-1
21.4663939476	-1
21.4663939476	-1
21.4663939476	-1
21.4666409492	-1
21.4666409492	-1
21.5585129261	1
21.5585129261	1
21.5585129261	1
21.5793778896	-1
21.5793778896	-1
21.5793778896	-1
21.5793778896	-1
21.5793778896	-1
21.5793778896	-1
21.5793778896	-1
21.5796010494	-1
21.5796010494	-1
21.5796010494	-1
21.5943040848	1
21.5943040848	1
21.8444099426	1
22.1658389568	-1
22.1805019379	-1
22.1805019379	-1
22.1805019379	-1
22.1818950176	-1
22.1818950176	-1
22.1818950176	-1
22.1818950176	-1
22.2046380043	-1
22.2055308819	1
22.2063059807	-1
22.2063059807	-1
22.2063059807	-1
22.2063059807	-1
22.2063059807	-1
22.2063059807	-1
22.2063059807	-1
22.2240390778	-1
22.2240390778	-1
22.2240390778	-1
22.2240390778	-1
22.2240390778	-1
22.2240390778	-1
22.2240390778	-1
22.2240390778	-1
22.2286689281	-1
22.2286689281	-1
22.2286689281	-1
22.2286689281	-1
22.2286689281	-1
22.2286689281	-1
22.2286689281	-1
22.2286689281	-1
22.2648248672	-1
22.2648248672	-1
22.2649400234	-1
22.2649400234	-1
22.2649400234	-1
22.2649400234	-1
22.2649400234	-1
22.2649400234	-1
22.3385028839	-1
22.3385028839	-1
22.3385028839	-1
22.3385028839	-1
22.3385028839	-1
22.3385028839	-1
22.3385028839	-1
22.3388459682	-1
22.3388960361	-1
22.3388960361	-1
22.3793070316	1
22.4730000496	-1
22.5130879879	1
23.1149420738	-1
23.1152329445	-1
23.1152329445	-1
23.1152329445	-1
23.1152329445	-1
23.1152329445	-1
23.13083601	-1
23.1326770782	-1
23.1326770782	-1
23.1326770782	-1
23.1326770782	-1
23.1338300705	-1
23.1338300705	-1
23.1338300705	-1
23.1338300705	-1
23.1338300705	-1
23.1496338844	-1
23.1496338844	-1
23.1496338844	-1
23.1496338844	-1
23.1496338844	-1
23.1496338844	-1
23.1496338844	-1
23.1496338844	-1
23.171200037	-1
23.171200037	-1
23.171200037	-1
23.171200037	-1
23.171200037	-1
23.171200037	-1
23.1724960804	1
23.2492289543	-1
23.2493619919	-1
23.2493619919	-1
23.2493619919	-1
23.2495720387	-1
23.2495720387	-1
23.2495720387	-1
23.2495720387	-1
23.2495720387	-1
23.2495720387	-1
23.267553091	-1
23.267553091	-1
23.267553091	-1
23.267553091	-1
23.267553091	-1
23.267553091	-1
23.267553091	-1
23.267553091	-1
23.2679209709	-1
23.2679209709	-1
23.2679209709	-1
23.2679209709	-1
23.2679209709	-1
23.2679209709	-1
23.2679209709	-1
23.2679209709	-1
23.2679209709	-1
23.2837700844	-1
23.2837700844	-1
23.2837700844	-1
23.2837700844	-1
23.2837700844	-1
23.2839970589	-1
23.2839970589	-1
23.2841219902	-1
23.2841219902	-1
23.2841219902	-1
23.2841219902	-1
23.2841219902	-1
23.2841219902	-1
23.2841219902	-1
23.2843658924	-1
23.3059659004	1
23.328193903	-1
23.328193903	-1
23.328193903	-1
23.328193903	-1
23.328193903	-1
23.328193903	-1
23.328193903	-1
23.328193903	-1
23.3883609772	-1
23.3883609772	-1
23.3883609772	-1
23.3883609772	-1
23.3883609772	-1
23.3883609772	-1
23.3883609772	-1
23.3883609772	-1
23.3888280392	-1
23.3888280392	-1
23.3888280392	-1
23.3888280392	-1
23.3888280392	-1
23.3888280392	-1
23.4018089771	-1
23.4018089771	-1
23.4018089771	-1
23.4019138813	-1
23.4019138813	-1
23.4019138813	-1
23.4019138813	-1
23.4019138813	-1
23.4021580219	-1
23.4021580219	-1
23.4021580219	-1
23.4021580219	-1
23.4021580219	-1
23.4021580219	-1
23.4021580219	-1
23.4021580219	-1
23.4025070667	-1
23.4025070667	-1
23.4055218697	1
23.4055218697	1
23.4055218697	1
23.4182538986	-1
23.4182538986	-1
23.4182538986	-1
23.4182538986	-1
23.4182538986	-1
23.4182538986	-1
23.4182538986	-1
23.4182538986	-1
23.4184279442	-1
23.4184279442	-1
23.4184279442	-1
23.4184279442	-1
23.4184279442	-1
23.4184279442	-1
23.439866066	-1
23.439866066	-1
23.439866066	-1
23.439866066	-1
23.439866066	-1
23.439866066	-1
23.439866066	-1
23.439866066	-1
23.439866066	-1
23.4399008751	1
23.5736598969	1
24.1209979057	-1
24.1307280064	-1
24.1307280064	-1
24.1307280064	-1
24.1439340115	-1
24.1439340115	-1
24.1439340115	-1
24.1439340115	-1
24.1439340115	-1
24.1439340115	-1
24.1439340115	-1
24.1595098972	-1
24.1598448753	1
24.1620500088	-1
24.1620500088	-1
24.1620500088	-1
24.1620500088	-1
24.1620500088	-1
24.1620500088	-1
24.2937700748	1
24.4272909164	1
24.4272909164	1
25.2375230789	-1
25.2488050461	-1
25.2488050461	-1
25.2488050461	-1
25.2488050461	-1
25.2635009289	-1
25.2635009289	-1
25.2635009289	-1
25.2672080994	-1
25.2672080994	-1
25.2672080994	-1
25.2672080994	-1
25.2672080994	-1
25.2672080994	-1
25.2787899971	-1
25.2787899971	-1
25.2989900112	-1
25.3250279427	-1
25.3250279427	-1
25.3250279427	-1
25.3250279427	-1
25.3250279427	-1
25.3250279427	-1
25.3250279427	-1
25.3430058956	-1
25.3430058956	-1
25.3430058956	-1
25.3430058956	-1
25.3430058956	-1
25.3430058956	-1
25.3430058956	-1
25.3430058956	-1
25.3442790508	1
25.4012169838	-1
25.4012169838	-1
25.4012169838	-1
25.4012169838	-1
25.4012169838	-1
25.4015510082	-1
25.4015510082	-1
25.4015510082	-1
25.4016730785	-1
25.4016730785	-1
25.4016730785	-1
25.4016730785	-1
25.4016730785	-1
25.4016730785	-1
25.4016730785	-1
25.4016730785	-1
25.4590270519	-1
25.4590270519	-1
25.4590270519	-1
25.4590270519	-1
25.4590270519	-1
25.4590270519	-1
25.4590270519	-1
25.4590270519	-1
25.4595029354	-1
25.4595029354	-1
25.4595029354	-1
25.4595029354	-1
25.4595029354	-1
25.4595029354	-1
25.4595029354	-1
25.4595029354	-1
25.4975550175	-1
25.4975550175	-1
25.4975550175	-1
25.4975550175	-1
25.4975550175	-1
25.4975550175	-1
25.4975550175	-1
25.4975550175	-1
25.5358710289	-1
25.5358710289	-1
25.5358710289	-1
25.5358710289	-1
25.5358710289	-1
25.5358710289	-1
25.5361170769	-1
25.5361170769	-1
25.5362379551	-1
25.5362379551	-1
25.5362379551	-1
25.5362379551	-1
25.5362379551	-1
25.5362379551	-1
25.5362379551	-1
25.5362379551	-1
25.5375380516	1
25.5938639641	-1
25.5938639641	-1
25.5938639641	-1
25.5938639641	-1
25.5938639641	-1
25.5938639641	-1
25.5940060616	-1
25.5940060616	-1
25.5940060616	-1
25.5942130089	-1
25.5942130089	-1
25.5942130089	-1
25.5942130089	-1
25.5943360329	-1
25.5943360329	-1
25.5943360329	-1
25.5943360329	-1
25.5943360329	-1
25.5943360329	-1
25.5943360329	-1
25.5946750641	-1
25.5946750641	-1
25.5946750641	-1
25.5946750641	-1
25.5946750641	-1
25.5946750641	-1
25.5946750641	-1
25.5946750641	-1
25.6430659294	-1
25.6430659294	-1
25.6430659294	-1
25.6430659294	-1
25.6430659294	-1
25.6430659294	-1
25.6430659294	-1
25.671006918	-1
25.6711919308	-1
25.6711919308	-1
25.6711919308	-1
25.6711919308	-1
25.6711919308	-1
25.6711919308	-1
25.6711919308	-1
25.6711919308	-1
25.6715600491	-1
25.6715600491	-1
25.6715600491	-1
25.6715600491	-1
25.6715600491	-1
25.6715600491	-1
25.6715600491	-1
25.6715600491	-1
25.6718349457	-1
25.6718349457	-1
25.6718349457	-1
25.6718349457	-1
25.6718349457	-1
25.6718349457	-1
25.6718349457	-1
25.6721730232	-1
25.6750090122	1
25.6750090122	1
25.6750090122	1
25.7283489704	-1
25.7283489704	-1
25.7283489704	-1
25.7283489704	-1
25.7283489704	-1
25.7283489704	-1
25.7283489704	-1
25.7283489704	-1
25.7286560535	-1
25.7286560535	-1
25.7286560535	-1
25.7286560535	-1
25.7286560535	-1
25.7286560535	-1
25.7286560535	-1
25.7286560535	-1
25.7563409805	-1
25.7563409805	-1
25.7563409805	-1
25.7563409805	-1
25.7563409805	-1
25.7563409805	-1
25.7563409805	-1
25.7563409805	-1
25.7563409805	-1
25.7771680355	-1
25.7771680355	-1
25.7771680355	-1
25.7771680355	-1
25.7771680355	-1
25.7771680355	-1
25.7771680355	-1
25.7771680355	-1
25.7775170803	-1
25.7775170803	-1
25.7775170803	-1
25.7775170803	-1
25.7775170803	-1
25.7775170803	-1
25.7775170803	-1
25.8056519032	-1
25.818226099	-1
25.818226099	-1
25.818226099	-1
25.818226099	-1
25.818226099	-1
25.818226099	-1
25.818226099	-1
25.818226099	-1
25.83288908	-1
25.83288908	-1
25.83288908	-1
25.83288908	-1
25.83288908	-1
25.83288908	-1
25.83288908	-1
25.83288908	-1
25.83288908	-1
25.8747470379	-1
25.8747470379	-1
25.8747799397	1
25.8747799397	1
26.0596048832	1
26.1185860634	-1
26.399698019	-1
27.1367321014	-1
27.2232689857	-1
27.2232689857	-1
27.2232689857	-1
27.2232689857	-1
27.2232689857	-1
27.2232689857	-1
27.2232689857	-1
27.2232689857	-1
27.2301950455	-1
27.2301950455	-1
27.2301950455	-1
27.2301950455	-1
27.2301950455	-1
27.2301950455	-1
27.2301950455	-1
27.2301950455	-1
27.2366669178	-1
27.2703540325	-1
27.2703540325	-1
27.2703540325	-1
27.2703540325	-1
27.2703540325	-1
27.2703540325	-1
27.2703540325	-1
27.289965868	1
27.5405540466	1
28.2575628757	-1
28.3301579952	1
28.4320409298	-1
28.4320409298	-1
28.4637980461	1
28.5655589104	-1
28.5971848965	1
29.1232149601	-1
30.1592559814	-1
30.1790590286	-1
30.1790590286	-1
30.1790590286	-1
30.1790590286	-1
30.1790590286	-1
30.1790590286	-1
30.1790590286	-1
30.1790590286	-1
30.1790590286	-1
30.1845669746	-1
30.1845669746	-1
30.1845669746	-1
30.1898140907	1
30.3233048916	1
31.3343269825	1
31.4676868916	1
31.4676868916	1
32.1517169476	-1
32.3251760006	-1
32.3251760006	-1
32.3406589031	1
33.1700809002	-1
34.1562509537	-1
34.2880339622	1
34.2949879169	1
34.2949879169	1
34.2949879169	1
34.2963879108	1
34.2963879108	1
34.4217410088	1
35.3929800987	-1
36.1184298992	-1
36.1322128773	-1
36.1322128773	-1
36.1322128773	-1
36.1322128773	-1
36.1378769875	1
36.1486580372	-1
36.1486580372	-1
36.1486580372	-1
36.1510329247	1
36.1510329247	1
36.1510329247	1
36.2534930706	1
36.2534930706	1
36.2713871002	1
36.4049530029	1
37.5491609573	-1
37.5630459785	1
38.131870985	-1
38.1378319263	-1
38.1378319263	-1
38.1378319263	-1
38.1378319263	-1
38.1378319263	-1
38.1449079514	-1
38.1449079514	-1
38.1714498997	-1
38.1715040207	-1
38.1715040207	-1
38.1715040207	-1
38.1715040207	-1
38.1715040207	-1
38.1715040207	-1
38.1715040207	-1
38.1715040207	-1
38.171806097	-1
38.171806097	-1
38.171806097	-1
38.171806097	-1
38.171806097	-1
38.173484087	1
38.1882100105	-1
38.1882100105	-1
38.188313961	-1
38.188313961	-1
38.188313961	-1
38.188313961	-1
38.188313961	-1
38.188313961	-1
38.188313961	-1
38.2878959179	-1
38.2878959179	-1
38.2878959179	-1
38.2878959179	-1
38.2878959179	-1
38.2878959179	-1
38.2878959179	-1
38.3056309223	-1
38.3056309223	-1
38.3057529926	-1
38.3057529926	-1
38.3057529926	-1
38.3057529926	-1
38.3057529926	-1
38.3057529926	-1
38.3059990406	-1
38.3059990406	-1
38.3061230183	-1
38.3061230183	-1
38.3061230183	-1
38.3061230183	-1
38.3062438965	-1
38.3068170547	1
38.323127985	-1
38.323127985	-1
38.323127985	-1
38.323127985	-1
38.323127985	-1
38.323127985	-1
38.323127985	-1
38.3233649731	-1
38.3233649731	-1
38.3233649731	-1
38.3233649731	-1
38.3233649731	-1
38.3233649731	-1
38.3233649731	-1
38.439357996	-1
38.439357996	-1
38.439357996	-1
38.439357996	-1
38.439357996	-1
38.439357996	-1
38.439357996	-1
38.439357996	-1
38.4396140575	-1
38.4396140575	-1
38.4396140575	-1
38.4396140575	-1
38.4396140575	-1
38.4396140575	-1
38.4396140575	-1
38.4399540424	-1
38.4399540424	-1
38.4400780201	-1
38.4400780201	-1
38.4400780201	-1
38.4400780201	-1
38.4400780201	-1
38.4400780201	-1
38.4400780201	-1
38.4400780201	-1
38.4404480457	-1
38.4404480457	-1
38.4404480457	-1
38.4404480457	-1
38.4404480457	-1
38.4404480457	-1
38.4404480457	-1
38.4406909943	-1
38.4408149719	-1
38.4408149719	-1
38.4408149719	-1
38.4408149719	-1
38.4408149719	-1
38.4408149719	-1
38.4408149719	-1
38.4422969818	1
38.4422969818	1
38.4422969818	1
38.500305891	-1
38.5003700256	-1
38.5003700256	-1
38.5003700256	-1
38.5003700256	-1
38.5003700256	-1
38.5003700256	-1
38.5006730556	-1
38.5006730556	-1
38.5007970333	-1
38.5007970333	-1
38.5007970333	-1
38.5007970333	-1
38.5007970333	-1
38.5007970333	-1
38.5007970333	-1
38.5007970333	-1
38.5739710331	-1
38.5739710331	-1
38.5739710331	-1
38.5739710331	-1
38.5739710331	-1
38.5739710331	-1
38.5739710331	-1
38.5741910934	-1
38.5743160248	-1
38.5743160248	-1
38.5743160248	-1
38.5743160248	-1
38.5743160248	-1
38.5743160248	-1
38.5743160248	-1
38.5745620728	-1
38.5746839046	-1
38.5746839046	-1
38.5746839046	-1
38.5746839046	-1
38.5746839046	-1
38.5746839046	-1
38.5746839046	-1
38.5749299526	-1
38.5749299526	-1
38.5750529766	-1
38.5750529766	-1
38.5750529766	-1
38.5750529766	-1
38.5750529766	-1
38.5750529766	-1
38.5750529766	-1
38.6130449772	-1
38.6130449772	-1
38.6130449772	-1
38.6130449772	-1
38.6130449772	-1
38.6130449772	-1
38.6130449772	-1
38.6130568981	1
38.6130568981	1
38.6134040356	-1
38.6134040356	-1
38.6134040356	-1
38.6134040356	-1
38.6134040356	-1
38.6134040356	-1
38.6134040356	-1
38.6134040356	-1
38.6137728691	-1
38.6137728691	-1
38.6137728691	-1
38.6137728691	-1
38.6137728691	-1
38.6138949394	-1
38.7991259098	1
39.2418329716	-1
39.2556118965	1
40.1188809872	-1
40.1261029243	-1
40.1261029243	-1
40.1261029243	-1
40.1261029243	-1
40.1261029243	-1
40.1261029243	-1
40.499835968	-1
40.5187399387	1
42.1482908726	-1
42.3202059269	-1
42.3202059269	-1
42.3393259048	1
42.4730370045	1
42.6066029072	1
43.1403980255	-1
43.142966032	-1
43.142966032	-1
43.142966032	-1
43.276763916	-1
43.3360369205	1
43.4481060505	-1
43.4695780277	1
44.1663210392	-1
44.1741390228	1
44.3080089092	-1
44.3080089092	-1
44.3097960949	1
44.4832780361	1
45.1982688904	-1
45.4145920277	-1
46.0796940327	-1
46.0871510506	1
46.1402099133	-1
46.1402099133	-1
46.1402099133	-1
46.1402099133	-1
46.1402099133	-1
46.1402099133	-1
46.1402099133	-1
46.1402099133	-1
46.2134120464	-1
46.2134120464	-1
46.2209661007	1
46.2209661007	1
47.1584320068	-1
47.1848049164	-1
47.1848049164	-1
47.1848049164	-1
47.327600956	1
47.6264090538	-1
48.1496489048	-1
48.1556360722	-1
48.1556360722	-1
48.1556360722	-1
48.1556360722	-1
48.1624779701	-1
48.1624779701	-1
48.1712419987	-1
48.1712419987	-1
48.1712419987	-1
48.1712419987	-1
48.1712419987	-1
48.1712419987	-1
48.1794710159	-1
48.1794710159	-1
48.1805739403	1
48.1972260475	-1
48.1972260475	-1
48.1972260475	-1
48.1972260475	-1
48.1972260475	-1
48.1972260475	-1
48.1972260475	-1
48.2159659863	-1
48.2160859108	-1
48.2160859108	-1
48.2160859108	-1
48.2160859108	-1
48.2160859108	-1
48.2160859108	-1
48.2160859108	-1
48.2895689011	-1
48.2896029949	-1
48.2896029949	-1
48.2896029949	-1
48.2896029949	-1
48.2896029949	-1
48.2898139954	-1
48.3049669266	-1
48.3049669266	-1
48.3050708771	-1
48.3050708771	-1
48.3050708771	-1
48.3050708771	-1
48.3050708771	-1
48.3050708771	-1
48.3050708771	-1
48.3050708771	-1
48.3135869503	-1
48.3135869503	-1
48.3135869503	-1
48.3135869503	-1
48.3135869503	-1
48.3135869503	-1
48.3135869503	-1
48.3137230873	-1
48.3139939308	1
48.4478499889	-1
48.6201500893	-1
49.1318609715	-1
49.2655029297	-1
49.2730550766	1
49.4433510303	1
50.2949209213	-1
51.1431009769	-1
51.2766299248	-1
51.2766299248	-1
51.287831068	1
52.2968070507	-1
52.4680109024	-1
52.4724700451	1
53.4019160271	-1
53.5719890594	-1
53.6402139664	1
53.7567389011	1
53.7567389011	1
53.7567389011	1
53.7580239773	1
53.7580239773	1
53.7580239773	1
53.9075529575	1
53.9951050282	1
53.9951050282	1
53.9951050282	1
53.9975349903	1
53.9975349903	1
54.0411379337	1
54.3556149006	-1
54.3569998741	1
54.3613669872	-1
54.3613669872	-1
54.3613669872	-1
54.4345719814	-1
54.4345719814	-1
54.4345719814	-1
54.436300993	-1
54.436300993	-1
54.436300993	-1
54.4371669292	1
54.4371669292	1
54.4371669292	1
54.4387910366	1
54.4387910366	1
54.4387910366	1
54.4389560223	1
54.4389560223	1
54.4389560223	1
54.4389560223	1
54.4389560223	1
54.4892690182	-1
54.4914939404	1
54.4914939404	1
54.4914939404	1
54.6241419315	-1
55.0723400116	-1
55.0739860535	1
55.074119091	1
55.074119091	1
55.074119091	1
55.2079498768	-1
55.3312389851	-1
55.3312389851	-1
55.3312389851	-1
55.3312389851	-1
55.3312389851	-1
55.3312389851	-1
55.3858339787	-1
55.3858339787	-1
55.3858339787	-1
55.3858339787	-1
55.3858339787	-1
55.3858339787	-1
55.3858339787	-1
55.3858339787	-1
55.3875660896	-1
55.3875660896	-1
55.3959720135	1
55.4109110832	-1
55.4653439522	-1
55.4653439522	-1
55.4653439522	-1
55.4653439522	-1
55.4653439522	-1
55.4653439522	-1
55.4653439522	-1
55.4655718803	-1
55.4655990601	-1
55.4655990601	-1
55.4655990601	-1
55.4655990601	-1
55.4655990601	-1
55.4655990601	-1
55.4655990601	-1
55.465939045	-1
55.465939045	-1
55.465939045	-1
55.465939045	-1
55.5079979897	1
55.5079979897	1
55.5079979897	1
55.519963026	-1
55.519963026	-1
55.519963026	-1
55.519963026	-1
55.519963026	-1
55.519963026	-1
55.519963026	-1
55.519963026	-1
55.520209074	-1
55.520209074	-1
55.520209074	-1
55.5297498703	-1
55.5297498703	-1
55.5297498703	-1
55.5297498703	-1
55.5297498703	-1
55.5297498703	-1
55.5297498703	-1
55.5297498703	-1
55.5992360115	-1
55.5992360115	-1
55.5992360115	-1
55.5992360115	-1
55.5992360115	-1
55.5992360115	-1
55.5992360115	-1
55.5992360115	-1
55.5995020866	-1
55.5996239185	-1
55.5996239185	-1
55.5996239185	-1
55.5996239185	-1
55.5996239185	-1
55.5998699665	-1
55.5998699665	-1
55.5999960899	-1
55.5999960899	-1
55.5999960899	-1
55.5999960899	-1
55.5999960899	-1
55.5999960899	-1
55.5999960899	-1
55.6420018673	-1
55.6420018673	-1
55.6420018673	-1
55.654186964	-1
55.654186964	-1
55.654186964	-1
55.654186964	-1
55.7002029419	1
55.7458438873	-1
55.7458438873	-1
55.7458438873	-1
55.7735910416	-1
55.7735910416	-1
55.7735910416	-1
55.7735910416	-1
55.7735910416	-1
55.7735910416	-1
55.7735910416	-1
55.7735910416	-1
55.8676829338	1
56.00126791	-1
56.1258399487	-1
56.1258399487	-1
56.1258399487	-1
56.1258399487	-1
56.1258399487	-1
56.1258399487	-1
56.1258399487	-1
56.1258399487	-1
56.1258399487	-1
56.1258399487	-1
56.1266648769	-1
56.1266648769	-1
56.1266648769	-1
56.1266648769	-1
56.1266648769	-1
56.1266648769	-1
56.1266648769	-1
56.1266648769	-1
56.127876997	-1
56.127876997	-1
56.127876997	-1
56.127876997	-1
56.127876997	-1
56.127876997	-1
56.127876997	-1
56.127876997	-1
56.1283829212	-1
56.1291019917	-1
56.1291019917	-1
56.1291019917	-1
56.1291019917	-1
56.1291019917	-1
56.1299750805	1
56.130022049	-1
56.130022049	-1
56.130022049	-1
56.130022049	-1
56.130022049	-1
56.130022049	-1
56.130022049	-1
56.130022049	-1
56.14149189	-1
56.1726970673	-1
56.1726970673	-1
56.1726970673	-1
56.1726970673	-1
56.1726970673	-1
56.1726970673	-1
56.1726970673	-1
56.1987569332	-1
56.1987569332	-1
56.1987569332	-1
56.1987569332	-1
56.1987569332	-1
56.1987569332	-1
56.1987569332	-1
56.1987569332	-1
56.1989040375	-1
56.1989040375	-1
56.1989040375	-1
56.1989040375	-1
56.1989040375	-1
56.1989040375	-1
56.1989040375	-1
56.1993629932	-1
56.1993629932	-1
56.1993629932	-1
56.1993629932	-1
56.1993629932	-1
56.1993629932	-1
56.2051250935	1
56.2051250935	1
56.2051250935	1
56.2052690983	1
56.2052690983	1
56.2052690983	1
56.2611670494	-1
56.2611670494	-1
56.2611670494	-1
56.261220932	-1
56.261220932	-1
56.261220932	-1
56.2614109516	-1
56.2614109516	-1
56.2614109516	-1
56.2614109516	-1
56.2614109516	-1
56.2616589069	-1
56.2616589069	-1
56.2616589069	-1
56.2616589069	-1
56.2616589069	-1
56.2616589069	-1
56.2616589069	-1
56.2620270252	-1
56.2620270252	-1
56.2620270252	-1
56.2620270252	-1
56.2620270252	-1
56.2620270252	-1
56.2620270252	-1
56.2620270252	-1
56.2752120495	-1
56.2752120495	-1
56.2752120495	-1
56.2752120495	-1
56.2752120495	-1
56.2752120495	-1
56.2752120495	-1
56.2752120495	-1
56.2982330322	-1
56.2982330322	-1
56.2982330322	-1
56.2982330322	-1
56.2983360291	-1
56.2983360291	-1
56.2983360291	-1
56.2983360291	-1
56.3068618774	-1
56.3271250725	-1
56.3271250725	-1
56.3271250725	-1
56.3271250725	-1
56.3271250725	-1
56.3271250725	-1
56.3271250725	-1
56.3272988796	-1
56.3272988796	-1
56.3272988796	-1
56.3272988796	-1
56.3272988796	-1
56.3272988796	-1
56.3272988796	-1
56.3272988796	-1
56.3542408943	-1
56.3542408943	-1
56.3542408943	-1
56.3542408943	-1
56.3542408943	-1
56.3542408943	-1
56.3542408943	-1
56.3542408943	-1
56.3951830864	-1
56.3951830864	-1
56.3951830864	-1
56.3951830864	-1
56.3951830864	-1
56.3951830864	-1
56.3951830864	-1
56.4063210487	-1
56.4063539505	1
56.4232769012	-1
56.4232769012	-1
56.4637169838	-1
56.4637169838	-1
56.4637169838	-1
56.4637169838	-1
56.4637169838	-1
56.4637169838	-1
56.4637169838	-1
56.4730029106	-1
56.4730029106	-1
56.4730029106	-1
56.4730029106	-1
56.4730029106	-1
56.4730029106	-1
56.4730029106	-1
56.4730029106	-1
56.4768650532	-1
56.4768650532	-1
56.4768650532	-1
56.4768650532	-1
56.4768650532	-1
56.4768650532	-1
56.4768650532	-1
56.4893369675	-1
56.4893369675	-1
56.4893369675	-1
56.4893369675	-1
56.4893369675	-1
56.4893369675	-1
56.4893369675	-1
56.4893369675	-1
56.4893369675	-1
56.4961788654	-1
56.4961788654	-1
56.499186039	-1
56.499186039	-1
56.499186039	-1
56.5712330341	-1
56.5712330341	-1
56.5712330341	-1
56.5712659359	1
56.5712659359	1
56.5943520069	-1
56.5943520069	-1
56.5943520069	-1
56.5943520069	-1
56.5943520069	-1
56.5943520069	-1
56.5943520069	-1
56.5943520069	-1
56.6069250107	-1
56.6069250107	-1
56.6069250107	-1
56.6069250107	-1
56.6069250107	-1
56.6069250107	-1
56.6069250107	-1
56.6069250107	-1
56.6184148788	-1
56.6259279251	-1
56.6259279251	-1
56.6259279251	-1
56.6259279251	-1
56.6259279251	-1
56.6259279251	-1
56.6259279251	-1
56.6436638832	-1
56.6532878876	-1
56.6532878876	-1
56.6532878876	-1
56.6532878876	-1
56.6631178856	-1
56.6631178856	-1
56.6631178856	-1
56.6694068909	-1
56.6842010021	-1
56.6842010021	-1
56.6842010021	-1
56.6842010021	-1
56.6842010021	-1
56.6842010021	-1
56.6842010021	-1
56.6842010021	-1
56.7291109562	1
56.7335848808	-1
56.7335848808	-1
56.7335848808	-1
56.7335848808	-1
56.7335848808	-1
56.7335848808	-1
56.7335848808	-1
56.743721962	-1
56.743721962	-1
56.743721962	-1
56.743721962	-1
56.743721962	-1
56.743721962	-1
56.743721962	-1
56.7672328949	-1
56.7672328949	-1
56.7672328949	-1
56.7672328949	-1
56.7672328949	-1
56.7672328949	-1
56.7672328949	-1
56.7672328949	-1
56.7896800041	-1
56.7896800041	-1
56.7896800041	-1
56.7922759056	-1
56.7922759056	-1
56.7922759056	-1
56.8217039108	-1
56.8217039108	-1
56.8217039108	-1
56.8217039108	-1
56.8217039108	-1
56.8217039108	-1
56.8217039108	-1
56.8217039108	-1
56.8259029388	-1
56.8259029388	-1
56.8260130882	-1
56.8260130882	-1
56.8260130882	-1
56.8260130882	-1
56.8260130882	-1
56.8260130882	-1
56.8260130882	-1
56.8288230896	-1
56.8288230896	-1
56.8304998875	-1
56.8304998875	-1
56.8304998875	-1
56.8304998875	-1
56.8304998875	-1
56.8638899326	1
56.8638899326	1
56.8638899326	1
57.0329749584	1
57.0329749584	1
57.1120910645	-1
57.1760349274	1
57.2922649384	-1
57.2922649384	-1
57.3139410019	1
57.3139410019	1
57.3139410019	1
57.3923039436	-1
57.3923039436	-1
57.3923039436	-1
57.3923039436	-1
57.3923039436	-1
57.3923039436	-1
57.3923039436	-1
57.4304060936	-1
57.4304060936	-1
57.4304060936	-1
57.4304060936	-1
57.4304060936	-1
57.4304060936	-1
57.4304060936	-1
57.4538640976	1
57.5645098686	-1
57.6048810482	1
57.783039093	1
58.1079080105	-1
58.2417769432	-1
58.2417769432	-1
58.4273879528	-1
58.5860710144	-1
58.5912308693	-1
58.5912308693	-1
58.5912308693	-1
58.6671099663	-1
58.6671099663	-1
58.6671099663	-1
58.7728328705	-1
58.7728328705	-1
58.7728328705	-1
58.7728328705	-1
58.7728328705	-1
58.7728328705	-1
58.7728328705	-1
58.7728328705	-1
59.0736029148	-1
59.1407980919	-1
59.1407980919	-1
59.1407980919	-1
59.1407980919	-1
59.1407980919	-1
59.1407980919	-1
59.1407980919	-1
59.2092700005	1
61.129431963	-1
61.1343259811	-1
61.1343259811	-1
61.1343259811	-1
61.1343259811	-1
61.1468799114	-1
61.1468799114	-1
61.1468799114	-1
61.1468799114	-1
62.1587049961	-1
67.4385108948	1
67.5719249249	1
68.2470939159	-1
68.3809418678	-1
68.3809418678	-1
68.3811459541	-1
68.3811459541	-1
68.3811459541	-1
68.3811459541	-1
68.3811459541	-1
68.3811459541	-1
68.3811459541	-1
68.3811459541	-1
68.3813900948	-1
68.3813900948	-1
68.3813900948	-1
68.3813900948	-1
68.394108057	-1
68.394108057	-1
68.394108057	-1
68.394108057	-1
68.394108057	-1
69.313863039	1
69.316133976	1
69.316133976	1
69.316133976	1
69.316133976	1
69.316133976	1
69.316133976	1
69.316133976	1
69.316133976	1
69.3167738914	1
69.3171010017	1
69.3171010017	1
69.3180010319	1
69.3180010319	1
69.3180010319	1
69.3180010319	1
69.3197610378	1
69.5806570053	1
69.9916870594	-1
70.0715939999	-1
70.0715939999	-1
70.0715939999	-1
70.0715939999	-1
70.0715939999	-1
70.0715939999	-1
70.0715939999	-1
70.0715939999	-1
70.1058769226	-1
70.1058769226	-1
70.1058769226	-1
70.1058769226	-1
70.1058769226	-1
70.1058769226	-1
70.1252858639	-1
70.1265258789	1
70.2590138912	-1
70.2610778809	1
70.2610778809	1
70.7447478771	-1
70.76283288	-1
70.76283288	-1
70.76283288	-1
70.76283288	-1
70.76283288	-1
70.8009588718	-1
70.8136479855	-1
70.8136479855	-1
70.8188788891	-1
70.8188788891	-1
70.8188788891	-1
70.8188788891	-1
70.8188788891	-1
70.8188788891	-1
70.8188788891	-1
70.8232209682	-1
70.8967680931	-1
70.8967680931	-1
70.8967680931	-1
70.8967680931	-1
70.8967680931	-1
70.8967680931	-1
71.0646109581	1
71.1709709167	1
71.1709709167	1
71.1709709167	1
71.1709709167	1
71.1730239391	1
71.1730239391	1
71.1730239391	1
71.1730239391	1
71.1730239391	1
71.1730239391	1
71.1735420227	1
71.1983389854	1
