0.0	1
0.24956202507	1
0.367468833923	-1
0.368692874908	1
0.644526958466	-1
0.645627975464	1
0.64923787117	1
0.64923787117	1
0.64923787117	1
0.880120038986	1
0.953336954117	1
0.953336954117	1
1.30777788162	-1
1.30942487717	1
1.38287186623	-1
1.38425993919	1
1.49777793884	-1
1.49892687798	1
1.5722990036	-1
1.57341003418	1
1.84593391418	-1
1.84994697571	-1
1.84994697571	-1
1.84994697571	-1
1.84994697571	-1
1.84994697571	-1
1.84994697571	-1
1.84994697571	-1
1.92553400993	-1
1.9268078804	1
1.94050598145	-1
1.94050598145	-1
1.94050598145	-1
1.94050598145	-1
1.94050598145	-1
1.94050598145	-1
1.94050598145	-1
1.94050598145	-1
1.99143481255	-1
1.99903082848	-1
2.00016283989	1
2.03214597702	-1
2.03214597702	-1
2.03214597702	-1
2.03214597702	-1
2.03214597702	-1
2.03214597702	-1
2.03214597702	-1
2.03214597702	-1
2.06993103027	-1
2.07291793823	-1
2.10539293289	1
2.10822296143	-1
2.10822296143	-1
2.10822296143	-1
2.10822296143	-1
2.10822296143	-1
2.10822296143	-1
2.10822296143	-1
2.10822296143	-1
2.22029495239	1
2.28329801559	-1
3.13420796394	-1
3.13539886475	1
3.35504603386	-1
3.59139204025	-1
3.59256982803	1
3.66484594345	-1
3.66484594345	-1
3.66584992409	1
3.76705288887	-1
3.77435994148	1
3.88804197311	1
4.16030883789	-1
4.27996683121	-1
4.29651689529	1
4.29875993729	1
4.29875993729	1
4.29875993729	1
4.54299402237	-1
4.54423189163	1
4.61773490906	-1
4.80274581909	-1
4.84290385246	-1
4.84290385246	-1
4.84290385246	-1
4.87767386436	-1
5.26089501381	-1
5.30625486374	-1
5.30625486374	-1
5.30625486374	-1
5.30625486374	-1
5.30625486374	-1
5.36080384254	1
5.36669182777	1
5.36669182777	1
5.36669182777	1
5.44070291519	1
5.52310085297	-1
5.54777693748	-1
5.54777693748	-1
5.54777693748	-1
5.54777693748	-1
5.54777693748	-1
5.54777693748	-1
5.54777693748	-1
5.57540297508	-1
5.57545089722	-1
5.57545089722	-1
5.57545089722	-1
5.75422096252	-1
5.75569391251	-1
5.75569391251	-1
5.75569391251	-1
5.75569391251	-1
5.75569391251	-1
5.75569391251	-1
5.75569391251	-1
5.77900195122	-1
5.77900195122	-1
5.77900195122	-1
5.77900195122	-1
5.77900195122	-1
5.77900195122	-1
5.77900195122	-1
5.79700994492	-1
5.79700994492	-1
5.79700994492	-1
5.79700994492	-1
5.79700994492	-1
5.79700994492	-1
5.88509082794	-1
5.88509082794	-1
5.88509082794	-1
5.88509082794	-1
5.88509082794	-1
5.88509082794	-1
5.88509082794	-1
5.88509082794	-1
5.89495301247	-1
5.89495301247	-1
5.89495301247	-1
5.89495301247	-1
5.89495301247	-1
5.89495301247	-1
5.89495301247	-1
5.89495301247	-1
5.89787387848	1
5.89809894562	1
5.89809894562	1
5.89809894562	1
5.89809894562	1
5.89809894562	1
5.89809894562	1
5.89809894562	1
5.89809894562	1
5.90296697617	1
5.90497994423	-1
5.90497994423	-1
5.90497994423	-1
5.90497994423	-1
5.90497994423	-1
5.90497994423	-1
5.90497994423	-1
5.97653794289	-1
5.97664499283	-1
5.97664499283	-1
5.97664499283	-1
5.97664499283	-1
5.97664499283	-1
5.97664499283	-1
5.97664499283	-1
5.97664499283	-1
6.00313901901	-1
6.00313901901	-1
6.00313901901	-1
6.00313901901	-1
6.00313901901	-1
6.00313901901	-1
6.00313901901	-1
6.00313901901	-1
6.0395488739	-1
6.05508089066	-1
6.05508089066	-1
6.05509185791	1
6.07682085037	-1
6.11927390099	-1
6.11927390099	-1
6.11927390099	-1
6.11927390099	-1
6.11927390099	-1
6.11927390099	-1
6.14970493317	-1
6.14970493317	-1
6.14973688126	1
6.14973688126	1
6.15283894539	-1
6.15283894539	-1
6.15283894539	-1
6.15283894539	-1
6.15283894539	-1
6.15283894539	-1
6.15283894539	-1
6.19753289223	-1
6.19753289223	-1
6.19753289223	-1
6.19753289223	-1
6.19753289223	-1
6.19753289223	-1
6.19753289223	-1
6.19753289223	-1
6.19753289223	-1
6.19789385796	-1
6.19789385796	-1
6.19789385796	-1
6.19789385796	-1
6.19789385796	-1
6.19789385796	-1
6.24220991135	-1
6.24220991135	-1
6.24224495888	1
6.24224495888	1
6.24381685257	-1
6.24381685257	-1
6.24381685257	-1
6.24381685257	-1
6.24381685257	-1
6.24381685257	-1
6.28358387947	1
6.28358387947	1
6.28358387947	1
6.28358387947	1
6.28358387947	1
6.28358387947	1
6.28358387947	1
6.29696297646	1
6.3564209938	1
6.50718903542	1
6.54757189751	1
6.54757189751	1
6.54757189751	1
6.87395501137	-1
6.97692894936	-1
6.97692894936	-1
6.97692894936	-1
6.97692894936	-1
6.97692894936	-1
6.97692894936	-1
6.97692894936	-1
6.97692894936	-1
7.06841993332	-1
7.11593103409	-1
7.11593103409	-1
7.11593103409	-1
7.11593103409	-1
7.11593103409	-1
7.11593103409	-1
7.11593103409	-1
7.11593103409	-1
7.11593103409	-1
7.11689901352	1
7.14284086227	-1
7.16682195663	-1
7.16682195663	-1
7.16682195663	-1
7.1866838932	-1
7.1866838932	-1
7.1866838932	-1
7.1866838932	-1
7.19008684158	1
7.19735002518	-1
7.20107793808	-1
7.20107793808	-1
7.20107793808	-1
7.20107793808	-1
7.20107793808	-1
7.20107793808	-1
7.20107793808	-1
7.20107793808	-1
7.20130681992	-1
7.22614693642	-1
7.22614693642	-1
7.22614693642	-1
7.22614693642	-1
7.22614693642	-1
7.22614693642	-1
7.22614693642	-1
7.25377082825	-1
7.25377082825	-1
7.25377082825	-1
7.25377082825	-1
7.25377082825	-1
7.25377082825	-1
7.25377082825	-1
7.26762390137	-1
7.26762390137	-1
7.26762390137	-1
7.26762390137	-1
7.26762390137	-1
7.26762390137	-1
7.26762390137	-1
7.26762390137	-1
7.26762390137	-1
7.2676589489	1
7.27560281754	-1
7.27560281754	-1
7.27560281754	-1
7.27560281754	-1
7.27560281754	-1
7.27560281754	-1
7.29075503349	-1
7.29075503349	-1
7.29075503349	-1
7.29075503349	-1
7.29075503349	-1
7.29075503349	-1
7.29075503349	-1
7.29075503349	-1
7.32722687721	-1
7.34106302261	-1
7.34106302261	-1
7.34106302261	-1
7.34106302261	-1
7.34106302261	-1
7.34106302261	-1
7.34106302261	-1
7.34106302261	-1
7.34106302261	-1
7.34148788452	1
7.34148788452	1
7.36503791809	-1
7.36503791809	-1
7.36503791809	-1
7.36503791809	-1
7.36503791809	-1
7.36503791809	-1
7.36503791809	-1
7.36503791809	-1
7.36503791809	-1
7.36539697647	-1
7.36539697647	-1
7.43332791328	-1
7.43332791328	-1
7.43332791328	-1
7.49640393257	-1
7.49640393257	-1
7.49640393257	-1
7.49640393257	-1
7.49640393257	-1
7.49640393257	-1
7.49640393257	-1
7.49662995338	-1
7.49662995338	-1
7.49662995338	-1
7.49662995338	-1
7.49662995338	-1
7.49662995338	-1
7.49662995338	-1
7.49662995338	-1
7.4980340004	1
7.53516793251	-1
7.53516793251	-1
7.53516793251	-1
7.53516793251	-1
7.53516793251	-1
7.53516793251	-1
7.53516793251	-1
7.53516793251	-1
7.57100582123	-1
7.57100582123	-1
7.57100582123	-1
7.57133603096	-1
7.57133603096	-1
7.57133603096	-1
7.57133603096	-1
7.57133603096	-1
7.57133603096	-1
7.57133603096	-1
7.57133603096	-1
7.5717048645	-1
7.5717048645	-1
7.5717048645	-1
7.5717048645	-1
7.5717048645	-1
7.5717048645	-1
7.60289096832	-1
7.60289096832	-1
7.60289096832	-1
7.60289096832	-1
7.60289096832	-1
7.60290598869	1
7.60290598869	1
7.65011501312	-1
7.65011501312	-1
7.65011501312	-1
7.65011501312	-1
7.65011501312	-1
7.65011501312	-1
7.65011501312	-1
7.65011501312	-1
7.65011501312	-1
7.65042495728	-1
7.65042495728	-1
7.65042495728	-1
7.65042495728	-1
7.65042495728	-1
7.65042495728	-1
7.68171000481	1
7.68911194801	-1
7.68911194801	-1
7.68911194801	-1
7.68911194801	-1
7.68911194801	-1
7.68911194801	-1
7.68911194801	-1
7.68911194801	-1
7.68911194801	-1
7.68941283226	-1
7.68941283226	-1
7.68941283226	-1
7.68941283226	-1
7.68941283226	-1
7.72234582901	-1
7.72234582901	-1
7.72234582901	-1
7.72234582901	-1
7.72234582901	-1
7.72234582901	-1
7.72234582901	-1
7.79089188576	-1
7.79089188576	-1
7.79089188576	-1
7.79089188576	-1
7.79089188576	-1
7.79089188576	-1
7.79089188576	-1
7.79089188576	-1
7.79089188576	-1
7.79089188576	-1
7.79121780396	-1
7.79121780396	-1
7.79121780396	-1
7.79121780396	-1
7.79121780396	-1
7.79121780396	-1
7.79209089279	-1
7.79603099823	-1
7.79603099823	-1
7.79603099823	-1
7.79603099823	-1
7.79603099823	-1
7.79603099823	-1
7.79603099823	-1
7.79603099823	-1
7.79603099823	-1
7.80295300484	-1
7.80306696892	-1
7.80306696892	-1
7.80306696892	-1
7.80306696892	-1
7.80306696892	-1
7.80306696892	-1
7.80331301689	-1
7.80331301689	-1
7.80331301689	-1
7.80331301689	-1
7.80331301689	-1
7.80331301689	-1
7.80331301689	-1
7.80331301689	-1
7.80526590347	1
7.86446595192	-1
7.86446595192	-1
7.86446595192	-1
7.86446595192	-1
7.86446595192	-1
7.86446595192	-1
7.86446595192	-1
7.86471295357	-1
7.86471295357	-1
7.86471295357	-1
7.86471295357	-1
7.86471295357	-1
7.86471295357	-1
7.86471295357	-1
7.86471295357	-1
7.86501383781	-1
7.87482881546	-1
7.87482881546	-1
7.87482881546	-1
7.87482881546	-1
7.87482881546	-1
7.87482881546	-1
7.87482881546	-1
7.87482881546	-1
7.91492390633	-1
7.91599392891	-1
7.91599392891	-1
7.91599392891	-1
7.91599392891	-1
7.91599392891	-1
7.91599392891	-1
7.91599392891	-1
7.91599392891	-1
7.91633987427	-1
7.91633987427	-1
7.91633987427	-1
7.91633987427	-1
7.91633987427	-1
7.91633987427	-1
7.91739487648	1
7.93861794472	-1
7.962692976	-1
7.962692976	-1
7.962692976	-1
7.962692976	-1
7.962692976	-1
7.962692976	-1
7.962692976	-1
7.962692976	-1
7.962692976	-1
8.00725984573	-1
8.00725984573	-1
8.00725984573	-1
8.00725984573	-1
8.00725984573	-1
8.00725984573	-1
8.00725984573	-1
8.00725984573	-1
8.00725984573	-1
8.00729298592	1
8.00761198997	-1
8.00761198997	-1
8.00761198997	-1
8.00761198997	-1
8.00761198997	-1
8.00761198997	-1
8.05246496201	-1
8.05246496201	-1
8.05246496201	-1
8.05246496201	-1
8.05246496201	-1
8.05246496201	-1
8.05246496201	-1
8.0527009964	-1
8.0527009964	-1
8.0527009964	-1
8.0527009964	-1
8.0527009964	-1
8.0527009964	-1
8.08607196808	-1
8.08608603477	1
8.08610200882	-1
8.08610200882	-1
8.08610200882	-1
8.08610200882	-1
8.08610200882	-1
8.08610200882	-1
8.08642983437	-1
8.08642983437	-1
8.08642983437	-1
8.08642983437	-1
8.08642983437	-1
8.08642983437	-1
8.08642983437	-1
8.08642983437	-1
8.13866186142	-1
8.13866186142	-1
8.13866186142	-1
8.13866186142	-1
8.13866186142	-1
8.13866186142	-1
8.13866186142	-1
8.18334102631	-1
8.1844959259	1
8.19359898567	-1
8.19359898567	-1
8.19359898567	-1
8.19359898567	-1
8.19359898567	-1
8.19359898567	-1
8.19359898567	-1
8.19359898567	-1
8.23968195915	-1
8.23968195915	-1
8.23968195915	-1
8.23968195915	-1
8.23968195915	-1
8.23968195915	-1
8.23968195915	-1
8.23968195915	-1
8.23968195915	-1
8.23968195915	-1
8.23998689651	-1
8.23998689651	-1
8.23998689651	-1
8.23998689651	-1
8.23998689651	-1
8.23998689651	-1
8.25901293755	-1
8.29808497429	-1
8.29808497429	-1
8.29808497429	-1
8.29808497429	-1
8.29808497429	-1
8.29808497429	-1
8.29808497429	-1
8.29808497429	-1
8.29808497429	-1
8.31445288658	1
8.32974481583	-1
8.32974481583	-1
8.32974481583	-1
8.32974481583	-1
8.32974481583	-1
8.32974481583	-1
8.32974481583	-1
8.33547282219	-1
8.33557796478	-1
8.33557796478	-1
8.33557796478	-1
8.39545798302	-1
8.39545798302	-1
8.39545798302	-1
8.39545798302	-1
8.39545798302	-1
8.39545798302	-1
8.39545798302	-1
8.4295539856	-1
8.42960190773	-1
8.42960190773	-1
8.42960190773	-1
8.42960190773	-1
8.42960190773	-1
8.42960190773	-1
8.42960190773	-1
8.45955300331	-1
8.45955300331	-1
8.45955300331	-1
8.45955300331	-1
8.45955300331	-1
8.45955300331	-1
8.45955300331	-1
8.49380493164	-1
8.49380493164	-1
8.49380493164	-1
8.49380493164	-1
8.49380493164	-1
8.49380493164	-1
8.49380493164	-1
8.49380493164	-1
8.49380493164	-1
8.49920582771	1
8.51982188225	-1
8.51982188225	-1
8.51982188225	-1
8.51982188225	-1
8.51982188225	-1
8.51982188225	-1
8.51982188225	-1
8.54113888741	-1
8.54330897331	-1
8.55656003952	-1
8.55656003952	-1
8.55656003952	-1
8.55656003952	-1
8.55656003952	-1
8.55656003952	-1
8.56923699379	-1
8.56923699379	-1
8.56923699379	-1
8.56923699379	-1
8.56923699379	-1
8.56923699379	-1
8.56923699379	-1
8.56923699379	-1
8.56923699379	-1
8.58058094978	-1
8.58058094978	-1
8.58058094978	-1
8.58058094978	-1
8.58058094978	-1
8.58058094978	-1
8.58058094978	-1
8.59417891502	-1
8.59417891502	-1
8.59417891502	-1
8.59417891502	-1
8.59417891502	-1
8.59417891502	-1
8.59417891502	-1
8.59417891502	-1
8.59417891502	-1
8.59534096718	1
8.61692881584	-1
8.6172208786	-1
8.6172208786	-1
8.6172208786	-1
8.6172208786	-1
8.6172208786	-1
8.6172208786	-1
8.6172208786	-1
8.63149285316	-1
8.63149285316	-1
8.63149285316	-1
8.63149285316	-1
8.63149285316	-1
8.63149285316	-1
8.63149285316	-1
8.65509080887	-1
8.65509080887	-1
8.65509080887	-1
8.65509080887	-1
8.65509080887	-1
8.65509080887	-1
8.65509080887	-1
8.65509080887	-1
8.65509080887	-1
8.68309783936	-1
8.68309783936	-1
8.68309783936	-1
8.68309783936	-1
8.68309783936	-1
8.68309783936	-1
8.68309783936	-1
8.68309783936	-1
8.68309783936	-1
8.68313097954	1
8.68313097954	1
8.70402789116	-1
8.70402789116	-1
8.70402789116	-1
8.70402789116	-1
8.70402789116	-1
8.70402789116	-1
8.70402789116	-1
8.72362589836	-1
8.72367691994	-1
8.72367691994	-1
8.72367691994	-1
8.72367691994	-1
8.72367691994	-1
8.72367691994	-1
8.72367691994	-1
8.73519492149	-1
8.73519492149	-1
8.73519492149	-1
8.73519492149	-1
8.73519492149	-1
8.73519492149	-1
8.73519492149	-1
8.75819301605	-1
8.75819301605	-1
8.75819301605	-1
8.75819301605	-1
8.75819301605	-1
8.75819301605	-1
8.75819301605	-1
8.75819301605	-1
8.75819301605	-1
8.8067548275	-1
8.8067548275	-1
8.8067548275	-1
8.8067548275	-1
8.8067548275	-1
8.8067548275	-1
8.8067548275	-1
8.82483696938	-1
8.82485890388	-1
8.82485890388	-1
8.82485890388	-1
8.82485890388	-1
8.82485890388	-1
8.82485890388	-1
8.85723495483	-1
8.85723495483	-1
8.85723495483	-1
8.85723495483	-1
8.85723495483	-1
8.85723495483	-1
8.85723495483	-1
8.85723495483	-1
8.85723495483	-1
9.01991486549	-1
9.02484583855	-1
9.02484583855	-1
9.02484583855	-1
9.02484583855	-1
9.02484583855	-1
9.02484583855	-1
9.02484583855	-1
9.04731202126	-1
9.04731202126	-1
9.04731202126	-1
9.04731202126	-1
9.04731202126	-1
9.04731202126	-1
9.04731202126	-1
9.06271195412	-1
9.06271195412	-1
9.06271195412	-1
9.06271195412	-1
9.06271195412	-1
9.06271195412	-1
9.06271195412	-1
9.06271195412	-1
9.06271195412	-1
9.17866301537	-1
9.17928600311	1
9.18507194519	-1
9.18507194519	-1
9.18507194519	-1
9.18507194519	-1
9.18507194519	-1
9.18507194519	-1
9.18507194519	-1
9.21895384789	-1
9.21895384789	-1
9.21895384789	-1
9.22848796844	-1
9.23059892654	-1
9.23059892654	-1
9.23059892654	-1
9.23059892654	-1
9.23059892654	-1
9.23059892654	-1
9.23059892654	-1
9.23059892654	-1
9.23084187508	-1
9.23084187508	-1
9.23084187508	-1
9.23084187508	-1
9.23084187508	-1
9.23084187508	-1
9.2527089119	-1
9.25271987915	1
9.27225494385	-1
9.27225494385	-1
9.27225494385	-1
9.27225494385	-1
9.27225494385	-1
9.3259370327	-1
9.33457183838	-1
9.33457183838	-1
9.33457183838	-1
9.33457183838	-1
9.33457183838	-1
9.33457183838	-1
9.33457183838	-1
9.33457183838	-1
9.33479380608	-1
9.33479380608	-1
9.33479380608	-1
9.33479380608	-1
9.33479380608	-1
9.33479380608	-1
9.3686208725	-1
9.3686208725	-1
9.3686208725	-1
9.3686208725	-1
9.3686208725	-1
9.3686208725	-1
9.3686208725	-1
9.3686208725	-1
9.3686208725	-1
9.36897087097	-1
9.36897087097	-1
9.36897087097	-1
9.36897087097	-1
9.40299987793	1
9.42219185829	-1
9.42219185829	-1
9.42219185829	-1
9.42219185829	-1
9.42219185829	-1
9.42219185829	-1
9.42219185829	-1
9.42219185829	-1
9.42219185829	-1
9.42254400253	-1
9.42254400253	-1
9.42254400253	-1
9.42254400253	-1
9.42254400253	-1
9.42254400253	-1
9.4679338932	-1
9.4679338932	-1
9.48623585701	-1
9.48623585701	-1
9.48623585701	-1
9.48623585701	-1
9.48623585701	-1
9.51799201965	-1
9.52921390533	-1
9.52921390533	-1
9.52921390533	-1
9.52921390533	-1
9.52921390533	-1
9.52921390533	-1
9.52921390533	-1
9.52921390533	-1
9.52953290939	-1
9.52953290939	-1
9.52953290939	-1
9.52953290939	-1
9.52953290939	-1
9.52953290939	-1
9.59192299843	-1
9.59192299843	-1
9.59192299843	-1
9.59192299843	-1
9.59192299843	-1
9.59192299843	-1
9.59192299843	-1
9.59192299843	-1
9.59192299843	-1
9.59226894379	-1
9.59226894379	-1
9.59226894379	-1
9.59226894379	-1
9.59226894379	-1
9.59226894379	-1
9.59338593483	1
9.62309789658	-1
9.63830399513	-1
9.63830399513	-1
9.63830399513	-1
9.63830399513	-1
9.63830399513	-1
9.63830399513	-1
9.63830399513	-1
9.63830399513	-1
9.67534899712	-1
9.67538285255	1
9.68368601799	-1
9.68368601799	-1
9.68368601799	-1
9.68368601799	-1
9.68368601799	-1
9.68368601799	-1
9.68368601799	-1
9.68368601799	-1
9.68400192261	-1
9.68400192261	-1
9.68400192261	-1
9.68400192261	-1
9.68400192261	-1
9.68400192261	-1
9.71225190163	-1
9.72048687935	-1
9.72048687935	-1
9.72048687935	-1
9.72048687935	-1
9.72048687935	-1
9.72048687935	-1
9.72048687935	-1
9.72048687935	-1
9.72048687935	-1
9.74210000038	-1
9.74210000038	-1
9.74210000038	-1
9.74210000038	-1
9.74210000038	-1
9.74210000038	-1
9.74210000038	-1
9.74210000038	-1
9.74210000038	-1
9.74243998528	-1
9.74243998528	-1
9.74243998528	-1
9.74243998528	-1
9.74243998528	-1
9.79420781136	-1
9.79543781281	1
9.79848790169	-1
9.79848790169	-1
9.79848790169	-1
9.85903382301	-1
9.85903382301	-1
9.85903382301	-1
9.85903382301	-1
9.85903382301	-1
9.85903382301	-1
9.85903382301	-1
9.85903382301	-1
9.85903382301	-1
9.85903382301	-1
9.85939383507	-1
9.85939383507	-1
9.85939383507	-1
9.87014293671	1
9.89743900299	-1
9.89743900299	-1
9.89743900299	-1
9.89743900299	-1
9.89743900299	-1
9.89743900299	-1
9.9841530323	1
9.9841530323	1
10.0134499073	1
10.0134499073	1
10.0134499073	1
10.0141038895	1
10.0141038895	1
10.0575699806	-1
10.0576198101	1
10.1957919598	1
10.1957919598	1
10.2706568241	1
10.2706568241	1
10.3842999935	1
10.5967888832	-1
10.59847188	1
10.6721279621	-1
10.673596859	1
10.7058258057	-1
10.7058258057	-1
10.7058258057	-1
10.7058258057	-1
10.7058258057	-1
10.7058258057	-1
10.7058258057	-1
10.7058258057	-1
10.7275838852	-1
10.7275838852	-1
10.7275838852	-1
10.7275838852	-1
10.7288279533	1
10.7288279533	1
10.7288279533	1
10.7493879795	1
10.7493879795	1
10.7493879795	1
10.7493879795	1
10.7925310135	-1
10.7925310135	-1
10.7925310135	-1
10.7925310135	-1
10.8258500099	1
10.8258500099	1
10.8258500099	1
10.8258500099	1
10.8258500099	1
10.8258500099	1
10.8258500099	1
10.8258500099	1
10.8258500099	1
10.8302209377	-1
10.8302209377	-1
10.8302209377	-1
10.8302209377	-1
10.8302209377	-1
10.8302209377	-1
10.8302209377	-1
10.8302209377	-1
10.8302209377	-1
10.8305718899	-1
10.8305718899	-1
10.8305718899	-1
10.8305718899	-1
10.8305718899	-1
10.8305718899	-1
10.8316400051	1
10.8316400051	1
10.8566229343	-1
10.8566229343	-1
10.8566229343	-1
10.8566229343	-1
10.8566229343	-1
10.8566229343	-1
10.8568680286	-1
10.8627870083	1
10.8627870083	1
10.8627870083	1
10.8627870083	1
10.8627870083	1
10.8627870083	1
10.8627870083	1
10.8627870083	1
10.8627870083	1
10.8627870083	1
10.8628118038	1
10.9415669441	-1
10.9415669441	-1
10.9415669441	-1
10.9415669441	-1
10.9415669441	-1
10.9415669441	-1
10.9415669441	-1
10.9739499092	1
10.9741868973	1
10.9741868973	1
10.9741868973	1
10.9741868973	1
10.9741868973	1
10.9741868973	1
10.9741868973	1
10.9741868973	1
10.974285841	1
10.974285841	1
10.9907250404	-1
10.9907250404	-1
10.9907250404	-1
10.9907250404	-1
10.9907250404	-1
10.9907250404	-1
10.9907250404	-1
11.0496988297	1
11.0496988297	1
11.0496988297	1
11.0496988297	1
11.0519230366	-1
11.0519230366	-1
11.0519230366	-1
11.1974349022	1
11.2038559914	-1
11.2491760254	-1
11.2491760254	-1
11.2491760254	-1
11.2491760254	-1
11.2934908867	-1
11.2934908867	-1
11.2934908867	-1
11.2934908867	-1
11.2934908867	-1
11.3027889729	1
11.3248608112	-1
11.3248608112	-1
11.3248608112	-1
11.3248608112	-1
11.3248608112	-1
11.3248608112	-1
11.3756539822	-1
11.3756539822	-1
11.3986070156	-1
11.3986070156	-1
11.5524029732	1
11.5768728256	-1
11.6410558224	-1
11.6410558224	-1
11.6410558224	-1
11.6410558224	-1
11.6410558224	-1
11.7119119167	-1
11.7119119167	-1
11.7119119167	-1
11.7119119167	-1
11.7119119167	-1
11.7119119167	-1
11.7251830101	1
11.7378380299	-1
11.7378380299	-1
11.7378380299	-1
11.7378380299	-1
11.7378380299	-1
11.8575768471	-1
11.8575768471	-1
11.8575768471	-1
11.8648848534	-1
11.8648848534	-1
11.8648848534	-1
11.8648848534	-1
11.8648848534	-1
11.8648848534	-1
11.8648848534	-1
11.9233989716	-1
11.9233989716	-1
11.9233989716	-1
11.9274950027	-1
11.9274950027	-1
11.9274950027	-1
11.9274950027	-1
11.9274950027	-1
11.9274950027	-1
11.9274950027	-1
11.9274950027	-1
11.9856898785	-1
11.9856898785	-1
11.9856898785	-1
11.9882698059	-1
11.9882698059	-1
11.9882698059	-1
12.0075409412	-1
12.0075409412	-1
12.0075409412	-1
12.0075409412	-1
12.0218629837	1
12.07878685	-1
12.07878685	-1
12.07878685	-1
12.07878685	-1
12.0917069912	-1
12.0917069912	-1
12.0917069912	-1
12.0917069912	-1
12.0917069912	-1
12.0917069912	-1
12.0917069912	-1
12.1216118336	-1
12.1216118336	-1
12.1216118336	-1
12.1216118336	-1
12.1216118336	-1
12.1216118336	-1
12.1216118336	-1
12.1342859268	-1
12.1942670345	-1
12.1942670345	-1
12.1942670345	-1
12.2587749958	-1
12.2587749958	-1
12.2587749958	-1
12.3337240219	-1
12.3337240219	-1
12.3337240219	-1
12.3379030228	-1
12.3379030228	-1
12.3379030228	-1
12.3475458622	-1
12.3475458622	-1
12.3475458622	-1
12.3475458622	-1
12.3475458622	-1
12.3475458622	-1
12.3475458622	-1
12.3475458622	-1
12.3475458622	-1
12.3479018211	-1
12.3479018211	-1
12.3479018211	-1
12.3479018211	-1
12.3479018211	-1
12.3479018211	-1
12.3632109165	-1
12.3632109165	-1
12.3632109165	-1
12.4059250355	-1
12.4066479206	-1
12.4066479206	-1
12.4066479206	-1
12.4066479206	-1
12.4066479206	-1
12.4071989059	1
12.4709298611	-1
12.4709298611	-1
12.4709298611	-1
12.4711790085	-1
12.4711790085	-1
12.4711790085	-1
12.5108230114	-1
12.5108230114	-1
12.5108230114	-1
12.5108230114	-1
12.5108230114	-1
12.5108230114	-1
12.5108230114	-1
12.5108230114	-1
12.5108230114	-1
12.5111730099	-1
12.5111730099	-1
12.5111730099	-1
12.5111730099	-1
12.5111730099	-1
12.5702009201	-1
12.5702009201	-1
12.5702009201	-1
12.5702009201	-1
12.5702009201	-1
12.5702009201	-1
12.5702009201	-1
12.5702009201	-1
12.6000349522	1
12.6025679111	-1
12.6030218601	-1
12.6030218601	-1
12.6030218601	-1
12.6500418186	-1
12.6500418186	-1
12.6500418186	-1
12.6771519184	-1
12.6771519184	-1
12.6771848202	1
12.6794028282	-1
12.6794028282	-1
12.6794028282	-1
12.6794028282	-1
12.6794028282	-1
12.6794028282	-1
12.6794028282	-1
12.6794028282	-1
12.6794028282	-1
12.6797528267	-1
12.6797528267	-1
12.6797528267	-1
12.7083268166	-1
12.7083268166	-1
12.7083268166	-1
12.7083268166	-1
12.7083268166	-1
12.7083268166	-1
12.7083268166	-1
12.7083268166	-1
12.7232699394	1
12.7232699394	1
12.7232699394	1
12.7333638668	-1
12.7333638668	-1
12.7333638668	-1
12.7333638668	-1
12.7333638668	-1
12.7333638668	-1
12.7333638668	-1
12.7333638668	-1
12.7333638668	-1
12.7337138653	-1
12.7337138653	-1
12.7337138653	-1
12.7337138653	-1
12.7337138653	-1
12.7337138653	-1
12.7819428444	-1
12.7819428444	-1
12.7841908932	-1
12.7841908932	-1
12.7841908932	-1
12.7841908932	-1
12.7841908932	-1
12.7841908932	-1
12.7841908932	-1
12.7841908932	-1
12.7844798565	-1
12.7844798565	-1
12.7844798565	-1
12.7844798565	-1
12.7844798565	-1
12.7844798565	-1
12.7900500298	-1
12.7900500298	-1
12.7900500298	-1
12.7900500298	-1
12.7900500298	-1
12.7900500298	-1
12.7900500298	-1
12.8181059361	-1
12.8181059361	-1
12.8181059361	-1
12.8181059361	-1
12.8181059361	-1
12.8181059361	-1
12.8181059361	-1
12.8529219627	-1
12.8529570103	-1
12.8529570103	-1
12.8529570103	-1
12.8529570103	-1
12.8529570103	-1
12.8529570103	-1
12.8529570103	-1
12.8529570103	-1
12.8529570103	-1
12.8534088135	-1
12.8534088135	-1
12.8534088135	-1
12.8534088135	-1
12.8534088135	-1
12.8920249939	-1
12.8920249939	-1
12.8923368454	-1
12.8923368454	-1
12.8923368454	-1
12.8923368454	-1
12.8923368454	-1
12.8923368454	-1
12.8923368454	-1
12.8923368454	-1
12.8923368454	-1
12.9495580196	-1
12.9495580196	-1
12.9497039318	-1
12.9497039318	-1
12.9497039318	-1
12.9497039318	-1
12.9497039318	-1
12.9497039318	-1
12.9497039318	-1
12.9497039318	-1
12.9500718117	-1
12.9500718117	-1
12.9500718117	-1
12.9500718117	-1
12.9500718117	-1
12.9500718117	-1
12.953471899	1
12.9925558567	-1
12.9925558567	-1
12.9925558567	-1
12.9925558567	-1
12.9925558567	-1
12.9925558567	-1
12.9925558567	-1
12.9925558567	-1
12.9925558567	-1
12.9929118156	-1
12.9929118156	-1
12.9929118156	-1
12.9929118156	-1
12.9929118156	-1
12.9929118156	-1
13.0243918896	-1
13.0243918896	-1
13.0247118473	-1
13.0247118473	-1
13.0247118473	-1
13.0247118473	-1
13.0247118473	-1
13.0247118473	-1
13.0247118473	-1
13.0652208328	-1
13.0652558804	1
13.0652558804	1
13.0654900074	-1
13.0654900074	-1
13.0654900074	-1
13.0654900074	-1
13.0654900074	-1
13.0654900074	-1
13.0654900074	-1
13.0654900074	-1
13.0658588409	-1
13.0658588409	-1
13.0658588409	-1
13.0658588409	-1
13.0658588409	-1
13.0658588409	-1
13.0971498489	-1
13.0971498489	-1
13.0971498489	-1
13.0971498489	-1
13.0971498489	-1
13.0971498489	-1
13.0971498489	-1
13.0971498489	-1
13.0971498489	-1
13.0971498489	-1
13.1328258514	-1
13.1329269409	-1
13.1329269409	-1
13.1329269409	-1
13.1329269409	-1
13.1329269409	-1
13.1329269409	-1
13.1711199284	1
13.176913023	-1
13.176913023	-1
13.176913023	-1
13.1911239624	-1
13.1911239624	-1
13.1911239624	-1
13.1911239624	-1
13.1911239624	-1
13.1911239624	-1
13.1911239624	-1
13.2177448273	-1
13.2179129124	-1
13.2179129124	-1
13.2179129124	-1
13.2179129124	-1
13.2179129124	-1
13.2179129124	-1
13.2179129124	-1
13.2334988117	-1
13.2334988117	-1
13.2334988117	-1
13.2334988117	-1
13.2334988117	-1
13.2334988117	-1
13.2334988117	-1
13.2334988117	-1
13.2334988117	-1
13.2338449955	-1
13.2338449955	-1
13.2338449955	-1
13.2338449955	-1
13.2338449955	-1
13.2338449955	-1
13.2448399067	-1
13.2461528778	1
13.3062620163	-1
13.3062620163	-1
13.3062620163	-1
13.3062620163	-1
13.3062620163	-1
13.3062620163	-1
13.3062620163	-1
13.3062620163	-1
13.316754818	-1
13.3194420338	-1
13.3194420338	-1
13.3194420338	-1
13.3194420338	-1
13.3194420338	-1
13.3194420338	-1
13.3207888603	1
13.3325698376	-1
13.3325698376	-1
13.3325698376	-1
13.3325698376	-1
13.3325698376	-1
13.3325698376	-1
13.3325698376	-1
13.3325698376	-1
13.3350470066	-1
13.3414149284	-1
13.3414149284	-1
13.3414149284	-1
13.3414149284	-1
13.3414149284	-1
13.3414149284	-1
13.3440768719	-1
13.3440768719	-1
13.3440768719	-1
13.3718268871	-1
13.3719320297	-1
13.3719320297	-1
13.3719320297	-1
13.3719320297	-1
13.3719320297	-1
13.3719320297	-1
13.3894219398	-1
13.3894219398	-1
13.3895869255	-1
13.3895869255	-1
13.3895869255	-1
13.3895869255	-1
13.3895869255	-1
13.3895869255	-1
13.3895869255	-1
13.4217569828	-1
13.4217569828	-1
13.4217569828	-1
13.4217569828	-1
13.4217569828	-1
13.4217569828	-1
13.4217569828	-1
13.4217569828	-1
13.4217889309	1
13.4359779358	-1
13.4361319542	-1
13.4361319542	-1
13.4361319542	-1
13.4361319542	-1
13.4361319542	-1
13.4361319542	-1
13.4361319542	-1
13.4361319542	-1
13.4364318848	-1
13.4364318848	-1
13.4364318848	-1
13.4364318848	-1
13.4364318848	-1
13.4364318848	-1
13.4669189453	-1
13.4944980145	-1
13.4944980145	-1
13.4944980145	-1
13.4944980145	-1
13.4944980145	-1
13.4944980145	-1
13.4944980145	-1
13.4944980145	-1
13.4944980145	-1
13.5348818302	-1
13.5348818302	-1
13.5348818302	-1
13.5348818302	-1
13.5348818302	-1
13.5348818302	-1
13.5348818302	-1
13.557076931	-1
13.5586328506	-1
13.5586328506	-1
13.5586328506	-1
13.5586328506	-1
13.5586328506	-1
13.5586328506	-1
13.5586328506	-1
13.7013528347	-1
13.7016499043	1
13.7044608593	-1
13.7044608593	-1
13.7044608593	-1
13.7044608593	-1
13.7044608593	-1
13.7044608593	-1
13.7044608593	-1
13.7044608593	-1
13.7046279907	-1
13.7498438358	-1
13.7498438358	-1
13.7963750362	-1
13.7963750362	-1
13.7963750362	-1
13.7963750362	-1
13.7963750362	-1
13.7963750362	-1
13.8449399471	-1
13.8449399471	-1
13.8449399471	-1
13.8449399471	-1
13.8449399471	-1
13.8449399471	-1
13.8449399471	-1
13.8449399471	-1
13.8449399471	-1
13.8464379311	1
13.8532588482	-1
13.8532588482	-1
13.8532588482	-1
13.8532588482	-1
13.8532588482	-1
13.8532588482	-1
13.8532588482	-1
13.8532588482	-1
13.8683929443	-1
13.9273178577	-1
13.9455850124	-1
13.9455850124	-1
13.9455850124	-1
13.9455850124	-1
13.9455850124	-1
13.9455850124	-1
13.9455850124	-1
13.9455850124	-1
13.9484839439	-1
13.9484839439	-1
13.9484839439	-1
13.9484839439	-1
13.9484839439	-1
13.9484839439	-1
13.9686789513	-1
13.9686789513	-1
13.9686789513	-1
13.9686789513	-1
13.9686789513	-1
13.9686789513	-1
13.9686789513	-1
13.9686789513	-1
13.9698729515	1
13.9894309044	-1
13.9894309044	-1
13.9894309044	-1
13.9894309044	-1
13.9894309044	-1
13.9894309044	-1
13.9894309044	-1
13.9894309044	-1
13.9894309044	-1
13.9912848473	-1
13.9912848473	-1
13.9912848473	-1
13.9912848473	-1
13.9912848473	-1
13.9912848473	-1
13.9912848473	-1
14.006953001	-1
14.0270638466	-1
14.0270638466	-1
14.0270638466	-1
14.0270638466	-1
14.0270638466	-1
14.0270638466	-1
14.0270638466	-1
14.0270638466	-1
14.0270638466	-1
14.0274188519	-1
14.0274188519	-1
14.0274188519	-1
14.0274188519	-1
14.0274188519	-1
14.0274188519	-1
14.0612878799	-1
14.0612878799	-1
14.0612878799	-1
14.0612878799	-1
14.0612878799	-1
14.0612878799	-1
14.0612878799	-1
14.0612878799	-1
14.1051869392	-1
14.1051869392	-1
14.1051869392	-1
14.1051869392	-1
14.1051869392	-1
14.1051869392	-1
14.1051869392	-1
14.1173098087	-1
14.1185128689	1
14.1205458641	-1
14.1205458641	-1
14.1205458641	-1
14.1205458641	-1
14.1205458641	-1
14.1205458641	-1
14.1205458641	-1
14.1205458641	-1
14.1205458641	-1
14.1440548897	-1
14.1440548897	-1
14.1751008034	-1
14.1751008034	-1
14.1918318272	-1
14.1918318272	-1
14.1918318272	-1
14.1918318272	-1
14.1918318272	-1
14.1918318272	-1
14.1918318272	-1
14.1918318272	-1
14.2089719772	-1
14.2090039253	1
14.2126998901	-1
14.2126998901	-1
14.2128269672	-1
14.2128269672	-1
14.2128269672	-1
14.2128269672	-1
14.2128269672	-1
14.2128269672	-1
14.3783500195	-1
14.3808288574	-1
14.3808288574	-1
14.3808288574	-1
14.3808288574	-1
14.3808288574	-1
14.3808288574	-1
14.3819758892	-1
14.3819758892	-1
14.3819758892	-1
14.3819758892	-1
14.3819758892	-1
14.3819758892	-1
14.3819758892	-1
14.3819758892	-1
14.4252150059	-1
14.4252150059	-1
14.4252150059	-1
14.4252150059	-1
14.4252150059	-1
14.4252150059	-1
14.4252150059	-1
14.4252150059	-1
14.4252150059	-1
14.4255568981	-1
14.4255568981	-1
14.4255568981	-1
14.4255568981	-1
14.4255568981	-1
14.4255568981	-1
14.4255568981	-1
14.4265940189	1
14.4579188824	-1
14.4579188824	-1
14.4579188824	-1
14.4579188824	-1
14.4579188824	-1
14.4579188824	-1
14.4579188824	-1
14.4579188824	-1
14.4581408501	-1
14.4581408501	-1
14.4581408501	-1
14.4581408501	-1
14.4581408501	-1
14.4581408501	-1
14.4581408501	-1
14.4581408501	-1
14.4844520092	-1
14.4847209454	-1
14.4847209454	-1
14.4847209454	-1
14.4847209454	-1
14.4847209454	-1
14.4847209454	-1
19.7529988289	-1
19.8264298439	-1
19.94668293	-1
20.0201199055	-1
20.5381848812	-1
20.6879339218	-1
21.3042240143	1
21.4179229736	1
21.8166928291	-1
22.0405390263	-1
22.0887258053	-1
22.0887258053	-1
22.0887258053	-1
22.0887258053	-1
22.0887258053	-1
22.0887258053	-1
22.0887258053	-1
22.0953478813	-1
22.0953478813	-1
22.0953478813	-1
22.0953478813	-1
22.0953478813	-1
22.0953478813	-1
22.0953478813	-1
22.1193788052	1
22.1245160103	1
22.1245160103	1
22.1245160103	1
22.1245160103	1
22.1245160103	1
22.1245160103	1
22.1254808903	1
22.1254808903	1
22.1254808903	1
22.1839358807	1
22.1839358807	1
22.1860918999	1
22.1860918999	1
22.229916811	1
22.229916811	1
22.229916811	1
22.2367548943	1
22.2367548943	1
22.2383220196	1
22.2383220196	1
22.2383220196	1
22.2419948578	1
22.2419948578	1
22.2419948578	1
22.2419948578	1
22.2420258522	1
22.3685979843	1
22.4416999817	1
22.4815638065	1
22.4815638065	1
22.4815638065	1
22.4841890335	1
22.4841890335	1
22.6876678467	-1
22.689278841	1
22.7007930279	-1
22.7007930279	-1
22.7007930279	-1
22.7138278484	-1
22.7138278484	-1
22.7153580189	-1
22.7153580189	-1
22.7153580189	-1
22.7156088352	1
22.7156088352	1
22.7156088352	1
22.7172288895	1
22.7172288895	1
22.7626609802	-1
22.7626919746	1
22.8366048336	-1
22.8366370201	1
22.8366370201	1
22.8767039776	-1
22.8767039776	-1
22.8767039776	-1
22.9101028442	1
22.9101028442	1
22.9851999283	-1
22.98523283	1
22.9971408844	-1
22.9971408844	-1
22.9971408844	-1
23.0472919941	-1
23.0472919941	-1
23.0472919941	-1
23.0490548611	1
23.0490548611	1
23.0490548611	1
23.0586960316	-1
23.058729887	1
23.132297039	-1
23.132297039	-1
23.1655368805	-1
23.1655368805	-1
23.1655368805	-1
23.1655368805	-1
23.1655368805	-1
23.1655368805	-1
23.1704280376	-1
23.1704280376	-1
23.1716020107	1
23.1742999554	-1
23.1742999554	-1
23.1742999554	-1
23.1749429703	-1
23.1749429703	-1
23.1749429703	-1
23.1749429703	-1
23.1749429703	-1
23.1758208275	-1
23.1758208275	-1
23.1758208275	-1
23.1869339943	-1
23.1869339943	-1
23.2177779675	1
23.2177779675	1
23.2177779675	1
23.2205388546	-1
23.2205388546	-1
23.2205388546	-1
23.2205388546	-1
23.2205388546	-1
23.2205388546	-1
23.2205388546	-1
23.2205388546	-1
23.2233378887	1
23.2233378887	1
23.2233378887	1
23.2402169704	-1
23.2402169704	-1
23.2402169704	-1
23.2476329803	-1
23.2476329803	-1
23.2476329803	-1
23.2476329803	-1
23.2476329803	-1
23.2476329803	-1
23.2476329803	-1
23.2476329803	-1
23.2476329803	-1
23.2484998703	-1
23.2484998703	-1
23.2484998703	-1
23.2484998703	-1
23.2484998703	-1
23.2484998703	-1
23.2989718914	-1
23.2989718914	-1
23.301265955	-1
23.301265955	-1
23.301265955	-1
23.301265955	-1
23.301265955	-1
23.301265955	-1
23.301265955	-1
23.3426778316	-1
23.3426778316	-1
23.3426778316	-1
23.3426778316	-1
23.3426778316	-1
23.3426778316	-1
23.3426778316	-1
23.3426778316	-1
23.3426778316	-1
23.3430249691	-1
23.3430249691	-1
23.3430249691	-1
23.3430249691	-1
23.3430249691	-1
23.3430249691	-1
23.3477318287	-1
23.3477318287	-1
23.3477318287	-1
23.3477318287	-1
23.3477318287	-1
23.3477318287	-1
23.3477318287	-1
23.3477318287	-1
23.357932806	-1
23.357932806	-1
23.357932806	-1
23.357932806	-1
23.3637669086	-1
23.3640239239	1
23.3763020039	-1
23.3763020039	-1
23.3837959766	-1
23.3837959766	-1
23.3837959766	-1
23.413203001	-1
23.413203001	-1
23.413203001	-1
23.413203001	-1
23.413203001	-1
23.413203001	-1
23.413203001	-1
23.413203001	-1
23.413203001	-1
23.4356708527	-1
23.4356708527	-1
23.4492478371	-1
23.4492478371	-1
23.4492478371	-1
23.4492478371	-1
23.4492478371	-1
23.4492478371	-1
23.4492478371	-1
23.4492478371	-1
23.4492478371	-1
23.4557240009	-1
23.4557240009	-1
23.4557240009	-1
23.4557240009	-1
23.4557240009	-1
23.4557240009	-1
23.4557240009	-1
23.4557240009	-1
23.4849429131	-1
23.4849429131	-1
23.4849429131	-1
23.4849429131	-1
23.4900178909	-1
23.4900178909	-1
23.4900178909	-1
23.4900178909	-1
23.4900178909	-1
23.4900178909	-1
23.4900178909	-1
23.4962449074	-1
23.4962449074	-1
23.4962449074	-1
23.4962449074	-1
23.4962449074	-1
23.4962449074	-1
23.4962449074	-1
23.5111918449	-1
23.5111918449	-1
23.5111918449	-1
23.515362978	-1
23.515362978	-1
23.515362978	-1
23.515362978	-1
23.515362978	-1
23.515362978	-1
23.515362978	-1
23.5240559578	-1
23.5240559578	-1
23.5240559578	-1
23.5240559578	-1
23.5240559578	-1
23.5240559578	-1
23.5240559578	-1
23.5240559578	-1
23.5244038105	-1
23.563575983	-1
23.563575983	-1
23.5849599838	-1
23.5849599838	-1
23.5849599838	-1
23.5849599838	-1
23.5849599838	-1
23.5849599838	-1
23.5849599838	-1
23.5849599838	-1
23.606276989	-1
23.606276989	-1
23.606276989	-1
23.606276989	-1
23.606276989	-1
23.606276989	-1
23.606276989	-1
23.606276989	-1
23.606276989	-1
23.6330208778	-1
23.6330208778	-1
23.6330208778	-1
23.6330208778	-1
23.6330208778	-1
23.6330208778	-1
23.6330208778	-1
23.6330208778	-1
23.6594369411	-1
23.6664538383	-1
23.6664538383	-1
23.6664538383	-1
23.6664538383	-1
23.6664538383	-1
23.6664538383	-1
23.6664538383	-1
23.6664538383	-1
23.6673829556	-1
23.6788539886	-1
23.6788539886	-1
23.679874897	-1
23.679874897	-1
23.679874897	-1
23.679874897	-1
23.679874897	-1
23.679874897	-1
23.7044298649	-1
23.7044298649	-1
23.7049980164	-1
23.7049980164	-1
23.7049980164	-1
23.7050378323	-1
23.7050378323	-1
23.7050378323	-1
23.7050378323	-1
23.7050378323	-1
23.7050378323	-1
23.7112078667	-1
23.7112078667	-1
23.7112078667	-1
23.7112078667	-1
23.7112078667	-1
23.7112078667	-1
23.7112078667	-1
23.7112078667	-1
23.7112078667	-1
23.7124769688	-1
23.7125070095	1
23.7330358028	-1
23.7407979965	-1
23.7407979965	-1
23.7407979965	-1
23.7407979965	-1
23.7407979965	-1
23.7407979965	-1
23.7407979965	-1
23.7407979965	-1
23.7965438366	-1
23.7965798378	1
23.7965798378	1
23.8210988045	-1
23.8210988045	-1
23.8210988045	-1
23.8210988045	-1
23.8210988045	-1
23.8210988045	-1
23.8210988045	-1
23.8248848915	-1
23.8248848915	-1
23.8300569057	-1
23.8300569057	-1
23.8300569057	-1
23.8300569057	-1
23.8300569057	-1
23.8300569057	-1
23.8300569057	-1
23.8565449715	-1
23.9678478241	-1
24.1025078297	-1
24.1111140251	-1
24.1111140251	-1
24.1111140251	-1
24.1111140251	-1
24.1111140251	-1
24.1268088818	-1
24.1268088818	-1
24.1268088818	-1
24.1268088818	-1
24.1268088818	-1
24.1346988678	1
24.1451079845	1
24.1451079845	1
24.1451079845	1
24.1867318153	1
24.1867318153	1
24.1867318153	1
24.2150130272	1
24.2150130272	1
24.2184278965	1
24.2553088665	1
24.2553088665	1
24.2553088665	1
24.257930994	1
24.257930994	1
24.2766859531	1
24.2766859531	1
24.2766859531	1
24.2794299126	1
24.2794299126	1
24.2822840214	1
24.2822840214	1
24.2822840214	1
24.2835478783	1
24.2835478783	1
24.286552906	1
24.286552906	1
24.286552906	1
24.292098999	1
24.292098999	1
24.292098999	1
24.2951898575	1
24.2951898575	1
24.3286728859	1
24.3286728859	1
24.4546308517	1
24.5278878212	1
24.5278878212	1
24.5483570099	-1
24.6404709816	1
24.6590619087	-1
24.6754658222	-1
24.6754658222	-1
24.6754658222	-1
24.7142260075	1
24.7142260075	1
24.7196588516	-1
24.7196588516	-1
24.7446830273	-1
24.7446830273	-1
24.7446830273	-1
24.7446830273	-1
24.7446830273	-1
24.7446830273	-1
24.8680260181	-1
24.8680260181	-1
24.8680260181	-1
24.8680260181	-1
24.8680260181	-1
24.9049699306	-1
24.9049699306	-1
24.9049699306	-1
24.9049699306	-1
24.9049699306	-1
24.9049699306	-1
24.9049699306	-1
25.0270438194	-1
25.0392680168	-1
25.0392680168	-1
25.0392680168	-1
25.0392680168	-1
25.0392680168	-1
25.0392680168	-1
25.0392680168	-1
25.0435099602	-1
25.0479938984	-1
25.0479938984	-1
25.0479938984	-1
25.0527019501	-1
25.0527019501	-1
25.0527019501	-1
25.0812909603	-1
25.0812909603	-1
25.1004588604	-1
25.1004588604	-1
25.1854670048	-1
25.1866528988	-1
25.1866528988	-1
25.1866528988	-1
25.1866528988	-1
25.1866528988	-1
25.1866528988	-1
25.2292490005	-1
25.2292490005	-1
25.2317268848	1
25.2589638233	-1
25.2819399834	-1
25.2819399834	-1
25.2819399834	-1
25.2819399834	-1
25.2819399834	-1
25.2819399834	-1
25.2819399834	-1
25.3446848392	1
25.356482029	-1
25.3647158146	-1
25.3647158146	-1
25.3647158146	-1
25.3949458599	-1
25.3949458599	-1
25.3949458599	-1
25.3968520164	1
25.3968520164	1
25.3968520164	1
25.3986299038	-1
25.3986299038	-1
25.3986299038	-1
25.3986299038	-1
25.3986299038	-1
25.3986299038	-1
25.4196479321	1
25.4196479321	1
25.4196479321	1
25.4196479321	1
25.5124518871	-1
25.5124518871	-1
25.5124518871	-1
25.5124518871	-1
25.5124518871	-1
25.5124518871	-1
25.5124518871	-1
25.5124518871	-1
25.5130038261	-1
25.5487449169	-1
25.5487449169	-1
25.5487449169	-1
25.5487449169	-1
25.5487449169	-1
25.5487449169	-1
25.6044049263	1
25.6716308594	-1
25.6720628738	-1
25.6720628738	-1
25.6720628738	-1
25.6720628738	-1
25.6720628738	-1
25.6720628738	-1
25.6720628738	-1
25.6774468422	-1
25.7093958855	-1
25.7093958855	-1
25.7093958855	-1
25.7159459591	-1
25.7159459591	-1
25.7159459591	-1
25.7552909851	-1
25.7552909851	-1
25.7552909851	-1
25.7552909851	-1
25.7552909851	-1
25.7552909851	-1
25.8449628353	-1
25.8449628353	-1
25.8449628353	-1
25.8449628353	-1
25.8449628353	-1
25.8449628353	-1
25.8449628353	-1
25.8449628353	-1
25.8701798916	1
25.8926148415	-1
25.8926148415	-1
25.9082579613	-1
25.9082579613	-1
25.9082579613	-1
25.9082579613	-1
25.9082579613	-1
26.0633459091	-1
26.0633459091	-1
26.0633459091	-1
26.0633459091	-1
26.0633459091	-1
26.0633459091	-1
26.0633459091	-1
26.0946648121	-1
26.0950639248	-1
26.0950639248	-1
26.0950639248	-1
26.0950639248	-1
26.0950639248	-1
26.0950639248	-1
26.0950639248	-1
26.1015048027	-1
26.1015048027	-1
26.1015048027	-1
26.1015048027	-1
26.1015048027	-1
26.1015048027	-1
26.2132689953	-1
26.2132689953	-1
26.2132689953	-1
26.2132689953	-1
26.2132689953	-1
26.2132689953	-1
26.2948358059	-1
26.2948358059	-1
26.2948358059	-1
26.2948358059	-1
26.2948358059	-1
26.2948358059	-1
26.2948358059	-1
26.3164570332	1
26.3582868576	-1
26.3582868576	-1
26.3582868576	-1
26.3582868576	-1
26.3582868576	-1
26.3582868576	-1
26.3582868576	-1
26.3582868576	-1
26.379434824	-1
26.379434824	-1
26.379434824	-1
26.379434824	-1
26.379434824	-1
26.379434824	-1
26.379434824	-1
26.379434824	-1
26.4671909809	-1
26.4671909809	-1
26.4671909809	-1
26.4671909809	-1
26.4671909809	-1
26.4671909809	-1
26.4671909809	-1
26.4671909809	-1
26.5040669441	-1
26.5053379536	1
26.538161993	-1
26.538161993	-1
26.538161993	-1
26.538161993	-1
26.538161993	-1
26.538161993	-1
26.538161993	-1
26.538161993	-1
26.538161993	-1
26.5780339241	-1
26.6514968872	-1
26.6709489822	-1
26.6709489822	-1
26.6709489822	-1
26.6709489822	-1
26.6709489822	-1
26.6709489822	-1
26.6952748299	-1
26.6952748299	-1
26.6961348057	-1
26.6961348057	-1
26.6961348057	-1
26.6961348057	-1
26.6961348057	-1
26.7288429737	-1
26.733755827	-1
26.733755827	-1
26.733755827	-1
26.733755827	-1
26.733755827	-1
26.733755827	-1
26.831964016	-1
26.831964016	-1
26.831964016	-1
26.831964016	-1
26.831964016	-1
26.831964016	-1
26.8559558392	1
26.8715338707	-1
26.8715338707	-1
26.8715338707	-1
26.8715338707	-1
26.8715338707	-1
26.8715338707	-1
26.8715338707	-1
26.8715338707	-1
26.874380827	-1
26.874380827	-1
26.874380827	-1
26.874380827	-1
26.9292209148	-1
27.0279099941	-1
27.0279099941	-1
27.0279099941	-1
27.0279099941	-1
27.0279099941	-1
27.0279099941	-1
27.0279099941	-1
27.0279099941	-1
27.031085968	-1
27.031085968	-1
27.031085968	-1
27.031085968	-1
27.031085968	-1
27.031085968	-1
27.031085968	-1
27.0340249538	-1
27.0340249538	-1
27.0340249538	-1
27.0340249538	-1
27.0340249538	-1
27.0340249538	-1
27.0349218845	-1
27.0393090248	1
27.0761628151	1
27.0761628151	1
27.0761628151	1
27.0761628151	1
27.191534996	-1
27.1952009201	-1
27.1952009201	-1
27.1952009201	-1
27.1952009201	-1
27.1952009201	-1
27.1952009201	-1
27.2111129761	-1
27.2111129761	-1
27.2111129761	-1
27.2223148346	-1
27.2223148346	-1
27.2223148346	-1
27.2223148346	-1
27.2267599106	-1
27.2331659794	-1
27.2331659794	-1
27.2377710342	1
27.2379288673	1
27.2379288673	1
27.2379288673	1
27.2379288673	1
27.2415008545	-1
27.2415008545	-1
27.2415008545	-1
27.2415008545	-1
27.2415008545	-1
27.2415008545	-1
27.2415008545	-1
27.2687158585	-1
27.3112618923	1
27.4226779938	-1
27.4998998642	-1
27.4998998642	-1
27.4998998642	-1
27.5057909489	-1
27.5057909489	-1
27.5057909489	-1
27.5057909489	-1
27.5057909489	-1
27.5815289021	-1
27.5815289021	-1
27.5815289021	-1
27.5815289021	-1
27.5815289021	-1
27.5815289021	-1
27.5815289021	-1
27.5815289021	-1
27.581704855	-1
27.581704855	-1
27.581704855	-1
27.581704855	-1
27.581704855	-1
27.6885240078	-1
27.6885240078	-1
27.6885240078	-1
27.6885240078	-1
27.6885240078	-1
27.6885240078	-1
27.6885240078	-1
27.7635238171	-1
27.7635238171	-1
27.8316409588	-1
27.8316409588	-1
27.8316409588	-1
27.8316409588	-1
27.8316409588	-1
27.8316409588	-1
27.8316409588	-1
27.8316409588	-1
27.8532478809	-1
27.8532478809	-1
27.8532478809	-1
27.8532478809	-1
27.8532478809	-1
27.8532478809	-1
27.8532478809	-1
27.8532478809	-1
27.8532478809	-1
27.8532478809	-1
27.8535900116	-1
27.8535900116	-1
27.8535900116	-1
27.8535900116	-1
27.8654458523	-1
27.8654458523	-1
27.8654458523	-1
27.8654458523	-1
27.8654458523	-1
27.8654458523	-1
27.8654458523	-1
27.9862890244	-1
28.0264899731	-1
28.0264899731	-1
28.0264899731	-1
28.0264899731	-1
28.0264899731	-1
28.0264899731	-1
28.0331640244	-1
28.0331640244	-1
28.0331640244	-1
28.0331640244	-1
28.0331640244	-1
28.0331640244	-1
28.0331640244	-1
28.0331640244	-1
28.0342988968	1
28.0526189804	-1
28.0526189804	-1
28.0526189804	-1
28.0526189804	-1
28.0526189804	-1
28.0526189804	-1
28.0526189804	-1
28.0526189804	-1
28.1368188858	1
28.1368188858	1
28.1368188858	1
28.1370148659	1
28.1370148659	1
28.1370148659	1
28.1378388405	1
28.1378388405	1
28.1378388405	1
28.1864078045	-1
28.2064368725	-1
28.2064368725	-1
28.2064368725	-1
28.2064368725	-1
28.2064368725	-1
28.2064368725	-1
28.2064368725	-1
28.2064368725	-1
28.5132260323	-1
28.5134119987	-1
28.5134119987	-1
28.5134119987	-1
28.5134119987	-1
28.5134119987	-1
28.5134119987	-1
28.5134119987	-1
28.5148229599	-1
28.5148229599	-1
28.5148229599	-1
28.5148229599	-1
28.5152759552	-1
28.5152759552	-1
28.5152759552	-1
28.5152759552	-1
28.5152759552	-1
28.5152759552	-1
28.5152759552	-1
28.5157468319	-1
28.5157468319	-1
28.5157468319	-1
28.5157468319	-1
28.5161178112	1
28.5161538124	-1
28.5161538124	-1
28.5161538124	-1
28.5161538124	-1
28.5161538124	-1
28.5161538124	-1
28.5161538124	-1
28.5161538124	-1
28.5161538124	-1
28.5165879726	-1
28.5165879726	-1
28.5866420269	-1
28.5894160271	1
28.6795108318	-1
28.7912819386	-1
30.1264939308	1
30.2405118942	1
31.1274008751	1
31.2015528679	1
31.2015528679	1
31.6482889652	-1
31.8416078091	-1
42.1284108162	1
42.1286199093	1
42.1286199093	1
42.1286199093	1
42.1286199093	1
43.1276288033	1
43.2008919716	1
44.1283638477	1
44.1285769939	1
44.1285769939	1
44.1285769939	1
44.1285769939	1
44.6616439819	-1
44.7349829674	-1
45.1272249222	1
45.128456831	1
45.128456831	1
45.128456831	1
46.1281340122	1
46.1283168793	1
46.1283168793	1
46.1283168793	1
46.1294870377	1
46.1294870377	1
46.1294870377	1
46.1294870377	1
46.1294870377	1
47.1292829514	1
47.129554987	1
47.129554987	1
47.129554987	1
47.129554987	1
47.129554987	1
47.129554987	1
47.129554987	1
47.129554987	1
47.1296288967	1
48.1278839111	1
48.1280548573	1
48.1280548573	1
48.1280548573	1
48.5232608318	-1
48.6864948273	-1
49.127589941	1
49.1277728081	1
49.1277728081	1
49.1277728081	1
