0.0	1
0.339118003845	1
0.679749011993	-1
0.680639028549	1
0.910351991653	-1
0.911182165146	1
0.912712097168	1
0.912712097168	1
0.912712097168	1
0.986966133118	1
0.986966133118	1
1.19002199173	1
1.52139806747	-1
1.52301812172	1
1.71221995354	-1
1.71357107162	1
1.76454210281	-1
1.76454210281	-1
1.76454210281	-1
1.85319209099	-1
1.85323596001	1
1.85323596001	1
2.02999901772	1
2.04028511047	-1
2.04631400108	-1
2.04631400108	-1
2.04631400108	-1
2.04631400108	-1
2.04631400108	-1
2.04631400108	-1
2.04631400108	-1
2.18597006798	-1
2.19904518127	1
2.43798303604	-1
2.45035195351	1
2.64018797874	-1
2.66875600815	-1
2.66875600815	-1
2.66875600815	-1
2.66875600815	-1
2.66875600815	-1
2.66875600815	-1
2.80821609497	-1
2.80821609497	-1
2.86759209633	-1
2.86759209633	-1
2.86759209633	-1
2.86759209633	-1
2.86759209633	-1
2.86759209633	-1
2.86759209633	-1
2.88902616501	-1
2.89709305763	-1
2.89709305763	-1
2.89709305763	-1
2.89709305763	-1
2.97474598885	1
3.08717918396	-1
3.08717918396	-1
3.08867406845	1
3.08867406845	1
3.08867406845	1
3.17891216278	-1
3.17891216278	-1
3.17891216278	-1
3.17891216278	-1
3.17891216278	-1
3.17891216278	-1
3.17891216278	-1
3.17891216278	-1
3.29407095909	1
3.29407095909	1
3.4062731266	-1
3.4062731266	-1
3.43329906464	1
3.55441403389	-1
3.66993618011	-1
3.66993618011	-1
3.66993618011	-1
3.6714091301	1
3.73055195808	-1
3.81067800522	1
3.9063410759	-1
4.04598498344	-1
4.22228717804	-1
4.2236020565	1
4.3631401062	-1
4.58209300041	-1
4.75849795341	-1
4.77438902855	1
4.77665400505	1
4.77665400505	1
4.77665400505	1
4.77698612213	1
4.77698612213	1
5.23129296303	-1
5.38625001907	-1
5.38625001907	-1
5.38625001907	-1
5.38625001907	-1
5.40265417099	-1
5.40265417099	-1
5.41209411621	-1
5.41209411621	-1
5.56449794769	-1
5.56449794769	-1
5.56449794769	-1
5.58970403671	-1
5.58970403671	-1
5.59812498093	1
5.73755002022	1
6.01969695091	-1
6.28252196312	-1
6.31896209717	-1
6.31896209717	-1
6.31896209717	-1
6.31896209717	-1
6.31896209717	-1
6.31896209717	-1
6.31896209717	-1
6.33318305016	-1
6.33318305016	-1
6.33318305016	-1
6.33318305016	-1
6.33318305016	-1
6.33318305016	-1
6.33318305016	-1
6.37804317474	-1
6.37804317474	-1
6.37804317474	-1
6.37804317474	-1
6.37804317474	-1
6.37804317474	-1
6.37804317474	-1
6.37804317474	-1
6.37804317474	-1
6.57225298882	-1
6.57949113846	-1
6.57949113846	-1
6.57949113846	-1
6.57949113846	-1
6.57949113846	-1
6.57949113846	-1
6.57949113846	-1
6.57949113846	-1
6.5797290802	-1
6.5797290802	-1
6.5797290802	-1
6.5797290802	-1
6.61255311966	-1
6.61255311966	-1
6.61255311966	-1
6.61255311966	-1
6.61255311966	-1
6.61255311966	-1
6.61255311966	-1
6.63340616226	-1
6.63455915451	1
6.66159796715	-1
6.66159796715	-1
6.66159796715	-1
6.66159796715	-1
6.66159796715	-1
6.77393817902	1
6.77393817902	1
6.77393817902	1
6.77393817902	1
6.82335615158	-1
6.82335615158	-1
6.82335615158	-1
6.82335615158	-1
6.82335615158	-1
6.82335615158	-1
6.82335615158	-1
6.82335615158	-1
6.84152698517	-1
6.84152698517	-1
6.84152698517	-1
6.84152698517	-1
6.84152698517	-1
6.84152698517	-1
6.93545007706	1
7.07491111755	1
7.07491111755	1
7.18984603882	1
7.18984603882	1
7.18984603882	1
7.45635795593	-1
7.74797105789	-1
7.74918603897	1
7.93314599991	-1
7.93412613869	1
7.9666621685	-1
7.9666621685	-1
7.9666621685	-1
8.07352113724	-1
8.07356405258	1
8.46147418022	-1
8.55163598061	-1
8.55163598061	-1
8.55163598061	-1
8.55677509308	-1
8.55677509308	-1
8.55677509308	-1
8.55677509308	-1
8.55677509308	-1
8.55677509308	-1
8.55677509308	-1
8.56434702873	1
8.57698512077	-1
8.61113095284	1
8.61113095284	1
8.61113095284	1
8.63625812531	-1
8.63625812531	-1
8.63625812531	-1
8.63625812531	-1
8.70358300209	1
8.77827215195	-1
8.77827215195	-1
8.80172395706	1
8.80172395706	1
8.80172395706	1
8.8586101532	1
8.8586101532	1
8.88178610802	1
8.88178610802	1
9.05979299545	-1
9.06117510796	1
9.31235814095	-1
9.37065815926	-1
9.37065815926	-1
9.37065815926	-1
9.37214016914	1
9.4264421463	-1
9.4264421463	-1
9.42732906342	1
9.42732906342	1
9.42732906342	1
9.44266700745	-1
9.44266700745	-1
9.44266700745	-1
9.49035406113	-1
9.63032698631	-1
9.76331996918	1
9.80646300316	-1
9.91041612625	1
9.93564510345	-1
9.93564510345	-1
9.93564510345	-1
9.96081495285	-1
9.96081495285	-1
9.96081495285	-1
9.98252797127	-1
10.0860581398	1
10.0860581398	1
10.2135879993	-1
10.2892491817	1
10.3531870842	-1
10.3531870842	-1
10.4433891773	1
10.4928891659	-1
10.6619729996	1
10.7280139923	-1
10.837898016	1
10.9183320999	-1
11.0539591312	1
11.158424139	-1
11.3497531414	1
11.4625120163	-1
11.5960941315	-1
11.5960941315	-1
11.5960941315	-1
11.5960941315	-1
11.5961270332	1
11.6965210438	-1
11.6965210438	-1
11.6965210438	-1
11.6965210438	-1
11.8358500004	1
11.8358500004	1
11.9753301144	-1
12.0202891827	-1
12.0202891827	-1
12.0202891827	-1
12.1599090099	-1
12.1723361015	1
12.4454090595	-1
12.4454519749	1
12.5850310326	-1
12.5850310326	-1
12.7727160454	1
12.8145320415	-1
12.8145320415	-1
12.8210740089	1
12.8210740089	1
12.8210740089	1
12.9959290028	-1
13.0326080322	-1
13.0326080322	-1
13.0326080322	-1
13.0326080322	-1
13.0326080322	-1
13.0326080322	-1
13.0326080322	-1
13.0326080322	-1
13.0546431541	-1
13.0614850521	-1
13.0614850521	-1
13.0614850521	-1
13.0614850521	-1
13.0614850521	-1
13.0614850521	-1
13.0614850521	-1
13.0672180653	-1
13.0672180653	-1
13.0672180653	-1
13.0672180653	-1
13.0672180653	-1
13.0672180653	-1
13.0672180653	-1
13.1722130775	-1
13.2845189571	-1
13.2845189571	-1
13.2845189571	-1
13.3096051216	-1
13.3096051216	-1
13.3096051216	-1
13.3096051216	-1
13.3096051216	-1
13.3096051216	-1
13.3096051216	-1
13.3131351471	1
13.3551900387	-1
13.3551900387	-1
13.3551900387	-1
13.3551900387	-1
13.3551900387	-1
13.3551900387	-1
13.3551900387	-1
13.3551900387	-1
13.3626229763	-1
13.3626229763	-1
13.3626229763	-1
13.3626229763	-1
13.3626229763	-1
13.3626229763	-1
13.3626229763	-1
13.4491951466	-1
13.4491951466	-1
13.4493060112	-1
13.4493060112	-1
13.4493060112	-1
13.4493060112	-1
13.4493060112	-1
13.4493060112	-1
13.4493060112	-1
13.4830770493	-1
13.4830770493	-1
13.4830770493	-1
13.4830770493	-1
13.4830770493	-1
13.4830770493	-1
13.4830770493	-1
13.4830770493	-1
13.4830930233	1
13.5010859966	-1
13.5193619728	-1
13.5193619728	-1
13.5193619728	-1
13.5193619728	-1
13.5193619728	-1
13.5193619728	-1
13.5193619728	-1
13.5251190662	-1
13.5384321213	-1
13.5384321213	-1
13.5384321213	-1
13.5384321213	-1
13.5384321213	-1
13.5384321213	-1
13.5384321213	-1
13.589730978	-1
13.5898430347	-1
13.5898430347	-1
13.5898430347	-1
13.7055621147	1
13.7055621147	1
13.7055621147	1
13.7057220936	1
13.7057220936	1
13.7057220936	1
13.7304191589	-1
13.7304580212	1
13.8703291416	-1
13.8703291416	-1
13.9420530796	1
13.9532301426	1
13.9532301426	1
13.9532301426	1
14.0928070545	1
14.0928070545	1
14.2396440506	-1
14.2409210205	1
14.3743519783	-1
14.3743519783	-1
14.3743519783	-1
14.3802859783	1
14.3802859783	1
14.3802859783	1
14.4617431164	1
14.4760041237	-1
14.4760041237	-1
14.4760041237	-1
14.5184760094	-1
14.523925066	1
14.523925066	1
14.523925066	1
14.6452600956	-1
14.6452600956	-1
14.6452600956	-1
14.764647007	1
14.7648229599	1
14.7648229599	1
14.7648229599	1
14.7979490757	-1
14.7979490757	-1
14.8711640835	-1
14.8711640835	-1
14.8711640835	-1
14.8711640835	-1
14.8711640835	-1
14.8711640835	-1
14.8711640835	-1
14.8711640835	-1
14.875	-1
14.875	-1
14.875	-1
14.875	-1
14.875	-1
14.875	-1
14.875	-1
14.8842480183	-1
14.8842480183	-1
14.8842480183	-1
14.8842480183	-1
14.8842480183	-1
14.8842480183	-1
14.8842480183	-1
14.8842480183	-1
14.973883152	-1
14.973883152	-1
14.973883152	-1
14.973883152	-1
14.973883152	-1
14.973883152	-1
14.973883152	-1
14.973883152	-1
15.011013031	-1
15.011013031	-1
15.0111560822	-1
15.0111560822	-1
15.0111560822	-1
15.0111560822	-1
15.0111560822	-1
15.0111560822	-1
15.0111560822	-1
15.0111560822	-1
15.0238180161	-1
15.0249140263	-1
15.0249140263	-1
15.0249140263	-1
15.0249140263	-1
15.0249140263	-1
15.0249140263	-1
15.0249140263	-1
15.0307321548	-1
15.0307321548	-1
15.0307321548	-1
15.0307321548	-1
15.0307321548	-1
15.0307321548	-1
15.0307321548	-1
15.0478711128	-1
15.0478711128	-1
15.0478711128	-1
15.0478711128	-1
15.0478711128	-1
15.0478711128	-1
15.0478711128	-1
15.1504101753	-1
15.1504499912	1
15.1504859924	-1
15.1504859924	-1
15.1504859924	-1
15.1504859924	-1
15.1504859924	-1
15.1504859924	-1
15.1504859924	-1
15.183686018	-1
15.183686018	-1
15.183686018	-1
15.183686018	-1
15.183686018	-1
15.183686018	-1
15.183686018	-1
15.183686018	-1
15.183686018	-1
15.2656049728	-1
15.2656049728	-1
15.2656049728	-1
15.2656049728	-1
15.2656049728	-1
15.2656049728	-1
15.2863640785	-1
15.2863640785	-1
15.2863640785	-1
15.2863640785	-1
15.2863640785	-1
15.2863640785	-1
15.2863640785	-1
15.2863640785	-1
15.3066380024	-1
15.3066380024	-1
15.3066380024	-1
15.3066380024	-1
15.3066380024	-1
15.3066380024	-1
15.3066380024	-1
15.3066380024	-1
15.3066711426	1
15.3233499527	-1
15.3275079727	-1
15.3275079727	-1
15.3275079727	-1
15.3275079727	-1
15.3275079727	-1
15.3275079727	-1
15.3275079727	-1
15.3679521084	-1
15.3679521084	-1
15.3868451118	-1
15.3868451118	-1
15.3868451118	-1
15.3868451118	-1
15.3868451118	-1
15.3868451118	-1
15.415304184	-1
15.415304184	-1
15.4258880615	-1
15.4258880615	-1
15.4668650627	1
15.4992539883	-1
15.4992539883	-1
15.4992539883	-1
15.4992539883	-1
15.4992539883	-1
15.4992539883	-1
15.4992539883	-1
15.4992539883	-1
15.5053720474	-1
15.5053720474	-1
15.5106351376	-1
15.5262131691	-1
15.5262131691	-1
15.5262131691	-1
15.5262131691	-1
15.5262131691	-1
15.5262131691	-1
15.5262131691	-1
15.5262131691	-1
15.5289461613	-1
15.5289461613	-1
15.5289461613	-1
15.5289461613	-1
15.5289461613	-1
15.5289461613	-1
15.5289461613	-1
15.5325181484	-1
15.5325181484	-1
15.5325181484	-1
15.5325181484	-1
15.5325181484	-1
15.5325181484	-1
15.5325181484	-1
15.5492479801	-1
15.5492479801	-1
15.5492479801	-1
15.5492479801	-1
15.5492479801	-1
15.5492479801	-1
15.5492479801	-1
15.549478054	-1
15.5922780037	-1
15.5922780037	-1
15.5922780037	-1
15.5922780037	-1
15.5922780037	-1
15.5922780037	-1
15.5922780037	-1
15.6062431335	-1
15.6063480377	-1
15.6063480377	-1
15.6063480377	-1
15.6063840389	1
15.6346051693	-1
15.6346051693	-1
15.6346051693	-1
15.6346051693	-1
15.6346051693	-1
15.6346051693	-1
15.6346051693	-1
15.6346051693	-1
15.6347410679	-1
15.6347410679	-1
15.6347410679	-1
15.6347410679	-1
15.6347410679	-1
15.6347410679	-1
15.6347410679	-1
15.6498851776	-1
15.6498851776	-1
15.6498851776	-1
15.6498851776	-1
15.6498851776	-1
15.6624581814	-1
15.6624581814	-1
15.6624581814	-1
15.6624581814	-1
15.6624581814	-1
15.6624581814	-1
15.6624581814	-1
15.672232151	-1
15.672232151	-1
15.672232151	-1
15.672232151	-1
15.672232151	-1
15.672232151	-1
15.6725730896	-1
15.6725730896	-1
15.6725730896	-1
15.6725730896	-1
15.6725730896	-1
15.6725730896	-1
15.6725730896	-1
15.6898159981	-1
15.6898159981	-1
15.6898159981	-1
15.6898159981	-1
15.6898159981	-1
15.7061970234	-1
15.7061970234	-1
15.7061970234	-1
15.7061970234	-1
15.7061970234	-1
15.7463390827	-1
15.7463870049	1
15.9074411392	1
15.9074411392	1
15.9074411392	1
15.9074411392	1
15.9074411392	1
15.9103579521	1
15.9124720097	1
15.9124720097	1
15.9124720097	1
15.9124720097	1
15.9124720097	1
15.9124720097	1
15.9124720097	1
15.9124720097	1
15.9126470089	1
15.9126470089	1
15.9126470089	1
15.9126470089	1
15.9126470089	1
15.9740669727	1
15.9740669727	1
15.9740669727	1
15.9740669727	1
15.9740669727	1
15.9740669727	1
15.9740669727	1
15.9740669727	1
15.9741811752	1
15.9741811752	1
16.3504350185	-1
