0.0	1
0.249596834183	1
0.48234796524	-1
0.484000921249	1
0.851181030273	-1
0.852057933807	1
0.854735851288	1
0.854735851288	1
0.854735851288	1
0.897068977356	1
0.897068977356	1
0.991228818893	1
1.45346283913	-1
1.45513796806	1
1.66119980812	-1
1.66262888908	1
1.73228502274	-1
1.73228502274	-1
1.73228502274	-1
1.80206990242	-1
1.80211186409	1
1.80211186409	1
1.97755503654	1
2.10032296181	-1
2.15614891052	-1
2.15614891052	-1
2.15614891052	-1
2.15614891052	-1
2.15614891052	-1
2.15614891052	-1
2.15614891052	-1
2.15614891052	-1
2.24844884872	-1
2.26118588448	1
2.26534795761	-1
2.26534795761	-1
2.26534795761	-1
2.26534795761	-1
2.26534795761	-1
2.26534795761	-1
2.26534795761	-1
2.26953887939	-1
2.39347791672	-1
2.39347791672	-1
2.39347791672	-1
2.39347791672	-1
2.39347791672	-1
2.39347791672	-1
2.39347791672	-1
2.39347791672	-1
2.39347791672	-1
2.50537180901	-1
2.50537180901	-1
2.50537180901	-1
2.50809383392	-1
2.50809383392	-1
2.50809383392	-1
2.50809383392	-1
2.50809383392	-1
2.50809383392	-1
2.51162385941	1
2.73499488831	-1
2.73499488831	-1
2.75220584869	1
3.00284695625	1
3.15685892105	-1
3.15799689293	1
3.42324185371	-1
3.42456293106	1
3.67113900185	-1
3.84723496437	-1
3.84723496437	-1
3.85582089424	1
3.98650979996	-1
4.15023589134	-1
4.15023589134	-1
4.15023589134	-1
4.15023589134	-1
4.16197085381	-1
4.16197085381	-1
4.16197085381	-1
4.17606091499	-1
4.17606091499	-1
4.17606091499	-1
4.17606091499	-1
4.17606091499	-1
4.1840968132	-1
4.19976902008	-1
4.19976902008	-1
4.20490694046	1
4.20867180824	-1
4.20867180824	-1
4.20867180824	-1
4.21151685715	1
4.21151685715	1
4.21151685715	1
4.21151685715	1
4.28982281685	-1
4.28982281685	-1
4.28982281685	-1
4.28982281685	-1
4.2926030159	-1
4.2926030159	-1
4.34613394737	-1
4.34613394737	-1
4.34613394737	-1
4.40498900414	-1
4.40498900414	-1
4.40498900414	-1
4.40498900414	-1
4.40498900414	-1
4.40498900414	-1
4.40498900414	-1
4.40498900414	-1
4.45082497597	-1
4.45082497597	-1
4.45082497597	-1
4.45082497597	-1
4.45082497597	-1
4.45082497597	-1
4.47925186157	-1
4.51392388344	-1
4.51392388344	-1
4.51392388344	-1
4.54288196564	-1
4.54288196564	-1
4.54288196564	-1
4.55262088776	-1
4.55262088776	-1
4.55262088776	-1
4.55262088776	-1
4.59607982635	-1
4.59699583054	1
4.64657592773	-1
4.64657592773	-1
4.64657592773	-1
4.67553901672	-1
4.67553901672	-1
4.67553901672	-1
4.67553901672	-1
4.67553901672	-1
4.67553901672	-1
4.69999599457	-1
4.69999599457	-1
4.74392199516	-1
4.74392199516	-1
4.74392199516	-1
4.74392199516	-1
4.74392199516	-1
4.74395489693	1
4.78069186211	-1
4.78069186211	-1
4.78069186211	-1
4.81341481209	-1
4.81341481209	-1
4.81341481209	-1
4.81341481209	-1
4.82600998878	-1
4.82600998878	-1
4.84315180779	-1
4.84315180779	-1
4.84555602074	1
4.84555602074	1
4.84555602074	1
4.84555602074	1
4.84555602074	1
4.84555602074	1
4.95289802551	-1
4.97203993797	1
4.97203993797	1
4.97203993797	1
4.98967599869	-1
4.98967599869	-1
4.98967599869	-1
4.99135184288	1
4.99135184288	1
4.99708795547	-1
4.99708795547	-1
4.99708795547	-1
4.99708795547	-1
4.99708795547	-1
5.01993298531	-1
5.01993298531	-1
5.01993298531	-1
5.0348508358	-1
5.0348508358	-1
5.0348508358	-1
5.09763097763	1
5.13173985481	-1
5.13173985481	-1
5.13173985481	-1
5.13173985481	-1
5.13173985481	-1
5.2739739418	1
5.27415895462	1
5.27415895462	1
5.27415895462	1
5.27415895462	1
5.27415895462	1
5.27415895462	1
5.41368484497	-1
5.41368484497	-1
5.58964085579	1
5.58964085579	1
5.68869280815	-1
5.69567584991	-1
5.69567584991	-1
5.69567584991	-1
5.69567584991	-1
5.69567584991	-1
5.7028439045	-1
5.71585893631	-1
5.71585893631	-1
5.72178602219	-1
5.72178602219	-1
5.72178602219	-1
5.75178980827	-1
5.75178980827	-1
5.75178980827	-1
5.75178980827	-1
5.75178980827	-1
5.75178980827	-1
5.75178980827	-1
5.75178980827	-1
5.75178980827	-1
5.76956295967	-1
5.76956295967	-1
5.76956295967	-1
5.77080798149	1
5.80335402489	-1
5.80345988274	-1
5.80345988274	-1
5.80345988274	-1
5.80345988274	-1
5.80345988274	-1
5.80358099937	-1
5.85543203354	-1
5.85543203354	-1
5.85543203354	-1
5.85543203354	-1
5.85543203354	-1
5.85543203354	-1
5.85543203354	-1
5.8555688858	-1
5.85578799248	-1
5.85578799248	-1
5.85578799248	-1
5.85578799248	-1
5.89174580574	-1
5.89174580574	-1
5.89174580574	-1
5.89174580574	-1
5.89174580574	-1
5.89174580574	-1
5.91048002243	-1
5.91048002243	-1
5.91048002243	-1
5.91052293777	1
5.91054797173	-1
5.91054797173	-1
5.91054797173	-1
5.91070580482	-1
5.91070580482	-1
5.91070580482	-1
5.91082787514	-1
5.91082787514	-1
5.91082787514	-1
5.91095089912	-1
5.93859481812	-1
5.93859481812	-1
5.93859481812	-1
5.93869996071	-1
5.93869996071	-1
5.95657587051	-1
5.95657587051	-1
5.95657587051	-1
5.95667982101	-1
5.95667982101	-1
5.95667982101	-1
5.95667982101	-1
5.95667982101	-1
5.95667982101	-1
5.95692491531	-1
5.95692491531	-1
5.9961309433	-1
5.9961309433	-1
5.99725699425	1
5.99725699425	1
5.99725699425	1
6.02876281738	-1
6.02876281738	-1
6.02876281738	-1
6.02876281738	-1
6.02876281738	-1
6.02876281738	-1
6.03634095192	-1
6.03634095192	-1
6.04711294174	-1
6.04711294174	-1
6.04711294174	-1
6.04711294174	-1
6.04711294174	-1
6.04711294174	-1
6.04711294174	-1
6.04733896255	-1
6.04733896255	-1
6.04733896255	-1
6.05194497108	-1
6.05560898781	-1
6.05560898781	-1
6.05560898781	-1
6.05560898781	-1
6.05560898781	-1
6.06058692932	-1
6.07922387123	-1
6.07922387123	-1
6.07922387123	-1
6.07922387123	-1
6.07922387123	-1
6.07922387123	-1
6.07922387123	-1
6.07922387123	-1
6.10133981705	-1
6.10133981705	-1
6.10133981705	-1
6.13711595535	-1
6.13786292076	-1
6.13786292076	-1
6.13786292076	-1
6.13786292076	-1
6.13786292076	-1
6.13786292076	-1
6.13786292076	-1
6.1466588974	-1
6.1466588974	-1
6.1466588974	-1
6.1466588974	-1
6.1466588974	-1
6.1466588974	-1
6.1466588974	-1
6.16899800301	-1
6.16899800301	-1
6.16899800301	-1
6.16899800301	-1
6.16899800301	-1
6.16899800301	-1
6.16899800301	-1
6.16899800301	-1
6.1866748333	-1
6.1866748333	-1
6.1866748333	-1
6.1866748333	-1
6.1866748333	-1
6.1866748333	-1
6.1866748333	-1
6.1866748333	-1
6.19555282593	-1
6.19558882713	1
6.19558882713	1
6.20287179947	-1
6.20287179947	-1
6.22175788879	-1
6.22175788879	-1
6.22175788879	-1
6.22175788879	-1
6.22175788879	-1
6.22175788879	-1
6.2447719574	-1
6.2447719574	-1
6.2495238781	-1
6.2495238781	-1
6.2495238781	-1
6.2495238781	-1
6.2495238781	-1
6.2495238781	-1
6.27658390999	-1
6.27658390999	-1
6.27658390999	-1
6.27658390999	-1
6.27658390999	-1
6.27658390999	-1
6.27658390999	-1
6.27658390999	-1
6.27658390999	-1
6.27692484856	-1
6.27704787254	-1
6.27704787254	-1
6.27704787254	-1
6.27704787254	-1
6.27704787254	-1
6.27704787254	-1
6.27704787254	-1
6.27727198601	-1
6.28813791275	-1
6.28813791275	-1
6.28813791275	-1
6.31562685966	-1
6.31562685966	-1
6.31562685966	-1
6.36293292046	-1
6.36293292046	-1
6.36293292046	-1
6.36296486855	1
6.36296486855	1
6.367415905	-1
6.367415905	-1
6.37677598	-1
6.37677598	-1
6.37677598	-1
6.37677598	-1
6.37677598	-1
6.38380289078	-1
6.38380289078	-1
6.38380289078	-1
6.38936591148	-1
6.38936591148	-1
6.38936591148	-1
6.39751291275	-1
6.39751291275	-1
6.39751291275	-1
6.40022802353	-1
6.40714287758	-1
6.40714287758	-1
6.40714287758	-1
6.42106795311	-1
6.42106795311	-1
6.42106795311	-1
6.42106795311	-1
6.42764186859	-1
6.42764186859	-1
6.42764186859	-1
6.42764186859	-1
6.42764186859	-1
6.42764186859	-1
6.43083691597	-1
6.43083691597	-1
6.43083691597	-1
6.43349885941	-1
6.43349885941	-1
6.43349885941	-1
6.43349885941	-1
6.43349885941	-1
6.43349885941	-1
6.43349885941	-1
6.43891000748	-1
6.43891000748	-1
6.43891000748	-1
6.43891000748	-1
6.43891000748	-1
6.43891000748	-1
6.43891000748	-1
6.45529794693	-1
6.45529794693	-1
6.45529794693	-1
6.45529794693	-1
6.45529794693	-1
6.45529794693	-1
6.45565700531	-1
6.45565700531	-1
6.45565700531	-1
6.45565700531	-1
6.45565700531	-1
6.45578098297	-1
6.45590281487	-1
6.45590281487	-1
6.45590281487	-1
6.45590281487	-1
6.45590281487	-1
6.45614886284	-1
6.45614886284	-1
6.45614886284	-1
6.45614886284	-1
6.45614886284	-1
6.45614886284	-1
6.45614886284	-1
6.45639491081	-1
6.45639491081	-1
6.45639491081	-1
6.45639491081	-1
6.47817182541	-1
6.47817182541	-1
6.47817182541	-1
6.47817182541	-1
6.47828698158	-1
6.51619291306	-1
6.51619291306	-1
6.51619291306	-1
6.51622581482	1
6.51622581482	1
6.51625299454	-1
6.51625299454	-1
6.51625299454	-1
6.51642298698	-1
6.51642298698	-1
6.51642298698	-1
6.51654481888	-1
6.51666998863	-1
6.51666998863	-1
6.51666998863	-1
6.51877784729	1
6.51877784729	1
6.51877784729	1
6.51877784729	1
6.53124690056	-1
6.53124690056	-1
6.53124690056	-1
6.53124690056	-1
6.53124690056	-1
6.53136181831	-1
6.53139686584	-1
6.53139686584	-1
6.53139686584	-1
6.53139686584	-1
6.53139686584	-1
6.54423689842	-1
6.54423689842	-1
6.54423689842	-1
6.54445695877	-1
6.54445695877	-1
6.54445695877	-1
6.54445695877	-1
6.54445695877	-1
6.54445695877	-1
6.54445695877	-1
6.56064200401	-1
6.56064200401	-1
6.56064200401	-1
6.56064200401	-1
6.56094384193	-1
6.56094384193	-1
6.56106591225	-1
6.56106591225	-1
6.56106591225	-1
6.56106591225	-1
6.56106591225	-1
6.56106591225	-1
6.56106591225	-1
6.6180138588	-1
6.6180138588	-1
6.6180138588	-1
6.6180138588	-1
6.6180138588	-1
6.6180138588	-1
6.63945484161	-1
6.63945484161	-1
6.63945484161	-1
6.63945484161	-1
6.63945484161	-1
6.63945484161	-1
6.66266202927	1
6.66302895546	-1
6.66302895546	-1
6.66302895546	-1
6.67150402069	-1
6.69507694244	-1
6.69507694244	-1
6.69507694244	-1
6.69507694244	-1
6.69507694244	-1
6.70148587227	-1
6.71008491516	-1
6.71008491516	-1
6.72112703323	-1
6.72112703323	-1
6.72112703323	-1
6.72112703323	-1
6.72112703323	-1
6.7349050045	1
6.7349050045	1
6.7349050045	1
6.74100899696	-1
6.7653169632	-1
6.7653169632	-1
6.7653169632	-1
6.77938485146	-1
6.77938485146	-1
6.77938485146	-1
6.78454589844	-1
6.78454589844	-1
6.78454589844	-1
6.78454589844	-1
6.78454589844	-1
6.78454589844	-1
6.78454589844	-1
6.78917384148	-1
6.78917384148	-1
6.78917384148	-1
6.79345393181	-1
6.79685497284	-1
6.79685497284	-1
6.79685497284	-1
6.79685497284	-1
6.79685497284	-1
6.80330491066	-1
6.80330491066	-1
6.80330491066	-1
6.80330491066	-1
6.80330491066	-1
6.80330491066	-1
6.803347826	1
6.803347826	1
6.80576992035	-1
6.80576992035	-1
6.80576992035	-1
6.80576992035	-1
6.80576992035	-1
6.82096791267	-1
6.82096791267	-1
6.87979197502	-1
6.87979197502	-1
6.87979197502	-1
6.88585495949	-1
6.88585495949	-1
6.88585495949	-1
6.88874197006	-1
6.88874197006	-1
6.88874197006	-1
6.88874197006	-1
6.89158296585	-1
6.89953494072	-1
6.89953494072	-1
6.89953494072	-1
6.90350484848	-1
6.90350484848	-1
6.90350484848	-1
6.90350484848	-1
6.906883955	-1
6.91247487068	-1
6.91247487068	-1
6.91247487068	-1
6.9378888607	-1
6.9378888607	-1
6.9378888607	-1
6.93991589546	-1
6.93991589546	-1
6.94539380074	-1
6.94539380074	-1
6.94539380074	-1
6.94539380074	-1
6.94539380074	-1
6.94539380074	-1
6.94844484329	-1
6.94844484329	-1
6.94940280914	1
6.95366692543	-1
6.95366692543	-1
6.95366692543	-1
6.95776295662	-1
6.95776295662	-1
6.95776295662	-1
6.96130490303	-1
6.96130490303	-1
6.96130490303	-1
6.96130490303	-1
6.96130490303	-1
6.96130490303	-1
6.96316790581	-1
6.96492886543	-1
6.96492886543	-1
6.96492886543	-1
6.96492886543	-1
6.96865701675	-1
6.96865701675	-1
6.96865701675	-1
6.97008991241	-1
6.97637796402	-1
6.97637796402	-1
6.97637796402	-1
6.98577690125	-1
6.98577690125	-1
7.01059699059	-1
7.01059699059	-1
7.01059699059	-1
7.01059699059	-1
7.01059699059	-1
7.01059699059	-1
7.01059699059	-1
7.01059699059	-1
7.01059699059	-1
7.01835799217	-1
7.01835799217	-1
7.01835799217	-1
7.01835799217	-1
7.01835799217	-1
7.01835799217	-1
7.03289294243	-1
7.03289294243	-1
7.03289294243	-1
7.03289294243	-1
7.03289294243	-1
7.03289294243	-1
7.05738782883	-1
7.05738782883	-1
7.05738782883	-1
7.05738782883	-1
7.05738782883	-1
7.07696199417	-1
7.07696199417	-1
7.07696199417	-1
7.07696199417	-1
7.07696199417	-1
7.09305095673	-1
7.09308195114	1
7.09308195114	1
7.10772299767	-1
7.10772299767	-1
7.13137698174	-1
7.13137698174	-1
7.13137698174	-1
7.15492486954	-1
7.15492486954	-1
7.15492486954	-1
7.15492486954	-1
7.15492486954	-1
7.1670088768	-1
7.1670088768	-1
7.1670088768	-1
7.17226886749	-1
7.19680285454	-1
7.19680285454	-1
7.19680285454	-1
7.21203589439	-1
7.21203589439	-1
7.21203589439	-1
7.21203589439	-1
7.21203589439	-1
7.24442195892	-1
7.24442195892	-1
7.24442195892	-1
7.27753782272	-1
7.27753782272	-1
7.27753782272	-1
7.28394794464	-1
7.28394794464	-1
7.2955789566	-1
7.2955789566	-1
7.2955789566	-1
7.2955789566	-1
7.2955789566	-1
7.2955789566	-1
7.30006480217	-1
7.30006480217	-1
7.30006480217	-1
7.31192684174	-1
7.31284499168	1
7.31711483002	-1
7.31711483002	-1
7.31711483002	-1
7.31711483002	-1
7.33598589897	-1
7.33598589897	-1
7.33598589897	-1
7.33598589897	-1
7.33598589897	-1
7.33598589897	-1
7.3914539814	-1
7.39982891083	-1
7.39982891083	-1
7.39982891083	-1
7.40332984924	-1
7.40332984924	-1
7.40332984924	-1
7.40863585472	-1
7.40863585472	-1
7.41109800339	1
7.41109800339	1
7.41109800339	1
7.41109800339	1
7.41109800339	1
7.41109800339	1
7.4114689827	-1
7.4114689827	-1
7.4114689827	-1
7.4114689827	-1
7.41387987137	-1
7.41842603683	-1
7.41842603683	-1
7.41842603683	-1
7.41842603683	-1
7.41842603683	-1
7.41842603683	-1
7.41842603683	-1
7.41842603683	-1
7.44984292984	-1
7.44984292984	-1
7.44984292984	-1
7.44984292984	-1
7.44984292984	-1
7.44984292984	-1
7.44984292984	-1
7.44984292984	-1
7.45464396477	-1
7.45464396477	-1
7.45464396477	-1
7.45464396477	-1
7.45464396477	-1
7.45464396477	-1
7.45464396477	-1
7.46541190147	-1
7.46541190147	-1
7.46541190147	-1
7.46541190147	-1
7.46541190147	-1
7.46541190147	-1
7.46970081329	-1
7.48178195953	-1
7.48178195953	-1
7.48178195953	-1
7.48505783081	-1
7.48505783081	-1
7.48505783081	-1
7.49902582169	-1
7.49902582169	-1
7.52384591103	-1
7.52384591103	-1
7.52384591103	-1
7.52384591103	-1
7.52384591103	-1
7.5440788269	-1
7.5440788269	-1
7.5440788269	-1
7.5941259861	1
7.5941259861	1
7.61084103584	-1
7.61084103584	-1
7.61084103584	-1
7.64652490616	-1
7.64652490616	-1
7.64652490616	-1
7.65523695946	-1
7.65523695946	-1
7.65523695946	-1
7.65523695946	-1
7.65523695946	-1
7.66709399223	-1
7.66709399223	-1
7.66709399223	-1
7.67481398582	-1
7.67481398582	-1
7.67481398582	-1
7.68630194664	-1
7.68630194664	-1
7.68630194664	-1
7.69254899025	-1
7.70467185974	-1
7.70467185974	-1
7.70467185974	-1
7.70467185974	-1
7.70467185974	-1
7.70467185974	-1
7.70467185974	-1
7.70467185974	-1
7.71104097366	-1
7.71691799164	-1
7.71691799164	-1
7.71691799164	-1
7.71691799164	-1
7.71691799164	-1
7.71691799164	-1
7.71691799164	-1
7.73057794571	-1
7.73057794571	-1
7.73057794571	-1
7.73057794571	-1
7.74599790573	-1
7.74599790573	-1
7.74599790573	-1
7.78179693222	-1
7.78179693222	-1
7.78179693222	-1
7.78179693222	-1
7.78179693222	-1
7.78179693222	-1
7.80428600311	-1
7.80428600311	-1
7.80428600311	-1
7.80538487434	1
7.81724596024	-1
7.81724596024	-1
7.81724596024	-1
7.81724596024	-1
7.81724596024	-1
7.81724596024	-1
7.82578492165	-1
7.83278799057	-1
7.83278799057	-1
7.83278799057	-1
7.83278799057	-1
7.83278799057	-1
7.83278799057	-1
7.83278799057	-1
7.83733391762	-1
7.85304403305	-1
7.85304403305	-1
7.85304403305	-1
7.86608695984	-1
7.86608695984	-1
7.86608695984	-1
7.94347596169	-1
7.94347596169	-1
7.94347596169	-1
7.94347596169	-1
7.94722080231	-1
7.94722080231	-1
7.94722080231	-1
7.94725584984	1
7.95639586449	-1
7.96962594986	-1
7.96962594986	-1
7.96962594986	-1
7.9729719162	1
7.9729719162	1
7.9729719162	1
7.97438597679	-1
7.97438597679	-1
7.97438597679	-1
7.97438597679	-1
7.97438597679	-1
7.98068380356	-1
7.98068380356	-1
7.98068380356	-1
7.98068380356	-1
7.98068380356	-1
7.98068380356	-1
7.98175787926	1
7.98175787926	1
8.00250792503	-1
8.00250792503	-1
8.00250792503	-1
8.021504879	-1
8.021504879	-1
8.021504879	-1
8.02635788918	-1
8.03157186508	-1
8.03157186508	-1
8.03157186508	-1
8.03157186508	-1
8.03157186508	-1
8.03594589233	-1
8.03594589233	-1
8.03594589233	-1
8.04636287689	-1
8.04636287689	-1
8.04636287689	-1
8.05130791664	-1
8.05130791664	-1
8.06730985641	-1
8.06730985641	-1
8.06730985641	-1
8.07483196259	-1
8.07483196259	-1
8.07483196259	-1
8.08113789558	-1
8.08113789558	-1
8.08113789558	-1
8.08947396278	-1
8.08947396278	-1
8.08947396278	-1
8.08948493004	1
8.08948493004	1
8.09274983406	-1
8.09823894501	-1
8.09823894501	-1
8.09823894501	-1
8.10817098618	-1
8.10817098618	-1
8.10817098618	-1
8.10817098618	-1
8.10817098618	-1
8.12528085709	-1
8.12528085709	-1
8.12528085709	-1
8.14288187027	-1
8.14288187027	-1
8.14288187027	-1
8.14288187027	-1
8.14288187027	-1
8.14288187027	-1
8.18969297409	-1
8.18969297409	-1
8.26569080353	1
8.32990193367	-1
8.32990193367	-1
8.39044284821	-1
8.39044284821	-1
8.39044284821	-1
8.40213680267	-1
8.40213680267	-1
8.40213680267	-1
8.41130590439	1
8.41159892082	-1
8.41159892082	-1
8.41159892082	-1
8.41970682144	-1
8.41970682144	-1
8.41970682144	-1
8.42360782623	-1
8.43952989578	-1
8.43952989578	-1
8.43952989578	-1
8.44964385033	-1
8.44964385033	-1
8.45419001579	-1
8.45419001579	-1
8.45419001579	-1
8.46965098381	-1
8.47874593735	-1
8.47874593735	-1
8.47874593735	-1
8.48867583275	-1
8.48867583275	-1
8.48867583275	-1
8.4921708107	-1
8.4921708107	-1
8.50870990753	-1
8.50870990753	-1
8.50870990753	-1
8.50870990753	-1
8.50870990753	-1
8.52217888832	-1
8.54495191574	-1
8.54495191574	-1
8.58953881264	1
8.58953881264	1
8.61814188957	-1
8.625415802	-1
8.625415802	-1
8.625415802	-1
8.625415802	-1
8.625415802	-1
8.625415802	-1
8.625415802	-1
8.64650893211	-1
8.64650893211	-1
8.64650893211	-1
8.64650893211	-1
8.64650893211	-1
8.64650893211	-1
8.67800402641	-1
8.71326899529	-1
8.71326899529	-1
8.71326899529	-1
8.73087692261	-1
8.73087692261	-1
8.73412394524	1
8.74795794487	-1
8.74795794487	-1
8.74795794487	-1
8.75788998604	-1
8.76902985573	-1
8.76902985573	-1
8.76902985573	-1
8.77867794037	-1
8.77867794037	-1
8.77867794037	-1
8.77867794037	-1
8.78641796112	-1
8.80079483986	-1
8.80079483986	-1
8.80079483986	-1
8.80079483986	-1
8.80079483986	-1
8.80079483986	-1
8.80079483986	-1
8.8109998703	-1
8.8109998703	-1
8.8109998703	-1
8.8109998703	-1
8.8109998703	-1
8.8109998703	-1
8.8109998703	-1
8.8345208168	-1
8.8345208168	-1
8.8345208168	-1
8.84207701683	-1
8.84207701683	-1
8.84207701683	-1
8.84207701683	-1
8.84207701683	-1
8.84207701683	-1
8.84207701683	-1
8.85045385361	-1
8.85045385361	-1
8.85045385361	-1
8.85045385361	-1
8.85045385361	-1
8.85045385361	-1
8.85045385361	-1
8.87457680702	-1
8.87457680702	-1
8.87461781502	1
8.89213895798	-1
8.89213895798	-1
8.89213895798	-1
8.91809296608	-1
8.91809296608	-1
8.91809296608	-1
8.93025803566	-1
8.93025803566	-1
8.93025803566	-1
8.93025803566	-1
8.93025803566	-1
8.93025803566	-1
8.95784187317	-1
8.95784187317	-1
8.95784187317	-1
8.95784187317	-1
8.95784187317	-1
8.97105193138	-1
8.97105193138	-1
8.97105193138	-1
8.9806599617	-1
8.9806599617	-1
8.9806599617	-1
8.9806599617	-1
8.9806599617	-1
8.9806599617	-1
8.9806599617	-1
8.9806599617	-1
8.98510098457	-1
8.98510098457	-1
8.98510098457	-1
8.98510098457	-1
8.98510098457	-1
8.98510098457	-1
8.99317097664	-1
8.99317097664	-1
8.99317097664	-1
8.99699902534	-1
9.00388097763	-1
9.00388097763	-1
9.00388097763	-1
9.00717687607	-1
9.00717687607	-1
9.01643490791	-1
9.01643490791	-1
9.01643490791	-1
9.01643490791	-1
9.01643490791	-1
9.01643490791	-1
9.01646780968	1
9.01646780968	1
9.02393102646	-1
9.02393102646	-1
9.03017401695	-1
9.03017401695	-1
9.03017401695	-1
9.03017401695	-1
9.03017401695	-1
9.03017401695	-1
9.03988289833	-1
9.03988289833	-1
9.03988289833	-1
9.04874992371	-1
9.04874992371	-1
9.04874992371	-1
9.04874992371	-1
9.04874992371	-1
9.04874992371	-1
9.04874992371	-1
9.04874992371	-1
9.05515980721	-1
9.05515980721	-1
9.05515980721	-1
9.05515980721	-1
9.05515980721	-1
9.05515980721	-1
9.05515980721	-1
9.05515980721	-1
9.05941700935	-1
9.05941700935	-1
9.05941700935	-1
9.05941700935	-1
9.06223797798	-1
9.06223797798	-1
9.06223797798	-1
9.06223797798	-1
9.06223797798	-1
9.08538484573	-1
9.08538484573	-1
9.08538484573	-1
9.08538484573	-1
9.08538484573	-1
9.08538484573	-1
9.08538484573	-1
9.08538484573	-1
9.09740281105	-1
9.09740281105	-1
9.09740281105	-1
9.09740281105	-1
9.09740281105	-1
9.09740281105	-1
9.09740281105	-1
9.09764790535	-1
9.11073493958	-1
9.11073493958	-1
9.11073493958	-1
9.11073493958	-1
9.11085700989	-1
9.11098003387	-1
9.11098003387	-1
9.11098003387	-1
9.12091493607	-1
9.12091493607	-1
9.12094187737	-1
9.12094187737	-1
9.12094187737	-1
9.1211578846	-1
9.1211578846	-1
9.1211578846	-1
9.1211578846	-1
9.1211578846	-1
9.13158082962	-1
9.13158082962	-1
9.13158082962	-1
9.13645482063	-1
9.13645482063	-1
9.13645482063	-1
9.14175891876	-1
9.14175891876	-1
9.14175891876	-1
9.14880394936	-1
9.14880394936	-1
9.14880394936	-1
9.15158891678	-1
9.15754890442	-1
9.15754890442	-1
9.15754890442	-1
9.15756583214	1
9.15756583214	1
9.16281485558	-1
9.16281485558	-1
9.16710090637	-1
9.16710090637	-1
9.16710090637	-1
9.17199492455	-1
9.17199492455	-1
9.17453384399	-1
9.17453384399	-1
9.17453384399	-1
9.1887049675	-1
9.1887049675	-1
9.1887049675	-1
9.1887049675	-1
9.1887049675	-1
9.1887049675	-1
9.1887049675	-1
9.1887049675	-1
9.19216680527	-1
9.19511580467	-1
9.19511580467	-1
9.19511580467	-1
9.19511580467	-1
9.19511580467	-1
9.19511580467	-1
9.19511580467	-1
9.19794201851	-1
9.19794201851	-1
9.19794201851	-1
9.19794201851	-1
9.19794201851	-1
9.19794201851	-1
9.19794201851	-1
9.20424890518	-1
9.20424890518	-1
9.20983982086	-1
9.20983982086	-1
9.20983982086	-1
9.21600389481	-1
9.21600389481	-1
9.21600389481	-1
9.23037385941	-1
9.23037385941	-1
9.23037385941	-1
9.23603701591	-1
9.2457318306	-1
9.2457318306	-1
9.2457318306	-1
9.25183486938	-1
9.25183486938	-1
9.25183486938	-1
9.25183486938	-1
9.25183486938	-1
9.25896191597	-1
9.25896191597	-1
9.25896191597	-1
9.26137685776	-1
9.26137685776	-1
9.26793003082	-1
9.26793003082	-1
9.26793003082	-1
9.27276182175	-1
9.27276182175	-1
9.27276182175	-1
9.27276182175	-1
9.27276182175	-1
9.27276182175	-1
9.27769780159	-1
9.27769780159	-1
9.28216290474	-1
9.28216290474	-1
9.28216290474	-1
9.28605294228	-1
9.28605294228	-1
9.28605294228	-1
9.28963685036	-1
9.28963685036	-1
9.28963685036	-1
9.29129600525	-1
9.29473590851	-1
9.29473590851	-1
9.29473590851	-1
9.29653787613	-1
9.29653787613	-1
9.29653787613	-1
9.29653787613	-1
9.29877185822	-1
9.29881095886	1
9.29881095886	1
9.30200600624	-1
9.30200600624	-1
9.30200600624	-1
9.30360388756	-1
9.30360388756	-1
9.30845689774	-1
9.30845689774	-1
9.30845689774	-1
9.30845689774	-1
9.30845689774	-1
9.30845689774	-1
9.3158288002	-1
9.3158288002	-1
9.3158288002	-1
9.3158288002	-1
9.3158288002	-1
9.32152199745	-1
9.32152199745	-1
9.32152199745	-1
9.3282828331	-1
9.3282828331	-1
9.3282828331	-1
9.3282828331	-1
9.3282828331	-1
9.3282828331	-1
9.34033799171	-1
9.34033799171	-1
9.34033799171	-1
9.35101485252	-1
9.35101485252	-1
9.35101485252	-1
9.35101485252	-1
9.35101485252	-1
9.36133289337	-1
9.36133289337	-1
9.36133289337	-1
9.36787891388	-1
9.36787891388	-1
9.36787891388	-1
9.37040495872	-1
9.37040495872	-1
9.37040495872	-1
9.37576293945	-1
9.37576293945	-1
9.37576293945	-1
9.38121700287	-1
9.38126397133	-1
9.38126397133	-1
9.38126397133	-1
9.38126397133	-1
9.3852789402	-1
9.3852789402	-1
9.3852789402	-1
9.3852789402	-1
9.3852789402	-1
9.3852789402	-1
9.38721084595	-1
9.39313697815	-1
9.39313697815	-1
9.39313697815	-1
9.39739584923	-1
9.39739584923	-1
9.39819598198	1
9.39819598198	1
9.39819598198	1
9.40196299553	-1
9.40196299553	-1
9.40196299553	-1
9.4059150219	-1
9.4059150219	-1
9.40802598	-1
9.40802598	-1
9.40802598	-1
9.41138291359	-1
9.41138291359	-1
9.41138291359	-1
9.4153149128	-1
9.4153149128	-1
9.4153149128	-1
9.4153149128	-1
9.4153149128	-1
9.4153149128	-1
9.4153149128	-1
9.41691184044	-1
9.42192792892	-1
9.42192792892	-1
9.42217803001	-1
9.42217803001	-1
9.42217803001	-1
9.42916989326	-1
9.42916989326	-1
9.42916989326	-1
9.42921280861	-1
9.42921280861	-1
9.42921280861	-1
9.42921280861	-1
9.42921280861	-1
9.42921280861	-1
9.42921280861	-1
9.42921280861	-1
9.44134187698	-1
9.44134187698	-1
9.44134187698	-1
9.44138383865	1
9.45131897926	-1
9.45131897926	-1
9.45131897926	-1
9.45467495918	-1
9.45467495918	-1
9.45467495918	-1
9.45749998093	-1
9.46211481094	-1
9.46211481094	-1
9.46211481094	-1
9.46211481094	-1
9.46211481094	-1
9.46831798553	-1
9.46831798553	-1
9.46831798553	-1
9.47821903229	-1
9.47821903229	-1
9.47821903229	-1
9.48409080505	-1
9.48409080505	-1
9.48409080505	-1
9.48872089386	-1
9.48872089386	-1
9.49326896667	-1
9.49326896667	-1
9.49326896667	-1
9.49520993233	-1
9.49520993233	-1
9.49959683418	-1
9.49959683418	-1
9.49959683418	-1
9.50100588799	1
9.50100588799	1
9.50100588799	1
9.50113391876	1
9.50113391876	1
9.50113391876	1
9.50363993645	-1
9.50363993645	-1
9.50363993645	-1
9.50636386871	-1
9.50636386871	-1
9.50636386871	-1
9.50939488411	-1
9.50939488411	-1
9.50939488411	-1
9.51353788376	-1
9.51353788376	-1
9.51353788376	-1
9.51578402519	-1
9.51777696609	-1
9.51777696609	-1
9.51777696609	-1
9.51777696609	-1
9.51777696609	-1
9.51777696609	-1
9.52195382118	-1
9.52195382118	-1
9.52486300468	-1
9.52486300468	-1
9.52486300468	-1
9.5256819725	-1
9.5256819725	-1
9.5353808403	-1
9.5353808403	-1
9.5353808403	-1
9.53886294365	-1
9.53886294365	-1
9.54040384293	1
9.54040384293	1
9.59102487564	-1
9.59102487564	-1
9.59102487564	-1
9.61127591133	-1
9.61127591133	-1
9.61127591133	-1
9.64050292969	-1
9.64050292969	-1
9.64050292969	-1
9.67254781723	-1
9.67254781723	-1
9.67254781723	-1
9.67254781723	-1
9.67254781723	-1
9.67254781723	-1
9.68610596657	-1
9.68610596657	-1
9.68610596657	-1
9.69169902802	-1
9.70160794258	-1
9.70160794258	-1
9.70160794258	-1
9.71719002724	-1
9.71719002724	-1
9.7197508812	-1
9.7197508812	-1
9.7197508812	-1
9.73326683044	-1
9.73326683044	-1
9.73326683044	-1
9.73326683044	-1
9.73329901695	1
9.73670983315	-1
9.74725484848	-1
9.74725484848	-1
9.74725484848	-1
9.74855899811	1
9.74855899811	1
9.74855899811	1
9.79323196411	-1
9.79323196411	-1
9.79323196411	-1
9.79323196411	-1
9.79323196411	-1
9.79323196411	-1
9.79323196411	-1
9.79323196411	-1
9.79323196411	-1
9.80378580093	-1
9.80378580093	-1
9.80378580093	-1
9.80378580093	-1
9.80378580093	-1
9.80378580093	-1
9.81233596802	-1
9.81233596802	-1
9.82439994812	-1
9.82439994812	-1
9.82439994812	-1
9.82439994812	-1
9.82439994812	-1
9.82439994812	-1
9.82439994812	-1
9.83961987495	-1
9.84563183784	-1
9.84563183784	-1
9.84563183784	-1
9.84563183784	-1
9.84563183784	-1
9.84563183784	-1
9.84563183784	-1
9.85237002373	-1
9.85679292679	-1
9.85679292679	-1
9.85679292679	-1
9.85679292679	-1
9.85679292679	-1
9.85679292679	-1
9.85679292679	-1
9.8758919239	-1
9.87592983246	1
9.88118290901	-1
9.88118290901	-1
9.88118290901	-1
9.88118290901	-1
9.88118290901	-1
9.88118290901	-1
9.88118290901	-1
9.88118290901	-1
9.88141298294	-1
9.89206886292	-1
9.89206886292	-1
9.89206886292	-1
9.91417694092	-1
9.91417694092	-1
9.91417694092	-1
9.91417694092	-1
9.91417694092	-1
9.91417694092	-1
9.91940999031	-1
9.91940999031	-1
9.92609500885	-1
9.92609500885	-1
9.92609500885	-1
9.92609500885	-1
9.92609500885	-1
9.92609500885	-1
9.92609500885	-1
9.9308450222	-1
9.9308450222	-1
9.9308450222	-1
9.9308450222	-1
9.9308450222	-1
9.9308450222	-1
9.9308450222	-1
9.93504500389	-1
9.93504500389	-1
9.93504500389	-1
9.93504500389	-1
9.93504500389	-1
9.93504500389	-1
9.93504500389	-1
9.94220781326	-1
9.94220781326	-1
9.94220781326	-1
9.94220781326	-1
9.94220781326	-1
9.94220781326	-1
9.94220781326	-1
9.94220781326	-1
9.94924402237	-1
9.94924402237	-1
9.94924402237	-1
9.94924402237	-1
9.94924402237	-1
9.94924402237	-1
9.94924402237	-1
9.94924402237	-1
9.95198082924	-1
9.9708609581	-1
9.9708609581	-1
9.97528290749	-1
9.97528290749	-1
9.97528290749	-1
10.0407829285	-1
10.0407829285	-1
10.0407829285	-1
10.0407829285	-1
10.0407829285	-1
10.0407829285	-1
10.0407829285	-1
10.0407829285	-1
10.0408129692	1
10.0408129692	1
10.0439088345	-1
10.0439088345	-1
10.0439088345	-1
10.0439088345	-1
10.0439088345	-1
10.0439088345	-1
10.0439088345	-1
10.0466578007	-1
10.0518648624	-1
10.0518648624	-1
10.0518648624	-1
10.0518648624	-1
10.0518648624	-1
10.0518648624	-1
10.0518648624	-1
10.0566029549	-1
10.074808836	-1
10.074808836	-1
10.074808836	-1
10.074808836	-1
10.074808836	-1
10.0795388222	-1
10.0795388222	-1
10.0795388222	-1
10.0795388222	-1
10.0795388222	-1
10.0795388222	-1
10.1054029465	-1
10.1054029465	-1
10.1054029465	-1
10.1054029465	-1
10.1054029465	-1
10.1054029465	-1
10.1054029465	-1
10.1054029465	-1
10.1192259789	-1
10.144110918	-1
10.144110918	-1
10.144110918	-1
10.144110918	-1
10.144110918	-1
10.144110918	-1
10.2142248154	1
10.3827710152	-1
10.3828098774	1
10.3886759281	-1
10.3886759281	-1
10.3886759281	-1
10.3886759281	-1
10.3886759281	-1
10.3886759281	-1
10.4070358276	-1
10.4070358276	-1
10.4070358276	-1
10.4070358276	-1
10.4129528999	-1
10.4129528999	-1
10.4129528999	-1
10.4129528999	-1
10.4129528999	-1
10.4129528999	-1
10.4172129631	-1
10.4211239815	-1
10.4211239815	-1
10.4211239815	-1
10.4211239815	-1
10.4211239815	-1
10.4211239815	-1
10.4211239815	-1
10.4400479794	-1
10.4460759163	-1
10.4460759163	-1
10.4460759163	-1
10.4460759163	-1
10.4460759163	-1
10.4460759163	-1
10.4460759163	-1
10.4519460201	-1
10.4565718174	-1
10.4565718174	-1
10.4565718174	-1
10.4565718174	-1
10.4565718174	-1
10.4565718174	-1
10.4565718174	-1
10.4613230228	-1
10.4698209763	-1
10.4698209763	-1
10.4698209763	-1
10.4698209763	-1
10.4698209763	-1
10.4698209763	-1
10.4698209763	-1
10.4733028412	-1
10.4786689281	-1
10.4786689281	-1
10.4786689281	-1
10.4786689281	-1
10.4786689281	-1
10.4786689281	-1
10.4786689281	-1
10.4786689281	-1
10.4810028076	-1
10.4810028076	-1
10.4810028076	-1
10.4810028076	-1
10.4810028076	-1
10.4810028076	-1
10.4810028076	-1
10.4860608578	-1
10.4860608578	-1
10.4860608578	-1
10.4860608578	-1
10.4860608578	-1
10.4860608578	-1
10.4860608578	-1
10.4860608578	-1
10.4910788536	-1
10.4910788536	-1
10.493229866	-1
10.493229866	-1
10.493229866	-1
10.493229866	-1
10.493229866	-1
10.493229866	-1
10.493229866	-1
10.4955229759	-1
10.4955229759	-1
10.4955229759	-1
10.4955229759	-1
10.4955229759	-1
10.4955229759	-1
10.4978158474	-1
10.4978158474	-1
10.5023419857	-1
10.5023419857	-1
10.5023419857	-1
10.5023419857	-1
10.5023419857	-1
10.5023419857	-1
10.5056788921	-1
10.5056788921	-1
10.5091609955	-1
10.5091609955	-1
10.5223929882	-1
10.522441864	1
10.522441864	1
10.5465199947	-1
10.5465199947	-1
10.5465199947	-1
10.6621339321	1
10.6621339321	1
10.8252739906	-1
10.9276669025	-1
10.9276669025	-1
10.9276669025	-1
10.9327018261	-1
10.9327018261	-1
10.9327018261	-1
10.9327018261	-1
10.9356088638	-1
10.9382100105	-1
10.9382100105	-1
10.9382100105	-1
10.9382100105	-1
10.9482238293	-1
10.9668610096	-1
10.9668610096	-1
10.9668610096	-1
11.0032119751	-1
11.0032119751	-1
11.158703804	-1
11.1655240059	-1
11.1655240059	-1
11.1655240059	-1
11.1688408852	-1
11.1688408852	-1
11.1688408852	-1
11.1688408852	-1
11.1688408852	-1
11.1790018082	-1
11.1790018082	-1
11.1790018082	-1
11.1790018082	-1
11.1790018082	-1
11.1790018082	-1
11.1823768616	-1
11.1823768616	-1
11.1823768616	-1
11.26167202	-1
11.26167202	-1
11.26167202	-1
12.0255699158	-1
12.1856958866	-1
12.3249678612	-1
12.4274129868	1
12.427726984	1
12.427726984	1
12.427726984	1
12.427726984	1
12.427726984	1
12.427726984	1
12.427726984	1
12.427726984	1
12.4282770157	1
12.6057248116	1
