0.0	1
0.250236988068	1
0.456700086594	-1
0.457674026489	1
0.692461013794	-1
0.693274974823	1
0.731550931931	1
0.731550931931	1
0.731550931931	1
0.979135990143	1
1.09407401085	1
1.09407401085	1
1.1998000145	-1
1.20916795731	1
1.32428598404	-1
1.3258099556	1
1.44089102745	-1
1.44212198257	1
1.62728905678	-1
1.62843608856	1
1.76689100266	-1
1.79198503494	-1
1.79198503494	-1
1.79198503494	-1
1.79198503494	-1
1.79198503494	-1
1.79198503494	-1
1.79198503494	-1
1.79198503494	-1
1.82742595673	1
1.88337302208	-1
1.88337302208	-1
1.88337302208	-1
1.88337302208	-1
1.89425706863	-1
1.89425706863	-1
1.89425706863	-1
1.89425706863	-1
1.89425706863	-1
1.90702700615	-1
2.01404809952	-1
2.01404809952	-1
2.01404809952	-1
2.01404809952	-1
2.01404809952	-1
2.01404809952	-1
2.01404809952	-1
2.01404809952	-1
2.07736611366	1
2.17619514465	-1
2.17619514465	-1
2.21231794357	-1
2.21231794357	-1
2.21231794357	-1
2.21231794357	-1
2.21231794357	-1
2.21231794357	-1
2.21231794357	-1
2.32757902145	-1
2.3294210434	1
2.47987699509	-1
2.76063799858	-1
2.94306492805	-1
2.95059299469	1
3.40086698532	-1
3.55308008194	-1
3.56602692604	1
3.56827306747	1
3.56827306747	1
3.56827306747	1
3.98646903038	-1
4.14183998108	-1
4.25697398186	-1
4.25697398186	-1
4.37199902534	-1
4.37199902534	-1
6.44514203072	1
6.56007695198	1
7.44320702553	1
8.97457814217	-1
10.0533590317	1
11.0367629528	1
19.1471891403	-1
19.1479821205	1
19.2622079849	-1
19.2629070282	1
19.3783841133	-1
19.3783841133	-1
37.0367310047	1
