0.0	1
0.249680995941	1
0.430828094482	-1
0.431753158569	1
0.742777109146	-1
0.743586063385	1
0.746907949448	1
0.746907949448	1
0.746907949448	1
0.857877969742	1
0.857877969742	1
0.857877969742	1
1.27049207687	-1
1.2720811367	1
1.38765215874	-1
1.38877415657	1
1.50416612625	-1
1.50416612625	-1
1.50548815727	1
1.62091398239	-1
1.62091398239	-1
1.6225039959	1
1.74628400803	-1
1.7463259697	1
1.78153896332	-1
1.78153896332	-1
1.78153896332	-1
1.78153896332	-1
1.78153896332	-1
1.78153896332	-1
1.78153896332	-1
1.78153896332	-1
1.79724407196	-1
1.8532910347	-1
1.8532910347	-1
1.86166715622	-1
1.86170697212	1
1.89459896088	1
1.89459896088	1
1.89459896088	1
1.89818906784	1
1.89818906784	1
1.98525810242	-1
1.98530912399	1
2.07293701172	-1
2.07293701172	-1
2.07293701172	-1
2.07293701172	-1
2.07293701172	-1
2.07293701172	-1
2.07293701172	-1
2.07293701172	-1
2.10089707375	1
2.17419505119	-1
2.17419505119	-1
2.17419505119	-1
2.17775797844	-1
2.17775797844	-1
2.17775797844	-1
2.17775797844	-1
2.17775797844	-1
2.17775797844	-1
2.30620408058	-1
2.30620408058	-1
2.30620408058	-1
2.30620408058	-1
2.30620408058	-1
2.30620408058	-1
2.30620408058	-1
2.30620408058	-1
2.30620408058	-1
2.38887500763	-1
2.38887500763	-1
2.38887500763	-1
2.39033317566	1
2.44876408577	1
2.44876408577	1
2.44876408577	1
2.44876408577	1
2.56444907188	-1
2.56444907188	-1
2.72013401985	-1
2.72013401985	-1
2.85144901276	-1
2.85144901276	-1
2.85144901276	-1
2.85273909569	1
2.85710716248	-1
2.85710716248	-1
2.85710716248	-1
2.85710716248	-1
2.85710716248	-1
2.85710716248	-1
2.96403717995	-1
2.96403717995	-1
2.96403717995	-1
2.97303199768	-1
2.97303199768	-1
2.97303199768	-1
2.97303199768	-1
2.97303199768	-1
2.97303199768	-1
2.97303199768	-1
3.06732416153	-1
3.06732416153	-1
3.06732416153	-1
3.07661914825	-1
3.07661914825	-1
3.09131002426	-1
3.09131002426	-1
3.09131002426	-1
3.09573316574	-1
3.09573316574	-1
3.09573316574	-1
3.09573316574	-1
3.09573316574	-1
3.14333295822	-1
3.21247005463	-1
3.21247005463	-1
3.21247005463	-1
3.21247005463	-1
3.21247005463	-1
3.21247005463	-1
3.26028299332	1
3.28698801994	1
3.28698801994	1
3.28698801994	1
3.28698801994	1
3.41005110741	1
3.55456399918	-1
3.75209403038	-1
3.75963616371	1
3.8529150486	-1
3.8529150486	-1
3.8529150486	-1
3.85731196404	-1
3.85731196404	-1
3.85731196404	-1
3.85731196404	-1
3.86108112335	-1
3.9035949707	-1
3.9035949707	-1
3.9035949707	-1
3.9035949707	-1
3.9035949707	-1
3.9035949707	-1
3.9035949707	-1
3.99206113815	-1
4.00175118446	-1
4.00175118446	-1
4.00175118446	-1
4.00175118446	-1
4.00175118446	-1
4.14598202705	1
4.20947694778	1
4.20947694778	1
4.20947694778	1
4.20947694778	1
4.20947694778	1
4.20947694778	1
4.20947694778	1
4.20947694778	1
4.20947694778	1
4.21592402458	1
4.21592402458	1
4.30283403397	1
4.30283403397	1
4.55869197845	-1
4.71203112602	-1
4.82720518112	-1
