0.0	1
0.250113010406	1
0.519613027573	-1
0.521097898483	1
0.940332889557	-1
0.94153380394	1
0.945958852768	1
0.945958852768	1
0.945958852768	1
0.945958852768	1
0.945958852768	1
1.67400789261	-1
1.67595696449	1
1.77752900124	-1
1.84089183807	-1
1.84089183807	-1
1.84089183807	-1
1.84256291389	1
1.95655488968	1
1.95655488968	1
2.32941389084	-1
2.47798681259	-1
2.48080801964	-1
2.48080801964	-1
2.48080801964	-1
2.48080801964	-1
2.48080801964	-1
2.48080801964	-1
2.48080801964	-1
2.48830199242	-1
2.48830199242	-1
2.48830199242	-1
2.48830199242	-1
2.48830199242	-1
2.48830199242	-1
2.48830199242	-1
2.50665092468	1
2.58237886429	1
2.58237886429	1
2.59868192673	-1
2.59868192673	-1
2.59868192673	-1
2.59868192673	-1
2.59868192673	-1
2.59868192673	-1
2.59868192673	-1
2.59868192673	-1
2.60089302063	-1
2.62725281715	1
2.62725281715	1
2.62725281715	1
2.62725281715	1
2.65294981003	-1
2.65294981003	-1
2.65294981003	-1
2.65294981003	-1
2.65294981003	-1
2.65294981003	-1
2.65294981003	-1
2.65294981003	-1
2.73240995407	-1
2.73240995407	-1
2.7324450016	1
2.7324450016	1
2.80695199966	-1
2.80695199966	-1
2.80695199966	-1
2.80730199814	1
2.81491780281	-1
2.81491780281	-1
2.81491780281	-1
2.81491780281	-1
2.81491780281	-1
2.81491780281	-1
2.88188195229	-1
2.88191580772	1
2.88191580772	1
2.91223192215	1
2.91223192215	1
2.91223192215	1
2.95681381226	-1
2.95862293243	-1
2.95862293243	-1
2.95862293243	-1
2.95862293243	-1
2.95862293243	-1
2.95862293243	-1
2.95862293243	-1
2.96188998222	-1
2.96188998222	-1
2.96188998222	-1
2.96188998222	-1
2.96188998222	-1
2.96188998222	-1
2.96188998222	-1
3.14531898499	-1
3.14531898499	-1
3.14576387405	1
3.54948687553	-1
3.55095791817	1
3.66740202904	-1
3.6675889492	-1
3.6675889492	-1
3.6675889492	-1
3.6675889492	-1
3.6675889492	-1
3.6675889492	-1
3.74310588837	1
3.80127286911	-1
3.80127286911	-1
3.80127286911	-1
3.80127286911	-1
3.80127286911	-1
3.80127286911	-1
3.80127286911	-1
3.80127286911	-1
3.80127286911	-1
3.80184602737	-1
3.80184602737	-1
3.80184602737	-1
3.80184602737	-1
3.80184602737	-1
3.80184602737	-1
3.80184602737	-1
3.80237698555	-1
3.80237698555	-1
3.80237698555	-1
3.92921900749	-1
3.96407794952	-1
3.96407794952	-1
3.96407794952	-1
4.08141589165	-1
4.15616583824	-1
4.15616583824	-1
4.22411394119	-1
4.22411394119	-1
4.22411394119	-1
4.36219882965	-1
4.43674087524	-1
4.54931592941	-1
4.54931592941	-1
4.7014298439	-1
4.79548788071	-1
4.80697798729	-1
4.80697798729	-1
4.80697798729	-1
4.80697798729	-1
4.80697798729	-1
4.80697798729	-1
4.80697798729	-1
4.80697798729	-1
5.63671183586	-1
12.9095609188	1
12.9849569798	1
13.7312510014	-1
13.7465839386	1
13.7483518124	1
13.7483518124	1
13.7483518124	1
13.7491559982	1
13.7491559982	1
13.7491559982	1
13.7503409386	1
13.7503409386	1
13.7540018559	1
13.7540018559	1
13.7773449421	1
13.7773449421	1
13.7773449421	1
13.8681209087	-1
13.9601988792	1
14.0217080116	-1
14.0268998146	1
14.0268998146	1
14.0268998146	1
14.0967679024	-1
14.1088848114	1
14.1295750141	-1
14.1295750141	-1
14.1295750141	-1
14.3969018459	-1
14.4718589783	-1
14.4792189598	-1
14.4792189598	-1
14.4792189598	-1
14.4792189598	-1
14.4792189598	-1
14.4792189598	-1
14.530299902	-1
14.530299902	-1
14.530299902	-1
14.530299902	-1
14.530299902	-1
14.530299902	-1
14.530299902	-1
14.5419018269	1
14.5435647964	-1
14.5738379955	-1
14.5738379955	-1
14.5738379955	-1
14.5738379955	-1
14.5738379955	-1
14.5738379955	-1
14.5738379955	-1
14.702477932	-1
14.702477932	-1
14.702477932	-1
14.702477932	-1
14.702477932	-1
14.7914988995	1
15.0399429798	-1
15.1623978615	-1
15.1626448631	-1
15.1626448631	-1
15.1626448631	-1
15.2386119366	1
15.2640719414	-1
15.2640719414	-1
15.2640719414	-1
15.2640719414	-1
15.2640719414	-1
15.2640719414	-1
15.2640719414	-1
15.2640719414	-1
15.2943618298	-1
15.3371269703	-1
15.3371269703	-1
15.3371269703	-1
15.3371269703	-1
15.3371269703	-1
15.3371269703	-1
15.3371269703	-1
15.3371269703	-1
15.3371269703	-1
15.388012886	1
15.4606719017	-1
15.4779548645	-1
15.4779548645	-1
15.4779548645	-1
15.4779548645	-1
15.4779548645	-1
15.4779548645	-1
15.4779548645	-1
15.4779548645	-1
15.5089797974	-1
15.5090279579	-1
15.5090279579	-1
15.5090279579	-1
15.5090279579	-1
15.5090279579	-1
15.5090279579	-1
15.5090279579	-1
15.5539588928	1
15.6319768429	-1
15.7453849316	-1
15.7453849316	-1
15.9429438114	-1
16.0178728104	-1
16.0178728104	-1
16.0249090195	1
16.0926668644	-1
16.1474809647	-1
16.1474809647	-1
16.1474809647	-1
16.149518013	1
16.1879549026	-1
16.1879549026	-1
16.1879549026	-1
16.2238419056	1
16.2238419056	1
16.2800548077	-1
16.2800548077	-1
16.2983689308	1
16.7408130169	-1
16.853238821	-1
16.8605690002	-1
16.8605690002	-1
16.8605690002	-1
16.8605690002	-1
16.8605690002	-1
16.8605690002	-1
16.9191818237	-1
16.9191818237	-1
16.919233799	-1
16.919233799	-1
16.919233799	-1
16.919233799	-1
16.919233799	-1
16.919233799	-1
16.919233799	-1
16.919233799	-1
16.9530529976	-1
16.9530529976	-1
16.9530529976	-1
16.9530529976	-1
17.0515329838	-1
17.0515329838	-1
17.0515329838	-1
17.0549268723	1
17.0571358204	1
17.0571358204	1
17.0571358204	1
17.0617058277	1
17.0617058277	1
17.310120821	1
17.3844330311	1
17.560366869	-1
17.703471899	-1
17.7050969601	1
17.7582700253	-1
17.7582700253	-1
17.7582700253	-1
17.7582700253	-1
17.7782759666	-1
17.7795758247	1
17.8390660286	-1
17.8390660286	-1
17.8390660286	-1
17.8390660286	-1
17.8390660286	-1
17.8390660286	-1
17.8541300297	1
17.9441268444	1
17.9789779186	-1
18.0184988976	1
18.0933008194	-1
18.0933008194	-1
18.2056498528	-1
18.2056498528	-1
18.2179188728	1
18.2930188179	-1
18.2930529118	1
18.4066870213	1
18.4405539036	-1
18.5447278023	-1
18.5447278023	-1
18.5447278023	-1
18.5577478409	1
18.5713338852	-1
18.5713338852	-1
18.5713338852	-1
18.6379888058	-1
18.6379888058	-1
18.6379888058	-1
18.6379988194	1
18.7025887966	-1
18.7025887966	-1
18.7515590191	1
18.7515590191	1
18.8461298943	-1
18.9483439922	1
18.9902629852	-1
19.0628018379	1
19.0628018379	1
19.1013269424	-1
19.1013269424	-1
19.1724259853	-1
19.1724259853	-1
19.1724259853	-1
19.1724259853	-1
19.1743328571	-1
19.1743328571	-1
19.1743328571	-1
19.1743328571	-1
19.1743328571	-1
19.1743328571	-1
19.1743328571	-1
19.2132380009	-1
19.2132380009	-1
19.2132380009	-1
19.2132380009	-1
19.2132380009	-1
19.2132380009	-1
19.2132380009	-1
19.3214459419	-1
19.3435637951	-1
19.3435637951	-1
19.3435637951	-1
19.3435637951	-1
19.3435637951	-1
19.3435637951	-1
19.3435637951	-1
19.3435637951	-1
19.425014019	-1
19.425014019	-1
19.425014019	-1
19.425014019	-1
19.425014019	-1
19.425014019	-1
19.425014019	-1
19.4927709103	-1
19.536413908	-1
19.536413908	-1
19.536413908	-1
19.5432209969	-1
19.5432209969	-1
19.5432209969	-1
19.5432209969	-1
19.5432209969	-1
19.5432209969	-1
19.5432209969	-1
19.569537878	1
19.572729826	-1
19.572729826	-1
19.572729826	-1
19.572729826	-1
19.572729826	-1
19.5896129608	-1
19.5974860191	1
19.5974860191	1
19.5974860191	1
19.7014288902	-1
19.7014288902	-1
19.7014288902	-1
19.7479729652	-1
19.9182329178	-1
20.694644928	-1
20.7693269253	-1
20.7798409462	1
20.8474769592	-1
20.8522529602	1
20.8522529602	1
20.8522529602	1
20.9496219158	1
20.9496219158	1
20.9496219158	1
21.274532795	-1
21.385409832	-1
21.4282279015	-1
21.4282279015	-1
21.4282279015	-1
21.4282279015	-1
21.4282279015	-1
21.4282279015	-1
21.4282279015	-1
21.4777657986	-1
21.4777657986	-1
21.4777657986	-1
21.4777657986	-1
21.4777657986	-1
21.4777657986	-1
21.4777657986	-1
21.4777657986	-1
21.4804339409	-1
21.4804339409	-1
21.4804339409	-1
21.589828968	-1
21.589828968	-1
21.589828968	-1
21.589828968	-1
21.6101379395	-1
21.6139028072	-1
21.6139028072	-1
21.6139028072	-1
21.6139028072	-1
21.6139028072	-1
21.6139028072	-1
21.6139028072	-1
21.6139028072	-1
21.6141369343	-1
21.6141369343	-1
21.6141369343	-1
21.6141369343	-1
21.6141369343	-1
21.6141369343	-1
21.6353268623	-1
21.6353268623	-1
21.6353268623	-1
21.6353268623	-1
21.6353268623	-1
21.6353268623	-1
21.6353268623	-1
21.6353268623	-1
21.6353268623	-1
21.7455120087	-1
21.7455120087	-1
21.7455120087	-1
21.7455120087	-1
21.7455120087	-1
21.7455120087	-1
21.7455120087	-1
21.7455120087	-1
21.7455120087	-1
21.7455120087	-1
21.745869875	-1
21.745869875	-1
21.745869875	-1
21.745869875	-1
21.745869875	-1
21.745869875	-1
21.7484998703	-1
21.7496228218	1
21.7788498402	-1
21.7788498402	-1
21.7788498402	-1
21.7788498402	-1
21.7788498402	-1
21.7788498402	-1
21.7788498402	-1
21.7788498402	-1
21.8114109039	-1
21.8507449627	-1
21.8507449627	-1
21.8507449627	-1
21.8507449627	-1
21.8507449627	-1
21.8507449627	-1
21.8918049335	-1
21.8918049335	-1
21.8918049335	-1
21.8918049335	-1
21.8918049335	-1
21.8918049335	-1
21.8918049335	-1
21.8918049335	-1
21.8918049335	-1
21.903539896	-1
21.903539896	-1
21.903539896	-1
21.903539896	-1
21.903539896	-1
21.903539896	-1
21.903539896	-1
21.9047930241	1
21.9103479385	-1
21.9103479385	-1
21.9103479385	-1
21.9103479385	-1
21.9103479385	-1
21.9103479385	-1
21.9103479385	-1
21.9468259811	1
21.9468259811	1
21.9468259811	1
21.9468259811	1
21.9468259811	1
21.9664869308	-1
22.0072689056	-1
22.0072689056	-1
22.0072689056	-1
22.0072689056	-1
22.0072689056	-1
22.0072689056	-1
22.0072689056	-1
22.0072689056	-1
22.0735108852	-1
22.0735108852	-1
22.0735108852	-1
22.0735108852	-1
22.0735108852	-1
22.0735108852	-1
22.0735108852	-1
22.0735108852	-1
22.1224188805	1
22.1298079491	-1
22.1322228909	-1
22.1322228909	-1
22.1322228909	-1
22.1322228909	-1
22.1322228909	-1
22.1322228909	-1
22.1322228909	-1
22.1322228909	-1
22.1404550076	-1
22.1404550076	-1
22.1404550076	-1
22.1404550076	-1
22.1404550076	-1
22.1404550076	-1
22.1404550076	-1
22.1404550076	-1
22.2163338661	-1
22.2163338661	-1
22.2163338661	-1
22.2163338661	-1
22.2163338661	-1
22.2163338661	-1
22.2163338661	-1
22.219727993	-1
22.219727993	-1
22.219727993	-1
22.219727993	-1
22.219727993	-1
22.219727993	-1
22.219727993	-1
22.282804966	-1
22.282804966	-1
22.282804966	-1
22.282804966	-1
22.282804966	-1
22.282804966	-1
22.282804966	-1
22.282804966	-1
22.282804966	-1
22.3303220272	-1
22.3303220272	-1
22.3303220272	-1
22.3303220272	-1
22.3303220272	-1
22.3303220272	-1
22.3303220272	-1
22.3303220272	-1
22.3852148056	-1
22.3852148056	-1
22.3852148056	-1
22.3852148056	-1
22.3852148056	-1
22.3852148056	-1
22.3852148056	-1
22.4566459656	-1
22.4595928192	-1
22.5908639431	1
22.5908639431	1
22.5908639431	1
22.5939548016	1
22.5939548016	1
22.5939548016	1
22.594096899	1
22.594096899	1
22.5949659348	1
22.5949659348	1
22.5949659348	1
22.5975708961	1
22.5975708961	1
22.6348128319	1
22.7092108727	1
22.7838468552	1
22.8003578186	-1
22.8401408195	1
22.8401408195	1
22.8401408195	1
22.8451759815	1
22.8451759815	1
22.8984158039	1
23.2809000015	-1
23.282337904	1
23.4086799622	-1
23.4099428654	1
23.4845519066	-1
23.4845519066	-1
23.4863259792	1
23.6006247997	1
23.604861021	-1
23.6763799191	1
23.6763799191	1
23.6908318996	-1
23.6908318996	-1
23.6908318996	-1
23.6908318996	-1
23.6908318996	-1
23.6908318996	-1
23.6908318996	-1
23.6908318996	-1
23.6984558105	-1
23.6984558105	-1
23.6984558105	-1
23.6984558105	-1
23.7014818192	1
23.7014818192	1
23.7014818192	1
23.7124450207	1
23.7124450207	1
23.7166979313	-1
23.7166979313	-1
23.7195489407	1
23.7195489407	1
23.7195489407	1
23.7918729782	-1
23.7918729782	-1
23.8521549702	1
23.854640007	-1
23.854640007	-1
23.854640007	-1
23.9673168659	1
23.9673168659	1
23.9802160263	-1
24.050978899	1
24.1386380196	-1
24.4924898148	-1
24.4937989712	1
24.7630739212	-1
24.8978648186	-1
24.8990709782	1
24.9407718182	-1
24.9407718182	-1
24.9407718182	-1
25.0468268394	-1
25.0468268394	-1
25.0482540131	1
25.1226799488	-1
25.2026088238	-1
25.2026088238	-1
25.2026088238	-1
25.238629818	-1
25.238629818	-1
25.238629818	-1
25.2394649982	1
25.324026823	-1
25.324026823	-1
25.324026823	-1
25.324026823	-1
25.324026823	-1
25.324026823	-1
25.324026823	-1
25.324026823	-1
25.324026823	-1
25.3243768215	-1
25.3243768215	-1
25.365696907	-1
25.3695688248	-1
25.3695688248	-1
25.3695688248	-1
25.3695688248	-1
25.3695688248	-1
25.3695688248	-1
25.3695688248	-1
25.3695688248	-1
25.3695688248	-1
25.3699200153	-1
25.3699200153	-1
25.3699200153	-1
25.3699200153	-1
25.3699200153	-1
25.3699200153	-1
25.4094820023	-1
25.4094820023	-1
25.4095978737	-1
25.4095978737	-1
25.4095978737	-1
25.4095978737	-1
25.4095978737	-1
25.4095978737	-1
25.4568338394	-1
25.4568338394	-1
25.4568338394	-1
25.4568338394	-1
25.4568338394	-1
25.4568338394	-1
25.4568338394	-1
25.5094590187	-1
25.510778904	-1
25.510778904	-1
25.510778904	-1
25.510778904	-1
25.510778904	-1
25.510778904	-1
25.510778904	-1
25.510778904	-1
25.510778904	-1
25.5110909939	-1
25.5110909939	-1
25.5121870041	1
25.5145788193	-1
25.5145788193	-1
25.5145788193	-1
25.5145788193	-1
25.6062209606	-1
25.6069078445	-1
25.6069078445	-1
25.6069078445	-1
25.6069078445	-1
25.6069078445	-1
25.6069078445	-1
25.6069078445	-1
25.6592319012	-1
25.6592319012	-1
25.6608088017	-1
25.6608088017	-1
25.6608088017	-1
25.6608088017	-1
25.6608088017	-1
25.6608088017	-1
25.6608088017	-1
25.6849248409	1
25.7196159363	-1
25.7196159363	-1
25.7196159363	-1
25.7196159363	-1
25.7788488865	-1
25.7788488865	-1
25.7788488865	-1
25.7788488865	-1
25.7788488865	-1
25.7788488865	-1
25.7788488865	-1
25.7788488865	-1
25.7788488865	-1
25.7788488865	-1
25.7788798809	1
25.7788798809	1
25.7894628048	-1
25.804227829	1
25.804227829	1
25.804227829	1
25.804227829	1
25.8333950043	1
25.8333950043	1
25.8907740116	-1
25.8907740116	-1
25.8907740116	-1
25.8907740116	-1
25.9827218056	-1
26.0932848454	-1
26.1072130203	-1
26.1072130203	-1
26.1072130203	-1
26.1830539703	1
26.2031729221	-1
26.2031729221	-1
26.2031729221	-1
26.2031729221	-1
26.2031729221	-1
26.2145938873	1
26.2145938873	1
26.2145938873	1
26.2160959244	-1
26.2160959244	-1
26.2160959244	-1
26.2160959244	-1
26.2891190052	1
26.7079329491	-1
26.9446668625	-1
26.9523868561	-1
26.9523868561	-1
26.9523868561	-1
26.9523868561	-1
27.0199868679	-1
27.1098008156	1
27.1100139618	1
27.1100139618	1
27.1100139618	1
27.1100139618	1
27.112238884	1
27.112238884	1
27.112238884	1
27.112238884	1
27.112238884	1
27.112238884	1
27.1138789654	1
27.1138789654	1
27.1138789654	1
27.1138789654	1
27.115926981	1
27.115926981	1
27.115926981	1
27.115926981	1
27.115926981	1
27.115926981	1
27.115926981	1
27.115926981	1
27.1331160069	-1
27.1844639778	1
27.1844639778	1
27.1844639778	1
27.1844639778	1
27.1844639778	1
27.1844639778	1
27.1844639778	1
27.1844639778	1
27.1867790222	1
27.1867790222	1
27.2076740265	-1
27.2076740265	-1
27.2825469971	-1
27.3935208321	-1
27.410738945	-1
27.410738945	-1
27.410738945	-1
27.410738945	-1
27.410738945	-1
27.410738945	-1
