0.0	1
0.249667882919	1
0.792320013046	-1
0.793167829514	1
0.967284917831	-1
0.968784809113	1
0.974035024643	1
0.974035024643	1
0.974035024643	1
0.974035024643	1
0.974035024643	1
0.974035024643	1
1.67152881622	-1
1.67316603661	1
1.78759884834	-1
1.78875684738	1
1.90336704254	-1
1.90336704254	-1
1.90477085114	1
2.05754590034	1
2.13161683083	-1
2.17196989059	1
2.22475481033	-1
2.22475481033	-1
2.22475481033	-1
2.23608183861	-1
2.23608183861	-1
2.23608183861	-1
2.23608183861	-1
2.23608183861	-1
2.23608183861	-1
2.23608183861	-1
2.29632902145	1
2.5464990139	1
2.66655993462	-1
2.73846697807	-1
2.73846697807	-1
2.73846697807	-1
2.73846697807	-1
2.73846697807	-1
2.73846697807	-1
2.73846697807	-1
2.73846697807	-1
2.75205993652	-1
2.76547503471	-1
2.76547503471	-1
2.76547503471	-1
2.76547503471	-1
2.76547503471	-1
2.81949901581	-1
2.85151696205	-1
2.85151696205	-1
2.85151696205	-1
2.90344190598	-1
2.90344190598	-1
2.90344190598	-1
2.90344190598	-1
2.90344190598	-1
2.90344190598	-1
2.90344190598	-1
2.90344190598	-1
2.90344190598	-1
3.04838681221	-1
3.0495698452	1
3.34324193001	-1
3.37266588211	-1
3.37266588211	-1
3.37266588211	-1
3.37266588211	-1
3.39460396767	-1
3.39460396767	-1
3.39460396767	-1
3.39460396767	-1
3.39460396767	-1
3.43573284149	1
3.4853849411	-1
3.4853849411	-1
3.49353194237	-1
3.49353194237	-1
3.49353194237	-1
3.49353194237	-1
3.4957318306	1
3.4957318306	1
3.4957318306	1
3.5156879425	-1
3.5156879425	-1
3.5156879425	-1
3.52917504311	-1
3.55018782616	1
3.58756780624	-1
3.58756780624	-1
3.58756780624	-1
3.58756780624	-1
3.58756780624	-1
3.62674403191	-1
3.62674403191	-1
3.62674403191	-1
3.62674403191	-1
3.62674403191	-1
3.62674403191	-1
3.64671182632	-1
3.64671182632	-1
3.64671182632	-1
3.66838097572	-1
3.66838097572	-1
3.66838097572	-1
3.66842198372	1
3.6948568821	-1
3.6948568821	-1
3.6948568821	-1
3.70628285408	-1
3.73069381714	-1
3.73069381714	-1
3.73069381714	-1
3.79877996445	-1
3.79877996445	-1
3.79877996445	-1
3.79881000519	1
3.79881000519	1
3.80867695808	-1
3.80867695808	-1
3.84269499779	-1
3.84269499779	-1
3.84269499779	-1
3.84269499779	-1
3.85301303864	-1
3.85301303864	-1
3.85301303864	-1
3.85301303864	-1
3.85301303864	-1
3.85301303864	-1
3.85301303864	-1
3.87562084198	-1
3.87562084198	-1
3.87562084198	-1
3.87562084198	-1
3.90525794029	-1
3.90525794029	-1
3.90525794029	-1
3.90525794029	-1
3.90525794029	-1
3.90525794029	-1
3.90525794029	-1
3.90525794029	-1
3.90525794029	-1
3.9327788353	-1
3.9327788353	-1
3.9327788353	-1
3.9327788353	-1
3.9327788353	-1
3.9327788353	-1
3.9327788353	-1
3.9327788353	-1
3.9328110218	1
3.9328110218	1
3.9655649662	-1
3.9655649662	-1
3.9656689167	-1
3.9656689167	-1
3.9656689167	-1
3.9673769474	-1
3.99007892609	-1
3.99007892609	-1
3.99007892609	-1
4.01932096481	-1
4.01932096481	-1
4.01932096481	-1
4.02820801735	-1
4.02820801735	-1
4.03762698174	-1
4.03762698174	-1
4.03762698174	-1
4.03762698174	-1
4.04657697678	-1
4.07989192009	1
4.10510396957	-1
4.2134809494	-1
4.2134809494	-1
4.2134809494	-1
4.2134809494	-1
4.2134809494	-1
4.2134809494	-1
4.2134809494	-1
4.22208189964	-1
4.22208189964	-1
4.22208189964	-1
4.22208189964	-1
4.22208189964	-1
4.22315502167	1
4.23795485497	-1
4.23795485497	-1
4.2533428669	-1
4.2533428669	-1
4.2533428669	-1
4.26303601265	1
4.26303601265	1
4.26303601265	1
4.26303601265	1
4.26303601265	1
4.26303601265	1
4.26303601265	1
4.26772594452	-1
4.26772594452	-1
4.26772594452	-1
4.27277302742	1
4.28532886505	-1
4.28532886505	-1
4.28532886505	-1
4.28532886505	-1
4.28660297394	1
4.28660297394	1
4.28660297394	1
4.2867538929	1
4.2867538929	1
4.29287481308	-1
4.37709403038	1
4.45586490631	-1
4.45586490631	-1
4.45586490631	-1
4.49239802361	-1
4.52295589447	1
4.58977484703	-1
4.58977484703	-1
4.58977484703	-1
4.58977484703	-1
4.58977484703	-1
4.58977484703	-1
4.58977484703	-1
4.58977484703	-1
4.60118484497	-1
4.60322594643	1
4.60322594643	1
4.60322594643	1
4.60818791389	1
4.60818791389	1
4.62325596809	-1
4.62325596809	-1
4.62325596809	-1
4.64293599129	-1
4.64293599129	-1
4.64293599129	-1
4.69126701355	-1
4.69126701355	-1
4.69126701355	-1
4.76658987999	-1
4.76658987999	-1
4.76658987999	-1
4.83837389946	-1
4.83837389946	-1
4.95345592499	-1
4.95345592499	-1
5.00515389442	-1
5.00515389442	-1
5.00515389442	-1
5.03822588921	-1
5.03822588921	-1
5.03822588921	-1
5.03822588921	-1
5.03822588921	-1
5.03822588921	-1
5.17863988876	-1
5.17863988876	-1
5.17863988876	-1
5.17863988876	-1
5.17863988876	-1
5.17863988876	-1
5.18347382545	1
5.30605888367	-1
5.34711384773	-1
5.34711384773	-1
5.34711384773	-1
5.34867286682	1
5.39022684097	-1
5.39022684097	-1
5.39022684097	-1
5.39178681374	1
5.39178681374	1
5.39178681374	1
5.46860289574	-1
5.46860289574	-1
5.46860289574	-1
5.46860289574	-1
5.46860289574	-1
5.46860289574	-1
5.46860289574	-1
5.46860289574	-1
5.49690103531	-1
5.50226783752	-1
5.50226783752	-1
5.50226783752	-1
5.50226783752	-1
5.50226783752	-1
5.50226783752	-1
5.50226783752	-1
5.54875087738	-1
5.56072902679	-1
5.56072902679	-1
5.56072902679	-1
5.56072902679	-1
5.56072902679	-1
5.56072902679	-1
5.56072902679	-1
5.57256698608	-1
5.65659689903	-1
5.65659689903	-1
5.65659689903	-1
5.65659689903	-1
5.65659689903	-1
5.65659689903	-1
5.65659689903	-1
5.65659689903	-1
5.65659689903	-1
5.65693902969	-1
5.65693902969	-1
5.65693902969	-1
5.65693902969	-1
5.65693902969	-1
5.65693902969	-1
5.66117787361	-1
5.66117787361	-1
5.7360830307	1
5.77125692368	-1
5.77125692368	-1
5.77125692368	-1
5.77125692368	-1
5.77125692368	-1
5.77125692368	-1
5.77125692368	-1
5.81038403511	-1
5.81048893929	-1
5.81048893929	-1
5.81048893929	-1
5.81048893929	-1
5.81048893929	-1
5.81048893929	-1
5.81048893929	-1
5.85666799545	-1
5.85666799545	-1
5.85666799545	-1
5.85666799545	-1
5.85666799545	-1
5.85666799545	-1
5.85666799545	-1
5.85666799545	-1
5.85670089722	1
5.92600703239	-1
5.93049287796	-1
5.93049287796	-1
5.93049287796	-1
5.93049287796	-1
5.93049287796	-1
5.93049287796	-1
5.93049287796	-1
5.93049287796	-1
6.00607991219	-1
6.00607991219	-1
6.00607991219	-1
6.00607991219	-1
6.00607991219	-1
6.00607991219	-1
6.00607991219	-1
6.00607991219	-1
6.00607991219	-1
6.00642681122	-1
6.00642681122	-1
6.00642681122	-1
6.00642681122	-1
6.00642681122	-1
6.00642681122	-1
6.09762001038	-1
6.09762001038	-1
6.09762001038	-1
6.09762001038	-1
6.09762001038	-1
6.09762001038	-1
6.09762001038	-1
6.09762001038	-1
6.16360187531	-1
6.16672897339	1
6.16694402695	1
6.16694402695	1
6.16694402695	1
6.16694402695	1
6.16694402695	1
6.16694402695	1
6.16694402695	1
6.16694402695	1
6.16700983047	1
6.17010402679	-1
6.17010402679	-1
6.17010402679	-1
6.17010402679	-1
6.17010402679	-1
6.17010402679	-1
6.17010402679	-1
6.17671203613	-1
6.17671203613	-1
6.17671203613	-1
6.17671203613	-1
6.17671203613	-1
6.17671203613	-1
6.17671203613	-1
6.17851996422	1
6.17851996422	1
6.20637392998	1
6.20637392998	1
6.20637392998	1
6.21951794624	1
6.21951794624	1
6.29147696495	1
6.29147696495	1
6.29219102859	-1
6.29219102859	-1
6.29219102859	-1
6.29219102859	-1
6.29219102859	-1
6.29219102859	-1
6.29219102859	-1
6.29219102859	-1
6.31540703773	-1
6.32597088814	-1
6.32597088814	-1
6.32597088814	-1
6.32597088814	-1
6.32597088814	-1
6.32597088814	-1
6.32597088814	-1
6.37725496292	-1
6.37725496292	-1
6.43774390221	1
6.43774390221	1
6.48805403709	-1
6.48805403709	-1
6.48805403709	-1
6.48805403709	-1
6.48805403709	-1
6.48805403709	-1
6.48805403709	-1
6.48805403709	-1
6.48805403709	-1
6.48839187622	-1
6.48839187622	-1
6.48839187622	-1
6.55232691765	1
6.55232691765	1
6.56775403023	-1
6.56775403023	-1
6.56775403023	-1
6.56775403023	-1
6.56775403023	-1
6.56775403023	-1
6.56775403023	-1
6.56775403023	-1
6.56775403023	-1
6.66839885712	1
6.82505297661	1
6.97710990906	1
6.97710990906	1
7.17018389702	-1
7.18007802963	-1
7.18007802963	-1
7.18007802963	-1
7.18007802963	-1
7.18007802963	-1
7.18007802963	-1
7.19064593315	-1
7.19064593315	-1
7.19064593315	-1
7.19064593315	-1
7.19064593315	-1
7.22457885742	-1
7.22457885742	-1
7.22457885742	-1
7.22457885742	-1
7.22457885742	-1
7.22457885742	-1
7.22457885742	-1
7.22457885742	-1
7.26248288155	-1
7.26253390312	-1
7.26253390312	-1
7.26253390312	-1
7.26253390312	-1
7.26253390312	-1
7.26253390312	-1
7.26253390312	-1
7.26253390312	-1
7.26448583603	1
7.30596184731	-1
7.30596184731	-1
7.30596184731	-1
7.30596184731	-1
7.30596184731	-1
7.30596184731	-1
7.30596184731	-1
7.30621385574	-1
7.3391559124	-1
7.3391559124	-1
7.3391559124	-1
7.3391559124	-1
7.3391559124	-1
7.3391559124	-1
7.3391559124	-1
7.3391559124	-1
7.3391559124	-1
7.3395049572	-1
7.3395049572	-1
7.3395049572	-1
7.3395049572	-1
7.3395049572	-1
7.3395049572	-1
7.3432238102	1
7.3432238102	1
7.3432238102	1
7.3432238102	1
7.3432238102	1
7.3432238102	1
7.3432238102	1
7.3432238102	1
7.3432238102	1
7.3432238102	1
7.34334087372	1
7.38320398331	-1
7.38320398331	-1
7.38320398331	-1
7.38320398331	-1
7.38320398331	-1
7.38320398331	-1
7.38320398331	-1
7.38320398331	-1
7.60175991058	-1
7.61521482468	-1
7.61521482468	-1
7.61521482468	-1
7.61521482468	-1
7.61521482468	-1
7.61521482468	-1
7.61521482468	-1
7.61521482468	-1
7.67373895645	-1
7.68455886841	-1
7.68455886841	-1
7.68455886841	-1
7.68455886841	-1
7.68455886841	-1
7.68455886841	-1
7.68455886841	-1
7.69582080841	-1
7.69582080841	-1
7.69582080841	-1
7.69582080841	-1
7.69582080841	-1
7.69582080841	-1
7.69582080841	-1
7.7084569931	-1
7.7084569931	-1
7.7084569931	-1
7.7084569931	-1
7.7084569931	-1
7.7084569931	-1
7.7084569931	-1
7.7084569931	-1
7.71824598312	1
7.71896290779	-1
7.71896290779	-1
7.71896290779	-1
7.71896290779	-1
7.71896290779	-1
7.71896290779	-1
7.71896290779	-1
7.71896290779	-1
7.73369789124	-1
7.73369789124	-1
7.73369789124	-1
7.73369789124	-1
7.73369789124	-1
7.73369789124	-1
7.73369789124	-1
7.73369789124	-1
7.79923200607	-1
7.8007569313	1
7.8007569313	1
7.8007569313	1
7.89042186737	-1
7.89042186737	-1
7.89042186737	-1
7.89042186737	-1
7.89042186737	-1
7.89042186737	-1
7.89042186737	-1
7.89042186737	-1
7.89042186737	-1
7.89077186584	-1
7.89077186584	-1
7.89077186584	-1
7.89077186584	-1
7.89773392677	-1
7.89773392677	-1
7.89773392677	-1
7.89773392677	-1
7.89773392677	-1
7.89773392677	-1
7.89773392677	-1
7.89773392677	-1
7.90713500977	-1
7.91441082954	-1
7.91441082954	-1
7.91441082954	-1
7.91441082954	-1
7.91441082954	-1
7.91441082954	-1
8.00659489632	-1
8.00659489632	-1
8.00659489632	-1
8.00659489632	-1
8.00659489632	-1
8.00659489632	-1
8.00659489632	-1
8.00659489632	-1
8.04274296761	-1
8.04916381836	-1
8.04916381836	-1
8.04916381836	-1
8.04916381836	-1
8.04916381836	-1
8.04916381836	-1
8.04916381836	-1
8.04916381836	-1
8.04948496819	-1
8.04948496819	-1
8.04948496819	-1
8.04948496819	-1
8.04948496819	-1
8.04948496819	-1
8.04948496819	-1
8.05058193207	1
8.06023097038	-1
8.06785297394	-1
8.06785297394	-1
8.06785297394	-1
8.06785297394	-1
8.06785297394	-1
8.06785297394	-1
8.06785297394	-1
8.08070683479	-1
8.08070683479	-1
8.08070683479	-1
8.08070683479	-1
8.08070683479	-1
8.08070683479	-1
8.08070683479	-1
8.08070683479	-1
8.13137197495	-1
8.13137197495	-1
8.13137197495	-1
8.13137197495	-1
8.13137197495	-1
8.13137197495	-1
8.13137197495	-1
8.13137197495	-1
8.16442489624	-1
8.17085886002	-1
8.17085886002	-1
8.17085886002	-1
8.17085886002	-1
8.17085886002	-1
8.17085886002	-1
8.17085886002	-1
8.17085886002	-1
8.20820999146	-1
8.20820999146	-1
8.20820999146	-1
8.20820999146	-1
8.20820999146	-1
8.20820999146	-1
8.20820999146	-1
8.20820999146	-1
8.20820999146	-1
8.20855784416	-1
8.20855784416	-1
8.20855784416	-1
8.20855784416	-1
8.20855784416	-1
8.20855784416	-1
8.21067380905	1
8.21808695793	-1
8.21808695793	-1
8.21808695793	-1
8.21808695793	-1
8.21808695793	-1
8.21808695793	-1
8.21808695793	-1
8.21808695793	-1
8.29892992973	-1
8.29892992973	-1
8.29892992973	-1
8.29892992973	-1
8.29892992973	-1
8.29892992973	-1
8.29892992973	-1
8.29892992973	-1
8.29892992973	-1
8.31394195557	-1
8.31394195557	-1
8.31394195557	-1
8.31394195557	-1
8.31394195557	-1
8.31394195557	-1
8.31394195557	-1
8.32668399811	-1
8.32668399811	-1
8.32668399811	-1
8.32668399811	-1
8.32668399811	-1
8.32668399811	-1
8.32668399811	-1
8.32668399811	-1
8.32672691345	1
8.35755586624	-1
8.37191295624	-1
8.37191295624	-1
8.37191295624	-1
8.37191295624	-1
8.37191295624	-1
8.37191295624	-1
8.37191295624	-1
8.37191295624	-1
8.37214183807	-1
8.37214183807	-1
8.37214183807	-1
8.37214183807	-1
8.37214183807	-1
8.37214183807	-1
8.37214183807	-1
8.39982700348	-1
8.39982700348	-1
8.39982700348	-1
8.39982700348	-1
8.39982700348	-1
8.39982700348	-1
8.39982700348	-1
8.44383382797	1
8.45743894577	-1
8.45743894577	-1
8.45743894577	-1
8.45743894577	-1
8.45743894577	-1
8.45743894577	-1
8.45743894577	-1
8.45743894577	-1
8.48204803467	-1
8.48909401894	-1
8.48909401894	-1
8.48909401894	-1
8.48909401894	-1
8.48909401894	-1
8.48909401894	-1
8.48909401894	-1
8.48909401894	-1
8.48925280571	-1
8.48925280571	-1
8.48925280571	-1
8.48925280571	-1
8.48925280571	-1
8.48925280571	-1
8.48925280571	-1
8.50594902039	-1
8.50594902039	-1
8.50594902039	-1
8.50594902039	-1
8.50594902039	-1
8.50594902039	-1
8.50594902039	-1
8.50594902039	-1
8.51534891129	-1
8.51534891129	-1
8.51534891129	-1
8.51534891129	-1
8.51534891129	-1
8.51534891129	-1
8.51534891129	-1
8.51534891129	-1
8.52849292755	-1
8.52849292755	-1
8.52849292755	-1
8.52849292755	-1
8.52849292755	-1
8.52849292755	-1
8.52849292755	-1
8.52849292755	-1
8.60111093521	-1
8.60114383698	1
8.60114383698	1
8.61042881012	-1
8.61042881012	-1
8.61042881012	-1
8.61042881012	-1
8.61042881012	-1
8.61042881012	-1
8.61042881012	-1
8.61042881012	-1
8.6205098629	-1
8.6205098629	-1
8.6205098629	-1
8.6205098629	-1
8.6205098629	-1
8.6205098629	-1
8.6205098629	-1
8.63191103935	-1
8.63191103935	-1
8.63191103935	-1
8.63191103935	-1
8.63191103935	-1
8.63191103935	-1
8.63191103935	-1
8.63191103935	-1
8.67960596085	-1
8.67960596085	-1
8.67960596085	-1
8.67960596085	-1
8.67960596085	-1
8.67960596085	-1
8.67960596085	-1
8.67960596085	-1
8.67960596085	-1
8.67995595932	-1
8.67995595932	-1
8.67995595932	-1
8.67995595932	-1
8.67995595932	-1
8.67995595932	-1
8.67995595932	-1
8.70218300819	-1
8.70218300819	-1
8.70218300819	-1
8.70218300819	-1
8.70218300819	-1
8.70218300819	-1
8.70218300819	-1
8.70218300819	-1
8.71578884125	1
8.763712883	-1
8.763712883	-1
8.763712883	-1
8.763712883	-1
8.763712883	-1
8.763712883	-1
8.763712883	-1
8.763712883	-1
8.77754688263	-1
8.77754688263	-1
8.77754688263	-1
8.77754688263	-1
8.77754688263	-1
8.77754688263	-1
8.77754688263	-1
8.77754688263	-1
8.7926299572	-1
8.7926299572	-1
8.7926299572	-1
8.7926299572	-1
8.7926299572	-1
8.7926299572	-1
8.7926299572	-1
8.7926299572	-1
8.80671691895	-1
8.82879185677	-1
8.82879185677	-1
8.83954381943	-1
8.83954381943	-1
8.83954381943	-1
8.83954381943	-1
8.83954381943	-1
8.83954381943	-1
8.83954381943	-1
8.83954381943	-1
8.84912896156	-1
8.84912896156	-1
8.84912896156	-1
8.84912896156	-1
8.84912896156	-1
8.84912896156	-1
8.84912896156	-1
8.84912896156	-1
8.85043096542	1
8.8607199192	-1
8.8607199192	-1
8.8607199192	-1
8.8607199192	-1
8.8607199192	-1
8.8607199192	-1
8.8607199192	-1
8.8607199192	-1
8.8783929348	-1
8.91865897179	-1
8.91865897179	-1
8.91865897179	-1
8.91865897179	-1
8.91865897179	-1
8.91865897179	-1
8.91865897179	-1
8.94234585762	-1
8.94994401932	-1
8.94994401932	-1
8.94994401932	-1
8.94994401932	-1
8.94994401932	-1
8.94994401932	-1
8.94994401932	-1
8.99598002434	-1
8.99598002434	-1
8.99598002434	-1
8.99598002434	-1
8.99598002434	-1
8.99598002434	-1
8.99598002434	-1
8.99598002434	-1
8.99598002434	-1
8.9960129261	1
8.9960129261	1
8.99633693695	-1
8.99633693695	-1
8.99633693695	-1
8.99633693695	-1
8.99633693695	-1
8.99633693695	-1
8.99633693695	-1
9.00728392601	-1
9.0161318779	-1
9.0161318779	-1
9.0161318779	-1
9.0161318779	-1
9.0161318779	-1
9.0161318779	-1
9.0161318779	-1
9.02600193024	-1
9.02600193024	-1
9.02600193024	-1
9.02600193024	-1
9.02600193024	-1
9.02600193024	-1
9.02600193024	-1
9.02600193024	-1
9.06341481209	-1
9.07201600075	-1
9.07201600075	-1
9.07201600075	-1
9.07201600075	-1
9.07201600075	-1
9.07201600075	-1
9.07201600075	-1
9.11014795303	-1
9.11014795303	-1
9.11014795303	-1
9.11014795303	-1
9.11014795303	-1
9.11014795303	-1
9.11014795303	-1
9.11014795303	-1
9.11014795303	-1
9.11819791794	-1
9.11819791794	-1
9.11819791794	-1
9.11819791794	-1
9.11819791794	-1
9.11819791794	-1
9.11819791794	-1
9.11823892593	1
9.12718701363	-1
9.12718701363	-1
9.12718701363	-1
9.12718701363	-1
9.12718701363	-1
9.12718701363	-1
9.12718701363	-1
9.12718701363	-1
9.13683199883	-1
9.13683199883	-1
9.13683199883	-1
9.13683199883	-1
9.13683199883	-1
9.13683199883	-1
9.13683199883	-1
9.13683199883	-1
9.14731693268	-1
9.14731693268	-1
9.14731693268	-1
9.14731693268	-1
9.14731693268	-1
9.14731693268	-1
9.14731693268	-1
9.14731693268	-1
9.18250083923	-1
9.18375086784	1
9.18375086784	1
9.18375086784	1
9.22074103355	-1
9.22074103355	-1
9.22074103355	-1
9.22074103355	-1
9.22074103355	-1
9.25141787529	-1
9.26349902153	-1
9.26349902153	-1
9.26349902153	-1
9.26349902153	-1
9.26349902153	-1
9.26349902153	-1
9.26349902153	-1
9.26349902153	-1
9.2637898922	-1
9.2637898922	-1
9.2637898922	-1
9.2637898922	-1
9.2637898922	-1
9.2637898922	-1
9.2637898922	-1
9.28834080696	-1
9.29501581192	-1
9.29501581192	-1
9.29501581192	-1
9.29501581192	-1
9.29501581192	-1
9.29501581192	-1
9.29501581192	-1
9.29501581192	-1
9.30524086952	-1
9.30524086952	-1
9.30524086952	-1
9.30524086952	-1
9.30524086952	-1
9.30524086952	-1
9.30524086952	-1
9.31274700165	-1
9.31274700165	-1
9.31274700165	-1
9.31274700165	-1
9.31274700165	-1
9.31274700165	-1
9.31274700165	-1
9.31274700165	-1
9.37877202034	-1
9.37877202034	-1
9.37877202034	-1
9.37877202034	-1
9.37877202034	-1
9.37877202034	-1
9.37877202034	-1
9.37877202034	-1
9.37882184982	1
9.41970491409	-1
9.42088198662	-1
9.42088198662	-1
9.42088198662	-1
9.42088198662	-1
9.42088198662	-1
9.42088198662	-1
9.42088198662	-1
9.42088198662	-1
9.4328019619	-1
9.4328019619	-1
9.4328019619	-1
9.4328019619	-1
9.4328019619	-1
9.4328019619	-1
9.44083285332	-1
9.44083285332	-1
9.44083285332	-1
9.44083285332	-1
9.44083285332	-1
9.44083285332	-1
9.44083285332	-1
9.44083285332	-1
9.45204496384	-1
9.45204496384	-1
9.45204496384	-1
9.45204496384	-1
9.45204496384	-1
9.45204496384	-1
9.45204496384	-1
9.45204496384	-1
9.46185493469	-1
9.46185493469	-1
9.46185493469	-1
9.46185493469	-1
9.46185493469	-1
9.46185493469	-1
9.46185493469	-1
9.46185493469	-1
9.47469592094	-1
9.53529596329	-1
9.55465888977	-1
9.55465888977	-1
9.55465888977	-1
9.55465888977	-1
9.55465888977	-1
9.55465888977	-1
9.55465888977	-1
9.55465888977	-1
9.55482387543	-1
9.55482387543	-1
9.55482387543	-1
9.55482387543	-1
9.55482387543	-1
9.55482387543	-1
9.55606794357	1
9.56712985039	-1
9.56712985039	-1
9.56712985039	-1
9.56712985039	-1
9.56712985039	-1
9.56712985039	-1
9.56712985039	-1
9.56712985039	-1
9.57548189163	1
9.57548189163	1
9.57548189163	1
9.57548189163	1
9.57548189163	1
9.57548189163	1
9.57548189163	1
9.57620596886	1
9.57632398605	1
9.57632398605	1
9.57632398605	1
9.61265587807	-1
9.61265587807	-1
9.61265587807	-1
9.61265587807	-1
9.61265587807	-1
9.61265587807	-1
9.61265587807	-1
9.61265587807	-1
9.61265587807	-1
9.63559103012	1
9.63559103012	1
9.63559103012	1
9.63744592667	1
9.63744592667	1
9.6529250145	1
9.6529250145	1
9.65766596794	-1
9.65766596794	-1
9.65766596794	-1
9.65766596794	-1
9.65766596794	-1
9.65766596794	-1
9.65766596794	-1
9.69229984283	-1
9.69235181808	1
9.69235181808	1
9.69237685204	-1
9.69237685204	-1
9.69237685204	-1
9.69237685204	-1
9.69237685204	-1
9.69237685204	-1
9.69237685204	-1
9.69237685204	-1
9.71801781654	-1
9.72619581223	-1
9.72619581223	-1
9.72619581223	-1
9.72619581223	-1
9.72619581223	-1
9.72619581223	-1
9.76767992973	-1
9.77095603943	1
9.77095603943	1
9.77095603943	1
9.77095603943	1
9.77095603943	1
9.77095603943	1
9.77095603943	1
9.77095603943	1
9.87425684929	1
9.87425684929	1
9.87425684929	1
9.98867702484	1
10.3954968452	-1
10.4024169445	-1
10.4024169445	-1
10.4024169445	-1
10.4972929955	-1
10.4972929955	-1
10.4972929955	-1
10.4972929955	-1
10.4972929955	-1
10.4972929955	-1
10.4972929955	-1
10.4972929955	-1
10.4972929955	-1
10.4984259605	1
10.4984769821	1
10.4984769821	1
10.4984769821	1
10.4984769821	1
10.4984769821	1
10.4984769821	1
10.5171558857	-1
10.6112990379	-1
10.6112990379	-1
10.6112990379	-1
10.6126680374	1
10.6126680374	1
10.6477689743	-1
10.6477689743	-1
10.6477689743	-1
10.6679120064	-1
10.6679120064	-1
10.6719088554	1
10.6719088554	1
10.6719088554	1
10.7008919716	-1
10.7008919716	-1
10.7008919716	-1
10.7219219208	-1
10.7219219208	-1
10.7525389194	-1
10.7525389194	-1
10.7525389194	-1
10.7525389194	-1
10.7742240429	-1
10.7866330147	-1
10.8150999546	-1
10.8150999546	-1
10.8150999546	-1
10.8290970325	-1
10.8290970325	-1
10.8290970325	-1
10.9010379314	1
11.0155649185	-1
11.1165859699	-1
11.1165859699	-1
11.1165859699	-1
11.1165859699	-1
11.1165859699	-1
11.120926857	-1
11.1609230042	1
11.1690928936	-1
11.1690928936	-1
11.2586479187	-1
11.2586479187	-1
11.2586479187	-1
11.2859950066	1
11.3273308277	-1
11.3273308277	-1
11.3273308277	-1
11.3667168617	-1
11.3667168617	-1
11.4005448818	-1
11.4005448818	-1
11.4014630318	1
11.4378349781	-1
11.4378349781	-1
11.4378349781	-1
11.4848139286	-1
11.4848139286	-1
11.5162289143	-1
11.5162289143	-1
11.5410888195	-1
11.5410888195	-1
11.5410888195	-1
11.5410888195	-1
11.6126828194	-1
11.6126828194	-1
11.6179258823	-1
11.6179258823	-1
11.6364560127	-1
11.6364560127	-1
11.6364560127	-1
11.6524529457	-1
11.6524529457	-1
11.6524529457	-1
11.6676468849	-1
11.6676468849	-1
11.6676468849	-1
11.6839458942	-1
11.6839458942	-1
11.6839458942	-1
11.7605788708	-1
11.7605788708	-1
11.7605788708	-1
11.7605788708	-1
11.7605788708	-1
11.7605788708	-1
11.7605788708	-1
11.7605788708	-1
11.7768490314	-1
11.7768490314	-1
11.7768490314	-1
11.7768490314	-1
11.7768490314	-1
11.7768490314	-1
11.7768490314	-1
11.7960269451	-1
11.7960269451	-1
11.7960269451	-1
11.8163998127	-1
11.8163998127	-1
11.8163998127	-1
11.8163998127	-1
11.8163998127	-1
11.8163998127	-1
11.8163998127	-1
11.8163998127	-1
11.8480708599	-1
11.8480708599	-1
11.8480708599	-1
11.8480708599	-1
11.8706109524	-1
11.8813068867	-1
11.8813068867	-1
11.8813068867	-1
11.8967490196	-1
11.8967490196	-1
11.9095289707	-1
11.9095289707	-1
11.9095289707	-1
11.9206678867	1
11.9293339252	-1
11.9293339252	-1
11.9293339252	-1
11.9473218918	-1
11.9473218918	-1
11.9473218918	-1
11.9665930271	-1
11.9665930271	-1
11.9665930271	-1
11.9795968533	-1
11.9990918636	-1
11.9990918636	-1
11.9990918636	-1
12.0111739635	-1
12.0308158398	-1
12.0308158398	-1
12.0308158398	-1
12.0308158398	-1
12.0308158398	-1
12.0308158398	-1
12.0384559631	1
12.0384559631	1
12.0384559631	1
12.1870958805	1
12.1870958805	1
12.4245419502	-1
12.6064529419	-1
12.7593839169	-1
12.7658028603	1
12.8800258636	1
13.4372639656	-1
13.631529808	-1
13.631529808	-1
13.7268409729	1
13.7292690277	1
13.7292690277	1
13.7292690277	1
13.7292690277	1
13.7328050137	1
13.7328050137	1
13.7328050137	1
13.7328050137	1
13.7328050137	1
13.7328050137	1
13.7328050137	1
13.7328050137	1
13.7328050137	1
13.7329318523	1
13.7329318523	1
13.7329318523	1
13.7329318523	1
13.733080864	1
13.733080864	1
13.733080864	1
