0.0	1
0.250427961349	1
0.472909927368	-1
0.474122047424	1
0.720366954803	-1
0.721101999283	1
0.722451925278	1
0.722451925278	1
0.722451925278	1
0.922580003738	1
0.995815038681	1
0.995815038681	1
1.26610207558	-1
1.26788210869	1
1.54458999634	-1
1.54606795311	1
1.57350707054	-1
1.57350707054	-1
1.57350707054	-1
1.61957192421	1
1.61957192421	1
1.77442502975	-1
1.77557396889	1
1.84907007217	-1
1.89250397682	-1
1.89250397682	-1
1.89250397682	-1
1.96002292633	-1
2.01081991196	-1
2.01081991196	-1
2.01081991196	-1
2.01081991196	-1
2.04577493668	1
2.10684394836	-1
2.10684394836	-1
2.1684949398	-1
2.1684949398	-1
2.1684949398	-1
2.1684949398	-1
2.1684949398	-1
2.1684949398	-1
2.1684949398	-1
2.1684949398	-1
2.20228910446	-1
2.21330809593	1
2.2209610939	-1
2.27504396439	-1
2.27504396439	-1
2.27504396439	-1
2.27504396439	-1
2.27504396439	-1
2.27504396439	-1
2.32604408264	1
2.32604408264	1
2.40598797798	-1
2.40598797798	-1
2.40598797798	-1
2.46494889259	1
2.48513507843	-1
2.48530912399	-1
2.48530912399	-1
2.48530912399	-1
2.60419893265	-1
2.60419893265	-1
2.60419893265	-1
2.60419893265	-1
2.60419893265	-1
2.63402795792	1
2.89482092857	-1
2.89591312408	1
3.06535792351	-1
3.21199703217	-1
3.33618712425	-1
3.48803806305	-1
3.49821400642	1
3.98128604889	-1
4.18375897408	-1
4.19806289673	1
4.20628094673	1
4.20628094673	1
4.20628094673	1
4.33673191071	-1
4.36982703209	-1
4.36982703209	-1
4.36982703209	-1
4.36982703209	-1
4.36982703209	-1
4.36982703209	-1
4.37166810036	-1
4.37166810036	-1
4.37166810036	-1
4.37171602249	-1
4.37171602249	-1
4.40267109871	-1
4.40267109871	-1
4.40419101715	-1
4.40419101715	-1
4.40419101715	-1
4.40419101715	-1
4.40419101715	-1
4.40419101715	-1
4.40419101715	-1
4.42317199707	1
4.42454600334	1
4.42454600334	1
4.42454600334	1
4.44330406189	-1
4.49822306633	1
4.53906393051	-1
4.53906393051	-1
4.53906393051	-1
4.5392510891	-1
4.5392510891	-1
4.5392510891	-1
4.5392510891	-1
4.5392510891	-1
4.5558860302	1
4.5558860302	1
4.5558860302	1
4.55592393875	-1
4.57145905495	-1
4.57145905495	-1
4.57145905495	-1
4.58540391922	-1
4.58540391922	-1
4.58540391922	-1
4.58540391922	-1
4.58540391922	-1
4.58540391922	-1
4.58540391922	-1
4.58592009544	-1
4.58592009544	-1
4.58592009544	-1
4.58592009544	-1
4.58592009544	-1
4.60375499725	-1
4.60380506516	-1
4.60380506516	-1
4.60380506516	-1
4.60380506516	-1
4.60380506516	-1
4.60380506516	-1
4.60380506516	-1
4.61268997192	-1
4.6129090786	-1
4.6129090786	-1
4.6129090786	-1
4.61303496361	-1
4.61303496361	-1
4.61303496361	-1
4.61315512657	-1
4.61315512657	-1
4.67214989662	1
4.67214989662	1
4.67214989662	1
4.70727300644	1
4.74020600319	-1
4.74020600319	-1
4.74020600319	-1
4.74020600319	-1
4.77172207832	-1
4.77172207832	-1
4.77172207832	-1
4.77172207832	-1
4.77172207832	-1
4.77172207832	-1
4.77188801765	-1
4.77188801765	-1
4.77247905731	-1
4.77247905731	-1
4.77247905731	-1
4.77247905731	-1
4.77247905731	-1
4.77247905731	-1
4.77247905731	-1
4.77247905731	-1
4.89297699928	-1
4.89297699928	-1
4.96207094193	-1
4.96207094193	-1
4.96207094193	-1
4.96217393875	-1
4.96217393875	-1
4.96443295479	1
4.99020600319	-1
4.99020600319	-1
4.99020600319	-1
4.99181199074	1
4.99181199074	1
4.99181199074	1
5.13711690903	1
5.17418503761	-1
5.25011301041	1
5.28794789314	-1
5.36294102669	1
5.37524795532	-1
5.37524795532	-1
5.37524795532	-1
5.44576001167	-1
5.44576001167	-1
5.44576001167	-1
5.4457719326	1
5.4457719326	1
5.44579291344	-1
5.44579291344	-1
5.44579291344	-1
5.44579291344	-1
5.44579291344	-1
5.45298910141	-1
5.45298910141	-1
5.45298910141	-1
5.45298910141	-1
5.45298910141	-1
5.45312309265	-1
5.45324492455	-1
5.45324492455	-1
5.45324492455	-1
5.45324492455	-1
5.47530412674	-1
5.47530412674	-1
5.47530412674	-1
5.47530412674	-1
5.4766960144	-1
5.4766960144	-1
5.4766960144	-1
5.47706890106	-1
5.4771900177	-1
5.4771900177	-1
5.4771900177	-1
5.4771900177	-1
5.4771900177	-1
5.49486207962	-1
5.49498796463	-1
5.49498796463	-1
5.49523210526	-1
5.49523210526	-1
5.49523210526	-1
5.49523210526	-1
5.49523210526	-1
5.49572300911	-1
5.49572300911	-1
5.49572300911	-1
5.49852490425	1
5.49852490425	1
5.49852490425	1
5.54685711861	-1
5.57497596741	-1
5.57497596741	-1
5.57497596741	-1
5.61908698082	-1
5.61908698082	-1
5.61908698082	-1
5.61908698082	-1
5.61908698082	-1
5.61908698082	-1
5.63610506058	-1
5.63610506058	-1
5.63610506058	-1
5.64671611786	-1
5.64671611786	-1
5.64671611786	-1
5.64671611786	-1
5.64671611786	-1
5.64671611786	-1
5.64693903923	-1
5.64693903923	-1
5.64815402031	1
5.65470004082	-1
5.65470004082	-1
5.65470004082	-1
5.65480208397	-1
5.65480208397	-1
5.65480208397	-1
5.65480208397	-1
5.67653107643	-1
5.67696094513	-1
5.67696094513	-1
5.67696094513	-1
5.67696094513	-1
5.67759609222	-1
5.67771792412	-1
5.67771792412	-1
5.67771792412	-1
5.67771792412	-1
5.67771792412	-1
5.67771792412	-1
5.69352507591	-1
5.69993495941	-1
5.69993495941	-1
5.69993495941	-1
5.69993495941	-1
5.70153903961	-1
5.70153903961	-1
5.70153903961	-1
5.70153903961	-1
5.70153903961	-1
5.70153903961	-1
5.70153903961	-1
5.70391798019	-1
5.70391798019	-1
5.70391798019	-1
5.70391798019	-1
5.70391798019	-1
5.70391798019	-1
5.70391798019	-1
5.70391798019	-1
5.72248792648	-1
5.72249794006	1
5.7242898941	-1
5.7242898941	-1
5.7242898941	-1
5.7242898941	-1
5.7242898941	-1
5.7242898941	-1
5.7242898941	-1
5.81885504723	-1
5.81885504723	-1
5.81885504723	-1
5.81885504723	-1
5.81885504723	-1
5.81885504723	-1
5.81885504723	-1
5.81885504723	-1
5.83554291725	-1
5.83575105667	-1
5.83575105667	-1
5.83575105667	-1
5.83575105667	-1
5.83575105667	-1
5.83575105667	-1
5.83575105667	-1
5.84779191017	-1
5.84784007072	-1
5.84784007072	-1
5.84784007072	-1
5.84784007072	-1
5.84784007072	-1
5.84784007072	-1
5.84784007072	-1
5.85553193092	-1
5.85577893257	-1
5.85577893257	-1
5.85577893257	-1
5.85577893257	-1
5.85577893257	-1
5.85577893257	-1
5.85577893257	-1
5.85680007935	1
5.87764811516	-1
5.87779593468	-1
5.87779593468	-1
5.87779593468	-1
5.87779593468	-1
5.87779593468	-1
5.87779593468	-1
5.87779593468	-1
5.87779593468	-1
5.8781619072	-1
5.8781619072	-1
5.8781619072	-1
5.8781619072	-1
5.8781619072	-1
5.8781619072	-1
5.8781619072	-1
5.8925139904	-1
5.8925139904	-1
5.8925139904	-1
5.8925139904	-1
5.8925139904	-1
5.8925139904	-1
5.8925139904	-1
5.8925139904	-1
5.90963506699	-1
5.91006803513	-1
5.91006803513	-1
5.91006803513	-1
5.91006803513	-1
5.91006803513	-1
5.91006803513	-1
5.91006803513	-1
5.91006803513	-1
5.92127490044	-1
5.92127490044	-1
5.92127490044	-1
5.92127490044	-1
5.92127490044	-1
5.92127490044	-1
5.92127490044	-1
5.92127490044	-1
5.92214608192	-1
5.92214608192	-1
5.92214608192	-1
5.92214608192	-1
5.92402505875	1
5.92402505875	1
5.92402505875	1
5.93072509766	-1
5.93072509766	-1
5.93072509766	-1
6.01875591278	-1
6.01875591278	-1
6.01875591278	-1
6.01875591278	-1
6.01875591278	-1
6.01875591278	-1
6.01875591278	-1
6.01875591278	-1
6.020154953	-1
6.02028489113	-1
6.02028489113	-1
6.02028489113	-1
6.02028489113	-1
6.02028489113	-1
6.02028489113	-1
6.02028489113	-1
6.05134892464	-1
6.05139803886	-1
6.05139803886	-1
6.05139803886	-1
6.05139803886	-1
6.05139803886	-1
6.05139803886	-1
6.05139803886	-1
6.05169892311	-1
6.05182003975	-1
6.05182003975	-1
6.05182003975	-1
6.05182003975	-1
6.05182003975	-1
6.05182003975	-1
6.05630397797	-1
6.05630397797	-1
6.05630397797	-1
6.05630397797	-1
6.05630397797	-1
6.05630397797	-1
6.05630397797	-1
6.05630397797	-1
6.07887411118	-1
6.07887411118	-1
6.07887411118	-1
6.07887411118	-1
6.07887411118	-1
6.07887411118	-1
6.07887411118	-1
6.07887411118	-1
6.08014202118	1
6.09238696098	-1
6.09238696098	-1
6.09238696098	-1
6.09238696098	-1
6.09238696098	-1
6.09238696098	-1
6.09238696098	-1
6.09238696098	-1
6.09238696098	-1
6.09781503677	-1
6.09781503677	-1
6.09781503677	-1
6.09781503677	-1
6.09781503677	-1
6.12658691406	-1
6.12658691406	-1
6.12658691406	-1
6.12658691406	-1
6.12658691406	-1
6.12658691406	-1
6.12658691406	-1
6.12658691406	-1
6.12658691406	-1
6.12693595886	-1
6.12693595886	-1
6.12693595886	-1
6.15073800087	-1
6.15085697174	-1
6.15085697174	-1
6.15085697174	-1
6.15120410919	-1
6.15120410919	-1
6.15120410919	-1
6.15132689476	-1
6.15132689476	-1
6.15132689476	-1
6.15132689476	-1
6.15132689476	-1
6.15132689476	-1
6.15132689476	-1
6.15531897545	-1
6.15535306931	1
6.15828704834	-1
6.15828704834	-1
6.15828704834	-1
6.15828704834	-1
6.15828704834	-1
6.15828704834	-1
6.15828704834	-1
6.25634002686	-1
6.25634002686	-1
6.25634002686	-1
6.25634002686	-1
6.25634002686	-1
6.25637292862	1
6.25640106201	-1
6.25640106201	-1
6.25640106201	-1
6.25828504562	-1
6.25828504562	-1
6.25828504562	-1
6.25828504562	-1
6.25828504562	-1
6.25871801376	-1
6.25879597664	-1
6.25879597664	-1
6.25879597664	-1
6.25943398476	-1
6.25943398476	-1
6.25943398476	-1
6.25943398476	-1
6.30043911934	-1
6.30043911934	-1
6.30043911934	-1
6.30043911934	-1
6.35185003281	-1
6.35185003281	-1
6.35185003281	-1
6.35185003281	-1
6.35185003281	-1
6.35185003281	-1
6.35185003281	-1
6.35188293457	1
6.35228395462	-1
6.35228395462	-1
6.35228395462	-1
6.35228395462	-1
6.35228395462	-1
6.35228395462	-1
6.35228395462	-1
6.35228395462	-1
6.35553693771	-1
6.35553693771	-1
6.35553693771	-1
6.35553693771	-1
6.35553693771	-1
6.35553693771	-1
6.35553693771	-1
6.35553693771	-1
6.35684800148	-1
6.35696291924	-1
6.35696291924	-1
6.35696291924	-1
6.35696291924	-1
6.35696291924	-1
6.35696291924	-1
6.35696291924	-1
6.35696291924	-1
6.35758805275	-1
6.35758805275	-1
6.3577311039	-1
6.3577311039	-1
6.3577311039	-1
6.3577311039	-1
6.35812211037	-1
6.35812211037	-1
6.35812211037	-1
6.35812211037	-1
6.39539694786	1
6.39539694786	1
6.39539694786	1
6.4518558979	-1
6.4518558979	-1
6.4518558979	-1
6.4518558979	-1
6.45211291313	-1
6.45211291313	-1
6.45211291313	-1
6.45211291313	-1
6.45211291313	-1
6.45211291313	-1
6.45211291313	-1
6.45211291313	-1
6.45248103142	-1
6.45248103142	-1
6.45248103142	-1
6.45248103142	-1
6.45248103142	-1
6.45248103142	-1
6.45248103142	-1
6.45248103142	-1
6.49997496605	-1
6.49997496605	-1
6.49997496605	-1
6.49997496605	-1
6.49997496605	-1
6.49997496605	-1
6.57327795029	1
6.59310889244	1
6.59310889244	1
6.59310889244	1
6.59310889244	1
6.65157699585	-1
6.65161299706	1
6.70050311089	-1
6.70050311089	-1
6.70050311089	-1
6.70060610771	-1
6.70060610771	-1
6.70060610771	-1
6.70060610771	-1
6.70060610771	-1
6.70060610771	-1
6.70060610771	-1
6.72531104088	1
6.88089990616	1
6.88089990616	1
6.96659803391	-1
6.97439002991	-1
6.97439002991	-1
6.97439002991	-1
6.97439002991	-1
6.97439002991	-1
6.97439002991	-1
6.97439002991	-1
6.98411107063	-1
6.98411107063	-1
6.98411107063	-1
6.98411107063	-1
6.98411107063	-1
6.98411107063	-1
6.98411107063	-1
6.98411107063	-1
7.04794001579	-1
7.04980492592	1
7.12336397171	-1
7.12336397171	-1
7.1241080761	1
7.15922093391	-1
7.15922093391	-1
7.15922093391	-1
7.15922093391	-1
7.15922093391	-1
7.15922093391	-1
7.15922093391	-1
7.15922093391	-1
7.16005992889	-1
7.16069412231	-1
7.16069412231	-1
7.16069412231	-1
7.16069412231	-1
7.16069412231	-1
7.16069412231	-1
7.16069412231	-1
7.16093993187	-1
7.16093993187	-1
7.16093993187	-1
7.19835209846	1
7.25780510902	-1
7.25780510902	-1
7.25780510902	-1
7.25943303108	1
7.25943303108	1
7.25943303108	1
7.26034402847	-1
7.26034402847	-1
7.26034402847	-1
7.26080012321	-1
7.26080012321	-1
7.26080012321	-1
7.26080012321	-1
7.26160097122	-1
7.26160097122	-1
7.27195096016	1
7.35202789307	-1
7.35395503044	-1
7.35395503044	-1
7.35395503044	-1
7.35395503044	-1
7.35395503044	-1
7.35526490211	-1
7.35593891144	-1
7.35593891144	-1
7.35593891144	-1
7.35593891144	-1
7.35593891144	-1
7.35593891144	-1
7.35593891144	-1
7.35593891144	-1
7.35619902611	-1
7.35619902611	-1
7.35619902611	-1
7.35659694672	-1
7.35659694672	-1
7.35659694672	-1
7.35659694672	-1
7.35659694672	-1
7.3587770462	-1
7.3587770462	-1
7.3587770462	-1
7.35954403877	-1
7.35954403877	-1
7.35954403877	-1
7.35954403877	-1
7.36002492905	1
7.36038899422	-1
7.36038899422	-1
7.36038899422	-1
7.36038899422	-1
7.36382508278	-1
7.36382508278	-1
7.36382508278	-1
7.36382508278	-1
7.36382508278	-1
7.36423707008	-1
7.36423707008	-1
7.36423707008	-1
7.36510491371	-1
7.36510491371	-1
7.36510491371	-1
7.36510491371	-1
7.36510491371	-1
7.39636206627	-1
7.45376610756	-1
7.45376610756	-1
7.45376610756	-1
7.48088312149	-1
7.48088312149	-1
7.48088312149	-1
7.48098611832	-1
7.48098611832	-1
7.48098611832	-1
7.48098611832	-1
7.4822499752	1
7.59235405922	-1
7.59235405922	-1
7.59235405922	-1
7.59236812592	1
7.59236812592	1
7.59412908554	-1
7.59412908554	-1
7.59412908554	-1
7.59412908554	-1
7.59466791153	-1
7.59466791153	-1
7.59466791153	-1
7.59466791153	-1
7.59537601471	-1
7.59537601471	-1
7.59537601471	-1
7.59688305855	1
7.59688305855	1
7.59688305855	1
7.59690403938	-1
7.59690403938	-1
7.59690403938	-1
7.59690403938	-1
7.59690403938	-1
7.66821908951	-1
7.66821908951	-1
7.66821908951	-1
7.66825294495	1
7.75152802467	-1
7.75152802467	-1
7.75152802467	-1
7.75183701515	-1
7.75183701515	-1
7.75183701515	-1
7.75183701515	-1
7.75183701515	-1
7.75183701515	-1
7.75183701515	-1
7.75183701515	-1
7.75237202644	-1
7.75237202644	-1
7.75237202644	-1
7.75237202644	-1
7.75237202644	-1
7.75237202644	-1
7.75237202644	-1
7.75237202644	-1
7.75348806381	1
7.82589912415	1
7.82589912415	1
7.82589912415	1
7.85373497009	-1
7.85373497009	-1
7.85373497009	-1
7.85377001762	1
7.97483706474	1
8.00106096268	-1
8.00106096268	-1
8.00106096268	-1
8.00117111206	-1
8.00117111206	-1
8.00117111206	-1
8.00117111206	-1
8.00172901154	-1
8.00184106827	-1
8.00184106827	-1
8.00184106827	-1
8.00184106827	-1
8.00184106827	-1
8.01426911354	-1
8.01743197441	-1
8.01743197441	-1
8.01743197441	-1
8.01743197441	-1
8.01743197441	-1
8.02223396301	-1
8.02223396301	-1
8.02223396301	-1
8.02223396301	-1
8.02223396301	-1
8.03928208351	-1
8.03958106041	-1
8.03958106041	-1
8.03958106041	-1
8.03958106041	-1
8.03958106041	-1
8.03996491432	-1
8.03996491432	-1
8.03996491432	-1
8.03996491432	-1
8.04063010216	-1
8.04083204269	-1
8.04083204269	-1
8.04083204269	-1
8.04083204269	-1
8.04083204269	-1
8.04119896889	-1
8.04119896889	-1
8.04844808578	1
8.05393409729	-1
8.05464100838	-1
8.05464100838	-1
8.05464100838	-1
8.0844271183	-1
8.0844271183	-1
8.0844271183	-1
8.0844271183	-1
8.0844271183	-1
8.0844271183	-1
8.0844271183	-1
8.0844271183	-1
8.15787696838	1
8.17381691933	-1
8.17381691933	-1
8.17381691933	-1
8.25248193741	-1
8.25248193741	-1
8.25248193741	-1
8.25249195099	1
8.25273799896	-1
8.25273799896	-1
8.25273799896	-1
8.25273799896	-1
8.25273799896	-1
8.25273799896	-1
8.25273799896	-1
8.25442790985	-1
8.25454092026	-1
8.25454092026	-1
8.25454092026	-1
8.25454092026	-1
8.25454092026	-1
8.25454092026	-1
8.25454092026	-1
8.25454092026	-1
8.25490903854	-1
8.25490903854	-1
8.25490903854	-1
8.25490903854	-1
8.25490903854	-1
8.25490903854	-1
8.25490903854	-1
8.2559170723	-1
8.25603699684	-1
8.25603699684	-1
8.25603699684	-1
8.25603699684	-1
8.25603699684	-1
8.25603699684	-1
8.25642490387	-1
8.25642490387	-1
8.25696110725	-1
8.25696110725	-1
8.25696110725	-1
8.25696110725	-1
8.26558709145	-1
8.2773630619	-1
8.28391599655	-1
8.28391599655	-1
8.28391599655	-1
8.28391599655	-1
8.35029411316	-1
8.35029411316	-1
8.35029411316	-1
8.35029411316	-1
8.35034394264	1
8.35743999481	-1
8.35743999481	-1
8.3802690506	1
8.3802690506	1
8.3802690506	1
8.3802690506	1
8.45675492287	-1
8.45695209503	-1
8.45695209503	-1
8.45695209503	-1
8.53045201302	-1
8.5319609642	1
8.55041790009	-1
8.55041790009	-1
8.55041790009	-1
8.55041790009	-1
8.55041790009	-1
8.55041790009	-1
8.55226111412	-1
8.55226111412	-1
8.55237698555	-1
8.55237698555	-1
8.55237698555	-1
8.55237698555	-1
8.55237698555	-1
8.55237698555	-1
8.59771704674	1
8.59771704674	1
8.59771704674	1
8.6513569355	-1
8.6513569355	-1
8.6513569355	-1
8.6513569355	-1
8.6513569355	-1
8.6513569355	-1
8.65948700905	-1
8.65948700905	-1
8.67899298668	-1
8.67902112007	1
8.75328111649	-1
8.7679669857	-1
8.7679669857	-1
8.7679669857	-1
8.7679669857	-1
8.78791189194	-1
8.78791189194	-1
8.78801512718	-1
8.78801512718	-1
8.78801512718	-1
8.78801512718	-1
8.78801512718	-1
8.78943610191	1
8.86422204971	-1
8.86422204971	-1
8.86422204971	-1
8.86422204971	-1
8.86422204971	-1
8.86721205711	-1
8.86721205711	-1
8.86721205711	-1
8.86721205711	-1
8.86721205711	-1
8.86721205711	-1
8.86721205711	-1
8.8686580658	-1
8.8686580658	-1
8.8686580658	-1
8.8686580658	-1
8.8686580658	-1
8.8686671257	1
8.8782749176	-1
8.8782749176	-1
8.87871599197	-1
8.87871599197	-1
8.87871599197	-1
8.87871599197	-1
8.87871599197	-1
8.95104408264	-1
8.95104408264	-1
8.95104408264	-1
8.95105791092	1
8.95105791092	1
9.02465009689	-1
9.05024909973	-1
9.05024909973	-1
9.05024909973	-1
9.05024909973	-1
9.05024909973	-1
9.05024909973	-1
9.05024909973	-1
9.05139493942	1
9.05536198616	-1
9.05546689034	-1
9.05546689034	-1
9.05546689034	-1
9.05546689034	-1
9.05546689034	-1
9.05546689034	-1
9.05546689034	-1
9.06557893753	-1
9.06557893753	-1
9.06557893753	-1
9.13060212135	1
9.13060212135	1
9.13060212135	1
9.16884803772	1
9.26618599892	-1
9.35420894623	-1
9.35420894623	-1
9.35420894623	-1
9.35420894623	-1
9.35420894623	-1
9.35420894623	-1
9.35420894623	-1
9.35420894623	-1
9.35603094101	-1
9.35603094101	-1
9.35603094101	-1
9.35714006424	1
9.35767602921	-1
9.35767602921	-1
9.35767602921	-1
9.35767602921	-1
9.45356702805	-1
9.4560239315	-1
9.4560239315	-1
9.4560239315	-1
9.45725893974	1
9.46707510948	-1
9.46707510948	-1
9.46707510948	-1
9.46707510948	-1
9.46707510948	-1
9.55354404449	-1
9.55354404449	-1
9.55354404449	-1
9.55354404449	-1
9.55354404449	-1
9.55354404449	-1
9.55354404449	-1
9.55354404449	-1
9.55354404449	-1
9.62688207626	-1
9.62899899483	1
9.65212893486	-1
9.65212893486	-1
9.65212893486	-1
9.65212893486	-1
9.65212893486	-1
9.65212893486	-1
9.65651106834	-1
9.65651106834	-1
9.65661692619	-1
9.65661692619	-1
9.65661692619	-1
9.65661692619	-1
9.65661692619	-1
9.65661692619	-1
9.70235300064	1
9.70704293251	-1
9.70704293251	-1
9.70704293251	-1
9.70704293251	-1
9.75161600113	-1
9.75161600113	-1
9.75161600113	-1
9.75161600113	-1
9.75540304184	-1
9.75540304184	-1
9.75540304184	-1
9.75540304184	-1
9.77585196495	1
9.86670589447	-1
9.86673903465	1
9.8755440712	-1
9.8755440712	-1
9.8755440712	-1
9.94018101692	-1
9.94110703468	1
10.0139861107	-1
10.1082289219	-1
10.1082289219	-1
10.1082289219	-1
10.1082289219	-1
10.2238259315	-1
10.2244079113	-1
10.2244079113	-1
10.2244079113	-1
10.2252690792	1
10.2498939037	-1
10.2498939037	-1
10.2498939037	-1
10.2630579472	1
10.2630579472	1
10.2630579472	1
10.2899811268	-1
10.2899811268	-1
10.2899811268	-1
10.2975139618	-1
10.3364078999	1
10.350730896	-1
10.350730896	-1
10.350730896	-1
10.3650319576	-1
10.3650319576	-1
10.3650319576	-1
10.3877620697	1
10.3877620697	1
10.3877620697	1
10.4014489651	-1
10.4014489651	-1
10.4014489651	-1
10.4544019699	-1
10.4544019699	-1
10.4544019699	-1
10.4544019699	-1
10.4544410706	1
10.462305069	-1
10.462305069	-1
10.462305069	-1
10.5231339931	-1
10.5231339931	-1
10.5231339931	-1
10.5234980583	-1
10.5234980583	-1
10.5245759487	1
10.5245759487	1
10.5245759487	1
10.5283241272	1
10.5283241272	1
10.6090168953	-1
10.6090168953	-1
10.6090619564	1
10.6090619564	1
10.6433401108	1
10.6433401108	1
10.6433401108	1
10.6515030861	1
10.6515030861	1
10.6647250652	1
10.6647250652	1
10.6647250652	1
10.667388916	1
10.667388916	1
10.667388916	1
10.6695520878	1
10.6695520878	1
10.6831181049	-1
10.6831181049	-1
10.7563579082	1
10.8005709648	-1
10.8017110825	-1
10.8017110825	-1
10.8017110825	-1
10.8017110825	-1
10.8207640648	-1
10.8207640648	-1
10.8632171154	-1
10.8632171154	-1
10.8632330894	1
10.8752160072	-1
10.8752160072	-1
10.8770780563	1
10.8770780563	1
10.8770780563	1
10.8770780563	1
10.8770780563	1
10.8861300945	-1
10.8861300945	-1
10.8861300945	-1
10.886464119	-1
10.886464119	-1
10.886464119	-1
10.8881480694	1
10.8882889748	-1
10.8882889748	-1
10.8882889748	-1
10.8882889748	-1
10.8882889748	-1
10.8882889748	-1
10.9296309948	1
10.9296309948	1
10.9303750992	-1
10.9306359291	-1
10.9306359291	-1
10.9306359291	-1
10.9306359291	-1
10.9306359291	-1
10.9309248924	-1
10.9329140186	1
10.9329140186	1
10.9329140186	1
10.9941561222	-1
10.9941561222	-1
10.9941561222	-1
10.9941561222	-1
10.9941561222	-1
10.9941561222	-1
10.9941561222	-1
10.9946091175	-1
10.9951679707	-1
10.9951679707	-1
10.9951679707	-1
10.9951679707	-1
10.9959859848	-1
10.9959859848	-1
10.9959859848	-1
10.9959859848	-1
10.9959859848	-1
10.9959859848	-1
11.024559021	1
11.024559021	1
11.0256099701	-1
11.0256099701	-1
11.0256099701	-1
11.0718719959	-1
11.0718719959	-1
11.0718719959	-1
11.0718719959	-1
11.0730729103	-1
11.0746889114	-1
11.0746889114	-1
11.0746889114	-1
11.0763089657	1
11.0763089657	1
11.0763089657	1
11.0767970085	-1
11.0767970085	-1
11.0779359341	1
11.0779359341	1
11.0981271267	-1
11.2117350101	1
11.2117350101	1
11.2412309647	-1
11.2414801121	-1
11.2414801121	-1
11.2414801121	-1
11.2442080975	1
11.2442080975	1
11.2442080975	1
11.2724819183	-1
11.2724819183	-1
11.2724819183	-1
11.2741889954	1
11.2741889954	1
11.2747609615	-1
11.2747609615	-1
11.2748811245	-1
11.2748811245	-1
11.2748811245	-1
11.2748811245	-1
11.2748811245	-1
11.307240963	-1
11.307240963	-1
11.307240963	-1
11.3147830963	-1
11.3147830963	-1
11.318625927	1
11.318625927	1
11.318625927	1
11.3474600315	1
11.3474600315	1
11.3637669086	-1
11.3637669086	-1
11.3637669086	-1
11.3980779648	-1
11.3980779648	-1
11.3980779648	-1
11.3980779648	-1
11.3980779648	-1
11.3980779648	-1
11.4147589207	-1
11.4147589207	-1
11.4696500301	-1
11.4696500301	-1
11.4696500301	-1
11.473457098	-1
11.473457098	-1
11.4767119884	-1
11.4767119884	-1
11.4767119884	-1
11.4767119884	-1
11.4767119884	-1
11.4780640602	-1
11.4880781174	-1
11.4908730984	1
11.541711092	1
11.541711092	1
11.541711092	1
11.5468890667	-1
11.5468890667	-1
11.5477910042	1
11.5477910042	1
11.5502541065	-1
11.5502541065	-1
11.5502541065	-1
11.5502541065	-1
11.5515990257	-1
11.5618169308	-1
11.5618169308	-1
11.5618169308	-1
11.6216330528	-1
11.6216330528	-1
11.6216869354	-1
11.6216869354	-1
11.6216869354	-1
11.6235790253	1
11.6235790253	1
11.6235790253	1
11.6251790524	-1
11.6251790524	-1
11.6252920628	-1
11.6252920628	-1
11.6252920628	-1
11.6721320152	-1
11.6721320152	-1
11.6721320152	-1
11.6721320152	-1
11.6721320152	-1
11.6721320152	-1
11.6950991154	-1
11.6950991154	-1
11.6950991154	-1
11.6950991154	-1
11.6950991154	-1
11.6950991154	-1
11.6988759041	-1
11.6988759041	-1
11.6989889145	-1
11.6989889145	-1
11.6989889145	-1
11.768764019	-1
11.7688670158	-1
11.7688670158	-1
11.7688670158	-1
11.7688670158	-1
11.7691121101	-1
11.7692348957	-1
11.7692348957	-1
11.7692348957	-1
11.7710440159	1
11.772439003	-1
11.772439003	-1
11.772439003	-1
11.772439003	-1
11.772439003	-1
11.772439003	-1
11.8422710896	-1
11.8422710896	-1
11.8422710896	-1
11.8423850536	-1
11.8423850536	-1
11.8423850536	-1
11.8423850536	-1
11.8423850536	-1
11.8423850536	-1
11.8423850536	-1
11.8423850536	-1
11.8423850536	-1
11.8462131023	-1
11.8462131023	-1
11.8462131023	-1
11.8462328911	1
11.8462619781	-1
11.9158220291	-1
11.9158220291	-1
11.9158220291	-1
11.9158220291	-1
11.9158220291	-1
11.9158220291	-1
11.9158220291	-1
11.9158220291	-1
11.9166820049	-1
11.9166820049	-1
11.9166820049	-1
11.9166820049	-1
11.9166820049	-1
11.9561839104	-1
11.9561839104	-1
11.9561839104	-1
11.9561839104	-1
11.9561839104	-1
11.9561839104	-1
11.9561839104	-1
11.9561839104	-1
11.9576160908	1
11.9896829128	-1
11.9896829128	-1
11.9896829128	-1
11.9896829128	-1
11.9896829128	-1
11.9896829128	-1
11.9896829128	-1
11.9896829128	-1
12.0296599865	-1
12.0296599865	-1
12.0296599865	-1
12.0296599865	-1
12.0296599865	-1
12.0632801056	-1
12.0632801056	-1
12.0632801056	-1
12.0632801056	-1
12.0632801056	-1
12.0632801056	-1
12.0632801056	-1
12.0632801056	-1
12.0632801056	-1
12.0633261204	1
12.064314127	-1
12.064314127	-1
12.064314127	-1
12.064314127	-1
12.064314127	-1
12.064314127	-1
12.064314127	-1
12.064314127	-1
12.1370151043	-1
12.1370151043	-1
12.1370151043	-1
12.1370151043	-1
12.1370151043	-1
12.1370151043	-1
12.1370151043	-1
12.1370151043	-1
12.1378450394	-1
12.1378450394	-1
12.1378450394	-1
12.1378450394	-1
12.1378450394	-1
12.1378450394	-1
12.1378450394	-1
12.1378450394	-1
12.1390459538	1
12.177448988	-1
12.177448988	-1
12.177448988	-1
12.177448988	-1
12.177448988	-1
12.177448988	-1
12.177448988	-1
12.2118139267	-1
12.2118139267	-1
12.2118139267	-1
12.2118139267	-1
12.2118139267	-1
12.2118139267	-1
12.2118139267	-1
12.2118139267	-1
12.2509689331	-1
12.2509689331	-1
12.2509689331	-1
12.2509689331	-1
12.2509689331	-1
12.2509689331	-1
12.2509689331	-1
12.2509689331	-1
12.2855169773	-1
12.2855169773	-1
12.2855169773	-1
12.2855169773	-1
12.2855169773	-1
12.2867269516	1
12.3241150379	-1
12.3241150379	-1
12.3241150379	-1
12.3241150379	-1
12.3241150379	-1
12.3241150379	-1
12.3241150379	-1
12.3241150379	-1
12.3246779442	-1
12.3246779442	-1
12.3246779442	-1
12.3246779442	-1
12.3246779442	-1
12.3246779442	-1
12.3246779442	-1
12.3246779442	-1
12.3601009846	-1
12.3601009846	-1
12.3601009846	-1
12.3601009846	-1
12.3601009846	-1
12.3601009846	-1
12.3601009846	-1
12.3601009846	-1
12.3985030651	-1
12.3985030651	-1
12.3985030651	-1
12.3985030651	-1
12.3985030651	-1
12.3985030651	-1
12.3985030651	-1
12.3985030651	-1
12.4325330257	-1
12.4325330257	-1
12.4325330257	-1
12.4325330257	-1
12.4325330257	-1
12.4325330257	-1
12.4325330257	-1
12.4720098972	-1
12.4720098972	-1
12.4720098972	-1
12.4720098972	-1
12.4720098972	-1
12.4720098972	-1
12.4720098972	-1
12.4720098972	-1
12.5059459209	-1
12.5059459209	-1
12.5059459209	-1
12.5059459209	-1
12.5059459209	-1
12.5059459209	-1
12.5059459209	-1
12.5059459209	-1
12.5083451271	-1
12.5083451271	-1
12.5083451271	-1
12.5083451271	-1
12.5083451271	-1
12.5083451271	-1
12.5083451271	-1
12.5083451271	-1
12.5095200539	1
12.5463011265	-1
12.5463011265	-1
12.5463011265	-1
12.5463011265	-1
12.5463011265	-1
12.5463011265	-1
12.5463011265	-1
12.5755178928	1
12.5755178928	1
12.5755178928	1
12.5794780254	-1
12.5794780254	-1
12.5794780254	-1
12.5794780254	-1
12.5794780254	-1
12.5794780254	-1
12.5794780254	-1
12.5794780254	-1
12.5819671154	-1
12.5819671154	-1
12.5819671154	-1
12.5819671154	-1
12.5819671154	-1
12.5819671154	-1
12.5819671154	-1
12.5819671154	-1
12.5831460953	1
12.5831460953	1
12.5831460953	1
12.6200990677	-1
12.6200990677	-1
12.6200990677	-1
12.6200990677	-1
12.6200990677	-1
12.6200990677	-1
12.6200990677	-1
12.6200990677	-1
12.6537940502	-1
12.6537940502	-1
12.6537940502	-1
12.6537940502	-1
12.6537940502	-1
12.6537940502	-1
12.6537940502	-1
12.6537940502	-1
12.6930470467	-1
12.6930470467	-1
12.6930470467	-1
12.6930470467	-1
12.6930470467	-1
12.6930470467	-1
12.6930470467	-1
12.6930470467	-1
12.7275650501	-1
12.7275650501	-1
12.7275650501	-1
12.7275650501	-1
12.7275650501	-1
12.7275650501	-1
12.7275650501	-1
12.7275650501	-1
12.7291100025	-1
12.7291100025	-1
12.7291100025	-1
12.7291100025	-1
12.7291100025	-1
12.7291100025	-1
12.7291100025	-1
12.7291100025	-1
12.7667899132	-1
12.7667899132	-1
12.7667899132	-1
12.7667899132	-1
12.7667899132	-1
12.7667899132	-1
12.7667899132	-1
12.7667899132	-1
12.7679729462	1
12.8011929989	-1
12.8011929989	-1
12.8011929989	-1
12.8011929989	-1
12.8011929989	-1
12.8011929989	-1
12.8011929989	-1
12.8011929989	-1
12.8025739193	-1
12.8025739193	-1
12.8025739193	-1
12.8025739193	-1
12.8025739193	-1
12.8025739193	-1
12.8025739193	-1
12.8025739193	-1
12.8403089046	-1
12.8403089046	-1
12.8403089046	-1
12.8403089046	-1
12.8403089046	-1
12.8403089046	-1
12.8403089046	-1
12.8415629864	-1
12.8415629864	-1
12.8415629864	-1
12.8415629864	-1
12.8415629864	-1
12.8415629864	-1
12.8415629864	-1
12.8415629864	-1
12.8756570816	1
12.8760859966	-1
12.8760859966	-1
12.8760859966	-1
12.8760859966	-1
12.8760859966	-1
12.8760859966	-1
12.8760859966	-1
12.8760859966	-1
12.9138679504	-1
12.9138679504	-1
12.9138679504	-1
12.9138679504	-1
12.9138679504	-1
12.9138679504	-1
12.9138679504	-1
12.9138679504	-1
12.9152150154	-1
12.9152150154	-1
12.9152150154	-1
12.9152150154	-1
12.9152150154	-1
12.9152150154	-1
12.9152150154	-1
12.9492249489	1
12.9503350258	-1
12.9503350258	-1
12.9503350258	-1
12.9503350258	-1
12.9503350258	-1
12.9503350258	-1
12.9503350258	-1
12.9503350258	-1
12.9874079227	-1
12.9874079227	-1
12.9874079227	-1
12.9874079227	-1
12.9874079227	-1
12.9874079227	-1
12.9874079227	-1
12.9874079227	-1
12.9886360168	-1
12.9886360168	-1
12.9886360168	-1
12.9886360168	-1
12.9886360168	-1
12.9886360168	-1
12.9886360168	-1
12.9886360168	-1
13.0228700638	1
13.0237760544	-1
13.0237760544	-1
13.0237760544	-1
13.0237760544	-1
13.0237760544	-1
13.0237760544	-1
13.0237760544	-1
13.0237760544	-1
13.0609910488	-1
13.0609910488	-1
13.0609910488	-1
13.0609910488	-1
13.0609910488	-1
13.0609910488	-1
13.0609910488	-1
13.0609910488	-1
13.0620760918	-1
13.0620760918	-1
13.0620760918	-1
13.0620760918	-1
13.0620760918	-1
13.0620760918	-1
13.0620760918	-1
13.0620760918	-1
13.0971961021	-1
13.0971961021	-1
13.0971961021	-1
13.0971961021	-1
13.0971961021	-1
13.0971961021	-1
13.0971961021	-1
13.0971961021	-1
13.1336669922	-1
13.1336669922	-1
13.1336669922	-1
13.1336669922	-1
13.1336669922	-1
13.1336669922	-1
13.1336669922	-1
13.1351089478	1
13.1355791092	-1
13.1355791092	-1
13.1355791092	-1
13.1355791092	-1
13.1355791092	-1
13.1355791092	-1
13.1355791092	-1
13.1355791092	-1
13.1699290276	-1
13.1699290276	-1
13.1699290276	-1
13.1699290276	-1
13.1699290276	-1
13.1699290276	-1
13.1699290276	-1
13.1699290276	-1
13.2071499825	-1
13.2071499825	-1
13.2071499825	-1
13.2071499825	-1
13.2071499825	-1
13.2071499825	-1
13.2071499825	-1
13.2071499825	-1
13.2081429958	-1
13.2081429958	-1
13.2081429958	-1
13.2081429958	-1
13.2081429958	-1
13.2081429958	-1
13.2081429958	-1
13.2081429958	-1
13.2095720768	1
13.2095720768	1
13.2095720768	1
13.2433140278	-1
13.2433140278	-1
13.2433140278	-1
13.2433140278	-1
13.2433140278	-1
13.2433140278	-1
13.2433140278	-1
13.2433140278	-1
13.2445940971	-1
13.2445940971	-1
13.2445940971	-1
13.2445940971	-1
13.2445940971	-1
13.2445940971	-1
13.2445940971	-1
13.2445940971	-1
13.2808799744	-1
13.2808799744	-1
13.2808799744	-1
13.2808799744	-1
13.2808799744	-1
13.2808799744	-1
13.2808799744	-1
13.2808799744	-1
13.2835969925	-1
13.2835969925	-1
13.2835969925	-1
13.2835969925	-1
13.2835969925	-1
13.2835969925	-1
13.2835969925	-1
13.3169600964	-1
13.3169600964	-1
13.3169600964	-1
13.3169600964	-1
13.3169600964	-1
13.3169600964	-1
13.3169600964	-1
13.3169600964	-1
13.3543710709	-1
13.3543710709	-1
13.3543710709	-1
13.3543710709	-1
13.3543710709	-1
13.3543710709	-1
13.3543710709	-1
13.3543710709	-1
13.3553500175	-1
13.3553500175	-1
13.3553500175	-1
13.3553500175	-1
13.3553500175	-1
13.3553500175	-1
13.3553500175	-1
13.3553500175	-1
13.3904409409	-1
13.3904409409	-1
13.3904409409	-1
13.3904409409	-1
13.3904409409	-1
13.3904409409	-1
13.3904409409	-1
13.3904409409	-1
13.3915119171	-1
13.3915119171	-1
13.3915119171	-1
13.3915119171	-1
13.3915119171	-1
13.3915119171	-1
13.3915119171	-1
13.3915119171	-1
13.3918979168	1
13.4279589653	-1
13.4279589653	-1
13.4279589653	-1
13.4279589653	-1
13.4279589653	-1
13.4279589653	-1
13.4279589653	-1
13.4279589653	-1
13.430603981	-1
13.430603981	-1
13.430603981	-1
13.430603981	-1
13.430603981	-1
13.430603981	-1
13.430603981	-1
13.430603981	-1
13.465200901	-1
13.465200901	-1
13.465200901	-1
13.465200901	-1
13.465200901	-1
13.465200901	-1
13.465200901	-1
13.4655230045	-1
13.4655230045	-1
13.4655230045	-1
13.4655230045	-1
13.4655230045	-1
13.4655230045	-1
13.4655230045	-1
13.4655230045	-1
13.5014510155	1
13.5014510155	1
13.5024220943	-1
13.5024220943	-1
13.5024220943	-1
13.5024220943	-1
13.5024220943	-1
13.5024220943	-1
13.5024220943	-1
13.5024220943	-1
13.5050840378	-1
13.5050840378	-1
13.5050840378	-1
13.5050840378	-1
13.5050840378	-1
13.5050840378	-1
13.5050840378	-1
13.5050840378	-1
13.5388050079	-1
13.5388050079	-1
13.5388050079	-1
13.5388050079	-1
13.5388050079	-1
13.5388050079	-1
13.5388050079	-1
13.5751841068	-1
13.5751841068	-1
13.5751841068	-1
13.5751841068	-1
13.5751841068	-1
13.5751841068	-1
13.5751841068	-1
13.5751841068	-1
13.5752189159	1
13.5771479607	-1
13.5771479607	-1
13.5771479607	-1
13.5771479607	-1
13.5771479607	-1
13.5771479607	-1
13.5771479607	-1
13.5771479607	-1
13.5787289143	-1
13.5787289143	-1
13.5787289143	-1
13.5787289143	-1
13.6089510918	1
13.6089510918	1
13.6089510918	1
13.6140160561	1
13.6140160561	1
13.6204531193	-1
13.6204531193	-1
13.6204531193	-1
13.6204531193	-1
13.6209580898	-1
13.6209580898	-1
13.6209580898	-1
13.6209580898	-1
13.6209580898	-1
13.6876699924	-1
13.6911079884	-1
13.6911079884	-1
13.6911079884	-1
13.6911079884	-1
13.6911079884	-1
13.6911079884	-1
13.7409169674	-1
13.7409169674	-1
13.7420630455	-1
13.7420630455	-1
13.7420630455	-1
13.7420630455	-1
13.7420630455	-1
13.7435359955	-1
13.7435359955	-1
13.744232893	-1
13.7451460361	-1
13.7451460361	-1
13.7451460361	-1
13.7451460361	-1
13.7451460361	-1
13.7458050251	-1
13.7463600636	-1
13.7463600636	-1
13.7463600636	-1
13.7463600636	-1
13.7463600636	-1
13.74685812	-1
13.74685812	-1
13.74685812	-1
13.74685812	-1
13.74685812	-1
13.74685812	-1
13.7620630264	1
13.7620630264	1
13.7646501064	-1
13.7646501064	-1
13.7646501064	-1
13.7646501064	-1
13.7646501064	-1
13.7646501064	-1
13.8155770302	-1
13.8155770302	-1
13.8183259964	-1
13.8183259964	-1
13.8183259964	-1
13.8191719055	-1
13.8191719055	-1
13.8191719055	-1
13.8192079067	-1
13.8192079067	-1
13.8196790218	-1
13.8196790218	-1
13.8196790218	-1
13.8196790218	-1
13.8196790218	-1
13.8196790218	-1
13.8196790218	-1
13.8199920654	-1
13.8199920654	-1
13.8357329369	-1
13.8357329369	-1
13.8357329369	-1
13.8357329369	-1
13.8357329369	-1
13.8357329369	-1
13.835766077	1
13.835766077	1
13.8388769627	-1
13.8389179707	-1
13.8389179707	-1
13.8389179707	-1
13.8389179707	-1
13.8389179707	-1
13.8891038895	-1
13.8926010132	-1
13.8926010132	-1
13.8926010132	-1
13.8926010132	-1
13.8926010132	-1
13.8926010132	-1
13.8926010132	-1
13.9312860966	-1
13.9313919544	-1
13.9313919544	-1
13.9313919544	-1
13.9313919544	-1
13.9313919544	-1
14.0810489655	-1
14.0840981007	-1
14.0840981007	-1
14.0840981007	-1
14.084510088	-1
14.084510088	-1
14.084633112	-1
14.084633112	-1
14.084633112	-1
14.084633112	-1
14.084633112	-1
14.084633112	-1
14.1145300865	-1
14.1145300865	-1
14.1145300865	-1
14.1154310703	-1
14.1154310703	-1
14.1154310703	-1
14.1240050793	-1
14.1240050793	-1
14.1241149902	-1
14.1241149902	-1
14.1244430542	-1
14.1244430542	-1
14.1244430542	-1
14.1244430542	-1
14.1248109341	-1
14.1254060268	-1
14.1254060268	-1
14.1254060268	-1
14.1258609295	1
14.1546559334	-1
14.1546559334	-1
14.1546559334	-1
14.1546559334	-1
14.1546559334	-1
14.1546559334	-1
14.1675899029	-1
14.1675899029	-1
14.1675899029	-1
14.1675899029	-1
14.1675899029	-1
14.1687340736	-1
14.1890690327	-1
14.1890690327	-1
14.1890690327	-1
14.1891920567	-1
14.1891920567	-1
14.1891920567	-1
14.1975479126	-1
14.1976699829	-1
14.1976699829	-1
14.1976699829	-1
14.1976699829	-1
14.1976699829	-1
14.1982240677	-1
14.1983458996	-1
14.1983458996	-1
14.1993920803	-1
14.1993920803	-1
14.1993920803	-1
14.1993920803	-1
14.1993920803	-1
14.1993920803	-1
14.1993920803	-1
14.1993920803	-1
14.1993920803	-1
14.2317459583	-1
14.2317459583	-1
14.2318689823	-1
14.2318689823	-1
14.2330460548	1
14.2421998978	-1
14.2421998978	-1
14.2421998978	-1
14.2423129082	-1
14.2423129082	-1
14.2905631065	-1
14.2905631065	-1
14.2905631065	-1
14.2919969559	-1
14.2919969559	-1
14.2919969559	-1
14.2919969559	-1
14.2919969559	-1
14.2919969559	-1
14.2919969559	-1
14.3160641193	-1
14.3160641193	-1
14.3160641193	-1
14.3160641193	-1
14.3160641193	-1
14.3160641193	-1
14.3160641193	-1
14.3160641193	-1
14.3170890808	-1
14.3172309399	-1
14.3172309399	-1
14.3172309399	-1
14.3172309399	-1
14.3172309399	-1
14.3172309399	-1
14.3172309399	-1
14.3325250149	-1
14.3325769901	-1
14.3325769901	-1
14.3325769901	-1
14.3325769901	-1
14.3325769901	-1
14.3325769901	-1
14.3325769901	-1
14.3325769901	-1
14.3657429218	-1
14.3657429218	-1
14.3657429218	-1
14.3657429218	-1
14.3657429218	-1
14.3657429218	-1
14.3657429218	-1
14.3672199249	1
14.3890058994	-1
14.3891088963	-1
14.3891088963	-1
14.3891088963	-1
14.3891088963	-1
14.3891088963	-1
14.3891088963	-1
14.3891088963	-1
14.389909029	-1
14.390640974	-1
14.390640974	-1
14.390640974	-1
14.390640974	-1
14.390640974	-1
14.390640974	-1
14.390640974	-1
14.4059588909	-1
14.4060730934	-1
14.4060730934	-1
14.4060730934	-1
14.4060730934	-1
14.4060730934	-1
14.4060730934	-1
14.4060730934	-1
14.4060730934	-1
14.4068651199	-1
14.4068651199	-1
14.4068651199	-1
14.4068651199	-1
14.4068651199	-1
14.4068651199	-1
14.4068651199	-1
14.4068651199	-1
14.4393811226	-1
14.4393811226	-1
14.4393811226	-1
14.4393811226	-1
14.4393811226	-1
14.4393811226	-1
14.4393811226	-1
14.4626169205	1
14.4633409977	-1
14.4633409977	-1
14.4633409977	-1
14.4633409977	-1
14.4633409977	-1
14.4633409977	-1
14.4633409977	-1
14.4633409977	-1
14.5169320107	-1
14.5169320107	-1
14.5169320107	-1
14.5169320107	-1
14.5169320107	-1
14.5169320107	-1
14.5169320107	-1
14.5169320107	-1
14.5169320107	-1
14.5172870159	-1
14.5172870159	-1
14.5172870159	-1
14.5172870159	-1
14.5172870159	-1
14.5172870159	-1
14.5172870159	-1
14.5175330639	-1
14.5361850262	-1
14.5361850262	-1
14.5361850262	-1
14.5361850262	-1
14.5361850262	-1
14.5361850262	-1
14.5361850262	-1
14.5361990929	1
14.5361990929	1
14.5369000435	-1
14.5370209217	-1
14.5370209217	-1
14.5370209217	-1
14.5370209217	-1
14.5370209217	-1
14.5370209217	-1
14.5370209217	-1
14.5377819538	-1
14.5458590984	1
14.5458590984	1
14.5458590984	1
14.5904819965	-1
14.5904819965	-1
14.5904819965	-1
14.5904819965	-1
14.5904819965	-1
14.5904819965	-1
14.5904819965	-1
14.5904819965	-1
14.5908210278	-1
14.5909430981	-1
14.5909430981	-1
14.5909430981	-1
14.5909430981	-1
14.5909430981	-1
14.5909430981	-1
14.5909430981	-1
14.5909430981	-1
14.6099989414	-1
14.6099989414	-1
14.6099989414	-1
14.6099989414	-1
14.6099989414	-1
14.6099989414	-1
14.6100270748	1
14.6104180813	-1
14.6104180813	-1
14.6104180813	-1
14.6104180813	-1
14.6104180813	-1
14.6104180813	-1
14.6104180813	-1
14.6104180813	-1
14.6115651131	-1
14.6115651131	-1
14.6115651131	-1
14.6115651131	-1
14.6115651131	-1
14.6115651131	-1
14.6115651131	-1
14.6115651131	-1
14.6128919125	1
14.6128919125	1
14.6128919125	1
14.6155200005	1
14.6155200005	1
14.6407239437	1
14.6407239437	1
14.6407239437	1
14.6440730095	1
14.6440730095	1
14.6559119225	1
14.6559119225	1
14.6559119225	1
14.6608040333	1
14.6608040333	1
14.6643168926	-1
14.6643168926	-1
14.6643168926	-1
14.6643168926	-1
14.6643168926	-1
14.6643168926	-1
14.6643168926	-1
14.6643168926	-1
14.6646850109	-1
14.6646850109	-1
14.6646850109	-1
14.6646850109	-1
14.6646850109	-1
14.6646850109	-1
14.6646850109	-1
14.6646850109	-1
14.6651320457	-1
14.6651320457	-1
14.6651320457	-1
14.6651320457	-1
14.6651320457	-1
14.6651320457	-1
14.6651320457	-1
14.6651320457	-1
14.6836500168	1
14.6846120358	-1
14.6846120358	-1
14.6846120358	-1
14.6846120358	-1
14.6846120358	-1
14.6846120358	-1
14.6846120358	-1
14.7200000286	-1
14.7200000286	-1
14.7200000286	-1
14.7200000286	-1
14.7200000286	-1
14.7200000286	-1
14.7200000286	-1
14.7200000286	-1
14.7386140823	-1
14.7386140823	-1
14.7386140823	-1
14.7386140823	-1
14.7386140823	-1
14.7386140823	-1
14.7386140823	-1
14.7386140823	-1
14.7388439178	-1
14.7388439178	-1
14.7388439178	-1
14.7388439178	-1
14.7388439178	-1
14.7388439178	-1
14.7388439178	-1
14.7388439178	-1
14.7573161125	1
14.7573471069	-1
14.7573471069	-1
14.7573471069	-1
14.7573471069	-1
14.7573471069	-1
14.7573471069	-1
14.7573471069	-1
14.7573471069	-1
14.7588570118	-1
14.7721419334	-1
14.7721419334	-1
14.7721419334	-1
14.7721419334	-1
14.7721419334	-1
14.7721419334	-1
14.7721419334	-1
14.8113660812	-1
14.8113660812	-1
14.8113660812	-1
14.8113660812	-1
14.8113660812	-1
14.8113660812	-1
14.8113660812	-1
14.8113660812	-1
14.8124799728	-1
14.8124799728	-1
14.8124799728	-1
14.8124799728	-1
14.8124799728	-1
14.8124799728	-1
14.8124799728	-1
14.8124799728	-1
14.8308739662	1
14.8309009075	-1
14.8309009075	-1
14.8309009075	-1
14.8309009075	-1
14.8309009075	-1
14.8309009075	-1
14.8309009075	-1
14.8309009075	-1
14.8323500156	-1
14.8323500156	-1
14.8323500156	-1
14.8323500156	-1
14.8323500156	-1
14.8323500156	-1
14.8323500156	-1
14.8323500156	-1
14.8840970993	-1
14.8840970993	-1
14.8840970993	-1
14.8840970993	-1
14.8840970993	-1
14.8840970993	-1
14.8840970993	-1
14.8840970993	-1
14.8857820034	-1
14.8857820034	-1
14.8857820034	-1
14.8857820034	-1
14.8857820034	-1
14.8857820034	-1
14.8857820034	-1
14.8857820034	-1
14.8889119625	1
14.8889119625	1
14.8889119625	1
14.9236679077	-1
14.9236679077	-1
14.9236679077	-1
14.9236679077	-1
14.9236679077	-1
14.9236679077	-1
14.9236679077	-1
14.9236679077	-1
14.9236679077	-1
14.9240128994	-1
14.9240128994	-1
14.9240128994	-1
14.9240128994	-1
14.9240128994	-1
14.9240128994	-1
14.9240128994	-1
14.92425704	-1
14.92425704	-1
14.92425704	-1
14.92425704	-1
14.92425704	-1
14.92425704	-1
14.92425704	-1
14.92425704	-1
14.9585750103	-1
14.9585750103	-1
14.9585750103	-1
14.9585750103	-1
14.9585750103	-1
14.9585750103	-1
14.9585750103	-1
14.9585750103	-1
14.9593799114	-1
14.9604809284	-1
14.9604809284	-1
14.9604809284	-1
14.9604809284	-1
14.9604809284	-1
14.9604809284	-1
14.9604809284	-1
14.9604809284	-1
14.9970870018	1
15.0021409988	-1
15.0021409988	-1
15.0021409988	-1
15.0021409988	-1
15.0027770996	-1
15.0027770996	-1
15.002931118	-1
15.002931118	-1
15.002931118	-1
15.002931118	-1
15.002931118	-1
15.002931118	-1
15.002931118	-1
15.0040581226	-1
15.0176510811	-1
15.0176510811	-1
15.0176510811	-1
15.0176510811	-1
15.0176830292	-1
15.0176830292	-1
15.0176830292	-1
15.0176830292	-1
15.0176830292	-1
15.0176830292	-1
15.0176830292	-1
15.0330610275	-1
15.0330610275	-1
15.0330610275	-1
15.0330610275	-1
15.033203125	-1
15.034060955	-1
15.034060955	-1
15.034060955	-1
15.034060955	-1
15.034060955	-1
15.034060955	-1
15.034060955	-1
15.034060955	-1
15.070761919	1
15.070761919	1
15.0708050728	-1
15.0708050728	-1
15.0708050728	-1
15.12322402	-1
15.12322402	-1
15.12322402	-1
15.12322402	-1
15.12322402	-1
15.12322402	-1
15.12322402	-1
15.1243228912	-1
15.1244370937	-1
15.1244370937	-1
15.1244370937	-1
15.1244370937	-1
15.1244370937	-1
15.1244370937	-1
15.1244370937	-1
15.1247630119	-1
15.1247630119	-1
15.1247630119	-1
15.1247630119	-1
15.1247630119	-1
15.1247630119	-1
15.1247630119	-1
15.1247630119	-1
15.1247630119	-1
15.1251339912	-1
15.1251339912	-1
15.1251339912	-1
15.1251339912	-1
15.1251339912	-1
15.1251339912	-1
15.1251339912	-1
15.1369049549	-1
15.1369049549	-1
15.1369049549	-1
15.1369049549	-1
15.1369049549	-1
15.1369049549	-1
15.1369049549	-1
15.1369049549	-1
15.1369049549	-1
15.1445960999	1
15.2031559944	-1
15.2031559944	-1
15.2031559944	-1
15.2031559944	-1
15.2031559944	-1
15.2031559944	-1
15.2031559944	-1
15.2035450935	-1
15.2036709785	-1
15.2036709785	-1
15.2036709785	-1
15.2036709785	-1
15.2036709785	-1
15.2036709785	-1
15.2036709785	-1
15.2039189339	-1
15.2039189339	-1
15.2039189339	-1
15.2039189339	-1
15.2039189339	-1
15.2039189339	-1
15.2039189339	-1
15.2039189339	-1
15.2056980133	-1
15.2056980133	-1
15.2056980133	-1
15.2056980133	-1
15.2059209347	-1
15.2059209347	-1
15.2059209347	-1
15.2059209347	-1
15.2059209347	-1
15.2059209347	-1
15.2059209347	-1
15.2182250023	-1
15.2182250023	-1
15.2182250023	-1
15.2182250023	-1
15.2182250023	-1
15.2182250023	-1
15.2182250023	-1
15.2182250023	-1
15.2195329666	1
15.2770199776	-1
15.2770199776	-1
15.2770199776	-1
15.2770199776	-1
15.2770199776	-1
15.2770199776	-1
15.2770199776	-1
15.2770199776	-1
15.3252971172	-1
15.3252971172	-1
15.3252971172	-1
15.3252971172	-1
15.3252971172	-1
15.3252971172	-1
15.3252971172	-1
15.3252971172	-1
15.3252971172	-1
15.3253381252	1
15.3256399632	-1
15.3256399632	-1
15.3256399632	-1
15.3256399632	-1
15.3256399632	-1
15.3256399632	-1
15.3256399632	-1
15.3258841038	-1
15.3260080814	-1
15.3260080814	-1
15.3260080814	-1
15.3260080814	-1
15.3260080814	-1
15.3260080814	-1
15.3260080814	-1
15.326253891	-1
15.3263750076	-1
15.3263750076	-1
15.3263750076	-1
15.3263750076	-1
15.3263750076	-1
15.3263750076	-1
15.3263750076	-1
15.3513450623	-1
15.3513879776	-1
15.3513879776	-1
15.3513879776	-1
15.3513879776	-1
15.3513879776	-1
15.3513879776	-1
15.3513879776	-1
15.3513879776	-1
15.3987839222	1
15.4046010971	-1
15.4046010971	-1
15.4046010971	-1
15.4046010971	-1
15.4046010971	-1
15.4046010971	-1
15.4046010971	-1
15.4053170681	-1
15.4054389	-1
15.4054389	-1
15.4054389	-1
15.4054389	-1
15.4054389	-1
15.4054389	-1
15.4054389	-1
15.4059300423	-1
15.4059300423	-1
15.4059300423	-1
15.4059300423	-1
15.4059300423	-1
15.4059300423	-1
15.4059300423	-1
15.4059300423	-1
15.4073050022	-1
15.4073050022	-1
15.4073050022	-1
15.4073050022	-1
15.4073050022	-1
15.4073050022	-1
15.4073050022	-1
15.4073050022	-1
15.4073050022	-1
15.4256551266	-1
15.4257740974	-1
15.4257740974	-1
15.4257740974	-1
15.4257740974	-1
15.4257740974	-1
15.4257740974	-1
15.4724519253	-1
15.4724519253	-1
15.4724519253	-1
15.4724519253	-1
15.4724519253	-1
15.4724519253	-1
15.4724519253	-1
15.4724519253	-1
15.4724669456	1
15.4724669456	1
15.4784469604	-1
15.4784469604	-1
15.4784469604	-1
15.4784469604	-1
15.4784469604	-1
15.4784469604	-1
15.4784469604	-1
15.4784469604	-1
15.4796540737	-1
15.4796540737	-1
15.4796540737	-1
15.4796540737	-1
15.4796540737	-1
15.4796540737	-1
15.4796540737	-1
15.4796540737	-1
15.5268950462	-1
15.5268950462	-1
15.5268950462	-1
15.5268950462	-1
15.5268950462	-1
15.5268950462	-1
15.5268950462	-1
15.5268950462	-1
15.5272500515	-1
15.5272500515	-1
15.5272500515	-1
15.5272500515	-1
15.5272500515	-1
15.5272500515	-1
15.5272500515	-1
15.5272500515	-1
15.5274870396	-1
15.5461130142	-1
15.5461130142	-1
15.5461130142	-1
15.5461130142	-1
15.5461130142	-1
15.5461130142	-1
15.5461130142	-1
15.5461320877	1
15.5461320877	1
15.5519840717	-1
15.5527100563	-1
15.5527100563	-1
15.5527100563	-1
15.5527100563	-1
15.5527100563	-1
15.5527100563	-1
15.5527100563	-1
15.5527100563	-1
15.6086659431	-1
15.6086659431	-1
15.6086659431	-1
15.6086659431	-1
15.6086659431	-1
15.6086659431	-1
15.6086659431	-1
15.608864069	-1
15.6090478897	-1
15.6090478897	-1
15.6090478897	-1
15.6090478897	-1
15.6090478897	-1
15.6090478897	-1
15.6090478897	-1
15.6093709469	-1
15.6093709469	-1
15.6093709469	-1
15.6093709469	-1
15.6093709469	-1
15.6093709469	-1
15.6093709469	-1
15.6093709469	-1
15.6163780689	1
15.6163780689	1
15.6163780689	1
15.620112896	-1
15.620112896	-1
15.620112896	-1
15.620112896	-1
15.620112896	-1
15.620112896	-1
15.620112896	-1
15.620112896	-1
15.620112896	-1
15.6201500893	1
15.6255741119	-1
15.6264169216	-1
15.6264169216	-1
15.6264169216	-1
15.6264169216	-1
15.6264169216	-1
15.6264169216	-1
15.6264169216	-1
15.6264169216	-1
15.6641209126	-1
15.6641209126	-1
15.6641209126	-1
15.6641209126	-1
15.6641209126	-1
15.6641209126	-1
15.6641209126	-1
15.6641209126	-1
15.6824169159	-1
15.6824169159	-1
15.6824169159	-1
15.6824169159	-1
15.6824169159	-1
15.6824169159	-1
15.6935100555	1
15.6935100555	1
15.7285339832	-1
15.7285339832	-1
15.7285339832	-1
15.7285339832	-1
15.7285339832	-1
15.7285339832	-1
15.7285339832	-1
15.7285339832	-1
15.7285339832	-1
15.7291100025	-1
15.7291100025	-1
15.7291100025	-1
15.7291100025	-1
15.7291100025	-1
15.7291100025	-1
15.7291100025	-1
15.7293550968	-1
15.7293550968	-1
15.7293550968	-1
15.7293550968	-1
15.7293550968	-1
15.7293550968	-1
15.7293550968	-1
15.7293550968	-1
15.7297239304	-1
15.7360630035	-1
15.7360630035	-1
15.7360630035	-1
15.7360630035	-1
15.7360630035	-1
15.7360630035	-1
15.7360630035	-1
15.7560510635	-1
15.7585608959	-1
15.7585608959	-1
15.7585608959	-1
15.7585608959	-1
15.7585608959	-1
15.7585608959	-1
15.7585608959	-1
15.7585608959	-1
15.8032209873	1
15.8103659153	-1
15.8104720116	-1
15.8104720116	-1
15.8104720116	-1
15.8104720116	-1
15.8104720116	-1
15.8104720116	-1
15.8110029697	-1
15.8110029697	-1
15.8110029697	-1
15.8110029697	-1
15.8110029697	-1
15.8110029697	-1
15.8110029697	-1
15.8110029697	-1
15.8113720417	-1
15.8113720417	-1
15.8113720417	-1
15.8113720417	-1
15.8113720417	-1
15.8113720417	-1
15.8113720417	-1
15.8113720417	-1
15.8126239777	-1
15.8126239777	-1
15.8126239777	-1
15.8126239777	-1
15.8126239777	-1
15.8126239777	-1
15.8126239777	-1
15.8126239777	-1
15.8126239777	-1
15.8302910328	-1
15.8302910328	-1
15.8302910328	-1
15.8302910328	-1
15.8302910328	-1
15.8302910328	-1
15.8302910328	-1
15.8322370052	-1
15.8322370052	-1
15.8322370052	-1
15.8322370052	-1
15.8322370052	-1
15.8322370052	-1
15.8322370052	-1
15.8322370052	-1
15.8848669529	-1
15.8848669529	-1
15.8848669529	-1
15.8848669529	-1
15.8848669529	-1
15.8848669529	-1
15.8848669529	-1
15.8848669529	-1
15.8851780891	-1
15.8851780891	-1
15.8851780891	-1
15.8851780891	-1
15.8851780891	-1
15.8851780891	-1
15.8851780891	-1
15.8851780891	-1
15.887994051	1
15.9302229881	-1
15.9302229881	-1
15.9302229881	-1
15.9302229881	-1
15.9302229881	-1
15.9302229881	-1
15.9302229881	-1
15.9302229881	-1
15.9305779934	-1
15.9305779934	-1
15.9305779934	-1
15.9305779934	-1
15.9305779934	-1
15.9305779934	-1
15.9305779934	-1
15.9305779934	-1
15.9310910702	-1
15.9311270714	-1
15.9311270714	-1
15.9311270714	-1
15.9311270714	-1
15.9311270714	-1
15.9311270714	-1
15.9311270714	-1
15.9797790051	-1
15.9797790051	-1
15.9797790051	-1
15.9797790051	-1
15.9797790051	-1
15.9797790051	-1
15.9797790051	-1
15.9797790051	-1
15.9797790051	-1
15.9798169136	1
16.0358579159	-1
16.0358579159	-1
16.0358579159	-1
16.0358579159	-1
16.0358579159	-1
16.0358579159	-1
16.0358579159	-1
16.0358579159	-1
16.0358579159	-1
16.036206007	-1
16.036206007	-1
16.036206007	-1
16.036206007	-1
16.036206007	-1
16.036206007	-1
16.0381479263	-1
16.0381479263	-1
16.0381479263	-1
16.0381479263	-1
16.0381479263	-1
16.0381479263	-1
16.0381479263	-1
16.0381479263	-1
16.0406410694	-1
16.0406410694	-1
16.0406410694	-1
16.0406410694	-1
16.0406410694	-1
16.0406410694	-1
16.0406410694	-1
16.0406410694	-1
16.0427889824	-1
16.0448698997	-1
16.0448698997	-1
16.0448698997	-1
16.0448698997	-1
16.0448698997	-1
16.0448698997	-1
16.0448698997	-1
16.0536060333	1
16.0567469597	-1
16.0567469597	-1
16.0567469597	-1
16.0567469597	-1
16.0567469597	-1
16.0567469597	-1
16.0567469597	-1
16.0567469597	-1
16.0600020885	-1
16.0600020885	-1
16.0600020885	-1
16.0600020885	-1
16.0600020885	-1
16.0600020885	-1
16.0600020885	-1
16.0600020885	-1
16.128426075	1
16.1326460838	-1
16.1326460838	-1
16.1326460838	-1
16.1326460838	-1
16.1326460838	-1
16.1326460838	-1
16.1326460838	-1
16.1326460838	-1
16.1326460838	-1
16.1330049038	-1
16.1330049038	-1
16.1330049038	-1
16.1330049038	-1
16.1330049038	-1
16.1330049038	-1
16.1330049038	-1
16.1332499981	-1
16.1332499981	-1
16.1332499981	-1
16.1332499981	-1
16.1332499981	-1
16.1332499981	-1
16.1332499981	-1
16.1332499981	-1
16.1336190701	-1
16.1336190701	-1
16.1336190701	-1
16.1336190701	-1
16.1336190701	-1
16.1336190701	-1
16.1336190701	-1
16.1336190701	-1
16.1804950237	-1
16.1806061268	-1
16.1806061268	-1
16.1806061268	-1
16.1806061268	-1
16.2132220268	-1
16.2132220268	-1
16.2132220268	-1
16.2132549286	1
16.2132549286	1
16.213737011	-1
16.213737011	-1
16.213737011	-1
16.213737011	-1
16.213737011	-1
16.213737011	-1
16.213737011	-1
16.213737011	-1
16.2147839069	-1
16.2147839069	-1
16.2147839069	-1
16.2147839069	-1
16.2147839069	-1
16.2147839069	-1
16.2147839069	-1
16.2147839069	-1
16.2147839069	-1
16.2151479721	-1
16.2151479721	-1
16.2151479721	-1
16.2151479721	-1
16.2151479721	-1
16.2151479721	-1
16.2151479721	-1
16.2184979916	-1
16.2190980911	-1
16.2190980911	-1
16.2190980911	-1
16.2190980911	-1
16.2190980911	-1
16.2190980911	-1
16.2190980911	-1
16.2196140289	-1
16.2196140289	-1
16.2196140289	-1
16.2196140289	-1
16.2196140289	-1
16.2196140289	-1
16.2196140289	-1
16.2196140289	-1
16.2550289631	-1
16.2550289631	-1
16.2550289631	-1
16.2550289631	-1
16.2550289631	-1
16.2550289631	-1
16.2550289631	-1
16.2550289631	-1
16.2871699333	-1
16.2871699333	-1
16.2871699333	-1
16.2871699333	-1
16.2871699333	-1
16.2871699333	-1
16.2871699333	-1
16.2871699333	-1
16.2872030735	1
16.3355200291	-1
16.3356249332	-1
16.3356249332	-1
16.3356249332	-1
16.3356249332	-1
16.3356249332	-1
16.3356249332	-1
16.3356249332	-1
16.3356249332	-1
16.3359940052	-1
16.3359940052	-1
16.3359940052	-1
16.3361170292	-1
16.3361170292	-1
16.3361170292	-1
16.3361170292	-1
16.3361170292	-1
16.3361170292	-1
16.3361170292	-1
16.3361170292	-1
16.3364861012	-1
16.3364861012	-1
16.3364861012	-1
16.3364861012	-1
16.3364861012	-1
16.3364861012	-1
16.3364861012	-1
16.3364861012	-1
16.3605771065	1
16.3815419674	-1
16.3815419674	-1
16.3815419674	-1
16.3815419674	-1
16.3815419674	-1
16.3815419674	-1
16.3815419674	-1
16.3815419674	-1
16.3815419674	-1
16.4153909683	-1
16.4153909683	-1
16.4153909683	-1
16.4153909683	-1
16.4153909683	-1
16.4153909683	-1
16.4153909683	-1
16.4156160355	-1
16.4157369137	-1
16.4157369137	-1
16.4157369137	-1
16.4157369137	-1
16.4157369137	-1
16.4157369137	-1
16.4157369137	-1
16.4161260128	-1
16.4162509441	-1
16.4162509441	-1
16.4162509441	-1
16.4162509441	-1
16.4162509441	-1
16.4162509441	-1
16.4162509441	-1
16.4188399315	-1
16.4190371037	-1
16.4190371037	-1
16.4190371037	-1
16.4190371037	-1
16.4190371037	-1
16.4190371037	-1
16.4190371037	-1
16.4190371037	-1
16.4194059372	-1
16.4194059372	-1
16.4194059372	-1
16.4194059372	-1
16.4194059372	-1
16.4194059372	-1
16.4194059372	-1
16.4340760708	1
16.4340760708	1
16.4551920891	-1
16.4551920891	-1
16.4551920891	-1
16.4551920891	-1
16.4551920891	-1
16.4551920891	-1
16.4551920891	-1
16.4551920891	-1
16.4551920891	-1
16.4555490017	-1
16.4555490017	-1
16.4555490017	-1
16.4555490017	-1
16.4555490017	-1
16.4555490017	-1
16.4555490017	-1
16.5365600586	-1
16.5365600586	-1
16.5365600586	-1
16.5365600586	-1
16.5365600586	-1
16.5365600586	-1
16.5365600586	-1
16.5365600586	-1
16.5365600586	-1
16.5369091034	-1
16.5369091034	-1
16.5369091034	-1
16.5369091034	-1
16.5369091034	-1
16.5369091034	-1
16.5369091034	-1
16.5371549129	-1
16.5371549129	-1
16.5371549129	-1
16.5371549129	-1
16.5371549129	-1
16.5371549129	-1
16.5371549129	-1
16.5371549129	-1
16.5375239849	-1
16.5376520157	-1
16.5376520157	-1
16.5376520157	-1
16.5376520157	-1
16.5376520157	-1
16.5376520157	-1
16.5376520157	-1
16.5396709442	1
16.5680840015	1
16.5680840015	1
16.5680840015	1
16.5680840015	1
16.5680840015	1
16.5680840015	1
16.5680840015	1
16.5687670708	1
16.5840981007	-1
16.5840981007	-1
16.5840981007	-1
16.5840981007	-1
16.5840981007	-1
16.5840981007	-1
16.5840981007	-1
16.5840981007	-1
16.5840981007	-1
16.6171030998	-1
16.6171030998	-1
16.6171030998	-1
16.6171030998	-1
16.6171030998	-1
16.6171030998	-1
16.6171030998	-1
16.6171379089	1
16.6171379089	1
16.6174530983	-1
16.6175761223	-1
16.6175761223	-1
16.6175761223	-1
16.6175761223	-1
16.6175761223	-1
16.6175761223	-1
16.6175761223	-1
16.6179881096	-1
16.6181080341	-1
16.6181080341	-1
16.6181080341	-1
16.6181080341	-1
16.6181080341	-1
16.6181080341	-1
16.6181080341	-1
16.620677948	-1
16.6208920479	-1
16.6208920479	-1
16.6208920479	-1
16.6208920479	-1
16.6208920479	-1
16.6208920479	-1
16.6208920479	-1
16.6208920479	-1
16.6213641167	-1
16.6213641167	-1
16.6213641167	-1
16.6213641167	-1
16.6213641167	-1
16.6213641167	-1
16.6213641167	-1
16.6577339172	-1
16.6577339172	-1
16.6577339172	-1
16.6577339172	-1
16.6577339172	-1
16.6577339172	-1
16.6577339172	-1
16.6577339172	-1
16.6577339172	-1
16.6581020355	-1
16.6581020355	-1
16.6581020355	-1
16.6581020355	-1
16.6581020355	-1
16.6581020355	-1
16.6581020355	-1
16.6581020355	-1
16.6907839775	-1
16.6907839775	-1
16.6907839775	-1
16.6907839775	-1
16.6907839775	-1
16.6907839775	-1
16.6907839775	-1
16.6908171177	1
16.6908171177	1
16.7416939735	-1
16.7416939735	-1
16.7416939735	-1
16.7416939735	-1
16.7416939735	-1
16.7416939735	-1
16.7416939735	-1
16.7416939735	-1
16.7461059093	-1
16.7461059093	-1
16.7461059093	-1
16.7461059093	-1
16.7461059093	-1
16.7461059093	-1
16.7461059093	-1
16.7461059093	-1
16.7465500832	-1
16.7465500832	-1
16.7465500832	-1
16.7465500832	-1
16.7465500832	-1
16.7465500832	-1
16.7465500832	-1
16.7465500832	-1
16.7840189934	-1
16.7840189934	-1
16.7840189934	-1
16.7840189934	-1
16.7840189934	-1
16.7840189934	-1
16.7840189934	-1
16.7840189934	-1
16.7840189934	-1
16.7840740681	1
16.7840740681	1
16.819742918	-1
16.819742918	-1
16.819742918	-1
16.819742918	-1
16.819742918	-1
16.819742918	-1
16.819742918	-1
16.823980093	1
16.823980093	1
16.823980093	1
16.831084013	1
16.831084013	1
16.83761096	1
16.83761096	1
16.83761096	1
16.83761096	1
16.8931009769	1
16.9848649502	-1
16.9850599766	-1
16.9850599766	-1
16.9850599766	-1
16.9850599766	-1
16.9850599766	-1
16.9850599766	-1
16.9850599766	-1
16.9850599766	-1
17.0627629757	1
17.1754779816	1
17.1754779816	1
17.1952359676	-1
17.2008891106	-1
17.2008891106	-1
17.2008891106	-1
17.2008891106	-1
17.2009921074	-1
17.2009921074	-1
17.2009921074	-1
17.2011349201	-1
17.2013809681	-1
17.2013809681	-1
17.2013809681	-1
17.2015869617	-1
17.2015869617	-1
17.2015869617	-1
17.2015869617	-1
17.2015869617	-1
17.2015869617	-1
17.2021839619	-1
17.2021839619	-1
17.2021839619	-1
17.2021839619	-1
17.2021839619	-1
17.2021839619	-1
17.2021839619	-1
17.2021839619	-1
17.2254610062	-1
17.2254610062	-1
17.2670121193	-1
17.2670121193	-1
17.2670121193	-1
17.2743830681	-1
17.3426699638	-1
17.3426699638	-1
17.3426699638	-1
17.3426699638	-1
17.3572130203	1
17.4499690533	-1
17.4500029087	1
17.4500029087	1
17.523679018	-1
17.523679018	-1
17.5237259865	1
17.5276620388	1
17.5276620388	1
17.5276620388	1
17.5276620388	1
17.5276620388	1
17.5276620388	1
17.5276620388	1
17.5276620388	1
17.5276620388	1
17.5277950764	1
17.5277950764	1
17.5277950764	1
17.614205122	-1
17.6686389446	-1
17.6686389446	-1
17.6686389446	-1
17.7136249542	1
17.7241909504	-1
17.7241909504	-1
17.7900419235	1
17.7998330593	-1
17.7998330593	-1
17.7998330593	-1
17.8635210991	-1
17.889688015	-1
17.889688015	-1
17.889688015	-1
17.8970320225	1
17.9264030457	-1
17.9264030457	-1
17.9264030457	-1
17.9266939163	-1
17.9266939163	-1
17.9286680222	-1
17.9286680222	-1
17.9286680222	-1
17.9286680222	-1
17.9286680222	-1
17.9286680222	-1
17.9286680222	-1
17.9286680222	-1
17.929131031	-1
17.929131031	-1
17.929131031	-1
17.929131031	-1
17.929131031	-1
17.929131031	-1
17.9295198917	-1
17.9295198917	-1
17.9295198917	-1
17.9295198917	-1
17.9295198917	-1
17.9295198917	-1
17.9558200836	-1
17.9558200836	-1
17.9558200836	-1
17.9558200836	-1
17.9558200836	-1
17.9558200836	-1
17.9558200836	-1
17.9894399643	-1
17.9894719124	1
17.9895050526	-1
17.9895050526	-1
17.9895050526	-1
17.9898700714	-1
17.9898700714	-1
17.9898700714	-1
17.9898700714	-1
17.9898700714	-1
17.9898700714	-1
17.9901170731	-1
17.9901170731	-1
17.9901170731	-1
17.9901170731	-1
17.9901170731	-1
17.9901170731	-1
18.005341053	1
18.005341053	1
18.005341053	1
18.005341053	1
18.0263190269	-1
18.0264251232	-1
18.0264251232	-1
18.0264251232	-1
18.0264251232	-1
18.0264251232	-1
18.040156126	1
18.040156126	1
18.040156126	1
18.0902349949	-1
18.0902349949	-1
18.0902349949	-1
18.0902349949	-1
18.0902349949	-1
18.0902349949	-1
18.0902349949	-1
18.2166290283	1
18.2969551086	-1
18.298541069	-1
18.298541069	-1
18.298541069	-1
18.298541069	-1
18.2992830276	-1
18.2992830276	-1
18.2992830276	-1
18.2992830276	-1
18.2992830276	-1
18.2995281219	-1
18.2995281219	-1
18.2995281219	-1
18.2998759747	-1
18.2998759747	-1
18.2998759747	-1
18.2998759747	-1
18.2998759747	-1
18.3522500992	1
18.3559000492	1
18.3559000492	1
18.3559000492	1
18.3715350628	-1
18.3765070438	1
18.3765070438	1
18.3765070438	1
18.3812460899	1
18.3812460899	1
18.4293270111	1
18.4293270111	1
18.4540131092	-1
18.5029230118	1
18.5029230118	1
18.5538508892	-1
18.5538508892	-1
18.5538508892	-1
18.5538508892	-1
18.5575559139	-1
18.5575559139	-1
18.5681049824	1
18.5681049824	1
18.5681049824	1
18.5771789551	1
18.6505670547	1
18.6505670547	1
18.758327961	-1
18.7602880001	1
18.8661689758	-1
18.8662040234	1
18.9541099072	-1
18.9541549683	1
18.9541549683	1
18.9993259907	-1
18.9993259907	-1
18.9993259907	-1
19.0277070999	-1
19.0277469158	1
19.0277469158	1
19.1242489815	1
19.1242489815	1
19.1242489815	1
19.1244931221	1
19.1244931221	1
19.1261909008	1
19.1261909008	1
19.1261909008	1
19.1261909008	1
19.1263430119	1
19.1265120506	1
19.1265120506	1
19.1265120506	1
19.1267371178	1
19.1267371178	1
19.1270420551	1
19.1270420551	1
19.1270420551	1
19.1274440289	1
19.1274440289	1
19.1276919842	1
19.1276919842	1
19.1276919842	1
19.1279671192	1
19.1279671192	1
19.1406180859	1
19.1406180859	1
19.1406180859	1
19.1406309605	1
19.1406309605	1
19.1540749073	-1
19.1979649067	1
19.1979649067	1
19.1979649067	1
19.1979649067	1
19.1979649067	1
19.1979649067	1
19.1979649067	1
19.1979649067	1
19.1979649067	1
19.1997470856	1
19.1997470856	1
19.1997470856	1
19.1997470856	1
19.1997470856	1
19.1997470856	1
19.1997470856	1
19.1997470856	1
19.200067997	1
19.200067997	1
19.200067997	1
19.200067997	1
19.200067997	1
19.200067997	1
19.200067997	1
19.200067997	1
19.2010478973	-1
19.2010478973	-1
19.2010478973	-1
19.2010478973	-1
19.2016060352	1
19.2016060352	1
19.2016060352	1
19.2016060352	1
19.2016060352	1
19.2016060352	1
19.2016060352	1
19.2016060352	1
19.2016980648	1
19.2016980648	1
19.3557589054	-1
19.4762289524	-1
19.4762289524	-1
19.6024620533	-1
19.676019907	-1
19.7880990505	-1
19.7880990505	-1
19.9400501251	-1
20.0137929916	-1
20.0137929916	-1
20.164208889	-1
