0.0	1
0.250208854675	1
0.640212774277	-1
0.641507863998	1
1.02094078064	-1
1.0222017765	1
1.02737879753	1
1.02737879753	1
1.02737879753	1
1.02737879753	1
1.02737879753	1
1.02737879753	1
1.59538292885	-1
1.5970659256	1
1.69259285927	-1
1.69403290749	1
1.76797485352	-1
1.76915979385	1
1.8431417942	-1
1.84431385994	1
1.97859597206	-1
1.97971892357	1
2.06051683426	-1
2.14811086655	-1
2.14811086655	-1
2.14811086655	-1
2.14811086655	-1
2.14811086655	-1
2.24592995644	-1
2.31860494614	-1
2.31860494614	-1
2.31860494614	-1
2.3310739994	1
2.37482595444	-1
2.37482595444	-1
2.37482595444	-1
2.37482595444	-1
2.37482595444	-1
2.37482595444	-1
2.37482595444	-1
2.37537288666	-1
2.37537288666	-1
2.37606692314	-1
2.37606692314	-1
2.37606692314	-1
2.37606692314	-1
2.37606692314	-1
2.37606692314	-1
2.4892308712	-1
2.55394482613	-1
2.55394482613	-1
2.55394482613	-1
2.55940079689	-1
2.55940079689	-1
2.55940079689	-1
2.58082294464	1
2.65468978882	1
2.69697880745	-1
2.69697880745	-1
2.69697880745	-1
2.69697880745	-1
2.69697880745	-1
2.69697880745	-1
2.71197891235	-1
2.80177879333	-1
2.80198597908	-1
2.80198597908	-1
2.80198597908	-1
2.82448196411	1
2.82827281952	1
2.82827281952	1
2.82827281952	1
2.86795186996	-1
2.86795186996	-1
2.86795186996	-1
2.86795186996	-1
2.86795186996	-1
2.86795186996	-1
2.86795186996	-1
2.86795186996	-1
2.86795186996	-1
2.89104890823	1
2.89104890823	1
2.9327788353	-1
2.9327788353	-1
2.9327788353	-1
2.9327788353	-1
2.9327788353	-1
2.9327788353	-1
2.94064188004	-1
2.94064188004	-1
3.06720089912	-1
3.06734681129	-1
3.06734681129	-1
3.06734681129	-1
3.07416391373	-1
3.07416391373	-1
3.07416391373	-1
3.0742688179	-1
3.0742688179	-1
3.0742688179	-1
3.0742688179	-1
3.0742688179	-1
3.07591295242	1
3.07605290413	-1
3.07605290413	-1
3.07605290413	-1
3.07617282867	-1
3.07617282867	-1
3.12398886681	-1
3.12398886681	-1
3.12398886681	-1
3.12425684929	-1
3.12425684929	-1
3.12425684929	-1
3.18912696838	1
3.20340490341	-1
3.20340490341	-1
3.20340490341	-1
3.20350885391	-1
3.20350885391	-1
3.20350885391	-1
3.20350885391	-1
3.20745897293	-1
3.20762586594	-1
3.20762586594	-1
3.20762586594	-1
3.20762586594	-1
3.20762586594	-1
3.20778989792	-1
3.24382591248	-1
3.24382591248	-1
3.24382591248	-1
3.24382591248	-1
3.24382591248	-1
3.24382591248	-1
3.24382591248	-1
3.24382591248	-1
3.24956393242	-1
3.24956393242	-1
3.25222277641	-1
3.30200576782	1
3.326130867	-1
3.38559389114	-1
3.38559389114	-1
3.38559389114	-1
3.38937187195	-1
3.38937187195	-1
3.38937187195	-1
3.38937187195	-1
3.38937187195	-1
3.39544796944	-1
3.39544796944	-1
3.39544796944	-1
3.39686489105	1
3.42131876945	-1
3.42131876945	-1
3.42131876945	-1
3.49542999268	-1
3.49542999268	-1
3.49546384811	1
3.49851298332	-1
3.49851298332	-1
3.49851298332	-1
3.50000977516	1
3.50000977516	1
3.50000977516	1
3.52854299545	-1
3.52854299545	-1
3.52854299545	-1
3.52854299545	-1
3.52854299545	-1
3.52854299545	-1
3.52854299545	-1
3.52854299545	-1
3.56949782372	1
3.59206700325	-1
3.59206700325	-1
3.59206700325	-1
3.59206700325	-1
3.62858295441	-1
3.62858295441	-1
3.62889194489	-1
3.62889194489	-1
3.62889194489	-1
3.62889194489	-1
3.62889194489	-1
3.62913799286	-1
3.62913799286	-1
3.62913799286	-1
3.62930893898	-1
3.62930893898	-1
3.62930893898	-1
3.64352893829	1
3.64352893829	1
3.76447796822	-1
3.76451778412	1
3.7648088932	-1
3.7648088932	-1
3.7648088932	-1
3.7648088932	-1
3.7648088932	-1
3.7648088932	-1
3.83867287636	-1
3.84039783478	1
3.93338680267	-1
4.08042097092	-1
4.08108377457	-1
4.08108377457	-1
4.08108377457	-1
4.08108377457	-1
4.08213090897	1
4.10413694382	-1
4.10413694382	-1
4.10424900055	-1
4.10424900055	-1
4.15506577492	-1
4.17837095261	-1
4.17837095261	-1
4.17837095261	-1
4.17837095261	-1
4.2331738472	-1
4.2331738472	-1
4.2332777977	-1
4.2332777977	-1
4.2347137928	1
4.24957680702	1
4.24957680702	1
4.24957680702	1
4.25174283981	1
4.25174283981	1
4.25210785866	1
4.25210785866	1
4.25210785866	1
4.29019188881	-1
4.29019188881	-1
4.29019188881	-1
4.29019188881	-1
4.29019188881	-1
4.29019188881	-1
4.32394480705	1
4.41117191315	-1
4.41117191315	-1
4.41117191315	-1
4.41212797165	-1
4.41212797165	-1
4.41212797165	-1
4.41418981552	1
4.4457628727	-1
4.4457628727	-1
4.4457628727	-1
4.4457628727	-1
4.4457628727	-1
4.4457628727	-1
4.52992677689	1
4.52992677689	1
4.71435880661	-1
4.78007698059	-1
4.78007698059	-1
4.78007698059	-1
4.78417181969	-1
4.78417181969	-1
4.78417181969	-1
4.78867793083	-1
4.79035282135	1
4.83793091774	-1
4.83793091774	-1
4.83793091774	-1
4.83930683136	1
4.83930683136	1
4.83930683136	1
4.87972283363	-1
4.87972283363	-1
4.87972283363	-1
4.88340997696	-1
4.88340997696	-1
4.88340997696	-1
4.89364886284	-1
4.89364886284	-1
4.89375782013	-1
4.89375782013	-1
4.89375782013	-1
4.89375782013	-1
4.89375782013	-1
4.93936896324	1
5.01349282265	-1
5.01349282265	-1
5.01352787018	1
5.05094885826	-1
5.05094885826	-1
5.05094885826	-1
5.05094885826	-1
5.05094885826	-1
5.05538988113	-1
5.05538988113	-1
5.05538988113	-1
5.05538988113	-1
5.05538988113	-1
5.05944490433	-1
5.06417584419	-1
5.06417584419	-1
5.06417584419	-1
5.07101488113	-1
5.07101488113	-1
5.07101488113	-1
5.086414814	-1
5.086414814	-1
5.08768391609	-1
5.08768391609	-1
5.08772397041	1
5.15368700027	-1
5.15368700027	-1
5.15368700027	-1
5.15368700027	-1
5.15368700027	-1
5.15368700027	-1
5.15368700027	-1
5.16332483292	1
5.17119598389	-1
5.17119598389	-1
5.17119598389	-1
5.23732089996	-1
5.23736000061	1
5.26820087433	-1
5.26820087433	-1
5.26820087433	-1
5.26820087433	-1
5.26820087433	-1
5.26820087433	-1
5.31279182434	1
5.38685798645	-1
5.4071598053	-1
5.4071598053	-1
5.4071598053	-1
5.4071598053	-1
5.4071598053	-1
5.4071598053	-1
5.4071598053	-1
5.45090794563	-1
5.4626789093	-1
5.4626789093	-1
5.4626789093	-1
5.4626789093	-1
5.4626789093	-1
5.4626789093	-1
5.4626789093	-1
5.4626789093	-1
5.54218697548	-1
5.54218697548	-1
5.54218697548	-1
5.54230880737	-1
5.54230880737	-1
5.54230880737	-1
5.54230880737	-1
5.54230880737	-1
5.54230880737	-1
5.54230880737	-1
5.57723498344	-1
5.57749080658	-1
5.57749080658	-1
5.57749080658	-1
5.57771587372	-1
5.57771587372	-1
5.57771587372	-1
5.57771587372	-1
5.57771587372	-1
5.57808184624	-1
5.57808184624	-1
5.57808184624	-1
5.57808184624	-1
5.57808184624	-1
5.57980394363	1
5.60124087334	1
5.60124087334	1
5.60124087334	1
5.60944700241	-1
5.60944700241	-1
5.60944700241	-1
5.63457584381	-1
5.63457584381	-1
5.63457584381	-1
5.63569378853	1
5.63569378853	1
5.63849782944	-1
5.63849782944	-1
5.63862490654	-1
5.63862490654	-1
5.63862490654	-1
5.63862490654	-1
5.63862490654	-1
5.63862490654	-1
5.63862490654	-1
5.63881087303	-1
5.68306088448	-1
5.68306088448	-1
5.68306088448	-1
5.68306088448	-1
5.68306088448	-1
5.68306088448	-1
5.68306088448	-1
5.71544098854	-1
5.71554279327	-1
5.71554279327	-1
5.71554279327	-1
5.71554279327	-1
5.71554279327	-1
5.71554279327	-1
5.71554279327	-1
5.74832391739	-1
5.74832391739	-1
5.7486717701	-1
5.7486717701	-1
5.7486717701	-1
5.7486717701	-1
5.7486717701	-1
5.7486717701	-1
5.75040984154	1
5.75068283081	-1
5.75068283081	-1
5.75068283081	-1
5.75068283081	-1
5.75068283081	-1
5.75068283081	-1
5.75068283081	-1
5.75068283081	-1
5.75158381462	-1
5.75647497177	-1
5.75647497177	-1
5.75647497177	-1
5.75647497177	-1
5.75647497177	-1
5.75647497177	-1
5.75647497177	-1
5.76710391045	-1
5.76749181747	-1
5.76749181747	-1
5.7788169384	-1
5.7788169384	-1
5.7788169384	-1
5.7788169384	-1
5.77893877029	-1
5.77893877029	-1
5.77906179428	-1
5.77906179428	-1
5.77906179428	-1
5.78961777687	-1
5.78961777687	-1
5.81662297249	-1
5.81662297249	-1
5.81758999825	-1
5.81758999825	-1
5.81758999825	-1
5.82441496849	1
5.84704399109	-1
5.84704399109	-1
5.84704399109	-1
5.87246799469	-1
5.87246799469	-1
5.87246799469	-1
5.87246799469	-1
5.87246799469	-1
5.87246799469	-1
5.87246799469	-1
5.87246799469	-1
5.87312793732	-1
5.87312793732	-1
5.87312793732	-1
5.87312793732	-1
5.87312793732	-1
5.87312793732	-1
5.89849495888	-1
5.89853477478	1
5.90061688423	-1
5.90061688423	-1
5.90061688423	-1
5.90061688423	-1
5.90061688423	-1
5.90061688423	-1
5.90629792213	-1
5.90629792213	-1
5.90629792213	-1
5.91621088982	-1
5.91621088982	-1
5.91621088982	-1
5.91621088982	-1
5.91621088982	-1
5.91621088982	-1
5.91621088982	-1
5.91643881798	-1
5.91738200188	-1
5.91738200188	-1
5.91738200188	-1
5.91738200188	-1
5.91738200188	-1
5.91738200188	-1
5.91738200188	-1
5.91770792007	-1
5.91783094406	-1
5.91783094406	-1
5.91783094406	-1
5.91783094406	-1
5.91783094406	-1
5.91783094406	-1
5.91783094406	-1
5.91990590096	1
5.91990590096	1
5.91990590096	1
5.92253780365	-1
5.92264294624	-1
5.92264294624	-1
5.92264294624	-1
5.92264294624	-1
5.92264294624	-1
5.92264294624	-1
5.92264294624	-1
5.9508907795	-1
5.95093488693	-1
5.95093488693	-1
5.95093488693	-1
5.96252179146	1
5.96252179146	1
5.97256088257	1
6.04656386375	-1
6.04657387733	1
6.12139177322	-1
6.19048190117	-1
6.19048190117	-1
6.19048190117	-1
6.191218853	1
6.19731998444	-1
6.19731998444	-1
6.19756889343	-1
6.19756889343	-1
6.19756889343	-1
6.19756889343	-1
6.19756889343	-1
6.19756889343	-1
6.23381185532	-1
6.23381185532	-1
6.23381185532	-1
6.26223897934	-1
6.26223897934	-1
6.26223897934	-1
6.26223897934	-1
6.26223897934	-1
6.26223897934	-1
6.26223897934	-1
6.26223897934	-1
6.28718495369	-1
6.28718495369	-1
6.28718495369	-1
6.28718495369	-1
6.28722190857	1
6.31084084511	-1
6.31084084511	-1
6.31084084511	-1
6.31084084511	-1
6.31084084511	-1
6.31084084511	-1
6.31084084511	-1
6.31156897545	-1
6.31169199944	-1
6.31169199944	-1
6.31169199944	-1
6.31169199944	-1
6.31169199944	-1
6.31169199944	-1
6.31169199944	-1
6.31169199944	-1
6.31169199944	-1
6.31302285194	-1
6.31302285194	-1
6.31302285194	-1
6.31591296196	-1
6.31591296196	-1
6.31593489647	-1
6.31593489647	-1
6.31593489647	-1
6.31593489647	-1
6.31593489647	-1
6.31593489647	-1
6.31690192223	-1
6.31690192223	-1
6.31701588631	-1
6.31701588631	-1
6.31701588631	-1
6.31788492203	-1
6.31788492203	-1
6.31788492203	-1
6.31788492203	-1
6.31788492203	-1
6.31788492203	-1
6.31788492203	-1
6.34028887749	-1
6.34040284157	-1
6.34040284157	-1
6.34040284157	-1
6.34040284157	-1
6.34188580513	-1
6.36179089546	-1
6.36179089546	-1
6.36179089546	-1
6.36179089546	-1
6.36179089546	-1
6.36179089546	-1
6.36179089546	-1
6.36180186272	1
6.36469984055	-1
6.36912298203	-1
6.36912298203	-1
6.36912298203	-1
6.36912298203	-1
6.36912298203	-1
6.36912298203	-1
6.44253182411	-1
6.44253182411	-1
6.44253182411	-1
6.44507098198	-1
6.44507098198	-1
6.44507098198	-1
6.44507098198	-1
6.44507098198	-1
6.44507098198	-1
6.44507098198	-1
6.44507098198	-1
6.4547097683	-1
6.4547097683	-1
6.4547097683	-1
6.45484280586	-1
6.45484280586	-1
6.45484280586	-1
6.45484280586	-1
6.45484280586	-1
6.45577287674	-1
6.45577287674	-1
6.45577287674	-1
6.45577287674	-1
6.45577287674	-1
6.45577287674	-1
6.45700788498	1
6.45833396912	-1
6.45833396912	-1
6.45844888687	-1
6.45844888687	-1
6.45844888687	-1
6.45844888687	-1
6.45844888687	-1
6.45844888687	-1
6.48508691788	-1
6.48508691788	-1
6.48631286621	-1
6.48631286621	-1
6.48631286621	-1
6.49587583542	-1
6.50411295891	-1
6.50411295891	-1
6.50411295891	-1
6.50829577446	-1
6.50829577446	-1
6.50829577446	-1
6.50829577446	-1
6.50829577446	-1
6.50829577446	-1
6.50829577446	-1
6.50829577446	-1
6.50973677635	1
6.50973677635	1
6.50973677635	1
6.51105499268	-1
6.51105499268	-1
6.51105499268	-1
6.51105499268	-1
6.51105499268	-1
6.51105499268	-1
6.51105499268	-1
6.51105499268	-1
6.54742193222	-1
6.54742193222	-1
6.54742193222	-1
6.54744982719	-1
6.54744982719	-1
6.56969094276	-1
6.57575178146	-1
6.57575178146	-1
6.57575178146	-1
6.57575178146	-1
6.57575178146	-1
6.57575178146	-1
6.57646179199	-1
6.57646179199	-1
6.57646179199	-1
6.57646179199	-1
6.57646179199	-1
6.57646179199	-1
6.57646179199	-1
6.57646179199	-1
6.57750892639	-1
6.57750892639	-1
6.57750892639	-1
6.57750892639	-1
6.57750892639	-1
6.57750892639	-1
6.57750892639	-1
6.57905578613	-1
6.57910084724	-1
6.57910084724	-1
6.57910084724	-1
6.57910084724	-1
6.62130880356	1
6.62130880356	1
6.63149094582	-1
6.63159394264	-1
6.63159394264	-1
6.63159394264	-1
6.63159394264	-1
6.63342499733	-1
6.63342499733	-1
6.63342499733	-1
6.63423299789	-1
6.6352558136	-1
6.6352558136	-1
6.6352558136	-1
6.6352558136	-1
6.6352558136	-1
6.6352558136	-1
6.6352558136	-1
6.63594579697	-1
6.6360578537	-1
6.6360578537	-1
6.6360578537	-1
6.6360578537	-1
6.6360578537	-1
6.6360578537	-1
6.6360578537	-1
6.63644695282	-1
6.63644695282	-1
6.63644695282	-1
6.63644695282	-1
6.63644695282	-1
6.68176484108	-1
6.68176484108	-1
6.68176484108	-1
6.68176484108	-1
6.68176484108	-1
6.70740389824	-1
6.70743989944	1
6.70743989944	1
6.71776390076	-1
6.7229039669	1
6.7229039669	1
6.7229039669	1
6.77480483055	1
6.77480483055	1
6.77928590775	-1
6.77928590775	-1
6.77928590775	-1
6.77940487862	-1
6.77940487862	-1
6.77940487862	-1
6.77940487862	-1
6.77940487862	-1
6.78565979004	-1
6.78565979004	-1
6.78565979004	-1
6.78565979004	-1
6.78565979004	-1
6.78565979004	-1
6.78565979004	-1
6.78565979004	-1
6.78567481041	1
6.78567481041	1
6.79028177261	-1
6.79028177261	-1
6.79028177261	-1
6.79028177261	-1
6.79559183121	-1
6.79559183121	-1
6.79559183121	-1
6.79559183121	-1
6.79559183121	-1
6.79559183121	-1
6.80051779747	-1
6.80051779747	-1
6.80051779747	-1
6.80051779747	-1
6.80051779747	-1
6.80051779747	-1
6.80051779747	-1
6.80516695976	-1
6.81970691681	-1
6.81970691681	-1
6.81970691681	-1
6.81970691681	-1
6.84230685234	-1
6.84230685234	-1
6.8424217701	-1
6.8424217701	-1
6.84800696373	-1
6.84800696373	-1
6.84800696373	-1
6.84800696373	-1
6.85552382469	-1
6.87088298798	1
6.87088298798	1
6.90780591965	-1
6.90780591965	-1
6.90780591965	-1
6.91210699081	-1
6.91210699081	-1
6.91210699081	-1
6.92220497131	-1
6.92220497131	-1
6.92220497131	-1
6.92220497131	-1
6.92220497131	-1
6.92220497131	-1
6.92220497131	-1
6.92220497131	-1
6.92269682884	-1
6.92269682884	-1
6.92269682884	-1
6.92269682884	-1
6.92269682884	-1
6.92269682884	-1
6.92592978477	-1
6.92592978477	-1
6.92592978477	-1
6.92670798302	-1
6.92889881134	-1
6.92889881134	-1
6.92889881134	-1
6.92987394333	-1
6.92987394333	-1
6.92987394333	-1
6.92987394333	-1
6.92987394333	-1
6.92987394333	-1
6.92987394333	-1
6.93168377876	-1
6.93246889114	-1
6.93246889114	-1
6.93246889114	-1
6.93246889114	-1
6.93246889114	-1
6.93246889114	-1
6.93402981758	-1
6.93402981758	-1
6.93402981758	-1
6.93424797058	-1
6.93506097794	-1
6.93506097794	-1
6.93506097794	-1
6.93506097794	-1
6.93506097794	-1
6.93506097794	-1
6.93506097794	-1
6.94501280785	1
6.94501280785	1
6.9987719059	-1
6.9987719059	-1
6.9987719059	-1
6.9987719059	-1
6.9987719059	-1
6.9987719059	-1
6.9987719059	-1
6.9987719059	-1
6.99894881248	-1
6.99912285805	-1
6.99912285805	-1
6.99912285805	-1
6.99912285805	-1
6.99912285805	-1
6.9993698597	-1
6.9993698597	-1
6.9993698597	-1
6.99940299988	-1
6.99940299988	-1
7.04106092453	-1
7.04106092453	-1
7.04106092453	-1
7.04188799858	1
7.07782196999	-1
7.07782196999	-1
7.07782196999	-1
7.07792592049	-1
7.07792592049	-1
7.07792592049	-1
7.07792592049	-1
7.18321585655	1
7.20790100098	-1
7.20790100098	-1
7.20790100098	-1
7.20790100098	-1
7.24891877174	-1
7.24891877174	-1
7.24891877174	-1
7.24904489517	-1
7.24904489517	-1
7.24904489517	-1
7.24904489517	-1
7.24904489517	-1
7.24904489517	-1
7.24904489517	-1
7.25895380974	-1
7.25898480415	1
7.29847979546	-1
7.29847979546	-1
7.29847979546	-1
7.29847979546	-1
7.29847979546	-1
7.29847979546	-1
7.3101849556	-1
7.3101849556	-1
7.31174898148	-1
7.31174898148	-1
7.31174898148	-1
7.31174898148	-1
7.31381583214	-1
7.31381583214	-1
7.31459283829	-1
7.31459283829	-1
7.31459283829	-1
7.31459283829	-1
7.31459283829	-1
7.3154399395	-1
7.3154399395	-1
7.3154399395	-1
7.32265877724	1
7.32265877724	1
7.32265877724	1
7.37331390381	-1
7.37331390381	-1
7.37331390381	-1
7.39112591743	-1
7.39112591743	-1
7.44572377205	1
7.44737577438	-1
7.51494193077	-1
7.51494193077	-1
7.51494193077	-1
7.52158284187	-1
7.52162694931	1
7.52162694931	1
7.59578800201	-1
7.59578800201	-1
7.59579896927	1
7.75016999245	1
7.79107093811	-1
7.83172082901	-1
7.83172082901	-1
7.83172082901	-1
7.83172082901	-1
7.83172082901	-1
7.83172082901	-1
7.83172082901	-1
7.83172082901	-1
7.83175396919	1
7.89952778816	-1
7.89963293076	-1
7.89963293076	-1
7.89963293076	-1
7.89963293076	-1
7.89963293076	-1
7.89963293076	-1
7.90392994881	-1
7.9438188076	1
7.96157598495	-1
7.96157598495	-1
7.96157598495	-1
7.96157598495	-1
7.97896194458	-1
7.98903799057	-1
7.98903799057	-1
7.98903799057	-1
7.99647188187	-1
7.99647188187	-1
7.99647188187	-1
8.12700676918	-1
8.12700676918	-1
8.12700676918	-1
8.12700676918	-1
8.12700676918	-1
8.12700676918	-1
8.12700676918	-1
8.12700676918	-1
8.13236999512	-1
8.13236999512	-1
8.13236999512	-1
8.13236999512	-1
8.13236999512	-1
8.2188937664	-1
8.2188937664	-1
8.2188937664	-1
8.21963787079	-1
8.21963787079	-1
8.21963787079	-1
8.2443318367	-1
8.2443318367	-1
8.2443318367	-1
8.2443318367	-1
8.2443318367	-1
8.2443318367	-1
8.24449491501	-1
8.25741577148	-1
8.25741577148	-1
8.25741577148	-1
8.25741577148	-1
8.25741577148	-1
8.28326487541	1
8.34343194962	1
8.34343194962	1
8.34343194962	1
8.34894490242	-1
8.34894490242	-1
8.34894490242	-1
8.36869192123	-1
8.36869192123	-1
8.36869192123	-1
8.36872696877	1
8.42056679726	-1
8.42056679726	-1
8.42056679726	-1
8.48696780205	1
8.49903678894	-1
8.59124898911	1
8.6023979187	-1
8.6023979187	-1
8.6023979187	-1
8.6023979187	-1
8.6023979187	-1
8.6023979187	-1
8.6023979187	-1
8.6023979187	-1
8.68511390686	-1
8.68511390686	-1
8.68511390686	-1
8.68511390686	-1
8.68511390686	-1
8.68511390686	-1
8.68511390686	-1
8.68511390686	-1
8.72889089584	-1
8.72889089584	-1
8.72889089584	-1
8.72889089584	-1
8.72889089584	-1
8.74562287331	-1
8.74572896957	-1
8.74572896957	-1
8.74572896957	-1
8.74572896957	-1
8.74572896957	-1
8.74572896957	-1
8.74572896957	-1
8.74607586861	-1
8.74619889259	-1
8.74619889259	-1
8.74619889259	-1
8.74619889259	-1
8.74619889259	-1
8.74619889259	-1
8.74765586853	1
8.85608792305	-1
8.85608792305	-1
8.85608792305	-1
8.85612177849	1
8.87187600136	-1
8.92360186577	-1
8.92360186577	-1
8.92360186577	-1
8.92360186577	-1
8.93357586861	-1
8.93357586861	-1
8.93457579613	1
9.0267329216	-1
9.0267329216	-1
9.0267329216	-1
9.02676796913	1
9.02676796913	1
9.14075779915	1
9.14075779915	1
9.19992399216	-1
9.19992399216	-1
9.19992399216	-1
9.23882293701	1
9.23882293701	1
9.23882293701	1
9.3115708828	-1
9.32742190361	1
9.40708994865	-1
9.40848493576	1
9.67629384995	-1
9.67693591118	-1
9.67693591118	-1
9.67693591118	-1
9.67693591118	-1
9.67693591118	-1
9.67693591118	-1
9.67693591118	-1
9.67693591118	-1
9.67693591118	-1
9.69110298157	-1
9.69110298157	-1
9.71492886543	1
9.75079798698	-1
9.7706887722	1
9.7706887722	1
9.7706887722	1
9.7706887722	1
9.78015899658	-1
9.78015899658	-1
9.78015899658	-1
9.78015899658	-1
9.78015899658	-1
9.79195690155	-1
9.81231880188	-1
9.81231880188	-1
9.83081579208	-1
9.83081579208	-1
9.83081579208	-1
9.83081579208	-1
9.83081579208	-1
9.83081579208	-1
9.83081579208	-1
9.90162682533	1
9.90162682533	1
9.90330886841	-1
9.90330886841	-1
9.90330886841	-1
9.90330886841	-1
9.90330886841	-1
9.90348386765	-1
9.97559976578	1
9.97559976578	1
10.0014619827	-1
10.0014619827	-1
10.0014619827	-1
10.0014619827	-1
10.0014619827	-1
10.0887007713	1
10.0887007713	1
10.2923958302	-1
10.298801899	1
10.3375117779	-1
10.3375117779	-1
10.3375117779	-1
10.3375117779	-1
10.3375117779	-1
10.3375117779	-1
10.5040409565	-1
10.5040409565	-1
10.5053467751	1
10.6080758572	-1
10.6273658276	-1
10.6273658276	-1
10.6273658276	-1
10.6276738644	-1
10.6276738644	-1
10.6286728382	1
10.7023499012	1
10.7023499012	1
10.7023499012	1
10.7765929699	-1
10.7765929699	-1
10.8558847904	1
10.887750864	-1
10.9297218323	1
10.9890789986	-1
11.2509839535	-1
11.3520247936	-1
11.3520247936	-1
11.3520247936	-1
11.3534197807	1
11.3534588814	-1
11.3534588814	-1
11.3565058708	-1
11.3565058708	-1
11.3565058708	-1
11.3565058708	-1
11.3565058708	-1
11.3565058708	-1
11.4043078423	-1
11.4273729324	1
11.4273729324	1
11.4516727924	-1
11.4516727924	-1
11.4516727924	-1
11.4782829285	-1
11.481651783	-1
11.481651783	-1
11.481651783	-1
11.5535449982	1
11.6263787746	-1
11.6263787746	-1
11.7236149311	1
11.7236149311	1
11.7397508621	-1
11.7886707783	-1
11.7886707783	-1
11.7886707783	-1
11.7886707783	-1
11.8200099468	1
11.9339408875	1
11.980550766	-1
12.0076789856	1
12.1474928856	-1
12.1515288353	-1
12.1515288353	-1
12.1515288353	-1
12.3219518661	-1
12.3219518661	-1
12.3219518661	-1
12.3220567703	-1
12.3220567703	-1
12.3220567703	-1
12.3368690014	1
12.4101719856	-1
12.4101719856	-1
12.4106369019	1
12.5433459282	-1
12.6138169765	-1
12.6138169765	-1
12.6138169765	-1
12.6139187813	-1
12.6139187813	-1
12.6139187813	-1
12.6139187813	-1
12.6139187813	-1
12.6139187813	-1
12.6147959232	-1
12.6147959232	-1
12.6188659668	-1
12.6188659668	-1
12.6188659668	-1
12.6188659668	-1
12.6188659668	-1
12.6188659668	-1
12.6188659668	-1
12.6299729347	-1
12.6300768852	-1
12.6300768852	-1
12.6300768852	-1
12.6300768852	-1
12.6300768852	-1
12.6300768852	-1
12.6300768852	-1
12.6303229332	-1
12.6303229332	-1
12.6559798717	-1
12.7500679493	-1
12.8167788982	1
12.824007988	-1
12.8719727993	1
12.8719727993	1
12.8719727993	1
13.1020128727	1
13.1758959293	1
13.4631299973	-1
13.4644389153	1
13.5396738052	-1
13.5396738052	-1
13.6918118	-1
13.81722188	1
13.8718178272	-1
13.9914748669	-1
13.991989851	-1
13.991989851	-1
13.991989851	-1
13.991989851	-1
13.991989851	-1
13.991989851	-1
13.9926159382	-1
13.9926159382	-1
13.9926159382	-1
13.9926159382	-1
13.9926159382	-1
13.9926159382	-1
13.9926159382	-1
13.992910862	-1
13.9930539131	-1
13.9930539131	-1
13.9930539131	-1
13.9930539131	-1
14.0169799328	-1
14.0170249939	-1
14.0170249939	-1
14.0170249939	-1
14.0170249939	-1
14.0170249939	-1
14.0170249939	-1
14.0170249939	-1
14.0654828548	-1
14.0655329227	-1
14.0655329227	-1
14.0655329227	-1
14.0659787655	-1
14.0659787655	-1
14.0659787655	-1
14.0659787655	-1
14.0659787655	-1
14.0659787655	-1
14.0662238598	-1
14.0662238598	-1
14.0662238598	-1
14.0663468838	-1
14.0663468838	-1
14.0663468838	-1
14.0670878887	-1
14.0671229362	-1
14.0671229362	-1
14.0671229362	-1
14.0671229362	-1
14.0671229362	-1
14.0671229362	-1
14.0673549175	-1
14.0673549175	-1
14.0673549175	-1
14.0673549175	-1
14.0673549175	-1
14.069890976	1
14.1625549793	-1
14.162801981	-1
14.162801981	-1
14.162801981	-1
14.162801981	-1
14.1628348827	-1
14.1628348827	-1
14.1628348827	-1
14.1628348827	-1
14.1628348827	-1
14.1628348827	-1
14.1628348827	-1
14.1632919312	-1
14.1632919312	-1
14.1632919312	-1
14.1639518738	-1
14.1639518738	-1
14.1639518738	-1
14.1639518738	-1
14.1639518738	-1
14.1639518738	-1
14.1641068459	-1
14.1641068459	-1
14.1643569469	-1
14.1643569469	-1
14.1643569469	-1
14.1643569469	-1
14.1643569469	-1
14.1643569469	-1
14.1645278931	1
14.1877617836	-1
14.1877617836	-1
14.1879639626	-1
14.1879639626	-1
14.1879639626	-1
14.1879639626	-1
14.1879639626	-1
14.1879639626	-1
14.1879639626	-1
14.1882097721	-1
14.1882097721	-1
14.1882097721	-1
14.1883318424	-1
14.1885588169	-1
14.1885588169	-1
14.1885588169	-1
14.1885588169	-1
14.1885588169	-1
14.1885588169	-1
14.2367908955	-1
14.2367908955	-1
14.2367908955	-1
14.2367908955	-1
14.2367908955	-1
14.2367908955	-1
14.2367908955	-1
14.2373418808	-1
14.2373418808	-1
14.2373418808	-1
14.2373418808	-1
14.2373418808	-1
14.2373418808	-1
14.2413079739	1
14.2413079739	1
14.2413079739	1
14.3515489101	1
14.8174819946	1
14.8175458908	1
14.8175458908	1
14.8175458908	1
14.8175458908	1
14.8415408134	-1
14.8422019482	-1
14.8422019482	-1
14.8422019482	-1
14.8422019482	-1
14.8422019482	-1
14.8422019482	-1
14.8422019482	-1
14.842446804	-1
14.8424937725	-1
14.8424937725	-1
14.8424937725	-1
14.8424937725	-1
14.8424937725	-1
14.8424937725	-1
14.8424937725	-1
14.8436918259	-1
14.8436918259	-1
14.8436918259	-1
14.8436918259	-1
14.8436918259	-1
14.8436918259	-1
14.8451049328	-1
14.8452107906	-1
14.8452107906	-1
14.8452107906	-1
14.8452107906	-1
14.8452107906	-1
14.8452107906	-1
14.916353941	-1
14.916353941	-1
14.916353941	-1
14.916353941	-1
14.916353941	-1
14.916353941	-1
14.916353941	-1
14.916353941	-1
14.91660285	-1
15.0129208565	-1
15.0129528046	1
15.0129759312	-1
15.0129759312	-1
15.0129759312	-1
15.0129759312	-1
15.0129759312	-1
15.0129759312	-1
15.0129759312	-1
15.0132749081	-1
15.0132749081	-1
15.0869839191	-1
15.1804378033	1
15.182861805	1
15.182861805	1
15.182861805	1
15.1839778423	1
15.1839778423	1
15.1839778423	1
15.1858417988	-1
15.1863138676	1
15.1863138676	1
15.1863138676	1
15.1863138676	1
15.1863138676	1
15.186357975	1
15.186357975	1
15.186357975	1
15.186357975	1
15.186357975	1
15.2598798275	-1
15.3720829487	-1
15.5272297859	-1
