0.0	1
0.250212192535	1
0.38719701767	-1
0.38870716095	1
0.629602193832	-1
0.630401134491	1
0.643485069275	1
0.643485069275	1
0.643485069275	1
0.894435167313	1
0.894435167313	1
0.894435167313	1
1.0670042038	-1
1.0677781105	1
1.20594716072	-1
1.20771408081	1
1.31272602081	-1
1.31272602081	-1
1.31272602081	-1
1.34602499008	1
1.34602499008	1
1.48431611061	-1
1.48431611061	-1
1.48578214645	1
1.66847705841	1
1.67900705338	-1
1.7687921524	-1
1.7687921524	-1
1.7687921524	-1
1.7687921524	-1
1.7687921524	-1
1.7687921524	-1
1.7687921524	-1
1.7687921524	-1
1.85292005539	1
1.86825013161	-1
1.86825013161	-1
1.86825013161	-1
1.86835408211	-1
1.86835408211	-1
1.86835408211	-1
1.86835408211	-1
1.86835408211	-1
1.86835408211	-1
1.96882104874	-1
1.96882104874	-1
1.96882104874	-1
1.96892499924	-1
1.96892499924	-1
1.96892499924	-1
1.96892499924	-1
1.96892499924	-1
1.96892499924	-1
1.9787530899	-1
1.9787530899	-1
1.97880315781	-1
1.97880315781	-1
1.97880315781	-1
1.97880315781	-1
1.97880315781	-1
1.97880315781	-1
2.00482010841	-1
2.00482010841	-1
2.03069210052	-1
2.03069210052	-1
2.03069210052	-1
2.05165100098	-1
2.05165100098	-1
2.05165100098	-1
2.05165100098	-1
2.05165100098	-1
2.05165100098	-1
2.06919813156	1
2.07619905472	1
2.07619905472	1
2.07619905472	1
2.09822702408	-1
2.09822702408	-1
2.09822702408	-1
2.10701107979	-1
2.10701107979	-1
2.11156320572	1
2.11156320572	1
2.13397622108	1
2.13397622108	1
2.13397622108	1
2.1712501049	1
2.1712501049	1
2.1712501049	1
2.1712501049	1
2.1712501049	1
2.1712501049	1
2.1712501049	1
2.1712501049	1
2.1712501049	1
2.21488308907	1
2.30958008766	-1
2.36284017563	1
2.36284017563	1
2.36284017563	1
2.36364912987	-1
2.36364912987	-1
2.36364912987	-1
2.36364912987	-1
2.36364912987	-1
2.36364912987	-1
2.36364912987	-1
2.36364912987	-1
2.36364912987	-1
2.39094614983	-1
2.39094614983	-1
2.39094614983	-1
2.39094614983	-1
2.39106202126	-1
2.44995999336	-1
2.44995999336	-1
2.45241308212	1
2.45241308212	1
2.45241308212	1
2.45256614685	1
2.45256614685	1
2.45256614685	1
2.45256614685	1
2.4728281498	-1
2.4728281498	-1
2.4728281498	-1
2.47416305542	1
2.50151109695	1
2.50151109695	1
2.53239202499	-1
2.53239202499	-1
2.53239202499	-1
2.53361320496	-1
2.53361320496	-1
2.53361320496	-1
2.54035806656	-1
2.54035806656	-1
2.54035806656	-1
2.54320406914	-1
2.54320406914	-1
2.54320406914	-1
2.54320406914	-1
2.54320406914	-1
2.54320406914	-1
2.54320406914	-1
2.55901503563	-1
2.55901503563	-1
2.55901503563	-1
2.55901503563	-1
2.55901503563	-1
2.55901503563	-1
2.55901503563	-1
2.55901503563	-1
2.59084820747	-1
2.59084820747	-1
2.59084820747	-1
2.59084820747	-1
2.59084820747	-1
2.59084820747	-1
2.59084820747	-1
2.59084820747	-1
2.59084820747	-1
2.5912091732	-1
2.5912091732	-1
2.5912091732	-1
2.5912091732	-1
2.5912091732	-1
2.5912091732	-1
2.5912091732	-1
2.59145522118	-1
2.61962008476	-1
2.61962008476	-1
2.61962008476	-1
2.61962008476	-1
2.61962008476	-1
2.64903903008	-1
2.64903903008	-1
2.64907217026	1
2.64907217026	1
2.64909601212	-1
2.64909601212	-1
2.64909601212	-1
2.64909601212	-1
2.64909601212	-1
2.64909601212	-1
2.64909601212	-1
2.64909601212	-1
2.64909601212	-1
2.64909601212	-1
2.68170499802	-1
2.68170499802	-1
2.68170499802	-1
2.68170499802	-1
2.68170499802	-1
2.68195104599	-1
2.68195104599	-1
2.68207502365	-1
2.68207502365	-1
2.68207502365	-1
2.68207502365	-1
2.68207502365	-1
2.68207502365	-1
2.69749999046	-1
2.69749999046	-1
2.69749999046	-1
2.69749999046	-1
2.69749999046	-1
2.69749999046	-1
2.69749999046	-1
2.69749999046	-1
2.69788312912	-1
2.69788312912	-1
2.69788312912	-1
2.69788312912	-1
2.69788312912	-1
2.69788312912	-1
2.69788312912	-1
2.72976708412	-1
2.72987008095	-1
2.72987008095	-1
2.72987008095	-1
2.72987008095	-1
2.72987008095	-1
2.72987008095	-1
2.72987008095	-1
2.73011517525	-1
2.73023819923	-1
2.73023819923	-1
2.73023819923	-1
2.73023819923	-1
2.73023819923	-1
2.73023819923	-1
2.73023819923	-1
2.73048615456	-1
2.73060798645	-1
2.73060798645	-1
2.73060798645	-1
2.73073101044	-1
2.73073101044	-1
2.73073101044	-1
2.73314809799	1
2.73314809799	1
2.73314809799	1
2.77203512192	-1
2.77203512192	-1
2.77203512192	-1
2.77203512192	-1
2.77203512192	-1
2.77203512192	-1
2.77203512192	-1
2.79390406609	-1
2.79390406609	-1
2.79390406609	-1
2.79390406609	-1
2.79390406609	-1
2.79390406609	-1
2.79390406609	-1
2.79390406609	-1
2.82067608833	-1
2.82067608833	-1
2.82067608833	-1
2.82067608833	-1
2.82067608833	-1
2.82067608833	-1
2.82067608833	-1
2.82067608833	-1
2.82100009918	-1
2.82112312317	-1
2.82112312317	-1
2.82112312317	-1
2.82112312317	-1
2.82112312317	-1
2.82112312317	-1
2.82112312317	-1
2.82137608528	-1
2.82139420509	-1
2.82139420509	-1
2.82139420509	-1
2.82139420509	-1
2.82139420509	-1
2.82139420509	-1
2.82139420509	-1
2.82139420509	-1
2.82139420509	-1
2.85923910141	-1
2.85923910141	-1
2.85923910141	-1
2.85923910141	-1
2.85923910141	-1
2.85923910141	-1
2.85946011543	-1
2.85946011543	-1
2.85946011543	-1
2.85946011543	-1
2.85946011543	-1
2.85946011543	-1
2.85946011543	-1
2.85982704163	-1
2.85982704163	-1
2.85995101929	-1
2.85995101929	-1
2.85995101929	-1
2.85995101929	-1
2.86007714272	-1
2.86007714272	-1
2.89556217194	-1
2.89556217194	-1
2.89562010765	-1
2.89562010765	-1
2.89578914642	-1
2.89578914642	-1
2.89578914642	-1
2.89578914642	-1
2.89578914642	-1
2.89578914642	-1
2.89578914642	-1
2.89578914642	-1
2.89615702629	-1
2.89615702629	-1
2.89615702629	-1
2.89615702629	-1
2.89615702629	-1
2.89615702629	-1
2.89615702629	-1
2.89615702629	-1
2.89615702629	-1
2.8965280056	-1
2.8965280056	-1
2.8965280056	-1
2.8965280056	-1
2.8965280056	-1
2.8966960907	-1
2.8966960907	-1
2.8966960907	-1
2.8966960907	-1
2.8966960907	-1
2.8966960907	-1
2.8966960907	-1
2.92748022079	-1
2.92765212059	-1
2.92765212059	-1
2.92765212059	-1
2.92855906487	1
2.92855906487	1
2.92855906487	1
2.95195913315	-1
2.95195913315	-1
2.95195913315	-1
2.95199418068	1
2.9520201683	-1
2.9520201683	-1
2.9520201683	-1
2.9520201683	-1
2.9520201683	-1
2.9520201683	-1
2.9520201683	-1
2.9520201683	-1
2.9520201683	-1
2.96003198624	-1
2.96003198624	-1
2.96003198624	-1
2.96003198624	-1
2.96003198624	-1
2.96027517319	-1
2.96027517319	-1
2.96039819717	-1
2.96039819717	-1
2.96039819717	-1
2.96039819717	-1
2.96039819717	-1
2.96039819717	-1
2.96039819717	-1
2.96064400673	-1
2.96064400673	-1
2.96064400673	-1
2.96064400673	-1
2.96064400673	-1
2.96064400673	-1
2.96064400673	-1
2.96101212502	-1
2.96101212502	-1
2.961135149	-1
2.961135149	-1
2.961135149	-1
2.961135149	-1
2.961135149	-1
2.961135149	-1
2.961135149	-1
2.961135149	-1
2.96148014069	-1
2.96148014069	-1
2.96148014069	-1
2.96148014069	-1
2.96148014069	-1
2.96148014069	-1
2.96148014069	-1
3.03397607803	-1
3.03409004211	-1
3.03409004211	-1
3.03409004211	-1
3.03409004211	-1
3.03409004211	-1
3.03409004211	-1
3.03409004211	-1
3.03432607651	-1
3.03446817398	-1
3.03446817398	-1
3.03446817398	-1
3.03446817398	-1
3.03457212448	-1
3.03457212448	-1
3.03469419479	-1
3.03469419479	-1
3.03481817245	-1
3.03481817245	-1
3.03481817245	-1
3.03481817245	-1
3.03488302231	-1
3.03488302231	-1
3.03506302834	-1
3.03506302834	-1
3.03506302834	-1
3.03506302834	-1
3.03506302834	-1
3.03506302834	-1
3.03530907631	-1
3.03530907631	-1
3.03530907631	-1
3.03530907631	-1
3.03530907631	-1
3.04161715508	-1
3.04161715508	-1
3.04161715508	-1
3.04161715508	-1
3.04161715508	-1
3.04161715508	-1
3.04161715508	-1
3.04186201096	-1
3.04198503494	-1
3.04198503494	-1
3.04198503494	-1
3.04198503494	-1
3.0421090126	-1
3.0421090126	-1
3.0421090126	-1
3.0421090126	-1
3.0421090126	-1
3.04236602783	-1
3.04236602783	-1
3.04446601868	1
3.04446601868	1
3.04446601868	1
3.05000901222	-1
3.05000901222	-1
3.05000901222	-1
3.05000901222	-1
3.05000901222	-1
3.05000901222	-1
3.05000901222	-1
3.05000901222	-1
3.05000901222	-1
3.09026312828	-1
3.09026312828	-1
3.09026312828	-1
3.09026312828	-1
3.09026312828	-1
3.090498209	-1
3.090498209	-1
3.090498209	-1
3.090498209	-1
3.090498209	-1
3.090498209	-1
3.090498209	-1
3.090498209	-1
3.09086799622	-1
3.09086799622	-1
3.09086799622	-1
3.09099006653	-1
3.09099006653	-1
3.09099006653	-1
3.09099006653	-1
3.09099006653	-1
3.09099006653	-1
3.09099006653	-1
3.09099006653	-1
3.09832406044	-1
3.09832406044	-1
3.09832406044	-1
3.09832406044	-1
3.09832406044	-1
3.09832406044	-1
3.09832406044	-1
3.09856700897	-1
3.09869217873	-1
3.09869217873	-1
3.09869217873	-1
3.09869217873	-1
3.09869217873	-1
3.09869217873	-1
3.09869217873	-1
3.13510107994	-1
3.13510107994	-1
3.13510107994	-1
3.13510107994	-1
3.13510107994	-1
3.13510107994	-1
3.13524317741	-1
3.13544917107	-1
3.13544917107	-1
3.13544917107	-1
3.13544917107	-1
3.13544917107	-1
3.13544917107	-1
3.13544917107	-1
3.13569617271	-1
3.13569617271	-1
3.13569617271	-1
3.13581800461	-1
3.13594412804	-1
3.13594412804	-1
3.13594412804	-1
3.13594412804	-1
3.13594412804	-1
3.13594412804	-1
3.13594412804	-1
3.13618612289	-1
3.13921499252	1
3.13921499252	1
3.13921499252	1
3.17143201828	-1
3.17143201828	-1
3.17143201828	-1
3.17143201828	-1
3.17143201828	-1
3.17143201828	-1
3.17143201828	-1
3.17156815529	-1
3.17177820206	-1
3.17177820206	-1
3.17177820206	-1
3.17177820206	-1
3.17177820206	-1
3.17177820206	-1
3.17177820206	-1
3.1720252037	-1
3.1721470356	-1
3.1721470356	-1
3.1721470356	-1
3.1721470356	-1
3.1721470356	-1
3.1721470356	-1
3.1721470356	-1
3.18020009995	-1
3.18038010597	-1
3.18038010597	-1
3.18038010597	-1
3.18038010597	-1
3.18038010597	-1
3.18038010597	-1
3.18038010597	-1
3.18062520027	-1
3.18074917793	-1
3.18074917793	-1
3.18074917793	-1
3.18074917793	-1
3.18074917793	-1
3.18074917793	-1
3.18074917793	-1
3.18099308014	-1
3.18099308014	-1
3.18099308014	-1
3.18099308014	-1
3.18099308014	-1
3.18099308014	-1
3.18099308014	-1
3.18099308014	-1
3.18135809898	1
3.18135809898	1
3.18136715889	-1
3.18136715889	-1
3.18148612976	-1
3.18148612976	-1
3.18148612976	-1
3.18148612976	-1
3.18148612976	-1
3.18148612976	-1
3.18173217773	-1
3.18173217773	-1
3.18173217773	-1
3.18173217773	-1
3.18173217773	-1
3.18173217773	-1
3.18173217773	-1
3.18173217773	-1
3.1821000576	-1
3.1821000576	-1
3.1821000576	-1
3.1821000576	-1
3.1821000576	-1
3.1821000576	-1
3.1821000576	-1
3.1821000576	-1
3.18239307404	-1
3.18239307404	-1
3.18239307404	-1
3.18239307404	-1
3.18239307404	-1
3.18239307404	-1
3.18239307404	-1
3.18239307404	-1
3.1828391552	-1
3.1828391552	-1
3.22380113602	-1
3.22380113602	-1
3.22380113602	-1
3.22380113602	-1
3.22380113602	-1
3.22380113602	-1
3.22391605377	-1
3.23751711845	-1
3.23751711845	-1
3.23751711845	-1
3.23751711845	-1
3.23751711845	-1
3.23751711845	-1
3.23751711845	-1
3.23753619194	1
3.23753619194	1
3.23775720596	-1
3.23787212372	-1
3.23787212372	-1
3.23787212372	-1
3.23787212372	-1
3.23787212372	-1
3.23787212372	-1
3.23787212372	-1
3.23812508583	-1
3.23812508583	-1
3.23812508583	-1
3.23812508583	-1
3.23812508583	-1
3.23812508583	-1
3.2383711338	-1
3.23849415779	-1
3.23849415779	-1
3.23849415779	-1
3.23849415779	-1
3.23849415779	-1
3.23849415779	-1
3.23849415779	-1
3.23874115944	-1
3.2387740612	-1
3.2387740612	-1
3.2387740612	-1
3.2387740612	-1
3.2387740612	-1
3.2387740612	-1
3.2387740612	-1
3.23910903931	-1
3.23910903931	-1
3.23910903931	-1
3.23910903931	-1
3.23910903931	-1
3.23910903931	-1
3.23910903931	-1
3.23947715759	-1
3.23947715759	-1
3.23947715759	-1
3.23947715759	-1
3.23947715759	-1
3.23947715759	-1
3.23947715759	-1
3.23947715759	-1
3.24396514893	1
3.24396514893	1
3.24396514893	1
3.2447180748	1
3.2447180748	1
3.25983405113	-1
3.25983405113	-1
3.25983405113	-1
3.25983405113	-1
3.25983405113	-1
3.25983405113	-1
3.25983405113	-1
3.25983405113	-1
3.26018619537	-1
3.26018619537	-1
3.26018619537	-1
3.26018619537	-1
3.26018619537	-1
3.26018619537	-1
3.26018619537	-1
3.26018619537	-1
3.26043105125	-1
3.27331709862	-1
3.27331709862	-1
3.27331709862	-1
3.27331709862	-1
3.27331709862	-1
3.27331709862	-1
3.27331709862	-1
3.27353811264	-1
3.27366113663	-1
3.27366113663	-1
3.27366113663	-1
3.27366113663	-1
3.27366113663	-1
3.27366113663	-1
3.27366113663	-1
3.30992913246	-1
3.31928610802	-1
3.31928610802	-1
3.31928610802	-1
3.31928610802	-1
3.31928610802	-1
3.31928610802	-1
3.31928610802	-1
3.31928610802	-1
3.31963419914	-1
3.31963419914	-1
3.31963419914	-1
3.31963419914	-1
3.31963419914	-1
3.31963419914	-1
3.31963419914	-1
3.32307219505	-1
3.32313013077	-1
3.32313013077	-1
3.32313013077	-1
3.32313013077	-1
3.32313013077	-1
3.32313013077	-1
3.32313013077	-1
3.32458019257	-1
3.32469201088	-1
3.32469201088	-1
3.32469201088	-1
3.32469201088	-1
3.32469201088	-1
3.32469201088	-1
3.32469201088	-1
3.3269162178	-1
3.32696509361	-1
3.32696509361	-1
3.32696509361	-1
3.32696509361	-1
3.32696509361	-1
3.32696509361	-1
3.32696509361	-1
3.33150815964	-1
3.33150815964	-1
3.33150815964	-1
3.33150815964	-1
3.33150815964	-1
3.33150815964	-1
3.33150815964	-1
3.33150815964	-1
3.33198404312	-1
3.33198404312	-1
3.33198404312	-1
3.33198404312	-1
3.33198404312	-1
3.33198404312	-1
3.33198404312	-1
3.35272502899	-1
3.35272502899	-1
3.35272502899	-1
3.35272502899	-1
3.35272502899	-1
3.35272502899	-1
3.35272502899	-1
3.35272502899	-1
3.35272502899	-1
3.36200118065	-1
3.36200118065	-1
3.36204910278	-1
3.36204910278	-1
3.36204910278	-1
3.36204910278	-1
3.36204910278	-1
3.36204910278	-1
3.38207316399	1
3.38207316399	1
3.40891909599	-1
3.40891909599	-1
3.40891909599	-1
3.40891909599	-1
3.40891909599	-1
3.40891909599	-1
3.40891909599	-1
3.40891909599	-1
3.4106400013	-1
3.41074514389	-1
3.41074514389	-1
3.41074514389	-1
3.41074514389	-1
3.41074514389	-1
3.41074514389	-1
3.41074514389	-1
3.41194105148	-1
3.41198611259	-1
3.41198611259	-1
3.41198611259	-1
3.41198611259	-1
3.41198611259	-1
3.41198611259	-1
3.41198611259	-1
3.41324806213	-1
3.41336607933	-1
3.41336607933	-1
3.41336607933	-1
3.41336607933	-1
3.41336607933	-1
3.41336607933	-1
3.41336607933	-1
3.41559505463	-1
3.4156460762	-1
3.4156460762	-1
3.4156460762	-1
3.4156460762	-1
3.4156460762	-1
3.4156460762	-1
3.4156460762	-1
3.41594719887	-1
3.41594719887	-1
3.41594719887	-1
3.41594719887	-1
3.41594719887	-1
3.41594719887	-1
3.41594719887	-1
3.4180932045	-1
3.4180932045	-1
3.41819810867	-1
3.41819810867	-1
3.41819810867	-1
3.41819810867	-1
3.41819810867	-1
3.41819810867	-1
3.41819810867	-1
3.42269206047	-1
3.42269206047	-1
3.42273521423	-1
3.42273521423	-1
3.42273521423	-1
3.42273521423	-1
3.42273521423	-1
3.42273521423	-1
3.42448115349	-1
3.42448115349	-1
3.42448115349	-1
3.42448115349	-1
3.42448115349	-1
3.42448115349	-1
3.42448115349	-1
3.42448115349	-1
3.435765028	-1
3.435765028	-1
3.435765028	-1
3.435765028	-1
3.435765028	-1
3.435765028	-1
3.435765028	-1
3.435765028	-1
3.44565701485	-1
3.44565701485	-1
3.44565701485	-1
3.44565701485	-1
3.44565701485	-1
3.44565701485	-1
3.44565701485	-1
3.44579315186	-1
3.44600820541	-1
3.44600820541	-1
3.44761705399	1
3.44761705399	1
3.44761705399	1
3.45749402046	-1
3.45749402046	-1
3.45749402046	-1
3.45749402046	-1
3.45749402046	-1
3.45749402046	-1
3.51344108582	-1
3.51344108582	-1
3.51344108582	-1
3.51344108582	-1
3.51344108582	-1
3.51344108582	-1
3.51344108582	-1
3.51344108582	-1
3.51344108582	-1
3.51344108582	-1
3.51379513741	-1
3.51379513741	-1
3.51379513741	-1
3.51379513741	-1
3.51379513741	-1
3.51379513741	-1
3.52288222313	-1
3.52291607857	1
3.52293920517	-1
3.52293920517	-1
3.52293920517	-1
3.52293920517	-1
3.52293920517	-1
3.52293920517	-1
3.52293920517	-1
3.52323317528	-1
3.53003501892	-1
3.53003501892	-1
3.53003501892	-1
3.53003501892	-1
3.53003501892	-1
3.53003501892	-1
3.53003501892	-1
3.53025698662	-1
3.5303812027	-1
3.5303812027	-1
3.5303812027	-1
3.5303812027	-1
3.5303812027	-1
3.5303812027	-1
3.53408408165	-1
3.53408408165	-1
3.53408408165	-1
3.53408408165	-1
3.53408408165	-1
3.53408408165	-1
3.53408408165	-1
3.53408408165	-1
3.53783202171	-1
3.53783202171	-1
3.5378780365	-1
3.5378780365	-1
3.5378780365	-1
3.5378780365	-1
3.5378780365	-1
3.5378780365	-1
3.54975199699	-1
3.54975199699	-1
3.55655121803	-1
3.55655121803	-1
3.55655121803	-1
3.55655121803	-1
3.55655121803	-1
3.55655121803	-1
3.55655121803	-1
3.55806422234	-1
3.55811214447	-1
3.55811214447	-1
3.55811214447	-1
3.55811214447	-1
3.55811214447	-1
3.55811214447	-1
3.55811214447	-1
3.56595015526	-1
3.5660610199	-1
3.5660610199	-1
3.5660610199	-1
3.5660610199	-1
3.5660610199	-1
3.5660610199	-1
3.5660610199	-1
3.56880116463	-1
3.56880116463	-1
3.56880116463	-1
3.56880116463	-1
3.56880116463	-1
3.56880116463	-1
3.56880116463	-1
3.56880116463	-1
3.58540606499	-1
3.58540606499	-1
3.58624315262	-1
3.58624315262	-1
3.58624315262	-1
3.58624315262	-1
3.58624315262	-1
3.58624315262	-1
3.60107016563	-1
3.60107016563	-1
3.60107016563	-1
3.60107016563	-1
3.60107016563	-1
3.60107016563	-1
3.60107016563	-1
3.60221600533	1
3.60221600533	1
3.60221600533	1
3.60432815552	-1
3.60432815552	-1
3.60432815552	-1
3.60432815552	-1
3.60432815552	-1
3.60432815552	-1
3.60432815552	-1
3.60432815552	-1
3.60432815552	-1
3.60535001755	-1
3.60535001755	-1
3.60535001755	-1
3.60535001755	-1
3.60535001755	-1
3.60535001755	-1
3.60535001755	-1
3.60535001755	-1
3.60610103607	-1
3.60610103607	-1
3.60610103607	-1
3.60610103607	-1
3.60610103607	-1
3.60610103607	-1
3.60610103607	-1
3.60610103607	-1
3.60728311539	-1
3.60728311539	-1
3.60728311539	-1
3.60728311539	-1
3.60728311539	-1
3.60728311539	-1
3.60728311539	-1
3.60728311539	-1
3.61876416206	-1
3.61876416206	-1
3.61876416206	-1
3.61876416206	-1
3.61876416206	-1
3.61876416206	-1
3.61876416206	-1
3.61876416206	-1
3.6196231842	-1
3.6196231842	-1
3.6196231842	-1
3.6196231842	-1
3.6196231842	-1
3.6196231842	-1
3.6196231842	-1
3.62145900726	-1
3.62242913246	-1
3.62242913246	-1
3.62242913246	-1
3.62242913246	-1
3.62242913246	-1
3.62242913246	-1
3.62242913246	-1
3.62242913246	-1
3.63279104233	-1
3.63283920288	-1
3.63283920288	-1
3.63283920288	-1
3.63283920288	-1
3.63283920288	-1
3.63283920288	-1
3.63283920288	-1
3.63314199448	-1
3.63314199448	-1
3.63314199448	-1
3.63314199448	-1
3.63314199448	-1
3.63314199448	-1
3.63314199448	-1
3.63351106644	-1
3.63351106644	-1
3.63351106644	-1
3.63351106644	-1
3.63351106644	-1
3.63351106644	-1
3.63351106644	-1
3.63351106644	-1
3.63386702538	-1
3.63386702538	-1
3.63400316238	-1
3.63400316238	-1
3.63400316238	-1
3.63400316238	-1
3.63400316238	-1
3.63400316238	-1
3.63400316238	-1
3.63424801826	-1
3.63437199593	-1
3.63437199593	-1
3.63437199593	-1
3.63437199593	-1
3.63437199593	-1
3.63437199593	-1
3.63437199593	-1
3.63461112976	-1
3.63474011421	-1
3.63474011421	-1
3.63474011421	-1
3.63474011421	-1
3.63474011421	-1
3.63474011421	-1
3.63474011421	-1
3.63669300079	1
3.63669300079	1
3.65181803703	-1
3.65181803703	-1
3.65181803703	-1
3.65181803703	-1
3.65181803703	-1
3.65181803703	-1
3.65181803703	-1
3.65181803703	-1
3.69318318367	-1
3.69318318367	-1
3.69318318367	-1
3.69318318367	-1
3.69318318367	-1
3.69318318367	-1
3.69318318367	-1
3.69318318367	-1
3.69321703911	1
3.69341206551	-1
3.69341206551	-1
3.69341206551	-1
3.69341206551	-1
3.69341206551	-1
3.69341206551	-1
3.69341206551	-1
3.69468617439	-1
3.69468617439	-1
3.69468617439	-1
3.69468617439	-1
3.69468617439	-1
3.69468617439	-1
3.69468617439	-1
3.69468617439	-1
3.69468617439	-1
3.69502902031	-1
3.69502902031	-1
3.69502902031	-1
3.69502902031	-1
3.69502902031	-1
3.69502902031	-1
3.69502902031	-1
3.69764614105	-1
3.69764614105	-1
3.69775319099	-1
3.69775319099	-1
3.69775319099	-1
3.69775319099	-1
3.69775319099	-1
3.69775319099	-1
3.69775319099	-1
3.70416116714	-1
3.70420908928	-1
3.70420908928	-1
3.70420908928	-1
3.70420908928	-1
3.70420908928	-1
3.70420908928	-1
3.70420908928	-1
3.70451021194	-1
3.70463299751	-1
3.70463299751	-1
3.70463299751	-1
3.70463299751	-1
3.70463299751	-1
3.70463299751	-1
3.70463299751	-1
3.70487904549	-1
3.70487904549	-1
3.70487904549	-1
3.70487904549	-1
3.70487904549	-1
3.70487904549	-1
3.70487904549	-1
3.70487904549	-1
3.70524716377	-1
3.70524716377	-1
3.70527720451	-1
3.70527720451	-1
3.70527720451	-1
3.70527720451	-1
3.70527720451	-1
3.70527720451	-1
3.72363805771	-1
3.72363805771	-1
3.72363805771	-1
3.72363805771	-1
3.72363805771	-1
3.72363805771	-1
3.72363805771	-1
3.72363805771	-1
3.72398614883	-1
3.72398614883	-1
3.72398614883	-1
3.72398614883	-1
3.72398614883	-1
3.72398614883	-1
3.72398614883	-1
3.72398614883	-1
3.72435522079	-1
3.72435522079	-1
3.72435522079	-1
3.72435522079	-1
3.72435522079	-1
3.72435522079	-1
3.72435522079	-1
3.72435522079	-1
3.72665905952	1
3.72665905952	1
3.72665905952	1
3.77963113785	-1
3.77963113785	-1
3.77974414825	-1
3.77974414825	-1
3.77974414825	-1
3.77974414825	-1
3.77974414825	-1
3.78092002869	-1
3.78103399277	-1
3.78103399277	-1
3.78103399277	-1
3.78103399277	-1
3.78103399277	-1
3.78103399277	-1
3.78103399277	-1
3.78128004074	-1
3.78140306473	-1
3.78140306473	-1
3.78140306473	-1
3.78140306473	-1
3.78140306473	-1
3.78140306473	-1
3.78140306473	-1
3.7816491127	-1
3.78169703484	-1
3.78169703484	-1
3.78169703484	-1
3.78169703484	-1
3.78169703484	-1
3.78169703484	-1
3.78169703484	-1
3.78201699257	-1
3.78851914406	-1
3.78851914406	-1
3.78851914406	-1
3.78851914406	-1
3.78851914406	-1
3.78851914406	-1
3.78851914406	-1
3.78851914406	-1
3.78851914406	-1
3.78851914406	-1
3.78879404068	-1
3.78879404068	-1
3.78879404068	-1
3.78879404068	-1
3.78879404068	-1
3.7890431881	-1
3.78966617584	-1
3.78966617584	-1
3.78966617584	-1
3.78966617584	-1
3.78966617584	-1
3.78966617584	-1
3.78966617584	-1
3.7906191349	-1
3.7906191349	-1
3.7906191349	-1
3.7906191349	-1
3.7906191349	-1
3.7906191349	-1
3.7906191349	-1
3.7906191349	-1
3.79093503952	-1
3.79137611389	-1
3.79137611389	-1
3.79137611389	-1
3.79137611389	-1
3.79137611389	-1
3.79137611389	-1
3.79137611389	-1
3.79137611389	-1
3.79180622101	-1
3.79180622101	-1
3.79180622101	-1
3.79180622101	-1
3.79180622101	-1
3.79180622101	-1
3.79180622101	-1
3.79217600822	-1
3.79217600822	-1
3.79217600822	-1
3.79217600822	-1
3.79217600822	-1
3.79217600822	-1
3.79217600822	-1
3.79217600822	-1
3.79481911659	1
3.79481911659	1
3.79745316505	-1
3.79745316505	-1
3.79824519157	-1
3.79824519157	-1
3.79824519157	-1
3.79824519157	-1
3.79824519157	-1
3.79824519157	-1
3.79824519157	-1
3.79905819893	-1
3.80424809456	1
3.80424809456	1
3.80424809456	1
3.80472421646	1
3.80472421646	1
3.8128080368	1
3.8128080368	1
3.8128080368	1
3.81360507011	-1
3.81360507011	-1
3.81360507011	-1
3.81360507011	-1
3.81360507011	-1
3.81360507011	-1
3.81360507011	-1
3.81360507011	-1
3.83143520355	-1
3.83143520355	-1
3.83143520355	-1
3.83143520355	-1
3.83143520355	-1
3.83143520355	-1
3.83143520355	-1
3.83148121834	1
3.8783121109	-1
3.88421106339	-1
3.88421106339	-1
3.88421106339	-1
3.88421106339	-1
3.88421106339	-1
3.88421106339	-1
3.88421106339	-1
3.88421106339	-1
3.88421106339	-1
3.88609910011	-1
3.88609910011	-1
3.88609910011	-1
3.88609910011	-1
3.88609910011	-1
3.88609910011	-1
3.88609910011	-1
3.88863110542	-1
3.88873720169	-1
3.88873720169	-1
3.88873720169	-1
3.88873720169	-1
3.88873720169	-1
3.88873720169	-1
3.88873720169	-1
3.89113306999	-1
3.89123511314	-1
3.89123511314	-1
3.89123511314	-1
3.89123511314	-1
3.89123511314	-1
3.89123511314	-1
3.89123511314	-1
3.89561700821	-1
3.89566516876	-1
3.89566516876	-1
3.89566516876	-1
3.89566516876	-1
3.89566516876	-1
3.89566516876	-1
3.89566516876	-1
3.89596509933	-1
3.92520999908	-1
3.92520999908	-1
3.92520999908	-1
3.92520999908	-1
3.92520999908	-1
3.92520999908	-1
3.92520999908	-1
3.92711114883	-1
3.92711114883	-1
3.92711114883	-1
3.92711114883	-1
3.92711114883	-1
3.92711114883	-1
3.92711114883	-1
3.92711114883	-1
3.92934203148	-1
3.92934203148	-1
3.92934203148	-1
3.92934203148	-1
3.92934203148	-1
3.92934203148	-1
3.92934203148	-1
3.93662810326	-1
3.93662810326	-1
3.93662810326	-1
3.93662810326	-1
3.93662810326	-1
3.93662810326	-1
3.93662810326	-1
3.93662810326	-1
3.93850803375	-1
3.94364118576	-1
3.94364118576	-1
3.94462013245	-1
3.94462013245	-1
3.94462013245	-1
3.94462013245	-1
3.94462013245	-1
3.94462013245	-1
3.94558811188	-1
3.94558811188	-1
3.94558811188	-1
3.94558811188	-1
3.94558811188	-1
3.94558811188	-1
3.94558811188	-1
3.94666719437	-1
3.94669318199	1
3.94669318199	1
3.94669318199	1
3.9475171566	-1
3.9475171566	-1
3.9475171566	-1
3.9475171566	-1
3.9475171566	-1
3.9475171566	-1
3.9475171566	-1
3.94843816757	-1
3.94923520088	-1
3.94923520088	-1
3.94923520088	-1
3.94923520088	-1
3.94923520088	-1
3.94923520088	-1
3.94923520088	-1
3.9497461319	-1
3.95088005066	-1
3.95088005066	-1
3.95088005066	-1
3.95088005066	-1
3.95088005066	-1
3.95088005066	-1
3.95088005066	-1
3.95088005066	-1
3.95132112503	-1
3.95132112503	-1
3.95132112503	-1
3.95132112503	-1
3.95132112503	-1
3.95132112503	-1
3.95132112503	-1
3.97198200226	-1
3.97198200226	-1
3.9720261097	1
3.97249507904	-1
3.97249507904	-1
3.97249507904	-1
3.97249507904	-1
3.97249507904	-1
3.97249507904	-1
3.97249507904	-1
3.97274017334	-1
3.97274017334	-1
3.97274017334	-1
3.97274017334	-1
3.97274017334	-1
3.97274017334	-1
3.97274017334	-1
3.97274017334	-1
3.9730861187	-1
3.97323203087	-1
3.97323203087	-1
3.97323203087	-1
3.97323203087	-1
3.97323203087	-1
3.97323203087	-1
3.97323203087	-1
3.97347807884	-1
3.97347807884	-1
3.97347807884	-1
3.97347807884	-1
3.97347807884	-1
3.97347807884	-1
3.97347807884	-1
3.97384619713	-1
3.97384619713	-1
3.97384619713	-1
3.97384619713	-1
3.97384619713	-1
3.97409510612	-1
3.97409510612	-1
3.97409510612	-1
3.97409510612	-1
3.97409510612	-1
3.97409510612	-1
3.97424817085	-1
3.97424817085	-1
3.97449612617	-1
3.97449612617	-1
3.97449612617	-1
3.97449612617	-1
3.97449612617	-1
3.97449612617	-1
3.97449612617	-1
3.97449612617	-1
3.9748301506	-1
3.9748301506	-1
3.9748301506	-1
3.9748301506	-1
3.9748301506	-1
3.9748980999	-1
3.97507715225	-1
3.97507715225	-1
3.97507715225	-1
3.97507715225	-1
3.97507715225	-1
3.97507715225	-1
3.97507715225	-1
3.97507715225	-1
3.97544503212	-1
3.97544503212	-1
3.97544503212	-1
3.97544503212	-1
3.97544503212	-1
3.97544503212	-1
3.97544503212	-1
3.97569108009	-1
3.97899317741	1
3.97899317741	1
3.97899317741	1
4.0086991787	-1
4.0086991787	-1
4.0086991787	-1
4.0086991787	-1
4.0086991787	-1
4.0086991787	-1
4.02244710922	-1
4.02244710922	-1
4.02244710922	-1
4.02244710922	-1
4.02244710922	-1
4.02244710922	-1
4.02244710922	-1
4.02244710922	-1
4.02279019356	-1
4.02279019356	-1
4.02279019356	-1
4.02279019356	-1
4.02279019356	-1
4.02279019356	-1
4.02279019356	-1
4.02279019356	-1
4.02315711975	-1
4.02315711975	-1
4.02315711975	-1
4.02315711975	-1
4.02315711975	-1
4.02315711975	-1
4.02315711975	-1
4.02315711975	-1
4.02343010902	-1
4.02343010902	-1
4.02343010902	-1
4.02343010902	-1
4.02343010902	-1
4.02343010902	-1
4.02343010902	-1
4.02343010902	-1
4.02389502525	-1
4.02389502525	-1
4.02389502525	-1
4.02389502525	-1
4.02389502525	-1
4.02389502525	-1
4.02389502525	-1
4.0258910656	1
4.0258910656	1
4.03370213509	-1
4.03380703926	-1
4.03380703926	-1
4.03380703926	-1
4.03380703926	-1
4.03380703926	-1
4.03380703926	-1
4.03380703926	-1
4.06156420708	-1
4.06260514259	-1
4.06260514259	-1
4.06260514259	-1
4.06260514259	-1
4.06260514259	-1
4.06260514259	-1
4.06260514259	-1
4.06260514259	-1
4.06352519989	-1
4.06352519989	-1
4.06352519989	-1
4.06352519989	-1
4.06352519989	-1
4.06352519989	-1
4.06352519989	-1
4.06376719475	-1
4.06389021873	-1
4.06389021873	-1
4.06389021873	-1
4.06389021873	-1
4.06389021873	-1
4.06389021873	-1
4.06389021873	-1
4.06757521629	-1
4.06769013405	-1
4.06769013405	-1
4.06769013405	-1
4.06769013405	-1
4.06769013405	-1
4.06769013405	-1
4.06769013405	-1
4.067923069	-1
4.06804800034	-1
4.06804800034	-1
4.06804800034	-1
4.06804800034	-1
4.06804800034	-1
4.06804800034	-1
4.06804800034	-1
4.06829404831	-1
4.06840801239	-1
4.06840801239	-1
4.06840801239	-1
4.06840801239	-1
4.06840801239	-1
4.06840801239	-1
4.06840801239	-1
4.08182811737	-1
4.08182811737	-1
4.08182811737	-1
4.08182811737	-1
4.08182811737	-1
4.08182811737	-1
4.08182811737	-1
4.08182811737	-1
4.08196806908	-1
4.08196806908	-1
4.08196806908	-1
4.08196806908	-1
4.08196806908	-1
4.08196806908	-1
4.08196806908	-1
4.08242416382	-1
4.08242416382	-1
4.08254599571	-1
4.08254599571	-1
4.08254599571	-1
4.08254599571	-1
4.08254599571	-1
4.08254599571	-1
4.08254599571	-1
4.08279204369	-1
4.08291602135	-1
4.08291602135	-1
4.08291602135	-1
4.08291602135	-1
4.08291602135	-1
4.08291602135	-1
4.08291602135	-1
4.08316016197	-1
4.08316016197	-1
4.08316016197	-1
4.08316016197	-1
4.08316016197	-1
4.08316016197	-1
4.08316016197	-1
4.08352899551	-1
4.08352899551	-1
4.08364415169	-1
4.08364415169	-1
4.08364415169	-1
4.08364415169	-1
4.08364415169	-1
4.08364415169	-1
4.08364415169	-1
4.08426308632	1
4.08426308632	1
4.08426308632	1
4.09698319435	-1
4.09708714485	-1
4.09708714485	-1
4.09708714485	-1
4.09708714485	-1
4.09708714485	-1
4.09708714485	-1
4.09708714485	-1
4.09708714485	-1
4.09889602661	-1
4.10527610779	-1
4.10527610779	-1
4.10527610779	-1
4.10527610779	-1
4.10527610779	-1
4.10527610779	-1
4.10527610779	-1
4.10527610779	-1
4.12565422058	-1
4.12565422058	-1
4.12604403496	-1
4.12604403496	-1
4.12604403496	-1
4.12604403496	-1
4.12604403496	-1
4.12604403496	-1
4.12604403496	-1
4.12659621239	-1
4.12659621239	-1
4.12659621239	-1
4.12659621239	-1
4.12659621239	-1
4.12659621239	-1
4.12659621239	-1
4.13636517525	-1
4.13636517525	-1
4.13636517525	-1
4.13636517525	-1
4.13636517525	-1
4.13636517525	-1
4.13636517525	-1
4.16206121445	-1
4.1665520668	-1
4.1665520668	-1
4.1665520668	-1
4.1665520668	-1
4.1665520668	-1
4.1665520668	-1
4.17146801949	-1
4.17146801949	-1
4.17146801949	-1
4.17146801949	-1
4.17146801949	-1
4.17146801949	-1
4.17146801949	-1
4.17146801949	-1
4.17508816719	-1
4.17508816719	-1
4.17508816719	-1
4.17508816719	-1
4.17508816719	-1
4.17508816719	-1
4.17508816719	-1
4.17508816719	-1
4.18245911598	-1
4.18245911598	-1
4.18245911598	-1
4.18245911598	-1
4.18245911598	-1
4.18376898766	-1
4.18376898766	-1
4.18376898766	-1
4.18376898766	-1
4.18404316902	1
4.18404316902	1
4.18404316902	1
4.18473100662	-1
4.18483805656	-1
4.18483805656	-1
4.18483805656	-1
4.18483805656	-1
4.18483805656	-1
4.18483805656	-1
4.18634915352	-1
4.18634915352	-1
4.18634915352	-1
4.18634915352	-1
4.18634915352	-1
4.18634915352	-1
4.18634915352	-1
4.18634915352	-1
4.187292099	-1
4.187292099	-1
4.187292099	-1
4.187292099	-1
4.187292099	-1
4.187292099	-1
4.187292099	-1
4.187292099	-1
4.1898920536	-1
4.1898920536	-1
4.1898920536	-1
4.1898920536	-1
4.1898920536	-1
4.1898920536	-1
4.1898920536	-1
4.1898920536	-1
4.19012117386	-1
4.19152212143	-1
4.19152212143	-1
4.19152212143	-1
4.19152212143	-1
4.19152212143	-1
4.19152212143	-1
4.19152212143	-1
4.19247221947	-1
4.19257807732	-1
4.19257807732	-1
4.19257807732	-1
4.19257807732	-1
4.19257807732	-1
4.19257807732	-1
4.19257807732	-1
4.19359922409	-1
4.19364714622	-1
4.19364714622	-1
4.19364714622	-1
4.19364714622	-1
4.19364714622	-1
4.19364714622	-1
4.19364714622	-1
4.19477200508	1
4.19477200508	1
4.19497919083	-1
4.1950981617	-1
4.1950981617	-1
4.1950981617	-1
4.1950981617	-1
4.1950981617	-1
4.1950981617	-1
4.1950981617	-1
4.1953420639	-1
4.20308208466	-1
4.20308208466	-1
4.20308208466	-1
4.20308208466	-1
4.20308208466	-1
4.20308208466	-1
4.20308208466	-1
4.20308208466	-1
4.20308208466	-1
4.20343112946	-1
4.20343112946	-1
4.20343112946	-1
4.20343112946	-1
4.20343112946	-1
4.2036781311	-1
4.2036781311	-1
4.20380115509	-1
4.20380115509	-1
4.20380115509	-1
4.20380115509	-1
4.20380115509	-1
4.20380115509	-1
4.20380115509	-1
4.20404720306	-1
4.20404720306	-1
4.20404720306	-1
4.20404720306	-1
4.20404720306	-1
4.20404720306	-1
4.20404720306	-1
4.20404720306	-1
4.2068400383	-1
4.21089506149	-1
4.21089506149	-1
4.21089506149	-1
4.21089506149	-1
4.21089506149	-1
4.21089506149	-1
4.21089506149	-1
4.21089506149	-1
4.2111120224	-1
4.21122217178	-1
4.21122217178	-1
4.21122217178	-1
4.21122217178	-1
4.21122217178	-1
4.21122217178	-1
4.21122217178	-1
4.25362801552	-1
4.25391316414	-1
4.25391316414	-1
4.25391316414	-1
4.25391316414	-1
4.25391316414	-1
4.25391316414	-1
4.25391316414	-1
4.25444316864	-1
4.25444316864	-1
4.25444316864	-1
4.25444316864	-1
4.25444316864	-1
4.25444316864	-1
4.25444316864	-1
4.25444316864	-1
4.25478315353	-1
4.25478315353	-1
4.25478315353	-1
4.25478315353	-1
4.25478315353	-1
4.25478315353	-1
4.25478315353	-1
4.256483078	-1
4.256483078	-1
4.256483078	-1
4.256483078	-1
4.256483078	-1
4.256483078	-1
4.256483078	-1
4.256483078	-1
4.25652098656	1
4.25915312767	-1
4.25915312767	-1
4.25915312767	-1
4.26785802841	-1
4.26785802841	-1
4.26785802841	-1
4.26785802841	-1
4.27399802208	-1
4.27410411835	-1
4.27410411835	-1
4.27410411835	-1
4.27954816818	-1
4.27954816818	-1
4.27954816818	-1
4.27954816818	-1
4.28288722038	-1
4.28293299675	-1
4.28293299675	-1
4.28293299675	-1
4.29241013527	-1
4.29241013527	-1
4.29345703125	1
4.29345703125	1
4.29345703125	1
4.29806804657	-1
4.29806804657	-1
4.29806804657	-1
4.29806804657	-1
4.29806804657	-1
4.29806804657	-1
4.29806804657	-1
4.29806804657	-1
4.29928898811	-1
4.29928898811	-1
4.29928898811	-1
4.29928898811	-1
4.29928898811	-1
4.29928898811	-1
4.29928898811	-1
4.30090618134	-1
4.30121302605	-1
4.30121302605	-1
4.30121302605	-1
4.30121302605	-1
4.30121302605	-1
4.30121302605	-1
4.30154013634	-1
4.30154013634	-1
4.30154013634	-1
4.30154013634	-1
4.30154013634	-1
4.30154013634	-1
4.30154013634	-1
4.30173015594	-1
4.30219721794	-1
4.30219721794	-1
4.30219721794	-1
4.30219721794	-1
4.30219721794	-1
4.30219721794	-1
4.30219721794	-1
4.30219721794	-1
4.30471515656	-1
4.30471515656	-1
4.30471515656	-1
4.30471515656	-1
4.30471515656	-1
4.30471515656	-1
4.30471515656	-1
4.30471515656	-1
4.30717301369	-1
4.30717301369	-1
4.30717301369	-1
4.30717301369	-1
4.30717301369	-1
4.30719518661	1
4.30719518661	1
4.30779004097	-1
4.30791020393	-1
4.30791020393	-1
4.30791020393	-1
4.30791020393	-1
4.30791020393	-1
4.30791020393	-1
4.30951213837	-1
4.30951213837	-1
4.30951213837	-1
4.30951213837	-1
4.30951213837	-1
4.30951213837	-1
4.30951213837	-1
4.30951213837	-1
4.30999898911	-1
4.30999898911	-1
4.30999898911	-1
4.30999898911	-1
4.30999898911	-1
4.30999898911	-1
4.30999898911	-1
4.30999898911	-1
4.32061815262	-1
4.32061815262	-1
4.32061815262	-1
4.32061815262	-1
4.32061815262	-1
4.32085204124	-1
4.32085204124	-1
4.32085204124	-1
4.32085204124	-1
4.32085204124	-1
4.32085204124	-1
4.32085204124	-1
4.32109808922	-1
4.32122015953	-1
4.32122015953	-1
4.32122015953	-1
4.32122015953	-1
4.32122015953	-1
4.32122015953	-1
4.32122015953	-1
4.3214662075	-1
4.32158899307	-1
4.32158899307	-1
4.32158899307	-1
4.32158899307	-1
4.32158899307	-1
4.34957003593	1
4.34957003593	1
4.34957003593	1
4.38685798645	-1
4.38685798645	-1
4.38685798645	-1
4.38816714287	-1
4.38816714287	-1
4.38980412483	-1
4.38980412483	-1
4.38980412483	-1
4.38980412483	-1
4.38980412483	-1
4.38980412483	-1
4.38980412483	-1
4.39069700241	-1
4.39245700836	-1
4.39245700836	-1
4.39245700836	-1
4.39245700836	-1
4.39245700836	-1
4.39245700836	-1
4.39245700836	-1
4.39245700836	-1
4.39245700836	-1
4.39302301407	-1
4.39302301407	-1
4.39302301407	-1
4.39302301407	-1
4.39302301407	-1
4.39302301407	-1
4.39302301407	-1
4.39302301407	-1
4.39392018318	-1
4.39392018318	-1
4.39392018318	-1
4.39392018318	-1
4.39392018318	-1
4.39392018318	-1
4.39392018318	-1
4.39392018318	-1
4.39566206932	-1
4.39566206932	-1
4.39566206932	-1
4.39566206932	-1
4.39566206932	-1
4.39566206932	-1
4.39566206932	-1
4.39566206932	-1
4.404692173	-1
4.404692173	-1
4.404692173	-1
4.404692173	-1
4.404692173	-1
4.404692173	-1
4.404692173	-1
4.404692173	-1
4.45058703423	-1
4.45058703423	-1
4.45058703423	-1
4.45058703423	-1
4.45058703423	-1
4.45058703423	-1
4.45058703423	-1
4.45058703423	-1
4.45158815384	-1
4.45158815384	-1
4.45158815384	-1
4.45158815384	-1
4.45158815384	-1
4.45158815384	-1
4.45158815384	-1
4.45210409164	-1
4.45892906189	-1
4.45892906189	-1
4.45892906189	-1
4.45892906189	-1
4.45892906189	-1
4.45892906189	-1
4.45892906189	-1
4.45892906189	-1
4.45914816856	-1
4.46221709251	-1
4.46221709251	-1
4.46221709251	-1
4.46221709251	-1
4.46221709251	-1
4.46221709251	-1
4.46221709251	-1
4.46608710289	-1
4.46613621712	-1
4.46613621712	-1
4.46613621712	-1
4.46613621712	-1
4.46613621712	-1
4.46613621712	-1
4.46613621712	-1
4.47219014168	-1
4.47229599953	-1
4.47229599953	-1
4.47229599953	-1
4.47229599953	-1
4.47229599953	-1
4.47229599953	-1
4.47229599953	-1
4.48433613777	-1
4.48660707474	-1
4.48660707474	-1
4.48660707474	-1
4.48660707474	-1
4.48660707474	-1
4.48660707474	-1
4.48660707474	-1
4.48791599274	1
4.48791599274	1
4.48791599274	1
4.48949503899	-1
4.48949503899	-1
4.48949503899	-1
4.48949503899	-1
4.48949503899	-1
4.48949503899	-1
4.48949503899	-1
4.49297618866	-1
4.49391913414	-1
4.49391913414	-1
4.49391913414	-1
4.49391913414	-1
4.49391913414	-1
4.49391913414	-1
4.49391913414	-1
4.49391913414	-1
4.49580216408	-1
4.49629616737	-1
4.49629616737	-1
4.49629616737	-1
4.49629616737	-1
4.49629616737	-1
4.49629616737	-1
4.49629616737	-1
4.49654316902	-1
4.49654316902	-1
4.49654316902	-1
4.49654316902	-1
4.49654316902	-1
4.49654316902	-1
4.49732303619	-1
4.49732303619	-1
4.49732303619	-1
4.50393199921	-1
4.50393199921	-1
4.50393199921	-1
4.50393199921	-1
4.50393199921	-1
4.50393199921	-1
4.50393199921	-1
4.51984500885	-1
4.52009415627	-1
4.52009415627	-1
4.52009415627	-1
4.52009415627	-1
4.52119517326	-1
4.52124500275	-1
4.52124500275	-1
4.52124500275	-1
4.52124500275	-1
4.52124500275	-1
4.52124500275	-1
4.52154898643	-1
4.52154898643	-1
4.52154898643	-1
4.52154898643	-1
4.52154898643	-1
4.52309918404	-1
4.52309918404	-1
4.52309918404	-1
4.52772808075	-1
4.52772808075	-1
4.52772808075	-1
4.52772808075	-1
4.52772808075	-1
4.52837920189	-1
4.52837920189	-1
4.52837920189	-1
4.52837920189	-1
4.52837920189	-1
4.52837920189	-1
4.5291621685	1
4.5291621685	1
4.53032803535	-1
4.53032803535	-1
4.53059911728	-1
4.53059911728	-1
4.53059911728	-1
4.53059911728	-1
4.53059911728	-1
4.53059911728	-1
4.53059911728	-1
4.53350305557	-1
4.53350305557	-1
4.53350305557	-1
4.53350305557	-1
4.53350305557	-1
4.53350305557	-1
4.53350305557	-1
4.53350305557	-1
4.53631806374	-1
4.53631806374	-1
4.53631806374	-1
4.53631806374	-1
4.53631806374	-1
4.53631806374	-1
4.53756308556	-1
4.54167413712	-1
4.54167413712	-1
4.54167413712	-1
4.54172110558	-1
4.54172110558	-1
4.54172110558	-1
4.54172110558	-1
4.54172110558	-1
4.54172110558	-1
4.54295516014	-1
4.54295516014	-1
4.54295516014	-1
4.54295516014	-1
4.54295516014	-1
4.54295516014	-1
4.54295516014	-1
4.54295516014	-1
4.57460403442	-1
4.57460403442	-1
4.57460403442	-1
4.57460403442	-1
4.57460403442	-1
4.57460403442	-1
4.57460403442	-1
4.57460403442	-1
4.62508821487	-1
4.62508821487	-1
4.6541030407	-1
4.6541030407	-1
4.6541030407	-1
4.65422320366	-1
4.65422320366	-1
4.65422320366	-1
4.65422320366	-1
4.65422320366	-1
4.65422320366	-1
4.6552271843	-1
4.6552271843	-1
4.6552271843	-1
4.6552271843	-1
4.6552271843	-1
4.6552271843	-1
4.6552271843	-1
4.6552271843	-1
4.67423820496	1
4.67987203598	-1
4.67987203598	-1
4.67987203598	-1
4.67987203598	-1
4.67987203598	-1
4.67987203598	-1
4.67987203598	-1
4.68314814568	-1
4.68413114548	-1
4.68413114548	-1
4.68424510956	-1
4.68424510956	-1
4.68424510956	-1
4.68424510956	-1
4.68424510956	-1
4.68424510956	-1
4.68424510956	-1
4.68424510956	-1
4.68449115753	-1
4.68449115753	-1
4.68449115753	-1
4.68449115753	-1
4.68449115753	-1
4.68518710136	-1
4.68551421165	-1
4.68551421165	-1
4.68551421165	-1
4.68551421165	-1
4.68551421165	-1
4.68908715248	-1
4.68908715248	-1
4.68908715248	-1
4.68908715248	-1
4.68908715248	-1
4.68908715248	-1
4.68908715248	-1
4.68932414055	-1
4.68944621086	-1
4.68944621086	-1
4.68944621086	-1
4.68973302841	-1
4.68973302841	-1
4.68973302841	-1
4.68973302841	-1
4.68973302841	-1
4.68973302841	-1
4.68973302841	-1
4.71216607094	-1
4.71228003502	-1
4.71228003502	-1
4.71228003502	-1
4.71228003502	-1
4.71228003502	-1
4.71228003502	-1
4.71228003502	-1
4.71252608299	-1
4.71407103539	-1
4.71407103539	-1
4.71407103539	-1
4.71407103539	-1
4.71407103539	-1
4.71511507034	-1
4.71511507034	-1
4.71511507034	-1
4.71511507034	-1
4.71511507034	-1
4.71511507034	-1
4.71511507034	-1
4.71691703796	-1
4.71703100204	-1
4.71703100204	-1
4.71703100204	-1
4.71703100204	-1
4.71703100204	-1
4.71703100204	-1
4.71703100204	-1
4.72471499443	-1
4.72471499443	-1
4.72471499443	-1
4.79357814789	1
4.79357814789	1
4.79357814789	1
5.31689810753	-1
5.38102507591	-1
5.38102507591	-1
5.38102507591	-1
5.49637413025	1
5.80338907242	-1
5.92701911926	-1
5.92701911926	-1
5.92701911926	-1
5.98868703842	1
6.27732920647	-1
6.32322621346	1
6.33637404442	1
6.33637404442	1
6.33637404442	1
6.4527862072	-1
6.59077000618	-1
6.59077000618	-1
6.63804316521	1
6.71023321152	1
6.71023321152	1
6.71023321152	1
6.71124005318	1
6.71124005318	1
6.76840209961	-1
6.7759552002	1
6.7759552002	1
6.90663218498	-1
6.90663218498	-1
6.92277002335	1
6.9703130722	-1
6.9703130722	-1
6.9703130722	-1
6.9703130722	-1
6.9703130722	-1
6.9703130722	-1
6.9703130722	-1
6.9703130722	-1
7.0243461132	-1
7.0243461132	-1
7.0243461132	-1
7.0243461132	-1
7.0243461132	-1
7.0243461132	-1
7.0243461132	-1
7.0243461132	-1
7.02513003349	-1
7.02524709702	-1
7.02524709702	-1
7.02524709702	-1
7.02524709702	-1
7.02524709702	-1
7.04227614403	-1
7.04227614403	-1
7.04227614403	-1
7.04227614403	-1
7.04227614403	-1
7.04227614403	-1
7.04227614403	-1
7.06092405319	1
7.06092405319	1
7.11495804787	-1
7.11495804787	-1
7.11495804787	-1
7.11495804787	-1
7.11495804787	-1
7.11495804787	-1
7.11495804787	-1
7.11495804787	-1
7.11621499062	-1
7.11633610725	-1
7.11633610725	-1
7.11633610725	-1
7.11633610725	-1
7.11633610725	-1
7.11633610725	-1
7.11633610725	-1
7.15014600754	-1
7.15020513535	-1
7.15020513535	-1
7.15020513535	-1
7.15020513535	-1
7.15020513535	-1
7.15020513535	-1
7.15020513535	-1
7.19917011261	1
7.20602822304	-1
7.20602822304	-1
7.20602822304	-1
7.20602822304	-1
7.20602822304	-1
7.20602822304	-1
7.20602822304	-1
7.20602822304	-1
7.20637822151	-1
7.20637822151	-1
7.20637822151	-1
7.20637822151	-1
7.20740103722	-1
7.20740103722	-1
7.20740103722	-1
7.20756816864	-1
7.23545718193	-1
7.23545718193	-1
7.23545718193	-1
7.23545718193	-1
7.23545718193	-1
7.23545718193	-1
7.23545718193	-1
7.29828500748	-1
7.30053806305	-1
7.30053806305	-1
7.30053806305	-1
7.30053806305	-1
7.30053806305	-1
7.30053806305	-1
7.30053806305	-1
7.30305600166	-1
7.30481815338	-1
7.30481815338	-1
7.30481815338	-1
7.30492305756	-1
7.30492305756	-1
7.30492305756	-1
7.30492305756	-1
7.30492305756	-1
7.30492305756	-1
7.30635309219	-1
7.30635309219	-1
7.30635309219	-1
7.30635309219	-1
7.30635309219	-1
7.30635309219	-1
7.30635309219	-1
7.30635309219	-1
7.33685112	-1
7.33685112	-1
7.33685112	-1
7.33685112	-1
7.33685112	-1
7.33685112	-1
7.33685112	-1
7.33685112	-1
7.33710217476	1
7.33710217476	1
7.39283704758	-1
7.39283704758	-1
7.39283704758	-1
7.39283704758	-1
7.39283704758	-1
7.39283704758	-1
7.39283704758	-1
7.39283704758	-1
7.39283704758	-1
7.39949011803	-1
7.39949011803	-1
7.39954018593	-1
7.39954018593	-1
7.39954018593	-1
7.39954018593	-1
7.39954018593	-1
7.39954018593	-1
7.40496516228	-1
7.40496516228	-1
7.40496516228	-1
7.40496516228	-1
7.40496516228	-1
7.410364151	-1
7.410364151	-1
7.410364151	-1
7.410364151	-1
7.410364151	-1
7.410364151	-1
7.42615413666	-1
7.42615413666	-1
7.42615413666	-1
7.42615413666	-1
7.42615413666	-1
7.42615413666	-1
7.42615413666	-1
7.47544813156	1
7.47544813156	1
7.47594118118	-1
7.47594118118	-1
7.47594118118	-1
7.47594118118	-1
7.47594118118	-1
7.47594118118	-1
7.47594118118	-1
7.47594118118	-1
7.47719120979	-1
7.47731304169	-1
7.47731304169	-1
7.47731304169	-1
7.47731304169	-1
7.47731304169	-1
7.47731304169	-1
7.47731304169	-1
7.4786131382	-1
7.47880601883	-1
7.47880601883	-1
7.47880601883	-1
7.47934699059	-1
7.47934699059	-1
7.47934699059	-1
7.47934699059	-1
7.47934699059	-1
7.47934699059	-1
7.47934699059	-1
7.47999620438	-1
7.48012018204	-1
7.48012018204	-1
7.48012018204	-1
7.48012018204	-1
7.48012018204	-1
7.48012018204	-1
7.48012018204	-1
7.48036313057	-1
7.48040914536	-1
7.48040914536	-1
7.48040914536	-1
7.48040914536	-1
7.48040914536	-1
7.48040914536	-1
7.48040914536	-1
7.48063421249	-1
7.48063421249	-1
7.48063421249	-1
7.48063421249	-1
7.48063421249	-1
7.48063421249	-1
7.48063421249	-1
7.50198602676	-1
7.50198602676	-1
7.58494901657	-1
7.58494901657	-1
7.58494901657	-1
7.58513307571	-1
7.58513307571	-1
7.58513307571	-1
7.58513307571	-1
7.59242606163	-1
7.59242606163	-1
7.59242606163	-1
7.59242606163	-1
7.59242606163	-1
7.59242606163	-1
7.59242606163	-1
7.59242606163	-1
7.60026621819	-1
7.60102009773	-1
7.60102009773	-1
7.60102009773	-1
7.60102009773	-1
7.60102009773	-1
7.60102009773	-1
7.60102009773	-1
7.60253620148	-1
7.60280609131	-1
7.60280609131	-1
7.60280609131	-1
7.60280609131	-1
7.60280609131	-1
7.60280609131	-1
7.60280609131	-1
7.60999011993	-1
7.61181807518	-1
7.61181807518	-1
7.61181807518	-1
7.61181807518	-1
7.61181807518	-1
7.61181807518	-1
7.61265611649	1
7.61265611649	1
7.61265611649	1
7.62756705284	-1
7.62756705284	-1
7.62756705284	-1
7.62766718864	-1
7.62766718864	-1
7.62766718864	-1
7.62766718864	-1
7.62766718864	-1
7.64398002625	-1
7.64398002625	-1
7.64398002625	-1
7.64398002625	-1
7.64398002625	-1
7.65689516068	1
7.65689516068	1
7.65689516068	1
7.65736603737	-1
7.65748310089	-1
7.65748310089	-1
7.65748310089	-1
7.65748310089	-1
7.65748310089	-1
7.65748310089	-1
7.65748310089	-1
7.65801501274	-1
7.65801501274	-1
7.65801501274	-1
7.65801501274	-1
7.65801501274	-1
7.65801501274	-1
7.65801501274	-1
7.6583840847	-1
7.6583840847	-1
7.65959501266	-1
7.65959501266	-1
7.6597161293	-1
7.6597161293	-1
7.6597161293	-1
7.6597161293	-1
7.6597161293	-1
7.6597161293	-1
7.65996217728	-1
7.65996217728	-1
7.65996217728	-1
7.65996217728	-1
7.65996217728	-1
7.65996217728	-1
7.65996217728	-1
7.66010808945	-1
7.66133022308	-1
7.66133022308	-1
7.66133022308	-1
7.66133022308	-1
7.66133022308	-1
7.66133022308	-1
7.66133022308	-1
7.66133022308	-1
7.66217398643	-1
7.66217398643	-1
7.66217398643	-1
7.66217398643	-1
7.6886510849	-1
7.68902015686	-1
7.68902015686	-1
7.68902015686	-1
7.68902015686	-1
7.68902015686	-1
7.68902015686	-1
7.75174212456	-1
7.75178909302	1
8.04903411865	-1
8.10606503487	-1
8.10606503487	-1
8.10606503487	-1
8.10606503487	-1
8.10862517357	-1
8.10862517357	-1
8.10862517357	-1
8.10862517357	-1
8.10862517357	-1
8.10862517357	-1
8.10862517357	-1
8.10862517357	-1
8.1273651123	-1
8.1273651123	-1
8.1273651123	-1
8.1273651123	-1
8.14821100235	-1
8.14821100235	-1
8.14821100235	-1
8.14821100235	-1
8.14821100235	-1
8.14821100235	-1
8.14821100235	-1
8.14821100235	-1
8.14891719818	-1
8.14891719818	-1
8.14891719818	-1
8.14891719818	-1
8.14891719818	-1
8.14891719818	-1
8.14891719818	-1
8.16090703011	-1
8.16090703011	-1
8.16090703011	-1
8.19518899918	-1
8.19543814659	-1
8.19543814659	-1
8.19543814659	-1
8.19543814659	-1
8.19543814659	-1
8.19543814659	-1
8.19543814659	-1
8.19603419304	1
8.19766616821	-1
8.19766616821	-1
8.19766616821	-1
8.19766616821	-1
8.19766616821	-1
8.23512506485	-1
8.23512506485	-1
8.23512506485	-1
8.23512506485	-1
8.23512506485	-1
8.23512506485	-1
8.23512506485	-1
8.23512506485	-1
8.23512506485	-1
8.23512506485	-1
8.23546409607	-1
8.23546409607	-1
8.23546409607	-1
8.23546409607	-1
8.23546409607	-1
8.23570013046	-1
8.23570013046	-1
8.23570013046	-1
8.23570013046	-1
8.23570013046	-1
8.23570013046	-1
8.23570013046	-1
8.28392100334	-1
8.28392100334	-1
8.28392100334	-1
8.28402709961	-1
8.28402709961	-1
8.28402709961	-1
8.28402709961	-1
8.28402709961	-1
8.28402709961	-1
8.28402709961	-1
8.28427314758	-1
8.2843952179	-1
8.2843952179	-1
8.2843952179	-1
8.2843952179	-1
8.2843952179	-1
8.2843952179	-1
8.28585100174	-1
8.28585100174	-1
8.28585100174	-1
8.28597307205	-1
8.28597307205	-1
8.28597307205	-1
8.28597307205	-1
8.28597307205	-1
8.28597307205	-1
8.28597307205	-1
8.28597307205	-1
8.28597307205	-1
8.28630399704	-1
8.28630399704	-1
8.32096815109	-1
8.32096815109	-1
8.32144117355	-1
8.32144117355	-1
8.32144117355	-1
8.32144117355	-1
8.32179021835	-1
8.32183408737	-1
8.32183408737	-1
8.32183408737	-1
8.32183408737	-1
8.32183408737	-1
8.32183408737	-1
8.32267713547	-1
8.32267713547	-1
8.32267713547	-1
8.32267713547	-1
8.32267713547	-1
8.32267713547	-1
8.32267713547	-1
8.32431006432	1
8.32431006432	1
8.32431006432	1
8.3339509964	1
8.37310600281	-1
8.37830901146	-1
8.37830901146	-1
8.37830901146	-1
8.37830901146	-1
8.37830901146	-1
8.37830901146	-1
8.37830901146	-1
8.3801510334	-1
8.38020205498	-1
8.38020205498	-1
8.38020205498	-1
8.38020205498	-1
8.38020205498	-1
8.38020205498	-1
8.38020205498	-1
8.3831410408	-1
8.3831410408	-1
8.3831410408	-1
8.3831410408	-1
8.3831410408	-1
8.3831410408	-1
8.3831410408	-1
8.3831410408	-1
8.38598704338	-1
8.38598704338	-1
8.38598704338	-1
8.38598704338	-1
8.38598704338	-1
8.38598704338	-1
8.38598704338	-1
8.38598704338	-1
8.41887807846	-1
8.41887807846	-1
8.4347140789	-1
8.4347140789	-1
8.4347140789	-1
8.4347140789	-1
8.4347140789	-1
8.4347140789	-1
8.4347140789	-1
8.47190999985	1
8.47190999985	1
8.73399019241	1
8.87229800224	1
9.04485607147	-1
9.04486918449	1
9.18289613724	-1
9.18294119835	1
9.30159211159	-1
9.30159211159	-1
9.30159211159	-1
9.30159211159	-1
9.30159211159	-1
9.34287810326	1
9.34306812286	1
9.34306812286	1
9.34306812286	1
9.46189904213	-1
9.48514914513	1
9.58028316498	-1
9.58028316498	-1
9.58028316498	-1
9.58556604385	-1
9.58556604385	-1
9.58556604385	-1
9.58556604385	-1
9.58556604385	-1
9.58556604385	-1
9.62318301201	1
9.7612361908	-1
9.76127314568	1
9.89930105209	-1
9.89933800697	1
9.92639303207	-1
9.92639303207	-1
9.92639303207	-1
9.92639303207	-1
9.92639303207	-1
9.92639303207	-1
10.0292901993	-1
10.0292901993	-1
10.070043087	-1
10.070043087	-1
10.070043087	-1
10.070043087	-1
10.070043087	-1
10.070043087	-1
10.1754760742	-1
10.1773381233	1
10.209428072	1
10.209428072	1
10.209428072	1
10.209428072	1
10.209428072	1
10.209428072	1
10.2132270336	1
10.2132270336	1
10.2132270336	1
10.2132270336	1
10.2132270336	1
10.2132270336	1
10.2132270336	1
10.2132270336	1
10.2132270336	1
10.2133409977	1
10.2133409977	1
10.2135281563	1
10.2135281563	1
10.2135281563	1
10.2135281563	1
10.2135281563	1
10.2135281563	1
10.2135281563	1
10.3154320717	-1
10.4562871456	-1
10.6325190067	-1
10.6325190067	-1
