0.0	1
0.25039100647	1
0.600523948669	-1
0.602025985718	1
0.950230836868	-1
0.951026916504	1
0.954350948334	1
0.954350948334	1
0.954350948334	1
0.956786870956	1
0.956786870956	1
0.956786870956	1
1.51258087158	-1
1.51486778259	1
1.57479381561	-1
1.57479381561	-1
1.57479381561	-1
1.58868789673	1
1.58868789673	1
1.7028169632	1
2.06896185875	-1
2.07013583183	1
2.07174491882	-1
2.07174491882	-1
2.07174491882	-1
2.07186388969	-1
2.07186388969	-1
2.07186388969	-1
2.07186388969	-1
2.07186388969	-1
2.07186388969	-1
2.07186388969	-1
2.07209587097	-1
2.07217979431	-1
2.07217979431	-1
2.07217979431	-1
2.07217979431	-1
2.07217979431	-1
2.07217979431	-1
2.07217979431	-1
2.07217979431	-1
2.09061288834	-1
2.09061288834	-1
2.09061288834	-1
2.09061288834	-1
2.09061288834	-1
2.09061288834	-1
2.09061288834	-1
2.09061288834	-1
2.09061288834	-1
2.14380598068	1
2.3226518631	-1
2.37545585632	1
2.44937682152	-1
2.44972395897	-1
2.44972395897	-1
2.44972395897	-1
2.44972395897	-1
2.44972395897	-1
2.44972395897	-1
2.44972395897	-1
2.52375888824	1
2.83545899391	-1
2.83654999733	1
2.91006183624	-1
2.92185091972	1
3.03483986855	-1
3.17197489738	1
3.57137799263	-1
3.6448738575	-1
3.6448738575	-1
3.6463508606	1
3.71980881691	1
3.7995698452	-1
4.46912789345	-1
4.54251790047	-1
4.55708384514	1
4.55927395821	1
4.55927395821	1
4.55927395821	1
4.8613679409	-1
4.86161494255	-1
4.86161494255	-1
4.86161494255	-1
4.86161494255	-1
4.86161494255	-1
4.86174798012	-1
4.86188197136	-1
4.86188197136	-1
4.86188197136	-1
4.86188197136	-1
4.86188197136	-1
4.86212682724	-1
4.86212682724	-1
4.86212682724	-1
4.88234090805	-1
4.88234090805	-1
4.92186498642	1
4.92804884911	1
4.92804884911	1
4.92804884911	1
4.93513298035	-1
4.93513298035	-1
4.93771982193	1
4.93771982193	1
4.93793201447	1
4.93793201447	1
4.93793201447	1
4.93793201447	1
4.93793201447	1
4.93793201447	1
4.93793201447	1
4.93793201447	1
5.01593995094	-1
5.02660894394	-1
5.02660894394	-1
5.02660894394	-1
5.28806400299	-1
5.36150789261	-1
5.65514278412	-1
5.65640592575	1
5.65753698349	-1
5.65753698349	-1
5.65753698349	-1
5.65834498405	-1
5.65834498405	-1
5.65887284279	-1
5.65887284279	-1
5.65887284279	-1
5.65905380249	-1
5.65905380249	-1
5.65905380249	-1
5.65905380249	-1
5.65917682648	-1
5.65948486328	-1
5.65948486328	-1
5.65948486328	-1
5.65948486328	-1
5.65948486328	-1
5.65948486328	-1
5.65948486328	-1
5.65948486328	-1
5.66072893143	-1
5.66072893143	-1
5.66072893143	-1
5.66072893143	-1
5.66072893143	-1
5.66072893143	-1
5.66072893143	-1
5.66072893143	-1
5.6639778614	1
5.6639778614	1
5.6639778614	1
5.72894692421	-1
5.73010993004	1
5.73010993004	1
5.73014998436	1
5.73014998436	1
5.73014998436	1
5.73014998436	1
5.73507380486	-1
5.73507380486	-1
5.73507380486	-1
5.73507380486	-1
5.73529601097	-1
5.73529601097	-1
5.73529601097	-1
5.73542284966	-1
5.73542284966	-1
5.73542284966	-1
5.73781681061	1
5.73781681061	1
5.73781681061	1
5.7386879921	1
5.7386879921	1
5.8090338707	-1
5.8090338707	-1
5.8134098053	-1
5.8134098053	-1
5.8134098053	-1
5.8134098053	-1
5.81366801262	-1
5.81366801262	-1
5.81391382217	-1
5.81391382217	-1
5.81398487091	-1
5.81398487091	-1
5.81398487091	-1
5.81398487091	-1
5.81698083878	-1
5.81703281403	-1
5.81703281403	-1
5.81703281403	-1
5.81927585602	-1
5.81927585602	-1
5.81927585602	-1
5.81927585602	-1
5.81927585602	-1
5.81927585602	-1
5.82248997688	-1
5.82248997688	-1
5.82248997688	-1
5.82248997688	-1
5.82248997688	-1
5.82248997688	-1
5.82248997688	-1
5.82248997688	-1
5.8871948719	-1
5.8871948719	-1
5.8871948719	-1
5.8871948719	-1
5.8871948719	-1
5.88723683357	1
5.88741087914	-1
5.88741087914	-1
5.88741087914	-1
5.88753581047	-1
5.88753581047	-1
5.88766098022	-1
5.88766098022	-1
5.88766098022	-1
5.89079380035	1
5.89079380035	1
5.89079380035	1
5.96179890633	-1
5.96183180809	1
6.03564882278	1
6.33505582809	-1
6.33519792557	-1
6.33519792557	-1
6.33519792557	-1
6.33519792557	-1
6.33546280861	-1
6.33546280861	-1
6.33558678627	-1
6.33558678627	-1
6.33558678627	-1
6.33558678627	-1
6.33558678627	-1
6.3358309269	-1
6.3358309269	-1
6.3358309269	-1
6.33638501167	-1
6.33638501167	-1
6.33638501167	-1
6.33638501167	-1
6.33638501167	-1
6.33638501167	-1
6.33638501167	-1
6.33638501167	-1
6.33734583855	-1
6.33734583855	-1
6.33734583855	-1
6.3388979435	1
6.33926701546	1
6.33926701546	1
6.33926701546	1
6.33926701546	1
6.33926701546	1
6.33926701546	1
6.33926701546	1
6.33926701546	1
6.34095692635	1
6.34105992317	1
6.34105992317	1
6.40922880173	-1
6.40922880173	-1
6.40922880173	-1
6.40922880173	-1
6.40922880173	-1
6.40945291519	-1
6.40945291519	-1
6.40945291519	-1
6.40973997116	-1
6.40973997116	-1
6.40973997116	-1
6.40973997116	-1
6.40973997116	-1
6.40973997116	-1
6.40973997116	-1
6.40973997116	-1
6.41010689735	-1
6.41010689735	-1
6.41023087502	-1
6.41023087502	-1
6.41023087502	-1
6.41049790382	-1
6.41049790382	-1
6.41049790382	-1
6.41061997414	-1
6.41061997414	-1
6.41061997414	-1
6.41061997414	-1
6.41061997414	-1
6.41061997414	-1
6.41227197647	-1
6.41231298447	-1
6.41231298447	-1
6.41231298447	-1
6.41231298447	-1
6.41231298447	-1
6.41231298447	-1
6.48310089111	-1
6.48310089111	-1
6.48310089111	-1
6.48310089111	-1
6.48310089111	-1
6.48310089111	-1
6.48310089111	-1
6.48372793198	1
6.48372793198	1
6.48372793198	1
6.50094985962	-1
6.50094985962	-1
6.50094985962	-1
6.50094985962	-1
6.50094985962	-1
6.50094985962	-1
6.50130200386	-1
6.50130200386	-1
6.50130200386	-1
6.50160598755	-1
6.50160598755	-1
6.50160598755	-1
6.50177097321	-1
6.50177097321	-1
6.50177097321	-1
6.50189399719	-1
6.50238394737	-1
6.50238394737	-1
6.50238394737	-1
6.50258994102	-1
6.50258994102	-1
6.50258994102	-1
6.50258994102	-1
6.50258994102	-1
6.50258994102	-1
6.50258994102	-1
6.50416278839	-1
6.50455594063	-1
6.50455594063	-1
6.50455594063	-1
6.50455594063	-1
6.50455594063	-1
6.57788085938	1
6.57788085938	1
6.57788085938	1
6.59870696068	1
6.65158987045	-1
6.65158987045	-1
6.67980980873	-1
6.67980980873	-1
6.67980980873	-1
6.67980980873	-1
6.67980980873	-1
6.67980980873	-1
6.67980980873	-1
6.94130182266	-1
6.95380282402	-1
6.95380282402	-1
6.95380282402	-1
6.95380282402	-1
6.95380282402	-1
6.95380282402	-1
7.03652691841	-1
7.03652691841	-1
7.03652691841	-1
7.11224484444	-1
7.11224484444	-1
7.11224484444	-1
7.11224484444	-1
7.11224484444	-1
7.11224484444	-1
7.11224484444	-1
7.11224484444	-1
7.11891484261	-1
7.22533988953	-1
7.22533988953	-1
7.22533988953	-1
7.22533988953	-1
7.22533988953	-1
7.22533988953	-1
7.27832078934	-1
7.27832078934	-1
7.27832078934	-1
7.27832078934	-1
7.27832078934	-1
7.27832078934	-1
7.30903887749	-1
7.30903887749	-1
7.38894581795	-1
7.3901720047	-1
7.3901720047	-1
7.3901720047	-1
7.39052391052	-1
7.39052391052	-1
7.44825100899	-1
7.44825100899	-1
7.44825100899	-1
7.44845199585	-1
7.44845199585	-1
7.44845199585	-1
7.44845199585	-1
7.44845199585	-1
7.44845199585	-1
7.44845199585	-1
7.44845199585	-1
7.44876289368	-1
7.44876289368	-1
7.44876289368	-1
7.46244192123	-1
7.46459197998	-1
7.46459197998	-1
7.46459197998	-1
7.46459197998	-1
7.46459197998	-1
7.46459197998	-1
7.46459197998	-1
7.46459197998	-1
7.46524691582	1
7.49179387093	-1
7.56212091446	-1
7.56212091446	-1
7.56212091446	-1
7.56212091446	-1
7.56212091446	-1
7.56212091446	-1
7.56224179268	-1
7.56224179268	-1
7.56224179268	-1
7.56224179268	-1
7.56224179268	-1
7.57798480988	1
7.60912895203	-1
7.61407089233	-1
7.61407089233	-1
7.61407089233	-1
7.61407089233	-1
7.61407089233	-1
7.61407089233	-1
7.61407089233	-1
7.61407089233	-1
7.61407089233	-1
7.61407089233	-1
7.61557984352	-1
7.62976288795	-1
7.62976288795	-1
7.62976288795	-1
7.62976288795	-1
7.62976288795	-1
7.62976288795	-1
7.62976288795	-1
7.62976288795	-1
7.62976288795	-1
7.63005590439	-1
7.63005590439	-1
7.63005590439	-1
7.630245924	-1
7.63027882576	-1
7.63027882576	-1
7.63027882576	-1
7.6304910183	-1
7.6304910183	-1
7.6304910183	-1
7.68774795532	-1
7.68778181076	1
7.73913288116	-1
7.73913288116	-1
7.73913288116	-1
7.7392539978	-1
7.7392539978	-1
7.7392539978	-1
7.73931694031	-1
7.73931694031	-1
7.73931694031	-1
7.74120879173	-1
7.74120879173	-1
7.76117801666	1
7.77814292908	-1
7.77814292908	-1
7.77814292908	-1
7.77814292908	-1
7.77814292908	-1
7.77814292908	-1
7.77814292908	-1
7.77814292908	-1
7.77838397026	-1
7.77862381935	-1
7.77862381935	-1
7.77862381935	-1
7.77862381935	-1
7.77862381935	-1
7.77862381935	-1
7.77862381935	-1
7.77889585495	-1
7.77950000763	-1
7.77950000763	-1
7.77950000763	-1
7.77950000763	-1
7.77950000763	-1
7.77950000763	-1
7.77950000763	-1
7.77950000763	-1
7.77966380119	1
7.77966380119	1
7.77966380119	1
7.77985882759	-1
7.77985882759	-1
7.77985882759	-1
7.77985882759	-1
7.79040694237	-1
7.79370498657	-1
7.79370498657	-1
7.79370498657	-1
7.79370498657	-1
7.79370498657	-1
7.79370498657	-1
7.81293201447	-1
7.81293201447	-1
7.81293201447	-1
7.81293201447	-1
7.81293201447	-1
7.81293201447	-1
7.81293201447	-1
7.81316184998	-1
7.81528782845	-1
7.81528782845	-1
7.81528782845	-1
7.83466100693	-1
7.83469581604	1
7.83469581604	1
7.88213300705	-1
7.88213300705	-1
7.88213300705	-1
7.88213300705	-1
7.88213300705	-1
7.88213300705	-1
7.8823158741	-1
7.8823158741	-1
7.8823158741	-1
7.8823158741	-1
7.8823158741	-1
7.8823158741	-1
7.8823158741	-1
7.88252186775	-1
7.88252186775	-1
7.88252186775	-1
7.88252186775	-1
7.88284897804	-1
7.88284897804	-1
7.88284897804	-1
7.90832281113	-1
7.9083378315	1
7.91133189201	-1
7.91133189201	-1
7.91133189201	-1
7.91133189201	-1
7.91133189201	-1
7.91133189201	-1
7.91157579422	-1
7.91157579422	-1
7.91163301468	-1
7.91163301468	-1
7.91163301468	-1
7.91163301468	-1
7.91163301468	-1
7.91163301468	-1
7.91163301468	-1
7.91163301468	-1
7.91194486618	-1
7.91206789017	-1
7.91206789017	-1
7.91206789017	-1
7.94205880165	-1
7.94205880165	-1
7.94217181206	-1
7.94217181206	-1
7.94229388237	-1
7.94229388237	-1
7.94229388237	-1
7.94229388237	-1
7.94229388237	-1
7.94241690636	-1
7.94247293472	-1
7.94247293472	-1
7.94247293472	-1
7.94247293472	-1
7.94247293472	-1
7.95481586456	-1
7.95481586456	-1
7.95481586456	-1
7.95481586456	-1
7.95581388474	-1
7.95581388474	-1
7.95581388474	-1
7.95593380928	-1
7.95605683327	-1
7.95605683327	-1
7.95605683327	-1
7.95612382889	-1
7.95612382889	-1
7.95612382889	-1
7.95612382889	-1
7.95612382889	-1
7.98182797432	-1
7.98183894157	1
8.02314686775	-1
8.02314686775	-1
8.02314686775	-1
8.025151968	-1
8.025151968	-1
8.025151968	-1
8.0264518261	-1
8.0264518261	-1
8.0264518261	-1
8.0264518261	-1
8.0264518261	-1
8.0264518261	-1
8.0264518261	-1
8.0264518261	-1
8.03041887283	-1
8.03041887283	-1
8.03041887283	-1
8.03408384323	-1
8.03408384323	-1
8.03408384323	-1
8.03408384323	-1
8.03408384323	-1
8.03408384323	-1
8.03408384323	-1
8.03408384323	-1
8.03543996811	-1
8.03543996811	-1
8.03614878654	-1
8.03614878654	-1
8.03614878654	-1
8.03614878654	-1
8.03614878654	-1
8.05689287186	-1
8.05689287186	-1
8.05690598488	1
8.07381796837	-1
8.07381796837	-1
8.07381796837	-1
8.07465195656	-1
8.07465195656	-1
8.07465195656	-1
8.07465195656	-1
8.07465195656	-1
8.07465195656	-1
8.07465195656	-1
8.07465195656	-1
8.07501792908	-1
8.07501792908	-1
8.07501792908	-1
8.07501792908	-1
8.07501792908	-1
8.07522296906	-1
8.10846686363	-1
8.10846686363	-1
8.10846686363	-1
8.10846686363	-1
8.10846686363	-1
8.10846686363	-1
8.1094019413	-1
8.11000299454	-1
8.11000299454	-1
8.11000299454	-1
8.11000299454	-1
8.11000299454	-1
8.11000299454	-1
8.11000299454	-1
8.11371088028	-1
8.11463189125	-1
8.11463189125	-1
8.11463189125	-1
8.11585998535	-1
8.11585998535	-1
8.11585998535	-1
8.11585998535	-1
8.11585998535	-1
8.11704778671	-1
8.11805200577	-1
8.11805200577	-1
8.12673401833	-1
8.12673401833	-1
8.12673401833	-1
8.12673401833	-1
8.12673401833	-1
8.12673401833	-1
8.1276268959	-1
8.1276268959	-1
8.1276268959	-1
8.12799596786	-1
8.12799596786	-1
8.12799596786	-1
8.12799596786	-1
8.12799596786	-1
8.12799596786	-1
8.12799596786	-1
8.12799596786	-1
8.1303498745	1
8.1303498745	1
8.18200993538	-1
8.18200993538	-1
8.18200993538	-1
8.18200993538	-1
8.18200993538	-1
8.18200993538	-1
8.18200993538	-1
8.18200993538	-1
8.18234992027	-1
8.18234992027	-1
8.18234992027	-1
8.18234992027	-1
8.18234992027	-1
8.18234992027	-1
8.18234992027	-1
8.18259596825	-1
8.18259596825	-1
8.1826338768	-1
8.1826338768	-1
8.20995187759	-1
8.20995187759	-1
8.20995187759	-1
8.20995187759	-1
8.20995187759	-1
8.20995187759	-1
8.20995187759	-1
8.20995187759	-1
8.2110209465	-1
8.2110209465	-1
8.2110209465	-1
8.2110209465	-1
8.2110209465	-1
8.2110209465	-1
8.2110209465	-1
8.2110209465	-1
8.21126484871	-1
8.21126484871	-1
8.21139192581	-1
8.21141195297	-1
8.21141195297	-1
8.21141195297	-1
8.21163487434	-1
8.21163487434	-1
8.21175789833	-1
8.21175789833	-1
8.21175789833	-1
8.21175789833	-1
8.21175789833	-1
8.21175789833	-1
8.21175789833	-1
8.21175789833	-1
8.21204280853	-1
8.21259689331	-1
8.21259689331	-1
8.21259689331	-1
8.21259689331	-1
8.21259689331	-1
8.21259689331	-1
8.21259689331	-1
8.21345591545	1
8.27254796028	-1
8.27270293236	-1
8.27270293236	-1
8.27270293236	-1
8.27270293236	-1
8.27270293236	-1
8.27270293236	-1
8.27270293236	-1
8.27309179306	-1
8.27321481705	-1
8.27321481705	-1
8.27321481705	-1
8.27321481705	-1
8.27321481705	-1
8.27321481705	-1
8.28469991684	-1
8.28469991684	-1
8.28469991684	-1
8.28469991684	-1
8.28469991684	-1
8.28469991684	-1
8.28469991684	-1
8.28469991684	-1
8.28504991531	-1
8.28504991531	-1
8.28504991531	-1
8.28504991531	-1
8.28504991531	-1
8.28504991531	-1
8.28504991531	-1
8.28504991531	-1
8.2856259346	-1
8.2856259346	-1
8.2856259346	-1
8.2856259346	-1
8.2856259346	-1
8.2856259346	-1
8.2856259346	-1
8.28995800018	-1
8.28995800018	-1
8.28999090195	1
8.28999090195	1
8.29290986061	-1
8.29290986061	-1
8.29290986061	-1
8.29290986061	-1
8.29290986061	-1
8.29290986061	-1
8.29948592186	-1
8.29948592186	-1
8.29948592186	-1
8.29948592186	-1
8.29948592186	-1
8.29948592186	-1
8.29948592186	-1
8.29948592186	-1
8.37307286263	-1
8.37307286263	-1
8.37307286263	-1
8.37307286263	-1
8.37307286263	-1
8.37307286263	-1
8.37307286263	-1
8.37307286263	-1
8.37320780754	-1
8.37320780754	-1
8.37320780754	-1
8.37320780754	-1
8.37320780754	-1
8.37320780754	-1
8.37320780754	-1
8.37320780754	-1
8.37365984917	-1
8.37378501892	-1
8.37378501892	-1
8.37378501892	-1
8.37378501892	-1
8.37378501892	-1
8.37378501892	-1
8.37378501892	-1
8.37403082848	-1
8.37415385246	-1
8.37415385246	-1
8.37415385246	-1
8.37415385246	-1
8.37415385246	-1
8.37415385246	-1
8.37415385246	-1
8.3974339962	-1
8.39866495132	1
8.42444682121	-1
8.42444682121	-1
8.43642497063	-1
8.43642497063	-1
8.43642497063	-1
8.49190378189	-1
8.49190378189	-1
8.49190378189	-1
8.49193787575	1
8.51006579399	-1
8.60469794273	1
8.69259285927	-1
8.69292378426	-1
8.69292378426	-1
8.69292378426	-1
8.86875200272	-1
8.94233393669	-1
8.94233393669	-1
9.08268284798	1
9.08285498619	1
9.08285498619	1
9.08285498619	1
9.08285498619	1
9.08285498619	1
9.29494380951	1
9.29511880875	1
9.29511880875	1
9.29511880875	1
9.29511880875	1
9.54080796242	1
9.71425390244	-1
9.7753868103	-1
9.7753868103	-1
9.7753868103	-1
9.775649786	-1
9.775649786	-1
9.775649786	-1
9.775649786	-1
9.775649786	-1
9.775649786	-1
9.775649786	-1
9.775649786	-1
9.775649786	-1
9.77764487267	1
9.77777791023	1
9.77777791023	1
9.77777791023	1
9.77898478508	-1
9.77898478508	-1
9.77933692932	-1
9.77933692932	-1
9.77933692932	-1
9.7800359726	-1
9.7800359726	-1
9.7800359726	-1
9.78157281876	-1
9.78161001205	-1
9.78161001205	-1
9.78161001205	-1
9.78161001205	-1
9.78161001205	-1
9.78161001205	-1
9.78161001205	-1
9.78161001205	-1
9.78357887268	1
9.78357887268	1
9.78357887268	1
9.78357887268	1
9.78357887268	1
9.78357887268	1
9.78357887268	1
9.78357887268	1
9.78357887268	1
9.78369188309	1
9.78369188309	1
9.78369188309	1
9.8490049839	-1
9.84903979301	-1
9.84903979301	-1
9.84903979301	-1
9.84903979301	-1
9.84903979301	-1
9.84903979301	-1
9.84903979301	-1
9.84951782227	-1
9.84964084625	-1
9.84964084625	-1
9.84964084625	-1
9.84964084625	-1
9.84964084625	-1
9.84964084625	-1
9.84964084625	-1
9.85324692726	-1
9.85324692726	-1
9.93908786774	-1
9.93912100792	1
9.9469909668	-1
9.9469909668	-1
9.9469909668	-1
9.9469909668	-1
9.94976687431	-1
9.94976687431	-1
9.94976687431	-1
9.95269989967	1
9.95269989967	1
9.95269989967	1
9.95269989967	1
9.95269989967	1
9.95269989967	1
9.95269989967	1
9.95269989967	1
9.95269989967	1
9.95269989967	1
9.95279479027	1
9.99127483368	-1
9.99419593811	1
9.99419593811	1
9.99419593811	1
9.99419593811	1
9.99419593811	1
9.99419593811	1
9.99419593811	1
9.99419593811	1
9.99419593811	1
10.0127158165	-1
10.0127158165	-1
10.0861229897	-1
10.0875439644	1
10.4622747898	-1
10.4627709389	-1
10.4627709389	-1
10.4627709389	-1
10.4627709389	-1
10.4627709389	-1
10.4628429413	-1
10.4630169868	-1
10.4630169868	-1
10.463342905	-1
10.463342905	-1
10.463342905	-1
10.4682559967	-1
10.4682559967	-1
10.4682559967	-1
10.4682559967	-1
10.4682559967	-1
10.4682559967	-1
10.4682559967	-1
10.4682559967	-1
10.4705688953	-1
10.4705688953	-1
10.4705688953	-1
10.4705688953	-1
10.4705688953	-1
10.4705688953	-1
10.4705688953	-1
10.4705688953	-1
10.4705688953	-1
10.4720208645	1
10.5369439125	-1
10.5369439125	-1
10.5369439125	-1
10.5369439125	-1
10.5369439125	-1
10.5369439125	-1
10.5369439125	-1
10.5373167992	-1
10.5373167992	-1
10.5373167992	-1
10.5373167992	-1
10.5453770161	1
10.5453770161	1
10.5589549541	-1
10.5589549541	-1
10.5589549541	-1
10.5589549541	-1
10.5589549541	-1
10.6241128445	-1
10.6241128445	-1
10.6241128445	-1
10.6241128445	-1
10.6241128445	-1
10.6241128445	-1
10.6241128445	-1
10.6241409779	1
10.6241409779	1
10.6245927811	-1
10.6245927811	-1
10.6245927811	-1
10.6245927811	-1
10.6245927811	-1
10.6249809265	-1
10.6249809265	-1
10.6250069141	-1
10.6250069141	-1
10.6252470016	-1
10.6252470016	-1
10.6252470016	-1
10.6252470016	-1
10.6252470016	-1
10.625276804	-1
10.6254959106	-1
10.6254959106	-1
10.6259260178	-1
10.6259260178	-1
10.6259260178	-1
10.6300499439	-1
10.6300499439	-1
10.6306548119	-1
10.6306548119	-1
10.6306548119	-1
10.6750497818	-1
10.6750497818	-1
10.6751539707	-1
10.6751539707	-1
10.6751539707	-1
10.6751539707	-1
10.6751539707	-1
10.6850838661	-1
10.6851878166	-1
10.6851878166	-1
10.6979818344	-1
10.6979818344	-1
10.6979818344	-1
10.698089838	-1
10.698089838	-1
10.6982338428	-1
10.6982338428	-1
10.6982338428	-1
10.6982338428	-1
10.6983559132	-1
10.6984798908	-1
10.6984798908	-1
10.6984798908	-1
10.6986038685	-1
10.6986038685	-1
10.6987249851	-1
10.6987249851	-1
10.6987249851	-1
10.6987249851	-1
10.6987249851	-1
10.6987919807	-1
10.698969841	-1
10.698969841	-1
10.6990919113	-1
10.6990919113	-1
10.6990919113	-1
10.6992168427	-1
10.6992168427	-1
10.6992168427	-1
10.6992738247	-1
10.6992738247	-1
10.6994609833	-1
10.6994609833	-1
10.6994609833	-1
10.6994929314	-1
10.6994929314	-1
10.7036099434	1
10.7037479877	-1
10.7037479877	-1
10.7037479877	-1
10.7038638592	-1
10.7038638592	-1
10.7038638592	-1
10.7038638592	-1
10.7038638592	-1
10.7038638592	-1
10.7038638592	-1
10.7429528236	-1
10.7429528236	-1
10.7429528236	-1
10.7429528236	-1
10.7486419678	-1
10.7659378052	-1
10.7659378052	-1
10.7659378052	-1
10.7659378052	-1
10.7659378052	-1
10.784965992	-1
10.7849829197	1
10.7852628231	-1
10.7852628231	-1
10.7852628231	-1
10.7852628231	-1
10.7852628231	-1
10.7855088711	-1
10.7855088711	-1
10.7855088711	-1
10.7855088711	-1
10.7855088711	-1
10.7855768204	-1
10.7857558727	-1
10.7857558727	-1
10.7858297825	-1
10.7858297825	-1
10.7858297825	-1
10.7858297825	-1
10.7858297825	-1
10.7858297825	-1
10.7860398293	-1
10.7860398293	-1
10.7860398293	-1
10.7862458229	-1
10.7862458229	-1
10.7862458229	-1
10.7862458229	-1
10.7862458229	-1
10.7862458229	-1
10.7864918709	-1
10.7865278721	-1
10.7865278721	-1
10.7865278721	-1
10.7865278721	-1
10.7865278721	-1
10.7867369652	-1
10.7868599892	-1
10.7868599892	-1
10.7869839668	-1
10.7869839668	-1
10.7869839668	-1
10.8039708138	-1
10.8039708138	-1
10.8039708138	-1
10.8045969009	-1
10.8045969009	-1
10.8045969009	-1
10.8045969009	-1
10.8045969009	-1
10.8045969009	-1
10.8048419952	-1
10.8052299023	-1
10.8052299023	-1
10.8052299023	-1
10.8052299023	-1
10.8052299023	-1
10.8165159225	-1
10.8165638447	-1
10.8165638447	-1
10.8165638447	-1
10.8165638447	-1
10.8165638447	-1
10.8394739628	-1
10.8394739628	-1
10.8394739628	-1
10.8394739628	-1
10.8394739628	-1
10.8394739628	-1
10.8396058083	-1
10.8396058083	-1
10.8396058083	-1
10.8396058083	-1
10.8396058083	-1
10.8396058083	-1
10.8396058083	-1
10.8396058083	-1
10.8587977886	1
10.8587977886	1
10.8590328693	-1
10.8590328693	-1
10.8590328693	-1
10.8590328693	-1
10.8590328693	-1
10.8590328693	-1
10.8590328693	-1
10.8590328693	-1
10.8590328693	-1
10.8594009876	-1
10.8594009876	-1
10.8594009876	-1
10.8594009876	-1
10.8594009876	-1
10.8594009876	-1
10.8594009876	-1
10.8594009876	-1
10.8597688675	-1
10.8597688675	-1
10.8597688675	-1
10.8597688675	-1
10.8598248959	-1
10.8600358963	-1
10.8600358963	-1
10.8600358963	-1
10.8600358963	-1
10.8600358963	-1
10.9334218502	1
10.9503889084	-1
10.9503889084	-1
10.9503889084	-1
10.9503889084	-1
11.0965418816	-1
11.1700568199	-1
11.2243909836	-1
11.2243909836	-1
11.2243909836	-1
11.2243909836	-1
11.2246379852	-1
11.2246379852	-1
11.2246379852	-1
11.2246379852	-1
11.2246379852	-1
11.2246379852	-1
11.2248828411	-1
11.2249708176	-1
11.2249708176	-1
11.2249708176	-1
11.2249708176	-1
11.2249708176	-1
11.2249708176	-1
11.2249708176	-1
11.2252500057	-1
11.2252500057	-1
11.2252500057	-1
11.2252500057	-1
11.2630319595	-1
11.2630319595	-1
11.2631368637	-1
11.2631368637	-1
11.2631368637	-1
11.2631368637	-1
11.2881379128	-1
11.2881379128	-1
11.2881379128	-1
11.288285017	-1
11.288285017	-1
11.288285017	-1
11.3387839794	-1
11.3387839794	-1
11.3483879566	-1
11.3483879566	-1
11.3483879566	-1
11.3483879566	-1
11.3483879566	-1
11.3483879566	-1
11.3483879566	-1
11.3483879566	-1
11.3483879566	-1
11.3487169743	-1
11.3487169743	-1
11.3487169743	-1
11.3489239216	-1
11.3489558697	-1
11.3489558697	-1
11.3489558697	-1
11.3489558697	-1
11.3489558697	-1
11.3489558697	-1
11.3501598835	-1
11.3501598835	-1
11.3502738476	-1
11.3502738476	-1
11.3502738476	-1
11.3826048374	1
11.4954109192	1
11.5045628548	-1
11.5069329739	-1
11.5069329739	-1
11.5069329739	-1
11.5075769424	-1
11.5075769424	-1
11.5075769424	-1
11.5075769424	-1
11.5075769424	-1
11.5113608837	-1
11.5113608837	-1
11.5113608837	-1
11.512857914	-1
11.512857914	-1
11.512857914	-1
11.512857914	-1
11.512857914	-1
11.512857914	-1
11.5135300159	-1
11.5135300159	-1
11.5135300159	-1
11.5144128799	-1
11.5144128799	-1
11.5144128799	-1
11.5145947933	-1
11.5147068501	-1
11.5147068501	-1
11.5147068501	-1
11.5147068501	-1
11.5147068501	-1
11.5147068501	-1
11.5599110126	-1
11.5599110126	-1
11.5599110126	-1
11.5599110126	-1
11.5599110126	-1
11.5686647892	1
11.6591379642	-1
11.6591379642	-1
11.6591379642	-1
11.6709280014	-1
11.6709280014	-1
11.6709280014	-1
11.6712520123	-1
11.6712520123	-1
11.6712520123	-1
11.6712520123	-1
11.672123909	1
11.6779170036	-1
12.2737679482	-1
12.288640976	1
12.3618729115	1
12.3679599762	1
12.3679599762	1
12.3679599762	1
12.3679599762	1
12.3679599762	1
12.3679599762	1
12.3679599762	1
12.3695960045	1
12.3696169853	1
12.3696169853	1
12.3696169853	1
12.3696169853	1
12.3696169853	1
12.3696169853	1
