0.0	1
0.250504016876	1
0.544409990311	-1
0.545953989029	1
0.814357995987	-1
0.815186977386	1
0.817787885666	1
0.817787885666	1
0.817787885666	1
0.865535020828	1
0.865535020828	1
0.888659954071	1
1.31911802292	-1
1.32074594498	1
1.43932294846	-1
1.44065999985	1
1.46027088165	-1
1.46027088165	-1
1.46027088165	-1
1.51429605484	-1
1.51433086395	1
1.51433086395	1
1.6317179203	1
1.86077189445	-1
1.92206788063	-1
1.92206788063	-1
1.92206788063	-1
1.92206788063	-1
1.92206788063	-1
1.92206788063	-1
1.92206788063	-1
1.92206788063	-1
1.92360091209	-1
1.92360091209	-1
1.92360091209	-1
1.93772792816	1
1.9957549572	-1
1.9957549572	-1
2.02466988564	-1
2.02466988564	-1
2.02466988564	-1
2.02466988564	-1
2.02466988564	-1
2.02466988564	-1
2.02466988564	-1
2.05289101601	-1
2.05300307274	-1
2.05300307274	-1
2.05300307274	-1
2.05300307274	-1
2.05300307274	-1
2.15716385841	-1
2.15716385841	-1
2.15716385841	-1
2.15721797943	-1
2.15721797943	-1
2.15721797943	-1
2.15721797943	-1
2.15721797943	-1
2.15721797943	-1
2.15721797943	-1
2.16641807556	-1
2.16771888733	-1
2.16771888733	-1
2.16771888733	-1
2.16771888733	-1
2.16771888733	-1
2.17973089218	-1
2.17973089218	-1
2.17973089218	-1
2.17973089218	-1
2.19041991234	1
2.22197604179	-1
2.22197604179	-1
2.22208094597	-1
2.22208094597	-1
2.22208094597	-1
2.2273209095	-1
2.2273209095	-1
2.2319278717	-1
2.2319278717	-1
2.2319278717	-1
2.2319278717	-1
2.2319278717	-1
2.24033498764	1
2.24033498764	1
2.24033498764	1
2.24270606041	1
2.24270606041	1
2.26361894608	-1
2.26361894608	-1
2.26361894608	-1
2.28896903992	-1
2.28896903992	-1
2.28896903992	-1
2.28896903992	-1
2.28896903992	-1
2.28896903992	-1
2.28901290894	1
2.28901290894	1
2.29180908203	-1
2.29180908203	-1
2.29180908203	-1
2.29180908203	-1
2.29180908203	-1
2.29885292053	-1
2.29885292053	-1
2.29885292053	-1
2.33694887161	-1
2.33694887161	-1
2.33694887161	-1
2.33694887161	-1
2.33694887161	-1
2.33694887161	-1
2.33694887161	-1
2.33694887161	-1
2.33694887161	-1
2.37120389938	-1
2.37120389938	-1
2.37120389938	-1
2.37120389938	-1
2.37120389938	-1
2.37120389938	-1
2.37120389938	-1
2.37123894691	1
2.41078686714	-1
2.48391008377	1
2.50286102295	-1
2.50325703621	-1
2.50325703621	-1
2.50325703621	-1
2.50325703621	-1
2.50325703621	-1
2.50325703621	-1
2.50325703621	-1
2.50325703621	-1
2.57677602768	1
2.57677602768	1
2.57925391197	1
2.57925391197	1
2.57925391197	1
2.57925391197	1
2.66595196724	-1
2.74719500542	-1
2.74719500542	-1
2.74719500542	-1
2.74722886086	1
2.7472550869	-1
2.7472550869	-1
2.7472550869	-1
2.7472550869	-1
2.75065088272	-1
2.7572259903	-1
2.7572259903	-1
2.7572259903	-1
2.75890302658	1
2.75890302658	1
2.75890302658	1
2.76519799232	-1
2.76519799232	-1
2.76519799232	-1
2.76519799232	-1
2.76519799232	-1
2.76519799232	-1
2.76519799232	-1
2.76519799232	-1
2.76762890816	-1
2.76762890816	-1
2.76762890816	-1
2.76762890816	-1
2.769094944	-1
2.7692899704	-1
2.7692899704	-1
2.7692899704	-1
2.7692899704	-1
2.7692899704	-1
2.7692899704	-1
2.77017188072	-1
2.77017188072	-1
2.77017188072	-1
2.77017188072	-1
2.77431607246	-1
2.77451205254	-1
2.77451205254	-1
2.77842092514	-1
2.77842092514	-1
2.77842092514	-1
2.82112598419	-1
2.82112598419	-1
2.82112598419	-1
2.82112598419	-1
2.82112598419	-1
2.83654308319	-1
2.83654308319	-1
2.83654308319	-1
2.8499109745	-1
2.859801054	-1
2.859801054	-1
2.859801054	-1
2.859801054	-1
2.859801054	-1
2.859801054	-1
2.859801054	-1
2.8599729538	-1
2.86016893387	-1
2.86016893387	-1
2.86016893387	-1
2.86016893387	-1
2.86016893387	-1
2.86037397385	-1
2.86037397385	-1
2.87227296829	-1
2.87227296829	-1
2.87227296829	-1
2.90425205231	-1
2.90426588058	1
2.90426588058	1
2.91526889801	-1
2.91526889801	-1
2.91526889801	-1
2.92282485962	-1
2.92282485962	-1
2.93032002449	-1
2.93032002449	-1
2.93032002449	-1
2.93032002449	-1
2.93032002449	-1
2.93032002449	-1
2.93234705925	-1
2.93234705925	-1
2.93234705925	-1
2.93435406685	-1
2.93435406685	-1
2.93435406685	-1
2.93435406685	-1
2.93435406685	-1
2.93435406685	-1
2.93499994278	-1
2.93559503555	-1
2.93559503555	-1
2.93559503555	-1
2.93559503555	-1
2.93559503555	-1
2.93559503555	-1
2.93559503555	-1
3.00497698784	-1
3.0050098896	1
3.00757908821	1
3.00757908821	1
3.00757908821	1
3.00757908821	1
3.00757908821	1
3.07954597473	-1
3.07954597473	-1
3.09600496292	-1
3.09600496292	-1
3.09600496292	-1
3.09600496292	-1
3.099588871	-1
3.099588871	-1
3.099588871	-1
3.10251498222	-1
3.10262799263	-1
3.10262799263	-1
3.10262799263	-1
3.10262799263	-1
3.10262799263	-1
3.10262799263	-1
3.10262799263	-1
3.10262799263	-1
3.10262799263	-1
3.10298991203	-1
3.10298991203	-1
3.10311388969	-1
3.10311388969	-1
3.10323596001	-1
3.10323596001	-1
3.10323596001	-1
3.10323596001	-1
3.10323596001	-1
3.10323596001	-1
3.10340499878	-1
3.10340499878	-1
3.10340499878	-1
3.10687708855	-1
3.10687708855	-1
3.10986709595	-1
3.10986709595	-1
3.10986709595	-1
3.11072707176	-1
3.11072707176	-1
3.15152001381	-1
3.15152001381	-1
3.15152001381	-1
3.15152001381	-1
3.15152001381	-1
3.15152001381	-1
3.15152001381	-1
3.15152001381	-1
3.15152001381	-1
3.15357804298	1
3.17896389961	-1
3.17896389961	-1
3.17896389961	-1
3.19548797607	-1
3.19548797607	-1
3.19548797607	-1
3.19548797607	-1
3.19548797607	-1
3.19548797607	-1
3.19548797607	-1
3.19548797607	-1
3.1968319416	-1
3.1968319416	-1
3.1968319416	-1
3.20004987717	-1
3.20004987717	-1
3.20004987717	-1
3.20004987717	-1
3.20004987717	-1
3.20004987717	-1
3.20004987717	-1
3.20004987717	-1
3.20145797729	-1
3.20145797729	-1
3.20157408714	-1
3.20157408714	-1
3.20157408714	-1
3.20157408714	-1
3.20157408714	-1
3.21889686584	-1
3.2193710804	-1
3.2193710804	-1
3.2193710804	-1
3.2193710804	-1
3.2193710804	-1
3.2193710804	-1
3.2193710804	-1
3.2193710804	-1
3.22700595856	-1
3.22703886032	1
3.22703886032	1
3.23976492882	1
3.23976492882	1
3.23976492882	1
3.25037097931	-1
3.25037097931	-1
3.25037097931	-1
3.25037097931	-1
3.25037097931	-1
3.25037097931	-1
3.25037097931	-1
3.25037097931	-1
3.25037097931	-1
3.25072193146	-1
3.25072193146	-1
3.25109100342	-1
3.25109100342	-1
3.25109100342	-1
3.25170207024	-1
3.25170207024	-1
3.25170207024	-1
3.25170207024	-1
3.25170207024	-1
3.25170207024	-1
3.26906704903	-1
3.26906704903	-1
3.26906704903	-1
3.26911592484	-1
3.26929593086	-1
3.26929593086	-1
3.26929593086	-1
3.26929593086	-1
3.26929593086	-1
3.26929593086	-1
3.26929593086	-1
3.26929593086	-1
3.26954102516	-1
3.26966500282	-1
3.26966500282	-1
3.27373695374	-1
3.27373695374	-1
3.27373695374	-1
3.27373695374	-1
3.27373695374	-1
3.27373695374	-1
3.29198598862	1
3.29198598862	1
3.30068588257	-1
3.31887102127	-1
3.31887102127	-1
3.31887102127	-1
3.31887102127	-1
3.31887102127	-1
3.31887102127	-1
3.31904792786	-1
3.31904792786	-1
3.31904792786	-1
3.31904792786	-1
3.31904792786	-1
3.3351418972	-1
3.3351418972	-1
3.3351418972	-1
3.3351418972	-1
3.3351418972	-1
3.3351418972	-1
3.3351418972	-1
3.3351418972	-1
3.33548498154	-1
3.33548498154	-1
3.33548498154	-1
3.34551692009	-1
3.34551692009	-1
3.34562087059	-1
3.34562087059	-1
3.34562087059	-1
3.34759807587	1
3.34759807587	1
3.34759807587	1
3.34759807587	1
3.34759807587	1
3.35910606384	-1
3.35910606384	-1
3.35910606384	-1
3.35910606384	-1
3.35910606384	-1
3.35910606384	-1
3.35910606384	-1
3.35910606384	-1
3.36767101288	-1
3.36767101288	-1
3.37307691574	-1
3.37307691574	-1
3.37307691574	-1
3.39321708679	-1
3.39321708679	-1
3.39321708679	-1
3.39321708679	-1
3.39321708679	-1
3.39333105087	-1
3.39395403862	-1
3.39395403862	-1
3.39395403862	-1
3.39395403862	-1
3.39415097237	-1
3.42563486099	-1
3.42563486099	-1
3.42563486099	-1
3.42563486099	-1
3.42563486099	-1
3.42563486099	-1
3.42868709564	-1
3.42868709564	-1
3.42879891396	-1
3.42879891396	-1
3.42879891396	-1
3.42879891396	-1
3.42879891396	-1
3.4296438694	-1
3.4296438694	-1
3.4296438694	-1
3.4296438694	-1
3.4296438694	-1
3.4296438694	-1
3.4296438694	-1
3.43158006668	-1
3.43301391602	-1
3.43301391602	-1
3.43301391602	-1
3.43301391602	-1
3.44870591164	1
3.44870591164	1
3.45670104027	-1
3.45670104027	-1
3.45670104027	-1
3.45670104027	-1
3.45670104027	-1
3.45670104027	-1
3.47150707245	-1
3.47150707245	-1
3.47162103653	-1
3.47162103653	-1
3.47162103653	-1
3.47162103653	-1
3.47162103653	-1
3.47162103653	-1
3.47162103653	-1
3.48850488663	-1
3.48850488663	-1
3.48850488663	-1
3.48850488663	-1
3.48850488663	-1
3.48850488663	-1
3.48874092102	-1
3.48886299133	-1
3.48886299133	-1
3.48886299133	-1
3.49805402756	-1
3.49805402756	-1
3.52269506454	-1
3.52269506454	-1
3.52270698547	1
3.5372440815	-1
3.5372440815	-1
3.5372440815	-1
3.5372440815	-1
3.5372440815	-1
3.5372440815	-1
3.5372440815	-1
3.5372440815	-1
3.5408270359	-1
3.55268406868	-1
3.55268406868	-1
3.55268406868	-1
3.55268406868	-1
3.55268406868	-1
3.55268406868	-1
3.56853508949	-1
3.56853508949	-1
3.56853508949	-1
3.58344292641	-1
3.58400797844	-1
3.58400797844	-1
3.58400797844	-1
3.58400797844	-1
3.58400797844	-1
3.58400797844	-1
3.58400797844	-1
3.58978486061	-1
3.59599900246	1
3.59650588036	-1
3.59650588036	-1
3.59650588036	-1
3.59650588036	-1
3.59650588036	-1
3.6047949791	-1
3.60815191269	-1
3.60815191269	-1
3.60815191269	-1
3.60815191269	-1
3.60815191269	-1
3.64738297462	-1
3.64738297462	-1
3.64738297462	-1
3.64738297462	-1
3.64738297462	-1
3.64738297462	-1
3.64738297462	-1
3.67702698708	-1
3.67702698708	-1
3.67702698708	-1
3.68168187141	-1
3.68168187141	-1
3.68168187141	-1
3.68168187141	-1
3.68168187141	-1
3.6824889183	1
3.69613099098	-1
3.69613099098	-1
3.69613099098	-1
3.7355298996	-1
3.7355298996	-1
3.7355298996	-1
3.7355298996	-1
3.7355298996	-1
3.7355298996	-1
3.7355298996	-1
3.7375369072	-1
3.74730587006	-1
3.74730587006	-1
3.74755501747	-1
3.74755501747	-1
3.74755501747	-1
3.76278805733	-1
3.76278805733	-1
3.76278805733	-1
3.76282000542	1
3.76739501953	-1
3.76739501953	-1
3.76739501953	-1
3.76750588417	-1
3.76750588417	-1
3.77503395081	-1
3.77503395081	-1
3.77503395081	-1
3.78238797188	-1
3.78238797188	-1
3.78316402435	-1
3.78316402435	-1
3.78316402435	-1
3.78316402435	-1
3.78316402435	-1
3.78386187553	-1
3.78386187553	-1
3.78386187553	-1
3.78386187553	-1
3.78386187553	-1
3.78386187553	-1
3.78386187553	-1
3.78449988365	-1
3.78449988365	-1
3.78551888466	-1
3.78551888466	-1
3.78646087646	-1
3.78646087646	-1
3.78646087646	-1
3.78646087646	-1
3.78646087646	-1
3.78646087646	-1
3.79389595985	-1
3.79389595985	-1
3.79389595985	-1
3.79404187202	-1
3.79404187202	-1
3.79404187202	-1
3.79404187202	-1
3.79404187202	-1
3.79404187202	-1
3.79404187202	-1
3.79542207718	-1
3.79856991768	-1
3.79856991768	-1
3.79856991768	-1
3.79856991768	-1
3.79856991768	-1
3.79856991768	-1
3.80851602554	-1
3.80851602554	-1
3.80862402916	-1
3.80862402916	-1
3.80862402916	-1
3.80862402916	-1
3.80862402916	-1
3.80862402916	-1
3.80862402916	-1
3.80862402916	-1
3.80964708328	-1
3.80964708328	-1
3.82098698616	-1
3.82098698616	-1
3.82098698616	-1
3.82103300095	-1
3.82103300095	-1
3.82103300095	-1
3.82103300095	-1
3.82103300095	-1
3.82103300095	-1
3.82103300095	-1
3.82103300095	-1
3.86077904701	-1
3.86077904701	-1
3.86077904701	-1
3.86077904701	-1
3.86077904701	-1
3.86081194878	1
3.87448000908	-1
3.87459301949	-1
3.87459301949	-1
3.89391708374	-1
3.89391708374	-1
3.89391708374	-1
3.89391708374	-1
3.89391708374	-1
3.89391708374	-1
3.89391708374	-1
3.89391708374	-1
3.89440798759	-1
3.91041994095	-1
3.91041994095	-1
3.91041994095	-1
3.91041994095	-1
3.91041994095	-1
3.91041994095	-1
3.91041994095	-1
3.91041994095	-1
3.91635894775	-1
3.91647386551	-1
3.91647386551	-1
3.93765497208	-1
3.93765497208	-1
3.93765497208	-1
3.93765497208	-1
3.93768787384	1
3.95733594894	-1
3.96725106239	-1
3.96725106239	-1
3.96725106239	-1
3.96730089188	-1
3.96730089188	-1
3.96730089188	-1
3.96730089188	-1
3.96730089188	-1
3.96730089188	-1
3.96730089188	-1
3.98064398766	-1
3.98064398766	-1
3.98064398766	-1
3.99232506752	-1
3.99232506752	-1
3.99232506752	-1
3.99232506752	-1
3.99232506752	-1
3.99232506752	-1
4.01870799065	-1
4.01870799065	-1
4.01907587051	-1
4.01907587051	-1
4.02595686913	-1
4.02595686913	-1
4.02595686913	-1
4.02595686913	-1
4.02595686913	-1
4.02595686913	-1
4.02595686913	-1
4.02595686913	-1
4.02595686913	-1
4.02632594109	-1
4.02632594109	-1
4.02632594109	-1
4.02632594109	-1
4.02632594109	-1
4.02765107155	1
4.0456469059	-1
4.0456469059	-1
4.0456469059	-1
4.06178307533	-1
4.06178307533	-1
4.06178307533	-1
4.06864309311	-1
4.06864309311	-1
4.06864309311	-1
4.06864309311	-1
4.06864309311	-1
4.06864309311	-1
4.06864309311	-1
4.06864309311	-1
4.07718491554	-1
4.07718491554	-1
4.07718491554	-1
4.07718491554	-1
4.07718491554	-1
4.07718491554	-1
4.07718491554	-1
4.08502697945	-1
4.08513998985	-1
4.08513998985	-1
4.08513998985	-1
4.08513998985	-1
4.08513998985	-1
4.08513998985	-1
4.08513998985	-1
4.09297204018	-1
4.09310603142	-1
4.09310603142	-1
4.09310603142	-1
4.09310603142	-1
4.09310603142	-1
4.09310603142	-1
4.09310603142	-1
4.09598302841	-1
4.09740996361	-1
4.09740996361	-1
4.09740996361	-1
4.09740996361	-1
4.09740996361	-1
4.09740996361	-1
4.09740996361	-1
4.09899401665	-1
4.09899401665	-1
4.09899401665	-1
4.09899401665	-1
4.09899401665	-1
4.09899401665	-1
4.09899401665	-1
4.10061097145	-1
4.10061097145	-1
4.10061097145	-1
4.10061097145	-1
4.10061097145	-1
4.10061097145	-1
4.10061097145	-1
4.10061097145	-1
4.10505390167	-1
4.10505390167	-1
4.10505390167	-1
4.10506486893	1
4.10506486893	1
4.1078748703	-1
4.1078748703	-1
4.10799503326	-1
4.10799503326	-1
4.10799503326	-1
4.10893893242	-1
4.10893893242	-1
4.11174798012	-1
4.11174798012	-1
4.11174798012	-1
4.11273002625	-1
4.11273002625	-1
4.11273002625	-1
4.11938405037	-1
4.11938405037	-1
4.11943602562	-1
4.11943602562	-1
4.11943602562	-1
4.11943602562	-1
4.11943602562	-1
4.11943602562	-1
4.11943602562	-1
4.12853288651	-1
4.12857794762	-1
4.12857794762	-1
4.12857794762	-1
4.12857794762	-1
4.12857794762	-1
4.12857794762	-1
4.12857794762	-1
4.14607286453	-1
4.14607286453	-1
4.14607286453	-1
4.14607286453	-1
4.14607286453	-1
4.14607286453	-1
4.14607286453	-1
4.14607286453	-1
4.14643287659	-1
4.14643287659	-1
4.14643287659	-1
4.14643287659	-1
4.14643287659	-1
4.14643287659	-1
4.14643287659	-1
4.14643287659	-1
4.15122509003	-1
4.15122509003	-1
4.15122509003	-1
4.15122509003	-1
4.15122509003	-1
4.15122509003	-1
4.15122509003	-1
4.15122509003	-1
4.1685590744	-1
4.1685590744	-1
4.1685590744	-1
4.1685590744	-1
4.1685590744	-1
4.1685590744	-1
4.1685590744	-1
4.1685590744	-1
4.1685590744	-1
4.16891789436	-1
4.16891789436	-1
4.16891789436	-1
4.16891789436	-1
4.16891789436	-1
4.16891789436	-1
4.17294096947	-1
4.17294096947	-1
4.17294096947	-1
4.17294096947	-1
4.17294096947	-1
4.17294096947	-1
4.17294096947	-1
4.17294096947	-1
4.17330002785	-1
4.17330002785	-1
4.17330002785	-1
4.17330002785	-1
4.17330002785	-1
4.17330002785	-1
4.17883896828	-1
4.17884993553	1
4.17884993553	1
4.17886590958	-1
4.17886590958	-1
4.17886590958	-1
4.17886590958	-1
4.17886590958	-1
4.17886590958	-1
4.17886590958	-1
4.17886590958	-1
4.17919802666	-1
4.17919802666	-1
4.17919802666	-1
4.17919802666	-1
4.17919802666	-1
4.17919802666	-1
4.17919802666	-1
4.17919802666	-1
4.17956805229	-1
4.23070597649	-1
4.23070597649	-1
4.23070597649	-1
4.23070597649	-1
4.23070597649	-1
4.23070597649	-1
4.23070597649	-1
4.23070597649	-1
4.23095393181	-1
4.23095393181	-1
4.23095393181	-1
4.23095393181	-1
4.23095393181	-1
4.23114299774	-1
4.231320858	-1
4.231320858	-1
4.231320858	-1
4.23134589195	-1
4.23134589195	-1
4.23134589195	-1
4.23134589195	-1
4.23134589195	-1
4.23134589195	-1
4.23134589195	-1
4.23169088364	-1
4.24260306358	-1
4.24260306358	-1
4.24272894859	-1
4.24272894859	-1
4.24272894859	-1
4.24272894859	-1
4.24272894859	-1
4.24272894859	-1
4.24272894859	-1
4.24297690392	-1
4.24297690392	-1
4.24297690392	-1
4.24297690392	-1
4.24297690392	-1
4.2505068779	-1
4.2505068779	-1
4.25061893463	-1
4.25061893463	-1
4.25061893463	-1
4.25061893463	-1
4.25061893463	-1
4.25085806847	-1
4.25085806847	-1
4.25085806847	-1
4.25085806847	-1
4.25085806847	-1
4.25085806847	-1
4.25085806847	-1
4.25110387802	-1
4.25110387802	-1
4.25110387802	-1
4.25110387802	-1
4.25134897232	-1
4.25134897232	-1
4.25134897232	-1
4.25134897232	-1
4.25134897232	-1
4.25134897232	-1
4.25159502029	-1
4.25159502029	-1
4.25159502029	-1
4.25375699997	1
4.25375699997	1
4.25375699997	1
4.25664997101	-1
4.25664997101	-1
4.25664997101	-1
4.25664997101	-1
4.25664997101	-1
4.25664997101	-1
4.25664997101	-1
4.25664997101	-1
4.25700092316	-1
4.25700092316	-1
4.2570579052	-1
4.2570579052	-1
4.2570579052	-1
4.26672506332	-1
4.26672506332	-1
4.26672506332	-1
4.26672506332	-1
4.26672506332	-1
4.26672506332	-1
4.26672506332	-1
4.27889108658	-1
4.30471801758	-1
4.30471801758	-1
4.30471801758	-1
4.30471801758	-1
4.30471801758	-1
4.30471801758	-1
4.30471801758	-1
4.30471801758	-1
4.30496287346	-1
4.30508589745	-1
4.30508589745	-1
4.30508589745	-1
4.30508589745	-1
4.30508589745	-1
4.30508589745	-1
4.30508589745	-1
4.30508589745	-1
4.30545496941	-1
4.30545496941	-1
4.30545496941	-1
4.30545496941	-1
4.30545496941	-1
4.30545496941	-1
4.30545496941	-1
4.30545496941	-1
4.30584692955	-1
4.30584692955	-1
4.30584692955	-1
4.30584692955	-1
4.30584692955	-1
4.30584692955	-1
4.30584692955	-1
4.30584692955	-1
4.30608892441	-1
4.30608892441	-1
4.30608892441	-1
4.30608892441	-1
4.30608892441	-1
4.30608892441	-1
4.30608892441	-1
4.30608892441	-1
4.32534503937	-1
4.32534503937	-1
4.32534503937	-1
4.32534503937	-1
4.32534503937	-1
4.32534503937	-1
4.32534503937	-1
4.32568693161	-1
4.32568693161	-1
4.32568693161	-1
4.32568693161	-1
4.32568693161	-1
4.32568693161	-1
4.32568693161	-1
4.32568693161	-1
4.32605600357	-1
4.32605600357	-1
4.32605600357	-1
4.32605600357	-1
4.32605600357	-1
4.32605600357	-1
4.32605600357	-1
4.32605600357	-1
4.32642388344	-1
4.32642388344	-1
4.32642388344	-1
4.32642388344	-1
4.32642388344	-1
4.32642388344	-1
4.32642388344	-1
4.32642388344	-1
4.33088207245	1
4.33088207245	1
4.33264708519	-1
4.33264708519	-1
4.33264708519	-1
4.33264708519	-1
4.33264708519	-1
4.33264708519	-1
4.33264708519	-1
4.33264708519	-1
4.33299803734	-1
4.33299803734	-1
4.33299803734	-1
4.33299803734	-1
4.33299803734	-1
4.35345697403	-1
4.35345697403	-1
4.35345697403	-1
4.35345697403	-1
4.35345697403	-1
4.35345697403	-1
4.35345697403	-1
4.35345697403	-1
4.35345697403	-1
4.35380387306	-1
4.35380387306	-1
4.35380387306	-1
4.35380387306	-1
4.35380387306	-1
4.35380387306	-1
4.35380387306	-1
4.35380387306	-1
4.35417294502	-1
4.35417294502	-1
4.35417294502	-1
4.35417294502	-1
4.35417294502	-1
4.35417294502	-1
4.35417294502	-1
4.35417294502	-1
4.37953305244	-1
4.37953305244	-1
4.37953305244	-1
4.37953305244	-1
4.37953305244	-1
4.37953305244	-1
4.37953305244	-1
4.38267707825	-1
4.38278198242	-1
4.38278198242	-1
4.38278198242	-1
4.38278198242	-1
4.38290500641	-1
4.38290500641	-1
4.38290500641	-1
4.38302898407	-1
4.38395309448	1
4.38395309448	1
4.38395309448	1
4.39901399612	-1
4.39901399612	-1
4.39901399612	-1
4.39901399612	-1
4.39901399612	-1
4.39901399612	-1
4.39901399612	-1
4.39901399612	-1
4.39901399612	-1
4.39901399612	-1
4.39936804771	-1
4.39936804771	-1
4.39936804771	-1
4.39936804771	-1
4.39936804771	-1
4.39936804771	-1
4.39936804771	-1
4.57507586479	-1
4.59357786179	1
4.59621906281	1
4.59621906281	1
4.59621906281	1
4.59701490402	1
4.59701490402	1
4.67005586624	1
4.67005586624	1
5.00389885902	-1
5.00666189194	-1
5.00666189194	-1
5.00666189194	-1
5.00666189194	-1
5.01002001762	-1
5.01002001762	-1
5.02257490158	-1
5.02257490158	-1
5.02257490158	-1
5.02363801003	-1
5.02363801003	-1
5.0237429142	-1
5.0237429142	-1
5.0237429142	-1
5.0237429142	-1
5.0237429142	-1
5.0237429142	-1
5.07727408409	-1
5.07727408409	-1
5.12232708931	-1
5.12232708931	-1
5.12232708931	-1
5.15367889404	-1
5.18542003632	-1
5.18542003632	-1
5.18542003632	-1
5.18552494049	-1
5.18552494049	-1
5.18552494049	-1
5.18552494049	-1
5.18552494049	-1
5.18552494049	-1
5.18552494049	-1
5.18583106995	-1
5.30196690559	-1
5.30196690559	-1
5.30196690559	-1
5.30196690559	-1
5.30196690559	-1
5.30196690559	-1
5.30196690559	-1
5.34515404701	-1
5.34636187553	1
5.36348605156	1
5.36348605156	1
5.36348605156	1
5.41987204552	1
5.82552504539	-1
5.90770506859	-1
5.90770506859	-1
5.90770506859	-1
5.90770506859	-1
5.91851687431	-1
5.91851687431	-1
5.91851687431	-1
5.91851687431	-1
5.91851687431	-1
5.91851687431	-1
5.91851687431	-1
5.91851687431	-1
5.91944003105	-1
5.91944003105	-1
5.91947197914	-1
5.91947197914	-1
5.91947197914	-1
5.91947197914	-1
5.91947197914	-1
5.91947197914	-1
5.91947197914	-1
5.93489789963	-1
5.93648505211	-1
5.93648505211	-1
5.97754502296	-1
5.97754502296	-1
5.97754502296	-1
5.97754502296	-1
5.97754502296	-1
5.97754502296	-1
5.97754502296	-1
6.02127790451	-1
6.02127790451	-1
6.02127790451	-1
6.02127790451	-1
6.02127790451	-1
6.02127790451	-1
6.02478694916	-1
6.02478694916	-1
6.02478694916	-1
6.02478694916	-1
6.02478694916	-1
6.02478694916	-1
6.02478694916	-1
6.02506399155	-1
6.02780199051	-1
6.02780199051	-1
6.02780199051	-1
6.02780199051	-1
6.03094005585	-1
6.03100204468	-1
6.03100204468	-1
6.03100204468	-1
6.03100204468	-1
6.03100204468	-1
6.03100204468	-1
6.03100204468	-1
6.03100204468	-1
6.05235695839	-1
6.05235695839	-1
6.05235695839	-1
6.05235695839	-1
6.05235695839	-1
6.06172394753	-1
6.06172394753	-1
6.06172394753	-1
6.06172394753	-1
6.06172394753	-1
6.06172394753	-1
6.06172394753	-1
6.09506487846	-1
6.09506487846	-1
6.09506487846	-1
6.09506487846	-1
6.10148000717	1
6.12897396088	-1
6.12897396088	-1
6.12897396088	-1
6.12897396088	-1
6.12897396088	-1
6.25106692314	1
6.25165987015	1
6.25165987015	1
6.25165987015	1
6.28800702095	1
6.28800702095	1
6.32472586632	1
6.32472586632	1
6.45668196678	1
6.46085786819	1
6.46085786819	1
6.46085786819	1
6.60349392891	1
6.60349392891	1
6.68922591209	-1
6.69076490402	1
6.72933101654	-1
6.72933101654	-1
6.72933101654	-1
6.72933101654	-1
6.72933101654	-1
6.72933101654	-1
6.72933101654	-1
6.72933101654	-1
6.73679089546	-1
6.73875594139	-1
6.73875594139	-1
6.74292302132	-1
6.74292302132	-1
6.74292302132	-1
6.74292302132	-1
6.74292302132	-1
6.74292302132	-1
6.74292302132	-1
6.74781799316	-1
6.74865603447	-1
6.74865603447	-1
6.74865603447	-1
6.74865603447	-1
6.74865603447	-1
6.74865603447	-1
6.74865603447	-1
6.7648229599	1
6.7648229599	1
6.82137489319	-1
6.82137489319	-1
6.82137489319	-1
6.82319092751	-1
6.82319092751	-1
6.82319092751	-1
6.82319092751	-1
6.82319092751	-1
6.82319092751	-1
6.82319092751	-1
6.82319092751	-1
6.82539796829	-1
6.82539796829	-1
6.82539796829	-1
6.82539796829	-1
6.82539796829	-1
6.82539796829	-1
6.840061903	-1
6.840061903	-1
6.840061903	-1
6.8405880928	-1
6.8405880928	-1
6.8405880928	-1
6.8405880928	-1
6.8405880928	-1
6.8405880928	-1
6.89654707909	-1
6.89654707909	-1
6.89654707909	-1
6.89668703079	-1
6.89682197571	-1
6.89682197571	-1
6.89682197571	-1
6.89682197571	-1
6.89696002007	-1
6.89899706841	-1
6.89899706841	-1
6.89899706841	-1
6.89899706841	-1
6.89911794662	-1
6.89911794662	-1
6.90029597282	1
6.90079689026	1
6.90079689026	1
6.90079689026	1
6.90079689026	1
6.90079689026	1
6.90253901482	1
6.90330886841	1
6.90330886841	1
6.90330886841	1
6.90330886841	1
6.90330886841	1
6.90330886841	1
6.90330886841	1
6.90330886841	1
6.9033908844	1
6.9033908844	1
6.9033908844	1
6.9033908844	1
6.91347098351	-1
7.17927002907	-1
7.18033289909	1
7.2529270649	-1
7.2529270649	-1
7.25433206558	1
7.32791996002	-1
7.32791996002	-1
7.33377289772	-1
7.33377289772	-1
7.33377289772	-1
7.38421201706	-1
7.38421201706	-1
7.38421201706	-1
7.38431596756	-1
7.38431596756	-1
7.38431596756	-1
7.38431596756	-1
7.38431596756	-1
7.38768601418	-1
7.38768601418	-1
7.39055109024	-1
7.39055109024	-1
7.39055109024	-1
7.39055109024	-1
7.39055109024	-1
7.39285588264	-1
7.39570403099	-1
7.39570403099	-1
7.40000104904	1
7.40782999992	-1
7.40782999992	-1
7.43475198746	1
7.43475198746	1
7.43475198746	1
7.4515850544	-1
7.4515850544	-1
7.4515850544	-1
7.45522403717	-1
7.45522403717	-1
7.45522403717	-1
7.45522403717	-1
7.45522403717	-1
7.46503996849	-1
7.46503996849	-1
7.46503996849	-1
7.46509194374	-1
7.46509194374	-1
7.46509194374	-1
7.46509194374	-1
7.46509194374	-1
7.46770405769	-1
7.46770405769	-1
7.46770405769	-1
7.52037596703	-1
7.52037596703	-1
7.52037596703	-1
7.52380800247	-1
7.52380800247	-1
7.52380800247	-1
7.52380800247	-1
7.52380800247	-1
7.52380800247	-1
7.52380800247	-1
7.52620005608	-1
7.53011798859	-1
7.53011798859	-1
7.53011798859	-1
7.55112099648	-1
7.55112099648	-1
7.55112099648	-1
7.55112099648	-1
7.55112099648	-1
7.55112099648	-1
7.55112099648	-1
7.55112099648	-1
7.55140686035	-1
7.55140686035	-1
7.55140686035	-1
7.55140686035	-1
7.55140686035	-1
7.55140686035	-1
7.55140686035	-1
7.55140686035	-1
7.58224797249	-1
7.58224797249	-1
7.58224797249	-1
7.58224797249	-1
7.583796978	-1
7.58381295204	1
7.58381295204	1
7.59814405441	-1
7.59814405441	-1
7.59814405441	-1
7.59814405441	-1
7.59814405441	-1
7.59814405441	-1
7.59814405441	-1
7.5997300148	-1
7.59984993935	-1
7.59984993935	-1
7.59984993935	-1
7.62501192093	-1
7.62501192093	-1
7.62501192093	-1
7.62501192093	-1
7.62501192093	-1
7.62501192093	-1
7.62501192093	-1
7.63659906387	-1
7.63659906387	-1
7.63659906387	-1
7.63659906387	-1
7.63659906387	-1
7.64065289497	-1
7.64065289497	-1
7.64587497711	-1
7.65404605865	-1
7.65404605865	-1
7.65404605865	-1
7.65404605865	-1
7.65900206566	-1
7.65900206566	-1
7.65900206566	-1
7.65900206566	-1
7.65900206566	-1
7.66047096252	-1
7.66047096252	-1
7.66047096252	-1
7.66047096252	-1
7.66047096252	-1
7.672123909	-1
7.672123909	-1
7.672123909	-1
7.672123909	-1
7.672123909	-1
7.672123909	-1
7.672123909	-1
7.672123909	-1
7.71006798744	-1
7.71006798744	-1
7.75854301453	-1
7.75854301453	-1
7.75854301453	-1
7.75854301453	-1
7.76954102516	-1
7.76954102516	-1
7.76954102516	-1
7.76954102516	-1
7.76954102516	-1
7.76954102516	-1
7.77061390877	1
7.77512788773	-1
7.77799487114	-1
7.77799487114	-1
7.77799487114	-1
7.77799487114	-1
7.77799487114	-1
7.77799487114	-1
7.77799487114	-1
7.78442788124	-1
7.79745292664	-1
7.79745292664	-1
7.79745292664	-1
7.8051109314	-1
7.8051109314	-1
7.8051109314	-1
7.8051109314	-1
7.8051109314	-1
7.81326007843	-1
7.81326007843	-1
7.81326007843	-1
7.81326007843	-1
7.81326007843	-1
7.81326007843	-1
7.81326007843	-1
7.81326007843	-1
7.83315992355	-1
7.83315992355	-1
7.83315992355	-1
7.83315992355	-1
7.83327007294	-1
7.83327007294	-1
7.83327007294	-1
7.83327007294	-1
7.83327007294	-1
7.83327007294	-1
7.84396004677	-1
7.85192394257	-1
7.85192394257	-1
7.85192394257	-1
7.85195803642	1
7.85199403763	-1
7.85199403763	-1
7.85199403763	-1
7.85199403763	-1
7.85199403763	-1
7.85792398453	-1
7.85792398453	-1
7.85792398453	-1
7.85792398453	-1
7.85792398453	-1
7.85792398453	-1
7.87905788422	-1
7.87905788422	-1
7.87905788422	-1
7.87905788422	-1
7.87905788422	-1
7.87905788422	-1
7.87905788422	-1
7.87905788422	-1
7.88739895821	-1
7.88739895821	-1
7.88739895821	-1
7.88739895821	-1
7.88751292229	-1
7.90666890144	-1
7.90666890144	-1
7.90666890144	-1
7.90666890144	-1
7.90666890144	-1
7.90666890144	-1
7.90666890144	-1
7.91744089127	-1
7.91746306419	-1
7.91746306419	-1
7.91746306419	-1
7.91746306419	-1
7.91746306419	-1
7.91746306419	-1
7.91746306419	-1
7.92554092407	1
7.93169403076	-1
7.93169403076	-1
7.93169403076	-1
7.93169403076	-1
7.93169403076	-1
7.95301294327	-1
7.95312595367	-1
7.95312595367	-1
7.95312595367	-1
7.95312595367	-1
7.95312595367	-1
7.95312595367	-1
7.96099090576	-1
7.96099090576	-1
7.96099090576	-1
7.96099090576	-1
7.96099090576	-1
7.96099090576	-1
7.96099090576	-1
7.96172809601	-1
7.98016405106	-1
7.98016405106	-1
7.98016405106	-1
7.98016405106	-1
7.98026490211	-1
7.98026490211	-1
7.98026490211	-1
7.98026490211	-1
7.98026490211	-1
7.99128293991	-1
7.99128293991	-1
7.99128293991	-1
7.99128293991	-1
7.99918603897	-1
7.99921894073	1
7.9992480278	-1
7.9992480278	-1
8.00586891174	-1
8.00586891174	-1
8.00586891174	-1
8.00586891174	-1
8.00586891174	-1
8.00586891174	-1
8.00586891174	-1
8.02657198906	-1
8.02657198906	-1
8.02657198906	-1
8.02657198906	-1
8.02657198906	-1
8.02657198906	-1
8.02657198906	-1
8.02657198906	-1
8.03449201584	-1
8.0353770256	-1
8.0353770256	-1
8.0353770256	-1
8.0353770256	-1
8.0353770256	-1
8.0353770256	-1
8.0353770256	-1
8.0353770256	-1
8.05491805077	-1
8.05491805077	-1
8.05491805077	-1
8.05491805077	-1
8.06584692001	-1
8.06584692001	-1
8.06584692001	-1
8.06584692001	-1
8.06584692001	-1
8.06584692001	-1
8.06584692001	-1
8.07293105125	-1
8.07293105125	-1
8.07293105125	-1
8.07293105125	-1
8.07293105125	-1
8.07293105125	-1
8.07293105125	-1
8.07293105125	-1
8.07296395302	1
8.10084199905	-1
8.10084199905	-1
8.10084199905	-1
8.10084199905	-1
8.10084199905	-1
8.10084199905	-1
8.10084199905	-1
8.10084199905	-1
8.18230485916	1
8.25719690323	-1
8.25721287727	1
8.277312994	1
8.277312994	1
8.277312994	1
8.47149586678	1
8.52504491806	1
8.52504491806	1
8.52504491806	1
8.54486894608	1
8.66814303398	-1
8.67418789864	1
8.74826598167	1
8.77880597115	-1
8.8607468605	-1
8.8607468605	-1
8.8607468605	-1
8.89238095284	1
8.96223807335	-1
8.96223807335	-1
8.96426105499	1
8.96426105499	1
8.96426105499	1
9.03790092468	-1
9.14257502556	1
9.19748687744	-1
9.21773195267	1
9.27085494995	-1
9.27085494995	-1
9.33086705208	1
9.33086705208	1
9.38747286797	-1
9.46077895164	-1
9.4623298645	1
9.48705101013	-1
9.48705101013	-1
9.48705101013	-1
9.48705101013	-1
9.48705101013	-1
9.48705101013	-1
9.48705101013	-1
9.51013994217	-1
9.5102660656	-1
9.5102660656	-1
9.5102660656	-1
9.53422403336	-1
9.597853899	-1
9.597853899	-1
9.597853899	-1
9.597853899	-1
9.597853899	-1
9.597853899	-1
9.597853899	-1
9.597853899	-1
9.6485080719	-1
9.6485080719	-1
9.73093104362	-1
9.73926401138	1
9.80460596085	-1
9.80460596085	-1
9.82841897011	-1
9.82841897011	-1
9.82841897011	-1
9.89766097069	-1
9.89766097069	-1
9.89766097069	-1
9.89766097069	-1
9.89766097069	-1
9.89766097069	-1
9.89766097069	-1
9.91606998444	-1
9.91606998444	-1
9.91606998444	-1
9.91815590858	-1
9.91815590858	-1
9.91963291168	-1
9.91963291168	-1
9.91963291168	-1
9.91981887817	-1
9.91981887817	-1
9.91981887817	-1
9.91981887817	-1
9.91981887817	-1
9.92046904564	1
9.92225193977	-1
9.92225193977	-1
9.92225193977	-1
9.92700505257	-1
9.92700505257	-1
9.98939490318	-1
10.0745699406	1
10.089550972	-1
10.089550972	-1
10.089550972	-1
10.1004040241	-1
10.1196739674	-1
10.1196739674	-1
10.1196739674	-1
10.1196739674	-1
10.1196739674	-1
10.3304688931	-1
10.4055080414	-1
10.4055080414	-1
10.4070749283	1
10.7706670761	-1
10.9487469196	-1
11.0221428871	-1
11.0768198967	-1
11.0768198967	-1
11.0768198967	-1
11.0768198967	-1
11.6863889694	-1
11.8394858837	-1
11.9918248653	-1
12.2971019745	-1
12.4004950523	-1
12.602519989	-1
17.5125439167	-1
17.6006789207	-1
19.743336916	1
19.8174049854	1
20.0021300316	-1
20.1537559032	-1
20.2542898655	-1
20.457023859	-1
20.4679200649	1
20.4706990719	1
20.4706990719	1
20.4706990719	1
20.4718439579	1
20.4718439579	1
20.4729409218	1
20.4729409218	1
20.4729409218	1
20.4748618603	1
20.4748618603	1
20.4871749878	1
20.4871749878	1
20.4871749878	1
20.5648999214	-1
20.6764709949	-1
20.7245578766	1
20.7981419563	1
20.9179360867	-1
20.9912378788	-1
21.1045150757	-1
21.1045150757	-1
21.1050238609	1
21.2237620354	-1
21.3764710426	-1
21.3764710426	-1
21.6796650887	-1
21.7537698746	-1
21.8026330471	-1
21.8026330471	-1
21.8026330471	-1
21.8026330471	-1
21.8348810673	1
21.8520050049	1
21.8520050049	1
21.8520050049	1
22.1023700237	1
22.3943638802	-1
22.5442740917	-1
22.545290947	1
22.6180560589	-1
22.6194598675	1
22.7764959335	-1
22.7849168777	1
22.8582649231	1
23.0243709087	-1
23.0285460949	-1
23.0285460949	-1
23.0285460949	-1
23.0285460949	-1
23.0285460949	-1
23.0285460949	-1
23.0285460949	-1
23.0472619534	-1
23.0473098755	-1
23.0473098755	-1
23.0473098755	-1
23.1754529476	-1
23.1754529476	-1
23.1784720421	1
23.2516958714	1
23.2516958714	1
23.5953478813	-1
23.7082850933	-1
23.9169940948	-1
24.0173380375	-1
24.0297670364	1
24.1035540104	1
24.1035540104	1
24.4763450623	-1
24.6834709644	-1
24.7724370956	1
24.7726280689	1
24.7726280689	1
24.7726280689	1
24.7753679752	1
24.7753679752	1
24.7753679752	1
24.7753679752	1
24.775810957	1
24.775810957	1
24.775810957	1
24.775810957	1
24.775810957	1
24.775810957	1
24.775810957	1
24.775810957	1
24.7760159969	1
24.7760159969	1
25.2784759998	-1
