0.0	1
0.250121116638	1
0.643654108047	-1
0.644664049149	1
0.870299100876	-1
0.871744155884	1
0.874541044235	1
0.874541044235	1
0.874541044235	1
0.880896091461	1
0.880896091461	1
0.880896091461	1
1.436617136	-1
1.43823504448	1
1.55258607864	-1
1.55258607864	-1
1.55427503586	1
1.70614099503	1
1.74878811836	-1
1.82014513016	1
1.91771697998	-1
1.91771697998	-1
1.93423509598	1
2.01083707809	-1
2.01083707809	-1
2.01083707809	-1
2.01083707809	-1
2.01083707809	-1
2.01083707809	-1
2.01083707809	-1
2.01083707809	-1
2.01083707809	-1
2.05956196785	1
2.15064406395	-1
2.25349116325	-1
2.25349116325	-1
2.25349116325	-1
2.25349116325	-1
2.25349116325	-1
2.25349116325	-1
2.25349116325	-1
2.25349116325	-1
2.30917596817	1
2.36558008194	-1
2.36558008194	-1
2.36558008194	-1
2.36558008194	-1
2.36558008194	-1
2.36558008194	-1
2.38172507286	-1
2.38172507286	-1
2.38172507286	-1
2.3859000206	-1
2.3859000206	-1
2.3859000206	-1
2.38708496094	-1
2.41987204552	-1
2.41987204552	-1
2.46443915367	-1
2.46443915367	-1
2.46443915367	-1
2.67149209976	-1
2.6726231575	1
2.76012611389	-1
2.76012611389	-1
2.76012611389	-1
2.76012611389	-1
2.76012611389	-1
2.76012611389	-1
2.8562130928	-1
2.8562130928	-1
2.8562130928	-1
2.8562130928	-1
2.8562130928	-1
2.8562130928	-1
2.8562130928	-1
2.85885596275	-1
2.92170405388	-1
2.92170405388	-1
2.92170405388	-1
2.92213606834	-1
2.92213606834	-1
3.07961416245	-1
3.07961416245	-1
3.10487508774	1
3.18412399292	1
3.18412399292	1
3.18412399292	1
3.18412399292	1
3.18412399292	1
3.18412399292	1
3.19448900223	-1
3.19448900223	-1
3.20404005051	1
3.20404005051	1
3.20404005051	1
