0.0	1
0.250816106796	1
0.489073991776	-1
0.490605115891	1
0.769448041916	-1
0.77025604248	1
0.773408174515	1
0.773408174515	1
0.773408174515	1
0.866928100586	1
0.866928100586	1
0.866928100586	1
1.25833320618	-1
1.26005601883	1
1.39402508736	-1
1.39402508736	-1
1.39402508736	-1
1.39578008652	1
1.59022712708	1
1.59022712708	1
1.62525010109	-1
1.72598099709	1
1.72716999054	-1
1.72716999054	-1
1.72716999054	-1
1.76466608047	-1
1.76466608047	-1
1.76466608047	-1
1.76466608047	-1
1.76466608047	-1
1.76466608047	-1
1.76466608047	-1
1.89826321602	1
1.98311400414	-1
1.99198102951	-1
1.99198102951	-1
1.99198102951	-1
1.99198102951	-1
1.99198102951	-1
1.99198102951	-1
1.99198102951	-1
1.99198102951	-1
2.04178714752	-1
2.04178714752	-1
2.04178714752	-1
2.04178714752	-1
2.04178714752	-1
2.04178714752	-1
2.04178714752	-1
2.04178714752	-1
2.04178714752	-1
2.08592200279	1
2.11927819252	-1
2.11927819252	-1
2.11938214302	-1
2.11938214302	-1
2.11938214302	-1
2.11938214302	-1
2.11938214302	-1
2.11938214302	-1
2.11938214302	-1
2.5422232151	-1
2.54353904724	1
2.68076014519	-1
2.86169600487	-1
2.86169600487	-1
2.86169600487	-1
2.86169600487	-1
2.86169600487	-1
2.86169600487	-1
2.86169600487	-1
2.86169600487	-1
2.86169600487	-1
2.87001609802	-1
2.87001609802	-1
2.87001609802	-1
2.87001609802	-1
2.87001609802	-1
2.87001609802	-1
2.87001609802	-1
2.87024998665	-1
2.89470505714	-1
2.89470505714	-1
2.89470505714	-1
2.89470505714	-1
2.89470505714	-1
2.89470505714	-1
2.89470505714	-1
2.89470505714	-1
2.89470505714	-1
2.89748501778	1
2.93643021584	1
2.93643021584	1
2.93643021584	1
2.99779319763	-1
2.99779319763	-1
2.99789309502	-1
2.99789309502	-1
2.99789309502	-1
2.99801802635	-1
2.99801802635	-1
2.99813818932	-1
2.99813818932	-1
2.99813818932	-1
3.00217604637	1
3.00217604637	1
3.00238013268	1
3.00238013268	1
3.00238013268	1
3.00238013268	1
3.00238013268	1
3.00238013268	1
3.13430118561	-1
3.30697798729	-1
3.31456518173	1
3.31909704208	-1
3.31909704208	-1
3.31909704208	-1
3.31920409203	-1
3.31920409203	-1
3.31920409203	-1
3.31920409203	-1
3.31920409203	-1
3.31920409203	-1
3.32846307755	-1
3.32846307755	-1
3.32846307755	-1
3.32846307755	-1
3.32846307755	-1
3.32846307755	-1
3.32846307755	-1
3.32846307755	-1
3.33724808693	-1
3.33724808693	-1
3.33724808693	-1
3.33724808693	-1
3.33724808693	-1
3.33724808693	-1
3.33724808693	-1
3.3557331562	-1
3.35645008087	-1
3.35645008087	-1
3.35645008087	-1
3.35645008087	-1
3.35645008087	-1
3.35645008087	-1
3.35645008087	-1
3.40185213089	-1
3.40195703506	-1
3.40195703506	-1
3.40195703506	-1
3.40195703506	-1
3.40195703506	-1
3.40195703506	-1
3.45104002953	1
3.455119133	-1
3.455119133	-1
3.455119133	-1
3.455119133	-1
3.455119133	-1
3.455119133	-1
3.455119133	-1
3.4554669857	-1
3.4554669857	-1
3.4554669857	-1
3.4554669857	-1
3.4554669857	-1
3.4554669857	-1
3.4554669857	-1
3.4554669857	-1
3.47305607796	-1
3.47305607796	-1
3.47305607796	-1
3.47305607796	-1
3.47305607796	-1
3.47305607796	-1
3.47305607796	-1
3.47340607643	-1
3.47340607643	-1
3.47353100777	-1
3.47353100777	-1
3.4736521244	-1
3.4736521244	-1
3.4736521244	-1
3.47377514839	-1
3.47377514839	-1
3.47377514839	-1
3.47377514839	-1
3.47377514839	-1
3.47377514839	-1
3.47829914093	1
3.47829914093	1
3.47829914093	1
3.47829914093	1
3.47829914093	1
3.47829914093	1
3.47829914093	1
3.47880220413	1
3.47880220413	1
3.47921419144	1
3.47921419144	1
3.50772714615	-1
3.50772714615	-1
3.50784707069	-1
3.50784707069	-1
3.50784707069	-1
3.50784707069	-1
3.50784707069	-1
3.50784707069	-1
3.54958820343	-1
3.54958820343	-1
3.54969120026	-1
3.54969120026	-1
3.54972600937	-1
3.54972600937	-1
3.54972600937	-1
3.54972600937	-1
3.54972600937	-1
3.54972600937	-1
3.54972600937	-1
3.54972600937	-1
3.55018210411	-1
3.55018210411	-1
3.55018210411	-1
3.55018210411	-1
3.55018210411	-1
3.55018210411	-1
3.55018210411	-1
3.55247020721	1
3.55247020721	1
3.60896801949	1
3.60899806023	-1
3.60899806023	-1
3.60916209221	-1
3.60916209221	-1
3.60928320885	-1
3.60928320885	-1
3.60928320885	-1
3.60928320885	-1
3.60928320885	-1
3.60928320885	-1
3.60928320885	-1
3.60928320885	-1
3.60965108871	-1
3.60965108871	-1
3.60965108871	-1
3.60965108871	-1
3.60965108871	-1
3.60965108871	-1
3.60991716385	-1
3.60991716385	-1
3.60991716385	-1
3.60991716385	-1
3.60991716385	-1
3.60991716385	-1
3.60991716385	-1
3.60991716385	-1
3.60991716385	-1
3.62273311615	-1
3.62294101715	-1
3.62294101715	-1
3.62294101715	-1
3.62294101715	-1
3.62294101715	-1
3.62294101715	-1
3.62294101715	-1
3.62294101715	-1
3.62331104279	-1
3.62331104279	-1
3.62331104279	-1
3.62331104279	-1
3.62331104279	-1
3.62331104279	-1
3.62331104279	-1
3.62442708015	1
3.62442708015	1
3.62442708015	1
3.6518599987	1
3.6518599987	1
3.68566799164	-1
3.6857252121	-1
3.6857252121	-1
3.6857252121	-1
3.6857252121	-1
3.6857252121	-1
3.6857252121	-1
3.6857252121	-1
3.6857252121	-1
3.68603610992	-1
3.68616008759	-1
3.68616008759	-1
3.68616008759	-1
3.68616008759	-1
3.68616008759	-1
3.68616008759	-1
3.68616008759	-1
3.68616008759	-1
3.74481010437	1
3.74484014511	-1
3.74484014511	-1
3.74484014511	-1
3.74484014511	-1
3.74484014511	-1
3.7451171875	-1
3.7451171875	-1
3.7451171875	-1
3.7451171875	-1
3.7451171875	-1
3.7451171875	-1
3.7451171875	-1
3.7451171875	-1
3.74536299706	-1
3.74548506737	-1
3.74548506737	-1
3.74548506737	-1
3.74548506737	-1
3.74881005287	1
3.74881005287	1
3.74881005287	1
3.87391400337	-1
3.87391400337	-1
3.87391400337	-1
3.8740670681	-1
3.8740670681	-1
3.87439513206	-1
3.87439513206	-1
3.87439513206	-1
3.87451815605	-1
3.87451815605	-1
3.87451815605	-1
3.87451815605	-1
3.87451815605	-1
3.87451815605	-1
3.87476301193	-1
3.87476301193	-1
3.87476301193	-1
3.87476301193	-1
3.87476301193	-1
3.87476301193	-1
3.87476301193	-1
3.87476301193	-1
3.88145709038	1
3.88760519028	-1
3.88760519028	-1
3.88760519028	-1
3.88760519028	-1
3.88760519028	-1
3.88760519028	-1
3.88760519028	-1
3.88760519028	-1
3.88778614998	-1
3.8879570961	-1
3.8879570961	-1
3.8879570961	-1
3.89462900162	-1
3.89462900162	-1
3.894739151	-1
3.894739151	-1
3.894739151	-1
3.894739151	-1
3.894739151	-1
3.894739151	-1
3.894739151	-1
3.89497900009	-1
3.89510512352	-1
3.89510512352	-1
3.89510512352	-1
3.89510512352	-1
3.89510512352	-1
3.89510512352	-1
3.89535307884	-1
3.89535307884	-1
3.89535307884	-1
3.89535307884	-1
3.89535307884	-1
3.89535307884	-1
3.89535307884	-1
3.89535307884	-1
3.89836621284	1
3.89836621284	1
3.89836621284	1
3.89836621284	1
3.89971113205	1
3.89971113205	1
3.92899417877	-1
3.92899417877	-1
3.92899417877	-1
3.92899417877	-1
3.92899417877	-1
3.92899417877	-1
3.92899417877	-1
3.92922019958	-1
3.92934298515	-1
3.92934298515	-1
3.92934298515	-1
3.92934298515	-1
3.92934298515	-1
3.92961001396	-1
3.92961001396	-1
3.92961001396	-1
3.92961001396	-1
3.92961001396	-1
3.92961001396	-1
3.92961001396	-1
3.92984700203	-1
3.92997813225	-1
3.92997813225	-1
3.92997813225	-1
3.92997813225	-1
3.92997813225	-1
3.93005299568	-1
4.01105213165	-1
4.01105213165	-1
4.01115703583	-1
4.01115703583	-1
4.01115703583	-1
4.01115703583	-1
4.01115703583	-1
4.03430104256	-1
4.03430104256	-1
4.03430104256	-1
4.03430104256	-1
4.03430104256	-1
4.03430104256	-1
4.03430104256	-1
4.03430104256	-1
4.0347070694	-1
4.0348341465	-1
4.0348341465	-1
4.0348341465	-1
4.0348341465	-1
4.0348341465	-1
4.0348341465	-1
4.0348341465	-1
4.0348341465	-1
4.03520011902	-1
4.03520011902	-1
4.03520011902	-1
4.03520011902	-1
4.05805110931	-1
4.05815410614	-1
4.05815410614	-1
4.05815410614	-1
4.05815410614	-1
4.05815410614	-1
4.05815410614	-1
4.05815410614	-1
4.05815410614	-1
4.0585231781	-1
4.0585231781	-1
4.0585231781	-1
4.0585231781	-1
4.0585231781	-1
4.0585231781	-1
4.0585231781	-1
4.06559109688	-1
4.06559109688	-1
4.06559109688	-1
4.06559109688	-1
4.06559109688	-1
4.06559109688	-1
4.06559109688	-1
4.06559109688	-1
4.06593608856	-1
4.06593608856	-1
4.06593608856	-1
4.06593608856	-1
4.06593608856	-1
4.06593608856	-1
4.06593608856	-1
4.06593608856	-1
4.06593608856	-1
4.06630516052	-1
4.06630516052	-1
4.06630516052	-1
4.06630516052	-1
4.06630516052	-1
4.06630516052	-1
4.06630516052	-1
4.07903909683	-1
4.07903909683	-1
4.07903909683	-1
4.07903909683	-1
4.07903909683	-1
4.07903909683	-1
4.07903909683	-1
4.07903909683	-1
4.10289716721	-1
4.10289716721	-1
4.10289716721	-1
4.10289716721	-1
4.10289716721	-1
4.10289716721	-1
4.10289716721	-1
4.10289716721	-1
4.10324907303	-1
4.10324907303	-1
4.10324907303	-1
4.10324907303	-1
4.10324907303	-1
4.10324907303	-1
4.10324907303	-1
4.10324907303	-1
4.10500907898	1
4.10500907898	1
4.10500907898	1
4.19390320778	-1
4.19390320778	-1
4.19390320778	-1
4.19390320778	-1
4.19390320778	-1
4.19390320778	-1
4.19390320778	-1
4.19390320778	-1
4.19390320778	-1
4.1942551136	-1
4.1942551136	-1
4.1942551136	-1
4.1942551136	-1
4.1942551136	-1
4.1942551136	-1
4.1942551136	-1
4.19450211525	-1
4.19453501701	-1
4.19453501701	-1
4.19453501701	-1
4.19453501701	-1
4.19453501701	-1
4.19453501701	-1
4.19453501701	-1
4.19453501701	-1
4.19499707222	-1
4.19499707222	-1
4.19499707222	-1
4.19499707222	-1
4.19499707222	-1
4.19499707222	-1
4.19499707222	-1
4.21809101105	-1
4.21813821793	-1
4.21813821793	-1
4.21813821793	-1
4.21813821793	-1
4.21813821793	-1
4.21813821793	-1
4.21813821793	-1
4.21813821793	-1
4.21872615814	-1
4.21872615814	-1
4.21872615814	-1
4.21872615814	-1
4.21872615814	-1
4.21872615814	-1
4.21872615814	-1
4.21872615814	-1
4.21872615814	-1
4.21909713745	-1
4.21909713745	-1
4.21909713745	-1
4.21909713745	-1
4.21909713745	-1
4.24180698395	-1
4.24180698395	-1
4.24180698395	-1
4.24180698395	-1
4.24180698395	-1
4.24180698395	-1
4.24180698395	-1
4.24180698395	-1
4.24180698395	-1
4.2421541214	-1
4.2421541214	-1
4.2421541214	-1
4.2421541214	-1
4.2421541214	-1
4.2421541214	-1
4.2421541214	-1
4.24252820015	-1
4.24252820015	-1
4.24252820015	-1
4.24252820015	-1
4.24252820015	-1
4.24252820015	-1
4.24252820015	-1
4.24252820015	-1
4.24252820015	-1
4.24289321899	-1
4.24289321899	-1
4.24289321899	-1
4.24289321899	-1
4.24289321899	-1
4.24289321899	-1
4.24289321899	-1
4.28915214539	-1
4.28920221329	1
4.28920221329	1
4.2892332077	-1
4.2892332077	-1
4.2892332077	-1
4.2892332077	-1
4.2892332077	-1
4.2892332077	-1
4.2892332077	-1
4.2892332077	-1
4.28962421417	-1
4.28962421417	-1
4.28962421417	-1
4.28962421417	-1
4.28962421417	-1
4.28962421417	-1
4.28962421417	-1
4.28962421417	-1
4.28962421417	-1
4.28999209404	-1
4.28999209404	-1
4.28999209404	-1
4.28999209404	-1
4.28999209404	-1
4.28999209404	-1
4.29023814201	-1
4.29023814201	-1
4.29023814201	-1
4.29023814201	-1
4.29023814201	-1
4.29023814201	-1
4.29023814201	-1
4.29023814201	-1
4.37753510475	-1
4.37753510475	-1
4.37753510475	-1
4.37753510475	-1
4.37753510475	-1
4.37753510475	-1
4.37753510475	-1
4.37753510475	-1
4.37753510475	-1
4.37817502022	-1
4.37817502022	-1
4.37817502022	-1
4.37817502022	-1
4.37817502022	-1
4.37817502022	-1
4.37817502022	-1
4.37817502022	-1
4.37817502022	-1
4.37868618965	-1
4.37868618965	-1
4.37868618965	-1
4.37868618965	-1
4.37868618965	-1
4.37868618965	-1
4.3789331913	-1
4.3789331913	-1
4.3789331913	-1
4.3789331913	-1
4.3789331913	-1
4.3789331913	-1
4.3789331913	-1
4.3789331913	-1
4.4017021656	-1
4.4018061161	-1
4.4018061161	-1
4.4018061161	-1
4.4018061161	-1
4.4018061161	-1
4.4018061161	-1
4.4018061161	-1
4.4018061161	-1
4.40217518806	-1
4.40217518806	-1
4.40217518806	-1
4.40217518806	-1
4.40217518806	-1
4.40217518806	-1
4.40217518806	-1
4.40217518806	-1
4.40217518806	-1
4.40254616737	-1
4.40254616737	-1
4.40254616737	-1
4.40254616737	-1
4.40254616737	-1
4.42561912537	-1
4.42561912537	-1
4.42561912537	-1
4.42561912537	-1
4.42561912537	-1
4.42561912537	-1
4.42561912537	-1
4.42561912537	-1
4.42561912537	-1
4.42565202713	1
4.42565202713	1
4.42607402802	-1
4.42607402802	-1
4.42607402802	-1
4.42607402802	-1
4.42607402802	-1
4.42607402802	-1
4.42607402802	-1
4.4264421463	-1
4.4264421463	-1
4.4264421463	-1
4.4264421463	-1
4.4264421463	-1
4.4264421463	-1
4.4264421463	-1
4.4264421463	-1
4.42659020424	-1
4.42681002617	-1
4.42681002617	-1
4.42681002617	-1
4.42681002617	-1
4.42681002617	-1
4.42681002617	-1
4.42681002617	-1
4.4515171051	-1
4.4515171051	-1
4.4515171051	-1
4.4515171051	-1
4.4515171051	-1
4.4515171051	-1
4.4515171051	-1
4.4515171051	-1
4.4515171051	-1
4.513433218	-1
4.513433218	-1
4.513433218	-1
4.513433218	-1
4.513433218	-1
4.513433218	-1
4.513433218	-1
4.513433218	-1
4.513433218	-1
4.51378202438	-1
4.51378202438	-1
4.51378202438	-1
4.51378202438	-1
4.51378202438	-1
4.51378202438	-1
4.56207203865	-1
4.56211400032	1
4.56211400032	1
4.56286811829	-1
4.56286811829	-1
4.56286811829	-1
4.56286811829	-1
4.56286811829	-1
4.56286811829	-1
4.56286811829	-1
4.56286811829	-1
4.5633020401	-1
4.5633020401	-1
4.5633020401	-1
4.5633020401	-1
4.5633020401	-1
4.5633020401	-1
4.5633020401	-1
4.56354618073	-1
4.56354618073	-1
4.56354618073	-1
4.56354618073	-1
4.56354618073	-1
4.56354618073	-1
4.56354618073	-1
4.56354618073	-1
4.56391406059	-1
4.56391406059	-1
4.56391406059	-1
4.56391406059	-1
4.56391406059	-1
4.56391406059	-1
4.56391406059	-1
4.56391406059	-1
4.58533620834	-1
4.58533620834	-1
4.58533620834	-1
4.58533620834	-1
4.58533620834	-1
4.58533620834	-1
4.58533620834	-1
4.58533620834	-1
4.58533620834	-1
4.58568310738	-1
4.58580708504	-1
4.58580708504	-1
4.58580708504	-1
4.58580708504	-1
4.58580708504	-1
4.58605217934	-1
4.58605217934	-1
4.58605217934	-1
4.58605217934	-1
4.58605217934	-1
4.58605217934	-1
4.58605217934	-1
4.58605217934	-1
4.61367821693	-1
4.61367821693	-1
4.61367821693	-1
4.61367821693	-1
4.61367821693	-1
4.61367821693	-1
4.61367821693	-1
4.61367821693	-1
4.61367821693	-1
4.61423802376	-1
4.61423802376	-1
4.61423802376	-1
4.61423802376	-1
4.61423802376	-1
4.61423802376	-1
4.61423802376	-1
4.61468100548	-1
4.61468100548	-1
4.61468100548	-1
4.61468100548	-1
4.61468100548	-1
4.61468100548	-1
4.61468100548	-1
4.61468100548	-1
4.61502718925	1
4.61502718925	1
4.61502718925	1
4.61506319046	-1
4.61506319046	-1
4.61506319046	-1
4.61506319046	-1
4.61506319046	-1
4.61506319046	-1
4.61506319046	-1
4.61506319046	-1
4.64929199219	-1
4.64934420586	-1
4.64934420586	-1
4.64934420586	-1
4.64934420586	-1
4.64934420586	-1
4.64934420586	-1
4.64934420586	-1
4.64934420586	-1
4.64976215363	-1
4.64976215363	-1
4.64976215363	-1
4.64976215363	-1
4.64976215363	-1
4.64976215363	-1
4.64976215363	-1
4.65000700951	-1
4.65000700951	-1
4.65000700951	-1
4.65000700951	-1
4.65000700951	-1
4.65000700951	-1
4.65000700951	-1
4.65000700951	-1
4.74396204948	-1
4.74396204948	-1
4.74396204948	-1
4.74396204948	-1
4.74396204948	-1
4.74396204948	-1
4.74396204948	-1
4.74396204948	-1
4.74396204948	-1
4.74484014511	-1
4.74494600296	-1
4.74494600296	-1
4.74494600296	-1
4.74494600296	-1
4.74494600296	-1
4.74494600296	-1
4.74519300461	-1
4.74519300461	-1
4.74519300461	-1
4.74519300461	-1
4.74519300461	-1
4.74519300461	-1
4.74519300461	-1
4.74519300461	-1
4.74552321434	-1
4.74552321434	-1
4.74552321434	-1
4.74552321434	-1
4.74552321434	-1
4.74552321434	-1
4.74552321434	-1
4.74552321434	-1
4.77118706703	-1
4.77118706703	-1
4.77118706703	-1
4.77118706703	-1
4.77118706703	-1
4.77118706703	-1
4.77118706703	-1
4.77118706703	-1
4.77118706703	-1
4.79317808151	-1
4.79317808151	-1
4.79317808151	-1
4.79317808151	-1
4.79317808151	-1
4.79317808151	-1
4.79317808151	-1
4.79317808151	-1
4.79317808151	-1
4.79352211952	-1
4.79352211952	-1
4.79352211952	-1
4.79352211952	-1
4.79352211952	-1
4.79352211952	-1
4.79376721382	-1
4.79388999939	-1
4.79388999939	-1
4.79388999939	-1
4.79388999939	-1
4.79388999939	-1
4.79388999939	-1
4.79388999939	-1
4.79607915878	1
4.79607915878	1
4.79607915878	1
4.81350517273	-1
4.81361198425	-1
4.81361198425	-1
4.81361198425	-1
4.81361198425	-1
4.81361198425	-1
4.81361198425	-1
4.81361198425	-1
4.81361198425	-1
4.81397914886	-1
4.81397914886	-1
4.81397914886	-1
4.81397914886	-1
4.81397914886	-1
4.81397914886	-1
4.81397914886	-1
4.81422519684	-1
4.81434702873	-1
4.81434702873	-1
4.81434702873	-1
4.81434702873	-1
4.81434702873	-1
4.81434702873	-1
4.81434702873	-1
4.81434702873	-1
4.81458306313	-1
4.81458306313	-1
4.81458306313	-1
4.81458306313	-1
4.81458306313	-1
4.81458306313	-1
4.81458306313	-1
4.92734909058	-1
4.92734909058	-1
4.92734909058	-1
4.92734909058	-1
4.92734909058	-1
4.92734909058	-1
4.92734909058	-1
4.92734909058	-1
4.92734909058	-1
4.9288880825	-1
4.9288880825	-1
4.9288880825	-1
4.9288880825	-1
4.9288880825	-1
4.9288880825	-1
4.9288880825	-1
4.9288880825	-1
4.9288880825	-1
4.92923307419	-1
4.92923307419	-1
4.92923307419	-1
4.92923307419	-1
4.92923307419	-1
4.92923307419	-1
4.92948007584	-1
4.92960214615	-1
4.92960214615	-1
4.92960214615	-1
4.92960214615	-1
4.92960214615	-1
4.92960214615	-1
4.92960214615	-1
4.95419716835	-1
4.95425605774	-1
4.95425605774	-1
4.95425605774	-1
4.95425605774	-1
4.95425605774	-1
4.95425605774	-1
4.95425605774	-1
4.95425605774	-1
4.99908399582	-1
4.99908399582	-1
4.99908399582	-1
4.99908399582	-1
4.99908399582	-1
4.99908399582	-1
5.00827717781	1
5.00827717781	1
5.00827717781	1
5.01050114632	1
5.01050114632	1
5.02140402794	-1
5.11100101471	-1
5.11100101471	-1
5.11100101471	-1
5.11100101471	-1
5.11100101471	-1
5.11100101471	-1
5.11100101471	-1
5.11100101471	-1
5.11100101471	-1
5.11231017113	-1
5.11231017113	-1
5.11231017113	-1
5.11231017113	-1
5.11231017113	-1
5.11231017113	-1
5.11231017113	-1
5.11253905296	-1
5.11266112328	-1
5.11266112328	-1
5.11266112328	-1
5.11266112328	-1
5.11266112328	-1
5.11266112328	-1
5.11266112328	-1
5.11290621758	-1
5.11290621758	-1
5.11290621758	-1
5.11290621758	-1
5.11290621758	-1
5.11290621758	-1
5.11290621758	-1
5.11290621758	-1
5.13723421097	-1
5.13728404045	-1
5.13728404045	-1
5.13728404045	-1
5.13728404045	-1
5.13728404045	-1
5.13728404045	-1
5.13728404045	-1
5.13728404045	-1
5.15704107285	1
5.18196415901	-1
5.18196415901	-1
5.18196415901	-1
5.18196415901	-1
5.18196415901	-1
5.18196415901	-1
5.18210411072	-1
5.18210411072	-1
5.18210411072	-1
5.18210411072	-1
5.18210411072	-1
5.18210411072	-1
5.18210411072	-1
5.18234610558	-1
5.18234610558	-1
5.18234610558	-1
5.18234610558	-1
5.18234610558	-1
5.18234610558	-1
5.18234610558	-1
5.18234610558	-1
5.18280005455	-1
5.18280005455	-1
5.18280005455	-1
5.18280005455	-1
5.18280005455	-1
5.18280005455	-1
5.18280005455	-1
5.18280005455	-1
5.29296517372	1
5.29378008842	-1
5.29378008842	-1
5.29378008842	-1
5.29378008842	-1
5.29378008842	-1
5.29378008842	-1
5.29378008842	-1
5.29378008842	-1
5.29378008842	-1
5.29809212685	-1
5.29809212685	-1
5.29809212685	-1
5.29809212685	-1
5.29809212685	-1
5.29809212685	-1
5.29809212685	-1
5.29809212685	-1
5.29809212685	-1
5.29844307899	-1
5.29844307899	-1
5.29844307899	-1
5.29844307899	-1
5.29844307899	-1
5.29844307899	-1
5.29868817329	-1
5.29868817329	-1
5.29868817329	-1
5.29868817329	-1
5.29868817329	-1
5.29868817329	-1
5.29868817329	-1
5.29868817329	-1
5.32088518143	-1
5.320936203	-1
5.320936203	-1
5.320936203	-1
5.320936203	-1
5.320936203	-1
5.320936203	-1
5.320936203	-1
5.320936203	-1
5.32135915756	-1
5.32135915756	-1
5.32135915756	-1
5.32135915756	-1
5.32135915756	-1
5.32135915756	-1
5.32160520554	-1
5.32160520554	-1
5.32160520554	-1
5.32160520554	-1
5.32160520554	-1
5.32160520554	-1
5.32160520554	-1
5.32160520554	-1
5.34429216385	-1
5.34429216385	-1
5.34429216385	-1
5.34429216385	-1
5.34429216385	-1
5.34429216385	-1
5.34429216385	-1
5.34429216385	-1
5.34429216385	-1
5.344643116	-1
5.344643116	-1
5.344643116	-1
5.344643116	-1
5.344643116	-1
5.344643116	-1
5.344643116	-1
5.34501218796	-1
5.34501218796	-1
5.34501218796	-1
5.34501218796	-1
5.34501218796	-1
5.34501218796	-1
5.34501218796	-1
5.34501218796	-1
5.34536600113	-1
5.34536600113	-1
5.34536600113	-1
5.34536600113	-1
5.34536600113	-1
5.34536600113	-1
5.34536600113	-1
5.34536600113	-1
5.36509799957	-1
5.36520314217	-1
5.36520314217	-1
5.36520314217	-1
5.36520314217	-1
5.36520314217	-1
5.36520314217	-1
5.36520314217	-1
5.36520314217	-1
5.3655731678	-1
5.3655731678	-1
5.3655731678	-1
5.3655731678	-1
5.3655731678	-1
5.3655731678	-1
5.3655731678	-1
5.3655731678	-1
5.3655731678	-1
5.36594104767	-1
5.36594104767	-1
5.36594104767	-1
5.36594104767	-1
5.36635112762	1
5.36635112762	1
5.36635112762	1
5.42915606499	-1
5.42915606499	-1
5.42915606499	-1
5.42915606499	-1
5.42915606499	-1
5.42915606499	-1
5.42915606499	-1
5.42915606499	-1
5.48157215118	-1
5.48157215118	-1
5.48157215118	-1
5.48157215118	-1
5.48157215118	-1
5.48157215118	-1
5.48157215118	-1
5.48157215118	-1
5.48157215118	-1
5.48157215118	-1
5.48193407059	-1
5.48193407059	-1
5.48193407059	-1
5.48193407059	-1
5.48193407059	-1
5.48193407059	-1
5.48214316368	-1
5.48214316368	-1
5.48214316368	-1
5.48214316368	-1
5.48214316368	-1
5.48214316368	-1
5.48214316368	-1
5.48214316368	-1
5.50466012955	-1
5.50471806526	-1
5.50471806526	-1
5.50471806526	-1
5.50471806526	-1
5.50471806526	-1
5.50471806526	-1
5.50471806526	-1
5.50471806526	-1
5.50538110733	-1
5.50538110733	-1
5.50538110733	-1
5.50538110733	-1
5.50538110733	-1
5.50538110733	-1
5.50538110733	-1
5.50538110733	-1
5.50538110733	-1
5.50572299957	-1
5.50572299957	-1
5.50572299957	-1
5.52896404266	-1
5.52896404266	-1
5.52896404266	-1
5.52896404266	-1
5.52896404266	-1
5.52896404266	-1
5.52896404266	-1
5.52896404266	-1
5.52896404266	-1
5.5293200016	-1
5.5293200016	-1
5.5293200016	-1
5.5293200016	-1
5.5293200016	-1
5.5293200016	-1
5.5293200016	-1
5.52968811989	-1
5.52968811989	-1
5.52968811989	-1
5.52968811989	-1
5.52968811989	-1
5.52968811989	-1
5.52968811989	-1
5.52968811989	-1
5.53005814552	-1
5.53005814552	-1
5.53005814552	-1
5.53005814552	-1
5.53005814552	-1
5.53005814552	-1
5.53005814552	-1
5.53005814552	-1
5.54903817177	-1
5.54903817177	-1
5.54903817177	-1
5.54903817177	-1
5.54903817177	-1
5.54903817177	-1
5.54903817177	-1
5.54903817177	-1
5.54903817177	-1
5.54938817024	-1
5.54938817024	-1
5.54938817024	-1
5.54938817024	-1
5.54938817024	-1
5.54938817024	-1
5.54938817024	-1
5.54975605011	-1
5.54975605011	-1
5.54975605011	-1
5.54975605011	-1
5.54975605011	-1
5.54975605011	-1
5.54975605011	-1
5.54975605011	-1
5.55012917519	-1
5.55012917519	-1
5.55012917519	-1
5.55012917519	-1
5.55012917519	-1
5.55012917519	-1
5.55012917519	-1
5.55012917519	-1
5.55309319496	1
5.55309319496	1
5.55309319496	1
5.66044712067	-1
5.66044712067	-1
5.66044712067	-1
5.66044712067	-1
5.66044712067	-1
5.66044712067	-1
5.66044712067	-1
5.66044712067	-1
5.66044712067	-1
5.6643140316	-1
5.6643140316	-1
5.6643140316	-1
5.6643140316	-1
5.6643140316	-1
5.6643140316	-1
5.6643140316	-1
5.66454100609	-1
5.6646630764	-1
5.6646630764	-1
5.6646630764	-1
5.6646630764	-1
5.6646630764	-1
5.6646630764	-1
5.6646630764	-1
5.66490912437	-1
5.66503119469	-1
5.66503119469	-1
5.66503119469	-1
5.66503119469	-1
5.66503119469	-1
5.66503119469	-1
5.66503119469	-1
5.68899321556	-1
5.68909406662	-1
5.68909406662	-1
5.68909406662	-1
5.68909406662	-1
5.68909406662	-1
5.68909406662	-1
5.68909406662	-1
5.68909406662	-1
5.68946218491	-1
5.68946218491	-1
5.68946218491	-1
5.68946218491	-1
5.68946218491	-1
5.68946218491	-1
5.68970799446	-1
5.68970799446	-1
5.68970799446	-1
5.68970799446	-1
5.68970799446	-1
5.68970799446	-1
5.68970799446	-1
5.68970799446	-1
5.70155405998	1
5.71270418167	-1
5.71270418167	-1
5.71270418167	-1
5.71270418167	-1
5.71270418167	-1
5.71270418167	-1
5.71270418167	-1
5.71270418167	-1
5.71270418167	-1
5.71305418015	-1
5.71305418015	-1
5.71305418015	-1
5.71305418015	-1
5.71305418015	-1
5.71305418015	-1
5.71305418015	-1
5.71329903603	-1
5.71332907677	-1
5.71332907677	-1
5.71332907677	-1
5.71332907677	-1
5.71332907677	-1
5.71332907677	-1
5.71332907677	-1
5.71367001534	-1
5.71379113197	-1
5.71379113197	-1
5.71379113197	-1
5.71379113197	-1
5.71379113197	-1
5.71379113197	-1
5.71379113197	-1
5.73532414436	-1
5.73543715477	-1
5.73543715477	-1
5.73543715477	-1
5.73543715477	-1
5.73543715477	-1
5.73543715477	-1
5.73543715477	-1
5.73543715477	-1
5.73580598831	-1
5.73580598831	-1
5.73580598831	-1
5.73580598831	-1
5.73580598831	-1
5.73580598831	-1
5.73580598831	-1
5.73605108261	-1
5.73605108261	-1
5.73605108261	-1
5.73605108261	-1
5.73605108261	-1
5.73605108261	-1
5.73605108261	-1
5.73605108261	-1
5.73641705513	-1
5.73641705513	-1
5.73641705513	-1
5.73641705513	-1
5.73641705513	-1
5.73641705513	-1
5.73641705513	-1
5.73641705513	-1
5.73945307732	1
5.73945307732	1
5.73945307732	1
5.84387111664	-1
5.84387111664	-1
5.84387111664	-1
5.84387111664	-1
5.84387111664	-1
5.84387111664	-1
5.84387111664	-1
5.84387111664	-1
5.84387111664	-1
5.84914112091	-1
5.84914112091	-1
5.84914112091	-1
5.84914112091	-1
5.84914112091	-1
5.84914112091	-1
5.84914112091	-1
5.84914112091	-1
5.84914112091	-1
5.84948205948	-1
5.84948205948	-1
5.84948205948	-1
5.84948205948	-1
5.84948205948	-1
5.84948205948	-1
5.84972810745	-1
5.84972810745	-1
5.84972810745	-1
5.84972810745	-1
5.84972810745	-1
5.84972810745	-1
5.84972810745	-1
5.84972810745	-1
5.8724591732	-1
5.87250709534	-1
5.87250709534	-1
5.87250709534	-1
5.87250709534	-1
5.87250709534	-1
5.87250709534	-1
5.87250709534	-1
5.87250709534	-1
5.8729531765	-1
5.8729531765	-1
5.8729531765	-1
5.8729531765	-1
5.8729531765	-1
5.8729531765	-1
5.8729531765	-1
5.8729531765	-1
5.8729531765	-1
5.8729531765	-1
5.87331199646	-1
5.87331199646	-1
5.87331199646	-1
5.87331199646	-1
5.87331199646	-1
5.87331199646	-1
5.87331199646	-1
5.89695215225	-1
5.89695215225	-1
5.89695215225	-1
5.89695215225	-1
5.89695215225	-1
5.89695215225	-1
5.89695215225	-1
5.89695215225	-1
5.89695215225	-1
5.89730000496	-1
5.89730000496	-1
5.89730000496	-1
5.89730000496	-1
5.89730000496	-1
5.89730000496	-1
5.89730000496	-1
5.89766812325	-1
5.89766812325	-1
5.89766812325	-1
5.89766812325	-1
5.89766812325	-1
5.89766812325	-1
5.89766812325	-1
5.89766812325	-1
5.89803814888	-1
5.89803814888	-1
5.89803814888	-1
5.89803814888	-1
5.89803814888	-1
5.89803814888	-1
5.89803814888	-1
5.89803814888	-1
5.92396402359	-1
5.92396402359	-1
5.92396402359	-1
5.92396402359	-1
5.92396402359	-1
5.92396402359	-1
5.92396402359	-1
5.92396402359	-1
5.92396402359	-1
5.92490315437	1
5.92490315437	1
5.92490315437	1
5.9259262085	-1
5.9259262085	-1
5.9259262085	-1
5.9259262085	-1
5.9259262085	-1
5.9259262085	-1
5.9259262085	-1
5.9259262085	-1
5.9259262085	-1
5.92627620697	-1
5.92627620697	-1
5.92627620697	-1
5.92627620697	-1
5.92627620697	-1
6.00876808167	1
6.00876808167	1
6.00876808167	1
6.00876808167	1
6.00876808167	1
6.00876808167	1
6.02722620964	-1
6.02722620964	-1
6.02722620964	-1
6.02722620964	-1
6.02722620964	-1
6.02722620964	-1
6.02722620964	-1
6.02722620964	-1
6.02722620964	-1
6.03766703606	-1
6.03766703606	-1
6.03766703606	-1
6.03766703606	-1
6.03766703606	-1
6.03766703606	-1
6.03766703606	-1
6.03766703606	-1
6.03766703606	-1
6.03800916672	-1
6.03800916672	-1
6.03800916672	-1
6.03800916672	-1
6.03800916672	-1
6.03800916672	-1
6.03825521469	-1
6.03825521469	-1
6.03825521469	-1
6.03825521469	-1
6.03825521469	-1
6.03825521469	-1
6.03825521469	-1
6.03825521469	-1
6.05656003952	-1
6.05667209625	-1
6.05667209625	-1
6.05667209625	-1
6.05667209625	-1
6.05667209625	-1
6.05667209625	-1
6.05667209625	-1
6.05667209625	-1
6.05703616142	-1
6.05703616142	-1
6.05703616142	-1
6.05703616142	-1
6.05703616142	-1
6.05703616142	-1
6.05703616142	-1
6.05703616142	-1
6.05703616142	-1
6.05740308762	-1
6.05740308762	-1
6.05740308762	-1
6.05740308762	-1
6.05740308762	-1
6.08193302155	-1
6.08193302155	-1
6.08193302155	-1
6.08193302155	-1
6.08193302155	-1
6.08193302155	-1
6.08193302155	-1
6.08193302155	-1
6.08193302155	-1
6.08228302002	-1
6.08228302002	-1
6.08228302002	-1
6.08228302002	-1
6.08228302002	-1
6.08228302002	-1
6.08228302002	-1
6.08265519142	-1
6.08265519142	-1
6.08265519142	-1
6.08265519142	-1
6.08265519142	-1
6.08265519142	-1
6.08265519142	-1
6.08265519142	-1
6.08289313316	-1
6.08289313316	-1
6.08289313316	-1
6.08289313316	-1
6.08289313316	-1
6.08289313316	-1
6.08289313316	-1
6.08289313316	-1
6.08404517174	1
6.08404517174	1
6.1022901535	-1
6.10239505768	-1
6.10239505768	-1
6.10239505768	-1
6.10239505768	-1
6.10239505768	-1
6.10239505768	-1
6.10239505768	-1
6.10239505768	-1
6.10276317596	-1
6.10276317596	-1
6.10276317596	-1
6.10276317596	-1
6.10276317596	-1
6.10276317596	-1
6.10301017761	-1
6.10301017761	-1
6.10301017761	-1
6.10301017761	-1
6.10301017761	-1
6.10301017761	-1
6.10301017761	-1
6.10301017761	-1
6.10337710381	-1
6.10337710381	-1
6.10337710381	-1
6.10337710381	-1
6.10337710381	-1
6.10337710381	-1
6.10337710381	-1
6.10337710381	-1
6.1088809967	1
6.2104241848	-1
6.2104241848	-1
6.2104241848	-1
6.2104241848	-1
6.2104241848	-1
6.2104241848	-1
6.2104241848	-1
6.2104241848	-1
6.2104241848	-1
6.21693015099	-1
6.21693015099	-1
6.21693015099	-1
6.21693015099	-1
6.21693015099	-1
6.21693015099	-1
6.21693015099	-1
6.21715712547	-1
6.21727919579	-1
6.21727919579	-1
6.21727919579	-1
6.21727919579	-1
6.21727919579	-1
6.21727919579	-1
6.21727919579	-1
6.21727919579	-1
6.21764802933	-1
6.21764802933	-1
6.21764802933	-1
6.21764802933	-1
6.21764802933	-1
6.21764802933	-1
6.21764802933	-1
6.24068617821	-1
6.24079012871	-1
6.24079012871	-1
6.24079012871	-1
6.24079012871	-1
6.24079012871	-1
6.24079012871	-1
6.24079012871	-1
6.24079012871	-1
6.24115800858	-1
6.24115800858	-1
6.24115800858	-1
6.24115800858	-1
6.24115800858	-1
6.24115800858	-1
6.24115800858	-1
6.24115800858	-1
6.24115800858	-1
6.24152612686	-1
6.24152612686	-1
6.24152612686	-1
6.24152612686	-1
6.24152612686	-1
6.24467611313	1
6.24467611313	1
6.26431703568	-1
6.26431703568	-1
6.26431703568	-1
6.26431703568	-1
6.26431703568	-1
6.26431703568	-1
6.26431703568	-1
6.26431703568	-1
6.26431703568	-1
6.26466703415	-1
6.26466703415	-1
6.26466703415	-1
6.26466703415	-1
6.26466703415	-1
6.26466703415	-1
6.26466703415	-1
6.26491212845	-1
6.26503610611	-1
6.26503610611	-1
6.26503610611	-1
6.26503610611	-1
6.26503610611	-1
6.26503610611	-1
6.26503610611	-1
6.26528000832	-1
6.2654030323	-1
6.2654030323	-1
6.2654030323	-1
6.2654030323	-1
6.2654030323	-1
6.2654030323	-1
6.2654030323	-1
6.29065704346	-1
6.29139399529	-1
6.29139399529	-1
6.29139399529	-1
6.29139399529	-1
6.29139399529	-1
6.29139399529	-1
6.29139399529	-1
6.29139399529	-1
6.29239201546	-1
6.29239201546	-1
6.29239201546	-1
6.29239201546	-1
6.29239201546	-1
6.29239201546	-1
6.29239201546	-1
6.29239201546	-1
6.29239201546	-1
6.29276299477	-1
6.29276299477	-1
6.29276299477	-1
6.29276299477	-1
6.29276299477	-1
6.38067913055	1
6.39926314354	-1
6.39926314354	-1
6.39926314354	-1
6.39926314354	-1
6.39926314354	-1
6.39926314354	-1
6.39926314354	-1
6.39926314354	-1
6.39926314354	-1
6.40694999695	-1
6.40694999695	-1
6.40694999695	-1
6.40694999695	-1
6.40694999695	-1
6.40694999695	-1
6.40694999695	-1
6.40694999695	-1
6.40694999695	-1
6.40730214119	-1
6.40730214119	-1
6.40730214119	-1
6.40730214119	-1
6.40730214119	-1
6.40730214119	-1
6.40784215927	-1
6.40784215927	-1
6.40784215927	-1
6.40784215927	-1
6.40784215927	-1
6.40784215927	-1
6.40784215927	-1
6.40784215927	-1
6.42576909065	-1
6.42624521255	-1
6.42624521255	-1
6.42624521255	-1
6.42624521255	-1
6.42624521255	-1
6.42624521255	-1
6.42624521255	-1
6.42624521255	-1
6.42726707458	-1
6.42726707458	-1
6.42726707458	-1
6.42726707458	-1
6.42726707458	-1
6.42726707458	-1
6.42726707458	-1
6.42726707458	-1
6.42726707458	-1
6.42763710022	-1
6.42763710022	-1
6.42763710022	-1
6.42763710022	-1
6.42763710022	-1
6.42763710022	-1
6.42941713333	1
6.42941713333	1
6.42941713333	1
6.45274019241	-1
6.45274019241	-1
6.45274019241	-1
6.45274019241	-1
6.45274019241	-1
6.45274019241	-1
6.45274019241	-1
6.45274019241	-1
6.45274019241	-1
6.45381712914	-1
6.45381712914	-1
6.45381712914	-1
6.45381712914	-1
6.45381712914	-1
6.45381712914	-1
6.45381712914	-1
6.45486903191	-1
6.45486903191	-1
6.45486903191	-1
6.45486903191	-1
6.45486903191	-1
6.45486903191	-1
6.45486903191	-1
6.45486903191	-1
6.45976305008	-1
6.45976305008	-1
6.45976305008	-1
6.45976305008	-1
6.45976305008	-1
6.45976305008	-1
6.45976305008	-1
6.45976305008	-1
6.47058320045	-1
6.47058320045	-1
6.47058320045	-1
6.47058320045	-1
6.47058320045	-1
6.47058320045	-1
6.47058320045	-1
6.47058320045	-1
6.47058320045	-1
6.47092819214	-1
6.47092819214	-1
6.47092819214	-1
6.47092819214	-1
6.47092819214	-1
6.47092819214	-1
6.47092819214	-1
6.47129821777	-1
6.47129821777	-1
6.47129821777	-1
6.47129821777	-1
6.47129821777	-1
6.47129821777	-1
6.47129821777	-1
6.47129821777	-1
6.4716629982	-1
6.4716629982	-1
6.4716629982	-1
6.4716629982	-1
6.4716629982	-1
6.4716629982	-1
6.4716629982	-1
6.4716629982	-1
6.57709598541	-1
6.57709598541	-1
6.57709598541	-1
6.57709598541	-1
6.57709598541	-1
6.57709598541	-1
6.57709598541	-1
6.57709598541	-1
6.57709598541	-1
6.58417415619	-1
6.58417415619	-1
6.58417415619	-1
6.58417415619	-1
6.58417415619	-1
6.58417415619	-1
6.58417415619	-1
6.58444213867	-1
6.58456301689	-1
6.58456301689	-1
6.58456301689	-1
6.58456301689	-1
6.58456301689	-1
6.58456301689	-1
6.58456301689	-1
6.58480906487	-1
6.58480906487	-1
6.58480906487	-1
6.58480906487	-1
6.58480906487	-1
6.58480906487	-1
6.58480906487	-1
6.58480906487	-1
6.60929918289	-1
6.60935401917	-1
6.60935401917	-1
6.60935401917	-1
6.60935401917	-1
6.60935401917	-1
6.60935401917	-1
6.60935401917	-1
6.60935401917	-1
6.61553621292	-1
6.61553621292	-1
6.61553621292	-1
6.61553621292	-1
6.61553621292	-1
6.61553621292	-1
6.61553621292	-1
6.61553621292	-1
6.61553621292	-1
6.61589503288	-1
6.61589503288	-1
6.61589503288	-1
6.61589503288	-1
6.61589503288	-1
6.61589503288	-1
6.61772704124	1
6.61772704124	1
6.61772704124	1
6.63237810135	-1
6.63237810135	-1
6.63237810135	-1
6.63237810135	-1
6.63237810135	-1
6.63237810135	-1
6.63237810135	-1
6.63237810135	-1
6.63237810135	-1
6.6327290535	-1
6.6327290535	-1
6.6327290535	-1
6.6327290535	-1
6.6327290535	-1
6.6327290535	-1
6.6327290535	-1
6.63309812546	-1
6.63309812546	-1
6.63309812546	-1
6.63309812546	-1
6.63309812546	-1
6.63309812546	-1
6.63309812546	-1
6.63309812546	-1
6.63338208199	-1
6.63338208199	-1
6.63338208199	-1
6.63338208199	-1
6.63338208199	-1
6.63338208199	-1
6.63338208199	-1
6.63338208199	-1
6.65334820747	-1
6.65334820747	-1
6.65334820747	-1
6.65334820747	-1
6.65334820747	-1
6.65334820747	-1
6.65334820747	-1
6.65334820747	-1
6.65334820747	-1
6.65360307693	-1
6.65360307693	-1
6.65360307693	-1
6.65360307693	-1
6.65360307693	-1
6.65360307693	-1
6.6539452076	-1
6.6539452076	-1
6.6539452076	-1
6.6539452076	-1
6.6539452076	-1
6.6539452076	-1
6.6539452076	-1
6.6539452076	-1
6.76019716263	-1
6.76019716263	-1
6.76019716263	-1
6.76019716263	-1
6.76019716263	-1
6.76019716263	-1
6.76019716263	-1
6.76019716263	-1
6.76019716263	-1
6.76799511909	-1
6.76804804802	-1
6.76804804802	-1
6.76804804802	-1
6.76804804802	-1
6.76804804802	-1
6.76804804802	-1
6.76833415031	-1
6.76833415031	-1
6.76833415031	-1
6.76833415031	-1
6.76833415031	-1
6.76833415031	-1
6.76833415031	-1
6.76833415031	-1
6.76870703697	-1
6.76870703697	-1
6.76870703697	-1
6.76870703697	-1
6.76870703697	-1
6.76870703697	-1
6.76870703697	-1
6.76870703697	-1
6.7880961895	1
6.7880961895	1
6.79291009903	-1
6.79291009903	-1
6.79291009903	-1
6.79291009903	-1
6.79291009903	-1
6.79291009903	-1
6.79291009903	-1
6.79291009903	-1
6.79291009903	-1
6.793623209	-1
6.793623209	-1
6.793623209	-1
6.793623209	-1
6.793623209	-1
6.793623209	-1
6.793623209	-1
6.793623209	-1
6.793623209	-1
6.79393219948	-1
6.79393219948	-1
6.79393219948	-1
6.79393219948	-1
6.79393219948	-1
6.79393219948	-1
6.8156452179	-1
6.81576299667	-1
6.81576299667	-1
6.81576299667	-1
6.81576299667	-1
6.81576299667	-1
6.81576299667	-1
6.81576299667	-1
6.81576299667	-1
6.81613111496	-1
6.81613111496	-1
6.81613111496	-1
6.81613111496	-1
6.81613111496	-1
6.81613111496	-1
6.81613111496	-1
6.81613111496	-1
6.81613111496	-1
6.81644320488	-1
6.81644320488	-1
6.81644320488	-1
6.81644320488	-1
6.81644320488	-1
6.81644320488	-1
6.8166821003	-1
6.8166821003	-1
6.8166821003	-1
6.8166821003	-1
6.8166821003	-1
6.8166821003	-1
6.8166821003	-1
6.8166821003	-1
6.84059309959	-1
6.84059309959	-1
6.84059309959	-1
6.84059309959	-1
6.84059309959	-1
6.84059309959	-1
6.84059309959	-1
6.84059309959	-1
6.84059309959	-1
6.84113621712	-1
6.84113621712	-1
6.84113621712	-1
6.84113621712	-1
6.84113621712	-1
6.84113621712	-1
6.84177112579	-1
6.84177112579	-1
6.84177112579	-1
6.84177112579	-1
6.84177112579	-1
6.84177112579	-1
6.84177112579	-1
6.84177112579	-1
6.8421599865	-1
6.8421599865	-1
6.8421599865	-1
6.8421599865	-1
6.8421599865	-1
6.8421599865	-1
6.8421599865	-1
6.8421599865	-1
6.84474420547	1
6.84474420547	1
6.84474420547	1
6.94344115257	-1
6.94344115257	-1
6.94344115257	-1
6.94344115257	-1
6.94344115257	-1
6.94344115257	-1
6.94344115257	-1
6.94344115257	-1
6.94344115257	-1
6.95192718506	-1
6.95192718506	-1
6.95192718506	-1
6.95192718506	-1
6.95192718506	-1
6.95192718506	-1
6.95192718506	-1
6.97580504417	-1
6.97585105896	-1
6.97585105896	-1
6.97585105896	-1
6.97585105896	-1
6.97585105896	-1
6.97585105896	-1
6.97585105896	-1
7.06125617027	1
7.08477520943	1
7.08477520943	1
7.08477520943	1
7.08814311028	1
7.08814311028	1
7.08814311028	1
7.11935901642	-1
7.11935901642	-1
7.11935901642	-1
7.11935901642	-1
7.12435913086	-1
7.12435913086	-1
7.12446498871	-1
7.12446498871	-1
7.12446498871	-1
7.16253519058	-1
7.16253519058	-1
7.18647098541	-1
7.18647098541	-1
7.18647098541	-1
7.18647098541	-1
7.19966506958	1
7.19966506958	1
7.19966506958	1
7.19966506958	1
7.19966506958	1
7.19966506958	1
7.19966506958	1
7.58937716484	-1
7.59158802032	1
7.67676520348	-1
7.67676520348	-1
7.67676520348	-1
7.72720718384	1
7.79092621803	-1
7.79092621803	-1
7.79092621803	-1
7.79250502586	1
7.79250502586	1
7.79250502586	1
7.86288404465	1
8.10950613022	-1
8.27165317535	-1
8.27165317535	-1
8.27165317535	-1
8.27245807648	-1
8.27245807648	-1
8.27245807648	-1
8.27245807648	-1
8.27245807648	-1
8.27245807648	-1
8.27245807648	-1
8.27245807648	-1
8.27330207825	1
8.3130030632	-1
8.3130030632	-1
8.3130030632	-1
8.31306505203	-1
8.31306505203	-1
8.31306505203	-1
8.31306505203	-1
8.31306505203	-1
8.31306505203	-1
8.40061020851	-1
8.40061020851	-1
8.40255713463	1
8.40255713463	1
8.40255713463	1
8.40887618065	1
8.69195604324	-1
8.69281721115	-1
8.69281721115	-1
8.69281721115	-1
8.69281721115	-1
8.69281721115	-1
8.69281721115	-1
8.69281721115	-1
8.69281721115	-1
8.73125100136	-1
8.73136115074	-1
8.73136115074	-1
8.73136115074	-1
8.73136115074	-1
8.73136115074	-1
8.73136115074	-1
8.77762103081	-1
8.77762103081	-1
8.82773804665	-1
8.91634607315	-1
8.91634607315	-1
8.91634607315	-1
9.28616499901	-1
9.28651714325	-1
9.28651714325	-1
9.28651714325	-1
9.28651714325	-1
9.28651714325	-1
9.28651714325	-1
9.28651714325	-1
9.28651714325	-1
9.28728199005	1
9.31504416466	-1
9.31504416466	-1
9.31504416466	-1
9.31504416466	-1
9.31504416466	-1
9.31504416466	-1
9.31504416466	-1
9.3261961937	-1
9.3261961937	-1
9.32624912262	-1
9.32624912262	-1
9.32624912262	-1
9.32624912262	-1
9.32624912262	-1
9.32624912262	-1
9.34249901772	-1
9.34249901772	-1
9.34249901772	-1
9.42288398743	1
9.42288398743	1
9.42576313019	1
9.42576313019	1
9.42576313019	1
9.42576313019	1
9.42576313019	1
9.42576313019	1
9.42576313019	1
9.42576313019	1
9.42623615265	1
9.55859518051	1
9.79306101799	-1
