0.0	1
0.249747037888	1
0.253394126892	-1
0.363817214966	1
0.498706102371	-1
0.500356197357	1
0.60950422287	1
0.60950422287	1
0.60950422287	1
0.622309207916	-1
0.622346162796	1
0.643204212189	-1
0.643204212189	-1
0.643204212189	-1
0.643204212189	-1
0.643204212189	-1
0.643204212189	-1
0.643204212189	-1
0.643204212189	-1
0.858643054962	1
0.895234107971	-1
0.896570205688	1
0.896570205688	1
0.896570205688	1
1.0094461441	-1
1.12371301651	-1
1.12374520302	1
1.23788809776	-1
1.23793816566	1
1.28428816795	-1
1.28428816795	-1
1.28428816795	-1
1.28674507141	-1
1.28674507141	-1
1.28674507141	-1
1.28674507141	-1
1.28674507141	-1
1.28674507141	-1
1.35221099854	1
1.41295599937	-1
1.41295599937	-1
1.41295599937	-1
1.41314220428	-1
1.41314220428	-1
1.41314220428	-1
1.41314220428	-1
1.41314220428	-1
1.41314220428	-1
1.46652412415	1
1.53027915955	-1
1.53027915955	-1
1.53027915955	-1
1.53050613403	-1
1.53050613403	-1
1.53050613403	-1
1.53050613403	-1
1.53050613403	-1
1.53050613403	-1
1.61484408379	1
1.62560510635	-1
1.62560510635	-1
1.62560510635	-1
1.62603902817	-1
1.62603902817	-1
1.62603902817	-1
1.62603902817	-1
1.62603902817	-1
1.62603902817	-1
1.69531607628	-1
1.76580905914	1
1.81016016006	-1
1.92441010475	-1
2.07613611221	-1
2.08326911926	1
2.23015499115	-1
2.42427206039	-1
2.44727611542	1
2.44947314262	1
2.44947314262	1
2.44947314262	1
2.70012116432	-1
2.83847618103	-1
2.83847618103	-1
2.83847618103	-1
2.96642613411	-1
2.96642613411	-1
6.12700414658	1
6.29777503014	1
7.12668418884	1
7.34834504128	-1
7.86209201813	-1
8.05131816864	-1
17.8099491596	-1
17.811355114	1
17.8958730698	-1
17.8958730698	-1
17.8958730698	-1
17.8973150253	1
17.8973150253	1
17.8973150253	1
