0.0	1
0.250133037567	1
0.944530010223	-1
0.945801973343	1
1.16797304153	-1
1.16866993904	1
1.1720290184	1
1.1720290184	1
1.1720290184	1
1.24293613434	1
1.24293613434	1
1.85372614861	-1
1.8554019928	1
1.9300031662	-1
1.93147611618	1
2.08486509323	-1
2.0860581398	1
2.16059494019	-1
2.16174197197	1
2.28303599358	-1
2.50095295906	-1
2.5074031353	-1
2.5074031353	-1
2.5074031353	-1
2.51270604134	-1
2.51270604134	-1
2.51270604134	-1
2.51632905006	-1
2.51632905006	-1
2.5210609436	-1
2.5210609436	-1
2.5210609436	-1
2.55144095421	1
2.57550311089	-1
2.66396403313	-1
2.66396403313	-1
2.66396403313	-1
2.66396403313	-1
2.66396403313	-1
2.80207300186	1
2.85740399361	-1
2.85762906075	-1
2.85762906075	-1
2.85762906075	-1
2.85762906075	-1
2.85762906075	-1
2.85762906075	-1
2.85762906075	-1
2.87127304077	-1
2.87127304077	-1
2.87127304077	-1
2.87127304077	-1
2.89656114578	-1
2.89656114578	-1
2.89656114578	-1
2.93192815781	-1
2.93727111816	1
2.96266412735	-1
2.96266412735	-1
2.96266412735	-1
2.96266412735	-1
2.96266412735	-1
2.96266412735	-1
2.99617314339	-1
2.99617314339	-1
2.99617314339	-1
2.99617314339	-1
2.99617314339	-1
2.99617314339	-1
3.00165915489	-1
3.00165915489	-1
3.00646615028	-1
3.0100300312	1
3.0100300312	1
3.0100300312	1
3.02154111862	-1
3.02154111862	-1
3.02154111862	-1
3.02154111862	-1
3.02154111862	-1
3.02154111862	-1
3.02154111862	-1
3.02154111862	-1
3.02155900002	1
3.02178215981	-1
3.0314040184	1
3.0314040184	1
3.0314040184	1
3.09652614594	1
3.10089898109	-1
3.10089898109	-1
3.10089898109	-1
3.1012840271	-1
3.1012840271	-1
3.1012840271	-1
3.1012840271	-1
3.1012840271	-1
3.1012840271	-1
3.17362904549	1
3.17383408546	1
3.17383408546	1
3.17383408546	1
3.17383408546	1
3.17383408546	1
3.17383408546	1
3.17383408546	1
3.28116106987	1
3.28116106987	1
3.28116106987	1
3.35572504997	1
3.58341097832	-1
3.58463215828	1
3.59079408646	-1
3.59079408646	-1
3.59079408646	-1
3.59090995789	-1
3.59090995789	-1
3.59090995789	-1
3.60235500336	-1
3.60235500336	-1
3.62369608879	-1
3.62369608879	-1
3.62369608879	-1
3.62530016899	1
3.62530016899	1
3.62530016899	1
3.66149902344	1
3.66149902344	1
3.66149902344	1
3.66149902344	1
3.66149902344	1
3.66149902344	1
3.66149902344	1
3.66149902344	1
3.66624617577	-1
3.66624617577	-1
3.66624617577	-1
3.66771197319	1
3.69276595116	-1
3.69276595116	-1
3.73339009285	1
3.7884759903	-1
3.7884759903	-1
3.7884759903	-1
3.80333209038	-1
3.80333209038	-1
3.80333209038	-1
3.80343198776	-1
3.80343198776	-1
3.80787014961	1
3.82521915436	-1
3.82521915436	-1
3.82521915436	-1
3.85672712326	-1
3.85672712326	-1
3.85672712326	-1
3.85675096512	-1
3.85675096512	-1
3.8584561348	1
3.8584561348	1
3.8584561348	1
3.87550902367	-1
3.87550902367	-1
3.87550902367	-1
3.87562394142	-1
3.87562394142	-1
3.89668703079	-1
3.89668703079	-1
3.89668703079	-1
3.9066259861	-1
3.9066259861	-1
3.92515516281	-1
3.92515516281	-1
3.92515516281	-1
3.92781805992	-1
3.92781805992	-1
3.95080494881	-1
3.95080494881	-1
3.95080494881	-1
3.95140004158	-1
3.95140004158	-1
3.95140004158	-1
3.95140004158	-1
3.95140004158	-1
3.95140004158	-1
3.95140004158	-1
3.95163607597	-1
3.95175909996	-1
3.95175909996	-1
3.95175909996	-1
3.95175909996	-1
3.95175909996	-1
3.95175909996	-1
3.9576561451	1
4.02919602394	-1
4.02919602394	-1
4.02919602394	-1
4.02919602394	-1
4.02919602394	-1
4.02919602394	-1
4.02919602394	-1
4.02919602394	-1
4.02972507477	-1
4.08972406387	-1
4.08972406387	-1
4.08972406387	-1
4.08972406387	-1
4.08972406387	-1
4.08972406387	-1
4.08972406387	-1
4.08972406387	-1
4.08989906311	-1
4.09007406235	-1
4.09007406235	-1
4.09007406235	-1
4.09007406235	-1
4.09007406235	-1
4.09007406235	-1
4.09150409698	1
4.10694694519	-1
4.13453412056	-1
4.13453412056	-1
4.13453412056	-1
4.13453412056	-1
4.13453412056	-1
4.13453412056	-1
4.13453412056	-1
4.13453412056	-1
4.13453412056	-1
4.13488602638	-1
4.13488602638	-1
4.13488602638	-1
4.13488602638	-1
4.13488602638	-1
4.13488602638	-1
4.14987111092	-1
4.14987111092	-1
4.14998197556	-1
4.14998197556	-1
4.14998197556	-1
4.14998197556	-1
4.14998197556	-1
4.14998197556	-1
4.14998197556	-1
4.17610502243	-1
4.17615699768	-1
4.17615699768	-1
4.17615699768	-1
4.17635202408	-1
4.17635202408	-1
4.17635202408	-1
4.17647504807	-1
4.17647504807	-1
4.17647504807	-1
4.20752716064	-1
4.20766305923	-1
4.20766305923	-1
4.20766305923	-1
4.20766305923	-1
4.20766305923	-1
4.20766305923	-1
4.20766305923	-1
4.20766305923	-1
4.20909905434	-1
4.20909905434	-1
4.20909905434	-1
4.20919704437	-1
4.2108809948	1
4.25583100319	-1
4.25583100319	-1
4.25583100319	-1
4.25583100319	-1
4.25583100319	-1
4.25583100319	-1
4.25583100319	-1
4.25583100319	-1
4.25615811348	-1
4.25615811348	-1
4.25615811348	-1
4.25615811348	-1
4.25615811348	-1
4.25615811348	-1
4.25615811348	-1
4.25652503967	-1
4.25652503967	-1
4.25652503967	-1
4.25652503967	-1
4.25656104088	-1
4.25677108765	-1
4.25677108765	-1
4.25677108765	-1
4.25677108765	-1
4.25677108765	-1
4.25677108765	-1
4.2859711647	1
4.32817697525	-1
4.32817697525	-1
4.32817697525	-1
4.32817697525	-1
4.32817697525	-1
4.32817697525	-1
4.32817697525	-1
4.32817697525	-1
4.32835102081	-1
4.32862997055	-1
4.32862997055	-1
4.32891702652	-1
4.32891702652	-1
4.32891702652	-1
4.35441017151	-1
4.35441017151	-1
4.35441017151	-1
4.35441017151	-1
4.35441017151	-1
4.35441017151	-1
4.35441017151	-1
4.35441017151	-1
4.35476112366	-1
4.35476112366	-1
4.35483312607	-1
4.35483312607	-1
4.35483312607	-1
4.35483312607	-1
4.35483312607	-1
4.35483312607	-1
4.35483312607	-1
4.35505914688	-1
4.36071610451	-1
4.36071610451	-1
4.3607571125	1
4.3752579689	-1
4.3752579689	-1
4.3752579689	-1
4.3752579689	-1
4.3752579689	-1
4.3752579689	-1
4.39999508858	-1
4.39999508858	-1
4.40010213852	-1
4.40010213852	-1
4.40010213852	-1
4.40028595924	-1
4.40028595924	-1
4.40028595924	-1
4.40028595924	-1
4.40028595924	-1
4.40028595924	-1
4.40028595924	-1
4.43229007721	-1
4.43243813515	-1
4.43243813515	-1
4.43243813515	-1
4.43243813515	-1
4.43243813515	-1
4.43243813515	-1
4.43243813515	-1
4.43280410767	-1
4.43317508698	-1
4.43317508698	-1
4.43317508698	-1
4.43317508698	-1
4.43317508698	-1
4.43317508698	-1
4.43317508698	-1
4.43344116211	-1
4.43364500999	-1
4.43364500999	-1
4.43364500999	-1
4.43364500999	-1
4.43364500999	-1
4.43364500999	-1
4.43364500999	-1
4.43364500999	-1
4.43633794785	1
4.44160795212	-1
4.44160795212	-1
4.44160795212	-1
4.44160795212	-1
4.44160795212	-1
4.44194102287	-1
4.44199705124	-1
4.44199705124	-1
4.44199705124	-1
4.44199705124	-1
4.44222402573	-1
4.44222402573	-1
4.51117396355	-1
4.51124215126	1
4.51680612564	-1
4.51680612564	-1
4.51680612564	-1
4.51703500748	-1
4.51703500748	-1
4.51703500748	-1
4.51703500748	-1
4.51703500748	-1
4.5178091526	-1
4.5178091526	-1
4.5178091526	-1
4.5178091526	-1
4.5178091526	-1
4.5178091526	-1
4.5178091526	-1
4.51803994179	-1
4.51803994179	-1
4.51803994179	-1
4.51803994179	-1
4.51803994179	-1
4.51803994179	-1
4.51803994179	-1
4.51840615273	-1
4.51840615273	-1
4.51840615273	-1
4.51840615273	-1
4.51853108406	-1
4.56288313866	-1
4.56288313866	-1
4.56288313866	-1
4.56288313866	-1
4.58581900597	1
4.59228205681	-1
4.59228205681	-1
4.59228205681	-1
4.59228205681	-1
4.59264302254	-1
4.59264302254	-1
4.59264302254	-1
4.59264302254	-1
4.59264302254	-1
4.59264302254	-1
4.59264302254	-1
4.59301304817	-1
4.59301304817	-1
4.59301304817	-1
4.59301304817	-1
4.59313297272	-1
4.61261796951	-1
4.61261796951	-1
4.61261796951	-1
4.61261796951	-1
4.61261796951	-1
4.61261796951	-1
4.61261796951	-1
4.61283397675	-1
4.61286211014	-1
4.61286211014	-1
4.61286211014	-1
4.61286211014	-1
4.61286211014	-1
4.61286211014	-1
4.61286211014	-1
4.61310696602	-1
4.61332416534	-1
4.61332416534	-1
4.61332416534	-1
4.61332416534	-1
4.61332416534	-1
4.65047311783	-1
4.65052700043	-1
4.65052700043	-1
4.65078115463	-1
4.65078115463	-1
4.65078115463	-1
4.65090298653	-1
4.65090298653	-1
4.65090298653	-1
4.65090298653	-1
4.65090298653	-1
4.65090298653	-1
4.65114808083	-1
4.65114808083	-1
4.65114808083	-1
4.65114808083	-1
4.65114808083	-1
4.65114808083	-1
4.66096496582	-1
4.6611430645	-1
4.6611430645	-1
4.6611430645	-1
4.6611430645	-1
4.6611430645	-1
4.6611430645	-1
4.6611430645	-1
4.66730594635	-1
4.66749095917	-1
4.66749095917	-1
4.66749095917	-1
4.66749095917	-1
4.66749095917	-1
4.66749095917	-1
4.66749095917	-1
4.66749095917	-1
4.66773605347	-1
4.66773605347	-1
4.66773605347	-1
4.66773605347	-1
4.66773605347	-1
4.66773605347	-1
4.66773605347	-1
4.66773605347	-1
4.66810512543	-1
4.66810512543	-1
4.66810512543	-1
4.66810512543	-1
4.66810512543	-1
4.66810512543	-1
4.66810512543	-1
4.66810512543	-1
4.6871919632	-1
4.6871919632	-1
4.6871919632	-1
4.68738007545	-1
4.68738007545	-1
4.68738007545	-1
4.6932580471	1
4.76045513153	1
4.76045513153	1
4.76045513153	1
4.7632420063	-1
4.76383900642	-1
4.76383900642	-1
4.76383900642	-1
4.76383900642	-1
4.76383900642	-1
4.76383900642	-1
4.76383900642	-1
4.76383900642	-1
4.76408410072	-1
4.76408410072	-1
4.76408410072	-1
4.76408410072	-1
4.76408410072	-1
4.76408410072	-1
4.76408410072	-1
4.76408410072	-1
4.76445317268	-1
4.76445317268	-1
4.76445317268	-1
4.76445317268	-1
4.76445317268	-1
4.76445317268	-1
4.76445317268	-1
4.76445317268	-1
4.76482105255	-1
4.76482105255	-1
4.76482105255	-1
4.76482105255	-1
4.76482105255	-1
4.76482105255	-1
4.76482105255	-1
4.76482105255	-1
4.76519012451	-1
4.76519012451	-1
4.76519012451	-1
4.76519012451	-1
4.76519012451	-1
4.76519012451	-1
4.76519012451	-1
4.76555800438	-1
4.76555800438	-1
4.76555800438	-1
4.79495501518	-1
4.79495501518	-1
4.79495501518	-1
4.79495501518	-1
4.79495501518	-1
4.83840298653	-1
4.83840298653	-1
4.83840298653	-1
4.83840298653	-1
4.83840298653	-1
4.83840298653	-1
4.83840298653	-1
4.83865904808	-1
4.83865904808	-1
4.83865904808	-1
4.83865904808	-1
4.83865904808	-1
4.83865904808	-1
4.83934807777	-1
4.83934807777	-1
4.83934807777	-1
4.83934807777	-1
4.83934807777	-1
4.83934807777	-1
4.83934807777	-1
4.83949494362	-1
4.83971500397	-1
4.83971500397	-1
4.83971500397	-1
4.83971500397	-1
4.83971500397	-1
4.83971500397	-1
4.83971500397	-1
4.83971500397	-1
4.83971500397	-1
4.84008717537	-1
4.84008717537	-1
4.84008717537	-1
4.84008717537	-1
4.84008717537	-1
4.84008717537	-1
4.84008717537	-1
4.84008717537	-1
4.84039402008	-1
4.84039402008	-1
4.84039402008	-1
4.84039402008	-1
4.84039402008	-1
4.84039402008	-1
4.84039402008	-1
4.84039402008	-1
4.86975717545	-1
4.86975717545	-1
4.86979103088	1
4.86979103088	1
4.90985417366	-1
4.90985417366	-1
4.90985417366	-1
4.90985417366	-1
4.90985417366	-1
4.90985417366	-1
4.90985417366	-1
4.90985417366	-1
4.91298604012	-1
4.91298604012	-1
4.91298604012	-1
4.91298604012	-1
4.91298604012	-1
4.91323494911	-1
4.91323494911	-1
4.91323494911	-1
4.91323494911	-1
4.91323494911	-1
4.91323494911	-1
4.91323494911	-1
4.91401195526	-1
4.91401195526	-1
4.91401195526	-1
4.91401195526	-1
4.91401195526	-1
4.91401195526	-1
4.91401195526	-1
4.91401195526	-1
4.91401195526	-1
4.91495394707	-1
4.91495394707	-1
4.91495394707	-1
4.91495394707	-1
4.91495394707	-1
4.91495394707	-1
4.91495394707	-1
4.91495394707	-1
4.91526198387	-1
4.91526198387	-1
4.91526198387	-1
4.91526198387	-1
4.91526198387	-1
4.91526198387	-1
4.91526198387	-1
4.91526198387	-1
4.91569209099	-1
4.91569209099	-1
4.91569209099	-1
4.91569209099	-1
4.91569209099	-1
4.91569209099	-1
4.91569209099	-1
4.91569209099	-1
4.94487309456	1
4.9449031353	-1
4.9449031353	-1
4.9449031353	-1
4.9449031353	-1
4.9449031353	-1
4.9449031353	-1
4.9449031353	-1
4.98476600647	-1
4.98476600647	-1
4.98476600647	-1
4.98476600647	-1
4.98476600647	-1
4.98476600647	-1
4.98476600647	-1
4.98476600647	-1
4.98771810532	-1
4.98771810532	-1
4.98771810532	-1
4.98771810532	-1
4.98771810532	-1
4.98771810532	-1
4.98771810532	-1
4.98771810532	-1
4.98859906197	-1
4.98859906197	-1
4.98859906197	-1
4.98859906197	-1
4.98859906197	-1
4.98859906197	-1
4.98859906197	-1
4.98859906197	-1
4.98952317238	-1
4.98956394196	-1
4.98956394196	-1
4.98956394196	-1
4.98956394196	-1
4.98956394196	-1
4.98956394196	-1
4.98956394196	-1
4.98956394196	-1
4.9900290966	-1
4.9900290966	-1
4.9900290966	-1
4.9900290966	-1
4.9900290966	-1
4.9900290966	-1
4.9900290966	-1
4.9900290966	-1
4.99111604691	-1
4.99111604691	-1
4.99111604691	-1
4.99111604691	-1
4.99111604691	-1
4.99111604691	-1
4.99111604691	-1
4.99111604691	-1
4.99280405045	1
4.99280405045	1
4.99280405045	1
5.01971697807	-1
5.01971697807	-1
5.01971697807	-1
5.01971697807	-1
5.01971697807	-1
5.01971697807	-1
5.01971697807	-1
5.01971697807	-1
5.0523121357	1
5.0523121357	1
5.0523121357	1
5.05929803848	-1
5.05929803848	-1
5.05929803848	-1
5.05929803848	-1
5.05929803848	-1
5.05929803848	-1
5.05929803848	-1
5.06249308586	-1
5.06260514259	-1
5.06260514259	-1
5.06260514259	-1
5.06260514259	-1
5.06260514259	-1
5.06260514259	-1
5.06260514259	-1
5.06260514259	-1
5.06319904327	-1
5.06319904327	-1
5.06319904327	-1
5.06319904327	-1
5.06319904327	-1
5.06319904327	-1
5.06319904327	-1
5.06319904327	-1
5.06420516968	-1
5.06420516968	-1
5.06420516968	-1
5.06420516968	-1
5.06420516968	-1
5.06420516968	-1
5.06420516968	-1
5.06420516968	-1
5.06588196754	-1
5.06588196754	-1
5.06588196754	-1
5.06588196754	-1
5.06588196754	-1
5.06588196754	-1
5.06588196754	-1
5.06588196754	-1
5.06664299965	-1
5.06664299965	-1
5.06664299965	-1
5.06676316261	-1
5.06676316261	-1
5.06676316261	-1
5.06676316261	-1
5.06676316261	-1
5.06676316261	-1
5.06676316261	-1
5.06676316261	-1
5.06828999519	1
5.06828999519	1
5.09432601929	-1
5.09432601929	-1
5.09432601929	-1
5.09432601929	-1
5.09432601929	-1
5.09432601929	-1
5.09432601929	-1
5.09432601929	-1
5.13474106789	-1
5.13474106789	-1
5.13485693932	-1
5.13497710228	-1
5.13497710228	-1
5.13497710228	-1
5.13497710228	-1
5.13497710228	-1
5.13497710228	-1
5.13497710228	-1
5.13497710228	-1
5.13729310036	-1
5.13729310036	-1
5.13729310036	-1
5.13729310036	-1
5.13729310036	-1
5.13729310036	-1
5.14138317108	-1
5.14138317108	-1
5.1600689888	-1
5.1600689888	-1
5.1600689888	-1
5.2345020771	-1
5.30260014534	1
5.34561705589	-1
5.36607599258	-1
5.36607599258	-1
5.36607599258	-1
5.36607599258	-1
5.36607599258	-1
5.36607599258	-1
5.37514901161	-1
5.37514901161	-1
5.37525296211	-1
5.37525296211	-1
5.37525296211	-1
5.37525296211	-1
5.37525296211	-1
5.37525296211	-1
5.38387298584	-1
5.38387298584	-1
5.38387298584	-1
5.38387298584	-1
5.38387298584	-1
5.38387298584	-1
5.38387298584	-1
5.38387298584	-1
5.46286702156	-1
5.46286702156	-1
5.46286702156	-1
5.46286702156	-1
5.46286702156	-1
5.46286702156	-1
5.49381017685	-1
5.49381017685	-1
5.49491000175	1
5.51943302155	1
5.51943302155	1
5.51943302155	1
5.52100110054	1
5.52100110054	1
5.52156400681	1
5.52156400681	1
5.52156400681	1
5.66385507584	-1
5.68319296837	-1
5.68319296837	-1
5.68319296837	-1
5.68479204178	1
5.75773406029	-1
6.05723309517	-1
6.05854201317	1
6.06875514984	-1
6.06875514984	-1
6.06875514984	-1
6.0847120285	-1
6.0847120285	-1
6.0847120285	-1
6.08482313156	-1
6.08482313156	-1
6.13330817223	1
6.13330817223	1
6.17494416237	-1
6.17494416237	-1
6.17494416237	-1
6.18755912781	-1
6.18755912781	-1
6.20635414124	-1
6.25013804436	-1
6.25013804436	-1
6.25013804436	-1
6.33290696144	1
6.39287805557	-1
6.39287805557	-1
6.40714597702	1
6.53258109093	-1
6.53276896477	-1
6.53276896477	-1
6.53276896477	-1
6.53276896477	-1
6.53276896477	-1
6.53276896477	-1
6.61042404175	1
6.68499112129	1
6.68499112129	1
6.75082302094	-1
6.76902699471	-1
6.76902699471	-1
6.76902699471	-1
6.97659707069	-1
7.0109641552	-1
7.0109641552	-1
7.0109641552	-1
7.01125216484	-1
7.01125216484	-1
7.01125216484	-1
7.02643203735	-1
7.02643203735	-1
7.02643203735	-1
7.02643203735	-1
7.02643203735	-1
7.02643203735	-1
7.02643203735	-1
7.02643203735	-1
7.02643203735	-1
7.03480005264	1
7.1066801548	1
7.1066801548	1
7.1066801548	1
7.14841294289	1
7.18074202538	-1
7.18092513084	-1
7.18092513084	-1
7.18092513084	-1
7.18092513084	-1
7.27623915672	1
7.32956409454	-1
7.34326314926	-1
7.34326314926	-1
7.34326314926	-1
7.34326314926	-1
7.34326314926	-1
7.34326314926	-1
7.34326314926	-1
7.34326314926	-1
7.35505795479	-1
7.35505795479	-1
7.35505795479	-1
7.35505795479	-1
7.35505795479	-1
7.35505795479	-1
7.35505795479	-1
7.35505795479	-1
7.36163711548	-1
7.36174416542	-1
7.36174416542	-1
7.36174416542	-1
7.36174416542	-1
7.36174416542	-1
7.36174416542	-1
7.36174416542	-1
7.37030100822	-1
7.37034797668	-1
7.37034797668	-1
7.41793394089	-1
7.41793394089	-1
7.41793394089	-1
7.41804504395	-1
7.41804504395	-1
7.41804504395	-1
7.41804504395	-1
7.53835105896	-1
7.61299514771	-1
7.61299514771	-1
7.68755698204	-1
7.74178814888	-1
7.74178814888	-1
7.74178814888	-1
7.74178814888	-1
7.83697009087	-1
7.83697009087	-1
7.86861014366	-1
7.86861014366	-1
7.86861014366	-1
7.86883711815	-1
7.86883711815	-1
7.86883711815	-1
7.86883711815	-1
7.86883711815	-1
7.86883711815	-1
7.86883711815	-1
7.86883711815	-1
7.86916208267	-1
7.86916208267	-1
7.86916208267	-1
7.86916208267	-1
7.86916208267	-1
7.86933207512	-1
7.87281513214	-1
7.87281513214	-1
7.87281513214	-1
7.87281513214	-1
7.87281513214	-1
7.87281513214	-1
7.87281513214	-1
7.87281513214	-1
7.87315702438	-1
7.87315702438	-1
7.87957501411	-1
7.87957501411	-1
7.87957501411	-1
7.87957501411	-1
7.88039112091	1
7.88363909721	-1
7.88374495506	-1
7.88374495506	-1
7.88374495506	-1
7.88374495506	-1
7.88374495506	-1
7.88374495506	-1
7.88374495506	-1
7.91194415092	-1
7.91194415092	-1
7.91194415092	-1
7.91194415092	-1
7.91194415092	-1
7.91194415092	-1
7.91194415092	-1
7.91194415092	-1
7.94384407997	-1
7.94384407997	-1
7.94384407997	-1
7.94384407997	-1
7.94384407997	-1
7.94384407997	-1
7.94384407997	-1
7.9441781044	-1
7.94429898262	-1
7.94429898262	-1
7.94429898262	-1
7.94429898262	-1
7.94429898262	-1
7.94429898262	-1
7.94429898262	-1
7.94454503059	-1
7.94460511208	-1
7.94460511208	-1
7.94460511208	-1
7.94745111465	-1
7.94745111465	-1
7.94745111465	-1
7.94749903679	-1
7.94767713547	-1
7.94767713547	-1
7.94767713547	-1
7.94767713547	-1
7.94767713547	-1
7.94767713547	-1
7.94767713547	-1
7.94767713547	-1
7.94767713547	-1
7.94767713547	-1
7.94806194305	-1
7.94806194305	-1
7.94806194305	-1
7.94806194305	-1
7.94806194305	-1
7.94806194305	-1
7.94806194305	-1
7.94806194305	-1
7.95510816574	1
7.95908498764	-1
7.95908498764	-1
7.95908498764	-1
7.95908498764	-1
7.95908498764	-1
7.95908498764	-1
7.95908498764	-1
7.95908498764	-1
7.98663401604	-1
7.98663401604	-1
7.98663401604	-1
7.98663401604	-1
7.98663401604	-1
7.98663401604	-1
7.98663401604	-1
7.98663401604	-1
8.01921796799	-1
8.01921796799	-1
8.01921796799	-1
8.01921796799	-1
8.01921796799	-1
8.01921796799	-1
8.01921796799	-1
8.01956009865	-1
8.01956009865	-1
8.01956009865	-1
8.01956009865	-1
8.01956009865	-1
8.01956009865	-1
8.01956009865	-1
8.01956009865	-1
8.01992702484	-1
8.01992702484	-1
8.01992702484	-1
8.01992702484	-1
8.01992702484	-1
8.01992702484	-1
8.01992702484	-1
8.01992702484	-1
8.02209806442	-1
8.02209806442	-1
8.02209806442	-1
8.02209806442	-1
8.02246713638	-1
8.02246713638	-1
8.02262997627	-1
8.02262997627	-1
8.02262997627	-1
8.02262997627	-1
8.02262997627	-1
8.02422595024	1
8.02422595024	1
8.02422595024	1
8.02989816666	-1
8.02989816666	-1
8.02989816666	-1
8.02989816666	-1
8.02989816666	-1
8.02989816666	-1
8.02989816666	-1
8.02989816666	-1
8.02989816666	-1
8.03361701965	-1
8.03361701965	-1
8.03361701965	-1
8.03361701965	-1
8.03361701965	-1
8.06113314629	-1
8.06113314629	-1
8.06113314629	-1
8.06113314629	-1
8.17588615417	1
8.29049897194	1
9.0106921196	-1
9.0127530098	1
9.03155303001	-1
9.03155303001	-1
9.03155303001	-1
9.0499651432	-1
9.0499651432	-1
9.0499651432	-1
9.0499651432	-1
9.0499651432	-1
9.0499651432	-1
9.0499651432	-1
9.0499651432	-1
9.05383205414	-1
9.05383205414	-1
9.05383205414	-1
9.05383205414	-1
9.05383205414	-1
9.05383205414	-1
9.06649303436	-1
9.06649303436	-1
9.06668901443	-1
9.06668901443	-1
9.06668901443	-1
9.06668901443	-1
9.06668901443	-1
9.06668901443	-1
9.0888030529	1
9.08897614479	1
9.08897614479	1
9.08897614479	1
9.08964800835	1
9.08964800835	1
9.08964800835	1
9.09285116196	1
9.09285116196	1
9.11429095268	1
9.11429095268	1
9.11429095268	1
9.16116404533	-1
9.16120815277	-1
9.16120815277	-1
9.16120815277	-1
9.16120815277	-1
9.16120815277	-1
9.16120815277	-1
9.16120815277	-1
9.17249417305	1
9.17249417305	1
9.17249417305	1
9.17306399345	1
9.17306399345	1
9.17757296562	1
9.17757296562	1
9.17757296562	1
9.17802095413	1
9.17802095413	1
9.18095612526	1
9.18095612526	1
9.18095612526	1
9.18095612526	1
9.18095612526	1
9.18095612526	1
9.23488998413	1
9.23488998413	1
9.23488998413	1
9.23488998413	1
9.23488998413	1
9.23488998413	1
9.23488998413	1
9.23488998413	1
9.23573899269	-1
9.24776697159	1
9.24776697159	1
9.24776697159	1
9.24776697159	1
9.24776697159	1
9.24776697159	1
9.24776697159	1
9.24776697159	1
9.60636901855	-1
9.62082314491	-1
9.62082314491	-1
9.62082314491	-1
9.62096405029	-1
9.62096405029	-1
9.62096405029	-1
9.62096405029	-1
9.62096405029	-1
9.62614798546	-1
9.62614798546	-1
9.62614798546	-1
9.62614798546	-1
9.62614798546	-1
9.62614798546	-1
9.62614798546	-1
9.62614798546	-1
9.64152598381	-1
9.6417350769	-1
9.6417350769	-1
9.6417350769	-1
9.6417350769	-1
9.6417350769	-1
9.65544199944	-1
9.65544199944	-1
9.65544199944	-1
9.65544199944	-1
9.65544199944	-1
9.65544199944	-1
9.65544199944	-1
9.65544199944	-1
9.69612407684	-1
9.69612407684	-1
9.69612407684	-1
9.69612407684	-1
9.69612407684	-1
9.69612407684	-1
9.69645309448	-1
9.69645309448	-1
9.69657516479	-1
9.69657516479	-1
9.69657516479	-1
9.69657516479	-1
9.69657516479	-1
9.69657516479	-1
9.69806814194	1
9.70134997368	-1
9.70134997368	-1
9.70134997368	-1
9.70134997368	-1
9.70134997368	-1
9.70134997368	-1
9.70134997368	-1
9.71632003784	-1
9.71632003784	-1
9.71632003784	-1
9.71632003784	-1
9.71632003784	-1
9.71632003784	-1
9.71632003784	-1
9.71632003784	-1
9.73013710976	-1
9.73024296761	-1
9.73024296761	-1
9.73024296761	-1
9.73024296761	-1
9.73024296761	-1
9.73024296761	-1
9.73024296761	-1
9.77076601982	-1
9.77081394196	-1
9.77081394196	-1
9.77081394196	-1
9.77081394196	-1
9.77081394196	-1
9.77081394196	-1
9.77132201195	-1
9.77132201195	-1
9.77144598961	-1
9.77144598961	-1
9.77144598961	-1
9.77156805992	-1
9.77156805992	-1
9.77160811424	-1
9.77160811424	-1
9.94733405113	-1
10.0219390392	-1
