0.0	1
0.250605106354	1
0.505219221115	-1
0.506772994995	1
0.701740026474	-1
0.702844142914	1
0.705862045288	1
0.705862045288	1
0.705862045288	1
0.939810037613	1
1.01403903961	1
1.01403903961	1
1.19592118263	-1
1.19706511497	1
1.34016799927	-1
1.3416030407	1
1.48489308357	-1
1.48607707024	1
1.62283921242	-1
1.62399315834	1
1.64689803123	-1
1.64689803123	-1
1.64689803123	-1
1.64689803123	-1
1.64689803123	-1
1.64689803123	-1
1.64689803123	-1
1.64689803123	-1
1.64689803123	-1
1.66008710861	-1
1.66008710861	-1
1.69844102859	1
1.69844102859	1
1.77321314812	-1
1.77321314812	-1
1.78142905235	-1
1.78142905235	-1
1.78142905235	-1
1.78142905235	-1
1.78142905235	-1
1.78142905235	-1
1.78142905235	-1
1.94573903084	1
1.97807621956	-1
1.97807621956	-1
2.04870200157	-1
2.04870200157	-1
2.04870200157	-1
2.04870200157	-1
2.04870200157	-1
2.04870200157	-1
2.04870200157	-1
2.12792205811	-1
2.12792205811	-1
2.20823216438	-1
2.20846414566	-1
2.20846414566	-1
2.20846414566	-1
2.20846414566	-1
2.20846414566	-1
2.20846414566	-1
2.38167309761	-1
2.38283920288	1
2.45611310005	-1
2.57001614571	-1
2.57001614571	-1
2.66130805016	-1
2.66130805016	-1
2.66130805016	-1
2.66130805016	-1
2.66130805016	-1
2.6773622036	-1
2.67767214775	-1
2.67767214775	-1
2.68172001839	-1
2.68172001839	-1
2.68172001839	-1
2.68172001839	-1
2.68172001839	-1
2.68172001839	-1
2.68172001839	-1
2.68172001839	-1
2.68206501007	-1
2.68206501007	-1
2.68206501007	-1
2.68206501007	-1
2.68206501007	-1
2.68206501007	-1
2.68206501007	-1
2.68230819702	-1
2.68230819702	-1
2.68230819702	-1
2.68230819702	-1
2.68230819702	-1
2.68230819702	-1
2.68230819702	-1
2.68230819702	-1
2.7066950798	1
2.70928621292	1
2.70928621292	1
2.70928621292	1
2.71795201302	1
2.71795201302	1
2.71795201302	1
2.75229620934	-1
2.75229620934	-1
2.75239801407	-1
2.75239801407	-1
2.75239801407	-1
2.75239801407	-1
2.75239801407	-1
2.75239801407	-1
2.75239801407	-1
2.78116607666	1
2.82178020477	-1
2.82178020477	-1
2.82178020477	-1
2.82216906548	-1
2.82216906548	-1
2.82216906548	-1
2.82216906548	-1
2.82216906548	-1
2.82216906548	-1
2.82216906548	-1
2.82216906548	-1
2.82319808006	-1
2.82319808006	-1
2.82319808006	-1
2.82319808006	-1
2.82319808006	-1
2.82319808006	-1
2.82319808006	-1
2.82672715187	-1
2.82696318626	-1
2.82696318626	-1
2.82696318626	-1
2.82696318626	-1
2.82696318626	-1
2.82696318626	-1
2.82696318626	-1
2.82720708847	-1
2.82784414291	-1
2.82784414291	-1
2.82784414291	-1
2.82784414291	-1
2.82784414291	-1
2.82784414291	-1
2.82784414291	-1
2.82802319527	-1
2.82802319527	-1
2.82823109627	-1
2.82823109627	-1
2.82823109627	-1
2.82823109627	-1
2.82823109627	-1
2.82823109627	-1
2.82823109627	-1
2.85601711273	1
2.85601711273	1
2.89689302444	-1
2.89689302444	-1
2.89689302444	-1
2.89689302444	-1
2.89689302444	-1
2.89689302444	-1
2.89689302444	-1
2.89689302444	-1
2.89707112312	-1
2.89707112312	-1
2.89707112312	-1
2.89707112312	-1
2.89707112312	-1
2.89707112312	-1
2.89707112312	-1
2.89748907089	-1
2.89748907089	-1
2.93114709854	1
2.96681118011	-1
2.96681118011	-1
2.96681118011	-1
2.96681118011	-1
2.96681118011	-1
2.96691203117	-1
2.96697115898	-1
2.96697115898	-1
2.96697115898	-1
2.96697115898	-1
2.96697115898	-1
2.96697115898	-1
2.96728110313	-1
2.96728110313	-1
2.96728110313	-1
2.96728110313	-1
2.96728110313	-1
2.96728110313	-1
2.96728110313	-1
2.96728110313	-1
2.97139120102	-1
2.97139120102	-1
2.97139120102	-1
2.97139120102	-1
2.97139120102	-1
2.97139120102	-1
2.97139120102	-1
2.97139120102	-1
2.97139120102	-1
2.97174620628	-1
2.97174620628	-1
2.97174620628	-1
2.97174620628	-1
2.97174620628	-1
2.97174620628	-1
2.97174620628	-1
2.97211503983	-1
2.97211503983	-1
2.97211503983	-1
2.97211503983	-1
2.97211503983	-1
2.97211503983	-1
2.97211503983	-1
2.97211503983	-1
2.97254514694	-1
2.97254514694	-1
2.97254514694	-1
2.97254514694	-1
2.97254514694	-1
2.97254514694	-1
2.97254514694	-1
2.97270202637	-1
3.00306200981	-1
3.00306200981	-1
3.00306200981	-1
3.00306200981	-1
3.00306200981	-1
3.00306200981	-1
3.00306200981	-1
3.00306200981	-1
3.00306200981	-1
3.00600504875	1
3.00600504875	1
3.04163122177	-1
3.04163122177	-1
3.04163122177	-1
3.04163122177	-1
3.04166817665	-1
3.0421102047	-1
3.06190919876	1
3.06190919876	1
3.06190919876	1
3.10393118858	1
3.10393118858	1
3.23287010193	-1
3.23426318169	1
3.24199914932	-1
3.24199914932	-1
3.24199914932	-1
3.30888009071	1
3.30888009071	1
3.32596111298	-1
3.32596111298	-1
3.32596111298	-1
3.32793521881	1
3.32793521881	1
3.32793521881	1
3.45849299431	1
3.51164317131	-1
3.61715006828	-1
3.61715006828	-1
3.61715006828	-1
3.61872601509	1
3.69226408005	-1
3.69226408005	-1
3.69226408005	-1
3.69303107262	-1
3.69303107262	-1
3.69368314743	-1
3.69368314743	-1
3.69368314743	-1
3.69386410713	-1
3.69386410713	-1
3.69386410713	-1
3.69386410713	-1
3.69386410713	-1
3.69386410713	-1
3.69386410713	-1
3.69413018227	-1
3.69458317757	-1
3.69458317757	-1
3.69458317757	-1
3.69458317757	-1
3.69458317757	-1
3.69458317757	-1
3.69458317757	-1
3.69458317757	-1
3.71180820465	-1
3.71180820465	-1
3.71180820465	-1
3.71180820465	-1
3.71180820465	-1
3.71180820465	-1
3.71180820465	-1
3.71180820465	-1
3.71180820465	-1
3.71222710609	-1
3.71222710609	-1
3.71235013008	-1
3.71235013008	-1
3.71235013008	-1
3.71235013008	-1
3.71235013008	-1
3.71259617805	-1
3.71259617805	-1
3.71259617805	-1
3.71259617805	-1
3.71259617805	-1
3.71259617805	-1
3.71259617805	-1
3.71259617805	-1
3.71284103394	-1
3.7136490345	-1
3.7136490345	-1
3.7136490345	-1
3.7136490345	-1
3.7136490345	-1
3.7136490345	-1
3.7136490345	-1
3.7136490345	-1
3.73832821846	-1
3.73832821846	-1
3.73832821846	-1
3.73832821846	-1
3.73832821846	-1
3.73832821846	-1
3.73832821846	-1
3.76762509346	-1
3.76774501801	-1
3.76774501801	-1
3.76774501801	-1
3.76774501801	-1
3.76774501801	-1
3.76774501801	-1
3.76774501801	-1
3.76850199699	-1
3.76850199699	-1
3.76850199699	-1
3.76850199699	-1
3.76850199699	-1
3.76850199699	-1
3.76850199699	-1
3.76887106895	-1
3.76887106895	-1
3.76888608932	1
3.7692630291	-1
3.7692630291	-1
3.7692630291	-1
3.7692630291	-1
3.7692630291	-1
3.7692630291	-1
3.7692630291	-1
3.7692630291	-1
3.78644418716	-1
3.78644418716	-1
3.78644418716	-1
3.78644418716	-1
3.78644418716	-1
3.78644418716	-1
3.78644418716	-1
3.78644418716	-1
3.80966615677	1
3.80966615677	1
3.80966615677	1
3.80966615677	1
3.80966615677	1
3.80966615677	1
3.80966615677	1
3.80966615677	1
3.81569504738	-1
3.81569504738	-1
3.81569504738	-1
3.81569504738	-1
3.81569504738	-1
3.81569504738	-1
3.81569504738	-1
3.81569504738	-1
3.85360622406	-1
3.85366606712	-1
3.85366606712	-1
3.85366606712	-1
3.85366606712	-1
3.85384511948	-1
3.85396504402	-1
3.85396504402	-1
3.85396504402	-1
3.85396504402	-1
3.85396504402	-1
3.85396504402	-1
3.85396504402	-1
3.85421013832	-1
3.85433411598	-1
3.85433411598	-1
3.85433411598	-1
3.85758113861	-1
3.85758113861	-1
3.85758113861	-1
3.85758113861	-1
3.85758113861	-1
3.85758113861	-1
3.85758113861	-1
3.85758113861	-1
3.85758113861	-1
3.8579390049	-1
3.85806107521	-1
3.85806107521	-1
3.85806107521	-1
3.85806107521	-1
3.85806107521	-1
3.85806107521	-1
3.85806107521	-1
3.85873699188	1
3.85873699188	1
3.85873699188	1
3.85873699188	1
3.85873699188	1
3.85873699188	1
3.85873699188	1
3.85873699188	1
3.86066412926	1
3.86083006859	1
3.86083006859	1
3.86083006859	1
3.86203408241	-1
3.86203408241	-1
3.86203408241	-1
3.86203408241	-1
3.86203408241	-1
3.86203408241	-1
3.86203408241	-1
3.86203408241	-1
3.86203408241	-1
3.86330413818	-1
3.86330413818	-1
3.86330413818	-1
3.86330413818	-1
3.86330413818	-1
3.86330413818	-1
3.86330413818	-1
3.86330413818	-1
3.88369822502	-1
3.88369822502	-1
3.88369822502	-1
3.88369822502	-1
3.88369822502	-1
3.88369822502	-1
3.88369822502	-1
3.90739917755	-1
3.90757417679	-1
3.90757417679	-1
3.90858602524	1
3.90858602524	1
3.93327116966	1
4.00165510178	-1
4.00165510178	-1
4.00165510178	-1
4.00165510178	-1
4.00165510178	-1
4.00165510178	-1
4.00165510178	-1
4.00165510178	-1
4.03104305267	-1
4.05817508698	-1
4.12313318253	-1
4.12313318253	-1
4.12313318253	-1
4.12313318253	-1
4.12313318253	-1
4.16353416443	1
4.20709514618	-1
4.25682520866	-1
4.25682520866	-1
4.25682520866	-1
4.25682520866	-1
4.25682520866	-1
4.25682520866	-1
4.25682520866	-1
4.25682520866	-1
4.25682520866	-1
4.25682520866	-1
4.25716805458	-1
4.25716805458	-1
4.25716805458	-1
4.25716805458	-1
4.27970409393	-1
4.27970409393	-1
4.27970409393	-1
4.27970409393	-1
4.27970409393	-1
4.27970409393	-1
4.27970409393	-1
4.27970409393	-1
4.28029108047	-1
4.28029108047	-1
4.28029108047	-1
4.28029108047	-1
4.28029108047	-1
4.28029108047	-1
4.28029108047	-1
4.30164599419	-1
4.30281305313	1
4.3037071228	-1
4.3037071228	-1
4.3037071228	-1
4.30412912369	-1
4.30412912369	-1
4.30412912369	-1
4.30412912369	-1
4.30412912369	-1
4.31549119949	-1
4.31549119949	-1
4.31549119949	-1
4.31549119949	-1
4.31549119949	-1
4.31549119949	-1
4.31549119949	-1
4.31549119949	-1
4.31549119949	-1
4.3158390522	-1
4.3158390522	-1
4.31813907623	-1
4.31813907623	-1
4.31813907623	-1
4.31813907623	-1
4.31813907623	-1
4.31813907623	-1
4.31813907623	-1
4.31830120087	-1
4.31830120087	-1
4.3378610611	-1
4.3378610611	-1
4.3378610611	-1
4.3378610611	-1
4.3378610611	-1
4.3378610611	-1
4.3378610611	-1
4.3378610611	-1
4.39494800568	-1
4.3950521946	-1
4.3950521946	-1
4.39638614655	-1
4.39638614655	-1
4.39638614655	-1
4.39638614655	-1
4.39638614655	-1
4.39638614655	-1
4.39638614655	-1
4.39638614655	-1
4.39638614655	-1
4.39675021172	-1
4.39675021172	-1
4.39675021172	-1
4.39675021172	-1
4.39675021172	-1
4.39675021172	-1
4.39675021172	-1
4.39699816704	-1
4.39699816704	-1
4.39709615707	-1
4.39873719215	-1
4.39873719215	-1
4.39873719215	-1
4.39873719215	-1
4.39873719215	-1
4.39873719215	-1
4.39873719215	-1
4.39887404442	-1
4.39908504486	-1
4.39908504486	-1
4.39908504486	-1
4.39908504486	-1
4.39908504486	-1
4.39908504486	-1
4.39908504486	-1
4.39911818504	1
4.39933204651	-1
4.39933204651	-1
4.39933204651	-1
4.39937901497	-1
4.42238807678	-1
4.42238807678	-1
4.42238807678	-1
4.42238807678	-1
4.42238807678	-1
4.42238807678	-1
4.42238807678	-1
4.44219303131	-1
4.44224119186	-1
4.44224119186	-1
4.44224119186	-1
4.44224119186	-1
4.44224119186	-1
4.44224119186	-1
4.44224119186	-1
4.45280003548	-1
4.4529042244	-1
4.4529042244	-1
4.4529042244	-1
4.4529042244	-1
4.4529042244	-1
4.4529042244	-1
4.4529042244	-1
4.4529042244	-1
4.45954918861	-1
4.45980501175	-1
4.45980501175	-1
4.45980501175	-1
4.45980501175	-1
4.45980501175	-1
4.45980501175	-1
4.45980501175	-1
4.45980501175	-1
4.47106313705	-1
4.47106313705	-1
4.47106313705	-1
4.47106313705	-1
4.47106313705	-1
4.47106313705	-1
4.47106313705	-1
4.47106313705	-1
4.47143220901	-1
4.47143220901	-1
4.47143220901	-1
4.47143220901	-1
4.47143220901	-1
4.47143220901	-1
4.47143220901	-1
4.47143220901	-1
4.47180104256	-1
4.47180104256	-1
4.47180104256	-1
4.47192621231	-1
4.47192621231	-1
4.47192621231	-1
4.47192621231	-1
4.47192621231	-1
4.47192621231	-1
4.47192621231	-1
4.47215414047	-1
4.47342205048	-1
4.47342205048	-1
4.47342205048	-1
4.47342205048	-1
4.47342205048	-1
4.47342205048	-1
4.47342205048	-1
4.47342205048	-1
4.47350406647	1
4.47350406647	1
4.47350406647	1
4.47378802299	-1
4.47378802299	-1
4.47378802299	-1
4.47378802299	-1
4.47378802299	-1
4.47378802299	-1
4.47378802299	-1
4.53488612175	-1
4.53488612175	-1
4.53488612175	-1
4.53488612175	-1
4.53488612175	-1
4.53488612175	-1
4.54098701477	-1
4.54098701477	-1
4.54098701477	-1
4.54098701477	-1
4.54098701477	-1
4.54098701477	-1
4.54190802574	-1
4.54190802574	-1
4.54190802574	-1
4.54190802574	-1
4.54190802574	-1
4.54237008095	-1
4.54237008095	-1
4.54237008095	-1
4.54237008095	-1
4.54237008095	-1
4.54237008095	-1
4.54237008095	-1
4.54237008095	-1
4.54268407822	-1
4.54268407822	-1
4.54268407822	-1
4.54268407822	-1
4.54268407822	-1
4.54268407822	-1
4.54268407822	-1
4.54298400879	-1
4.54483103752	-1
4.54483103752	-1
4.54495120049	-1
4.54495120049	-1
4.54495120049	-1
4.54495120049	-1
4.54495120049	-1
4.54495120049	-1
4.54495120049	-1
4.54495120049	-1
4.54495120049	-1
4.54591321945	-1
4.54591321945	-1
4.54591321945	-1
4.54591321945	-1
4.54591321945	-1
4.54591321945	-1
4.54591321945	-1
4.54656815529	-1
4.54656815529	-1
4.54656815529	-1
4.54656815529	-1
4.54656815529	-1
4.54656815529	-1
4.54656815529	-1
4.54693698883	-1
4.54693698883	-1
4.54693698883	-1
4.54693698883	-1
4.54693698883	-1
4.54693698883	-1
4.54693698883	-1
4.54693698883	-1
4.54817509651	1
4.54817509651	1
4.54872703552	-1
4.56971907616	-1
4.56971907616	-1
4.56971907616	-1
4.56971907616	-1
4.56971907616	-1
4.56971907616	-1
4.56971907616	-1
4.56971907616	-1
4.57029104233	-1
4.57029104233	-1
4.57056903839	-1
4.59217715263	-1
4.59217715263	-1
4.59217715263	-1
4.59217715263	-1
4.59217715263	-1
4.59217715263	-1
4.5924050808	-1
4.5924050808	-1
4.59251022339	-1
4.59251022339	-1
4.59251022339	-1
4.59251022339	-1
4.59251022339	-1
4.59251022339	-1
4.59251022339	-1
4.60962319374	-1
4.60962319374	-1
4.60962319374	-1
4.60962319374	-1
4.60962319374	-1
4.60962319374	-1
4.60962319374	-1
4.61571002007	-1
4.61571002007	-1
4.61571002007	-1
4.61571002007	-1
4.61571002007	-1
4.61571002007	-1
4.61571002007	-1
4.61571002007	-1
4.61571002007	-1
4.6166510582	-1
4.6166510582	-1
4.6166510582	-1
4.6166510582	-1
4.6166510582	-1
4.6166510582	-1
4.6166510582	-1
4.6166510582	-1
4.61756300926	-1
4.61756300926	-1
4.61756300926	-1
4.61756300926	-1
4.61756300926	-1
4.61756300926	-1
4.61756300926	-1
4.61756300926	-1
4.61802220345	-1
4.61802220345	-1
4.61802220345	-1
4.61802220345	-1
4.61802220345	-1
4.61802220345	-1
4.61802220345	-1
4.61945605278	-1
4.61960101128	-1
4.61960101128	-1
4.61960101128	-1
4.61966609955	1
4.61966609955	1
4.61966609955	1
4.63280510902	-1
4.63280510902	-1
4.63280510902	-1
4.63280510902	-1
4.63280510902	-1
4.63280510902	-1
4.63280510902	-1
4.63280510902	-1
4.63280510902	-1
4.63315701485	-1
4.63315701485	-1
4.63315701485	-1
4.63315701485	-1
4.63315701485	-1
4.63342404366	-1
4.63342404366	-1
4.63342404366	-1
4.63342404366	-1
4.63342404366	-1
4.63342404366	-1
4.63342404366	-1
4.63342404366	-1
4.63379311562	-1
4.63379311562	-1
4.63382601738	-1
4.63382601738	-1
4.63382601738	-1
4.63382601738	-1
4.63382601738	-1
4.63382601738	-1
4.63382601738	-1
4.68711400032	-1
4.68711400032	-1
4.68711400032	-1
4.68728399277	-1
4.68728399277	-1
4.68728399277	-1
4.68728399277	-1
4.68754816055	-1
4.68773317337	-1
4.68773317337	-1
4.68773317337	-1
4.68773317337	-1
4.68773317337	-1
4.68773317337	-1
4.68801903725	-1
4.68801903725	-1
4.68801903725	-1
4.68801903725	-1
4.68801903725	-1
4.68801903725	-1
4.68801903725	-1
4.68801903725	-1
4.68835020065	-1
4.68835020065	-1
4.68835020065	-1
4.68835020065	-1
4.68835020065	-1
4.68835020065	-1
4.68867516518	-1
4.68867516518	-1
4.68867516518	-1
4.68867516518	-1
4.68867516518	-1
4.68867516518	-1
4.68867516518	-1
4.68867516518	-1
4.69130706787	-1
4.69130706787	-1
4.69130706787	-1
4.69130706787	-1
4.69130706787	-1
4.69130706787	-1
4.69130706787	-1
4.69154214859	-1
4.69154214859	-1
4.69154214859	-1
4.69154214859	-1
4.69154214859	-1
4.69154214859	-1
4.69154214859	-1
4.69154214859	-1
4.69191002846	-1
4.69191002846	-1
4.69191002846	-1
4.69191002846	-1
4.69191002846	-1
4.69191002846	-1
4.69191002846	-1
4.69191002846	-1
4.69231915474	-1
4.69231915474	-1
4.69231915474	-1
4.69231915474	-1
4.69231915474	-1
4.69231915474	-1
4.69231915474	-1
4.69231915474	-1
4.69337201118	-1
4.69337201118	-1
4.69337201118	-1
4.69337201118	-1
4.69337201118	-1
4.69337201118	-1
4.69337201118	-1
4.69337201118	-1
4.694024086	1
4.694024086	1
4.694024086	1
4.71334815025	-1
4.71334815025	-1
4.71334815025	-1
4.71334815025	-1
4.71334815025	-1
4.71334815025	-1
4.71334815025	-1
4.71334815025	-1
4.73671603203	-1
4.73671603203	-1
4.73671603203	-1
4.73693799973	-1
4.73693799973	-1
4.73706102371	-1
4.73706102371	-1
4.73706102371	-1
4.73706102371	-1
4.73706102371	-1
4.73706102371	-1
4.73779821396	-1
4.73779821396	-1
4.73779821396	-1
4.73779821396	-1
4.73779821396	-1
4.73779821396	-1
4.73779821396	-1
4.73779821396	-1
4.75902199745	1
4.75902199745	1
4.75902199745	1
4.76263999939	-1
4.76263999939	-1
4.76263999939	-1
4.76263999939	-1
4.76263999939	-1
4.76263999939	-1
4.76263999939	-1
4.76263999939	-1
4.76263999939	-1
4.76294708252	-1
4.76294708252	-1
4.76294708252	-1
4.76294708252	-1
4.76294708252	-1
4.76294708252	-1
4.76294708252	-1
4.76294708252	-1
4.76337504387	-1
4.76337504387	-1
4.76337504387	-1
4.76337504387	-1
4.76337504387	-1
4.76337504387	-1
4.76337504387	-1
4.76337504387	-1
4.78963518143	-1
4.78963518143	-1
4.78963518143	-1
4.78963518143	-1
4.78963518143	-1
4.78963518143	-1
4.78963518143	-1
4.78963518143	-1
4.85125517845	-1
4.85125517845	-1
4.85125517845	-1
4.85125517845	-1
4.85125517845	-1
4.85125517845	-1
4.85125517845	-1
4.8641371727	1
4.8641371727	1
4.8641371727	1
4.86471319199	1
4.86471319199	1
4.89634919167	-1
4.89659404755	-1
4.89659404755	-1
4.89659404755	-1
4.95252299309	1
4.95252299309	1
4.95252299309	1
5.02239322662	1
5.18247509003	-1
5.29402112961	-1
5.31867909431	-1
5.31867909431	-1
5.31867909431	-1
5.31867909431	-1
5.31867909431	-1
5.31867909431	-1
5.34001612663	-1
5.34001612663	-1
5.3402030468	-1
5.3402030468	-1
5.3402030468	-1
5.34212112427	1
5.34224700928	1
5.34224700928	1
5.34224700928	1
5.39443302155	1
5.39443302155	1
5.39443302155	1
5.39443302155	1
5.39443302155	1
5.39491820335	1
5.39491820335	1
5.39491820335	1
5.39491820335	1
5.39491820335	1
5.39491820335	1
5.39491820335	1
5.39491820335	1
5.39491820335	1
5.416711092	1
5.42551422119	-1
5.42551422119	-1
5.42551422119	-1
5.42598819733	-1
5.42598819733	-1
5.42841911316	1
5.42841911316	1
5.42841911316	1
5.42841911316	1
5.42841911316	1
5.42841911316	1
5.42841911316	1
5.42841911316	1
5.42841911316	1
5.46919512749	-1
5.47029209137	1
5.47029209137	1
5.71721315384	-1
5.72188210487	-1
5.72188210487	-1
5.72188210487	-1
5.72188210487	-1
5.73466205597	-1
5.73466205597	-1
5.74002718925	-1
5.74002718925	-1
5.74002718925	-1
5.74002718925	-1
5.74905514717	-1
5.75442218781	-1
5.75442218781	-1
5.75442218781	-1
5.75442218781	-1
5.75974607468	-1
5.76063013077	1
5.78763699532	-1
5.78763699532	-1
5.78763699532	-1
5.78763699532	-1
5.78763699532	-1
5.79764318466	1
5.79764318466	1
5.79764318466	1
5.83392310143	-1
5.83392310143	-1
5.83392310143	-1
5.85304713249	-1
5.85304713249	-1
5.85304713249	-1
5.87258410454	-1
5.87258410454	-1
5.8966050148	-1
5.8966050148	-1
5.8966050148	-1
5.8966050148	-1
5.96054005623	-1
5.96054005623	-1
5.96054005623	-1
5.96054005623	-1
5.96054005623	-1
5.96054005623	-1
5.96054005623	-1
5.96054005623	-1
5.9650850296	-1
5.9650850296	-1
5.9650850296	-1
5.9878590107	-1
5.9878590107	-1
5.9878590107	-1
6.0001270771	-1
6.0001270771	-1
6.0001270771	-1
6.01095700264	-1
6.01095700264	-1
6.01839208603	-1
6.01839208603	-1
6.02136611938	1
6.02279400826	-1
6.03758120537	-1
6.03758120537	-1
6.03758120537	-1
6.11206102371	-1
6.13131117821	-1
6.13131117821	-1
6.13131117821	-1
6.24241018295	-1
6.24241018295	-1
6.24241018295	-1
6.24257421494	-1
6.24257421494	-1
6.24257421494	-1
6.24257421494	-1
6.24257421494	-1
6.24257421494	-1
6.24642920494	1
6.24701619148	1
6.24701619148	1
6.24701619148	1
6.27048707008	-1
6.27048707008	-1
6.27048707008	-1
6.271682024	1
6.271682024	1
6.271682024	1
6.30982708931	-1
6.30982708931	-1
6.30992817879	-1
6.30992817879	-1
6.30992817879	-1
6.30992817879	-1
6.30992817879	-1
6.39637517929	-1
6.39637517929	-1
6.41285300255	-1
6.41285300255	-1
6.41285300255	-1
6.41285300255	-1
6.41285300255	-1
6.41285300255	-1
6.41285300255	-1
6.41285300255	-1
6.41285300255	-1
6.41320204735	-1
6.41320204735	-1
6.41320204735	-1
6.41320204735	-1
6.41320204735	-1
6.48205709457	-1
6.48205709457	-1
6.48205709457	-1
6.48205709457	-1
6.48205709457	-1
6.48205709457	-1
6.48205709457	-1
6.48205709457	-1
6.49769306183	1
6.55845713615	-1
6.55845713615	-1
6.55845713615	-1
6.55845713615	-1
6.55845713615	-1
6.55845713615	-1
6.55845713615	-1
6.55845713615	-1
6.55845713615	-1
6.56160712242	-1
6.63290810585	1
6.63290810585	1
6.66240406036	-1
6.66271400452	-1
6.66271400452	-1
6.66271400452	-1
6.66271400452	-1
6.66271400452	-1
6.66271400452	-1
6.68412017822	-1
6.68412017822	-1
6.68412017822	-1
6.68412017822	-1
6.68412017822	-1
6.68412017822	-1
6.68412017822	-1
6.70739603043	-1
6.70852804184	-1
6.70852804184	-1
6.70852804184	-1
6.70852804184	-1
6.70852804184	-1
6.70852804184	-1
6.70852804184	-1
6.71077299118	-1
6.71370220184	-1
6.71370220184	-1
6.71370220184	-1
6.71370220184	-1
6.71370220184	-1
6.71370220184	-1
6.71370220184	-1
6.71644616127	-1
6.84342217445	-1
6.84342217445	-1
6.84342217445	-1
6.84342217445	-1
6.84342217445	-1
6.84342217445	-1
6.84342217445	-1
6.84342217445	-1
6.84720206261	-1
6.84732913971	-1
6.84732913971	-1
6.84732913971	-1
6.84732913971	-1
6.84732913971	-1
6.84732913971	-1
6.8478000164	-1
6.8478000164	-1
6.84989404678	-1
6.85015511513	1
6.96751618385	-1
6.96755003929	1
6.96774411201	-1
6.96774411201	-1
6.96774411201	-1
6.96774411201	-1
6.96774411201	-1
6.96774411201	-1
6.96791505814	-1
6.96791505814	-1
6.96791505814	-1
6.96791505814	-1
6.96791505814	-1
6.96791505814	-1
6.96791505814	-1
6.9912981987	-1
6.9912981987	-1
6.9912981987	-1
6.9912981987	-1
6.9912981987	-1
6.9915201664	-1
7.03112220764	-1
7.03112220764	-1
7.03112220764	-1
7.03112220764	-1
7.03112220764	-1
7.03112220764	-1
7.03112220764	-1
7.04215216637	1
7.13595199585	-1
7.13614010811	-1
7.13614010811	-1
7.13614010811	-1
7.13614010811	-1
7.13614010811	-1
7.13614010811	-1
7.13614010811	-1
7.13638401031	-1
7.13638401031	-1
7.13638401031	-1
7.13638401031	-1
7.13638401031	-1
7.13638401031	-1
7.13638401031	-1
7.13638401031	-1
7.17811703682	-1
7.17811703682	-1
7.17885398865	-1
7.17885398865	-1
7.17885398865	-1
7.17885398865	-1
7.17885398865	-1
7.18990206718	-1
7.18990206718	-1
7.18990206718	-1
7.18990206718	-1
7.18990206718	-1
7.18990206718	-1
7.18990206718	-1
7.18990206718	-1
7.31932115555	-1
7.31962800026	-1
7.31962800026	-1
7.31962800026	-1
7.31962800026	-1
7.31962800026	-1
7.31962800026	-1
7.31962800026	-1
7.31962800026	-1
7.31987404823	-1
7.31987404823	-1
7.31987404823	-1
7.31987404823	-1
7.31987404823	-1
7.31987404823	-1
7.33463716507	-1
7.33463716507	-1
7.33463716507	-1
7.33463716507	-1
7.33463716507	-1
7.33463716507	-1
7.33463716507	-1
7.33463716507	-1
7.33463716507	-1
7.3941450119	-1
7.4683201313	-1
7.4683201313	-1
7.4683201313	-1
7.46911716461	-1
7.46911716461	-1
7.4701590538	1
7.47047805786	-1
7.47047805786	-1
7.47047805786	-1
7.48053812981	-1
7.48053812981	-1
7.48127102852	-1
7.48127102852	-1
7.48127102852	-1
7.48157501221	-1
7.48157501221	-1
7.48835611343	1
7.48835611343	1
7.48835611343	1
7.55555820465	1
7.55555820465	1
7.55555820465	1
7.56290817261	1
7.64722919464	1
7.64874315262	1
7.64874315262	1
7.64874315262	1
7.6522860527	1
7.6522860527	1
7.80331110954	1
7.85139417648	-1
7.89510011673	1
7.96241116524	-1
7.96439313889	1
7.96439313889	1
7.96439313889	1
7.96456599236	1
7.96456599236	1
7.96456599236	1
7.96456599236	1
7.96456599236	1
7.97414422035	-1
7.97414422035	-1
7.97414422035	-1
7.99470615387	-1
7.99470615387	-1
7.99776315689	1
7.99776315689	1
7.99776315689	1
7.99796509743	1
7.99796509743	1
7.99796509743	1
7.99796509743	1
7.99796509743	1
7.99796509743	1
7.99796509743	1
8.03683614731	-1
8.11884403229	-1
8.11884403229	-1
8.11887717247	1
8.19353103638	-1
8.19353103638	-1
8.19447612762	1
8.25879812241	-1
8.25879812241	-1
8.25879812241	-1
8.26054000854	1
8.26054000854	1
8.26054000854	1
8.29815721512	-1
8.29815721512	-1
8.29815721512	-1
8.30394411087	-1
8.30394411087	-1
8.30394411087	-1
8.30394411087	-1
8.30394411087	-1
8.30394411087	-1
8.30394411087	-1
8.30518221855	1
8.30518221855	1
8.30518221855	1
8.36991715431	-1
8.36991715431	-1
8.36991715431	-1
8.36991715431	-1
8.40741920471	-1
8.40741920471	-1
8.40741920471	-1
8.40741920471	-1
8.40741920471	-1
8.41921520233	1
8.42833805084	-1
8.42833805084	-1
8.42833805084	-1
8.4431271553	-1
8.4431271553	-1
8.47184705734	-1
8.47184705734	-1
8.47184705734	-1
8.52405810356	-1
8.52405810356	-1
8.52405810356	-1
8.55891418457	-1
8.55891418457	-1
8.56816720963	-1
8.57638120651	-1
8.57638120651	-1
8.57638120651	-1
8.57638120651	-1
8.58774399757	-1
8.58774399757	-1
8.58774399757	-1
8.58774399757	-1
8.58774399757	-1
8.58774399757	-1
8.58797311783	-1
8.58809614182	-1
8.58809614182	-1
8.58809614182	-1
8.58809614182	-1
8.58809614182	-1
8.58809614182	-1
8.58809614182	-1
8.60380411148	1
8.68734407425	-1
8.68734407425	-1
8.68734407425	-1
8.70670819283	-1
8.70670819283	-1
8.70670819283	-1
8.73558115959	-1
8.73558115959	-1
8.73582911491	-1
8.73582911491	-1
8.73582911491	-1
8.73582911491	-1
8.73686504364	-1
8.90367007256	-1
8.90492510796	1
9.06164216995	-1
9.17378401756	-1
9.28600621223	-1
9.28600621223	-1
9.30990719795	-1
9.30990719795	-1
9.30990719795	-1
9.39107608795	1
9.39556312561	1
9.39556312561	1
9.39556312561	1
9.41095709801	1
9.41095709801	1
9.41876220703	1
9.41876220703	1
9.41876220703	1
9.46560811996	1
9.53527212143	1
9.53527212143	1
9.53527212143	1
9.53936719894	1
9.53936719894	1
9.53936719894	1
9.53936719894	1
9.68180012703	-1
9.78181815147	-1
9.78181815147	-1
9.78181815147	-1
9.78206300735	-1
9.78206300735	-1
9.78349304199	-1
9.78349304199	-1
9.78349304199	-1
9.78349304199	-1
9.78349304199	-1
9.7846801281	-1
9.78611302376	-1
9.78611302376	-1
9.78616213799	-1
9.78616213799	-1
9.78616213799	-1
9.78616213799	-1
9.78616213799	-1
9.78634309769	-1
9.78634309769	-1
9.79429221153	1
9.80284500122	-1
9.80299305916	-1
9.80299305916	-1
9.80299305916	-1
9.80299305916	-1
9.80299305916	-1
9.80299305916	-1
9.80299305916	-1
9.92881011963	-1
9.92903804779	-1
9.92903804779	-1
9.92903804779	-1
9.92903804779	-1
9.92903804779	-1
9.92903804779	-1
9.92903804779	-1
9.92928409576	-1
9.92928409576	-1
9.92928409576	-1
9.92928409576	-1
9.92928409576	-1
9.92928409576	-1
9.92952799797	-1
9.93092012405	1
9.93295407295	-1
9.93295407295	-1
9.93295407295	-1
9.93295407295	-1
9.93295407295	-1
9.93295407295	-1
9.93295407295	-1
9.93376421928	-1
9.93452215195	-1
9.93452215195	-1
9.93452215195	-1
9.93473219872	-1
9.93473219872	-1
9.93473219872	-1
9.93473219872	-1
9.93473219872	-1
9.93473219872	-1
9.93473219872	-1
9.93494415283	-1
10.0077991486	-1
10.0077991486	-1
10.0077991486	-1
10.0077991486	-1
10.0077991486	-1
10.0077991486	-1
10.0077991486	-1
10.0077991486	-1
10.0079751015	-1
10.1523990631	-1
10.2269182205	-1
10.3779110909	-1
10.3779110909	-1
10.3834440708	1
10.4424860477	1
10.4424860477	1
10.4424860477	1
10.4428930283	1
10.4428930283	1
10.4428930283	1
10.4973390102	1
10.6909060478	1
10.765294075	1
10.7705850601	-1
10.8789391518	1
10.9093720913	-1
10.9093720913	-1
10.9093720913	-1
10.9219222069	-1
10.9288451672	1
10.9288451672	1
10.9288451672	1
10.9298260212	-1
10.9298260212	-1
10.9298260212	-1
10.956387043	-1
10.956387043	-1
10.956387043	-1
10.956387043	-1
11.0099999905	-1
11.0099999905	-1
11.0099999905	-1
11.0309112072	-1
11.0309112072	-1
11.0309112072	-1
11.0309112072	-1
11.0309112072	-1
11.0309112072	-1
11.030944109	1
11.0884950161	-1
11.0884950161	-1
11.0884950161	-1
11.0884950161	-1
11.0884950161	-1
11.0884950161	-1
11.0884950161	-1
11.1097540855	-1
11.1450481415	-1
11.2008500099	-1
11.2008500099	-1
11.2008500099	-1
11.2008500099	-1
11.2008500099	-1
11.2008500099	-1
11.2008500099	-1
11.22184515	1
11.2580242157	-1
11.2580242157	-1
11.2580242157	-1
11.2581381798	-1
11.2581381798	-1
11.2581381798	-1
11.3334472179	1
11.3334472179	1
11.39884305	-1
11.39884305	-1
11.39884305	-1
11.39884305	-1
11.39884305	-1
11.39884305	-1
11.39884305	-1
11.4502840042	1
11.5249171257	-1
11.5249171257	-1
11.5249531269	1
11.5558202267	-1
11.5558202267	-1
11.5558202267	-1
11.5558202267	-1
11.6002140045	1
11.6002140045	1
11.6749629974	-1
11.6749629974	-1
11.6883080006	-1
11.6883080006	-1
11.6883080006	-1
11.6883080006	-1
11.7864990234	-1
11.7864990234	-1
11.7864990234	-1
11.7864990234	-1
11.7864990234	-1
11.7864990234	-1
11.7864990234	-1
11.7864990234	-1
11.7864990234	-1
11.7864990234	-1
11.7868402004	-1
11.7869632244	-1
11.7869632244	-1
11.7869632244	-1
11.7869632244	-1
11.7869632244	-1
11.7869632244	-1
11.7869632244	-1
11.7875452042	1
11.8148341179	-1
11.8149790764	-1
11.8149790764	-1
11.8149790764	-1
11.8149790764	-1
11.8149790764	-1
11.8149790764	-1
11.8149790764	-1
11.8611340523	-1
11.8612551689	-1
11.8612551689	-1
11.8612551689	-1
11.8612551689	-1
11.8612551689	-1
11.8612551689	-1
11.8612551689	-1
11.8612551689	-1
11.8612551689	-1
11.8617870808	-1
11.8617870808	-1
11.8617870808	-1
11.8617870808	-1
11.8617870808	-1
11.8617870808	-1
11.8617870808	-1
11.8619740009	-1
11.9323470592	-1
11.9323470592	-1
11.9323470592	-1
11.9323470592	-1
11.9323470592	-1
11.9323470592	-1
11.9323470592	-1
11.9323470592	-1
11.93258214	-1
11.932705164	-1
11.932705164	-1
11.932705164	-1
11.932705164	-1
11.932705164	-1
11.932705164	-1
11.932705164	-1
11.9336571693	1
11.9386510849	-1
11.9588251114	-1
11.9588251114	-1
11.9588251114	-1
11.9588251114	-1
11.9588251114	-1
11.9588251114	-1
11.9588251114	-1
11.9588251114	-1
11.9588251114	-1
11.9591841698	-1
11.9591841698	-1
11.9591841698	-1
11.9591841698	-1
11.9591841698	-1
11.977848053	-1
11.977848053	-1
11.977848053	-1
11.9780440331	-1
11.9780440331	-1
11.9780440331	-1
11.9780440331	-1
11.9780440331	-1
11.9780440331	-1
11.9780440331	-1
12.0071811676	-1
12.0073900223	-1
12.0073900223	-1
12.0075130463	-1
12.0075130463	-1
12.0075130463	-1
12.0075130463	-1
12.0075130463	-1
12.0075130463	-1
12.0075130463	-1
12.0155851841	-1
12.0155851841	-1
12.0155851841	-1
12.0155851841	-1
12.0155851841	-1
12.0155851841	-1
12.0155851841	-1
12.0774781704	-1
12.0774781704	-1
12.0774781704	-1
12.0774781704	-1
12.0774781704	-1
12.0774781704	-1
12.0774781704	-1
12.0774781704	-1
12.0779240131	-1
12.0779240131	-1
12.0779240131	-1
12.0779240131	-1
12.0779240131	-1
12.0779240131	-1
12.0779240131	-1
12.0779240131	-1
12.0783131123	-1
12.0783131123	-1
12.0783131123	-1
12.0783131123	-1
12.0783131123	-1
12.0783131123	-1
12.0783131123	-1
12.0783131123	-1
12.0788290501	1
12.1221752167	-1
12.1221752167	-1
12.1221752167	-1
12.1221752167	-1
12.1221752167	-1
12.1221752167	-1
12.1221752167	-1
12.1221752167	-1
12.1224040985	-1
12.1225321293	-1
12.1225321293	-1
12.1225321293	-1
12.1225321293	-1
12.1225321293	-1
12.1225321293	-1
12.1225321293	-1
12.1227920055	-1
12.1227920055	-1
12.1227920055	-1
12.1227920055	-1
12.1227920055	-1
12.1227920055	-1
12.1227920055	-1
12.1227920055	-1
12.1231601238	-1
12.148581028	-1
12.148581028	-1
12.148581028	-1
12.148581028	-1
12.148581028	-1
12.148581028	-1
12.148581028	-1
12.1520731449	-1
12.193062067	1
12.193062067	1
12.1965529919	-1
12.3186821938	1
12.3188610077	1
12.3188610077	1
12.3188610077	1
12.3194441795	1
12.3194441795	1
12.3194441795	1
12.3196840286	1
12.3196840286	1
12.3200960159	1
12.3200960159	1
12.320141077	1
12.320141077	1
12.320141077	1
12.3206710815	1
12.3206710815	1
12.3206710815	1
12.3206710815	1
12.3206710815	1
12.3206710815	1
12.3206710815	1
12.320800066	1
12.320800066	1
12.3208291531	1
12.3208291531	1
12.3932030201	1
12.3932030201	1
12.3932201862	1
12.3932201862	1
12.3932201862	1
12.3939380646	1
12.3939380646	1
12.3939380646	1
12.3939461708	1
12.3939461708	1
12.3939461708	1
12.3939461708	1
12.3939521313	1
12.6170670986	-1
