0.0	1
0.250830888748	1
4.65540289879	-1
4.65669393539	1
4.83346390724	-1
4.83411097527	1
4.8387799263	1
4.8387799263	1
4.8387799263	1
4.8387799263	1
4.8387799263	1
4.83988690376	1
6.43864488602	-1
6.44045305252	1
6.800522089	-1
6.80197095871	1
6.8764770031	-1
6.8764770031	-1
6.87807297707	1
6.98079204559	-1
6.98082709312	1
7.05629992485	-1
7.05633401871	1
10.086920023	-1
10.3036198616	-1
10.3038239479	-1
10.3038239479	-1
10.3038239479	-1
10.3038239479	-1
10.3038239479	-1
10.3038239479	-1
10.3779480457	-1
10.3951978683	1
10.4522519112	-1
10.4929819107	-1
10.4929819107	-1
10.4929819107	-1
10.4929819107	-1
10.4929819107	-1
10.4929819107	-1
10.4929819107	-1
10.5556089878	-1
10.6378319263	-1
10.6383430958	-1
10.6383430958	-1
10.6383430958	-1
10.6383430958	-1
10.6383430958	-1
10.6383430958	-1
10.6383430958	-1
10.6383430958	-1
10.6443579197	1
10.6452000141	-1
10.6453049183	-1
10.6453049183	-1
10.6453049183	-1
10.6453049183	-1
10.6453049183	-1
10.6453049183	-1
10.6529619694	-1
10.6529619694	-1
10.7585930824	1
10.9738030434	-1
10.9766259193	-1
10.9766259193	-1
10.9766259193	-1
10.9766259193	-1
10.9766259193	-1
10.9766259193	-1
10.9995689392	-1
10.9995689392	-1
10.9995689392	-1
10.9995689392	-1
10.9995689392	-1
10.9995689392	-1
10.9995689392	-1
10.9995689392	-1
11.0038030148	-1
11.0038030148	-1
11.0038030148	-1
11.0038030148	-1
11.0038030148	-1
11.0038030148	-1
11.0576500893	1
11.0620310307	1
11.0620310307	1
11.0620310307	1
11.0676259995	1
11.0676259995	1
11.0676259995	1
11.0676259995	1
11.0676259995	1
11.0676259995	1
11.0681200027	1
11.0681200027	1
11.1233379841	-1
11.2063360214	-1
11.2073740959	1
11.2817878723	-1
11.3042528629	1
11.3118429184	1
11.3118429184	1
11.3118429184	1
11.3862550259	1
11.8791129589	1
11.9534070492	1
12.194535017	-1
12.1958680153	1
12.3312900066	-1
12.572633028	-1
12.5739440918	1
12.6471190453	-1
12.6471190453	-1
12.6483469009	1
12.7102489471	-1
12.7102489471	-1
12.7102489471	-1
12.710351944	-1
12.710351944	-1
12.710351944	-1
12.7227289677	1
12.7906038761	-1
12.7906038761	-1
12.7906038761	-1
12.7906038761	-1
12.792124033	1
12.792124033	1
12.792124033	1
12.7972528934	1
12.861841917	-1
12.861841917	-1
12.861841917	-1
12.861841917	-1
12.861841917	-1
12.861841917	-1
12.8717720509	1
12.8871610165	-1
12.8871610165	-1
12.8871610165	-1
12.8871610165	-1
12.8871610165	-1
12.8871610165	-1
12.8871610165	-1
12.8871610165	-1
13.0012500286	-1
13.0012500286	-1
13.0012500286	-1
13.0012500286	-1
13.0150499344	-1
13.0150499344	-1
13.0150499344	-1
13.0150499344	-1
13.0150499344	-1
13.0150499344	-1
13.0399580002	-1
13.0413630009	-1
13.0413630009	-1
13.0413630009	-1
13.0413630009	-1
13.0413630009	-1
13.0413630009	-1
13.0413630009	-1
13.0520150661	-1
13.0546250343	1
13.0548138618	1
13.0548138618	1
13.0548138618	1
13.0548138618	1
13.0548138618	1
13.0548138618	1
13.059732914	-1
13.2744939327	-1
13.3545670509	-1
13.3547539711	-1
13.3547539711	-1
13.3547539711	-1
13.3547539711	-1
13.3547539711	-1
13.3547539711	-1
13.4207239151	-1
13.4207239151	-1
13.4207239151	-1
13.4207239151	-1
13.4207239151	-1
13.4207239151	-1
13.4207239151	-1
13.4207239151	-1
13.4282290936	-1
13.4282290936	-1
13.4282290936	-1
13.4282290936	-1
13.4282290936	-1
13.4282290936	-1
13.4282290936	-1
13.4282290936	-1
13.434679985	-1
13.434679985	-1
13.434679985	-1
13.434679985	-1
13.434679985	-1
13.434679985	-1
13.434679985	-1
13.4369719028	-1
13.4370779991	-1
13.4370779991	-1
13.4370779991	-1
13.4370779991	-1
13.4370779991	-1
13.4370779991	-1
13.5049929619	1
13.5113508701	-1
13.5113508701	-1
13.5113508701	-1
13.5113508701	-1
13.5113508701	-1
13.5113508701	-1
13.5113508701	-1
13.5113508701	-1
13.591219902	-1
13.591219902	-1
13.591219902	-1
13.591219902	-1
13.591219902	-1
13.591219902	-1
13.591219902	-1
13.591219902	-1
13.5928549767	-1
13.5929019451	-1
13.5929019451	-1
13.5929019451	-1
13.5929019451	-1
13.5929019451	-1
13.5929019451	-1
13.5929019451	-1
13.5941860676	1
13.5962150097	-1
13.5965650082	-1
13.5965650082	-1
13.5965650082	-1
13.5965650082	-1
13.5965650082	-1
13.5965650082	-1
13.5969538689	-1
13.5969538689	-1
13.5969538689	-1
13.5969538689	-1
13.5969538689	-1
13.5981879234	-1
13.5981879234	-1
13.5981879234	-1
13.5981879234	-1
13.5981879234	-1
13.5981879234	-1
13.5981879234	-1
13.6574878693	-1
13.6575930119	-1
13.6575930119	-1
13.6575930119	-1
13.6575930119	-1
13.6575930119	-1
13.6575930119	-1
13.6575930119	-1
13.7486379147	-1
13.7512979507	-1
13.7512979507	-1
13.7512979507	-1
13.7512979507	-1
13.7512979507	-1
13.7512979507	-1
13.7512979507	-1
13.7591099739	-1
13.7591099739	-1
13.7591099739	-1
13.7591099739	-1
13.7591099739	-1
13.7591099739	-1
13.7591099739	-1
13.7591099739	-1
13.7750780582	-1
13.7750780582	-1
13.7763440609	1
13.7788219452	-1
13.7788219452	-1
13.7788219452	-1
13.7788219452	-1
13.7788219452	-1
13.7788219452	-1
13.7788219452	-1
13.784350872	-1
13.784350872	-1
13.784350872	-1
13.784350872	-1
13.784350872	-1
13.784350872	-1
13.784350872	-1
13.790514946	-1
13.790514946	-1
13.790514946	-1
13.790514946	-1
13.790514946	-1
13.790514946	-1
13.790514946	-1
13.790514946	-1
13.8041129112	-1
13.8041129112	-1
13.8099079132	-1
13.8099079132	-1
13.8099079132	-1
13.8099079132	-1
13.8099079132	-1
13.8099079132	-1
13.8840589523	1
13.9399089813	-1
13.9401369095	-1
13.9401369095	-1
13.9401369095	-1
13.9401369095	-1
13.9401369095	-1
13.9401369095	-1
13.9401369095	-1
13.9535269737	-1
13.9535269737	-1
13.9535269737	-1
13.9535269737	-1
13.9535269737	-1
13.9535269737	-1
13.9535269737	-1
13.9575200081	-1
13.9575200081	-1
13.9575200081	-1
13.9575200081	-1
13.9575200081	-1
13.9575200081	-1
13.9575200081	-1
13.9595680237	-1
13.9595990181	1
13.9598150253	-1
13.9598150253	-1
13.9598150253	-1
13.9598150253	-1
13.9598150253	-1
13.9598150253	-1
13.9598150253	-1
13.96073699	-1
13.960860014	-1
13.960860014	-1
13.960860014	-1
13.960860014	-1
13.960860014	-1
13.960860014	-1
13.960860014	-1
13.9611048698	-1
13.9611048698	-1
13.9611048698	-1
13.9611048698	-1
13.9611048698	-1
13.9611048698	-1
13.9758899212	-1
14.0145289898	-1
14.0733070374	1
14.0952560902	-1
14.0958149433	-1
14.0958149433	-1
14.0958149433	-1
14.0958149433	-1
14.0958149433	-1
14.0958149433	-1
14.0964109898	-1
14.0964109898	-1
14.0964109898	-1
14.0964109898	-1
14.0964109898	-1
14.0964109898	-1
14.0964109898	-1
14.0970029831	-1
14.0970029831	-1
14.0970029831	-1
14.0970029831	-1
14.0970029831	-1
14.0970029831	-1
14.0970029831	-1
14.0970029831	-1
14.0989010334	-1
14.099050045	-1
14.099050045	-1
14.099050045	-1
14.099050045	-1
14.099050045	-1
14.099050045	-1
14.099050045	-1
14.0995628834	-1
14.0995628834	-1
14.0995628834	-1
14.0995628834	-1
14.0995628834	-1
14.0995628834	-1
14.0995628834	-1
14.0995628834	-1
14.1004228592	-1
14.1004228592	-1
14.1004228592	-1
14.1004228592	-1
14.1004228592	-1
14.1004228592	-1
14.1004228592	-1
14.1004228592	-1
14.10572505	-1
14.10572505	-1
14.10572505	-1
14.10572505	-1
14.10572505	-1
14.10572505	-1
14.10572505	-1
14.10572505	-1
14.1122379303	-1
14.1122379303	-1
14.1122379303	-1
14.1122379303	-1
14.1122379303	-1
14.1122379303	-1
14.1699118614	1
14.1699118614	1
14.2444939613	-1
14.2504119873	-1
14.2504119873	-1
14.2504119873	-1
14.2504119873	-1
14.2504119873	-1
14.2504119873	-1
14.2504119873	-1
14.2504119873	-1
14.2507920265	-1
14.2509140968	-1
14.2509140968	-1
14.2509140968	-1
14.2509140968	-1
14.2509140968	-1
14.2509140968	-1
14.2642719746	-1
14.2642719746	-1
14.2654569149	1
14.4358649254	-1
14.4358649254	-1
14.4358649254	-1
14.4361290932	-1
14.4361290932	-1
14.4361290932	-1
14.4378578663	1
14.4379839897	1
14.4379839897	1
14.4379839897	1
14.5663299561	-1
14.5663299561	-1
14.5663299561	-1
14.5663299561	-1
14.5663299561	-1
14.5663299561	-1
14.5663299561	-1
14.5970909595	-1
14.5970909595	-1
14.5970909595	-1
14.5970909595	-1
14.5970909595	-1
14.5970909595	-1
14.5970909595	-1
14.5970909595	-1
14.6009380817	-1
14.6009380817	-1
14.6009380817	-1
14.6009380817	-1
14.6009380817	-1
14.6009380817	-1
14.6009380817	-1
14.6009380817	-1
14.6097459793	-1
14.6097459793	-1
14.6097459793	-1
14.6097459793	-1
14.6097459793	-1
14.6097459793	-1
14.6195230484	-1
14.6195230484	-1
14.6195230484	-1
14.6195230484	-1
14.6195230484	-1
14.6195230484	-1
14.6195230484	-1
14.6195230484	-1
14.6233780384	-1
14.6233780384	-1
14.6233780384	-1
14.6233780384	-1
14.6233780384	-1
14.6233780384	-1
14.6233780384	-1
14.6324150562	-1
14.6324150562	-1
14.6324150562	-1
14.6324150562	-1
14.6324150562	-1
14.6324150562	-1
14.6324150562	-1
14.6324150562	-1
14.6401970387	-1
14.6401970387	-1
14.6401970387	-1
14.6401970387	-1
14.6401970387	-1
14.6401970387	-1
14.6401970387	-1
14.6475870609	-1
14.6475870609	-1
14.6475870609	-1
14.6475870609	-1
14.6475870609	-1
14.6475870609	-1
14.6475870609	-1
14.6475870609	-1
14.6534149647	-1
14.6534149647	-1
14.6534149647	-1
14.6534149647	-1
14.6716499329	-1
14.6726930141	1
14.7650949955	-1
14.7924149036	-1
14.7924149036	-1
14.7924149036	-1
14.7924149036	-1
14.7924149036	-1
14.7924149036	-1
14.7924149036	-1
14.7929120064	-1
14.7929120064	-1
14.7929120064	-1
14.7929120064	-1
14.7929120064	-1
14.7929120064	-1
14.7929120064	-1
14.8270289898	-1
14.8270289898	-1
14.8270289898	-1
14.8270289898	-1
14.8270289898	-1
14.8270289898	-1
14.8270289898	-1
14.8272650242	-1
14.8375759125	-1
14.8375759125	-1
14.8375759125	-1
14.8375759125	-1
14.8375759125	-1
14.8375759125	-1
14.8375759125	-1
14.851747036	-1
14.8518600464	-1
14.8518600464	-1
14.8518600464	-1
14.882322073	-1
14.882322073	-1
14.882322073	-1
14.882322073	-1
14.8954069614	-1
14.8954069614	-1
14.8954069614	-1
14.8954069614	-1
14.8954069614	-1
14.8954069614	-1
14.8954069614	-1
14.8957669735	-1
14.8957669735	-1
14.8957669735	-1
14.8957669735	-1
14.8957669735	-1
14.8957669735	-1
14.8957669735	-1
14.8970470428	1
14.8972439766	-1
14.945430994	-1
14.945430994	-1
14.945430994	-1
14.9603600502	-1
14.9603600502	-1
14.9603600502	-1
14.9603600502	-1
14.9603600502	-1
14.9603600502	-1
14.9603600502	-1
14.9721989632	-1
14.9968590736	-1
14.9968590736	-1
14.9968590736	-1
14.9968590736	-1
14.9968590736	-1
14.9968590736	-1
14.9968590736	-1
14.9968590736	-1
14.9969010353	1
15.0514769554	-1
15.0514769554	-1
15.0514769554	-1
15.0514769554	-1
15.0514769554	-1
15.054131031	-1
15.054131031	-1
15.0560970306	-1
15.0714929104	-1
15.0714929104	-1
15.0714929104	-1
15.0714929104	-1
15.0714929104	-1
15.0714929104	-1
15.0714929104	-1
15.0782170296	-1
15.0967679024	-1
15.0967679024	-1
15.0967679024	-1
15.0967679024	-1
15.0967679024	-1
15.0967679024	-1
15.0967679024	-1
15.1221330166	-1
15.1332809925	-1
15.1332809925	-1
15.1332809925	-1
15.1332809925	-1
15.1332809925	-1
15.1332809925	-1
15.1332809925	-1
15.1497468948	-1
15.1509549618	1
15.2082750797	-1
15.2082750797	-1
15.2206850052	-1
15.2206850052	-1
15.2206850052	-1
15.2206850052	-1
15.2206850052	-1
15.2206850052	-1
15.2206850052	-1
15.2206850052	-1
15.2206850052	-1
15.2300629616	-1
15.2300629616	-1
15.2439489365	-1
15.2439489365	-1
15.2439489365	-1
15.2686948776	-1
15.2686948776	-1
15.2686948776	-1
15.2686948776	-1
15.2686948776	-1
15.2686948776	-1
15.2686948776	-1
15.2686948776	-1
15.2770609856	-1
15.2770609856	-1
15.2770609856	-1
15.2770609856	-1
15.2770609856	-1
15.2782819271	1
15.29500103	-1
15.2956569195	-1
15.2956569195	-1
15.2956569195	-1
15.2956569195	-1
15.2956569195	-1
15.2956569195	-1
15.2956569195	-1
15.3106899261	-1
15.3107459545	-1
15.3107459545	-1
15.3107459545	-1
15.3107459545	-1
15.3107459545	-1
15.3107459545	-1
15.3107459545	-1
15.3110380173	-1
15.3110380173	-1
15.3700389862	-1
15.3779389858	1
15.3781170845	1
15.3781170845	1
15.3781170845	1
15.3781170845	1
15.3781170845	1
15.3788330555	1
15.3789560795	1
15.3789560795	1
15.3789560795	1
15.4454379082	-1
15.4454379082	-1
15.4454379082	-1
15.4454379082	-1
15.4454379082	-1
15.4454379082	-1
15.4454379082	-1
15.4454379082	-1
15.4455990791	-1
15.4457650185	-1
15.4457650185	-1
15.4457650185	-1
15.4457650185	-1
15.4457650185	-1
15.4457650185	-1
15.4707489014	-1
15.4707489014	-1
15.4707489014	-1
15.4707489014	-1
15.4707489014	-1
15.4707489014	-1
15.4707489014	-1
15.4707489014	-1
15.5283119678	1
15.6028749943	-1
15.6028749943	-1
15.6095950603	-1
15.6095950603	-1
15.6095950603	-1
15.6095950603	-1
15.6095950603	-1
15.6103730202	-1
15.6117038727	1
15.6127479076	-1
15.6127479076	-1
15.6127479076	-1
15.6127479076	-1
15.6127479076	-1
15.6127479076	-1
15.6127479076	-1
15.617069006	-1
15.6303470135	-1
15.6303470135	-1
15.6503260136	1
15.6503260136	1
15.6503260136	1
15.6653909683	1
15.6653909683	1
15.665982008	1
15.665982008	1
15.665982008	1
15.6687350273	1
15.6687350273	1
15.6694660187	1
15.6694660187	1
15.6694660187	1
15.7445468903	-1
15.7445468903	-1
15.7445468903	-1
15.7445468903	-1
15.7445468903	-1
15.7445468903	-1
15.7663900852	-1
15.7663900852	-1
15.7663900852	-1
15.7663900852	-1
15.7699289322	-1
15.7701489925	-1
15.7701489925	-1
15.7701489925	-1
15.7701489925	-1
15.7701489925	-1
15.7701489925	-1
15.7701489925	-1
15.7758798599	-1
15.7760009766	-1
15.7760009766	-1
15.7760009766	-1
15.7760009766	-1
15.7760009766	-1
15.7760009766	-1
15.7900400162	-1
15.7900400162	-1
15.7900400162	-1
15.7900400162	-1
15.7900400162	-1
15.7900400162	-1
15.8057498932	-1
15.8057498932	-1
15.8057498932	-1
15.8057498932	-1
15.8057498932	-1
15.8057498932	-1
15.8057498932	-1
15.8057808876	1
15.9429469109	-1
15.9429469109	-1
15.9429469109	-1
15.9429469109	-1
15.9429469109	-1
15.9429469109	-1
15.9429469109	-1
15.9429469109	-1
15.9429469109	-1
15.9429469109	-1
15.943295002	-1
15.943295002	-1
15.943295002	-1
15.943295002	-1
15.9455828667	1
15.9530539513	-1
15.9530539513	-1
15.9530539513	-1
16.0189919472	-1
16.8002049923	-1
16.8748700619	-1
16.9508850574	-1
16.9911460876	-1
16.9911460876	-1
16.9911460876	-1
17.1079969406	-1
17.1823139191	-1
17.3331849575	1
17.5017650127	-1
17.5761580467	-1
17.7850019932	-1
17.9705460072	-1
18.003980875	-1
18.003980875	-1
18.003980875	-1
18.003980875	-1
18.1126880646	-1
18.1126880646	-1
18.1126880646	-1
18.1126880646	-1
18.1126880646	-1
18.1126880646	-1
18.1126880646	-1
18.1126880646	-1
18.1194989681	-1
18.1216058731	-1
18.1216058731	-1
18.1216058731	-1
18.1216058731	-1
18.1216058731	-1
18.1216058731	-1
18.1216058731	-1
18.1216058731	-1
18.1216058731	-1
18.1219580173	-1
18.1219580173	-1
18.1219580173	-1
18.1219580173	-1
18.1896078587	-1
18.190844059	-1
18.190844059	-1
18.190844059	-1
18.190844059	-1
18.190844059	-1
18.190844059	-1
18.2684168816	-1
18.2736020088	-1
18.2736020088	-1
18.2736020088	-1
18.2852120399	-1
18.2852120399	-1
18.2852120399	-1
18.2861030102	1
18.4069559574	-1
18.4069559574	-1
18.4069559574	-1
18.4069559574	-1
18.4069559574	-1
18.4469709396	-1
18.4485678673	-1
18.4485678673	-1
18.4485678673	-1
18.4485678673	-1
18.4659950733	-1
18.4659950733	-1
18.4659950733	-1
18.4661109447	-1
18.4661109447	-1
18.4661109447	-1
18.4661109447	-1
18.4661109447	-1
18.517854929	-1
18.517854929	-1
18.517854929	-1
18.517854929	-1
18.517854929	-1
18.517854929	-1
18.517854929	-1
18.517854929	-1
18.6133389473	-1
18.6879210472	-1
18.6879210472	-1
18.7648620605	-1
18.8394839764	-1
18.8394839764	-1
20.3533790112	-1
28.1417958736	-1
28.3518738747	1
28.3520278931	1
28.3520278931	1
28.3520278931	1
28.3540670872	1
28.3540670872	1
28.3540670872	1
28.3540670872	1
28.3540670872	1
28.3540670872	1
28.3540670872	1
28.3540670872	1
28.4281868935	1
28.4281868935	1
28.6008179188	1
28.6750509739	1
29.4754209518	-1
29.5498828888	-1
29.5498828888	-1
29.5514149666	1
29.6244029999	-1
29.6244029999	-1
30.199037075	-1
30.3201220036	-1
30.3203930855	-1
30.3203930855	-1
30.3203930855	-1
30.3203930855	-1
30.4042608738	1
30.4142138958	1
30.4142138958	1
30.4142138958	1
30.4177348614	1
30.4177348614	1
30.9337389469	-1
31.0395870209	-1
31.0395870209	-1
31.0395870209	-1
31.0495510101	1
31.0534749031	-1
31.0534749031	-1
31.0534749031	-1
31.0534749031	-1
31.0534749031	-1
31.0534749031	-1
31.0534749031	-1
31.0689780712	-1
31.0865700245	-1
31.0865700245	-1
31.0865700245	-1
31.0865700245	-1
31.0865700245	-1
31.0865700245	-1
31.0865700245	-1
31.0865700245	-1
31.1603250504	-1
31.1603250504	-1
31.1603250504	-1
31.1603250504	-1
31.1603250504	-1
31.1603250504	-1
31.1603250504	-1
31.1603250504	-1
31.1717500687	-1
31.1723148823	-1
31.1723148823	-1
31.1723148823	-1
31.1723148823	-1
31.2138750553	-1
31.2138750553	-1
31.2138750553	-1
31.2148060799	-1
31.2148060799	-1
31.2148060799	-1
31.2148060799	-1
31.2148060799	-1
31.2222499847	-1
31.2222499847	-1
31.2222499847	-1
31.2222499847	-1
31.2222499847	-1
31.2234139442	1
31.2370128632	-1
31.3371610641	1
31.6945269108	-1
31.6952500343	1
31.9946908951	-1
32.2445559502	-1
32.3190460205	-1
32.3190460205	-1
32.3934550285	-1
32.3934550285	-1
32.4888548851	-1
32.563149929	-1
32.7017829418	1
32.7020349503	1
32.7020349503	1
32.7020349503	1
32.7020349503	1
32.7020349503	1
32.7020349503	1
32.7020349503	1
32.7039630413	1
32.7039630413	1
32.7039630413	1
32.7039630413	1
32.7039630413	1
32.7039630413	1
32.7039630413	1
32.7039630413	1
32.7039630413	1
32.8361799717	-1
32.9467599392	-1
33.2913110256	-1
33.3657698631	-1
