0.0	1
0.24998497963	1
0.372622013092	-1
0.37419295311	1
0.614805936813	-1
0.616241931915	1
0.62003493309	1
0.62003493309	1
0.62003493309	1
0.869768857956	1
0.985656023026	1
0.985656023026	1
1.01464700699	-1
1.13996982574	1
1.18830895424	-1
1.18830895424	-1
1.25490999222	1
1.25490999222	1
1.30333900452	-1
1.30333900452	-1
1.36985588074	1
1.42860388756	-1
1.48623490334	1
1.5407679081	-1
1.5407679081	-1
1.5407679081	-1
1.5409719944	-1
1.5409719944	-1
1.5409719944	-1
1.5409719944	-1
1.5409719944	-1
1.5409719944	-1
1.63994193077	1
1.67547988892	-1
1.71440887451	-1
1.71440887451	-1
1.71440887451	-1
1.71440887451	-1
1.71440887451	-1
1.71440887451	-1
1.71440887451	-1
1.71440887451	-1
1.75581288338	-1
1.79187202454	-1
1.79187202454	-1
1.79187202454	-1
1.79187202454	-1
1.79187202454	-1
1.79187202454	-1
1.79187202454	-1
1.84801793098	1
1.8705739975	-1
1.90532398224	-1
1.90532398224	-1
1.93928098679	-1
1.93928098679	-1
1.93928098679	-1
1.93928098679	-1
1.93928098679	-1
1.93928098679	-1
1.93928098679	-1
1.93928098679	-1
2.0204539299	1
2.13551282883	-1
2.13552999496	1
2.25061798096	-1
2.25799798965	1
2.50935983658	1
2.51325201988	-1
2.67233181	-1
2.67233181	-1
2.67380189896	1
2.78916501999	-1
2.78920793533	1
3.07459282875	-1
3.2283270359	-1
3.2283270359	-1
3.24142694473	1
3.24364089966	1
3.24364089966	1
3.24364089966	1
3.26031184196	1
3.26031184196	1
3.58023095131	-1
3.70091485977	-1
3.70091485977	-1
3.70091485977	-1
3.73009681702	-1
3.73009681702	-1
3.8470518589	-1
3.8470518589	-1
3.99990081787	-1
4.10296201706	-1
4.10296201706	-1
4.10296201706	-1
4.10296201706	-1
4.10296201706	-1
4.10296201706	-1
4.10296201706	-1
4.11137986183	1
4.22619199753	1
4.22619199753	1
4.3635430336	1
4.39892697334	-1
4.43837189674	-1
4.43837189674	-1
4.43837189674	-1
4.43837189674	-1
4.43837189674	-1
4.4932539463	-1
4.52667498589	1
4.53100895882	1
4.53100895882	1
4.53100895882	1
4.58956885338	-1
4.58956885338	-1
4.58956885338	-1
4.58956885338	-1
4.58956885338	-1
4.58956885338	-1
4.58956885338	-1
4.58956885338	-1
4.58956885338	-1
4.59796094894	-1
4.59796094894	-1
4.59796094894	-1
4.62875986099	-1
4.63164997101	1
4.63164997101	1
4.63164997101	1
4.63164997101	1
4.63164997101	1
4.63164997101	1
4.63164997101	1
4.63164997101	1
4.63164997101	1
4.74683785439	-1
4.79972600937	1
4.80632901192	-1
4.80632901192	-1
4.80632901192	-1
4.8236978054	-1
4.8236978054	-1
4.8236978054	-1
4.8236978054	-1
4.8236978054	-1
4.8236978054	-1
4.8236978054	-1
4.8236978054	-1
4.88109898567	-1
4.88109898567	-1
4.88109898567	-1
4.8837518692	-1
4.8837518692	-1
4.8837518692	-1
4.92069792747	1
4.92069792747	1
4.94773483276	-1
4.94773483276	-1
4.94773483276	-1
4.98359489441	-1
4.98359489441	-1
5.02342391014	-1
5.02342391014	-1
5.05455183983	-1
5.05455183983	-1
5.05455183983	-1
5.05455183983	-1
5.07085895538	-1
5.07085895538	-1
5.11785888672	-1
5.11785888672	-1
5.16971087456	-1
5.16971087456	-1
5.19130802155	-1
5.19130802155	-1
5.19130802155	-1
5.19130802155	-1
5.19130802155	-1
5.20507597923	-1
5.24002599716	-1
5.24002599716	-1
5.28713488579	-1
5.28713488579	-1
5.28713488579	-1
5.31005501747	-1
5.31005501747	-1
5.31005501747	-1
5.36115694046	-1
5.36115694046	-1
5.36115694046	-1
5.36227083206	1
5.57212996483	-1
5.66789484024	1
5.66799283028	1
5.66799283028	1
5.66799283028	1
5.66799283028	1
5.66799283028	1
5.66799283028	1
5.66799283028	1
5.66837501526	1
5.66837501526	1
5.66837501526	1
5.66837501526	1
5.66837501526	1
5.6689209938	1
5.6689209938	1
5.66912102699	1
5.66912102699	1
5.85332989693	-1
6.00819993019	-1
