0.0	1
0.250217914581	1
0.649610996246	-1
0.650823831558	1
0.949213981628	-1
0.950732946396	1
0.955698013306	1
0.955698013306	1
0.955698013306	1
0.955698013306	1
0.955698013306	1
0.955698013306	1
1.54856491089	-1
1.54982495308	1
1.79446601868	-1
1.79563498497	1
1.86913204193	-1
1.86913204193	-1
1.87051892281	1
1.9829158783	1
2.0046749115	-1
2.03968501091	-1
2.03968501091	-1
2.03968501091	-1
2.03968501091	-1
2.03968501091	-1
2.03968501091	-1
2.03968501091	-1
2.05617594719	1
2.227009058	-1
2.227009058	-1
2.227009058	-1
2.23918795586	1
2.31083202362	-1
2.37321186066	-1
2.37321186066	-1
2.37321186066	-1
2.37321186066	-1
2.37321186066	-1
2.47062897682	-1
2.47062897682	-1
2.47062897682	-1
2.47527694702	-1
2.47527694702	-1
2.47527694702	-1
2.47527694702	-1
2.48900103569	1
2.5155570507	-1
2.5155570507	-1
2.5155570507	-1
2.57777190208	-1
2.57777190208	-1
2.57777190208	-1
2.57793903351	-1
2.57793903351	-1
2.63027882576	-1
2.63027882576	-1
2.63027882576	-1
2.65905690193	-1
2.65905690193	-1
2.65905690193	-1
2.77487802505	-1
2.77487802505	-1
2.7763838768	1
2.84866595268	-1
2.84866595268	-1
2.88898897171	1
2.88898897171	1
3.04246902466	1
3.07986688614	-1
3.56522297859	-1
3.63879299164	-1
3.63879299164	-1
3.64033389091	1
3.71366000175	1
3.77210783958	-1
4.40113186836	-1
4.41719698906	-1
4.41719698906	-1
4.41719698906	-1
4.41743302345	-1
4.41743302345	-1
4.41743302345	-1
4.41743302345	-1
4.41757583618	-1
4.45453095436	-1
4.45453095436	-1
4.45453095436	-1
4.45453095436	-1
4.45453095436	-1
4.45453095436	-1
4.45453095436	-1
4.45453095436	-1
4.46676087379	1
4.47452688217	-1
4.47452688217	-1
4.47801184654	1
4.47801184654	1
4.47801184654	1
4.48117494583	1
4.48117494583	1
4.48117494583	1
4.48464083672	1
4.48464083672	1
4.4862818718	1
4.4862818718	1
4.54009485245	1
4.55062389374	-1
4.55062389374	-1
4.55062389374	-1
4.55062389374	-1
4.55062389374	-1
4.55062389374	-1
4.55062389374	-1
4.60282182693	-1
4.60282182693	-1
4.60282182693	-1
4.60282182693	-1
4.60282182693	-1
4.60282182693	-1
4.60606002808	-1
4.60606002808	-1
4.60606002808	-1
4.60606002808	-1
4.60606002808	-1
4.60606002808	-1
4.60636901855	-1
4.60636901855	-1
4.60636901855	-1
4.60636901855	-1
4.60636901855	-1
4.60636901855	-1
4.60636901855	-1
4.60636901855	-1
4.64367890358	-1
4.64367890358	-1
4.64367890358	-1
4.64367890358	-1
4.64367890358	-1
4.64367890358	-1
4.64367890358	-1
4.64367890358	-1
4.64402794838	-1
4.64402794838	-1
4.64402794838	-1
4.64402794838	-1
4.64402794838	-1
4.64402794838	-1
4.64402794838	-1
4.64592385292	1
4.66192793846	-1
4.75897789001	1
4.75897789001	1
4.76227092743	-1
4.76227092743	-1
4.76227092743	-1
4.76227092743	-1
4.76227092743	-1
4.76227092743	-1
4.76227092743	-1
4.76227092743	-1
4.76227092743	-1
4.76261901855	-1
4.76261901855	-1
4.79495596886	-1
4.79495596886	-1
4.79495596886	-1
4.79495596886	-1
4.79495596886	-1
4.79495596886	-1
4.79513096809	-1
4.79513096809	-1
4.79513096809	-1
4.79513096809	-1
4.79513096809	-1
4.79513096809	-1
4.82143497467	-1
4.82143497467	-1
4.82143497467	-1
4.82143497467	-1
4.82143497467	-1
4.82143497467	-1
4.82143497467	-1
4.82143497467	-1
4.82180285454	-1
4.82180285454	-1
4.82180285454	-1
4.8219268322	-1
4.8219268322	-1
4.82204985619	-1
4.82204985619	-1
4.82204985619	-1
4.82204985619	-1
4.82204985619	-1
4.82204985619	-1
4.82204985619	-1
4.83595705032	-1
4.83599185944	-1
4.83599185944	-1
4.83599185944	-1
4.83599185944	-1
4.83599185944	-1
4.83599185944	-1
4.83599185944	-1
4.83632302284	-1
4.83632302284	-1
4.83632302284	-1
4.83632302284	-1
4.83632302284	-1
4.83632302284	-1
4.83632302284	-1
4.83723187447	1
4.85893082619	-1
4.85893082619	-1
4.86856389046	-1
4.86856389046	-1
4.86856389046	-1
4.8686850071	-1
4.8686850071	-1
4.96344804764	-1
4.96384501457	-1
4.96384501457	-1
4.96384501457	-1
4.96384501457	-1
4.96384501457	-1
4.96384501457	-1
4.96630382538	-1
4.96630382538	-1
4.96630382538	-1
5.01059389114	-1
5.01059389114	-1
5.01081585884	-1
5.01081585884	-1
5.01081585884	-1
5.01081585884	-1
5.01081585884	-1
5.01081585884	-1
5.01081585884	-1
5.01081585884	-1
5.01246404648	-1
5.01246404648	-1
5.01246404648	-1
5.01246404648	-1
5.01246404648	-1
5.01284384727	-1
5.0140349865	-1
5.0140349865	-1
5.0140349865	-1
5.0140349865	-1
5.0140349865	-1
5.0140349865	-1
5.0140349865	-1
5.0140349865	-1
5.01441884041	1
5.01444005966	-1
5.01444005966	-1
5.01444005966	-1
5.01444005966	-1
5.01444005966	-1
5.01444005966	-1
5.01444005966	-1
5.01470685005	-1
5.01470685005	-1
5.02138805389	-1
5.02138805389	-1
5.02150702477	-1
5.02150702477	-1
5.02179503441	-1
5.02179503441	-1
5.02179503441	-1
5.0219168663	-1
5.0219168663	-1
5.02206587791	-1
5.02206587791	-1
5.02206587791	-1
5.02206587791	-1
5.02206587791	-1
5.02714896202	1
5.02714896202	1
5.02714896202	1
5.03727889061	-1
5.03740000725	-1
5.03740000725	-1
5.03998589516	1
5.03998589516	1
5.10055088997	1
5.11377096176	-1
5.11377096176	-1
5.14980888367	-1
5.14980888367	-1
5.14980888367	-1
5.14986801147	-1
5.14986801147	-1
5.15009689331	-1
5.15009689331	-1
5.15009689331	-1
5.15009689331	-1
5.15009689331	-1
5.15009689331	-1
5.15034103394	-1
5.15034103394	-1
5.15042495728	-1
5.15042495728	-1
5.15042495728	-1
5.15042495728	-1
5.15042495728	-1
5.15042495728	-1
5.15073204041	-1
5.15073204041	-1
5.15073204041	-1
5.15073204041	-1
5.15073204041	-1
5.15102291107	-1
5.15102291107	-1
5.15102291107	-1
5.15102291107	-1
5.15102291107	-1
5.15102291107	-1
5.15102291107	-1
5.15102291107	-1
5.1896378994	-1
5.1896378994	-1
5.1896378994	-1
5.18967485428	1
5.18967485428	1
5.22324204445	-1
5.23727083206	-1
5.23727083206	-1
5.23727083206	-1
5.23727083206	-1
5.23772501945	-1
5.23772501945	-1
5.23772501945	-1
5.23772501945	-1
5.23772501945	-1
5.23772501945	-1
5.23772501945	-1
5.23811292648	-1
5.23811292648	-1
5.23811292648	-1
5.23811292648	-1
5.23811292648	-1
5.23864603043	-1
5.23864603043	-1
5.23864603043	-1
5.23864603043	-1
5.23864603043	-1
5.23864603043	-1
5.23864603043	-1
5.27466487885	-1
5.27469801903	1
5.27472901344	-1
5.27472901344	-1
5.27472901344	-1
5.27472901344	-1
5.27472901344	-1
5.27472901344	-1
5.27472901344	-1
5.27764296532	1
5.27764296532	1
5.27764296532	1
5.31176400185	1
5.31176400185	1
5.33264183998	-1
5.33264183998	-1
5.33264183998	-1
5.33264183998	-1
5.33264183998	-1
5.33264183998	-1
5.33264183998	-1
5.33264183998	-1
5.3334479332	-1
5.3694229126	-1
5.3694229126	-1
5.36964893341	-1
5.36964893341	-1
5.36964893341	-1
5.37067294121	-1
5.37067294121	-1
5.37079596519	-1
5.37079596519	-1
5.37079596519	-1
5.37079596519	-1
5.37079596519	-1
5.37079596519	-1
5.37079596519	-1
5.3710398674	-1
5.37115001678	-1
5.37115001678	-1
5.37115001678	-1
5.37115001678	-1
5.37115001678	-1
5.37115001678	-1
5.37115001678	-1
5.39809703827	-1
5.39809703827	-1
5.39809703827	-1
5.39809703827	-1
5.39809703827	-1
5.39809703827	-1
5.39809703827	-1
5.39809703827	-1
5.39831900597	-1
5.39844083786	-1
5.39844083786	-1
5.39844083786	-1
5.39844083786	-1
5.39844083786	-1
5.39870786667	-1
5.39870786667	-1
5.39870786667	-1
5.39870786667	-1
5.39870786667	-1
5.39870786667	-1
5.39870786667	-1
5.39895296097	-1
5.39907693863	-1
5.39907693863	-1
5.39907693863	-1
5.39907693863	-1
5.39907693863	-1
5.39907693863	-1
5.39907693863	-1
5.42575597763	-1
5.42578887939	1
5.44425988197	-1
5.44425988197	-1
5.44425988197	-1
5.44425988197	-1
5.44425988197	-1
5.44425988197	-1
5.44482493401	-1
5.44482493401	-1
5.44482493401	-1
5.49401283264	-1
5.49401283264	-1
5.49401283264	-1
5.49456787109	-1
5.49456787109	-1
5.49456787109	-1
5.50695705414	-1
5.50695705414	-1
5.50699090958	1
5.50699090958	1
5.50701498985	-1
5.50701498985	-1
5.50701498985	-1
5.50701498985	-1
5.50701498985	-1
5.50730586052	-1
5.50738096237	-1
5.50738096237	-1
5.50738096237	-1
5.50738096237	-1
5.50738096237	-1
5.50738096237	-1
5.50738096237	-1
5.50761198997	-1
5.50779700279	-1
5.50779700279	-1
5.50782489777	-1
5.50782489777	-1
5.50782489777	-1
5.50782489777	-1
5.50782489777	-1
5.50782489777	-1
5.50816488266	-1
5.50816488266	-1
5.50816488266	-1
5.50816488266	-1
5.50816488266	-1
5.50816488266	-1
5.50816488266	-1
5.50816488266	-1
5.50816488266	-1
5.50853300095	-1
5.50857186317	-1
5.50857186317	-1
5.50857186317	-1
5.53103899956	-1
5.53103899956	-1
5.53103899956	-1
5.54469585419	-1
5.57232189178	-1
5.57232189178	-1
5.57232189178	-1
5.57232189178	-1
5.57232189178	-1
5.57232189178	-1
5.57232189178	-1
5.57255101204	-1
5.572660923	-1
5.572660923	-1
5.572660923	-1
5.572660923	-1
5.572660923	-1
5.572660923	-1
5.572660923	-1
5.58657503128	-1
5.58657503128	-1
5.58657503128	-1
5.58657503128	-1
5.58657503128	-1
5.58657503128	-1
5.58657503128	-1
5.58657503128	-1
5.58660697937	1
5.58660697937	1
5.62294483185	-1
5.62294483185	-1
5.62315297127	-1
5.62315297127	-1
5.62362384796	-1
5.62362384796	-1
5.62362384796	-1
5.62624001503	1
5.62624001503	1
5.62624001503	1
5.63527297974	-1
5.63527297974	-1
5.63527297974	-1
5.63527297974	-1
5.63527297974	-1
5.63527297974	-1
5.63527297974	-1
5.6355009079	-1
5.63557195663	-1
5.63557195663	-1
5.63574886322	-1
5.63574886322	-1
5.63574886322	-1
5.63574886322	-1
5.63574886322	-1
5.63574886322	-1
5.63599395752	-1
5.63599395752	-1
5.63599395752	-1
5.63599395752	-1
5.63599395752	-1
5.63599395752	-1
5.63599395752	-1
5.63599395752	-1
5.63636183739	-1
5.63636183739	-1
5.63636183739	-1
5.63636183739	-1
5.63636183739	-1
5.63636183739	-1
5.63636183739	-1
5.63636183739	-1
5.63636183739	-1
5.63672995567	-1
5.63672995567	-1
5.63672995567	-1
5.63672995567	-1
5.63672995567	-1
5.63672995567	-1
5.63672995567	-1
5.63672995567	-1
5.64600801468	-1
5.64600801468	-1
5.64600801468	-1
5.64600801468	-1
5.64600801468	-1
5.64600801468	-1
5.64600801468	-1
5.64600801468	-1
5.64600801468	-1
5.64820885658	1
5.64820885658	1
5.69623994827	-1
5.69623994827	-1
5.69623994827	-1
5.69623994827	-1
5.69623994827	-1
5.69623994827	-1
5.69646692276	-1
5.69646692276	-1
5.69659304619	-1
5.69659304619	-1
5.69659304619	-1
5.69659304619	-1
5.69659304619	-1
5.69659304619	-1
5.69659304619	-1
5.69659304619	-1
5.71956586838	-1
5.7196688652	-1
5.7196688652	-1
5.7196688652	-1
5.7196688652	-1
5.7196688652	-1
5.7196688652	-1
5.7199139595	-1
5.7199139595	-1
5.7199139595	-1
5.7199139595	-1
5.7199139595	-1
5.72013998032	-1
5.7202630043	-1
5.7202630043	-1
5.7202630043	-1
5.7202630043	-1
5.7202630043	-1
5.7202630043	-1
5.72044491768	-1
5.72044491768	-1
5.72044491768	-1
5.72044491768	-1
5.72044491768	-1
5.72044491768	-1
5.72044491768	-1
5.72044491768	-1
5.72087597847	-1
5.72087597847	-1
5.72087597847	-1
5.75218892097	-1
5.75218892097	-1
5.75218892097	-1
5.7722568512	-1
5.7722568512	-1
5.77228999138	1
5.77292084694	-1
5.77292084694	-1
5.77292084694	-1
5.77292084694	-1
5.77292084694	-1
5.77292084694	-1
5.77292084694	-1
5.77292084694	-1
5.77330183983	-1
5.77330183983	-1
5.77330183983	-1
5.77363300323	-1
5.77363300323	-1
5.77363300323	-1
5.77363300323	-1
5.77363300323	-1
5.77363300323	-1
5.77363300323	-1
5.77363300323	-1
5.77399897575	-1
5.77399897575	-1
5.77404093742	-1
5.77404093742	-1
5.77404093742	-1
5.77424502373	-1
5.77424502373	-1
5.77424502373	-1
5.77424502373	-1
5.77424502373	-1
5.77424502373	-1
5.77424502373	-1
5.77570104599	1
5.77570104599	1
5.77570104599	1
5.77570104599	1
5.77570104599	1
5.8089928627	-1
5.8089928627	-1
5.8089928627	-1
5.8089928627	-1
5.8089928627	-1
5.81118488312	-1
5.81118488312	-1
5.81118488312	-1
5.81118488312	-1
5.81118488312	-1
5.8122959137	-1
5.81430006027	1
5.81449389458	1
5.81449389458	1
5.81449389458	1
5.81449389458	1
5.81449389458	1
5.82203793526	-1
5.82203793526	-1
5.82203793526	-1
5.82203793526	-1
5.82203793526	-1
5.82203793526	-1
5.82203793526	-1
5.82226705551	-1
5.8224709034	-1
5.8224709034	-1
5.8224709034	-1
5.8224709034	-1
5.8224709034	-1
5.8224709034	-1
5.8224709034	-1
5.8224709034	-1
5.8224709034	-1
5.82284092903	-1
5.82284092903	-1
5.82284092903	-1
5.82990193367	-1
5.83000802994	-1
5.83000802994	-1
5.83000802994	-1
5.83023285866	-1
5.83023285866	-1
5.83023285866	-1
5.83035588264	-1
5.83035588264	-1
5.84579396248	-1
5.84579396248	-1
5.84579396248	-1
5.84579396248	-1
5.84579396248	-1
5.84579396248	-1
5.84579396248	-1
5.84579396248	-1
5.84583497047	1
5.84583497047	1
5.84649395943	-1
5.84649395943	-1
5.84649395943	-1
5.84649395943	-1
5.84649395943	-1
5.84649395943	-1
5.84649395943	-1
5.84649395943	-1
5.84649395943	-1
5.84686183929	-1
5.84686183929	-1
5.84686183929	-1
5.84686183929	-1
5.84686183929	-1
5.84686183929	-1
5.84686183929	-1
5.84686183929	-1
5.84727597237	-1
5.84727597237	-1
5.84727597237	-1
5.84727597237	-1
5.84727597237	-1
5.84727597237	-1
5.84727597237	-1
5.84727597237	-1
5.8805680275	-1
5.8805680275	-1
5.8805680275	-1
5.8805680275	-1
5.8805680275	-1
5.8805680275	-1
5.8805680275	-1
5.8805680275	-1
5.8805680275	-1
5.90624499321	-1
5.90624499321	-1
5.90624499321	-1
5.90661382675	-1
5.90661382675	-1
5.90661382675	-1
5.9067568779	-1
5.9067568779	-1
5.9067568779	-1
5.90687990189	-1
5.90687990189	-1
5.9070019722	-1
5.9070019722	-1
5.9070019722	-1
5.9070019722	-1
5.9070019722	-1
5.9070019722	-1
5.9070019722	-1
5.90809702873	-1
5.90825200081	-1
5.90825200081	-1
5.90825200081	-1
5.93060493469	-1
5.93060493469	-1
5.93062400818	1
5.94364094734	-1
5.94364094734	-1
5.94364094734	-1
5.94364094734	-1
5.94364094734	-1
5.94364094734	-1
5.94364094734	-1
5.94364094734	-1
5.96463394165	-1
5.96463394165	-1
5.96463394165	-1
5.96463394165	-1
5.97112488747	-1
5.98779392242	-1
5.98779392242	-1
5.98779392242	-1
5.99948787689	-1
5.99948787689	-1
5.99948787689	-1
5.99948787689	-1
5.99948787689	-1
5.99948787689	-1
5.99948787689	-1
5.99948787689	-1
6.01726293564	-1
6.01726293564	-1
6.01726293564	-1
6.01860594749	1
6.02702903748	-1
6.02702903748	-1
6.02702903748	-1
6.02702903748	-1
6.02702903748	-1
6.02702903748	-1
6.02702903748	-1
6.02702903748	-1
6.03428483009	-1
6.03428483009	-1
6.03428483009	-1
6.03428483009	-1
6.03428483009	-1
6.03428483009	-1
6.03428483009	-1
6.03428483009	-1
6.04093384743	-1
6.04093384743	-1
6.04093384743	-1
6.04093384743	-1
6.04093384743	-1
6.04093384743	-1
6.04093384743	-1
6.04093384743	-1
6.04756999016	-1
6.04756999016	-1
6.04756999016	-1
6.04756999016	-1
6.04756999016	-1
6.04756999016	-1
6.04756999016	-1
6.05008888245	-1
6.05111503601	1
6.05111503601	1
6.05111503601	1
6.05696892738	-1
6.05696892738	-1
6.05696892738	-1
6.05696892738	-1
6.05696892738	-1
6.05696892738	-1
6.05696892738	-1
6.06016397476	-1
6.06325602531	-1
6.06325602531	-1
6.06325602531	-1
6.06325602531	-1
6.06325602531	-1
6.06325602531	-1
6.06325602531	-1
6.06927704811	-1
6.06927704811	-1
6.06927704811	-1
6.06927704811	-1
6.06927704811	-1
6.06927704811	-1
6.06927704811	-1
6.07437586784	-1
6.07437586784	-1
6.07437586784	-1
6.07437586784	-1
6.07437586784	-1
6.07437586784	-1
6.07603383064	-1
6.07603383064	-1
6.07603383064	-1
6.07603383064	-1
6.07603383064	-1
6.07603383064	-1
6.07603383064	-1
6.07714605331	-1
6.07714605331	-1
6.07714605331	-1
6.07714605331	-1
6.07714605331	-1
6.07714605331	-1
6.07714605331	-1
6.07849192619	-1
6.07849192619	-1
6.07965898514	-1
6.07965898514	-1
6.07965898514	-1
6.07965898514	-1
6.07965898514	-1
6.07965898514	-1
6.07965898514	-1
6.10257983208	-1
6.10316896439	-1
6.10316896439	-1
6.10316896439	-1
6.10316896439	-1
6.10316896439	-1
6.10316896439	-1
6.10316896439	-1
6.10316896439	-1
6.10351991653	-1
6.10351991653	-1
6.10351991653	-1
6.10351991653	-1
6.10351991653	-1
6.10351991653	-1
6.10351991653	-1
6.10351991653	-1
6.10368084908	-1
6.10368084908	-1
6.10368084908	-1
6.10368084908	-1
6.10368084908	-1
6.10368084908	-1
6.10368084908	-1
6.10368084908	-1
6.23794102669	-1
6.23794102669	-1
6.23794102669	-1
6.23794102669	-1
6.23794102669	-1
6.23794102669	-1
6.23794102669	-1
6.23794102669	-1
6.23794102669	-1
6.23797798157	1
6.23797798157	1
6.23882603645	-1
6.23882603645	-1
6.24542093277	-1
6.24542093277	-1
6.24542093277	-1
6.24542093277	-1
6.24542093277	-1
6.24542093277	-1
6.24542093277	-1
6.24542093277	-1
6.24586796761	-1
6.24586796761	-1
6.24586796761	-1
6.24586796761	-1
6.24586796761	-1
6.24757790565	-1
6.24851894379	-1
6.24851894379	-1
6.24851894379	-1
6.24851894379	-1
6.24851894379	-1
6.24851894379	-1
6.24851894379	-1
6.24851894379	-1
6.24892091751	-1
6.24892091751	-1
6.24892091751	-1
6.24892091751	-1
6.24892091751	-1
6.24892091751	-1
6.24892091751	-1
6.24955701828	-1
6.24955701828	-1
6.24955701828	-1
6.24955701828	-1
6.24955701828	-1
6.24955701828	-1
6.24955701828	-1
6.25200891495	-1
6.25200891495	-1
6.25258803368	-1
6.25258803368	-1
6.25258803368	-1
6.25258803368	-1
6.25258803368	-1
6.25258803368	-1
6.25258803368	-1
6.25301384926	-1
6.25301384926	-1
6.25301384926	-1
6.25301384926	-1
6.25301384926	-1
6.25301384926	-1
6.25301384926	-1
6.25426793098	-1
6.25426793098	-1
6.25426793098	-1
6.25426793098	-1
6.25426793098	-1
6.25426793098	-1
6.25426793098	-1
6.25426793098	-1
6.25471496582	-1
6.25471496582	-1
6.25471496582	-1
6.25471496582	-1
6.25471496582	-1
6.25471496582	-1
6.25471496582	-1
6.25500202179	-1
6.25516486168	-1
6.25516486168	-1
6.25516486168	-1
6.25516486168	-1
6.25516486168	-1
6.25516486168	-1
6.25516486168	-1
6.25516486168	-1
6.26609587669	1
6.26609587669	1
6.26609587669	1
6.31237387657	-1
6.31237387657	-1
6.31237387657	-1
6.34677195549	-1
6.34677195549	-1
6.34677195549	-1
6.34677195549	-1
6.34677195549	-1
6.34677195549	-1
6.34677195549	-1
6.34677195549	-1
6.34699296951	-1
6.34699296951	-1
6.34699296951	-1
6.34699296951	-1
6.34699296951	-1
6.34699296951	-1
6.34699296951	-1
6.34699296951	-1
6.34735894203	-1
6.34735894203	-1
6.34735894203	-1
6.34735894203	-1
6.34735894203	-1
6.34735894203	-1
6.34735894203	-1
6.34735894203	-1
6.34772801399	-1
6.34772801399	-1
6.34772801399	-1
6.34772801399	-1
6.34772801399	-1
6.34772801399	-1
6.34772801399	-1
6.34772801399	-1
6.35108399391	-1
6.35108399391	-1
6.35108399391	-1
6.35108399391	-1
6.35108399391	-1
6.35108399391	-1
6.35108399391	-1
6.35143494606	-1
6.35143494606	-1
6.35143494606	-1
6.35143494606	-1
6.35143494606	-1
6.35143494606	-1
6.35143494606	-1
6.35143494606	-1
6.35180282593	-1
6.35180282593	-1
6.35180282593	-1
6.35180282593	-1
6.35180282593	-1
6.3734869957	-1
6.3734869957	-1
6.3734869957	-1
6.3734869957	-1
6.3734869957	-1
6.3734869957	-1
6.3734869957	-1
6.3734869957	-1
6.37494087219	-1
6.37494087219	-1
6.37494087219	-1
6.37494087219	-1
6.37494087219	-1
6.37494087219	-1
6.37494087219	-1
6.37652802467	-1
6.37761187553	1
6.37761187553	1
6.37761187553	1
6.3776409626	-1
6.3776409626	-1
6.3776409626	-1
6.3776409626	-1
6.3776409626	-1
6.3776409626	-1
6.3776409626	-1
6.37915992737	-1
6.37915992737	-1
6.37915992737	-1
6.37915992737	-1
6.37915992737	-1
6.37915992737	-1
6.37915992737	-1
6.37915992737	-1
6.42051005363	-1
6.42051005363	-1
6.42051005363	-1
6.42051005363	-1
6.42051005363	-1
6.42051005363	-1
6.42051005363	-1
6.42051005363	-1
6.42153501511	-1
6.42153501511	-1
6.42153501511	-1
6.42153501511	-1
6.42153501511	-1
6.42153501511	-1
6.42153501511	-1
6.42153501511	-1
6.42190098763	-1
6.42190098763	-1
6.42190098763	-1
6.42190098763	-1
6.42190098763	-1
6.42190098763	-1
6.42190098763	-1
6.42190098763	-1
6.42227005959	-1
6.42227005959	-1
6.42227005959	-1
6.42227005959	-1
6.42227005959	-1
6.42227005959	-1
6.42227005959	-1
6.42227005959	-1
6.42256903648	-1
6.42256903648	-1
6.42256903648	-1
6.42256903648	-1
6.42256903648	-1
6.42256903648	-1
6.42256903648	-1
6.42256903648	-1
6.42584085464	-1
6.42584085464	-1
6.42584085464	-1
6.42584085464	-1
6.42584085464	-1
6.42584085464	-1
6.42584085464	-1
6.42620301247	-1
6.42620301247	-1
6.42620301247	-1
6.42620301247	-1
6.42620301247	-1
6.42620301247	-1
6.42620301247	-1
6.42620301247	-1
6.42657089233	-1
6.42657089233	-1
6.42657089233	-1
6.42657089233	-1
6.42657089233	-1
6.42657089233	-1
6.42657089233	-1
6.42657089233	-1
6.42693996429	-1
6.42693996429	-1
6.42693996429	-1
6.42693996429	-1
6.42693996429	-1
6.42693996429	-1
6.42693996429	-1
6.42693996429	-1
6.45163583755	-1
6.45163583755	-1
6.45163583755	-1
6.45163583755	-1
6.45163583755	-1
6.45163583755	-1
6.45163583755	-1
6.45163583755	-1
6.45186305046	-1
6.45186305046	-1
6.45186305046	-1
6.45186305046	-1
6.45186305046	-1
6.45186305046	-1
6.45186305046	-1
6.45186305046	-1
6.45214486122	-1
6.45214486122	-1
6.45214486122	-1
6.45214486122	-1
6.45214486122	-1
6.45214486122	-1
6.45214486122	-1
6.45214486122	-1
6.45259904861	-1
6.45259904861	-1
6.45259904861	-1
6.45259904861	-1
6.45259904861	-1
6.45259904861	-1
6.45259904861	-1
6.45259904861	-1
6.45464897156	1
6.45464897156	1
6.45464897156	1
6.49581003189	-1
6.49581003189	-1
6.49581003189	-1
6.49581003189	-1
6.49581003189	-1
6.49581003189	-1
6.49581003189	-1
6.49595999718	-1
6.49595999718	-1
6.49595999718	-1
6.49595999718	-1
6.49595999718	-1
6.49595999718	-1
6.49595999718	-1
6.49595999718	-1
6.49640202522	-1
6.49640202522	-1
6.49640202522	-1
6.49640202522	-1
6.49640202522	-1
6.49640202522	-1
6.49640202522	-1
6.49640202522	-1
6.49673700333	-1
6.49673700333	-1
6.49673700333	-1
6.49673700333	-1
6.49673700333	-1
6.49673700333	-1
6.49673700333	-1
6.49673700333	-1
6.50061798096	-1
6.50061798096	-1
6.50061798096	-1
6.50061798096	-1
6.50061798096	-1
6.50061798096	-1
6.50061798096	-1
6.50061798096	-1
6.50096988678	-1
6.50096988678	-1
6.50096988678	-1
6.50096988678	-1
6.50096988678	-1
6.50096988678	-1
6.50096988678	-1
6.50096988678	-1
6.50133895874	-1
6.50133895874	-1
6.50133895874	-1
6.50133895874	-1
6.50133895874	-1
6.50133895874	-1
6.50133895874	-1
6.50133895874	-1
6.50170588493	-1
6.50170588493	-1
6.50170588493	-1
6.50170588493	-1
6.50170588493	-1
6.50170588493	-1
6.50170588493	-1
6.50170588493	-1
6.50445389748	1
6.50445389748	1
6.50445389748	1
6.52644300461	-1
6.52644300461	-1
6.52644300461	-1
6.52644300461	-1
6.52644300461	-1
6.52644300461	-1
6.52644300461	-1
6.52658104897	-1
6.52658104897	-1
6.52658104897	-1
6.52658104897	-1
6.52658104897	-1
6.52658104897	-1
6.52658104897	-1
6.52658104897	-1
6.52703905106	-1
6.52703905106	-1
6.52703905106	-1
6.52703905106	-1
6.52703905106	-1
6.52703905106	-1
6.52703905106	-1
6.52703905106	-1
6.52737188339	-1
6.52737188339	-1
6.52737188339	-1
6.52737188339	-1
6.52737188339	-1
6.52737188339	-1
6.52737188339	-1
6.52737188339	-1
6.56754183769	1
6.56988406181	-1
6.56988406181	-1
6.56988406181	-1
6.56988406181	-1
6.56988406181	-1
6.56988406181	-1
6.56988406181	-1
6.56988406181	-1
6.57000589371	-1
6.57000589371	-1
6.57000589371	-1
6.57000589371	-1
6.57000589371	-1
6.57000589371	-1
6.57000589371	-1
6.57000589371	-1
6.57047486305	-1
6.57047486305	-1
6.57047486305	-1
6.57047486305	-1
6.57047486305	-1
6.57047486305	-1
6.57047486305	-1
6.57047486305	-1
6.57077884674	-1
6.57077884674	-1
6.57077884674	-1
6.57077884674	-1
6.57077884674	-1
6.57077884674	-1
6.57077884674	-1
6.57077884674	-1
6.57518696785	-1
6.57518696785	-1
6.57518696785	-1
6.57518696785	-1
6.57518696785	-1
6.57518696785	-1
6.57518696785	-1
6.57553291321	-1
6.57553291321	-1
6.57553291321	-1
6.57553291321	-1
6.57553291321	-1
6.57553291321	-1
6.57553291321	-1
6.57553291321	-1
6.57590103149	-1
6.57590103149	-1
6.57590103149	-1
6.57590103149	-1
6.57590103149	-1
6.57590103149	-1
6.57590103149	-1
6.57590103149	-1
6.57626891136	-1
6.57626891136	-1
6.57626891136	-1
6.57626891136	-1
6.57626891136	-1
6.57626891136	-1
6.57626891136	-1
6.57626891136	-1
6.60086584091	-1
6.60086584091	-1
6.60086584091	-1
6.60086584091	-1
6.60086584091	-1
6.60086584091	-1
6.60086584091	-1
6.60086584091	-1
6.60121297836	-1
6.60121297836	-1
6.60121297836	-1
6.60121297836	-1
6.60121297836	-1
6.60121297836	-1
6.60121297836	-1
6.60121297836	-1
6.60145783424	-1
6.60145783424	-1
6.60145783424	-1
6.60145783424	-1
6.60145783424	-1
6.60145783424	-1
6.60145783424	-1
6.60145783424	-1
6.6018269062	-1
6.6018269062	-1
6.6018269062	-1
6.6018269062	-1
6.6018269062	-1
6.6018269062	-1
6.6018269062	-1
6.6018269062	-1
6.64118385315	1
6.64118385315	1
6.64474797249	-1
6.64474797249	-1
6.64474797249	-1
6.64474797249	-1
6.64474797249	-1
6.64474797249	-1
6.64474797249	-1
6.64492797852	-1
6.64492797852	-1
6.64492797852	-1
6.64492797852	-1
6.64492797852	-1
6.64492797852	-1
6.64492797852	-1
6.64492797852	-1
6.64534497261	-1
6.64534497261	-1
6.64534497261	-1
6.64534497261	-1
6.64534497261	-1
6.64534497261	-1
6.64534497261	-1
6.64534497261	-1
6.64571285248	-1
6.64571285248	-1
6.64571285248	-1
6.64571285248	-1
6.64571285248	-1
6.64571285248	-1
6.64571285248	-1
6.64571285248	-1
6.65009284019	-1
6.65009284019	-1
6.65009284019	-1
6.65009284019	-1
6.65009284019	-1
6.65009284019	-1
6.65009284019	-1
6.65044283867	-1
6.65044283867	-1
6.65044283867	-1
6.65044283867	-1
6.65044283867	-1
6.65044283867	-1
6.65044283867	-1
6.65044283867	-1
6.6508128643	-1
6.6508128643	-1
6.6508128643	-1
6.6508128643	-1
6.6508128643	-1
6.6508128643	-1
6.6508128643	-1
6.6508128643	-1
6.65101385117	-1
6.65101385117	-1
6.65101385117	-1
6.65101385117	-1
6.65101385117	-1
6.65101385117	-1
6.65101385117	-1
6.65101385117	-1
6.6784799099	-1
6.6784799099	-1
6.6784799099	-1
6.6784799099	-1
6.6784799099	-1
6.6784799099	-1
6.6784799099	-1
6.6784799099	-1
6.67882704735	-1
6.67882704735	-1
6.67882704735	-1
6.67882704735	-1
6.67882704735	-1
6.67882704735	-1
6.67882704735	-1
6.67882704735	-1
6.6790728569	-1
6.6790728569	-1
6.6790728569	-1
6.6790728569	-1
6.6790728569	-1
6.6790728569	-1
6.6790728569	-1
6.6790728569	-1
6.67944097519	-1
6.67944097519	-1
6.67944097519	-1
6.67944097519	-1
6.67944097519	-1
6.67944097519	-1
6.67944097519	-1
6.67944097519	-1
6.714812994	1
6.714812994	1
6.72373390198	-1
6.72373390198	-1
6.72373390198	-1
6.72373390198	-1
6.72373390198	-1
6.72373390198	-1
6.72373390198	-1
6.72389101982	-1
6.72389101982	-1
6.72389101982	-1
6.72389101982	-1
6.72389101982	-1
6.72389101982	-1
6.72389101982	-1
6.72389101982	-1
6.7243309021	-1
6.7243309021	-1
6.7243309021	-1
6.7243309021	-1
6.7243309021	-1
6.7243309021	-1
6.7243309021	-1
6.7243309021	-1
6.72466993332	-1
6.72466993332	-1
6.72466993332	-1
6.72466993332	-1
6.72612190247	-1
6.72612190247	-1
6.72612190247	-1
6.72612190247	-1
6.72612190247	-1
6.72612190247	-1
6.72612190247	-1
6.72612190247	-1
6.72626590729	-1
6.72626590729	-1
6.72626590729	-1
6.72626590729	-1
6.72626590729	-1
6.72626590729	-1
6.72626590729	-1
6.72626590729	-1
6.72672605515	-1
6.72672605515	-1
6.72672605515	-1
6.72672605515	-1
6.72672605515	-1
6.72672605515	-1
6.72672605515	-1
6.72672605515	-1
6.72699785233	-1
6.72699785233	-1
6.72699785233	-1
6.72699785233	-1
6.73021483421	1
6.73021483421	1
6.73021483421	1
6.75228190422	-1
6.75228190422	-1
6.75228190422	-1
6.75228190422	-1
6.75228190422	-1
6.75228190422	-1
6.75228190422	-1
6.75228190422	-1
6.75228190422	-1
6.75263094902	-1
6.75263094902	-1
6.75263094902	-1
6.75263094902	-1
6.75263094902	-1
6.75263094902	-1
6.75263094902	-1
6.75263094902	-1
6.75300002098	-1
6.75300002098	-1
6.75300002098	-1
6.75300002098	-1
6.75300002098	-1
6.76180887222	-1
6.76180887222	-1
6.76180887222	-1
6.76180887222	-1
6.76180887222	-1
6.76180887222	-1
6.76180887222	-1
6.76180887222	-1
6.76180887222	-1
6.79749894142	-1
6.79749894142	-1
6.79749894142	-1
6.79749894142	-1
6.79749894142	-1
6.79749894142	-1
6.79749894142	-1
6.79749894142	-1
6.79749894142	-1
6.79786896706	-1
6.79786896706	-1
6.79786896706	-1
6.79786896706	-1
6.79786896706	-1
6.79786896706	-1
6.79786896706	-1
6.79786896706	-1
6.79823899269	-1
6.79823899269	-1
6.79823899269	-1
6.79823899269	-1
6.79823899269	-1
6.79823899269	-1
6.79823899269	-1
6.79823899269	-1
6.79860782623	-1
6.79860782623	-1
6.79860782623	-1
6.79860782623	-1
6.79860782623	-1
6.79860782623	-1
6.79860782623	-1
6.79860782623	-1
6.80054092407	-1
6.80054092407	-1
6.80054092407	-1
6.80054092407	-1
6.80054092407	-1
6.80054092407	-1
6.80054092407	-1
6.80076384544	-1
6.80076384544	-1
6.80076384544	-1
6.80076384544	-1
6.80076384544	-1
6.80076384544	-1
6.80076384544	-1
6.80076384544	-1
6.80122804642	-1
6.80122804642	-1
6.80122804642	-1
6.80122804642	-1
6.80122804642	-1
6.80122804642	-1
6.80122804642	-1
6.80122804642	-1
6.80152082443	-1
6.80152082443	-1
6.80152082443	-1
6.80152082443	-1
6.80152082443	-1
6.80152082443	-1
6.80152082443	-1
6.80152082443	-1
6.80460691452	1
6.80460691452	1
6.80460691452	1
6.82741999626	-1
6.82741999626	-1
6.82741999626	-1
6.82741999626	-1
6.82741999626	-1
6.82741999626	-1
6.82741999626	-1
6.82741999626	-1
6.82741999626	-1
6.82776784897	-1
6.82776784897	-1
6.82776784897	-1
6.82776784897	-1
6.82776784897	-1
6.82776784897	-1
6.82776784897	-1
6.82776784897	-1
6.82813692093	-1
6.82813692093	-1
6.82813692093	-1
6.82813692093	-1
6.82813692093	-1
6.82813692093	-1
6.82813692093	-1
6.82813692093	-1
6.82850599289	-1
6.82850599289	-1
6.82850599289	-1
6.82850599289	-1
6.82850599289	-1
6.82850599289	-1
6.82850599289	-1
6.82850599289	-1
6.87244105339	-1
6.87244105339	-1
6.87244105339	-1
6.87244105339	-1
6.87244105339	-1
6.87244105339	-1
6.87244105339	-1
6.87265896797	-1
6.87265896797	-1
6.87265896797	-1
6.87265896797	-1
6.87265896797	-1
6.87265896797	-1
6.87265896797	-1
6.87265896797	-1
6.87437391281	-1
6.87437391281	-1
6.87437391281	-1
6.87437391281	-1
6.90339183807	-1
6.90339183807	-1
6.90339183807	-1
6.90339183807	-1
6.90339183807	-1
6.90339183807	-1
6.90416288376	-1
6.90416288376	-1
6.90416288376	-1
6.90416288376	-1
6.90416288376	-1
6.90416288376	-1
6.90416288376	-1
6.90531682968	-1
6.90531682968	-1
6.90531682968	-1
6.90531682968	-1
6.90531682968	-1
6.90531682968	-1
6.90531682968	-1
6.90763092041	-1
6.90763092041	-1
6.90786099434	-1
6.90786099434	-1
6.90786099434	-1
6.90786099434	-1
6.90786099434	-1
6.90786099434	-1
6.90786099434	-1
6.90829086304	-1
6.90829086304	-1
6.90829086304	-1
6.91795301437	-1
6.91795301437	-1
6.91795301437	-1
6.9183049202	-1
6.9183049202	-1
6.93539786339	-1
6.9354300499	1
6.9354300499	1
6.95202898979	-1
6.95202898979	-1
6.95202898979	-1
6.95202898979	-1
6.95202898979	-1
6.95202898979	-1
6.95202898979	-1
6.95202898979	-1
6.95202898979	-1
6.95238089561	-1
6.95238089561	-1
6.95368790627	-1
6.95368790627	-1
6.95368790627	-1
6.95542788506	-1
6.95542788506	-1
6.95542788506	-1
6.95655488968	-1
6.95655488968	-1
6.95655488968	-1
6.95735383034	-1
6.95778799057	-1
6.95778799057	-1
6.95778799057	-1
6.95826101303	-1
6.95826101303	-1
6.95826101303	-1
6.96306705475	-1
6.96306705475	-1
6.96306705475	-1
6.96306705475	-1
6.96306705475	-1
6.96306705475	-1
6.96306705475	-1
6.96306705475	-1
6.96360301971	-1
6.96360301971	-1
6.96360301971	-1
6.96360301971	-1
6.96360301971	-1
6.96360301971	-1
6.96360301971	-1
6.96360301971	-1
6.98013997078	-1
6.98013997078	-1
6.98013997078	-1
6.98013997078	-1
6.98013997078	-1
6.98013997078	-1
6.98013997078	-1
6.98013997078	-1
6.98013997078	-1
6.98047804832	-1
6.98047804832	-1
6.98047804832	-1
6.98086595535	-1
6.98086595535	-1
6.98086595535	-1
6.98086595535	-1
6.98086595535	-1
6.98086595535	-1
6.98111104965	-1
6.98135685921	-1
6.98135685921	-1
6.98135685921	-1
6.98135685921	-1
6.98162388802	-1
6.98254203796	-1
6.98254203796	-1
6.98254203796	-1
6.98254203796	-1
6.98254203796	-1
6.98254203796	-1
6.982681036	-1
6.982681036	-1
6.982681036	-1
6.982681036	-1
7.00905895233	1
7.00905895233	1
7.20293402672	-1
8.76899886131	-1
10.0106890202	-1
11.0941288471	-1
11.1675839424	-1
11.1675839424	-1
11.3142879009	-1
11.6300718784	-1
11.818475008	-1
16.2785060406	1
16.3517079353	1
16.8820319176	-1
16.8824100494	-1
16.8824100494	-1
16.8824100494	-1
16.8824100494	-1
16.8828599453	1
16.8900558949	1
16.8900558949	1
16.8900558949	1
16.8900558949	1
16.8900558949	1
16.890529871	1
16.892526865	1
16.892526865	1
16.8932988644	1
16.8932988644	1
16.8932988644	1
16.9005899429	1
16.9005899429	1
16.9804618359	-1
16.9804618359	-1
16.9804618359	-1
16.9804618359	-1
16.9804618359	-1
17.0715758801	-1
17.0715758801	-1
17.0715758801	-1
17.0715758801	-1
17.0715758801	-1
17.0715758801	-1
17.0715758801	-1
17.0715758801	-1
17.1415538788	1
17.1678829193	-1
17.1678829193	-1
17.1678829193	-1
17.1678829193	-1
17.1678829193	-1
17.1679868698	-1
17.1679868698	-1
17.1680748463	-1
17.1764218807	-1
17.249505043	1
17.2585799694	-1
17.2588088512	-1
17.2588088512	-1
17.2588088512	-1
17.2588088512	-1
17.2588088512	-1
17.2588088512	-1
17.2590558529	-1
17.2590558529	-1
17.2590558529	-1
17.2590558529	-1
17.2590558529	-1
17.447165966	-1
17.5205178261	-1
17.6361038685	-1
17.6372718811	1
17.8313088417	-1
17.9813950062	-1
18.1017708778	-1
18.2097330093	-1
18.2097330093	-1
18.2097330093	-1
18.2097330093	-1
18.259871006	1
18.263988018	1
18.263988018	1
18.263988018	1
18.319259882	1
18.319259882	1
18.4476139545	1
18.4546818733	1
18.4546818733	1
18.4546818733	1
18.4546818733	1
18.4546818733	1
18.4547879696	1
18.5939869881	1
18.6906869411	1
18.7639989853	1
18.7838170528	-1
18.7994639874	-1
18.7994639874	-1
18.7994639874	-1
18.7994639874	-1
18.7994639874	-1
18.7994639874	-1
18.7994639874	-1
18.7994639874	-1
18.7994639874	-1
18.7994639874	-1
18.8090820312	-1
18.8976929188	-1
18.8976929188	-1
18.8976929188	-1
18.8979609013	-1
18.8979609013	-1
18.8979609013	-1
18.8981440067	-1
18.8981440067	-1
18.8981440067	-1
18.9000940323	1
18.9173099995	-1
18.9173099995	-1
18.9173099995	-1
18.9174149036	-1
18.9174149036	-1
18.9174149036	-1
18.9174149036	-1
18.9174149036	-1
18.9753069878	-1
18.9753069878	-1
18.9753069878	-1
18.9753069878	-1
18.9753069878	-1
18.9753069878	-1
18.9762468338	-1
18.9762468338	-1
18.9765360355	-1
18.9765360355	-1
18.9765360355	-1
18.9765360355	-1
18.9765360355	-1
19.0108158588	-1
19.0108649731	-1
19.0108649731	-1
19.0108649731	-1
19.0108649731	-1
19.0110418797	-1
19.0487818718	-1
19.0487818718	-1
19.0750169754	-1
19.0750169754	-1
19.0750169754	-1
19.0750169754	-1
19.0982048512	-1
19.0982048512	-1
19.0983028412	-1
19.0983028412	-1
19.0983028412	-1
19.0983028412	-1
19.0983028412	-1
19.0999319553	1
19.1430399418	-1
19.1430399418	-1
19.1430399418	-1
19.1430399418	-1
19.1430399418	-1
19.1430399418	-1
19.1430399418	-1
19.1430399418	-1
19.1434600353	-1
19.1434600353	-1
19.1434600353	-1
19.1434600353	-1
19.1434600353	-1
19.1434600353	-1
19.1434600353	-1
19.1434600353	-1
19.1484639645	-1
19.1484639645	-1
19.1503770351	1
19.1503770351	1
19.1503770351	1
19.1625828743	-1
19.1625828743	-1
19.1625828743	-1
19.1625828743	-1
19.1625828743	-1
19.1625828743	-1
19.1625828743	-1
19.1634249687	-1
19.1634249687	-1
19.1634249687	-1
19.1634249687	-1
19.1721739769	-1
19.1721739769	-1
19.1721739769	-1
19.1721739769	-1
19.1721739769	-1
19.1721739769	-1
19.1721739769	-1
19.1723928452	-1
19.1723928452	-1
19.1723928452	-1
19.1723928452	-1
19.21667099	-1
19.21667099	-1
19.21667099	-1
19.2167470455	-1
19.2167470455	-1
19.2192749977	1
19.2192749977	1
19.2192749977	1
19.2240788937	-1
19.2240788937	-1
19.264852047	-1
19.264852047	-1
19.264852047	-1
19.264852047	-1
19.264852047	-1
19.264852047	-1
19.264852047	-1
19.264852047	-1
19.264852047	-1
19.2651808262	-1
19.2651808262	-1
19.2651808262	-1
19.2651808262	-1
19.2651808262	-1
19.2662420273	1
19.2662420273	1
19.3211288452	-1
19.3211288452	-1
19.3211288452	-1
19.3211288452	-1
19.3212330341	-1
19.5367379189	-1
19.6101670265	-1
19.6131329536	-1
19.6131329536	-1
19.6131329536	-1
19.6139559746	-1
19.6139559746	-1
19.6139559746	-1
19.6142630577	-1
19.6142630577	-1
19.6142630577	-1
19.6142630577	-1
19.6142630577	-1
19.6142630577	-1
19.6142630577	-1
19.6145079136	-1
19.6154589653	1
19.6155438423	1
19.6155438423	1
19.6155438423	1
19.6155438423	1
19.6155438423	1
19.6155438423	1
19.6155438423	1
19.6155438423	1
19.615571022	1
19.644767046	-1
19.644767046	-1
19.644767046	-1
19.644767046	-1
19.644767046	-1
19.644767046	-1
19.644767046	-1
19.6450619698	-1
19.6486918926	-1
19.6486918926	-1
19.6486918926	-1
19.6857290268	-1
19.6865689754	-1
19.7426798344	-1
19.7426798344	-1
19.7426798344	-1
19.7426798344	-1
19.7427239418	-1
19.7427239418	-1
19.7429089546	-1
19.7429089546	-1
19.7429089546	-1
19.7429089546	-1
19.7429089546	-1
19.7595160007	-1
19.7595160007	-1
19.7595160007	-1
19.7595160007	-1
19.7595160007	-1
19.7595160007	-1
19.7595160007	-1
19.8111619949	1
19.8120479584	1
19.8120479584	1
19.8120479584	1
19.8151290417	1
19.8151290417	1
19.8161649704	-1
19.8161649704	-1
19.8161649704	-1
19.8161649704	-1
19.8161649704	-1
19.8161649704	-1
19.8161649704	-1
19.8161649704	-1
19.8844268322	1
19.8895728588	-1
19.8895728588	-1
19.8895728588	-1
19.8895728588	-1
19.8895728588	-1
19.8895728588	-1
19.8895728588	-1
19.8898019791	-1
19.8898019791	-1
19.8898019791	-1
19.8898019791	-1
19.9068169594	-1
19.9068169594	-1
19.9068169594	-1
19.9068169594	-1
19.9068169594	-1
19.9068169594	-1
19.9068169594	-1
19.9068169594	-1
19.9630248547	1
19.9632189274	-1
19.9632189274	-1
19.9632189274	-1
19.9633409977	-1
19.9633409977	-1
19.9634640217	-1
19.9634640217	-1
19.9634640217	-1
19.9634640217	-1
19.9658918381	1
19.9658918381	1
19.9658918381	1
19.9805300236	-1
19.9805300236	-1
19.9805300236	-1
20.0372860432	-1
20.0380489826	-1
20.0380489826	-1
20.0380489826	-1
20.0380489826	-1
20.0380489826	-1
20.0382728577	-1
20.0382728577	-1
20.0382728577	-1
20.038394928	-1
20.038394928	-1
20.0953569412	-1
20.0953569412	-1
20.0953569412	-1
20.0953569412	-1
20.0953569412	-1
20.0953569412	-1
20.0953569412	-1
20.0953569412	-1
20.1114869118	-1
20.1114869118	-1
20.1114869118	-1
20.1114869118	-1
20.1114869118	-1
20.111866951	-1
20.1120100021	-1
20.1120100021	-1
20.1120100021	-1
20.1120100021	-1
20.1120100021	-1
20.1120100021	-1
20.1120100021	-1
20.1845929623	-1
20.1859140396	-1
20.1859140396	-1
20.1859140396	-1
20.1859140396	-1
20.1859140396	-1
20.1859140396	-1
20.1861548424	-1
20.1861548424	-1
20.1862719059	-1
20.1862719059	-1
20.1862719059	-1
20.1862719059	-1
20.1862719059	-1
20.1862719059	-1
20.2581470013	-1
20.2581470013	-1
20.2596459389	-1
20.2596459389	-1
20.2596459389	-1
20.2596459389	-1
20.2596459389	-1
20.2596459389	-1
20.2598559856	-1
20.2598559856	-1
20.2598559856	-1
20.2598559856	-1
20.2598559856	-1
20.2598559856	-1
20.2598559856	-1
20.2598559856	-1
20.2598559856	-1
20.3318710327	-1
20.3318710327	-1
20.3318710327	-1
20.3318710327	-1
20.3318710327	-1
20.3318710327	-1
20.3318710327	-1
20.3318710327	-1
20.3330368996	1
20.3335700035	-1
20.3335700035	-1
20.3335700035	-1
20.3336939812	-1
20.3336939812	-1
20.3336939812	-1
20.3336939812	-1
20.3336939812	-1
20.3336939812	-1
20.3336939812	-1
20.3336939812	-1
20.3336939812	-1
20.4069468975	-1
20.4069468975	-1
20.4069468975	-1
20.4069468975	-1
20.4069468975	-1
20.4069468975	-1
20.4069468975	-1
20.4069468975	-1
20.4069850445	1
20.4078128338	-1
20.4078128338	-1
20.4078128338	-1
20.4078128338	-1
20.4078128338	-1
20.4078128338	-1
20.4078128338	-1
20.4078128338	-1
20.479131937	-1
20.4804880619	-1
20.4804880619	-1
20.4804880619	-1
20.4804880619	-1
20.4804880619	-1
20.4804880619	-1
20.4804880619	-1
20.4804880619	-1
20.4813849926	-1
20.4813849926	-1
20.4813849926	-1
20.4813849926	-1
20.4813849926	-1
20.4813849926	-1
20.4813849926	-1
20.4813849926	-1
20.4824428558	1
20.5525319576	-1
20.554033041	-1
20.554033041	-1
20.554033041	-1
20.554033041	-1
20.554033041	-1
20.554033041	-1
20.554033041	-1
20.554033041	-1
20.5553619862	-1
20.5553619862	-1
20.5553619862	-1
20.5553619862	-1
20.5553619862	-1
20.5553619862	-1
20.5553619862	-1
20.5553619862	-1
20.6260299683	-1
20.6260299683	-1
20.6260299683	-1
20.6277458668	-1
20.6277458668	-1
20.6277458668	-1
20.6277458668	-1
20.6277458668	-1
20.6277458668	-1
20.6277458668	-1
20.6277458668	-1
20.6277458668	-1
20.6290419102	-1
20.6290419102	-1
20.6290419102	-1
20.6290419102	-1
20.6290419102	-1
20.6290419102	-1
20.6290419102	-1
20.6290419102	-1
20.7003488541	-1
20.7003488541	-1
20.7003488541	-1
20.7003488541	-1
20.7003488541	-1
20.7003488541	-1
20.7013020515	-1
20.7013020515	-1
20.7013020515	-1
20.7013020515	-1
20.7013020515	-1
20.7013020515	-1
20.7013020515	-1
20.7013020515	-1
20.702573061	1
20.7027230263	-1
20.7027230263	-1
20.7027230263	-1
20.7027230263	-1
20.7027230263	-1
20.7027230263	-1
20.7027230263	-1
20.7027230263	-1
20.7747209072	-1
20.7747209072	-1
20.7747209072	-1
20.7747209072	-1
20.7747209072	-1
20.7747209072	-1
20.7747209072	-1
20.7747209072	-1
20.7753179073	-1
20.7753179073	-1
20.7753179073	-1
20.7753179073	-1
20.7753179073	-1
20.7753179073	-1
20.7753179073	-1
20.7753179073	-1
20.7763419151	1
20.7763419151	1
20.8475270271	-1
20.8475270271	-1
20.8475270271	-1
20.8475270271	-1
20.8475270271	-1
20.8475270271	-1
20.8475270271	-1
20.8475270271	-1
20.8475270271	-1
20.8491270542	-1
20.8491270542	-1
20.8491270542	-1
20.8493499756	-1
20.8493499756	-1
20.8493499756	-1
20.8494720459	-1
20.8500249386	-1
20.8500249386	-1
20.8500528336	1
20.8825650215	1
20.8825650215	1
20.8825650215	1
20.8849680424	1
20.8849680424	1
20.9083008766	1
20.9083008766	1
20.9083008766	1
20.9444298744	1
20.9444298744	1
20.9559710026	1
20.9700958729	-1
21.1346018314	1
21.1427378654	1
21.1427378654	1
21.1427378654	1
21.270223856	-1
21.3516688347	-1
21.3651599884	-1
21.3651599884	-1
21.3651599884	-1
21.3651599884	-1
21.3651599884	-1
21.3651599884	-1
21.3651599884	-1
21.3673510551	-1
21.3747498989	-1
21.3747498989	-1
21.3747498989	-1
21.3764920235	1
21.3787829876	-1
21.3787829876	-1
21.3787829876	-1
21.3787829876	-1
21.3787829876	-1
21.3787829876	-1
21.3913969994	-1
21.3913969994	-1
21.4250099659	-1
21.4386529922	-1
21.4386529922	-1
21.4386529922	-1
21.4386529922	-1
21.4386529922	-1
21.4483380318	-1
21.467455864	-1
21.467455864	-1
21.4674918652	1
21.4674918652	1
21.498374939	-1
21.498374939	-1
21.4998428822	1
21.4998428822	1
21.4998428822	1
21.5737369061	-1
21.5737369061	-1
21.6473178864	-1
21.6473178864	-1
21.6473548412	1
21.6473548412	1
21.7209179401	-1
21.7209179401	-1
21.8462059498	-1
21.8471848965	1
21.8516340256	-1
21.8516340256	-1
21.8516340256	-1
21.8852798939	-1
21.8852798939	-1
21.8852798939	-1
21.933506012	1
21.933506012	1
21.933506012	1
22.0072920322	-1
22.0072920322	-1
22.071778059	-1
22.071778059	-1
22.071778059	-1
22.072026968	-1
22.072026968	-1
22.072026968	-1
22.072026968	-1
22.072026968	-1
22.072026968	-1
22.072026968	-1
22.0726628304	-1
22.1162998676	1
22.1162998676	1
22.1375360489	-1
22.166962862	-1
22.166962862	-1
22.166962862	-1
22.1914658546	1
22.2111608982	-1
22.2602260113	-1
22.2602260113	-1
22.2602260113	-1
22.2602260113	-1
22.2602260113	-1
22.3387198448	1
22.4591310024	-1
22.4763159752	-1
22.4763159752	-1
22.4763159752	-1
22.4770898819	-1
22.4770898819	-1
22.4770898819	-1
22.4968929291	-1
22.4968929291	-1
22.4971840382	-1
22.4971840382	-1
22.4971840382	-1
22.4971840382	-1
22.4971840382	-1
22.4971840382	-1
22.4976558685	-1
22.4976558685	-1
22.4976558685	-1
22.4976558685	-1
22.4976558685	-1
22.4976558685	-1
22.4976558685	-1
22.5334508419	-1
22.5498719215	-1
22.5498719215	-1
22.5498719215	-1
22.5498719215	-1
22.5498719215	-1
22.5498719215	-1
22.5498719215	-1
22.5703320503	-1
22.570376873	-1
22.570376873	-1
22.570376873	-1
22.570376873	-1
22.570376873	-1
22.570376873	-1
22.570376873	-1
22.570376873	-1
22.5711479187	-1
22.5711479187	-1
22.6233348846	-1
22.6233348846	-1
22.6233348846	-1
22.6233348846	-1
22.6233348846	-1
22.6233348846	-1
22.643830061	-1
22.643830061	-1
22.6439330578	-1
22.6439330578	-1
22.6439330578	-1
22.6439330578	-1
22.6439330578	-1
22.6439330578	-1
22.6445789337	-1
22.6445789337	-1
22.6445789337	-1
22.6445789337	-1
23.0033318996	-1
23.1133649349	-1
23.2343790531	-1
23.30772686	-1
24.8013579845	-1
24.9868528843	-1
25.4276959896	-1
25.89240098	-1
26.537250042	-1
26.7398819923	-1
27.165927887	-1
27.3694610596	-1
27.5462298393	-1
27.7706589699	-1
31.9344809055	-1
32.017925024	-1
32.0915858746	-1
32.1731929779	-1
32.2465538979	-1
32.3433439732	1
32.4021470547	-1
32.4751899242	1
32.5904688835	-1
32.9558768272	1
32.9608688354	1
32.9608688354	1
32.9608688354	1
32.9610569477	1
32.9610569477	1
32.9610569477	1
32.9610569477	1
32.9619588852	1
32.9621329308	1
32.9621329308	1
32.9621329308	1
32.9892230034	1
32.9892230034	1
33.0007078648	1
33.0007078648	1
33.0007078648	1
33.0224599838	-1
33.1654479504	-1
33.1715629101	-1
33.1715629101	-1
33.1715629101	-1
33.1782028675	-1
33.1782028675	-1
33.1782028675	-1
33.2086968422	1
33.2224709988	-1
33.2224709988	-1
33.2232968807	-1
33.2232968807	-1
33.2232968807	-1
33.2232968807	-1
33.2232968807	-1
33.2232968807	-1
33.2232968807	-1
33.3188319206	-1
33.3188319206	-1
33.3188669682	1
33.3188669682	1
33.436565876	-1
33.4375040531	-1
33.4375040531	-1
33.4375040531	-1
33.4375040531	-1
33.4439768791	-1
33.4439768791	-1
33.4469950199	1
33.5605349541	1
33.5605349541	1
33.6566359997	-1
33.6581218243	1
33.8207449913	-1
33.9334979057	-1
33.9334979057	-1
33.9351408482	1
34.007652998	-1
34.007652998	-1
34.0477349758	1
34.0593810081	-1
34.0593810081	-1
34.0593810081	-1
34.1191499233	-1
34.2014479637	1
34.2014479637	1
34.2264709473	-1
34.3153760433	1
34.3730959892	-1
34.3730959892	-1
34.3730959892	-1
34.3730959892	-1
34.3927099705	1
34.4624428749	-1
34.4624428749	-1
34.5430459976	-1
34.5430459976	-1
34.5430459976	-1
34.5430459976	-1
34.5430779457	1
34.5778179169	-1
34.5778179169	-1
34.5779218674	-1
34.5779218674	-1
34.6362860203	-1
34.6362860203	-1
34.6362860203	-1
34.6362860203	-1
34.6362860203	-1
34.6362860203	-1
34.6362860203	-1
34.6362860203	-1
34.6376750469	-1
34.6559250355	-1
34.6559250355	-1
34.6559250355	-1
34.6559250355	-1
34.6559250355	-1
34.6559250355	-1
34.6559250355	-1
34.6559250355	-1
34.7313559055	-1
34.7313559055	-1
34.7313559055	-1
34.7313559055	-1
34.7313559055	-1
34.7313559055	-1
34.7313559055	-1
34.7313559055	-1
34.7315728664	-1
34.7315728664	-1
34.7316958904	-1
34.8222858906	-1
34.8222858906	-1
34.8222858906	-1
34.8222858906	-1
34.8222858906	-1
34.8222858906	-1
34.8222858906	-1
34.8227069378	-1
34.8231549263	-1
34.8231549263	-1
34.8231549263	-1
34.8231549263	-1
34.8231549263	-1
34.8231549263	-1
34.8231549263	-1
34.8231549263	-1
34.8238730431	-1
34.8238730431	-1
34.8238730431	-1
34.8238730431	-1
34.8452880383	-1
34.8452880383	-1
34.8454899788	-1
34.8454899788	-1
34.8454899788	-1
34.8454899788	-1
34.8454899788	-1
34.8454899788	-1
34.8455748558	1
34.8960168362	-1
34.8960168362	-1
34.8960168362	-1
34.8960168362	-1
34.8960168362	-1
34.8960168362	-1
34.8960168362	-1
34.8960168362	-1
34.8985948563	-1
34.8985948563	-1
34.8985948563	-1
34.9879949093	-1
34.9879949093	-1
34.9879949093	-1
34.9879949093	-1
34.9879949093	-1
34.9879949093	-1
34.9879949093	-1
34.9881999493	-1
34.9883539677	-1
34.9883539677	-1
34.9883539677	-1
35.012114048	-1
35.012114048	-1
35.012114048	-1
35.012114048	-1
35.012114048	-1
35.012114048	-1
35.012114048	-1
35.012114048	-1
35.012114048	-1
35.0124928951	-1
35.0124928951	-1
35.0125889778	-1
35.0125889778	-1
35.0125889778	-1
35.0125889778	-1
35.0125889778	-1
35.0125889778	-1
35.012814045	-1
35.012814045	-1
35.012814045	-1
35.012814045	-1
35.012814045	-1
35.0141718388	1
35.0435600281	-1
35.0435600281	-1
35.0615899563	-1
35.0615899563	-1
35.0615899563	-1
35.0617029667	-1
35.0617029667	-1
35.0618679523	-1
35.0618679523	-1
35.0618679523	-1
35.0618679523	-1
35.0618679523	-1
35.0618679523	-1
35.0857548714	-1
35.0857548714	-1
35.0857548714	-1
35.0857548714	-1
35.0857548714	-1
35.0857548714	-1
35.0857548714	-1
35.0857548714	-1
35.1097359657	-1
35.1097459793	1
35.1103079319	-1
35.1103079319	-1
35.1103079319	-1
35.1103079319	-1
35.1103079319	-1
35.1103079319	-1
35.1103079319	-1
35.1103079319	-1
35.1112020016	-1
35.1112020016	-1
35.2018630505	-1
35.2018630505	-1
35.2018630505	-1
35.2018630505	-1
35.2018630505	-1
35.2022578716	-1
35.2026228905	-1
35.2026228905	-1
35.2026228905	-1
35.2026228905	-1
35.2026228905	-1
35.2026228905	-1
35.2026228905	-1
35.2032790184	-1
35.2032790184	-1
35.2032790184	-1
35.2032790184	-1
35.2032790184	-1
35.2032790184	-1
35.2032790184	-1
35.2042570114	-1
35.2042570114	-1
35.2042570114	-1
35.2042570114	-1
35.2042570114	-1
35.2042570114	-1
35.2042570114	-1
35.2050409317	1
35.4397540092	1
35.4399979115	1
35.4399979115	1
35.4399979115	1
35.4399979115	1
35.4399979115	1
35.4399979115	1
35.4421548843	1
35.4421548843	1
35.4421548843	1
35.4421548843	1
35.4421548843	1
35.4421548843	1
35.4421548843	1
35.4422910213	1
35.4422910213	1
35.4422910213	1
35.8819420338	-1
