0.0	1
0.250520944595	1
0.53208899498	-1
0.533639907837	1
0.793901920319	-1
0.794710874557	1
0.797884941101	1
0.797884941101	1
0.797884941101	1
0.971228837967	1
0.971228837967	1
0.971228837967	1
1.47120594978	-1
1.47249078751	1
1.59595179558	-1
1.59750294685	1
1.71204996109	-1
1.71204996109	-1
1.71386289597	1
1.82924890518	-1
1.83043599129	1
2.09473180771	-1
2.0959508419	1
2.27385687828	-1
2.2895629406	1
2.40406489372	-1
2.40406489372	-1
2.41508078575	-1
2.41508078575	-1
2.41508078575	-1
2.41508078575	-1
2.41508078575	-1
2.41508078575	-1
2.41508078575	-1
2.41508078575	-1
2.41508078575	-1
2.43185091019	-1
2.43185091019	-1
2.43185091019	-1
2.43185091019	-1
2.43185091019	-1
2.43185091019	-1
2.43185091019	-1
2.45651698112	1
2.51339697838	-1
2.52953577042	-1
2.58388280869	-1
2.58388280869	-1
2.58388280869	-1
2.58388280869	-1
2.58388280869	-1
2.58388280869	-1
2.58388280869	-1
2.58391499519	1
2.73458385468	1
2.75847697258	-1
2.75847697258	-1
2.77191996574	-1
2.77191996574	-1
2.77191996574	-1
2.77191996574	-1
2.77191996574	-1
2.77191996574	-1
2.77191996574	-1
3.13264894485	-1
3.13381576538	1
3.30863189697	-1
3.30992293358	1
3.49274778366	-1
3.63206481934	-1
3.63206481934	-1
3.63206481934	-1
3.67935490608	1
4.12135887146	-1
4.12194681168	1
4.13516187668	-1
4.13516187668	-1
4.13516187668	-1
4.13516187668	-1
4.13516187668	-1
4.13516187668	-1
4.13516187668	-1
4.13516187668	-1
4.22187399864	-1
4.2276828289	-1
4.2276828289	-1
4.2276828289	-1
4.2276828289	-1
4.2276828289	-1
4.2276828289	-1
4.2276828289	-1
4.24476099014	1
4.25647687912	1
4.25647687912	1
4.25647687912	1
4.25751280785	1
4.25751280785	1
4.25751280785	1
4.2606678009	-1
4.2606678009	-1
4.2606678009	-1
4.2606678009	-1
4.2606678009	-1
4.2606678009	-1
4.2606678009	-1
4.2606678009	-1
4.26681685448	-1
4.26681685448	-1
4.26681685448	-1
4.26681685448	-1
4.26681685448	-1
4.26681685448	-1
4.26681685448	-1
4.28118777275	1
4.28118777275	1
4.28275990486	1
4.28275990486	1
4.28275990486	1
4.28337192535	1
4.28337192535	1
4.28614997864	-1
4.28614997864	-1
4.35098695755	-1
4.35098695755	-1
4.35098695755	-1
4.35098695755	-1
4.35098695755	-1
4.35098695755	-1
4.40744400024	-1
4.40744400024	-1
4.40744400024	-1
4.40744400024	-1
4.40744400024	-1
4.40744400024	-1
4.40744400024	-1
4.40744400024	-1
4.4226629734	-1
4.4226629734	-1
4.4226629734	-1
4.4226629734	-1
4.4226629734	-1
4.4226629734	-1
4.4226629734	-1
4.49388384819	1
4.49388384819	1
4.49388384819	1
4.50518298149	1
4.50518298149	1
4.50822687149	1
4.50822687149	1
4.50822687149	1
4.52172684669	1
4.58004188538	-1
4.58004188538	-1
4.59877896309	1
4.59877896309	1
4.59877896309	1
4.60103583336	1
4.60103583336	1
4.71969985962	-1
4.80278778076	-1
4.80278778076	-1
4.80278778076	-1
4.80283093452	1
4.80283093452	1
4.87073588371	-1
4.87264585495	1
4.87264585495	1
4.87264585495	1
4.90919089317	-1
4.90919089317	-1
4.90919089317	-1
4.91099882126	1
4.91099882126	1
4.95627379417	1
5.09438276291	1
5.13884091377	-1
5.22361779213	1
5.22399187088	-1
5.22399187088	-1
5.22399187088	-1
5.25353884697	-1
5.25538492203	1
5.25538492203	1
5.25538492203	1
5.30191278458	-1
5.30191278458	-1
5.30191278458	-1
5.30379080772	1
5.30379080772	1
5.3679728508	-1
5.39654397964	-1
5.39654397964	-1
5.39654397964	-1
5.39801979065	1
5.39801979065	1
5.39801979065	1
5.41927289963	-1
5.41927289963	-1
5.42084383965	1
5.42084383965	1
5.48232889175	-1
5.4823718071	1
5.49025678635	-1
5.49025678635	-1
5.49025678635	-1
5.49025678635	-1
5.5068628788	-1
5.5068628788	-1
5.52449393272	-1
5.52449393272	-1
5.53082895279	1
5.53082895279	1
5.53082895279	1
5.55082893372	-1
5.55082893372	-1
5.55082893372	-1
5.55082893372	-1
5.56002378464	-1
5.56002378464	-1
5.5787627697	-1
5.5787627697	-1
5.59796094894	-1
5.66649389267	-1
5.66649389267	-1
5.66649389267	-1
5.66649389267	-1
5.66649389267	-1
5.66649389267	-1
5.66649389267	-1
5.66649389267	-1
5.71236276627	-1
5.71239590645	1
5.71239590645	1
5.72504091263	1
5.72504091263	1
5.72504091263	1
5.72774386406	-1
5.72774386406	-1
5.72774386406	-1
5.72774386406	-1
5.72774386406	-1
5.72774386406	-1
5.72774386406	-1
5.72774386406	-1
5.73879289627	-1
5.75333595276	1
5.75333595276	1
5.75948190689	1
5.75948190689	1
5.75948190689	1
5.76071286201	-1
5.76071286201	-1
5.76071286201	-1
5.76071286201	-1
5.76071286201	-1
5.78506493568	-1
5.78506493568	-1
5.78506493568	-1
5.78506493568	-1
5.81466293335	1
5.81466293335	1
5.83964681625	1
5.83964681625	1
5.83964681625	1
5.94137477875	-1
5.94137477875	-1
6.07307195663	1
6.10735583305	-1
6.1571598053	-1
6.1571598053	-1
6.1571598053	-1
6.1571598053	-1
6.17329883575	-1
6.17329883575	-1
6.17329883575	-1
6.17329883575	-1
6.17329883575	-1
6.17329883575	-1
6.17329883575	-1
6.18918895721	-1
6.18918895721	-1
6.18918895721	-1
6.18923091888	1
6.18923091888	1
6.21616292	1
6.21616292	1
6.21616292	1
6.23606395721	-1
6.23606395721	-1
6.24235081673	-1
6.24235081673	-1
6.24235081673	-1
6.25160598755	-1
6.25160598755	-1
6.25160598755	-1
6.28073978424	-1
6.28073978424	-1
6.28073978424	-1
6.28073978424	-1
6.28323483467	1
6.28323483467	1
6.30159783363	1
6.30159783363	1
6.30159783363	1
6.30300998688	-1
6.30300998688	-1
6.30300998688	-1
6.30300998688	-1
6.30300998688	-1
6.30300998688	-1
6.30300998688	-1
6.30300998688	-1
6.38318395615	-1
6.38318395615	-1
6.38318395615	-1
6.38318395615	-1
6.38318395615	-1
6.38318395615	-1
6.38318395615	-1
6.41189193726	-1
6.41189193726	-1
6.41189193726	-1
6.41189193726	-1
6.41189193726	-1
6.41189193726	-1
6.41189193726	-1
6.41189193726	-1
6.42663884163	-1
6.44257283211	-1
6.44257283211	-1
6.44257283211	-1
6.44257283211	-1
6.44257283211	-1
6.44257283211	-1
6.44257283211	-1
6.45688676834	-1
6.49849677086	-1
6.49849677086	-1
6.50122189522	-1
6.50122189522	-1
6.50122189522	-1
6.50122189522	-1
6.50122189522	-1
6.51207494736	-1
6.5251019001	-1
6.5251019001	-1
6.5251019001	-1
6.5251019001	-1
6.5251019001	-1
6.5251019001	-1
6.5251019001	-1
6.5478618145	-1
6.5478618145	-1
6.5478618145	-1
6.5478618145	-1
6.5478618145	-1
6.5478618145	-1
6.5478618145	-1
6.5478618145	-1
6.55941581726	-1
6.57192182541	-1
6.57192182541	-1
6.57192182541	-1
6.57192182541	-1
6.57192182541	-1
6.57192182541	-1
6.57192182541	-1
6.61088395119	-1
6.62546777725	-1
6.62546777725	-1
6.62546777725	-1
6.62546777725	-1
6.62546777725	-1
6.62546777725	-1
6.62546777725	-1
6.62546777725	-1
6.63969779015	-1
6.63969779015	-1
6.63969779015	-1
6.63969779015	-1
6.63969779015	-1
6.63969779015	-1
6.63969779015	-1
6.64092278481	1
6.67912483215	-1
6.67912483215	-1
6.67912483215	-1
6.67912483215	-1
6.67912483215	-1
6.67912483215	-1
6.67912483215	-1
6.67912483215	-1
6.68996691704	-1
6.70046877861	-1
6.70046877861	-1
6.70046877861	-1
6.70046877861	-1
6.70046877861	-1
6.70046877861	-1
6.70046877861	-1
6.70639181137	1
6.70639181137	1
6.70639181137	1
6.71811699867	1
6.71811699867	1
6.72796297073	1
6.72796297073	1
6.72796297073	1
6.73692083359	1
6.73692083359	1
6.7370698452	1
6.7370698452	1
6.7370698452	1
6.73945093155	-1
6.74683785439	-1
6.74683785439	-1
6.74683785439	-1
6.74683785439	-1
6.74683785439	-1
6.74683785439	-1
6.74683785439	-1
6.75683879852	-1
6.75683879852	-1
6.75683879852	-1
6.75683879852	-1
6.75683879852	-1
6.75683879852	-1
6.75683879852	-1
6.79354095459	-1
6.8925139904	-1
6.8925139904	-1
6.8925139904	-1
6.8925139904	-1
6.8925139904	-1
6.8925139904	-1
6.8925139904	-1
6.89253687859	1
7.10264492035	-1
7.10888695717	-1
7.10888695717	-1
7.10888695717	-1
7.10888695717	-1
7.10888695717	-1
7.10888695717	-1
7.10888695717	-1
7.1196398735	1
7.12637495995	-1
7.12637495995	-1
7.13538599014	-1
7.13538599014	-1
7.13538599014	-1
7.13538599014	-1
7.13538599014	-1
7.13538599014	-1
7.13538599014	-1
7.18806695938	-1
7.19757795334	-1
7.19757795334	-1
7.19757795334	-1
7.19757795334	-1
7.19757795334	-1
7.19757795334	-1
7.19757795334	-1
7.24464893341	-1
7.24464893341	-1
7.24464893341	-1
7.24464893341	-1
7.24464893341	-1
7.24464893341	-1
7.24464893341	-1
7.24464893341	-1
7.24466991425	1
7.24466991425	1
7.2537817955	-1
7.2537817955	-1
7.2537817955	-1
7.2537817955	-1
7.2537817955	-1
7.2537817955	-1
7.2537817955	-1
7.25630092621	1
7.25630092621	1
7.25630092621	1
7.25630092621	1
7.26697278023	-1
7.26697278023	-1
7.27418780327	-1
7.27418780327	-1
7.27418780327	-1
7.27418780327	-1
7.27418780327	-1
7.27418780327	-1
7.3317759037	-1
7.37434887886	1
7.38440799713	-1
7.38440799713	-1
7.38440799713	-1
7.38440799713	-1
7.38440799713	-1
7.38440799713	-1
7.38440799713	-1
7.38440799713	-1
7.39451885223	-1
7.39451885223	-1
7.39451885223	-1
7.39451885223	-1
7.39451885223	-1
7.39451885223	-1
7.39451885223	-1
7.39798688889	1
7.39798688889	1
7.39798688889	1
7.39798688889	1
7.39798688889	1
7.39798688889	1
7.39798688889	1
7.41180682182	-1
7.41180682182	-1
7.41180682182	-1
7.41180682182	-1
7.41180682182	-1
7.41180682182	-1
7.41180682182	-1
7.41180682182	-1
7.41935992241	1
7.42669391632	-1
7.42669391632	-1
7.43556785583	-1
7.43556785583	-1
7.43556785583	-1
7.43556785583	-1
7.43556785583	-1
7.43556785583	-1
7.43556785583	-1
7.50359082222	-1
7.50359082222	-1
7.50359082222	-1
7.50359082222	-1
7.50359082222	-1
7.50359082222	-1
7.50359082222	-1
7.50359082222	-1
7.50926280022	-1
7.52294492722	-1
7.52294492722	-1
7.52294492722	-1
7.52294492722	-1
7.52294492722	-1
7.52294492722	-1
7.52294492722	-1
7.52906489372	-1
7.53635597229	-1
7.53635597229	-1
7.53635597229	-1
7.53635597229	-1
7.53635597229	-1
7.53635597229	-1
7.53635597229	-1
7.54840779305	-1
7.55649781227	-1
7.55649781227	-1
7.55649781227	-1
7.55649781227	-1
7.55649781227	-1
7.55649781227	-1
7.55649781227	-1
7.63508486748	-1
7.63508486748	-1
7.63508486748	-1
7.63508486748	-1
7.63508486748	-1
7.63508486748	-1
7.63508486748	-1
7.63508486748	-1
7.63511991501	1
7.64321494102	-1
7.65871596336	-1
7.65871596336	-1
7.65871596336	-1
7.65871596336	-1
7.65871596336	-1
7.65871596336	-1
7.65871596336	-1
7.65871596336	-1
7.7184138298	-1
7.7184138298	-1
7.7184138298	-1
7.7184138298	-1
7.7184138298	-1
7.7184138298	-1
7.7184138298	-1
7.74826979637	-1
7.74966192245	1
7.75145578384	-1
7.75145578384	-1
7.75145578384	-1
7.75145578384	-1
7.75145578384	-1
7.75145578384	-1
7.75145578384	-1
7.75707578659	-1
7.75707578659	-1
7.75707578659	-1
7.75707578659	-1
7.75707578659	-1
7.75707578659	-1
7.75707578659	-1
7.75707578659	-1
7.8641037941	1
7.9786798954	-1
7.97929787636	1
8.09902191162	-1
8.1058588028	-1
8.1058588028	-1
8.1058588028	-1
8.1058588028	-1
8.1058588028	-1
8.1058588028	-1
8.1058588028	-1
8.1126229763	-1
8.1126229763	-1
8.1126229763	-1
8.1126229763	-1
8.1126229763	-1
8.1126229763	-1
8.1126229763	-1
8.11377692223	1
8.23015379906	-1
8.23015379906	-1
8.23015379906	-1
8.23015379906	-1
8.23015379906	-1
8.23015379906	-1
8.23015379906	-1
8.23015379906	-1
8.23428583145	-1
8.24006390572	-1
8.24006390572	-1
8.24006390572	-1
8.24006390572	-1
8.24006390572	-1
8.24006390572	-1
8.24006390572	-1
8.24418187141	-1
8.25763988495	-1
8.25763988495	-1
8.25763988495	-1
8.25763988495	-1
8.25763988495	-1
8.25763988495	-1
8.25763988495	-1
8.25763988495	-1
8.26273989677	-1
8.26273989677	-1
8.26273989677	-1
8.26273989677	-1
8.26273989677	-1
8.26273989677	-1
8.26273989677	-1
8.37274599075	-1
8.37274599075	-1
8.37274599075	-1
8.37274599075	-1
8.37274599075	-1
8.37274599075	-1
8.37274599075	-1
8.37274599075	-1
8.37822985649	-1
8.37822985649	-1
8.37822985649	-1
8.37822985649	-1
8.37822985649	-1
8.37822985649	-1
8.37822985649	-1
8.37822985649	-1
8.38630199432	-1
8.38756394386	1
8.39168477058	-1
8.39168477058	-1
8.39168477058	-1
8.39168477058	-1
8.39168477058	-1
8.39168477058	-1
8.39168477058	-1
8.4001019001	-1
8.40667581558	-1
8.40667581558	-1
8.40667581558	-1
8.40667581558	-1
8.40667581558	-1
8.40667581558	-1
8.40667581558	-1
8.41423177719	-1
8.41423177719	-1
8.41423177719	-1
8.41423177719	-1
8.41423177719	-1
8.41423177719	-1
8.41423177719	-1
8.41423177719	-1
8.48737096786	-1
8.49270677567	-1
8.49270677567	-1
8.49270677567	-1
8.49270677567	-1
8.49270677567	-1
8.49270677567	-1
8.49270677567	-1
8.50165581703	-1
8.50165581703	-1
8.51060676575	-1
8.51060676575	-1
8.51060676575	-1
8.51060676575	-1
8.51060676575	-1
8.51060676575	-1
8.51060676575	-1
8.51613378525	-1
8.51613378525	-1
8.51613378525	-1
8.51613378525	-1
8.51613378525	-1
8.51613378525	-1
8.51613378525	-1
8.51738190651	1
8.52896285057	-1
8.52896285057	-1
8.52896285057	-1
8.52896285057	-1
8.52896285057	-1
8.52896285057	-1
8.52896285057	-1
8.52896285057	-1
8.62622976303	-1
8.62622976303	-1
8.62622976303	-1
8.62622976303	-1
8.62622976303	-1
8.62622976303	-1
8.62622976303	-1
8.62622976303	-1
8.62622976303	-1
8.6337659359	-1
8.6337659359	-1
8.6337659359	-1
8.6337659359	-1
8.6337659359	-1
8.6337659359	-1
8.6337659359	-1
8.63379788399	1
8.63640594482	-1
8.6393558979	-1
8.6393558979	-1
8.6393558979	-1
8.6393558979	-1
8.6393558979	-1
8.6393558979	-1
8.6393558979	-1
8.66950178146	-1
8.67247080803	-1
8.67247080803	-1
8.67247080803	-1
8.67247080803	-1
8.67247080803	-1
8.67247080803	-1
8.67247080803	-1
8.76577186584	-1
8.76577186584	-1
8.76577186584	-1
8.76577186584	-1
8.76577186584	-1
8.76577186584	-1
8.76577186584	-1
8.76577186584	-1
8.76577186584	-1
8.76578497887	1
8.76578497887	1
8.77621483803	-1
8.77621483803	-1
8.77621483803	-1
8.77621483803	-1
8.77621483803	-1
8.77621483803	-1
8.77621483803	-1
8.77621483803	-1
8.78013277054	-1
8.78013277054	-1
8.78013277054	-1
8.78013277054	-1
8.78013277054	-1
8.78013277054	-1
8.78013277054	-1
8.8153488636	-1
8.81919980049	-1
8.81919980049	-1
8.81919980049	-1
8.81919980049	-1
8.81919980049	-1
8.81919980049	-1
8.81919980049	-1
9.08314585686	-1
9.08376598358	1
9.10467290878	-1
9.10467290878	-1
9.10467290878	-1
9.10467290878	-1
9.10467290878	-1
9.10467290878	-1
9.10467290878	-1
9.10467290878	-1
9.10794687271	-1
9.11292386055	-1
9.11292386055	-1
9.11292386055	-1
9.11292386055	-1
9.11292386055	-1
9.11292386055	-1
9.11292386055	-1
9.20654678345	1
9.20654678345	1
9.21968197823	-1
9.21968197823	-1
9.21968197823	-1
9.21968197823	-1
9.21968197823	-1
9.21968197823	-1
9.21968197823	-1
9.21968197823	-1
9.23743391037	-1
9.24028682709	-1
9.24028682709	-1
9.24028682709	-1
9.24028682709	-1
9.24028682709	-1
9.24028682709	-1
9.24028682709	-1
9.2473859787	-1
9.2473859787	-1
9.2473859787	-1
9.2473859787	-1
9.2473859787	-1
9.2473859787	-1
9.2473859787	-1
9.25884985924	-1
9.25884985924	-1
9.26415395737	-1
9.26415395737	-1
9.26415395737	-1
9.26415395737	-1
9.26415395737	-1
9.26415395737	-1
9.26415395737	-1
9.34774398804	-1
9.34774398804	-1
9.34774398804	-1
9.34774398804	-1
9.34774398804	-1
9.34774398804	-1
9.34774398804	-1
9.34774398804	-1
9.34779286385	1
9.34779286385	1
9.3752989769	-1
9.38223791122	-1
9.38223791122	-1
9.38223791122	-1
9.38223791122	-1
9.38223791122	-1
9.38223791122	-1
9.38223791122	-1
9.38772583008	-1
9.38772583008	-1
9.38772583008	-1
9.38772583008	-1
9.38772583008	-1
9.38772583008	-1
9.38772583008	-1
9.40217781067	-1
9.40217781067	-1
9.41270589828	-1
9.41270589828	-1
9.41270589828	-1
9.41270589828	-1
9.41270589828	-1
9.41270589828	-1
9.41270589828	-1
9.41924476624	-1
9.41924476624	-1
9.41924476624	-1
9.41924476624	-1
9.41924476624	-1
9.41924476624	-1
9.41924476624	-1
9.49643588066	1
9.5201818943	-1
9.5201818943	-1
9.5201818943	-1
9.5201818943	-1
9.5201818943	-1
9.5201818943	-1
9.5201818943	-1
9.5201818943	-1
9.5201818943	-1
9.5295817852	-1
9.5295817852	-1
9.5295817852	-1
9.5295817852	-1
9.5295817852	-1
9.5295817852	-1
9.5295817852	-1
9.54090690613	-1
9.56383895874	-1
9.56383895874	-1
9.56383895874	-1
9.56383895874	-1
9.56383895874	-1
9.56383895874	-1
9.56383895874	-1
9.56383895874	-1
9.57447290421	-1
9.57447290421	-1
9.57447290421	-1
9.57447290421	-1
9.57447290421	-1
9.57447290421	-1
9.57447290421	-1
9.62272286415	-1
9.62272286415	-1
9.62272286415	-1
9.62272286415	-1
9.62272286415	-1
9.62272286415	-1
9.62272286415	-1
9.62272286415	-1
9.62275695801	1
9.63226389885	-1
9.63929390907	-1
9.63929390907	-1
9.63929390907	-1
9.63929390907	-1
9.63929390907	-1
9.63929390907	-1
9.63929390907	-1
9.64796876907	-1
9.65501594543	-1
9.65501594543	-1
9.65501594543	-1
9.65501594543	-1
9.65501594543	-1
9.65501594543	-1
9.65501594543	-1
9.66228485107	-1
9.66228485107	-1
9.66228485107	-1
9.66228485107	-1
9.66228485107	-1
9.66228485107	-1
9.66228485107	-1
9.6787109375	-1
9.6787109375	-1
9.69551277161	1
9.69551277161	1
9.69551277161	1
9.71652793884	1
9.71652793884	1
9.71652793884	1
9.71714091301	1
9.71714091301	1
9.72337388992	-1
9.72337388992	-1
9.72337388992	-1
9.72337388992	-1
9.72337388992	-1
9.72337388992	-1
9.72337388992	-1
9.76932692528	1
9.76932692528	1
9.77182579041	-1
9.77192878723	-1
9.77192878723	-1
9.77192878723	-1
9.77192878723	-1
9.77192878723	-1
9.77192878723	-1
9.77192878723	-1
9.7888379097	-1
9.7888379097	-1
9.7991669178	-1
9.7991669178	-1
9.7991669178	-1
9.7991669178	-1
9.7991669178	-1
9.7991669178	-1
9.7991669178	-1
9.85788083076	-1
9.85788083076	-1
9.85788083076	-1
9.85788083076	-1
9.85788083076	-1
9.85788083076	-1
9.85788083076	-1
9.9134747982	1
9.9134747982	1
10.0641229153	1
10.0837948322	-1
10.0976808071	-1
10.0976808071	-1
10.0976808071	-1
10.0976808071	-1
10.0976808071	-1
10.0976808071	-1
10.0976808071	-1
10.0976808071	-1
10.1027169228	-1
10.1027169228	-1
10.1027169228	-1
10.1027169228	-1
10.1027169228	-1
10.1027169228	-1
10.1027169228	-1
10.1168689728	-1
10.1168689728	-1
10.1231558323	-1
10.1231558323	-1
10.1231558323	-1
10.1231558323	-1
10.1231558323	-1
10.1231558323	-1
10.1231558323	-1
10.1279349327	-1
10.1279349327	-1
10.1279349327	-1
10.1279349327	-1
10.1279349327	-1
10.1279349327	-1
10.1279349327	-1
10.2216629982	1
10.2345898151	-1
10.2345898151	-1
10.2345898151	-1
10.2345898151	-1
10.2345898151	-1
10.2345898151	-1
10.2345898151	-1
10.2345898151	-1
10.2392277718	-1
10.2449398041	-1
10.2449398041	-1
10.2449398041	-1
10.2449398041	-1
10.2449398041	-1
10.2449398041	-1
10.2449398041	-1
10.2493238449	-1
10.2583758831	-1
10.2583758831	-1
10.2583758831	-1
10.2583758831	-1
10.2583758831	-1
10.2583758831	-1
10.2583758831	-1
10.2583758831	-1
10.2628068924	-1
10.2628068924	-1
10.2628068924	-1
10.2628068924	-1
10.2628068924	-1
10.2628068924	-1
10.2628068924	-1
10.3164727688	1
10.3164727688	1
10.3164727688	1
10.376046896	-1
10.376046896	-1
10.376046896	-1
10.376046896	-1
10.376046896	-1
10.376046896	-1
10.376046896	-1
10.376046896	-1
10.3833987713	-1
10.3885707855	-1
10.3885707855	-1
10.3885707855	-1
10.3885707855	-1
10.3885707855	-1
10.3885707855	-1
10.3885707855	-1
10.3937799931	-1
10.4056799412	-1
10.4056799412	-1
10.4056799412	-1
10.4056799412	-1
10.4056799412	-1
10.4056799412	-1
10.4056799412	-1
10.4056799412	-1
10.4130318165	-1
10.4130318165	-1
10.4130318165	-1
10.4130318165	-1
10.4130318165	-1
10.4130318165	-1
10.4130318165	-1
10.4217939377	-1
10.4217939377	-1
10.4217939377	-1
10.4217939377	-1
10.4217939377	-1
10.4217939377	-1
10.4217939377	-1
10.4319708347	-1
10.5007069111	-1
10.5007069111	-1
10.5007069111	-1
10.5007069111	-1
10.5007069111	-1
10.5007069111	-1
10.5007069111	-1
10.5007069111	-1
10.5007548332	1
10.5088517666	-1
10.5230429173	-1
10.5230429173	-1
10.5230429173	-1
10.5230429173	-1
10.5230429173	-1
10.5230429173	-1
10.5230429173	-1
10.5230429173	-1
10.5318069458	-1
10.5318069458	-1
10.5318069458	-1
10.5318069458	-1
10.5318069458	-1
10.5318069458	-1
10.5318069458	-1
10.574368	-1
10.574368	-1
10.574368	-1
10.574368	-1
10.574368	-1
10.574368	-1
10.574368	-1
10.574368	-1
10.6168138981	-1
10.6204168797	-1
10.6204168797	-1
10.6204168797	-1
10.6204168797	-1
10.6204168797	-1
10.6204168797	-1
10.6204168797	-1
10.6272578239	-1
10.628456831	1
10.6393349171	-1
10.6393349171	-1
10.6393349171	-1
10.6393349171	-1
10.6393349171	-1
10.6393349171	-1
10.6393349171	-1
10.6393349171	-1
10.6439960003	-1
10.6439960003	-1
10.6439960003	-1
10.6439960003	-1
10.6439960003	-1
10.6439960003	-1
10.6439960003	-1
10.7218937874	1
10.7218937874	1
10.7218937874	1
10.7479598522	-1
10.7479598522	-1
10.7479598522	-1
10.7479598522	-1
10.7479598522	-1
10.7479598522	-1
10.7479598522	-1
10.7479598522	-1
10.7534677982	-1
10.7598769665	-1
10.7598769665	-1
10.7598769665	-1
10.7598769665	-1
10.7598769665	-1
10.7598769665	-1
10.7598769665	-1
10.7673928738	-1
10.7809607983	-1
10.7809607983	-1
10.7809607983	-1
10.7809607983	-1
10.7809607983	-1
10.7809607983	-1
10.7809607983	-1
10.7897768021	-1
10.796943903	-1
10.796943903	-1
10.796943903	-1
10.796943903	-1
10.796943903	-1
10.796943903	-1
10.796943903	-1
10.9041087627	1
10.9121589661	-1
10.9121589661	-1
10.9121589661	-1
10.9121589661	-1
10.9121589661	-1
10.9121589661	-1
10.9121589661	-1
10.9121589661	-1
11.0297329426	1
11.1048429012	-1
11.1120898724	-1
11.1120898724	-1
11.1120898724	-1
11.1120898724	-1
11.1120898724	-1
11.1120898724	-1
11.1120898724	-1
11.1332278252	-1
11.1332278252	-1
11.1458799839	-1
11.1458799839	-1
11.1458799839	-1
11.1458799839	-1
11.1458799839	-1
11.1458799839	-1
11.1458799839	-1
11.154807806	-1
11.154807806	-1
11.154807806	-1
11.154807806	-1
11.154807806	-1
11.154807806	-1
11.154807806	-1
11.232115984	-1
11.232115984	-1
11.232115984	-1
11.232115984	-1
11.232115984	-1
11.232115984	-1
11.232115984	-1
11.232115984	-1
11.2393438816	-1
11.249008894	-1
11.249008894	-1
11.249008894	-1
11.249008894	-1
11.249008894	-1
11.249008894	-1
11.249008894	-1
11.2545588017	-1
11.2557089329	1
11.2700638771	-1
11.2700638771	-1
11.2700638771	-1
11.2700638771	-1
11.2700638771	-1
11.2700638771	-1
11.2700638771	-1
11.2700638771	-1
11.2784998417	-1
11.2784998417	-1
11.2784998417	-1
11.2784998417	-1
11.2784998417	-1
11.2784998417	-1
11.2784998417	-1
11.2855238914	-1
11.2855238914	-1
11.2855238914	-1
11.2855238914	-1
11.2855238914	-1
11.2855238914	-1
11.2855238914	-1
11.3340189457	-1
11.3916959763	-1
11.3916959763	-1
11.3916959763	-1
11.3916959763	-1
11.3916959763	-1
11.3916959763	-1
11.3916959763	-1
11.3916959763	-1
11.4044649601	-1
11.430880785	-1
11.430880785	-1
11.430880785	-1
11.430880785	-1
11.430880785	-1
11.430880785	-1
11.430880785	-1
11.4430248737	-1
11.4430248737	-1
11.4430248737	-1
11.4430248737	-1
11.4430248737	-1
11.4430248737	-1
11.4430248737	-1
11.4680287838	-1
11.4680287838	-1
11.4680287838	-1
11.4680287838	-1
11.4680287838	-1
11.4680287838	-1
11.4680287838	-1
11.4680287838	-1
11.4781649113	-1
11.5274598598	-1
11.5274598598	-1
11.5274598598	-1
11.5274598598	-1
11.5274598598	-1
11.5274598598	-1
11.5274598598	-1
11.5274598598	-1
11.5539779663	-1
11.5539779663	-1
11.5539779663	-1
11.5539779663	-1
11.5539779663	-1
11.5539779663	-1
11.5539779663	-1
11.5539779663	-1
11.5673909187	-1
11.5673909187	-1
11.5673909187	-1
11.5673909187	-1
11.5673909187	-1
11.5673909187	-1
11.5673909187	-1
11.6276209354	-1
11.6276209354	-1
11.6292178631	1
11.6310539246	1
11.6310539246	1
11.6310539246	1
11.6348478794	-1
11.6348478794	-1
11.6348478794	-1
11.6348478794	-1
11.6348478794	-1
11.6348478794	-1
11.6348478794	-1
11.6454758644	-1
11.6549777985	-1
11.6549777985	-1
11.6549777985	-1
11.6549777985	-1
11.6549777985	-1
11.6549777985	-1
11.6549777985	-1
11.6665067673	-1
11.6780519485	-1
11.6827719212	-1
11.6827719212	-1
11.6827719212	-1
11.6827719212	-1
11.6827719212	-1
11.6827719212	-1
11.6827719212	-1
11.6881408691	-1
11.6881408691	-1
11.6881408691	-1
11.6881408691	-1
11.6881408691	-1
11.6881408691	-1
11.6881408691	-1
11.6893239021	1
11.6893239021	1
11.7522017956	1
11.7582349777	-1
11.7582349777	-1
11.7582349777	-1
11.7582349777	-1
11.7582349777	-1
11.7582349777	-1
11.7582349777	-1
11.7582349777	-1
11.7676138878	1
11.7676138878	1
11.7676138878	1
11.7733259201	-1
11.7733259201	-1
11.7733259201	-1
11.7733259201	-1
11.7733259201	-1
11.7733259201	-1
11.7733259201	-1
11.7733259201	-1
11.7798187733	-1
11.7943389416	-1
11.7943389416	-1
11.7943389416	-1
11.7943389416	-1
11.7943389416	-1
11.7943389416	-1
11.7943389416	-1
11.7943389416	-1
11.8015649319	-1
11.8015649319	-1
11.8015649319	-1
11.8015649319	-1
11.8015649319	-1
11.8015649319	-1
11.8015649319	-1
11.8099617958	-1
11.8099617958	-1
11.8099617958	-1
11.8099617958	-1
11.8099617958	-1
11.8099617958	-1
11.8099617958	-1
11.8821139336	1
11.9158799648	-1
12.0361139774	1
12.0361139774	1
12.0983247757	-1
12.1040179729	-1
12.1040179729	-1
12.1040179729	-1
12.1040179729	-1
12.1040179729	-1
12.1040179729	-1
12.1040179729	-1
12.1187829971	-1
12.1187829971	-1
12.1250708103	-1
12.1250708103	-1
12.1250708103	-1
12.1250708103	-1
12.1250708103	-1
12.1250708103	-1
12.1250708103	-1
12.1348159313	-1
12.1348159313	-1
12.1348159313	-1
12.1348159313	-1
12.1348159313	-1
12.1348159313	-1
12.1348159313	-1
12.1738288403	1
12.2511548996	-1
12.2511548996	-1
12.2511548996	-1
12.2511548996	-1
12.2511548996	-1
12.2511548996	-1
12.2511548996	-1
12.2511548996	-1
12.2600648403	-1
12.2667808533	-1
12.2667808533	-1
12.2667808533	-1
12.2667808533	-1
12.2667808533	-1
12.2667808533	-1
12.2667808533	-1
12.2766759396	-1
12.2912428379	-1
12.2912428379	-1
12.2912428379	-1
12.2912428379	-1
12.2912428379	-1
12.2912428379	-1
12.2912428379	-1
12.2912428379	-1
12.2912969589	1
12.2912969589	1
12.2984309196	-1
12.2984309196	-1
12.2984309196	-1
12.2984309196	-1
12.2984309196	-1
12.2984309196	-1
12.2984309196	-1
12.3947219849	-1
12.3947219849	-1
12.3947219849	-1
12.3947219849	-1
12.3947219849	-1
12.3947219849	-1
12.3947219849	-1
12.3947219849	-1
12.4056479931	-1
12.4189288616	-1
12.4189288616	-1
12.4189288616	-1
12.4189288616	-1
12.4189288616	-1
12.4189288616	-1
12.4189288616	-1
12.4189829826	1
12.4290568829	-1
12.4572248459	-1
12.4572248459	-1
12.4572248459	-1
12.4572248459	-1
12.4572248459	-1
12.4572248459	-1
12.4572248459	-1
12.4572248459	-1
12.4734218121	-1
12.4734218121	-1
12.4734218121	-1
12.4734218121	-1
12.4734218121	-1
12.4734218121	-1
12.4734218121	-1
12.4872558117	-1
12.4872558117	-1
12.4872558117	-1
12.4872558117	-1
12.4872558117	-1
12.4872558117	-1
12.4872558117	-1
12.5171368122	-1
12.5171368122	-1
12.5313339233	-1
12.5313339233	-1
12.5313339233	-1
12.5313339233	-1
12.5313339233	-1
12.5313339233	-1
12.5313339233	-1
12.5432229042	-1
12.5432629585	1
12.5677249432	-1
12.5677249432	-1
12.5677249432	-1
12.5677249432	-1
12.5677249432	-1
12.5677249432	-1
12.5677249432	-1
12.5677249432	-1
12.5756788254	-1
12.5756788254	-1
12.5756788254	-1
12.5756788254	-1
12.5756788254	-1
12.5756788254	-1
12.5756788254	-1
12.5879259109	-1
12.5879259109	-1
12.5879259109	-1
12.5879259109	-1
12.5879259109	-1
12.5879259109	-1
12.5879259109	-1
12.6018118858	-1
12.6173398495	1
12.6173398495	1
12.6173398495	1
12.6173398495	1
12.6206429005	1
12.6206429005	1
12.6295628548	1
12.6295628548	1
12.6490488052	-1
12.6490488052	-1
12.6490488052	-1
12.6490488052	-1
12.6490488052	-1
12.6490488052	-1
12.6490488052	-1
12.6490488052	-1
12.6562159061	-1
12.6753518581	-1
12.6753518581	-1
12.6753518581	-1
12.6753518581	-1
12.6753518581	-1
12.6753518581	-1
12.6753518581	-1
12.6753518581	-1
12.6892797947	-1
12.6892797947	-1
12.6892797947	-1
12.6892797947	-1
12.6892797947	-1
12.6892797947	-1
12.6892797947	-1
12.7007279396	-1
12.7007279396	-1
12.7007279396	-1
12.7007279396	-1
12.7007279396	-1
12.7007279396	-1
12.7007279396	-1
12.7321429253	-1
12.7802138329	1
12.7802138329	1
12.7802138329	1
12.7805497646	-1
12.7805497646	-1
12.7805497646	-1
12.7805497646	-1
12.7805497646	-1
12.7805497646	-1
12.7805497646	-1
12.7805497646	-1
12.8118028641	-1
12.8118028641	-1
12.8118028641	-1
12.8118028641	-1
12.8118028641	-1
12.8118028641	-1
12.8118028641	-1
12.8118028641	-1
12.8118028641	-1
12.8237988949	-1
12.8237988949	-1
12.8237988949	-1
12.8237988949	-1
12.8237988949	-1
12.8237988949	-1
12.8237988949	-1
12.8346538544	-1
12.8346538544	-1
12.8346538544	-1
12.8346538544	-1
12.8346538544	-1
12.8346538544	-1
12.8346538544	-1
12.8465738297	-1
12.9034907818	1
12.9034907818	1
12.9034907818	1
12.9034907818	1
13.0963079929	-1
13.1050298214	-1
13.1050298214	-1
13.1050298214	-1
13.1050298214	-1
13.1050298214	-1
13.1050298214	-1
13.1050298214	-1
13.12210989	-1
13.12210989	-1
13.1249289513	1
13.1287457943	-1
13.1287457943	-1
13.1287457943	-1
13.1287457943	-1
13.1287457943	-1
13.1287457943	-1
13.1287457943	-1
13.1364037991	-1
13.1364037991	-1
13.1364037991	-1
13.1364037991	-1
13.1364037991	-1
13.1364037991	-1
13.1364037991	-1
13.1734249592	1
13.1734249592	1
13.1734249592	1
13.223582983	-1
13.223582983	-1
13.223582983	-1
13.223582983	-1
13.223582983	-1
13.223582983	-1
13.223582983	-1
13.223582983	-1
13.2353549004	-1
13.2438127995	-1
13.2438127995	-1
13.2438127995	-1
13.2438127995	-1
13.2438127995	-1
13.2438127995	-1
13.2438127995	-1
13.257188797	-1
13.2761108875	-1
13.2761108875	-1
13.2761108875	-1
13.2761108875	-1
13.2761108875	-1
13.2761108875	-1
13.2761108875	-1
13.2761108875	-1
13.2844429016	-1
13.2844429016	-1
13.2844429016	-1
13.2844429016	-1
13.2844429016	-1
13.2844429016	-1
13.2844429016	-1
13.2921919823	-1
13.2921919823	-1
13.2921919823	-1
13.2921919823	-1
13.2921919823	-1
13.2921919823	-1
13.2921919823	-1
13.3380987644	-1
13.3380987644	-1
13.3420498371	-1
13.3420498371	-1
13.3420498371	-1
13.3420498371	-1
13.3420498371	-1
13.3420498371	-1
13.3420498371	-1
13.3693487644	-1
13.3693487644	-1
13.3693828583	1
13.3693828583	1
13.3791258335	-1
13.3791258335	-1
13.3791258335	-1
13.3791258335	-1
13.3791258335	-1
13.3791258335	-1
13.3791258335	-1
13.3859758377	-1
13.3859758377	-1
13.3859758377	-1
13.3859758377	-1
13.3859758377	-1
13.3859758377	-1
13.3859758377	-1
13.4335448742	-1
13.4335448742	-1
13.4335448742	-1
13.4335448742	-1
13.4335448742	-1
13.4335448742	-1
13.4335448742	-1
13.4335448742	-1
13.472137928	-1
13.472137928	-1
13.472137928	-1
13.472137928	-1
13.472137928	-1
13.472137928	-1
13.472137928	-1
13.472137928	-1
13.4788827896	-1
13.4922587872	-1
13.4922587872	-1
13.4922587872	-1
13.4922587872	-1
13.4922587872	-1
13.4922587872	-1
13.4922587872	-1
13.4922587872	-1
13.4923169613	1
13.4923169613	1
13.4977707863	-1
13.4977707863	-1
13.4977707863	-1
13.4977707863	-1
13.4977707863	-1
13.4977707863	-1
13.4977707863	-1
13.5988078117	1
13.5988078117	1
13.5988078117	1
13.6053907871	-1
13.6053907871	-1
13.6053907871	-1
13.6053907871	-1
13.6053907871	-1
13.6053907871	-1
13.6053907871	-1
13.6053907871	-1
13.6113228798	-1
13.6187999249	-1
13.6187999249	-1
13.6187999249	-1
13.6187999249	-1
13.6187999249	-1
13.6187999249	-1
13.6187999249	-1
13.6269168854	-1
13.6381509304	-1
13.6381509304	-1
13.6381509304	-1
13.6381509304	-1
13.6381509304	-1
13.6381509304	-1
13.6381509304	-1
13.6381509304	-1
13.645031929	-1
13.645031929	-1
13.645031929	-1
13.645031929	-1
13.645031929	-1
13.645031929	-1
13.645031929	-1
13.7273068428	1
13.7273068428	1
13.7273068428	1
13.7309257984	1
13.7309257984	1
13.7508738041	-1
13.7508738041	-1
13.7508738041	-1
13.7508738041	-1
13.7508738041	-1
13.7508738041	-1
13.7508738041	-1
13.7508738041	-1
13.7634198666	-1
13.7759728432	-1
13.7759728432	-1
13.7759728432	-1
13.7759728432	-1
13.7759728432	-1
13.7759728432	-1
13.7759728432	-1
13.7870128155	-1
13.8143987656	-1
13.8143987656	-1
13.8143987656	-1
13.8143987656	-1
13.8143987656	-1
13.8143987656	-1
13.8143987656	-1
13.8143987656	-1
13.8275368214	-1
13.8275368214	-1
13.8275368214	-1
13.8275368214	-1
13.8275368214	-1
13.8275368214	-1
13.8275368214	-1
13.8388009071	-1
13.8388009071	-1
13.8388009071	-1
13.8388009071	-1
13.8388009071	-1
13.8388009071	-1
13.8388009071	-1
13.8493978977	1
13.8493978977	1
13.8493978977	1
13.9641509056	-1
14.1064238548	-1
14.1064238548	-1
14.1064238548	-1
14.1064238548	-1
14.1064238548	-1
14.1064238548	-1
14.1064238548	-1
14.1064238548	-1
14.1145918369	-1
14.1346209049	-1
14.1346209049	-1
14.1346209049	-1
14.1346209049	-1
14.1346209049	-1
14.1346209049	-1
14.1346209049	-1
14.1346209049	-1
14.1430578232	-1
14.1430578232	-1
14.1430578232	-1
14.1430578232	-1
14.1430578232	-1
14.1430578232	-1
14.1430578232	-1
14.2287549973	-1
14.2287549973	-1
14.2287549973	-1
14.2287549973	-1
14.2287549973	-1
14.2287549973	-1
14.2287549973	-1
14.2287549973	-1
14.2308428288	1
14.2401609421	-1
14.2401609421	-1
14.2401609421	-1
14.2401609421	-1
14.2401609421	-1
14.2401609421	-1
14.2401609421	-1
14.2401609421	-1
14.2466719151	-1
14.2591638565	-1
14.2591638565	-1
14.2591638565	-1
14.2591638565	-1
14.2591638565	-1
14.2591638565	-1
14.2591638565	-1
14.2591638565	-1
14.264059782	-1
14.264059782	-1
14.264059782	-1
14.264059782	-1
14.264059782	-1
14.264059782	-1
14.264059782	-1
14.2670288086	-1
14.2670288086	-1
14.2670288086	-1
14.2670288086	-1
14.2670288086	-1
14.2670288086	-1
14.2670288086	-1
14.3402748108	-1
14.3402748108	-1
14.3453249931	1
14.3833088875	-1
14.3833088875	-1
14.3833088875	-1
14.3833088875	-1
14.3833088875	-1
14.3833088875	-1
14.3833088875	-1
14.3986589909	-1
14.4026157856	1
14.4026157856	1
14.4026157856	1
14.4033749104	1
14.4033749104	1
14.405163765	-1
14.405163765	-1
14.405163765	-1
14.405163765	-1
14.405163765	-1
14.405163765	-1
14.405163765	-1
14.405163765	-1
14.4132637978	-1
14.4132637978	-1
14.4132637978	-1
14.4132637978	-1
14.4132637978	-1
14.4132637978	-1
14.4132637978	-1
14.4281439781	-1
14.4281439781	-1
14.4281439781	-1
14.4281439781	-1
14.4281439781	-1
14.4281439781	-1
14.4281439781	-1
14.4582798481	-1
14.4637289047	1
14.4637289047	1
14.4637289047	1
14.463960886	1
14.463960886	1
14.463960886	1
14.463960886	1
14.463960886	1
14.463960886	1
14.463960886	1
14.463960886	1
14.4641139507	1
14.4641139507	1
14.4641139507	1
14.4641139507	1
14.4641139507	1
14.4641139507	1
14.5010538101	-1
14.5010538101	-1
14.5010538101	-1
14.5010538101	-1
14.5010538101	-1
14.5010538101	-1
14.5010538101	-1
14.5010538101	-1
14.5010538101	-1
14.5109598637	-1
14.5109598637	-1
14.5109598637	-1
14.5109598637	-1
14.5109598637	-1
14.5109598637	-1
14.5109598637	-1
14.5109598637	-1
14.5146307945	-1
14.5146307945	-1
14.5146307945	-1
14.5146307945	-1
14.5146307945	-1
14.5146307945	-1
14.5146307945	-1
14.5795078278	1
14.5795078278	1
14.5795078278	1
14.5795078278	1
14.5795078278	1
14.5795078278	1
14.5795078278	1
14.5795078278	1
14.6125609875	-1
14.6125609875	-1
14.6125609875	-1
14.6125609875	-1
14.6125609875	-1
14.6125609875	-1
14.6125609875	-1
14.6259579659	-1
14.6320769787	-1
14.6320769787	-1
14.6320769787	-1
14.6320769787	-1
14.6320769787	-1
14.6320769787	-1
14.6320769787	-1
14.6320769787	-1
14.638302803	-1
14.6470468044	-1
14.6470468044	-1
14.6470468044	-1
14.6470468044	-1
14.6470468044	-1
14.6470468044	-1
14.6470468044	-1
14.6515729427	1
14.6515729427	1
14.6515729427	1
14.6515729427	1
14.6515729427	1
14.6515729427	1
14.6515729427	1
14.6515729427	1
14.6515729427	1
14.6517369747	1
14.6517369747	1
14.6517369747	1
14.6517369747	1
14.6517369747	1
14.6517369747	1
14.6528289318	-1
14.6528289318	-1
14.6528289318	-1
14.6528289318	-1
14.6528289318	-1
14.6528289318	-1
14.6528289318	-1
14.693010807	-1
14.7023727894	1
14.7023727894	1
14.7023727894	1
14.7023727894	1
14.759624958	-1
14.759624958	-1
14.759624958	-1
14.759624958	-1
14.759624958	-1
14.759624958	-1
14.759624958	-1
14.759624958	-1
14.7649259567	-1
14.771378994	-1
14.771378994	-1
14.771378994	-1
14.771378994	-1
14.771378994	-1
14.771378994	-1
14.771378994	-1
14.7787168026	-1
14.7937397957	-1
14.7937397957	-1
14.7937397957	-1
14.7937397957	-1
14.7937397957	-1
14.7937397957	-1
14.7937397957	-1
14.7937397957	-1
14.8021137714	-1
14.8021137714	-1
14.8021137714	-1
14.8021137714	-1
14.8021137714	-1
14.8021137714	-1
14.8021137714	-1
14.8032569885	1
14.8032569885	1
14.8032569885	1
14.8963007927	-1
14.8963007927	-1
14.8963007927	-1
14.8963007927	-1
14.8963007927	-1
14.8963007927	-1
14.8963007927	-1
14.9708387852	-1
15.0211257935	1
15.0211257935	1
15.104434967	-1
15.1094179153	-1
15.1094179153	-1
15.1094179153	-1
15.1094179153	-1
15.1094179153	-1
15.1094179153	-1
15.1094179153	-1
15.1260859966	-1
15.1260859966	-1
15.1314837933	-1
15.1314837933	-1
15.1314837933	-1
15.1314837933	-1
15.1314837933	-1
15.1314837933	-1
15.1314837933	-1
15.1533429623	1
15.1533429623	1
15.2556779385	-1
15.2556779385	-1
15.2556779385	-1
15.2556779385	-1
15.2556779385	-1
15.2556779385	-1
15.2556779385	-1
15.2556779385	-1
15.2624359131	-1
15.2624359131	-1
15.2624359131	-1
15.2624359131	-1
15.2624359131	-1
15.2624359131	-1
15.2624359131	-1
15.2774448395	-1
15.2774448395	-1
15.2774448395	-1
15.2774448395	-1
15.2774448395	-1
15.2774448395	-1
15.2774448395	-1
15.2774448395	-1
15.280413866	1
15.2813367844	1
15.2813367844	1
15.2813367844	1
15.2841229439	-1
15.2841229439	-1
15.2841229439	-1
15.2841229439	-1
15.2841229439	-1
15.2841229439	-1
15.2841229439	-1
15.2914118767	-1
15.2914118767	-1
15.2914118767	-1
15.2914118767	-1
15.2914118767	-1
15.2914118767	-1
15.2914118767	-1
15.3237969875	1
15.3237969875	1
15.3237969875	1
15.3305959702	1
15.3305959702	1
15.3703219891	-1
15.3796288967	-1
15.3796288967	-1
15.3796288967	-1
15.3796288967	-1
15.3796288967	-1
15.3796288967	-1
15.3796288967	-1
15.3796288967	-1
15.3880398273	-1
15.3946938515	-1
15.3946938515	-1
15.3946938515	-1
15.3946938515	-1
15.3946938515	-1
15.3946938515	-1
15.3946938515	-1
15.4042289257	1
15.4042289257	1
15.4047439098	-1
15.4047439098	-1
15.4047439098	-1
15.4047439098	-1
15.4047439098	-1
15.4047439098	-1
15.4047439098	-1
15.4102549553	-1
15.4102549553	-1
15.4102549553	-1
15.4102549553	-1
15.4102549553	-1
15.4102549553	-1
15.4102549553	-1
15.4132027626	1
15.4132027626	1
15.4132027626	1
15.4132027626	1
15.4132027626	1
15.4132027626	1
15.4144868851	-1
15.4169478416	1
15.4169478416	1
15.4169478416	1
15.4169478416	1
15.4173779488	1
15.4505109787	1
15.4505109787	1
15.4505109787	1
15.4505109787	1
15.4554209709	1
15.5134627819	-1
15.5134627819	-1
15.5134627819	-1
15.5134627819	-1
15.5134627819	-1
15.5134627819	-1
15.5134627819	-1
15.5134627819	-1
15.5234539509	-1
15.5327289104	1
15.5327289104	1
15.5327289104	1
15.5431149006	-1
15.5431149006	-1
15.5431149006	-1
15.5431149006	-1
15.5431149006	-1
15.5431149006	-1
15.5431149006	-1
15.5431149006	-1
15.5501408577	-1
15.5501408577	-1
15.5501408577	-1
15.5501408577	-1
15.5501408577	-1
15.5501408577	-1
15.5501408577	-1
15.5665898323	1
15.5665898323	1
15.5665898323	1
15.5868518353	-1
15.5910558701	-1
15.5910558701	-1
15.5910558701	-1
15.5910558701	-1
15.5910558701	-1
15.5910558701	-1
15.5910558701	-1
15.6339898109	-1
15.6339898109	-1
15.6339898109	-1
15.6339898109	-1
15.6339898109	-1
15.6339898109	-1
15.6339898109	-1
15.6339898109	-1
15.6365828514	1
15.6365828514	1
15.6390309334	-1
15.6472277641	-1
15.6472277641	-1
15.6472277641	-1
15.6472277641	-1
15.6472277641	-1
15.6472277641	-1
15.6472277641	-1
15.6541059017	-1
15.6541059017	-1
15.6541059017	-1
15.6541059017	-1
15.6541059017	-1
15.6541059017	-1
15.6541059017	-1
15.7425618172	-1
15.7623918056	1
15.7827219963	-1
15.7827219963	-1
15.7827219963	-1
15.7827219963	-1
15.7827219963	-1
15.7827219963	-1
15.7827219963	-1
15.8019618988	-1
15.8118047714	-1
15.8118047714	-1
15.8118047714	-1
15.8118047714	-1
15.8118047714	-1
15.8118047714	-1
15.8118047714	-1
15.8118047714	-1
15.8208129406	-1
15.8312308788	-1
15.8312308788	-1
15.8312308788	-1
15.8312308788	-1
15.8312308788	-1
15.8312308788	-1
15.8312308788	-1
15.8384959698	-1
15.8384959698	-1
15.8384959698	-1
15.8384959698	-1
15.8384959698	-1
15.8384959698	-1
15.8384959698	-1
15.8579189777	-1
15.9159917831	1
15.9164228439	-1
15.9164228439	-1
15.9164228439	-1
15.9164228439	-1
15.9164228439	-1
15.9164228439	-1
15.9164228439	-1
15.9164228439	-1
16.1268789768	-1
16.1274759769	-1
16.1274759769	-1
16.1274759769	-1
16.1274759769	-1
16.1274759769	-1
16.1274759769	-1
16.1274759769	-1
16.1394507885	-1
16.1394507885	-1
16.1394507885	-1
16.1394507885	-1
16.1394507885	-1
16.1394507885	-1
16.1394507885	-1
16.1394507885	-1
16.1444699764	-1
16.1444699764	-1
16.1444699764	-1
16.1444699764	-1
16.1444699764	-1
16.1444699764	-1
16.1444699764	-1
16.1456649303	1
16.2413749695	-1
16.2640028	-1
16.2640028	-1
16.2640028	-1
16.2640028	-1
16.2640028	-1
16.2640028	-1
16.2640028	-1
16.2640028	-1
16.2711508274	-1
16.2735178471	1
16.2792479992	-1
16.2792479992	-1
16.2792479992	-1
16.2792479992	-1
16.2792479992	-1
16.2792479992	-1
16.2792479992	-1
16.285795927	-1
16.2994048595	-1
16.2994048595	-1
16.2994048595	-1
16.2994048595	-1
16.2994048595	-1
16.2994048595	-1
16.2994048595	-1
16.2994048595	-1
16.3073778152	-1
16.3073778152	-1
16.3073778152	-1
16.3073778152	-1
16.3073778152	-1
16.3073778152	-1
16.3073778152	-1
16.3127338886	-1
16.3127338886	-1
16.3127338886	-1
16.3127338886	-1
16.3127338886	-1
16.3127338886	-1
16.3127338886	-1
16.3193218708	1
16.3193218708	1
16.3193218708	1
16.3560788631	-1
16.390463829	-1
16.390463829	-1
16.390463829	-1
16.390463829	-1
16.390463829	-1
16.390463829	-1
16.390463829	-1
16.390463829	-1
16.3905107975	1
16.3969318867	-1
16.4112269878	-1
16.4112269878	-1
16.4112269878	-1
16.4112269878	-1
16.4112269878	-1
16.4112269878	-1
16.4112269878	-1
16.4112269878	-1
16.4182879925	-1
16.4182879925	-1
16.4182879925	-1
16.4182879925	-1
16.4182879925	-1
16.4182879925	-1
16.4182879925	-1
16.4362099171	-1
16.4416978359	-1
16.4416978359	-1
16.4416978359	-1
16.4416978359	-1
16.4416978359	-1
16.4416978359	-1
16.4416978359	-1
16.5037288666	-1
16.5048818588	1
16.5048818588	1
16.5063509941	-1
16.5063509941	-1
16.5063509941	-1
16.5063509941	-1
16.5063509941	-1
16.5063509941	-1
16.5063509941	-1
16.5150508881	-1
16.5150508881	-1
16.5150508881	-1
16.5150508881	-1
16.5150508881	-1
16.5150508881	-1
16.5150508881	-1
16.5150508881	-1
16.5189218521	-1
16.5189218521	-1
16.5189218521	-1
16.5189218521	-1
16.5189218521	-1
16.5189218521	-1
16.5189218521	-1
16.5193829536	1
16.5193829536	1
16.5193829536	1
16.5760259628	-1
16.5760259628	-1
16.5760259628	-1
16.5760259628	-1
16.5760259628	-1
16.5760259628	-1
16.5760259628	-1
16.5760259628	-1
16.5760259628	-1
16.6195759773	1
16.6385059357	-1
16.6385059357	-1
16.6385059357	-1
16.6385059357	-1
16.6385059357	-1
16.6385059357	-1
16.6385059357	-1
16.6385059357	-1
16.6474819183	-1
16.6474819183	-1
16.6474819183	-1
16.6474819183	-1
16.6474819183	-1
16.6474819183	-1
16.6474819183	-1
16.6474819183	-1
16.6511478424	-1
16.6511478424	-1
16.6511478424	-1
16.6511478424	-1
16.6511478424	-1
16.6511478424	-1
16.6511478424	-1
16.718821764	1
16.718821764	1
16.718821764	1
16.7231369019	-1
16.7231369019	-1
16.7280619144	-1
16.7280619144	-1
16.7280619144	-1
16.7280619144	-1
16.7280619144	-1
16.7280619144	-1
16.7280619144	-1
16.778523922	-1
16.778523922	-1
16.778523922	-1
16.778523922	-1
16.778523922	-1
16.778523922	-1
16.778523922	-1
16.778523922	-1
16.7965829372	-1
16.7965829372	-1
16.7965829372	-1
16.7965829372	-1
16.7965829372	-1
16.7965829372	-1
16.7965829372	-1
16.7965829372	-1
16.7965829372	-1
16.8025708199	-1
16.8025708199	-1
16.8025708199	-1
16.8025708199	-1
16.8025708199	-1
16.8025708199	-1
16.8025708199	-1
16.8487689495	1
16.8735308647	-1
16.8735308647	-1
16.8735308647	-1
16.8735308647	-1
16.8735308647	-1
16.8735308647	-1
16.8735308647	-1
16.8735308647	-1
17.0759539604	1
17.108453989	-1
17.108453989	-1
17.108453989	-1
17.108453989	-1
17.108453989	-1
17.108453989	-1
17.108453989	-1
17.108453989	-1
17.1387557983	-1
17.1387557983	-1
17.1387557983	-1
17.1387557983	-1
17.1387557983	-1
17.1387557983	-1
17.1387557983	-1
17.1387557983	-1
17.1387557983	-1
17.1472878456	-1
17.1472878456	-1
17.1472878456	-1
17.1472878456	-1
17.1472878456	-1
17.1472878456	-1
17.1472878456	-1
17.2242457867	-1
17.2254548073	1
17.2328879833	-1
17.2328879833	-1
17.2328879833	-1
17.2328879833	-1
17.2328879833	-1
17.2328879833	-1
17.2328879833	-1
17.2504808903	-1
17.2504808903	-1
17.2504808903	-1
17.2504808903	-1
17.2504808903	-1
17.2504808903	-1
17.2504808903	-1
17.2504808903	-1
17.2661678791	-1
17.2661678791	-1
17.2753839493	-1
17.2753839493	-1
17.2753839493	-1
17.2753839493	-1
17.2753839493	-1
17.2753839493	-1
17.2753839493	-1
17.2868077755	-1
17.2868077755	-1
17.2868077755	-1
17.2868077755	-1
17.2868077755	-1
17.2868077755	-1
17.2868077755	-1
17.2888498306	1
17.2888498306	1
17.2888498306	1
17.2891778946	1
17.2891778946	1
17.2931609154	-1
17.2931609154	-1
17.2931609154	-1
17.2931609154	-1
17.2931609154	-1
17.2931609154	-1
17.2931609154	-1
17.2957417965	1
17.2957417965	1
17.2957417965	1
17.2957417965	1
17.3022089005	-1
17.3042268753	1
17.3042268753	1
17.3254477978	1
17.3254477978	1
17.3724269867	-1
17.3724269867	-1
17.3724269867	-1
17.3724269867	-1
17.3724269867	-1
17.3724269867	-1
17.3724269867	-1
17.3724269867	-1
17.3848199844	-1
17.4066197872	-1
17.4066197872	-1
17.4066197872	-1
17.4066197872	-1
17.4066197872	-1
17.4066197872	-1
17.4066197872	-1
17.4066197872	-1
17.4156389236	-1
17.4156389236	-1
17.4156389236	-1
17.4156389236	-1
17.4156389236	-1
17.4156389236	-1
17.4156389236	-1
17.4272108078	-1
17.4272108078	-1
17.4272108078	-1
17.4272108078	-1
17.4272108078	-1
17.4272108078	-1
17.4272108078	-1
17.4349558353	1
17.4349558353	1
17.4349558353	1
17.4349558353	1
17.461922884	-1
17.4692838192	1
17.4692838192	1
17.4692838192	1
17.4692838192	1
17.4839367867	1
17.4839367867	1
17.4840648174	1
17.4840648174	1
17.5185699463	-1
17.5185699463	-1
17.5185699463	-1
17.5185699463	-1
17.5185699463	-1
17.5185699463	-1
17.5185699463	-1
17.5185699463	-1
17.5320608616	-1
17.5417678356	-1
17.5417678356	-1
17.5417678356	-1
17.5417678356	-1
17.5417678356	-1
17.5417678356	-1
17.5417678356	-1
17.5549237728	-1
17.5549237728	-1
17.5549237728	-1
17.5549237728	-1
17.5549237728	-1
17.5549237728	-1
17.5549237728	-1
17.5764949322	-1
17.6005868912	-1
17.6005868912	-1
17.6005868912	-1
17.6005868912	-1
17.6005868912	-1
17.6005868912	-1
17.6005868912	-1
17.6005868912	-1
17.6370069981	-1
17.6437718868	-1
17.6437718868	-1
17.6437718868	-1
17.6437718868	-1
17.6437718868	-1
17.6437718868	-1
17.6437718868	-1
17.6523118019	-1
17.6699028015	-1
17.6699028015	-1
17.6699028015	-1
17.6699028015	-1
17.6699028015	-1
17.6699028015	-1
17.6699028015	-1
17.6699028015	-1
17.677082777	-1
17.677082777	-1
17.677082777	-1
17.677082777	-1
17.677082777	-1
17.677082777	-1
17.677082777	-1
17.6910128593	1
17.7578427792	-1
17.7578427792	-1
17.7578427792	-1
17.7578427792	-1
17.7578427792	-1
17.7578427792	-1
17.7578427792	-1
17.7578427792	-1
17.7659268379	-1
17.7749249935	-1
17.7749249935	-1
17.7749249935	-1
17.7749249935	-1
17.7749249935	-1
17.7749249935	-1
17.7749249935	-1
17.7824318409	-1
17.7982378006	-1
17.7982378006	-1
17.7982378006	-1
17.7982378006	-1
17.7982378006	-1
17.7982378006	-1
17.7982378006	-1
17.7982378006	-1
17.8028028011	1
17.8028028011	1
17.8028028011	1
17.807174921	-1
17.807174921	-1
17.807174921	-1
17.807174921	-1
17.807174921	-1
17.807174921	-1
17.807174921	-1
17.8252158165	1
17.8252158165	1
17.8252158165	1
17.8252158165	1
17.8844177723	-1
17.8844177723	-1
17.8844177723	-1
17.8844177723	-1
17.8844177723	-1
17.8844177723	-1
17.8844177723	-1
17.8844177723	-1
18.1012029648	-1
18.1078369617	-1
18.1078369617	-1
18.1078369617	-1
18.1078369617	-1
18.1078369617	-1
18.1078369617	-1
18.1078369617	-1
18.1236479282	-1
18.1236479282	-1
18.1302218437	-1
18.1302218437	-1
18.1302218437	-1
18.1302218437	-1
18.1302218437	-1
18.1302218437	-1
18.1302218437	-1
18.1355969906	-1
18.1355969906	-1
18.1355969906	-1
18.1355969906	-1
18.1355969906	-1
18.1355969906	-1
18.1355969906	-1
18.2392838001	-1
18.2392838001	-1
18.2392838001	-1
18.2392838001	-1
18.2392838001	-1
18.2392838001	-1
18.2392838001	-1
18.2392838001	-1
18.2491829395	-1
18.2503919601	1
18.2588119507	-1
18.2588119507	-1
18.2588119507	-1
18.2588119507	-1
18.2588119507	-1
18.2588119507	-1
18.2588119507	-1
18.2698249817	-1
18.2902879715	-1
18.2902879715	-1
18.2902879715	-1
18.2902879715	-1
18.2902879715	-1
18.2902879715	-1
18.2902879715	-1
18.2902879715	-1
18.2996218204	-1
18.2996218204	-1
18.2996218204	-1
18.2996218204	-1
18.2996218204	-1
18.2996218204	-1
18.2996218204	-1
18.3097798824	-1
18.3097798824	-1
18.3097798824	-1
18.3097798824	-1
18.3097798824	-1
18.3097798824	-1
18.3097798824	-1
18.3366699219	-1
18.3382627964	1
18.3382627964	1
18.3382627964	1
18.404145956	-1
18.404145956	-1
18.404145956	-1
18.404145956	-1
18.404145956	-1
18.404145956	-1
18.404145956	-1
18.404145956	-1
18.404145956	-1
18.4282238483	-1
18.4282238483	-1
18.4282238483	-1
18.4282238483	-1
18.4282238483	-1
18.4282238483	-1
18.4282238483	-1
18.4282238483	-1
18.4374299049	-1
18.4374299049	-1
18.4374299049	-1
18.4374299049	-1
18.4374299049	-1
18.4374299049	-1
18.4374299049	-1
18.4473409653	-1
18.4473409653	-1
18.4473409653	-1
18.4473409653	-1
18.4473409653	-1
18.4473409653	-1
18.4473409653	-1
18.5001699924	1
18.5098559856	-1
18.5098559856	-1
18.5098559856	-1
18.5178208351	-1
18.5178208351	-1
18.5178208351	-1
18.5178208351	-1
18.5178208351	-1
18.5178208351	-1
18.5377459526	-1
18.5377459526	-1
18.5454947948	-1
18.5454947948	-1
18.5454947948	-1
18.5454947948	-1
18.5454947948	-1
18.5454947948	-1
18.5454947948	-1
18.5535497665	-1
18.5535497665	-1
18.5535497665	-1
18.5535497665	-1
18.5535497665	-1
18.5535497665	-1
18.5535497665	-1
18.6372528076	-1
18.6372528076	-1
18.6372528076	-1
18.6372528076	-1
18.6372528076	-1
18.6372528076	-1
18.6372528076	-1
18.6372528076	-1
18.6476149559	-1
18.6488349438	1
18.6591289043	-1
18.6591289043	-1
18.6591289043	-1
18.6591289043	-1
18.6591289043	-1
18.6591289043	-1
18.6591289043	-1
18.6693677902	-1
18.6707119942	1
18.6707119942	1
18.6707119942	1
18.6798529625	1
18.6798529625	1
18.6934988499	-1
18.6934988499	-1
18.6934988499	-1
18.6934988499	-1
18.6934988499	-1
18.6934988499	-1
18.6934988499	-1
18.6934988499	-1
18.7036788464	-1
18.7036788464	-1
18.7036788464	-1
18.7036788464	-1
18.7036788464	-1
18.7036788464	-1
18.7036788464	-1
18.7127487659	-1
18.7302107811	1
18.7302107811	1
18.7302107811	1
18.7739188671	-1
18.7739188671	-1
18.7739188671	-1
18.7739188671	-1
18.7739188671	-1
18.7739188671	-1
18.7739188671	-1
18.7739188671	-1
18.7739369869	1
18.7824139595	-1
18.7824139595	-1
18.7824139595	-1
18.7824139595	-1
18.7824139595	-1
18.7824139595	-1
18.7824139595	-1
18.7988278866	-1
18.7988278866	-1
18.7988278866	-1
18.7988278866	-1
18.7988278866	-1
18.7988278866	-1
18.7988278866	-1
18.7988278866	-1
18.8075959682	-1
18.8075959682	-1
18.8075959682	-1
18.8075959682	-1
18.8075959682	-1
18.8075959682	-1
18.8075959682	-1
18.8156239986	-1
18.8262119293	-1
18.8262119293	-1
18.8262119293	-1
18.8262119293	-1
18.8262119293	-1
18.8262119293	-1
18.8262119293	-1
18.8394198418	-1
18.9218099117	1
19.0759198666	1
19.1029179096	-1
19.1079139709	-1
19.1079139709	-1
19.1079139709	-1
19.1079139709	-1
19.1079139709	-1
19.1079139709	-1
19.1079139709	-1
19.1214339733	-1
19.1214339733	-1
19.1271648407	-1
19.1271648407	-1
19.1271648407	-1
19.1271648407	-1
19.1271648407	-1
19.1271648407	-1
19.1271648407	-1
19.1344749928	-1
19.1344749928	-1
19.1344749928	-1
19.1344749928	-1
19.1344749928	-1
19.1344749928	-1
19.1344749928	-1
19.1819248199	1
19.1819248199	1
19.1819248199	1
19.1819248199	1
19.1819248199	1
19.2264349461	-1
19.2264349461	-1
19.2264349461	-1
19.2264349461	-1
19.2264349461	-1
19.2264349461	-1
19.2264349461	-1
19.2264349461	-1
19.2432198524	-1
19.2492787838	-1
19.2492787838	-1
19.2492787838	-1
19.2492787838	-1
19.2492787838	-1
19.2492787838	-1
19.2492787838	-1
19.2575027943	-1
19.2722599506	-1
19.2722599506	-1
19.2722599506	-1
19.2722599506	-1
19.2722599506	-1
19.2722599506	-1
19.2722599506	-1
19.2722599506	-1
19.2833349705	-1
19.2833349705	-1
19.2833349705	-1
19.2833349705	-1
19.2833349705	-1
19.2833349705	-1
19.2833349705	-1
19.2903389931	-1
19.2903389931	-1
19.2903389931	-1
19.2903389931	-1
19.2903389931	-1
19.2903389931	-1
19.2903389931	-1
19.3321609497	-1
19.3322179317	1
19.3928377628	-1
19.3928377628	-1
19.3928377628	-1
19.3928377628	-1
19.3928377628	-1
19.3928377628	-1
19.3928377628	-1
19.3928377628	-1
19.3928377628	-1
19.4076399803	-1
19.4076399803	-1
19.4076399803	-1
19.4076399803	-1
19.4076399803	-1
19.4076399803	-1
19.4076399803	-1
19.4076399803	-1
19.4181129932	-1
19.4181129932	-1
19.4181129932	-1
19.4181129932	-1
19.4181129932	-1
19.4181129932	-1
19.4181129932	-1
19.4277539253	-1
19.4277539253	-1
19.4277539253	-1
19.4277539253	-1
19.4277539253	-1
19.4277539253	-1
19.4277539253	-1
19.4467308521	-1
19.4467689991	1
19.5382578373	-1
19.5382578373	-1
19.5382578373	-1
19.5382578373	-1
19.5382578373	-1
19.552341938	-1
19.552341938	-1
19.552341938	-1
19.552341938	-1
19.5622639656	1
19.5648629665	-1
19.5648629665	-1
19.5648629665	-1
19.5648629665	-1
19.5648629665	-1
19.5648629665	-1
19.5648629665	-1
19.5755028725	-1
19.5755028725	-1
19.5755028725	-1
19.5755028725	-1
19.5755028725	-1
19.5755028725	-1
19.5755028725	-1
19.6003079414	-1
19.6003079414	-1
19.6003079414	-1
19.6003079414	-1
19.6003079414	-1
19.6003079414	-1
19.6003079414	-1
19.6003079414	-1
19.6114127636	1
19.6114127636	1
19.6114127636	1
19.6588218212	-1
19.6588218212	-1
19.6588218212	-1
19.6588218212	-1
19.6588218212	-1
19.6588218212	-1
19.6588218212	-1
19.6588218212	-1
19.6588218212	-1
19.6752638817	-1
19.6752638817	-1
19.6752638817	-1
19.6752638817	-1
19.6752638817	-1
19.6752638817	-1
19.6752638817	-1
19.6752638817	-1
19.6766328812	1
19.6766328812	1
19.6833570004	-1
19.6833570004	-1
19.6833570004	-1
19.6833570004	-1
19.6833570004	-1
19.6833570004	-1
19.6833570004	-1
19.6833927631	1
19.6992139816	-1
19.6992139816	-1
19.6992139816	-1
19.6992139816	-1
19.6992139816	-1
19.6992139816	-1
19.6992139816	-1
19.6992139816	-1
19.7757427692	-1
19.7757427692	-1
19.7805569172	-1
19.7805569172	-1
19.7805569172	-1
19.7805569172	-1
19.7805569172	-1
19.7805569172	-1
19.7805569172	-1
19.7879908085	-1
19.8048419952	-1
19.8048419952	-1
19.8048419952	-1
19.8048419952	-1
19.8048419952	-1
19.8048419952	-1
19.8048419952	-1
19.8048419952	-1
19.8145718575	-1
19.8145718575	-1
19.8145718575	-1
19.8145718575	-1
19.8145718575	-1
19.8145718575	-1
19.8145718575	-1
19.8252418041	1
19.9155168533	-1
19.9155168533	-1
19.9155168533	-1
19.9155168533	-1
19.9155168533	-1
19.9155168533	-1
19.9155168533	-1
19.9155168533	-1
19.9226489067	1
19.9226489067	1
19.9226489067	1
19.9226489067	1
19.9226489067	1
19.9226489067	1
19.9226489067	1
19.9226489067	1
19.9226489067	1
20.1173319817	-1
20.1270189285	-1
20.1270189285	-1
20.1270189285	-1
20.1270189285	-1
20.1270189285	-1
20.1270189285	-1
20.1270189285	-1
20.127052784	1
20.127052784	1
20.151034832	-1
20.151034832	-1
20.1616008282	-1
20.1616008282	-1
20.1616008282	-1
20.1616008282	-1
20.1616008282	-1
20.1616008282	-1
20.1616008282	-1
20.1712229252	-1
20.1712229252	-1
20.1712229252	-1
20.1712229252	-1
20.1712229252	-1
20.1712229252	-1
20.1712229252	-1
20.1817979813	1
20.1817979813	1
20.1817979813	1
20.1817979813	1
20.1817979813	1
20.1817979813	1
20.2260518074	-1
20.2260518074	-1
20.2284288406	1
20.2284288406	1
20.2346918583	-1
20.2346918583	-1
20.2346918583	-1
20.2346918583	-1
20.2346918583	-1
20.2346918583	-1
20.2346918583	-1
20.2417309284	1
20.2417309284	1
20.2419168949	-1
20.2419168949	-1
20.2419168949	-1
20.2419168949	-1
20.2419168949	-1
20.2419168949	-1
20.2419168949	-1
20.2585508823	-1
20.2585508823	-1
20.2685039043	-1
20.2685039043	-1
20.2685039043	-1
20.2685039043	-1
20.2685039043	-1
20.2685039043	-1
20.2685039043	-1
20.2784538269	-1
20.2784538269	-1
20.2784538269	-1
20.2784538269	-1
20.2784538269	-1
20.2784538269	-1
20.2784538269	-1
20.2866859436	-1
20.2866859436	-1
20.2866859436	-1
20.2866859436	-1
20.2866859436	-1
20.2866859436	-1
20.2866859436	-1
20.2958419323	-1
20.3001749516	1
20.3001749516	1
20.3001749516	1
20.3012697697	1
20.3012697697	1
20.3105559349	1
20.3105559349	1
20.3105559349	1
20.356320858	-1
20.3563718796	1
20.3563718796	1
20.3684849739	-1
20.3684849739	-1
20.3684849739	-1
20.3684849739	-1
20.3684849739	-1
20.3684849739	-1
20.3684849739	-1
20.3898239136	-1
20.3898239136	-1
20.3988947868	-1
20.3988947868	-1
20.3988947868	-1
20.3988947868	-1
20.3988947868	-1
20.3988947868	-1
20.3988947868	-1
20.4114699364	-1
20.4114699364	-1
20.4114699364	-1
20.4114699364	-1
20.4114699364	-1
20.4114699364	-1
20.4114699364	-1
20.4221909046	-1
20.4221909046	-1
20.4221909046	-1
20.4221909046	-1
20.4221909046	-1
20.4221909046	-1
20.4221909046	-1
20.4317998886	-1
20.4710838795	1
20.4867229462	-1
20.4867229462	-1
20.4867229462	-1
20.4867229462	-1
20.4867229462	-1
20.4867229462	-1
20.4867229462	-1
20.4867229462	-1
20.4940099716	-1
20.5151748657	-1
20.5151748657	-1
20.5151748657	-1
20.5151748657	-1
20.5151748657	-1
20.5151748657	-1
20.5151748657	-1
20.5151748657	-1
20.5262739658	-1
20.5262739658	-1
20.5262739658	-1
20.5262739658	-1
20.5262739658	-1
20.5262739658	-1
20.5262739658	-1
20.5415928364	1
20.5415928364	1
20.5415928364	1
20.5929908752	-1
20.5929908752	-1
20.5929908752	-1
20.5929908752	-1
20.5929908752	-1
20.5929908752	-1
20.5929908752	-1
20.5929908752	-1
20.6145868301	-1
20.6225697994	-1
20.6225697994	-1
20.6225697994	-1
20.6225697994	-1
20.6225697994	-1
20.6225697994	-1
20.6225697994	-1
20.6297137737	-1
20.6471819878	-1
20.6471819878	-1
20.6471819878	-1
20.6471819878	-1
20.6471819878	-1
20.6471819878	-1
20.6471819878	-1
20.6471819878	-1
20.6563158035	-1
20.6563158035	-1
20.6563158035	-1
20.6563158035	-1
20.6563158035	-1
20.6563158035	-1
20.6563158035	-1
20.7001359463	1
20.7492518425	-1
20.7492518425	-1
20.7492518425	-1
20.7492518425	-1
20.7492518425	-1
20.7492518425	-1
20.7492518425	-1
20.7492518425	-1
20.75	1
20.75	1
20.75	1
20.7631018162	-1
20.771905899	-1
20.771905899	-1
20.771905899	-1
20.771905899	-1
20.771905899	-1
20.771905899	-1
20.771905899	-1
20.7803018093	-1
20.7993328571	-1
20.7993328571	-1
20.7993328571	-1
20.7993328571	-1
20.7993328571	-1
20.7993328571	-1
20.7993328571	-1
20.7993328571	-1
20.8091387749	-1
20.8091387749	-1
20.8091387749	-1
20.8091387749	-1
20.8091387749	-1
20.8091387749	-1
20.8091387749	-1
20.8148739338	1
20.8185768127	-1
20.8185768127	-1
20.8185768127	-1
20.8185768127	-1
20.8185768127	-1
20.8185768127	-1
20.8185768127	-1
20.9294669628	-1
20.9295179844	1
20.9295179844	1
21.0908408165	-1
21.1153948307	-1
21.1153948307	-1
21.1153948307	-1
21.1153948307	-1
21.1153948307	-1
21.1153948307	-1
21.1153948307	-1
21.1153948307	-1
21.1242399216	-1
21.1305098534	-1
21.1305098534	-1
21.1305098534	-1
21.1305098534	-1
21.1305098534	-1
21.1305098534	-1
21.1305098534	-1
21.1376538277	-1
21.1376538277	-1
21.1376538277	-1
21.1376538277	-1
21.1376538277	-1
21.1376538277	-1
21.1376538277	-1
21.1655459404	1
21.183836937	1
21.183836937	1
21.183836937	1
21.183836937	1
21.183836937	1
21.229850769	-1
21.231456995	-1
21.231456995	-1
21.231456995	-1
21.231456995	-1
21.231456995	-1
21.231456995	-1
21.231456995	-1
21.2456998825	-1
21.2456998825	-1
21.2456998825	-1
21.2456998825	-1
21.2456998825	-1
21.2456998825	-1
21.2456998825	-1
21.2456998825	-1
21.2601118088	-1
21.2601118088	-1
21.2666509151	-1
21.2666509151	-1
21.2666509151	-1
21.2666509151	-1
21.2666509151	-1
21.2666509151	-1
21.2666509151	-1
21.2750067711	-1
21.2750067711	-1
21.2750067711	-1
21.2750067711	-1
21.2750067711	-1
21.2750067711	-1
21.2750067711	-1
21.2807409763	-1
21.2807409763	-1
21.2807409763	-1
21.2807409763	-1
21.2807409763	-1
21.2807409763	-1
21.2807409763	-1
21.2870249748	-1
21.2902898788	1
21.2902898788	1
21.2902898788	1
21.3923819065	-1
21.3923819065	-1
21.3923819065	-1
21.3923819065	-1
21.3923819065	-1
21.3923819065	-1
21.3923819065	-1
21.3923819065	-1
21.3923819065	-1
21.3933088779	1
21.3933088779	1
21.4096279144	-1
21.4096279144	-1
21.4096279144	-1
21.4096279144	-1
21.4096279144	-1
21.4096279144	-1
21.4096279144	-1
21.4096279144	-1
21.4120378494	1
21.4120378494	1
21.4120378494	1
21.4182319641	-1
21.4182319641	-1
21.4182319641	-1
21.4182319641	-1
21.4182319641	-1
21.4182319641	-1
21.4182319641	-1
21.4208297729	1
21.4208297729	1
21.4208297729	1
21.4213449955	1
21.4213449955	1
21.4213449955	1
21.4265329838	-1
21.4265329838	-1
21.4265329838	-1
21.4265329838	-1
21.4265329838	-1
21.4265329838	-1
21.4265329838	-1
21.4764928818	-1
21.4764928818	-1
21.5077028275	-1
21.5077028275	-1
21.5077028275	-1
21.5077028275	-1
21.5077028275	-1
21.5077028275	-1
21.5077028275	-1
21.5077028275	-1
21.5142757893	-1
21.5198059082	-1
21.5198059082	-1
21.5198059082	-1
21.5198059082	-1
21.5198059082	-1
21.5198059082	-1
21.5198059082	-1
21.5267999172	1
21.554022789	1
21.554022789	1
21.554022789	1
21.554022789	1
21.5780348778	-1
21.5807049274	1
21.5807049274	1
21.5823919773	1
21.5823919773	1
21.587982893	-1
21.587982893	-1
21.587982893	-1
21.587982893	-1
21.587982893	-1
21.587982893	-1
21.5896978378	1
21.5896978378	1
21.5896978378	1
21.6164758205	1
21.6164758205	1
21.6179997921	1
21.6179997921	1
21.6179997921	1
21.7314169407	-1
21.7314169407	-1
21.789716959	1
21.789716959	1
21.8860938549	-1
22.0466859341	-1
22.1814539433	1
22.19896698	-1
22.19896698	-1
22.2008428574	1
22.2008428574	1
22.2008428574	1
22.2119238377	-1
22.2119238377	-1
22.2119238377	-1
22.2119238377	-1
22.2119238377	-1
22.2119238377	-1
22.2119238377	-1
22.2119238377	-1
22.2119238377	-1
22.2171669006	-1
22.2171669006	-1
22.2171669006	-1
22.2171669006	-1
22.2171669006	-1
22.2171669006	-1
22.2171669006	-1
22.2214047909	-1
22.2272598743	-1
22.2272598743	-1
22.2272598743	-1
22.2272598743	-1
22.2272598743	-1
22.2272598743	-1
22.2272598743	-1
22.2331809998	-1
22.2442288399	-1
22.2442288399	-1
22.2442288399	-1
22.2442288399	-1
22.2442288399	-1
22.3352329731	-1
22.3352329731	-1
22.3352329731	-1
22.3352329731	-1
22.3352329731	-1
22.3352329731	-1
22.3352329731	-1
22.3352329731	-1
22.3399357796	-1
22.3399357796	-1
22.3399357796	-1
22.3399357796	-1
22.3399357796	-1
22.3399357796	-1
22.3399357796	-1
22.3624069691	-1
22.3624069691	-1
22.3624069691	-1
22.3624069691	-1
22.3624069691	-1
22.3624069691	-1
22.3624069691	-1
22.3624069691	-1
22.3784749508	-1
22.3784749508	-1
22.4025628567	-1
22.4025628567	-1
22.4025628567	-1
22.4025628567	-1
22.4025628567	-1
22.4025628567	-1
22.4025628567	-1
22.4025628567	-1
22.419230938	1
22.419230938	1
22.419230938	1
22.4569089413	-1
22.4569089413	-1
22.4569089413	-1
22.4569089413	-1
22.4569089413	-1
22.4569089413	-1
22.4569089413	-1
22.4569089413	-1
22.4597539902	-1
22.4597539902	-1
22.4597539902	-1
22.4597539902	-1
22.4597539902	-1
22.4597539902	-1
22.4597539902	-1
22.5150477886	-1
22.5150477886	-1
22.5150477886	-1
22.5150477886	-1
22.5150477886	-1
22.5150477886	-1
22.5150477886	-1
22.5150477886	-1
22.5475199223	-1
22.5475199223	-1
22.558382988	-1
22.558382988	-1
22.558382988	-1
22.558382988	-1
22.558382988	-1
22.558382988	-1
22.6109478474	-1
22.6109478474	-1
22.6109478474	-1
22.6109478474	-1
22.6109478474	-1
22.6109478474	-1
22.6109478474	-1
22.6109478474	-1
22.6109478474	-1
22.6180119514	-1
22.6180119514	-1
22.6180119514	-1
22.6180119514	-1
22.6180119514	-1
22.6180119514	-1
22.6180119514	-1
22.619204998	1
22.6823189259	-1
22.6887259483	-1
22.6887259483	-1
22.6887259483	-1
22.6887259483	-1
22.6887259483	-1
22.6887259483	-1
22.6887259483	-1
22.695802927	-1
22.731014967	-1
22.731014967	-1
22.731014967	-1
22.731014967	-1
22.731014967	-1
22.731014967	-1
22.731014967	-1
22.731014967	-1
22.7388367653	-1
22.7388689518	1
22.7455129623	-1
22.7455129623	-1
22.7455129623	-1
22.7455129623	-1
22.7455129623	-1
22.7455129623	-1
22.7505707741	-1
22.7505707741	-1
22.7505707741	-1
22.7505707741	-1
22.7505707741	-1
22.7505707741	-1
22.7505707741	-1
22.7621409893	-1
22.7621409893	-1
22.7621409893	-1
22.7621409893	-1
22.7621409893	-1
22.7621409893	-1
22.7621409893	-1
22.7621409893	-1
22.7665038109	-1
22.8371739388	1
22.8371739388	1
22.8371739388	1
22.83730793	1
22.83730793	1
22.83730793	1
22.8417069912	1
22.8417069912	1
23.0850708485	-1
23.090266943	1
23.106456995	-1
23.106456995	-1
23.106456995	-1
23.106456995	-1
23.106456995	-1
23.106456995	-1
23.106456995	-1
23.106456995	-1
23.1133718491	-1
23.1174957752	1
23.1174957752	1
23.1174957752	1
23.1187047958	-1
23.1187047958	-1
23.1187047958	-1
23.1187047958	-1
23.1187047958	-1
23.1187047958	-1
23.1187047958	-1
23.1231598854	-1
23.1231598854	-1
23.1231598854	-1
23.1231598854	-1
23.1231598854	-1
23.1231598854	-1
23.1231598854	-1
23.186152935	1
23.186152935	1
23.2146298885	1
23.2146298885	1
23.2146298885	1
23.2149078846	1
23.2149078846	1
23.2149078846	1
23.2565407753	-1
23.2565407753	-1
23.2565407753	-1
23.2565407753	-1
23.2565407753	-1
23.2565407753	-1
23.2565407753	-1
23.2565407753	-1
23.2658789158	-1
23.273321867	-1
23.273321867	-1
23.273321867	-1
23.273321867	-1
23.273321867	-1
23.273321867	-1
23.273321867	-1
23.2786269188	1
23.2786269188	1
23.2786269188	1
23.2786269188	1
23.2820188999	-1
23.2981848717	1
23.2981848717	1
23.2982997894	1
23.2982997894	1
23.2995097637	-1
23.2995097637	-1
23.2995097637	-1
23.2995097637	-1
23.2995097637	-1
23.2995097637	-1
23.2995097637	-1
23.2995097637	-1
23.3101577759	-1
23.3101577759	-1
23.3101577759	-1
23.3101577759	-1
23.3101577759	-1
23.3101577759	-1
23.3101577759	-1
23.3260838985	1
23.3260838985	1
23.3260838985	1
23.3260838985	1
23.3297388554	1
23.3370947838	1
23.3370947838	1
23.3370947838	1
23.3410689831	1
23.3410689831	1
23.3410689831	1
23.3410689831	1
23.3775649071	-1
23.3775649071	-1
23.3775649071	-1
23.3775649071	-1
23.3775649071	-1
23.3775649071	-1
23.3775649071	-1
23.3952798843	-1
23.3961148262	1
23.3961148262	1
23.3961148262	1
23.3961148262	1
23.3961148262	1
23.4050807953	-1
23.4050807953	-1
23.4050807953	-1
23.4050807953	-1
23.4050807953	-1
23.4050807953	-1
23.4050807953	-1
23.4050807953	-1
23.4144687653	1
23.4146168232	1
23.4146168232	1
23.4146168232	1
23.4148597717	-1
23.4295809269	-1
23.4295809269	-1
23.4295809269	-1
23.4295809269	-1
23.4295809269	-1
23.4295809269	-1
23.4295809269	-1
23.4400057793	-1
23.4468808174	-1
23.4468808174	-1
23.4468808174	-1
23.4468808174	-1
23.4468808174	-1
23.4468808174	-1
23.4468808174	-1
23.4889218807	-1
23.4889218807	-1
23.4889709949	1
23.5436148643	-1
23.5436148643	-1
23.5629279613	1
23.5629279613	1
23.5629279613	1
23.675590992	-1
23.690767765	-1
23.690767765	-1
23.690767765	-1
23.6925189495	1
23.6925189495	1
23.6925189495	1
23.7235989571	-1
23.7235989571	-1
23.7235989571	-1
23.7259309292	1
23.7259309292	1
23.7259309292	1
23.7259309292	1
23.7328529358	-1
23.7328529358	-1
23.7423269749	1
23.7432389259	1
23.7432389259	1
23.7432389259	1
23.7438337803	1
23.7438337803	1
23.7439548969	1
23.7439548969	1
23.7439548969	1
23.7857289314	-1
23.7857289314	-1
23.7967438698	-1
23.7967438698	-1
23.7967438698	-1
23.9196169376	-1
23.9196169376	-1
24.0945649147	-1
24.1418938637	-1
24.1418938637	-1
24.1418938637	-1
24.1418938637	-1
24.1418938637	-1
24.1418938637	-1
24.1418938637	-1
24.1418938637	-1
24.1449007988	-1
24.1460797787	1
24.1902749538	-1
24.1902749538	-1
24.1902749538	-1
24.1902749538	-1
24.1902749538	-1
24.1968369484	-1
24.1968369484	-1
24.1996798515	-1
24.1996798515	-1
24.1996798515	-1
24.1996798515	-1
24.1996798515	-1
24.1996798515	-1
24.1996798515	-1
24.2244129181	-1
24.2244129181	-1
24.2244129181	-1
24.2244129181	-1
24.2244129181	-1
24.2244129181	-1
24.2244129181	-1
24.2244129181	-1
24.2267727852	-1
24.2316458225	-1
24.2316458225	-1
24.2316458225	-1
24.2316458225	-1
24.2316458225	-1
24.2316458225	-1
24.2316458225	-1
24.273914814	-1
24.2804508209	-1
24.2804508209	-1
24.2804508209	-1
24.2804508209	-1
24.2804508209	-1
24.2804508209	-1
24.2804508209	-1
24.3203759193	-1
24.3240067959	-1
24.3240067959	-1
24.3240067959	-1
24.3240067959	-1
24.3240067959	-1
24.3240067959	-1
24.3240067959	-1
24.3304178715	-1
24.3304178715	-1
24.3304178715	-1
24.3304178715	-1
24.3304178715	-1
24.3304178715	-1
24.3304178715	-1
24.3730328083	-1
24.3730328083	-1
24.3730328083	-1
24.3730328083	-1
24.3730328083	-1
24.3730328083	-1
24.3730328083	-1
24.3730328083	-1
24.3730328083	-1
24.3745269775	1
24.4217917919	-1
24.4217917919	-1
24.4266278744	-1
24.4266278744	-1
24.4266278744	-1
24.4266278744	-1
24.4266278744	-1
24.4266278744	-1
24.4266278744	-1
24.4597489834	-1
24.4597489834	-1
24.4597489834	-1
24.4597489834	-1
24.4597489834	-1
24.4597489834	-1
24.4597489834	-1
24.4597489834	-1
24.4651529789	-1
24.4651529789	-1
24.4651529789	-1
24.4651529789	-1
24.4651529789	-1
24.4651529789	-1
24.4651529789	-1
24.4715819359	-1
24.4715819359	-1
24.4715819359	-1
24.4715819359	-1
24.4715819359	-1
24.4715819359	-1
24.4715819359	-1
24.552423954	-1
24.552423954	-1
24.6112229824	-1
24.6112229824	-1
24.6112229824	-1
24.6112229824	-1
24.6112229824	-1
24.6548409462	-1
24.6557798386	1
24.7796568871	-1
24.7796568871	-1
24.7796568871	-1
24.7796568871	-1
24.7796568871	-1
24.7796568871	-1
26.1301407814	-1
31.194868803	-1
31.3414437771	-1
31.4985258579	-1
33.2454309464	-1
33.3966679573	-1
33.4638488293	1
33.615090847	1
33.615090847	1
34.1868979931	1
34.1892578602	1
34.1892578602	1
34.1892578602	1
34.1892578602	1
34.1892578602	1
34.1892578602	1
34.1898398399	1
34.1898398399	1
34.1931779385	1
34.1931779385	1
34.1931779385	1
34.1934008598	1
34.1934008598	1
34.1934008598	1
34.1934008598	1
34.1934008598	1
34.1934008598	1
34.1958079338	1
34.1958079338	1
34.1958079338	1
34.1958079338	1
34.1958079338	1
34.1958079338	1
34.1958079338	1
34.1958079338	1
34.1958079338	1
34.2417957783	-1
34.3045499325	1
34.3045499325	1
34.3045499325	1
34.3045499325	1
34.3045499325	1
34.3045499325	1
34.3045499325	1
34.3045499325	1
34.3045499325	1
34.3045499325	1
34.3047418594	1
34.3047418594	1
34.3047418594	1
34.3047418594	1
34.3047418594	1
34.3047418594	1
34.3047418594	1
34.3047418594	1
34.3078849316	1
34.3078849316	1
34.3078849316	1
34.3078849316	1
34.4248299599	-1
34.4480469227	1
34.4480469227	1
34.4480469227	1
34.4573569298	1
34.4573569298	1
34.5625989437	1
34.5625989437	1
34.6838009357	-1
34.686413765	1
34.8607800007	-1
35.0146877766	-1
35.1665959358	-1
35.182653904	-1
35.182653904	-1
35.182653904	-1
35.182653904	-1
35.182653904	-1
35.1842668056	1
35.1936128139	1
35.1936128139	1
35.1936128139	1
35.1936128139	1
35.1949489117	1
35.1949489117	1
35.1949489117	1
35.1949489117	1
35.2046849728	-1
35.2059588432	1
35.2059588432	1
35.2059588432	1
35.2181937695	-1
35.2181937695	-1
35.2547497749	-1
35.2547497749	-1
35.2547497749	-1
35.2547497749	-1
35.2547497749	-1
35.2547497749	-1
35.2547497749	-1
35.2547497749	-1
35.2984969616	1
35.2990329266	1
35.2990329266	1
35.2990329266	1
35.4130928516	-1
35.4130928516	-1
35.4131407738	1
35.4131407738	1
35.5277969837	1
35.5277969837	1
35.559142828	-1
35.6924979687	-1
35.6924979687	-1
35.6924979687	-1
35.6974449158	-1
35.6974449158	-1
35.6974449158	-1
35.6974449158	-1
35.7231168747	-1
35.7231168747	-1
35.7231168747	-1
35.8295609951	-1
35.8295609951	-1
35.8712368011	-1
35.8712368011	-1
35.8712368011	-1
35.9497778416	1
36.0640499592	1
36.0826339722	-1
36.2064638138	1
36.2064638138	1
36.2064638138	1
36.2064638138	1
36.2438237667	-1
36.2438237667	-1
36.2438237667	-1
36.2637119293	-1
36.2637119293	-1
36.2637119293	-1
36.2778959274	-1
36.2778959274	-1
36.2778959274	-1
36.3856317997	-1
36.3856317997	-1
36.3856317997	-1
36.3856317997	-1
36.3856317997	-1
36.3856317997	-1
36.3856317997	-1
36.3856317997	-1
36.393930912	-1
36.393930912	-1
36.393930912	-1
36.393930912	-1
36.393930912	-1
36.393930912	-1
36.4251868725	-1
36.5246977806	-1
36.5246977806	-1
36.5246977806	-1
36.5246977806	-1
36.5246977806	-1
36.5246977806	-1
36.5589089394	1
36.6758458614	-1
36.810133934	1
36.8272697926	-1
36.8272697926	-1
36.9418828487	-1
36.9419298172	1
36.9419298172	1
37.4106588364	-1
37.4122238159	1
37.5265519619	1
37.5507719517	-1
37.698789835	-1
37.698789835	-1
37.698789835	-1
37.703234911	-1
37.7404899597	1
37.8549799919	1
37.8549799919	1
37.9921798706	1
38.2222929001	1
38.23781991	1
38.23781991	1
38.23781991	1
38.2399439812	1
38.2399439812	1
38.2399439812	1
38.2399439812	1
38.2399439812	1
38.336468935	1
38.336468935	1
38.3952949047	-1
38.5145468712	-1
38.5337147713	-1
38.5337147713	-1
38.5337147713	-1
38.5446047783	-1
38.5446047783	-1
38.5446047783	-1
38.5446047783	-1
38.5446047783	-1
38.5446047783	-1
38.545773983	1
38.5580158234	-1
38.5580158234	-1
38.5647218227	-1
38.5647218227	-1
38.5647218227	-1
38.5647218227	-1
38.5647218227	-1
38.5647218227	-1
38.5647218227	-1
38.6718838215	1
38.6718838215	1
38.7433278561	-1
38.7936358452	1
38.9172959328	1
39.0828177929	-1
39.2389109135	1
39.2805299759	-1
39.3950018883	-1
39.3950018883	-1
39.3950419426	1
39.3950419426	1
39.4188327789	-1
39.4188327789	-1
39.4188327789	-1
39.4188327789	-1
39.4188327789	-1
39.427823782	-1
39.4668869972	1
39.4668869972	1
39.4668869972	1
39.4668869972	1
39.4668869972	1
39.5095989704	-1
39.596175909	-1
39.596175909	-1
39.596175909	-1
39.6244008541	-1
39.6244008541	-1
39.626226902	1
39.794741869	-1
39.7947919369	1
40.198433876	-1
40.252314806	1
40.2535068989	1
40.2535068989	1
40.2535068989	1
40.2552878857	1
40.2552878857	1
40.2552878857	1
40.2552878857	1
40.2561728954	1
40.2561728954	1
40.2561728954	1
40.2561728954	1
40.2567718029	1
40.2567718029	1
40.2567718029	1
40.2567718029	1
40.2568788528	1
40.2568788528	1
40.3365547657	-1
40.3365547657	-1
40.3365547657	-1
40.3365547657	-1
40.3365547657	-1
40.3365547657	-1
40.3365547657	-1
40.3365547657	-1
40.4938399792	-1
40.632668972	-1
40.632668972	-1
40.632668972	-1
40.632668972	-1
40.6661429405	1
40.7792527676	-1
40.8202269077	1
41.2404589653	1
41.2406518459	1
41.2406518459	1
41.2406518459	1
41.2406518459	1
41.4645898342	-1
41.5945627689	-1
41.6037108898	-1
41.6037108898	-1
41.6037108898	-1
41.6037108898	-1
41.8232998848	-1
42.2392778397	1
42.2394659519	1
42.2394659519	1
42.2394659519	1
42.675839901	-1
43.2390358448	1
43.2392787933	1
43.2392787933	1
43.2392787933	1
43.2392787933	1
43.2392787933	1
43.2392787933	1
44.2404937744	1
44.2406959534	1
44.2406959534	1
44.2406959534	1
44.2406959534	1
44.8148927689	-1
45.0884969234	-1
45.224093914	-1
45.239304781	1
45.2430198193	-1
45.2430198193	-1
45.2430198193	-1
45.2430198193	-1
45.2430198193	-1
45.3914899826	1
45.6257128716	1
45.6677699089	1
45.6677699089	1
45.6677699089	1
45.6677699089	1
45.6701848507	1
45.6701848507	1
45.6701848507	1
45.6701848507	1
45.6701848507	1
45.6701848507	1
45.6701848507	1
45.6701848507	1
45.6703209877	1
45.6703209877	1
45.6712369919	1
45.6712369919	1
45.6750397682	1
45.6750397682	1
45.6750397682	1
45.6750397682	1
45.6750397682	1
45.6750397682	1
45.6750397682	1
45.6750397682	1
45.6750397682	1
45.7407147884	1
45.7407147884	1
45.7407147884	1
45.7407147884	1
45.7407147884	1
45.7407147884	1
45.7407147884	1
45.7407147884	1
45.7845799923	1
45.7845799923	1
45.7845799923	1
45.7845799923	1
45.7853438854	1
45.7853438854	1
46.1201279163	-1
46.2645759583	-1
46.3788647652	-1
46.4933657646	-1
