0.0	1
0.250156164169	1
0.494078159332	-1
0.494945049286	1
0.763292074203	-1
0.764101982117	1
0.767321109772	1
0.767321109772	1
0.767321109772	1
0.874112129211	1
0.874112129211	1
0.874112129211	1
1.37712216377	-1
1.37879800797	1
1.51878595352	-1
1.52016115189	1
1.65962195396	-1
1.65962195396	-1
1.66122817993	1
1.80088210106	-1
1.80091714859	1
1.97704005241	-1
1.97707414627	1
2.11645817757	-1
2.21327114105	-1
2.21327114105	-1
2.21327114105	-1
2.21327114105	-1
2.21327114105	-1
2.21327114105	-1
2.21327114105	-1
2.21327114105	-1
2.23133015633	1
2.29548096657	-1
2.29548096657	-1
2.32605409622	-1
2.32605409622	-1
2.32605409622	-1
2.32605409622	-1
2.32605409622	-1
2.32605409622	-1
2.32605409622	-1
2.34137201309	-1
2.35276603699	-1
2.35276603699	-1
2.35276603699	-1
2.35276603699	-1
2.35276603699	-1
2.35276603699	-1
2.35276603699	-1
2.35276603699	-1
2.43254208565	-1
2.46555495262	-1
2.46805310249	-1
2.46805310249	-1
2.46805310249	-1
2.46805310249	-1
2.46805310249	-1
2.48275208473	1
2.58402609825	-1
2.60493016243	-1
2.74433112144	-1
2.74433112144	-1
2.75786209106	1
2.89722514153	-1
2.89848017693	1
3.03805613518	-1
3.31818604469	-1
3.31945896149	1
3.48481702805	-1
3.4848511219	1
3.70193099976	1
3.89015007019	-1
4.0671069622	-1
4.07447910309	1
4.22270417213	-1
4.22394418716	1
4.36349606514	-1
4.58241200447	-1
4.73522496223	-1
4.75393509865	1
4.75617003441	1
4.75617003441	1
4.75617003441	1
5.36813116074	-1
5.49469518661	-1
5.49469518661	-1
5.49469518661	-1
5.49475002289	-1
5.49475002289	-1
5.49475002289	-1
5.49475002289	-1
5.49475002289	-1
5.53957104683	-1
5.53957104683	-1
5.53957104683	-1
5.53957104683	-1
5.53957104683	-1
5.53957104683	-1
5.53957104683	-1
5.53957104683	-1
5.53957104683	-1
5.53957104683	-1
5.54738712311	-1
5.54743909836	-1
5.54743909836	-1
5.54903197289	1
5.59671711922	1
5.59671711922	1
5.59671711922	1
5.59954714775	1
5.59954714775	1
5.63411402702	-1
5.63411402702	-1
5.63411402702	-1
5.65195298195	1
5.65195298195	1
5.65195298195	1
5.686825037	-1
5.686825037	-1
5.68830895424	1
5.82776403427	1
5.901293993	1
5.901293993	1
5.901293993	1
5.96304011345	-1
5.96703600883	1
6.10649108887	-1
6.21112203598	-1
6.21112203598	-1
6.21112203598	-1
6.21112203598	-1
6.21112203598	-1
6.21112203598	-1
6.21112203598	-1
6.21112203598	-1
6.2151529789	-1
6.2151529789	-1
6.2151529789	-1
6.2151529789	-1
6.2151529789	-1
6.2151529789	-1
6.2151529789	-1
6.2151529789	-1
6.25425100327	-1
6.25533008575	1
6.31164813042	-1
6.31164813042	-1
6.31164813042	-1
6.33941602707	-1
6.33941602707	-1
6.33941602707	-1
6.34191799164	1
6.34191799164	1
6.34191799164	1
6.35072302818	-1
6.35072302818	-1
6.35082602501	-1
6.35082602501	-1
6.35082602501	-1
6.35082602501	-1
6.35082602501	-1
6.35082602501	-1
6.35107207298	-1
6.35107207298	-1
6.35111117363	-1
6.35111117363	-1
6.35111117363	-1
6.35111117363	-1
6.35111117363	-1
6.35111117363	-1
6.35289311409	1
6.35289311409	1
6.37536406517	-1
6.37536406517	-1
6.37536406517	-1
6.37536406517	-1
6.37536406517	-1
6.37536406517	-1
6.37536406517	-1
6.37536406517	-1
6.45096206665	-1
6.4641251564	-1
6.4641251564	-1
6.4641251564	-1
6.4641251564	-1
6.4641251564	-1
6.4641251564	-1
6.4641251564	-1
6.4641251564	-1
6.48157811165	-1
6.48168516159	-1
6.48168516159	-1
6.48168516159	-1
6.48168516159	-1
6.48168516159	-1
6.48168516159	-1
6.48193001747	-1
6.48193001747	-1
6.48205304146	-1
6.48205304146	-1
6.48217606544	-1
6.48217606544	-1
6.48611211777	1
6.48611211777	1
6.48611211777	1
6.48650598526	1
6.48650598526	1
6.48650598526	1
6.49061107635	-1
6.49061107635	-1
6.49061107635	-1
6.49061107635	-1
6.49061107635	-1
6.49061107635	-1
6.49076509476	-1
6.49076509476	-1
6.49076509476	-1
6.49076509476	-1
6.49076509476	-1
6.49076509476	-1
6.49076509476	-1
6.49076509476	-1
6.4912071228	-1
6.4912071228	-1
6.4912071228	-1
6.4912071228	-1
6.4912071228	-1
6.4912071228	-1
6.4912071228	-1
6.4912071228	-1
6.51506614685	-1
6.51506614685	-1
6.51506614685	-1
6.51506614685	-1
6.51506614685	-1
6.51506614685	-1
6.51506614685	-1
6.51531004906	-1
6.51531004906	-1
6.57328915596	-1
6.57328915596	-1
6.57328915596	-1
6.57328915596	-1
6.57328915596	-1
6.57328915596	-1
6.62210297585	-1
6.62210297585	-1
6.62210297585	-1
6.62210297585	-1
6.62214803696	-1
6.62214803696	-1
6.62233114243	-1
6.62233114243	-1
6.62245702744	-1
6.62245702744	-1
6.62245702744	-1
6.62245702744	-1
6.62245702744	-1
6.62245702744	-1
6.62269997597	-1
6.62269997597	-1
6.62269997597	-1
6.62269997597	-1
6.62269997597	-1
6.62269997597	-1
6.62269997597	-1
6.62269997597	-1
6.62307405472	-1
6.62307405472	-1
6.62307405472	-1
6.62307405472	-1
6.62307405472	-1
6.62307405472	-1
6.62307405472	-1
6.62307405472	-1
6.62342309952	-1
6.62342309952	-1
6.62342309952	-1
6.62641215324	1
6.62641215324	1
6.62641215324	1
6.66163396835	1
6.66163396835	1
6.74993896484	1
6.76150298119	-1
6.88923811913	1
6.93923807144	-1
7.03406095505	-1
7.03406095505	-1
7.03406095505	-1
7.03406095505	-1
7.03406095505	-1
7.03406095505	-1
7.03432202339	-1
7.03432202339	-1
7.03432202339	-1
7.03432202339	-1
7.03432202339	-1
7.03432202339	-1
7.03432202339	-1
7.04556417465	-1
7.04568815231	-1
7.04568815231	-1
7.04568815231	-1
7.04568815231	-1
7.04568815231	-1
7.04568815231	-1
7.04568815231	-1
7.04601311684	-1
7.0461370945	-1
7.0461370945	-1
7.04642510414	-1
7.04642510414	-1
7.04642510414	-1
7.04642510414	-1
7.04642510414	-1
7.04642510414	-1
7.04642510414	-1
7.05681014061	-1
7.05681014061	-1
7.05681014061	-1
7.05681014061	-1
7.05681014061	-1
7.05681014061	-1
7.05681014061	-1
7.07095718384	-1
7.07095718384	-1
7.07100510597	-1
7.07100510597	-1
7.07100510597	-1
7.07100510597	-1
7.07100510597	-1
7.07100510597	-1
7.07100510597	-1
7.07100510597	-1
7.07132601738	-1
7.08771300316	1
7.09571313858	-1
7.09571313858	-1
7.09571313858	-1
7.09571313858	-1
7.09571313858	-1
7.09571313858	-1
7.09571313858	-1
7.09571313858	-1
7.09571313858	-1
7.1497759819	-1
7.1497759819	-1
7.17255210876	-1
7.17255210876	-1
7.17255210876	-1
7.17255210876	-1
7.17255210876	-1
7.17255210876	-1
7.17255210876	-1
7.17277812958	-1
7.17277812958	-1
7.17277812958	-1
7.17277812958	-1
7.17277812958	-1
7.17277812958	-1
7.17277812958	-1
7.17311096191	-1
7.17311096191	-1
7.17311096191	-1
7.18085098267	1
7.18085098267	1
7.18085098267	1
7.18360996246	-1
7.18360996246	-1
7.18371295929	-1
7.18371295929	-1
7.18371295929	-1
7.18371295929	-1
7.18371295929	-1
7.18393516541	-1
7.18393516541	-1
7.18393516541	-1
7.18393516541	-1
7.18393516541	-1
7.18393516541	-1
7.18393516541	-1
7.18420815468	-1
7.18432807922	-1
7.18432807922	-1
7.18432807922	-1
7.18432807922	-1
7.18432807922	-1
7.18432807922	-1
7.18432807922	-1
7.1860871315	1
7.1860871315	1
7.1860871315	1
7.19649195671	-1
7.19653010368	-1
7.19653010368	-1
7.19653010368	-1
7.19673800468	-1
7.19673800468	-1
7.19673800468	-1
7.19673800468	-1
7.19673800468	-1
7.19698309898	-1
7.19698309898	-1
7.19698309898	-1
7.19698309898	-1
7.19698309898	-1
7.19698309898	-1
7.19698309898	-1
7.19698309898	-1
7.1971950531	-1
7.19735002518	-1
7.19735002518	-1
7.19735002518	-1
7.19735002518	-1
7.19735002518	-1
7.19735002518	-1
7.19735002518	-1
7.19761705399	-1
7.19767212868	-1
7.19767212868	-1
7.19767212868	-1
7.19767212868	-1
7.19767212868	-1
7.21826815605	-1
7.21826815605	-1
7.21826815605	-1
7.21826815605	-1
7.21826815605	-1
7.2183611393	-1
7.2313990593	1
7.2313990593	1
7.23550009727	-1
7.23550009727	-1
7.23550009727	-1
7.23550009727	-1
7.23550009727	-1
7.23550009727	-1
7.23550009727	-1
7.23553609848	1
7.23572802544	-1
7.23584914207	-1
7.23584914207	-1
7.23584914207	-1
7.23584914207	-1
7.23584914207	-1
7.23584914207	-1
7.23584914207	-1
7.23600196838	-1
7.23600196838	-1
7.23600196838	-1
7.23600196838	-1
7.23600196838	-1
7.23600196838	-1
7.23600196838	-1
7.23600196838	-1
7.23646807671	-1
7.23646807671	-1
7.23646807671	-1
7.23646807671	-1
7.23646807671	-1
7.23646807671	-1
7.23646807671	-1
7.23646807671	-1
7.32054901123	-1
7.32054901123	-1
7.32054901123	-1
7.32054901123	-1
7.32054901123	-1
7.32054901123	-1
7.32054901123	-1
7.32077717781	-1
7.3208990097	-1
7.3208990097	-1
7.3208990097	-1
7.3208990097	-1
7.3208990097	-1
7.3208990097	-1
7.3208990097	-1
7.3208990097	-1
7.32126808167	-1
7.32126808167	-1
7.32126808167	-1
7.32126808167	-1
7.32126808167	-1
7.32126808167	-1
7.32126808167	-1
7.32151412964	-1
7.32163596153	-1
7.32163596153	-1
7.32163596153	-1
7.32163596153	-1
7.32163596153	-1
7.32163596153	-1
7.32163596153	-1
7.32163596153	-1
7.33611512184	-1
7.33611512184	-1
7.33611512184	-1
7.33611512184	-1
7.33611512184	-1
7.33611512184	-1
7.33611512184	-1
7.33611512184	-1
7.33648395538	-1
7.33648395538	-1
7.33648395538	-1
7.33648395538	-1
7.33648395538	-1
7.33648395538	-1
7.33648395538	-1
7.33648395538	-1
7.33685207367	-1
7.33685207367	-1
7.33685207367	-1
7.3369140625	-1
7.3369140625	-1
7.3369140625	-1
7.3369140625	-1
7.3369140625	-1
7.33715510368	-1
7.33715510368	-1
7.33715510368	-1
7.33715510368	-1
7.33715510368	-1
7.33715510368	-1
7.33715510368	-1
7.33715510368	-1
7.33919906616	1
7.33919906616	1
7.33919906616	1
7.3477640152	-1
7.3477640152	-1
7.3477640152	-1
7.3477640152	-1
7.3477640152	-1
7.3477640152	-1
7.3477640152	-1
7.3477640152	-1
7.3477640152	-1
7.35688495636	-1
7.35688495636	-1
7.35688495636	-1
7.35688495636	-1
7.35688495636	-1
7.35688495636	-1
7.35688495636	-1
7.35688495636	-1
7.37549114227	-1
7.37549114227	-1
7.37549114227	-1
7.37549114227	-1
7.37549114227	-1
7.37549114227	-1
7.37549114227	-1
7.37572097778	-1
7.3758430481	-1
7.3758430481	-1
7.3758430481	-1
7.3758430481	-1
7.3758430481	-1
7.3758430481	-1
7.37606906891	-1
7.37619113922	-1
7.37619113922	-1
7.37619113922	-1
7.37619113922	-1
7.37619113922	-1
7.37619113922	-1
7.40440416336	-1
7.40440416336	-1
7.40440416336	-1
7.40440416336	-1
7.40440416336	-1
7.40440416336	-1
7.40440416336	-1
7.40440416336	-1
7.40475916862	-1
7.40475916862	-1
7.40475916862	-1
7.40475916862	-1
7.40475916862	-1
7.40475916862	-1
7.40475916862	-1
7.40475916862	-1
7.40512895584	-1
7.40512895584	-1
7.40512895584	-1
7.40512895584	-1
7.40512895584	-1
7.40512895584	-1
7.40512895584	-1
7.40512895584	-1
7.40538215637	-1
7.4054980278	-1
7.4054980278	-1
7.4054980278	-1
7.4054980278	-1
7.4054980278	-1
7.4054980278	-1
7.4054980278	-1
7.4054980278	-1
7.40586614609	-1
7.40586614609	-1
7.40586614609	-1
7.40586614609	-1
7.40586614609	-1
7.40586614609	-1
7.40586614609	-1
7.40612006187	-1
7.40623402596	-1
7.40623402596	-1
7.40623402596	-1
7.40623402596	-1
7.40623402596	-1
7.40623402596	-1
7.40623402596	-1
7.40648603439	-1
7.40652012825	-1
7.40652012825	-1
7.40652012825	-1
7.40652012825	-1
7.40652012825	-1
7.40652012825	-1
7.40652012825	-1
7.41044402122	1
7.41044402122	1
7.41044402122	1
7.44029116631	-1
7.44032716751	-1
7.44032716751	-1
7.44032716751	-1
7.44032716751	-1
7.44032716751	-1
7.44032716751	-1
7.44032716751	-1
7.46110415459	-1
7.46130108833	-1
7.46130108833	-1
7.46130108833	-1
7.46130108833	-1
7.46130108833	-1
7.46130108833	-1
7.46130108833	-1
7.46130108833	-1
7.4616689682	-1
7.4616689682	-1
7.4616689682	-1
7.4616689682	-1
7.4616689682	-1
7.4616689682	-1
7.4616689682	-1
7.46184515953	-1
7.46203899384	-1
7.46203899384	-1
7.46203899384	-1
7.46203899384	-1
7.46203899384	-1
7.46203899384	-1
7.46203899384	-1
7.47569417953	-1
7.47569417953	-1
7.47569417953	-1
7.47569417953	-1
7.47569417953	-1
7.47569417953	-1
7.47569417953	-1
7.47569417953	-1
7.47604608536	-1
7.47604608536	-1
7.47604608536	-1
7.47604608536	-1
7.47604608536	-1
7.47604608536	-1
7.47604608536	-1
7.47604608536	-1
7.47604608536	-1
7.47989201546	-1
7.4799990654	-1
7.4799990654	-1
7.48003196716	-1
7.48003196716	-1
7.48003196716	-1
7.48003196716	-1
7.48003196716	-1
7.48003196716	-1
7.48003196716	-1
7.48036599159	-1
7.48036599159	-1
7.48036599159	-1
7.48036599159	-1
7.48036599159	-1
7.48036599159	-1
7.48036599159	-1
7.48036599159	-1
7.48073816299	-1
7.48073816299	-1
7.48073816299	-1
7.48073816299	-1
7.48073816299	-1
7.48073816299	-1
7.48073816299	-1
7.48073816299	-1
7.48107409477	-1
7.48107409477	-1
7.48107409477	-1
7.48107409477	-1
7.48107409477	-1
7.48128509521	-1
7.48128509521	-1
7.48128509521	-1
7.48147296906	-1
7.48147296906	-1
7.48147296906	-1
7.48147296906	-1
7.48147296906	-1
7.48147296906	-1
7.48147296906	-1
7.48363399506	1
7.48363399506	1
7.487637043	-1
7.487637043	-1
7.487637043	-1
7.487637043	-1
7.487637043	-1
7.487637043	-1
7.487637043	-1
7.51432204247	-1
7.51436114311	1
7.51438808441	-1
7.51438808441	-1
7.51438808441	-1
7.51438808441	-1
7.51438808441	-1
7.51438808441	-1
7.51438808441	-1
7.51466917992	-1
7.51466917992	-1
7.51466917992	-1
7.51466917992	-1
7.51466917992	-1
7.51466917992	-1
7.51466917992	-1
7.51466917992	-1
7.54394316673	-1
7.54394316673	-1
7.54394316673	-1
7.54394316673	-1
7.54394316673	-1
7.54394316673	-1
7.54394316673	-1
7.54394316673	-1
7.54426002502	-1
7.54426002502	-1
7.54426002502	-1
7.54426002502	-1
7.54426002502	-1
7.54426002502	-1
7.54426002502	-1
7.54426002502	-1
7.54462814331	-1
7.54462814331	-1
7.54462814331	-1
7.54462814331	-1
7.54462814331	-1
7.54462814331	-1
7.54462814331	-1
7.5448141098	-1
7.54499602318	-1
7.54499602318	-1
7.54499602318	-1
7.54499602318	-1
7.54499602318	-1
7.54499602318	-1
7.54499602318	-1
7.5452439785	-1
7.55019497871	-1
7.55019497871	-1
7.55019497871	-1
7.55019497871	-1
7.55019497871	-1
7.55019497871	-1
7.55019497871	-1
7.55033302307	-1
7.55054616928	-1
7.55054616928	-1
7.55054616928	-1
7.55054616928	-1
7.55054616928	-1
7.55054616928	-1
7.55054616928	-1
7.55079317093	-1
7.55091500282	-1
7.55091500282	-1
7.55091500282	-1
7.55091500282	-1
7.55091500282	-1
7.55091500282	-1
7.55091500282	-1
7.55116605759	-1
7.55116605759	-1
7.55400013924	1
7.55400013924	1
7.55400013924	1
7.6006360054	-1
7.6006360054	-1
7.6006360054	-1
7.61281895638	-1
7.61281895638	-1
7.61281895638	-1
7.61281895638	-1
7.61281895638	-1
7.67760801315	1
7.67760801315	1
7.67760801315	1
7.73273396492	-1
7.73273396492	-1
7.73273396492	-1
7.73273396492	-1
7.73273396492	-1
7.73273396492	-1
7.73273396492	-1
7.73273396492	-1
7.79841995239	-1
7.79841995239	-1
7.79841995239	-1
7.79841995239	-1
7.79841995239	-1
7.79841995239	-1
7.79841995239	-1
7.79841995239	-1
7.84192800522	-1
7.84192800522	-1
7.84192800522	-1
7.84366798401	1
7.84366798401	1
7.84366798401	1
7.85487699509	-1
7.85487699509	-1
7.85532999039	-1
7.85532999039	-1
7.85532999039	-1
7.85532999039	-1
7.85532999039	-1
7.85532999039	-1
7.85532999039	-1
7.85548400879	-1
7.85570001602	-1
7.85570001602	-1
7.85570001602	-1
7.85570001602	-1
7.85570001602	-1
7.85570001602	-1
7.85570001602	-1
7.85950517654	-1
7.85950517654	-1
7.85961008072	-1
7.85961008072	-1
7.85961008072	-1
7.85961008072	-1
7.85961008072	-1
7.85961008072	-1
7.86361503601	-1
7.86361503601	-1
7.86366295815	-1
7.86366295815	-1
7.86366295815	-1
7.86366295815	-1
7.86366295815	-1
7.86366295815	-1
7.86366295815	-1
7.86397314072	-1
7.8640961647	-1
7.8640961647	-1
7.8640961647	-1
7.8640961647	-1
7.8640961647	-1
7.8640961647	-1
7.86434102058	-1
7.86434102058	-1
7.86441016197	-1
7.86441016197	-1
7.86441016197	-1
7.86441016197	-1
7.86441016197	-1
7.86441016197	-1
7.86698913574	1
7.86698913574	1
7.86834216118	-1
7.86834216118	-1
7.86845707893	-1
7.86845707893	-1
7.86845707893	-1
7.86845707893	-1
7.86845707893	-1
7.86845707893	-1
7.86980414391	-1
7.86980414391	-1
7.86991214752	-1
7.86991214752	-1
7.86991214752	-1
7.86991214752	-1
7.86991214752	-1
7.86991214752	-1
7.87610316277	-1
7.87610316277	-1
7.87626099586	-1
7.87626099586	-1
7.87626099586	-1
7.87626099586	-1
7.87626099586	-1
7.87626099586	-1
7.87675309181	-1
7.87675309181	-1
7.87685108185	-1
7.87685108185	-1
7.87685108185	-1
7.87685108185	-1
7.87685108185	-1
7.87685108185	-1
7.87685108185	-1
7.8913500309	-1
7.89146614075	-1
7.89146614075	-1
7.89146614075	-1
7.89146614075	-1
7.89146614075	-1
7.89146614075	-1
7.89146614075	-1
7.89190411568	-1
7.89202809334	-1
7.89202809334	-1
7.89202809334	-1
7.89202809334	-1
7.89202809334	-1
7.89202809334	-1
7.89202809334	-1
7.89227604866	-1
7.89276409149	-1
7.89276409149	-1
7.89276409149	-1
7.89276409149	-1
7.89276409149	-1
7.89276409149	-1
7.89276409149	-1
7.8955540657	1
7.8955540657	1
7.8955540657	1
7.9805431366	-1
7.9805431366	-1
7.9805431366	-1
7.9805431366	-1
7.9805431366	-1
7.9805431366	-1
7.9805431366	-1
7.9805431366	-1
7.98649406433	-1
7.98659896851	-1
7.98659896851	-1
7.98659896851	-1
7.98659896851	-1
8.08172297478	-1
8.1089360714	-1
8.11311197281	-1
8.11311197281	-1
8.11311197281	-1
8.11311197281	-1
8.11311197281	-1
8.11311197281	-1
8.23973417282	-1
8.23973417282	-1
8.24159598351	1
8.24826216698	-1
8.36056113243	-1
8.36056113243	-1
8.36056113243	-1
8.36732697487	-1
8.36732697487	-1
8.36732697487	-1
8.36732697487	-1
8.36732697487	-1
8.36732697487	-1
8.41513204575	-1
8.41513204575	-1
8.41516518593	1
8.41518998146	-1
8.41518998146	-1
8.41518998146	-1
8.41712999344	-1
8.41712999344	-1
8.41806912422	-1
8.41806912422	-1
8.41806912422	-1
8.41806912422	-1
8.41806912422	-1
8.41806912422	-1
8.42721295357	-1
8.47386717796	-1
8.47386717796	-1
8.47386717796	-1
8.47386717796	-1
8.47386717796	-1
8.47386717796	-1
8.47386717796	-1
8.47386717796	-1
8.47440195084	-1
8.47452306747	-1
8.47452306747	-1
8.47452306747	-1
8.49383115768	1
8.49383115768	1
8.49383115768	1
8.56021499634	-1
8.56021499634	-1
8.56491303444	-1
8.56491303444	-1
8.56491303444	-1
8.56491303444	-1
8.56892704964	-1
8.57556200027	-1
8.57556200027	-1
8.57556200027	-1
8.57830500603	-1
8.57830500603	-1
8.60332918167	-1
8.62467002869	-1
8.62467002869	-1
8.62467002869	-1
8.62467002869	-1
8.62467002869	-1
8.62467002869	-1
8.62467002869	-1
8.69967508316	1
8.69967508316	1
8.83893203735	1
8.83893203735	1
8.9035961628	-1
8.90898108482	-1
8.90898108482	-1
8.90898108482	-1
8.90898108482	-1
8.92401313782	-1
8.92401313782	-1
8.92401313782	-1
8.92401313782	-1
8.92401313782	-1
8.92401313782	-1
8.92401313782	-1
9.03168296814	-1
9.03168296814	-1
9.03168296814	-1
9.03168296814	-1
9.03168296814	-1
9.04601216316	1
9.1824901104	-1
9.26175308228	1
9.30620312691	-1
9.30620312691	-1
9.30620312691	-1
9.35921907425	-1
9.36071801186	1
9.36071801186	1
9.36071801186	1
9.43766903877	1
9.4992980957	-1
9.57709002495	1
9.71657204628	-1
9.71778917313	1
9.85746312141	-1
9.85857701302	1
9.99607110023	-1
9.99607110023	-1
9.99607110023	-1
9.99638915062	-1
9.99638915062	-1
9.99638915062	-1
9.99638915062	-1
9.99638915062	-1
9.99692296982	-1
9.99692296982	-1
9.99692296982	-1
9.99692296982	-1
9.99692296982	-1
9.99692296982	-1
10.0771861076	-1
10.0771861076	-1
10.0771861076	-1
10.0773260593	-1
10.0773260593	-1
10.0773260593	-1
10.0773260593	-1
10.0773260593	-1
10.0946741104	-1
10.0946741104	-1
10.0946741104	-1
10.0946741104	-1
10.0946741104	-1
10.0946741104	-1
10.0946741104	-1
10.0946741104	-1
10.0946741104	-1
10.0946741104	-1
10.1492450237	-1
10.1492450237	-1
10.1492450237	-1
10.1496341228	-1
10.1496341228	-1
10.1497621536	-1
10.1497621536	-1
10.1497621536	-1
10.1526679993	1
10.1902501583	1
10.1902501583	1
10.1902501583	1
10.1987111568	-1
10.1987111568	-1
10.1987111568	-1
10.2104530334	-1
10.2104530334	-1
10.2104530334	-1
10.2104530334	-1
10.2128281593	-1
10.2139050961	-1
10.2139050961	-1
10.2139050961	-1
10.2139050961	-1
10.2139050961	-1
10.2139050961	-1
10.2139050961	-1
10.2139050961	-1
10.2148189545	-1
10.2148189545	-1
10.2148189545	-1
10.2149600983	-1
10.2149600983	-1
10.2885801792	-1
10.296651125	-1
10.296651125	-1
10.296651125	-1
10.2966861725	1
10.3353111744	-1
10.3353111744	-1
10.3353111744	-1
10.3353111744	-1
10.3353111744	-1
10.3353111744	-1
10.3353111744	-1
10.3430261612	-1
10.3440411091	-1
10.3440411091	-1
10.3440830708	-1
10.3440830708	-1
10.3440830708	-1
10.3440830708	-1
10.3440830708	-1
10.4121501446	-1
10.4130880833	-1
10.4130880833	-1
10.4130880833	-1
10.4130880833	-1
10.4130880833	-1
10.4130880833	-1
10.4363541603	1
10.4363541603	1
10.4533901215	-1
10.4533901215	-1
10.4533901215	-1
10.4543600082	-1
10.4543600082	-1
10.4543600082	-1
10.4543981552	-1
10.4543981552	-1
10.4543981552	-1
10.4543981552	-1
10.4543981552	-1
10.455794096	-1
10.455794096	-1
10.455794096	-1
10.455794096	-1
10.455794096	-1
10.455794096	-1
10.455794096	-1
10.455794096	-1
10.4697740078	-1
10.4697740078	-1
10.4697740078	-1
10.4697740078	-1
10.4697740078	-1
10.4697740078	-1
10.4697740078	-1
10.4697740078	-1
10.5739941597	-1
10.5739941597	-1
10.5739941597	-1
10.5739941597	-1
10.5739941597	-1
10.5758111477	-1
10.5758430958	1
10.5758430958	1
10.715460062	-1
10.715460062	-1
10.7163059711	1
11.0541939735	-1
11.0666880608	-1
11.0666880608	-1
11.0666880608	-1
11.0666880608	-1
11.0666880608	-1
11.0666880608	-1
11.0666880608	-1
11.0734250546	-1
11.0752811432	1
11.0761170387	-1
11.0761170387	-1
11.0761170387	-1
11.0761170387	-1
11.0761170387	-1
11.0761170387	-1
11.0761170387	-1
11.0761170387	-1
11.0956439972	-1
11.0966761112	-1
11.0966761112	-1
11.0966761112	-1
11.0966761112	-1
11.0966761112	-1
11.2061481476	-1
11.2061481476	-1
11.2086219788	1
11.2086219788	1
11.2086219788	1
11.2144961357	1
11.3464860916	-1
11.3537931442	1
11.4933390617	-1
11.4948129654	1
11.6527881622	-1
11.6541171074	1
11.6743900776	1
11.6743900776	1
11.6743900776	1
11.6743900776	1
11.6746799946	1
11.6746799946	1
11.7843530178	-1
11.7843530178	-1
11.7843530178	-1
11.7843530178	-1
11.7843530178	-1
11.7843530178	-1
11.7847111225	-1
11.7847111225	-1
11.7847111225	-1
11.7847111225	-1
11.7847111225	-1
11.7847111225	-1
11.7847111225	-1
11.8571131229	-1
11.8571131229	-1
11.8571131229	-1
11.8571131229	-1
11.8571131229	-1
11.8571131229	-1
11.8960411549	1
11.8960411549	1
11.8960411549	1
11.9209151268	-1
11.9209151268	-1
11.9230101109	1
11.9230101109	1
11.9332201481	-1
11.933257103	1
11.9909460545	-1
11.9909460545	-1
11.9909460545	-1
11.9909460545	-1
11.9909460545	-1
11.9909460545	-1
11.9909460545	-1
12.0322799683	-1
12.0331439972	-1
12.0331439972	-1
12.0331439972	-1
12.0331439972	-1
12.0331439972	-1
12.0331439972	-1
12.0331439972	-1
12.0727341175	1
12.081179142	1
12.081179142	1
12.081179142	1
12.1137120724	-1
12.1137120724	-1
12.1137120724	-1
12.1137120724	-1
12.1137120724	-1
12.1137120724	-1
12.1137120724	-1
12.1137120724	-1
12.1137120724	-1
12.1162450314	-1
12.1162450314	-1
12.1162450314	-1
12.1162450314	-1
12.1162450314	-1
12.1162450314	-1
12.1183261871	-1
12.1183261871	-1
12.1183261871	-1
12.1183261871	-1
12.1183261871	-1
12.1183261871	-1
12.1183261871	-1
12.1183261871	-1
12.1197240353	1
12.1197240353	1
12.1297740936	-1
12.1297740936	-1
12.1297740936	-1
12.1297740936	-1
12.1297740936	-1
12.1513791084	-1
12.1513791084	-1
12.1514830589	-1
12.1514830589	-1
12.1514830589	-1
12.1514830589	-1
12.1514830589	-1
12.1514830589	-1
12.2121520042	1
12.2121520042	1
12.3343651295	1
12.3343651295	1
12.3343651295	1
12.351170063	-1
12.351170063	-1
12.351170063	-1
12.3517081738	1
12.3742101192	-1
12.3742101192	-1
12.3742101192	-1
12.3743131161	-1
12.3743131161	-1
12.3749079704	-1
12.3749079704	-1
12.3749079704	-1
12.3751330376	-1
12.3751330376	-1
12.3751330376	-1
12.3751330376	-1
12.3751330376	-1
12.3771870136	-1
12.3771870136	-1
12.3771870136	-1
12.3771870136	-1
12.3771870136	-1
12.3771870136	-1
12.3771870136	-1
12.3771870136	-1
12.377546072	-1
12.377546072	-1
12.377546072	-1
12.37768507	1
12.37768507	1
12.37768507	1
12.4142661095	-1
12.4142661095	-1
12.4142661095	-1
12.4143691063	-1
12.4143691063	-1
12.4143691063	-1
12.4143691063	-1
12.4458010197	-1
12.4459049702	-1
12.4459049702	-1
12.4459049702	-1
12.4459049702	-1
12.4459049702	-1
12.4459049702	-1
12.4461491108	-1
12.4461491108	-1
12.4462730885	-1
12.4462730885	-1
12.4462730885	-1
12.4462730885	-1
12.4462730885	-1
12.4462730885	-1
12.4541380405	-1
12.4541380405	-1
12.4541380405	-1
12.4541380405	-1
12.4541380405	-1
12.4541380405	-1
12.4541380405	-1
12.4541380405	-1
12.4557161331	-1
12.4557161331	-1
12.455837965	-1
12.455837965	-1
12.455837965	-1
12.455837965	-1
12.4911811352	1
12.5596821308	-1
12.5596821308	-1
12.5596821308	-1
12.5608820915	1
12.5608820915	1
12.5608820915	1
12.6581850052	-1
12.6581850052	-1
12.6581850052	-1
12.7698681355	1
12.7974801064	-1
12.7974801064	-1
12.7974801064	-1
12.7981829643	1
12.7981829643	1
12.7981829643	1
12.7983829975	1
12.7983829975	1
12.911864996	-1
12.911864996	-1
12.911864996	-1
12.9136869907	1
12.9136869907	1
12.9136869907	1
13.0255990028	-1
13.0255990028	-1
13.0485680103	-1
13.0485830307	1
13.053235054	-1
13.053235054	-1
13.053235054	-1
13.053235054	-1
13.053235054	-1
13.053235054	-1
13.053235054	-1
13.0534801483	-1
13.0552010536	-1
13.0552010536	-1
13.0552010536	-1
13.0552010536	-1
13.0552010536	-1
13.0552010536	-1
13.0557131767	-1
13.0557131767	-1
13.0557131767	-1
13.0557131767	-1
13.0557131767	-1
13.0557131767	-1
13.0557131767	-1
13.0557131767	-1
13.0557880402	1
13.0557880402	1
13.0557880402	1
13.0560040474	-1
13.0560040474	-1
13.0560040474	-1
13.0560040474	-1
13.0560040474	-1
13.0560040474	-1
13.0560040474	-1
13.0560040474	-1
13.0564491749	-1
13.0564491749	-1
13.0564491749	-1
13.0564491749	-1
13.0564491749	-1
13.0564491749	-1
13.0564491749	-1
13.0564491749	-1
13.0580611229	1
13.0580611229	1
13.0580611229	1
13.1010890007	1
13.1010890007	1
13.1096961498	-1
13.1096961498	-1
13.1096961498	-1
13.1098840237	-1
13.1098840237	-1
13.1098840237	-1
13.1098840237	-1
13.1098840237	-1
13.1102721691	-1
13.1102721691	-1
13.1102721691	-1
13.1102721691	-1
13.1102721691	-1
13.1102721691	-1
13.1102721691	-1
13.1102721691	-1
13.1102721691	-1
13.1105520725	-1
13.1105520725	-1
13.1112780571	-1
13.1112780571	-1
13.1112780571	-1
13.1112780571	-1
13.1112780571	-1
13.1112780571	-1
13.1112780571	-1
13.119177103	-1
13.1192829609	-1
13.1192829609	-1
13.1192829609	-1
13.1192829609	-1
13.1192829609	-1
13.1192829609	-1
13.1192829609	-1
13.1635329723	-1
13.1645491123	-1
13.1645491123	-1
13.1645491123	-1
13.1662039757	1
13.1662039757	1
13.1758751869	-1
13.1758751869	-1
13.1880531311	1
13.2223131657	-1
13.2223131657	-1
13.2223131657	-1
13.2223131657	-1
13.2223131657	-1
13.2225570679	-1
13.2226800919	-1
13.2226800919	-1
13.2228021622	-1
13.2228021622	-1
13.2228021622	-1
13.223484993	-1
13.223484993	-1
13.223484993	-1
13.223484993	-1
13.223484993	-1
13.2240741253	-1
13.2240741253	-1
13.2241959572	-1
13.2241959572	-1
13.2241959572	-1
13.2241959572	-1
13.2241959572	-1
13.2241959572	-1
13.2579770088	1
13.2579770088	1
13.2579770088	1
13.2958819866	-1
13.2958819866	-1
13.2967510223	-1
13.2967510223	-1
13.2967510223	-1
13.2967510223	-1
13.3274719715	1
13.4180891514	-1
13.4180891514	-1
13.4180891514	-1
13.4180891514	-1
13.4180891514	-1
13.4180891514	-1
13.4180891514	-1
13.4313340187	-1
13.4565031528	-1
13.4565031528	-1
13.4565031528	-1
13.4565031528	-1
13.4565570354	-1
13.4565570354	-1
13.4565570354	-1
13.4565570354	-1
13.4669029713	-1
13.4669361115	1
13.4669361115	1
13.492262125	1
13.492262125	1
13.492262125	1
13.5500769615	-1
13.5500769615	-1
13.5500769615	-1
13.5500769615	-1
13.5500769615	-1
13.5500769615	-1
13.5500769615	-1
13.5508341789	-1
13.5508341789	-1
13.5666129589	1
13.5666129589	1
13.7569630146	-1
13.7639291286	-1
13.7639291286	-1
13.7639291286	-1
13.7639291286	-1
13.7639291286	-1
13.7659330368	-1
13.7696239948	1
13.7702431679	-1
13.7702431679	-1
13.7702431679	-1
13.7702431679	-1
13.7722330093	-1
13.7722780704	-1
13.7722780704	-1
13.7722780704	-1
13.7722780704	-1
13.7722780704	-1
13.7722780704	-1
13.7732479572	-1
13.7732479572	-1
13.7732479572	-1
13.7732479572	-1
13.7732479572	-1
13.7732479572	-1
13.7732479572	-1
13.7732479572	-1
13.7760820389	-1
13.7760820389	-1
13.7760820389	-1
13.7760820389	-1
13.7760820389	-1
13.7760820389	-1
13.7760820389	-1
13.7760820389	-1
13.7776181698	-1
13.7776181698	-1
13.7791750431	-1
13.7791750431	-1
13.7791750431	-1
13.7791750431	-1
13.7791750431	-1
13.7791750431	-1
13.7791750431	-1
13.7791750431	-1
13.7805001736	-1
13.7813999653	-1
13.7813999653	-1
13.7813999653	-1
13.7813999653	-1
13.8577811718	-1
13.8578851223	-1
13.8578851223	-1
13.8985359669	-1
13.8985359669	-1
13.8985359669	-1
13.8994390965	-1
13.8994390965	-1
13.8994390965	-1
13.8994390965	-1
13.8994390965	-1
13.8994390965	-1
13.8994390965	-1
13.8994390965	-1
13.9004981518	-1
13.9004981518	-1
13.9004981518	-1
13.9004981518	-1
13.9004981518	-1
13.9004981518	-1
13.9004981518	-1
13.9005100727	1
13.9005100727	1
13.9005100727	1
13.9008920193	-1
13.9016041756	-1
13.9016041756	-1
13.9016041756	-1
13.9016041756	-1
13.9016041756	-1
13.9016041756	-1
13.9016041756	-1
13.9016041756	-1
13.9022300243	1
13.9022300243	1
13.9034039974	-1
13.9617321491	1
13.9617321491	1
13.9639830589	-1
13.9639830589	-1
13.9639830589	-1
13.9642109871	-1
13.9642109871	-1
13.9642109871	-1
13.9642109871	-1
13.9642109871	-1
13.9642109871	-1
13.9642109871	-1
13.9644780159	-1
14.0093240738	-1
14.0093240738	-1
14.0093240738	-1
14.0093240738	-1
14.0093240738	-1
14.0093240738	-1
14.0093240738	-1
14.0093240738	-1
14.0228390694	-1
14.0228390694	-1
14.0228390694	-1
14.0228390694	-1
14.1012470722	1
14.218993187	-1
14.2762019634	-1
14.2762019634	-1
14.2762019634	-1
14.2775430679	1
14.4536311626	1
14.4536311626	1
14.4797790051	-1
14.4797790051	-1
14.4797790051	-1
14.4813420773	1
14.4813420773	1
14.4813420773	1
14.5380620956	-1
14.5380620956	-1
14.5722711086	1
14.5722711086	1
14.7106161118	-1
14.8994271755	-1
14.900714159	1
15.1033470631	-1
15.138600111	-1
15.138600111	-1
15.138600111	-1
15.138600111	-1
15.138600111	-1
15.138600111	-1
15.138600111	-1
15.138600111	-1
15.1569271088	-1
15.1569781303	-1
15.1569781303	-1
15.1569781303	-1
15.1592311859	1
15.2234640121	-1
15.2234640121	-1
15.2235660553	-1
15.2235660553	-1
15.2307510376	-1
15.2307510376	-1
15.2307510376	-1
15.2307510376	-1
15.2307510376	-1
15.2709431648	1
15.2709431648	1
15.2709431648	1
15.2709431648	1
15.2716121674	1
15.2716121674	1
15.2721390724	1
15.2721390724	1
15.3938391209	1
15.3938391209	1
15.4624049664	-1
15.6018061638	-1
15.6287531853	-1
15.6287531853	-1
15.6287531853	-1
15.6287531853	-1
15.6287531853	-1
15.8384640217	-1
15.8384640217	-1
15.8384640217	-1
15.8386561871	-1
15.8386561871	-1
15.8386561871	-1
15.8397250175	-1
15.8397250175	-1
15.8397250175	-1
15.8397250175	-1
15.8397250175	-1
15.8397250175	-1
15.8397250175	-1
15.8441929817	1
15.9183621407	-1
15.9183621407	-1
15.9183621407	-1
15.9183621407	-1
16.0481369495	-1
16.0481369495	-1
16.0481719971	1
16.0481719971	1
16.0579750538	-1
16.0629360676	1
16.0629360676	1
16.0629360676	1
16.0715630054	-1
16.0715630054	-1
16.0715630054	-1
16.3419439793	-1
16.3476321697	1
16.4870131016	-1
16.4870550632	1
16.6263940334	-1
16.915569067	-1
16.9302120209	-1
16.9302120209	-1
16.9302120209	-1
16.9302120209	-1
16.9302120209	-1
16.9302120209	-1
16.9302120209	-1
16.9378550053	1
16.9456040859	1
16.9456040859	1
16.9456040859	1
16.9656021595	-1
16.9657189846	-1
16.9657189846	-1
16.9657189846	-1
16.9657189846	-1
16.9657189846	-1
16.9657189846	-1
16.9657189846	-1
16.9795739651	1
16.9795739651	1
16.9887909889	-1
16.9887909889	-1
16.9893410206	-1
16.9893410206	-1
16.9893410206	-1
16.9893410206	-1
17.0424630642	-1
17.0425751209	-1
17.0425751209	-1
17.0425751209	-1
17.0850231647	1
17.0850231647	1
17.2298719883	1
17.2517671585	-1
17.4056191444	1
17.4891991615	-1
17.5614869595	-1
17.5614869595	-1
17.5614869595	-1
17.58583498	-1
17.58583498	-1
17.5874581337	1
17.8835339546	-1
17.8850860596	1
17.9396181107	1
17.9396181107	1
17.9396181107	1
17.9611289501	-1
17.9611289501	-1
17.9611289501	-1
17.9628300667	1
17.9628300667	1
17.9628300667	1
18.0238311291	1
18.0238311291	1
18.163351059	-1
18.2929241657	-1
18.2929241657	-1
18.2929241657	-1
18.354817152	1
18.4298200607	-1
18.4298200607	-1
18.4298200607	-1
18.4298200607	-1
18.4830400944	1
18.4830400944	1
18.4830400944	1
18.4867391586	-1
18.4867391586	-1
18.4867391586	-1
18.486893177	-1
18.486893177	-1
18.486893177	-1
18.4976840019	1
18.4976840019	1
18.5628499985	-1
18.5628499985	-1
18.637319088	1
18.7571730614	-1
18.769493103	1
18.769493103	1
18.769493103	1
18.808494091	-1
18.808494091	-1
18.808494091	-1
18.808494091	-1
18.9929029942	-1
18.9929029942	-1
18.9929029942	-1
18.9934551716	-1
18.9934551716	-1
18.9934961796	-1
18.9934961796	-1
18.9934961796	-1
18.9934961796	-1
18.9934961796	-1
18.9934961796	-1
18.9938070774	-1
18.9938070774	-1
18.9938070774	-1
18.9938070774	-1
18.9938070774	-1
18.9938070774	-1
18.9938070774	-1
18.9938070774	-1
19.0059080124	-1
19.0059080124	-1
19.0059080124	-1
19.0059080124	-1
19.0059080124	-1
19.0059080124	-1
19.0059080124	-1
19.0059080124	-1
19.0062561035	-1
19.0062561035	-1
19.0062561035	-1
19.0063800812	-1
19.0063800812	-1
19.0063800812	-1
19.0063800812	-1
19.0063800812	-1
19.0063800812	-1
19.0066251755	-1
19.0066251755	-1
19.0066251755	-1
19.0066251755	-1
19.0066251755	-1
19.0066251755	-1
19.0066251755	-1
19.0066251755	-1
19.0069580078	-1
19.0069580078	-1
19.0069580078	-1
19.0069580078	-1
19.0069580078	-1
19.0069580078	-1
19.0069580078	-1
19.0069580078	-1
19.0249521732	-1
19.0249521732	-1
19.0249769688	-1
19.0249769688	-1
19.0249769688	-1
19.0249769688	-1
19.0249769688	-1
19.0249769688	-1
19.0249769688	-1
19.026266098	1
19.0490970612	-1
19.0995330811	-1
19.0995330811	-1
19.0995330811	-1
19.2312510014	-1
19.2371101379	-1
19.2371101379	-1
19.2371101379	-1
19.3543579578	-1
19.3543579578	-1
19.3543579578	-1
19.3599610329	1
19.3607661724	1
19.3607661724	1
19.3607661724	1
19.3646571636	1
19.3646571636	1
19.37114501	-1
19.9527351856	1
19.9658081532	1
19.9658081532	1
19.9658081532	1
19.9658081532	1
19.9664020538	1
19.9664020538	1
20.0816640854	-1
20.1885771751	-1
20.1885771751	-1
20.1885771751	-1
20.3603150845	-1
20.3603150845	-1
20.4836759567	1
20.4838621616	1
20.4838621616	1
20.4838621616	1
20.4849760532	1
20.4849760532	1
20.4849760532	1
20.4874019623	1
20.4874019623	1
20.4874019623	1
20.4874019623	1
20.4883570671	1
20.4883570671	1
20.4883570671	1
20.4883570671	1
20.4883570671	1
20.4883570671	1
20.4883570671	1
20.4883570671	1
20.4896330833	1
20.4896330833	1
20.4896330833	1
20.4896330833	1
20.4901959896	1
20.4901959896	1
20.4901959896	1
20.4901959896	1
20.4901959896	1
20.4901959896	1
20.5426921844	-1
20.5426921844	-1
20.5426921844	-1
20.623000145	1
20.623000145	1
20.6906709671	-1
20.6906709671	-1
20.8368191719	-1
20.9762711525	-1
21.3324041367	-1
