0.0	1
0.250200033188	1
0.708853006363	-1
0.709306955338	1
1.006264925	-1
1.00694894791	1
1.00926399231	1
1.00926399231	1
1.00926399231	1
1.00926399231	1
1.00926399231	1
1.00926399231	1
1.6394340992	-1
1.64109301567	1
1.79009008408	-1
1.79132604599	1
1.90669798851	-1
1.90669798851	-1
1.90833497047	1
2.02367401123	-1
2.02367401123	-1
2.02371692657	1
2.17509102821	1
2.30900192261	-1
2.31273007393	-1
2.31273007393	-1
2.31273007393	-1
2.31273007393	-1
2.34387803078	-1
2.34387803078	-1
2.34752106667	-1
2.34752106667	-1
2.36000609398	1
2.47260403633	-1
2.47260403633	-1
2.47260403633	-1
2.47260403633	-1
2.47260403633	-1
2.47260403633	-1
2.47260403633	-1
2.48139095306	-1
2.48142313957	1
2.58664298058	-1
2.63502812386	1
2.64202404022	-1
2.64202404022	-1
2.64202404022	-1
2.64516711235	-1
2.64516711235	-1
2.64516711235	-1
2.64516711235	-1
2.64516711235	-1
2.64516711235	-1
2.73860096931	-1
2.7585670948	-1
2.7585670948	-1
2.7585670948	-1
2.7585670948	-1
2.7585670948	-1
2.7585670948	-1
2.7585670948	-1
2.79451012611	-1
2.80194401741	-1
2.80194401741	-1
2.80194401741	-1
2.80194401741	-1
2.80194401741	-1
2.80194401741	-1
2.80194401741	-1
2.8561899662	1
2.88984107971	-1
2.88984107971	-1
2.88984107971	-1
2.88984107971	-1
2.88984107971	-1
2.88984107971	-1
2.88984107971	-1
2.88984107971	-1
2.91717815399	1
2.91717815399	1
2.91717815399	1
2.91962695122	1
2.91962695122	1
2.9659409523	-1
2.9659409523	-1
2.9659409523	-1
2.9659409523	-1
3.01496100426	-1
3.01496100426	-1
3.01496100426	-1
3.01496100426	-1
3.01496100426	-1
3.01496100426	-1
3.01496100426	-1
3.01496100426	-1
3.03369998932	-1
3.03369998932	-1
3.03369998932	-1
3.03369998932	-1
3.03369998932	-1
3.03369998932	-1
3.03369998932	-1
3.03369998932	-1
3.04338407516	-1
3.12288403511	-1
3.12288403511	-1
3.12288403511	-1
3.12288403511	-1
3.12288403511	-1
3.23916101456	1
3.23920202255	1
3.23920202255	1
3.23920202255	1
3.23920202255	1
3.3543241024	-1
3.3543510437	1
3.50758814812	-1
3.51444101334	-1
3.51444101334	-1
3.51444101334	-1
3.51554107666	1
3.52901601791	-1
3.52901601791	-1
3.52901601791	-1
3.52901601791	-1
3.52901601791	-1
3.52901601791	-1
3.60661101341	-1
3.60661101341	-1
3.60874009132	1
3.60874009132	1
3.60874009132	1
3.60967993736	-1
3.60967993736	-1
3.60967993736	-1
3.60967993736	-1
3.60967993736	-1
3.60967993736	-1
3.60967993736	-1
3.6334130764	1
3.67762994766	-1
3.67762994766	-1
3.67762994766	-1
3.67762994766	-1
3.71164703369	-1
3.71164703369	-1
3.71164703369	-1
3.71164703369	-1
3.71164703369	-1
3.71164703369	-1
3.71164703369	-1
3.74856305122	1
3.75929808617	-1
3.75929808617	-1
3.75929808617	-1
3.75929808617	-1
3.75929808617	-1
3.75929808617	-1
3.79913306236	-1
3.79913306236	-1
3.80216503143	1
3.80216503143	1
3.80216503143	1
3.80216503143	1
3.80216503143	1
3.80216503143	1
3.80216503143	1
3.80216503143	1
3.82624411583	-1
3.82624411583	-1
3.82624411583	-1
3.82624411583	-1
3.82624411583	-1
3.82624411583	-1
3.82624411583	-1
3.91677904129	-1
3.91677904129	-1
3.91677904129	-1
3.91677904129	-1
3.91677904129	-1
3.91677904129	-1
3.91677904129	-1
3.91677904129	-1
3.95868802071	-1
3.95868802071	-1
3.95868802071	-1
3.95868802071	-1
3.95868802071	-1
3.95868802071	-1
3.95868802071	-1
3.95868802071	-1
3.97774505615	-1
3.97923803329	1
4.0165719986	-1
4.0165719986	-1
4.0165719986	-1
4.02348399162	-1
4.02348399162	-1
4.02348399162	-1
4.02348399162	-1
4.02348399162	-1
4.02348399162	-1
4.0330350399	-1
4.0330350399	-1
4.0330350399	-1
4.0330350399	-1
4.0330350399	-1
4.0330350399	-1
4.0330350399	-1
4.0330350399	-1
4.03460502625	1
4.03460502625	1
4.03460502625	1
4.03635311127	1
4.03635311127	1
4.09457302094	-1
4.09873104095	-1
4.09873104095	-1
4.09873104095	-1
4.09873104095	-1
4.09873104095	-1
4.09873104095	-1
4.09873104095	-1
4.14048910141	-1
4.14480996132	-1
4.14480996132	-1
4.14480996132	-1
4.14480996132	-1
4.14480996132	-1
4.14480996132	-1
4.14480996132	-1
4.14480996132	-1
4.14816713333	-1
4.14816713333	-1
4.14816713333	-1
4.14816713333	-1
4.14816713333	-1
4.14816713333	-1
4.14816713333	-1
4.15810608864	-1
4.15810608864	-1
4.15810608864	-1
4.15810608864	-1
4.15810608864	-1
4.15810608864	-1
4.15810608864	-1
4.15810608864	-1
4.17384910583	-1
4.17384910583	-1
4.17384910583	-1
4.17384910583	-1
4.17384910583	-1
4.17384910583	-1
4.17384910583	-1
4.17384910583	-1
4.17419815063	-1
4.17419815063	-1
4.1989710331	-1
4.1989710331	-1
4.1989710331	-1
4.1989710331	-1
4.1989710331	-1
4.1989710331	-1
4.23128008842	-1
4.23128008842	-1
4.2313170433	1
4.2313170433	1
4.231372118	-1
4.24509310722	-1
4.24509310722	-1
4.24509310722	-1
4.24509310722	-1
4.2451441288	-1
4.2451441288	-1
4.2451441288	-1
4.2451441288	-1
4.26437497139	-1
4.26437497139	-1
4.26437497139	-1
4.26437497139	-1
4.26437497139	-1
4.26437497139	-1
4.26437497139	-1
4.26466202736	-1
4.26466202736	-1
4.26466202736	-1
4.26466202736	-1
4.26466202736	-1
4.26466202736	-1
4.26466202736	-1
4.26504206657	-1
4.26504206657	-1
4.26504206657	-1
4.26504206657	-1
4.26504206657	-1
4.26504206657	-1
4.26504206657	-1
4.26504206657	-1
4.26568293571	1
4.26568293571	1
4.26568293571	1
4.28908610344	-1
4.28908610344	-1
4.28908610344	-1
4.28908610344	-1
4.28908610344	-1
4.28908610344	-1
4.28908610344	-1
4.28908610344	-1
4.34682607651	-1
4.34682607651	-1
4.34682607651	-1
4.3469080925	-1
4.3469080925	-1
4.3469080925	-1
4.3469080925	-1
4.3469080925	-1
4.36023402214	-1
4.37900209427	-1
4.37900209427	-1
4.37900209427	-1
4.37900209427	-1
4.37900209427	-1
4.37900209427	-1
4.37900209427	-1
4.38122105598	-1
4.38124394417	-1
4.38124394417	-1
4.38124394417	-1
4.38124394417	-1
4.38124394417	-1
4.38124394417	-1
4.38124394417	-1
4.38196992874	-1
4.38196992874	-1
4.38196992874	-1
4.38196992874	-1
4.38196992874	-1
4.38196992874	-1
4.38196992874	-1
4.38954901695	-1
4.38954901695	-1
4.38954901695	-1
4.38954901695	-1
4.38954901695	-1
4.38954901695	-1
4.38954901695	-1
4.38954901695	-1
4.3901040554	-1
4.40153002739	-1
4.40153002739	-1
4.40153002739	-1
4.40153002739	-1
4.40153002739	-1
4.40153002739	-1
4.40153002739	-1
4.40153002739	-1
4.40759110451	-1
4.40759110451	-1
4.44666314125	-1
4.44666314125	-1
4.44666314125	-1
4.44666314125	-1
4.45177412033	-1
4.47814106941	-1
4.47814106941	-1
4.47814106941	-1
4.47817611694	1
4.47844910622	-1
4.47844910622	-1
4.47844910622	-1
4.47844910622	-1
4.47844910622	-1
4.47844910622	-1
4.49433612823	-1
4.50320410728	-1
4.50320410728	-1
4.50320410728	-1
4.50320410728	-1
4.50320410728	-1
4.50320410728	-1
4.50320410728	-1
4.50320410728	-1
4.50343394279	-1
4.53244996071	-1
4.53244996071	-1
4.53325104713	-1
4.53325104713	-1
4.53325104713	-1
4.53325104713	-1
4.53325104713	-1
4.53325104713	-1
4.53325104713	-1
4.53415513039	-1
4.53415513039	-1
4.53415513039	-1
4.53415513039	-1
4.53415513039	-1
4.53415513039	-1
4.53415513039	-1
4.54055714607	-1
4.54055714607	-1
4.54055714607	-1
4.54055714607	-1
4.54055714607	-1
4.54055714607	-1
4.54055714607	-1
4.54055714607	-1
4.55991196632	-1
4.55991196632	-1
4.55991196632	-1
4.55991196632	-1
4.55991196632	-1
4.55991196632	-1
4.55991196632	-1
4.55991196632	-1
4.60154414177	-1
4.60154414177	-1
4.60154414177	-1
4.60154414177	-1
4.60154414177	-1
4.60157895088	1
4.60157895088	1
4.60267996788	-1
4.60267996788	-1
4.60267996788	-1
4.60267996788	-1
4.60267996788	-1
4.60267996788	-1
4.60267996788	-1
4.60491704941	-1
4.60491704941	-1
4.60491704941	-1
4.60491704941	-1
4.60491704941	-1
4.60491704941	-1
4.60491704941	-1
4.61853909492	-1
4.62908601761	-1
4.62908601761	-1
4.62908601761	-1
4.62908601761	-1
4.62908601761	-1
4.62908601761	-1
4.62908601761	-1
4.62908601761	-1
4.63127708435	-1
4.64129400253	-1
4.64129400253	-1
4.64129400253	-1
4.64129400253	-1
4.64129400253	-1
4.64129400253	-1
4.64153695107	-1
4.64153695107	-1
4.64153695107	-1
4.64153695107	-1
4.64153695107	-1
4.64153695107	-1
4.64153695107	-1
4.64153695107	-1
4.69421601295	-1
4.69421601295	-1
4.69599413872	-1
4.69599413872	-1
4.69599413872	-1
4.69599413872	-1
4.69888496399	-1
4.69888496399	-1
4.69888496399	-1
4.69888496399	-1
4.69888496399	-1
4.69888496399	-1
4.7014040947	-1
4.7014040947	-1
4.7014040947	-1
4.7014040947	-1
4.7014040947	-1
4.7014040947	-1
4.7014040947	-1
4.71172499657	-1
4.71172499657	-1
4.71172499657	-1
4.71172499657	-1
4.71172499657	-1
4.71172499657	-1
4.71815514565	-1
4.71817111969	1
4.71817111969	1
4.72425794601	-1
4.72425794601	-1
4.72425794601	-1
4.72425794601	-1
4.72425794601	-1
4.72425794601	-1
4.72911095619	-1
4.72911095619	-1
4.72911095619	-1
4.72911095619	-1
4.72911095619	-1
4.72911095619	-1
4.72911095619	-1
4.73328304291	-1
4.75668096542	-1
4.75668096542	-1
4.75668096542	-1
4.75668096542	-1
4.75668096542	-1
4.75668096542	-1
4.75668096542	-1
4.75668096542	-1
4.76237106323	-1
4.76650905609	-1
4.76650905609	-1
4.76650905609	-1
4.76650905609	-1
4.76650905609	-1
4.76650905609	-1
4.76650905609	-1
4.7740149498	-1
4.78484797478	-1
4.78484797478	-1
4.78484797478	-1
4.78484797478	-1
4.78484797478	-1
4.78484797478	-1
4.78484797478	-1
4.79463505745	-1
4.79600906372	-1
4.79600906372	-1
4.79600906372	-1
4.79600906372	-1
4.79600906372	-1
4.81130504608	-1
4.81130504608	-1
4.81130504608	-1
4.81130504608	-1
4.81130504608	-1
4.81130504608	-1
4.81130504608	-1
4.81130504608	-1
4.81130504608	-1
4.81939506531	-1
4.81939506531	-1
4.82502603531	-1
4.82502603531	-1
4.82502603531	-1
4.82502603531	-1
4.82502603531	-1
4.82502603531	-1
4.83346295357	-1
4.83346295357	-1
4.83346295357	-1
4.83346295357	-1
4.83346295357	-1
4.83346295357	-1
4.83346295357	-1
4.83346295357	-1
4.8427400589	-1
4.8427400589	-1
4.8427400589	-1
4.8427400589	-1
4.8427400589	-1
4.8427400589	-1
4.8427400589	-1
4.8427400589	-1
4.84277296066	1
4.84277296066	1
4.85063314438	-1
4.85063314438	-1
4.85063314438	-1
4.85063314438	-1
4.85063314438	-1
4.85063314438	-1
4.85063314438	-1
4.85063314438	-1
4.85918307304	-1
4.8662750721	-1
4.8662750721	-1
4.8662750721	-1
4.8662750721	-1
4.8662750721	-1
4.8662750721	-1
4.8662750721	-1
4.87421512604	-1
4.87432098389	-1
4.87432098389	-1
4.87432098389	-1
4.87432098389	-1
4.87432098389	-1
4.87432098389	-1
4.87432098389	-1
4.88339209557	-1
4.88339209557	-1
4.88339209557	-1
4.88339209557	-1
4.88339209557	-1
4.88339209557	-1
4.88339209557	-1
4.88339209557	-1
4.89365100861	-1
4.89365100861	-1
4.89365100861	-1
4.89365100861	-1
4.89365100861	-1
4.89365100861	-1
4.96229696274	-1
4.96234107018	1
4.97429394722	-1
4.98175811768	-1
4.98175811768	-1
4.98175811768	-1
4.98175811768	-1
4.98175811768	-1
4.98175811768	-1
5.00049614906	-1
5.00049614906	-1
5.00049614906	-1
5.00049614906	-1
5.00049614906	-1
5.00049614906	-1
5.00049614906	-1
5.00049614906	-1
5.01767015457	-1
5.01767015457	-1
5.01767015457	-1
5.01767015457	-1
5.01767015457	-1
5.01767015457	-1
5.01767015457	-1
5.01767015457	-1
5.036673069	-1
5.036673069	-1
5.036673069	-1
5.05426597595	-1
5.05426597595	-1
5.05426597595	-1
5.05426597595	-1
5.05426597595	-1
5.05426597595	-1
5.05426597595	-1
5.06286597252	-1
5.07033896446	-1
5.07033896446	-1
5.07033896446	-1
5.07033896446	-1
5.07789611816	-1
5.07793712616	1
5.09694004059	-1
5.24494314194	-1
5.24494314194	-1
5.24494314194	-1
5.24494314194	-1
5.24494314194	-1
5.24494314194	-1
5.24494314194	-1
5.24494314194	-1
5.27537512779	-1
5.27537512779	-1
5.27537512779	-1
5.27537512779	-1
5.27537512779	-1
5.63403701782	-1
5.69844102859	-1
5.69844102859	-1
5.69844102859	-1
5.86452507973	-1
5.86452507973	-1
6.00566411018	1
6.00594997406	1
6.00594997406	1
6.00594997406	1
6.00594997406	1
6.00594997406	1
6.00594997406	1
6.00594997406	1
6.00594997406	1
6.00605010986	1
6.00605010986	1
6.00688314438	1
6.00705504417	1
6.00705504417	1
6.00705504417	1
