0.0	1
0.249413967133	1
1.011977911	-1
1.01281809807	1
1.30226206779	-1
1.30346894264	1
1.30877900124	1
1.30877900124	1
1.30877900124	1
1.30877900124	1
1.30877900124	1
1.30877900124	1
1.84199213982	-1
1.84344792366	1
1.90787291527	-1
1.90787291527	-1
1.90787291527	-1
1.97342395782	-1
1.97342395782	-1
1.97500014305	1
1.97500014305	1
1.97500014305	1
1.98290491104	1
2.33674192429	-1
2.35862708092	-1
2.35862708092	-1
2.35862708092	-1
2.35862708092	-1
2.35862708092	-1
2.35862708092	-1
2.35862708092	-1
2.35862708092	-1
2.39966607094	-1
2.41229009628	1
2.42243814468	-1
2.42243814468	-1
2.42305803299	-1
2.42305803299	-1
2.42305803299	-1
2.42305803299	-1
2.42305803299	-1
2.44542098045	-1
2.45453214645	-1
2.45453214645	-1
2.45453214645	-1
2.45453214645	-1
2.45453214645	-1
2.4838809967	-1
2.4838809967	-1
2.4838809967	-1
2.4838809967	-1
2.4838809967	-1
2.4838809967	-1
2.4838809967	-1
2.53652691841	-1
2.53656291962	-1
2.53656291962	-1
2.53656291962	-1
2.53656291962	-1
2.53656291962	-1
2.53656291962	-1
2.53678011894	-1
2.57363009453	1
2.57363009453	1
2.57363009453	1
2.57363009453	1
2.59354710579	1
2.59354710579	1
2.59354710579	1
2.59354710579	1
2.68575501442	-1
3.04900097847	-1
