0.0	1
0.348976135254	1
1.50925421715	-1
1.51010918617	1
1.82769703865	-1
1.8289232254	1
1.83312916756	1
1.83312916756	1
1.83312916756	1
1.83312916756	1
1.83312916756	1
1.83424901962	1
3.88809609413	-1
3.8897061348	1
3.9905591011	-1
3.9905591011	-1
3.9905591011	-1
4.029266119	1
4.029266119	1
4.20607113838	1
4.28052711487	-1
4.34524416924	1
4.45838618279	-1
4.79948115349	-1
4.79952812195	-1
4.79952812195	-1
4.79952812195	-1
4.79952812195	-1
4.79952812195	-1
4.79952812195	-1
4.79952812195	-1
4.92778420448	-1
4.92778420448	-1
4.92778420448	-1
4.92778420448	-1
4.92778420448	-1
4.92778420448	-1
4.92778420448	-1
4.92778420448	-1
4.92778420448	-1
4.92803621292	-1
4.94094610214	1
4.99844908714	-1
4.99844908714	-1
4.99844908714	-1
4.99844908714	-1
4.99844908714	-1
5.0370490551	-1
5.03924107552	-1
5.03924107552	-1
5.03924107552	-1
5.03924107552	-1
5.06732916832	-1
5.06732916832	-1
5.06732916832	-1
5.06732916832	-1
5.06732916832	-1
5.06732916832	-1
5.06732916832	-1
5.07070922852	-1
5.07070922852	-1
5.09000015259	1
5.22922420502	1
5.27036714554	-1
5.36858201027	1
5.36858201027	1
5.562718153	-1
5.72687506676	-1
5.72687506676	-1
5.72687506676	-1
5.72838115692	1
5.8676981926	1
5.93446803093	-1
6.11170601845	-1
6.18121409416	-1
6.18121409416	-1
6.18121409416	-1
6.29044508934	-1
6.31688904762	1
6.32462120056	1
6.32462120056	1
6.32462120056	1
6.32728505135	1
6.32728505135	1
6.59546303749	1
6.71431303024	-1
6.78953003883	-1
6.78953003883	-1
6.78953003883	-1
6.78964018822	-1
6.78964018822	-1
6.78964018822	-1
6.78964018822	-1
6.78964018822	-1
6.78964018822	-1
6.82057619095	-1
6.82057619095	-1
6.82057619095	-1
6.82057619095	-1
6.82057619095	-1
6.82057619095	-1
6.82057619095	-1
6.8574180603	-1
6.89317417145	-1
6.89317417145	-1
6.89317417145	-1
6.89317417145	-1
6.89317417145	-1
6.89317417145	-1
6.89317417145	-1
6.89340114594	-1
6.92937803268	-1
6.92937803268	-1
6.92937803268	-1
6.92937803268	-1
6.92937803268	-1
6.96024608612	-1
6.96024608612	-1
6.96024608612	-1
6.96034622192	-1
6.96034622192	-1
6.96034622192	-1
6.96034622192	-1
6.96034622192	-1
6.96034622192	-1
6.96034622192	-1
6.96034622192	-1
6.9619011879	1
7.01639318466	-1
7.01639318466	-1
7.01639318466	-1
7.01639318466	-1
7.01639318466	-1
7.01639318466	-1
7.01639318466	-1
7.01639318466	-1
7.03304409981	-1
7.03304409981	-1
7.03304409981	-1
7.03304409981	-1
7.03304409981	-1
7.03304409981	-1
7.03304409981	-1
7.03328919411	-1
7.03328919411	-1
7.03328919411	-1
7.03328919411	-1
7.03328919411	-1
7.03328919411	-1
7.03328919411	-1
7.03328919411	-1
7.0895011425	-1
7.0895011425	-1
7.08960604668	-1
7.08960604668	-1
7.08960604668	-1
7.08960604668	-1
7.08960604668	-1
7.08960604668	-1
7.08987021446	-1
7.08987021446	-1
7.10054016113	-1
7.10054016113	-1
7.10054016113	-1
7.10054016113	-1
7.10054016113	-1
7.10068106651	-1
7.10068106651	-1
7.10068106651	-1
7.10089015961	-1
7.10089015961	-1
7.10089015961	-1
7.10089015961	-1
7.10089015961	-1
7.10089015961	-1
7.10089015961	-1
7.1011531353	-1
7.13812208176	1
7.13812208176	1
7.1726231575	-1
7.1726231575	-1
7.1726231575	-1
7.1726231575	-1
7.1726231575	-1
7.1726231575	-1
7.1726231575	-1
7.17285108566	-1
7.17296409607	-1
7.17296409607	-1
7.17296409607	-1
7.17296409607	-1
7.17296409607	-1
7.17296409607	-1
7.17324113846	-1
7.17324113846	-1
7.17324113846	-1
7.17324113846	-1
7.17324113846	-1
7.17324113846	-1
7.17324113846	-1
7.17324113846	-1
7.17324113846	-1
7.19562506676	-1
7.19575119019	-1
7.19575119019	-1
7.19575119019	-1
7.33466720581	1
7.33466720581	1
7.43987417221	-1
7.54865407944	-1
7.54865407944	-1
7.54865407944	-1
7.54865407944	-1
7.63226103783	1
7.79259204865	-1
7.7926261425	1
7.8791410923	-1
7.8791410923	-1
7.8791410923	-1
7.8791410923	-1
8.28559112549	-1
8.42991304398	-1
8.42991304398	-1
8.42991304398	-1
8.42991304398	-1
8.42991304398	-1
8.42991304398	-1
8.42991304398	-1
8.42991304398	-1
8.42991304398	-1
8.43354201317	-1
8.43354201317	-1
8.43354201317	-1
8.43354201317	-1
8.43354201317	-1
8.43354201317	-1
8.43354201317	-1
8.4367082119	-1
8.44109106064	-1
8.44109106064	-1
8.44109106064	-1
8.44109106064	-1
8.44109106064	-1
8.44109106064	-1
8.44109106064	-1
8.45755600929	-1
8.54225707054	-1
8.54306006432	1
8.65423512459	-1
8.65423512459	-1
8.65423512459	-1
8.65423512459	-1
8.65423512459	-1
8.65423512459	-1
8.65423512459	-1
8.65423512459	-1
8.76197099686	1
8.76197099686	1
8.88493299484	-1
9.0011651516	1
9.14036417007	1
9.14036417007	1
9.48482918739	-1
9.52585315704	1
9.59062719345	1
9.59062719345	1
9.59062719345	1
9.59062719345	1
9.59062719345	1
9.59062719345	1
9.5922369957	1
9.5922369957	1
9.5922369957	1
9.5922369957	1
9.5922369957	1
9.5922369957	1
9.5922369957	1
9.62415003777	-1
