0.0	1
0.250004053116	1
0.475610017776	-1
0.477076053619	1
0.716580867767	-1
0.717381954193	1
0.719011068344	1
0.719011068344	1
0.719011068344	1
0.901294946671	1
0.901294946671	1
0.901294946671	1
1.30630493164	-1
1.307970047	1
1.42208886147	-1
1.42342805862	1
1.53814196587	-1
1.53904604912	1
1.65313005447	-1
1.65400505066	1
1.83309388161	-1
1.95402789116	-1
1.95402789116	-1
1.95402789116	-1
1.95402789116	-1
1.95402789116	-1
1.95402789116	-1
1.95402789116	-1
1.95402789116	-1
1.99791908264	1
2.06361699104	-1
2.06361699104	-1
2.06361699104	-1
2.06361699104	-1
2.06361699104	-1
2.06361699104	-1
2.06361699104	-1
2.06361699104	-1
2.06361699104	-1
2.24832701683	1
2.29699802399	-1
2.39713788033	-1
2.39713788033	-1
2.39713788033	-1
2.39713788033	-1
2.39713788033	-1
2.39713788033	-1
2.39713788033	-1
2.39713788033	-1
2.41116595268	-1
2.42683196068	-1
2.42683196068	-1
2.42683196068	-1
2.42683196068	-1
2.42683196068	-1
2.42683196068	-1
2.42803788185	1
2.45432400703	-1
2.45432400703	-1
2.45432400703	-1
2.45432400703	-1
2.66677808762	-1
2.66793203354	1
3.1888229847	-1
3.34144997597	-1
3.45535492897	-1
3.46282601357	1
3.56958293915	-1
3.58085894585	1
3.83212089539	1
3.9228990078	-1
4.07323288918	-1
4.08984994888	1
4.09209394455	1
4.09209394455	1
4.09209394455	1
4.52929091454	-1
4.53049492836	1
4.64479398727	-1
4.64479398727	-1
4.79733800888	-1
4.79733800888	-1
4.79809904099	1
4.91151309013	-1
4.91151309013	-1
5.06513500214	-1
5.30446791649	-1
5.41026592255	-1
5.41026592255	-1
5.41026592255	-1
5.41026592255	-1
5.41026592255	-1
5.42949795723	1
5.54358196259	1
5.64295887947	-1
5.67996406555	-1
5.67996406555	-1
5.67996406555	-1
5.67996406555	-1
5.67996406555	-1
5.67996406555	-1
5.67996406555	-1
5.68208503723	1
5.74973797798	-1
5.74984192848	-1
5.74984192848	-1
5.74984192848	-1
5.83581089973	1
5.83581089973	1
5.96885800362	-1
6.01162099838	1
6.01338505745	-1
6.01338505745	-1
6.01338505745	-1
6.01338505745	-1
6.01338505745	-1
6.01338505745	-1
6.01338505745	-1
6.05461907387	-1
6.05474185944	-1
6.05474185944	-1
6.05474185944	-1
6.05474185944	-1
6.05474185944	-1
6.08794188499	1
6.08794188499	1
6.08794188499	1
6.08794188499	1
6.10758090019	1
6.10758090019	1
6.16392993927	1
6.19756388664	-1
6.25478196144	-1
6.25478196144	-1
6.25478196144	-1
6.25478196144	-1
6.25478196144	-1
6.35379385948	-1
6.35730099678	1
6.36269807816	1
6.36269807816	1
6.36269807816	1
6.47832393646	-1
6.54774999619	1
6.54774999619	1
6.54774999619	1
6.59300494194	-1
6.59300494194	-1
6.61926603317	-1
6.61926603317	-1
6.61926603317	-1
6.61926603317	-1
6.61926603317	-1
6.61926603317	-1
6.68420100212	-1
6.68420100212	-1
6.68420100212	-1
6.68420100212	-1
6.78806591034	-1
6.78806591034	-1
6.78806591034	-1
6.78969407082	1
6.93974304199	1
6.93974304199	1
6.94985103607	-1
6.94985103607	-1
6.94985103607	-1
6.94985103607	-1
6.94985103607	-1
6.94985103607	-1
6.94985103607	-1
6.94985103607	-1
6.94985103607	-1
6.98926496506	-1
7.01472091675	-1
7.01472091675	-1
7.01472091675	-1
7.01472091675	-1
7.01472091675	-1
7.01472091675	-1
7.01472091675	-1
7.07542204857	-1
7.07542204857	-1
7.07542204857	-1
7.07542204857	-1
7.07542204857	-1
7.07546401024	1
7.1041738987	-1
7.1362528801	-1
7.1362528801	-1
7.1362528801	-1
7.1362528801	-1
7.1362528801	-1
7.1362528801	-1
7.1362528801	-1
7.16673994064	-1
7.16673994064	-1
7.16673994064	-1
7.16673994064	-1
7.16673994064	-1
7.16673994064	-1
7.16673994064	-1
7.20087885857	-1
7.20087885857	-1
7.20087885857	-1
7.20087885857	-1
7.20087885857	-1
7.20087885857	-1
7.20087885857	-1
7.20091795921	1
7.26317596436	-1
7.26317596436	-1
7.26317596436	-1
7.26317596436	-1
7.32302999496	-1
7.32302999496	-1
7.32307887077	1
7.37722587585	-1
7.44870686531	-1
7.44870686531	-1
7.44870686531	-1
7.4487528801	1
7.4487528801	1
7.45099806786	1
7.45099806786	1
7.45099806786	1
7.45099806786	1
7.45099806786	1
7.45099806786	1
7.53904604912	1
7.53904604912	1
7.56375288963	-1
7.67391300201	-1
7.67391300201	-1
7.67391300201	-1
7.6992418766	-1
7.6992418766	-1
7.6992418766	-1
7.77032399178	-1
7.77032399178	-1
7.77032399178	-1
7.79252099991	-1
7.79252099991	-1
7.79252099991	-1
7.90660595894	-1
7.90660595894	-1
7.9084789753	1
7.98843002319	-1
7.98843002319	-1
7.98843002319	-1
7.98843002319	-1
7.98843002319	-1
7.98843002319	-1
7.98843002319	-1
7.98843002319	-1
8.0225789547	-1
8.04620885849	-1
8.04620885849	-1
8.04620885849	-1
8.13717794418	-1
8.13717794418	-1
8.14385390282	-1
8.14385390282	-1
8.14385390282	-1
8.14385390282	-1
8.14385390282	-1
8.14385390282	-1
8.25202202797	-1
8.25202202797	-1
8.25395202637	1
8.31772089005	-1
8.31772089005	-1
8.31772089005	-1
8.31772089005	-1
8.31772089005	-1
8.31772089005	-1
8.31772089005	-1
8.31772089005	-1
8.31772089005	-1
8.33519887924	-1
8.33519887924	-1
8.33519887924	-1
8.33519887924	-1
8.33519887924	-1
8.33519887924	-1
8.33519887924	-1
8.35457801819	-1
8.39791297913	-1
8.39791297913	-1
8.39791297913	-1
8.39791297913	-1
8.39791297913	-1
8.39791297913	-1
8.39791297913	-1
8.39791297913	-1
8.43211293221	-1
8.46840000153	-1
8.46840000153	-1
8.46840000153	-1
8.46840000153	-1
8.46840000153	-1
8.46840000153	-1
8.46840000153	-1
8.49324393272	-1
8.51508998871	-1
8.51508998871	-1
8.51508998871	-1
8.51508998871	-1
8.51508998871	-1
8.51508998871	-1
8.51508998871	-1
8.52497196198	1
8.53788900375	-1
8.53788900375	-1
8.53788900375	-1
8.53788900375	-1
8.53788900375	-1
8.53788900375	-1
8.53788900375	-1
8.60708403587	-1
8.60708403587	-1
8.60708403587	-1
8.60708403587	-1
8.60708403587	-1
8.60708403587	-1
8.60708403587	-1
8.60708403587	-1
8.60708403587	-1
8.64784097672	1
8.64784097672	1
8.64784097672	1
8.67686891556	-1
8.67686891556	-1
8.67686891556	-1
8.67686891556	-1
8.67686891556	-1
8.67686891556	-1
8.67686891556	-1
8.67686891556	-1
8.67686891556	-1
8.74020886421	-1
8.76232886314	-1
8.76232886314	-1
8.76232886314	-1
8.76232886314	-1
8.76232886314	-1
8.76232886314	-1
8.76232886314	-1
8.76232886314	-1
8.78114700317	-1
8.78114700317	-1
8.78114700317	-1
8.78114700317	-1
8.78114700317	-1
8.78114700317	-1
8.78114700317	-1
8.7822868824	1
8.7822868824	1
8.7822868824	1
8.80361390114	-1
8.80361390114	-1
8.80361390114	-1
8.80361390114	-1
8.80361390114	-1
8.80361390114	-1
8.80361390114	-1
8.85544586182	-1
8.85544586182	-1
8.89846992493	-1
8.89846992493	-1
8.89846992493	-1
8.89846992493	-1
8.89846992493	-1
8.89846992493	-1
8.89846992493	-1
8.95529699326	-1
8.95529699326	-1
8.98243308067	-1
8.98243308067	-1
8.98243308067	-1
8.98243308067	-1
8.98243308067	-1
8.98243308067	-1
8.98243308067	-1
9.00629091263	-1
9.01410603523	1
9.01424789429	1
9.01424789429	1
9.01424789429	1
9.05336999893	-1
9.05336999893	-1
9.05336999893	-1
9.05336999893	-1
9.05336999893	-1
9.05336999893	-1
9.05336999893	-1
9.05336999893	-1
9.07624602318	-1
9.07624602318	-1
9.07624602318	-1
9.07624602318	-1
9.07624602318	-1
9.07624602318	-1
9.07624602318	-1
9.12631702423	-1
9.12631702423	-1
9.20286297798	-1
9.20286297798	-1
9.20286297798	-1
9.20286297798	-1
9.20286297798	-1
9.20286297798	-1
9.20286297798	-1
9.20286297798	-1
9.24117898941	-1
9.24824404716	-1
9.24824404716	-1
9.24824404716	-1
9.24824404716	-1
9.24824404716	-1
9.24824404716	-1
9.24824404716	-1
9.28574204445	-1
9.28574204445	-1
9.28577589989	1
9.30708098412	-1
9.30708098412	-1
9.30708098412	-1
9.30708098412	-1
9.30708098412	-1
9.30708098412	-1
9.35228705406	-1
9.35228705406	-1
9.35228705406	-1
9.35228705406	-1
9.35228705406	-1
9.35228705406	-1
9.35683488846	1
9.35683488846	1
9.35683488846	1
9.41974592209	-1
9.41974592209	-1
9.41974592209	-1
9.41974592209	-1
9.41974592209	-1
9.41974592209	-1
9.41974592209	-1
9.41974592209	-1
9.44258999825	-1
9.44258999825	-1
9.44258999825	-1
9.44258999825	-1
9.44258999825	-1
9.44258999825	-1
9.44258999825	-1
9.47128891945	-1
9.48508191109	-1
9.48508191109	-1
9.48508191109	-1
9.48508191109	-1
9.48508191109	-1
9.48508191109	-1
9.48508191109	-1
9.52372193336	-1
9.52372193336	-1
9.52530908585	1
9.52530908585	1
9.52530908585	1
9.53936886787	-1
9.53936886787	-1
9.53936886787	-1
9.53936886787	-1
9.53936886787	-1
9.53936886787	-1
9.57278990746	-1
9.57278990746	-1
9.58896899223	-1
9.58896899223	-1
9.58896899223	-1
9.58896899223	-1
9.58896899223	-1
9.58896899223	-1
9.58896899223	-1
9.66788101196	1
9.66843390465	-1
9.66843390465	-1
9.66843390465	-1
9.66843390465	-1
9.66843390465	-1
9.66843390465	-1
9.66843390465	-1
9.66843390465	-1
9.70335292816	-1
9.70335292816	-1
9.70335292816	-1
9.70335292816	-1
9.70335292816	-1
9.70335292816	-1
9.70335292816	-1
9.70335292816	-1
9.72021603584	-1
9.72021603584	-1
9.72021603584	-1
9.72021603584	-1
9.72021603584	-1
9.72021603584	-1
9.72021603584	-1
9.72021603584	-1
9.7397069931	-1
9.79318189621	-1
9.79318189621	-1
9.79318189621	-1
9.79318189621	-1
9.79318189621	-1
9.79318189621	-1
9.79318189621	-1
9.79318189621	-1
9.79321599007	1
9.79321599007	1
9.83096599579	-1
9.83096599579	-1
9.83096599579	-1
9.83096599579	-1
9.83096599579	-1
9.83096599579	-1
9.83096599579	-1
9.83096599579	-1
9.86959695816	-1
9.86959695816	-1
9.86959695816	-1
9.86959695816	-1
9.86959695816	-1
9.86959695816	-1
9.86959695816	-1
9.86959695816	-1
9.89008593559	-1
9.91108393669	-1
9.91108393669	-1
9.91108393669	-1
9.91108393669	-1
9.91108393669	-1
9.91108393669	-1
9.91108393669	-1
9.91110301018	1
9.93140101433	-1
9.97403001785	-1
9.97403001785	-1
10.0137460232	-1
10.0137460232	-1
10.0137460232	-1
10.0137460232	-1
10.0137460232	-1
10.0137460232	-1
10.0137460232	-1
10.0551390648	-1
10.0551390648	-1
10.0551390648	-1
10.0551390648	-1
10.0551390648	-1
10.0551390648	-1
10.0551390648	-1
10.0551390648	-1
10.0551829338	1
10.0755028725	-1
10.0755028725	-1
10.0755028725	-1
10.0755028725	-1
10.0755028725	-1
10.0755028725	-1
10.0755028725	-1
10.0755028725	-1
10.0975959301	-1
10.1852259636	-1
10.1852259636	-1
10.1852259636	-1
10.1852710247	1
10.1852710247	1
10.2164559364	-1
10.2164559364	-1
10.2164559364	-1
10.336097002	1
10.3637390137	-1
10.4006280899	-1
10.4006280899	-1
10.4006280899	-1
10.4006280899	-1
10.4006280899	-1
10.4006280899	-1
10.4006280899	-1
10.4006280899	-1
10.4155519009	-1
10.4155519009	-1
10.4155519009	-1
10.4155519009	-1
10.4155519009	-1
10.4155519009	-1
10.4155519009	-1
10.4552559853	-1
10.4552559853	-1
10.4552559853	-1
10.4552559853	-1
10.4552559853	-1
10.4552559853	-1
10.4552559853	-1
10.4552559853	-1
10.4552719593	1
10.4878249168	-1
10.4878249168	-1
10.5045268536	-1
10.5045268536	-1
10.5045268536	-1
10.5045268536	-1
10.5045268536	-1
10.5045268536	-1
10.5045268536	-1
10.5328090191	-1
10.5328090191	-1
10.5328090191	-1
10.5328090191	-1
10.5328090191	-1
10.5328090191	-1
10.5328090191	-1
10.5328090191	-1
10.5471460819	-1
10.5626180172	-1
10.5626180172	-1
10.5626180172	-1
10.5626180172	-1
10.5626180172	-1
10.5626180172	-1
10.5626180172	-1
10.5778899193	-1
10.5778899193	-1
10.5778899193	-1
10.5778899193	-1
10.5778899193	-1
10.5778899193	-1
10.5778899193	-1
10.5778899193	-1
10.5779080391	1
10.5779080391	1
10.5972819328	-1
10.6289169788	-1
10.6543550491	-1
10.6543550491	-1
10.6543550491	-1
10.6543550491	-1
10.6543550491	-1
10.6543550491	-1
10.6543550491	-1
10.6928670406	-1
10.7166259289	-1
10.7166259289	-1
10.7166259289	-1
10.7166259289	-1
10.7166259289	-1
10.7166259289	-1
10.7166259289	-1
10.7432699203	-1
10.779116869	-1
10.779116869	-1
10.779116869	-1
10.779116869	-1
10.8202960491	-1
10.8202960491	-1
10.8216059208	1
10.8381309509	-1
10.8381309509	-1
10.8381309509	-1
10.8381309509	-1
10.8381309509	-1
10.8381309509	-1
10.8903870583	-1
10.8903870583	-1
10.8903870583	-1
10.8903870583	-1
10.8903870583	-1
10.8903870583	-1
10.8903870583	-1
10.8903870583	-1
10.9078550339	-1
10.9255208969	-1
10.9255208969	-1
10.9255208969	-1
10.9255208969	-1
10.9255208969	-1
10.9255208969	-1
10.9255208969	-1
10.942237854	-1
10.9422578812	1
10.9422578812	1
10.9597249031	-1
10.9597249031	-1
10.9597249031	-1
10.9597249031	-1
10.9597249031	-1
10.9597249031	-1
10.9597249031	-1
10.9788808823	-1
10.9975168705	-1
10.9975168705	-1
10.9975168705	-1
10.9975168705	-1
10.9975168705	-1
10.9975168705	-1
10.9975168705	-1
11.0340008736	-1
11.0340008736	-1
11.0340008736	-1
11.0340008736	-1
11.0340008736	-1
11.0340008736	-1
11.0340008736	-1
11.0340008736	-1
11.0518829823	-1
11.0687429905	-1
11.0687429905	-1
11.0687429905	-1
11.0687429905	-1
11.0687429905	-1
11.0687429905	-1
11.0687429905	-1
11.0855550766	-1
11.0855550766	-1
11.0855550766	-1
11.0855550766	-1
11.0855550766	-1
11.0855550766	-1
11.1172139645	-1
11.1172139645	-1
11.1172139645	-1
11.1183750629	1
11.1481778622	-1
11.1481778622	-1
11.1481778622	-1
11.1481778622	-1
11.1481778622	-1
11.1642050743	-1
11.1925489902	-1
11.1925489902	-1
11.1925489902	-1
11.1925489902	-1
11.1925489902	-1
11.2357158661	-1
11.2357158661	-1
11.2357158661	-1
11.2357158661	-1
11.2357158661	-1
11.2357158661	-1
11.2357158661	-1
11.2357158661	-1
11.2357158661	-1
11.2357280254	1
11.2517299652	-1
11.2517299652	-1
11.2517299652	-1
11.2517299652	-1
11.2517299652	-1
11.2517299652	-1
11.2517299652	-1
11.2639548779	-1
11.2639548779	-1
11.2639548779	-1
11.2639548779	-1
11.2639548779	-1
11.2639548779	-1
11.2639548779	-1
11.2883138657	-1
11.2883138657	-1
11.3069679737	-1
11.3069679737	-1
11.3069679737	-1
11.3069679737	-1
11.3069679737	-1
11.3069679737	-1
11.3069679737	-1
11.3174948692	-1
11.3492939472	-1
11.3492939472	-1
11.3492939472	-1
11.3492939472	-1
11.3492939472	-1
11.3492939472	-1
11.3492939472	-1
11.3635499477	-1
11.3635830879	1
11.3764820099	-1
11.3764820099	-1
11.3764820099	-1
11.3764820099	-1
11.3764820099	-1
11.3764820099	-1
11.3764820099	-1
11.3917269707	-1
11.3917269707	-1
11.3917269707	-1
11.3917269707	-1
11.3917269707	-1
11.3917269707	-1
11.3917269707	-1
11.3917269707	-1
11.4049940109	-1
11.4189810753	-1
11.4189810753	-1
11.4189810753	-1
11.4189810753	-1
11.4189810753	-1
11.4189810753	-1
11.4189810753	-1
11.4295749664	-1
11.4642369747	-1
11.4642369747	-1
11.4642369747	-1
11.4642369747	-1
11.4642369747	-1
11.4642369747	-1
11.4642369747	-1
11.4642369747	-1
11.4799869061	-1
11.4799869061	-1
11.4799869061	-1
11.4799869061	-1
11.4799869061	-1
11.4799869061	-1
11.4799869061	-1
11.4800300598	1
11.4943809509	-1
11.4943809509	-1
11.4943809509	-1
11.4943809509	-1
11.4943809509	-1
11.4943809509	-1
11.4943809509	-1
11.5219478607	-1
11.5219478607	-1
11.5341758728	-1
11.5341758728	-1
11.5341758728	-1
11.5341758728	-1
11.5341758728	-1
11.5341758728	-1
11.5341758728	-1
11.5456418991	-1
11.5671448708	-1
11.5671448708	-1
11.5671448708	-1
11.5671448708	-1
11.5671448708	-1
11.5671448708	-1
11.5671448708	-1
11.5671448708	-1
11.5787899494	-1
11.5787899494	-1
11.5787899494	-1
11.5787899494	-1
11.5787899494	-1
11.5787899494	-1
11.5787899494	-1
11.5913910866	-1
11.5913910866	-1
11.5913910866	-1
11.5913910866	-1
11.5913910866	-1
11.5913910866	-1
11.5913910866	-1
11.6048829556	-1
11.6048948765	1
11.6048948765	1
11.6272909641	-1
11.6272909641	-1
11.6272909641	-1
11.6272909641	-1
11.6272909641	-1
11.6272909641	-1
11.6272909641	-1
11.6272909641	-1
11.6379859447	-1
11.6587738991	-1
11.6587738991	-1
11.6587738991	-1
11.6587738991	-1
11.6587738991	-1
11.6587738991	-1
11.6587738991	-1
11.6587738991	-1
11.6709370613	-1
11.6709370613	-1
11.7033970356	-1
11.7033970356	-1
11.7033970356	-1
11.7033970356	-1
11.7033970356	-1
11.7033970356	-1
11.7192380428	-1
11.7192559242	1
11.7275948524	-1
11.7275948524	-1
11.7275948524	-1
11.7275948524	-1
11.7275948524	-1
11.7275948524	-1
11.7275948524	-1
11.7510690689	-1
11.7510690689	-1
11.7510690689	-1
11.7510690689	-1
11.7510690689	-1
11.7510690689	-1
11.7510690689	-1
11.7510690689	-1
11.7636790276	-1
11.7636790276	-1
11.7950110435	-1
11.7950110435	-1
11.8070099354	-1
11.8070099354	-1
11.8070099354	-1
11.8070099354	-1
11.8070099354	-1
11.8070099354	-1
11.8334479332	-1
11.8344099522	-1
11.8344099522	-1
11.8344099522	-1
11.8344099522	-1
11.8344099522	-1
11.8344099522	-1
11.8344099522	-1
11.8674089909	-1
11.8674089909	-1
11.8674089909	-1
11.8674089909	-1
11.8674089909	-1
11.8674089909	-1
11.8674089909	-1
11.8674089909	-1
11.8685569763	1
11.9024438858	-1
11.9024438858	-1
11.9024438858	-1
11.9024438858	-1
11.9024438858	-1
11.9024438858	-1
11.9024438858	-1
11.9024438858	-1
11.931787014	-1
11.931787014	-1
11.9442648888	-1
11.9442648888	-1
11.9442648888	-1
11.9442648888	-1
11.9442648888	-1
11.9442648888	-1
11.9442648888	-1
11.9603199959	-1
11.9603199959	-1
11.9603199959	-1
11.9603199959	-1
11.9603199959	-1
11.9603199959	-1
11.9603199959	-1
11.9897680283	-1
11.9897680283	-1
11.9897680283	-1
11.9897680283	-1
11.9897680283	-1
11.9897680283	-1
11.9897680283	-1
11.9897680283	-1
11.9897789955	1
12.0160210133	-1
12.0160210133	-1
12.0160210133	-1
12.0160210133	-1
12.0160210133	-1
12.0160210133	-1
12.0160210133	-1
12.0160210133	-1
12.0444869995	-1
12.0444869995	-1
12.0594520569	-1
12.0594520569	-1
12.0594520569	-1
12.0594520569	-1
12.0594520569	-1
12.0594520569	-1
12.0865309238	-1
12.0865309238	-1
12.0865309238	-1
12.0865309238	-1
12.0865309238	-1
12.0865309238	-1
12.0865309238	-1
12.0865309238	-1
12.0988938808	-1
12.0988938808	-1
12.0988938808	-1
12.0988938808	-1
12.0988938808	-1
12.0988938808	-1
12.0988938808	-1
12.0988938808	-1
12.1000890732	1
12.1000890732	1
12.1000890732	1
12.1137208939	-1
12.1137208939	-1
12.1137208939	-1
12.1137208939	-1
12.1137208939	-1
12.1137208939	-1
12.1137208939	-1
12.1375188828	-1
12.1375188828	-1
12.1591899395	-1
12.1591899395	-1
12.1591899395	-1
12.1591899395	-1
12.1591899395	-1
12.1591899395	-1
12.1591899395	-1
12.1711819172	-1
12.1807789803	-1
12.1807789803	-1
12.1807789803	-1
12.1807789803	-1
12.1807789803	-1
12.1807789803	-1
12.1807789803	-1
12.1921548843	-1
12.2054069042	-1
12.2054069042	-1
12.2054069042	-1
12.2054069042	-1
12.2054069042	-1
12.2054069042	-1
12.2054069042	-1
12.2303009033	-1
12.2303009033	-1
12.2303009033	-1
12.2303009033	-1
12.2303009033	-1
12.2303009033	-1
12.2303009033	-1
12.2303009033	-1
12.2555980682	-1
12.2555980682	-1
12.2555980682	-1
12.2555980682	-1
12.2555980682	-1
12.2555980682	-1
12.2555980682	-1
12.2571558952	1
12.2807490826	-1
12.2807490826	-1
12.2807490826	-1
12.2807490826	-1
12.2807490826	-1
12.2807490826	-1
12.2807490826	-1
12.2807490826	-1
12.2947509289	-1
12.2947509289	-1
12.2947509289	-1
12.2947509289	-1
12.2947509289	-1
12.2947509289	-1
12.2947509289	-1
12.319644928	-1
12.3196780682	-1
12.3196780682	-1
12.3196780682	-1
12.3196780682	-1
12.3196780682	-1
12.3196780682	-1
12.3196780682	-1
12.3482408524	-1
12.3482408524	-1
12.3482408524	-1
12.3591859341	-1
12.3749358654	-1
12.3749358654	-1
12.3749358654	-1
12.3749358654	-1
12.3749358654	-1
12.3749358654	-1
12.3749358654	-1
12.3749680519	1
12.3894538879	-1
12.3894538879	-1
12.3894538879	-1
12.3894538879	-1
12.3894538879	-1
12.3894538879	-1
12.3894538879	-1
12.42030406	-1
12.42030406	-1
12.42030406	-1
12.42030406	-1
12.42030406	-1
12.42030406	-1
12.42030406	-1
12.42030406	-1
12.4704349041	-1
12.4704349041	-1
12.4704349041	-1
12.4704349041	-1
12.4704349041	-1
12.4704349041	-1
12.4704349041	-1
12.4704349041	-1
12.4704349041	-1
12.499669075	-1
12.499669075	-1
12.499669075	-1
12.499669075	-1
12.499669075	-1
12.499669075	-1
12.499669075	-1
12.499669075	-1
12.49969697	1
12.5147309303	-1
12.5147309303	-1
12.5147309303	-1
12.5147309303	-1
12.5147309303	-1
12.5147309303	-1
12.5147309303	-1
12.5273580551	-1
12.5395009518	-1
12.5395009518	-1
12.5395009518	-1
12.5395009518	-1
12.5395009518	-1
12.5395009518	-1
12.5395009518	-1
12.5763499737	-1
12.5763499737	-1
12.5763499737	-1
12.5763499737	-1
12.6043269634	-1
12.6043269634	-1
12.6271879673	-1
12.6271879673	-1
12.6271879673	-1
12.6271879673	-1
12.6271879673	-1
12.6271879673	-1
12.6271879673	-1
12.6272289753	1
12.6272289753	1
12.6400198936	-1
12.6618919373	-1
12.6648190022	-1
12.6648190022	-1
12.6648190022	-1
12.6648190022	-1
12.6648190022	-1
12.6648190022	-1
12.6883878708	-1
12.6883878708	-1
12.6883878708	-1
12.6883878708	-1
12.6883878708	-1
12.6883878708	-1
12.6883878708	-1
12.6883878708	-1
12.6995000839	-1
12.6995000839	-1
12.6995000839	-1
12.6995000839	-1
12.6995000839	-1
12.6995000839	-1
12.6995000839	-1
12.6995000839	-1
12.7232658863	-1
12.7232658863	-1
12.7232658863	-1
12.7232658863	-1
12.7232658863	-1
12.7232658863	-1
12.7232658863	-1
12.7232658863	-1
12.7360870838	-1
12.7570939064	-1
12.7570939064	-1
12.7570939064	-1
12.7570939064	-1
12.7570939064	-1
12.7570939064	-1
12.7570939064	-1
12.7570939064	-1
12.7571270466	1
12.7665960789	-1
12.7665960789	-1
12.7665960789	-1
12.7665960789	-1
12.7665960789	-1
12.7665960789	-1
12.7665960789	-1
12.8034398556	-1
12.8034398556	-1
12.8034398556	-1
12.8034398556	-1
12.8034398556	-1
12.8034398556	-1
12.8034398556	-1
12.8034398556	-1
12.8216860294	-1
12.8216860294	-1
12.8216860294	-1
12.8237650394	1
12.8237650394	1
12.8237650394	1
12.8669679165	-1
12.8669679165	-1
12.8669679165	-1
12.8669679165	-1
12.8669679165	-1
12.8669679165	-1
12.8669679165	-1
12.8669679165	-1
12.8886508942	-1
12.8886508942	-1
12.8886508942	-1
12.8886508942	-1
12.8886508942	-1
12.8886508942	-1
12.8886508942	-1
12.8886508942	-1
12.8886668682	1
12.9071450233	-1
12.9245479107	-1
12.9245479107	-1
12.9245479107	-1
12.9245479107	-1
12.9245479107	-1
12.9245479107	-1
12.9245479107	-1
12.9503719807	-1
12.9503719807	-1
12.9503719807	-1
12.9503719807	-1
12.9503719807	-1
12.9503719807	-1
12.9503719807	-1
12.9503719807	-1
12.994699955	-1
12.994699955	-1
12.994699955	-1
12.994699955	-1
12.994699955	-1
12.994699955	-1
12.994699955	-1
12.994699955	-1
13.0315649509	-1
13.0316059589	1
13.0351750851	-1
13.0351750851	-1
13.0351750851	-1
13.0351750851	-1
13.0351750851	-1
13.0351750851	-1
13.0351750851	-1
13.0515110493	-1
13.0515110493	-1
13.0515110493	-1
13.0515110493	-1
13.0515110493	-1
13.0515110493	-1
13.0515110493	-1
13.0515110493	-1
13.0912370682	-1
13.0912370682	-1
13.1105780602	-1
13.1105780602	-1
13.1105780602	-1
13.1105780602	-1
13.1105780602	-1
13.1105780602	-1
13.139770031	-1
13.139770031	-1
13.139770031	-1
13.139770031	-1
13.139770031	-1
13.139770031	-1
13.139770031	-1
13.139770031	-1
13.1458408833	1
13.1577188969	-1
13.1577188969	-1
13.1577188969	-1
13.1577188969	-1
13.1577188969	-1
13.1577188969	-1
13.207431078	-1
13.207431078	-1
13.2075459957	-1
13.2075459957	-1
13.2075459957	-1
13.2075459957	-1
13.2075459957	-1
13.2075459957	-1
13.2347810268	-1
13.2347810268	-1
13.2347810268	-1
13.2347810268	-1
13.2347810268	-1
13.2347810268	-1
13.2601189613	-1
13.2601389885	1
13.2601389885	1
13.2701480389	-1
13.2701480389	-1
13.2701480389	-1
13.2701480389	-1
13.2701480389	-1
13.2701480389	-1
13.2701480389	-1
13.283520937	-1
13.283520937	-1
13.283520937	-1
13.283520937	-1
13.283520937	-1
13.283520937	-1
13.283520937	-1
13.3423330784	-1
13.3423330784	-1
13.3423330784	-1
13.3423330784	-1
13.3423330784	-1
13.3423330784	-1
13.3423330784	-1
13.3601520061	-1
13.374382019	1
13.374382019	1
13.3784589767	-1
13.3784589767	-1
13.3784589767	-1
13.3784589767	-1
13.3784589767	-1
13.3784589767	-1
13.3784589767	-1
13.4109399319	-1
13.4109399319	-1
13.4401819706	-1
13.4401819706	-1
13.4401819706	-1
13.4401819706	-1
13.4401819706	-1
13.4401819706	-1
13.471668005	-1
13.471668005	-1
13.471668005	-1
13.471668005	-1
13.471668005	-1
13.471668005	-1
13.471668005	-1
13.471668005	-1
13.4886729717	1
13.4927279949	-1
13.4927279949	-1
13.4927279949	-1
13.4927279949	-1
13.4927279949	-1
13.4927279949	-1
13.4927279949	-1
13.4927279949	-1
13.5195958614	-1
13.5353710651	-1
13.5353710651	-1
13.5353710651	-1
13.5353710651	-1
13.5353710651	-1
13.5353710651	-1
13.5353710651	-1
13.5399608612	1
13.5399608612	1
13.5399608612	1
13.5516400337	-1
13.5834729671	-1
13.5834729671	-1
13.5834729671	-1
13.5834729671	-1
13.5834729671	-1
13.5834729671	-1
13.5834729671	-1
13.5834729671	-1
13.6236460209	-1
13.6236460209	-1
13.6236460209	-1
13.6236460209	-1
13.6236460209	-1
13.6236460209	-1
13.6236460209	-1
13.6236460209	-1
13.6460940838	-1
13.6460940838	-1
13.6460940838	-1
13.6460940838	-1
13.6460940838	-1
13.6460940838	-1
13.6460940838	-1
13.6788589954	-1
13.6788589954	-1
13.6941969395	-1
13.6941969395	-1
13.6941969395	-1
13.6941969395	-1
13.6941969395	-1
13.6941969395	-1
13.6941969395	-1
13.7075300217	-1
13.7168209553	1
13.7168209553	1
13.7220780849	-1
13.7220780849	-1
13.7220780849	-1
13.7220780849	-1
13.7220780849	-1
13.7220780849	-1
13.7220780849	-1
13.7544250488	-1
13.7544250488	-1
13.7688310146	-1
13.7688310146	-1
13.7688310146	-1
13.7688310146	-1
13.7688310146	-1
13.7688310146	-1
13.7977380753	-1
13.7977380753	-1
13.8004748821	1
13.8004748821	1
13.8004748821	1
13.8004748821	1
13.8004748821	1
13.8004748821	1
13.831140995	-1
13.8326060772	-1
13.8326060772	-1
13.8326060772	-1
13.8326060772	-1
13.8326060772	-1
13.8326060772	-1
13.8326060772	-1
13.8795289993	-1
13.8795289993	-1
13.8795289993	-1
13.8795289993	-1
13.8795289993	-1
13.8795289993	-1
13.8795289993	-1
13.9081799984	-1
13.9081799984	-1
13.9081799984	-1
13.9081799984	-1
13.9081799984	-1
13.9081799984	-1
13.9081799984	-1
13.9454488754	-1
13.9454810619	1
13.9702498913	-1
13.9702498913	-1
13.9702498913	-1
13.9702498913	-1
13.9702498913	-1
13.9702498913	-1
13.9702498913	-1
13.9702498913	-1
13.9864308834	-1
14.0072059631	-1
14.0072059631	-1
14.0072059631	-1
14.0072059631	-1
14.0072059631	-1
14.0072059631	-1
14.0072059631	-1
14.0270440578	-1
14.0270440578	-1
14.0270440578	-1
14.0270440578	-1
14.0270440578	-1
14.0270440578	-1
14.0270440578	-1
14.0597229004	-1
14.0597639084	1
14.068956852	-1
14.068956852	-1
14.068956852	-1
14.068956852	-1
14.068956852	-1
14.068956852	-1
14.068956852	-1
14.1065559387	-1
14.1065559387	-1
14.1256439686	-1
14.1256439686	-1
14.1256439686	-1
14.1256439686	-1
14.1256439686	-1
14.1256439686	-1
14.1256439686	-1
14.1441340446	-1
14.1741769314	-1
14.1824300289	-1
14.1824300289	-1
14.1824300289	-1
14.1824300289	-1
14.1824300289	-1
14.1824300289	-1
14.1824300289	-1
14.2021079063	-1
14.2021079063	-1
14.2021079063	-1
14.2021079063	-1
14.2021079063	-1
14.2021079063	-1
14.2021079063	-1
14.2033178806	1
14.2201299667	-1
14.2201299667	-1
14.2201299667	-1
14.2201299667	-1
14.2201299667	-1
14.2201299667	-1
14.2201299667	-1
14.2544150352	-1
14.2709980011	-1
14.2709980011	-1
14.2709980011	-1
14.2709980011	-1
14.2709980011	-1
14.2709980011	-1
14.2709980011	-1
14.2709980011	-1
14.2861349583	-1
14.3031699657	-1
14.3031699657	-1
14.3031699657	-1
14.3031699657	-1
14.3031699657	-1
14.3031699657	-1
14.3031699657	-1
14.3187129498	-1
14.3187129498	-1
14.3187129498	-1
14.3187129498	-1
14.3187129498	-1
14.3187129498	-1
14.3187129498	-1
14.3187549114	1
14.3187549114	1
14.3633069992	-1
14.3633069992	-1
14.3633069992	-1
14.3633069992	-1
14.3633069992	-1
14.3633069992	-1
14.3633069992	-1
14.3633069992	-1
14.3633069992	-1
14.3963708878	-1
14.3963708878	-1
14.3963708878	-1
14.3963708878	-1
14.3963708878	-1
14.3963708878	-1
14.3963708878	-1
14.3963708878	-1
14.4175288677	-1
14.4451918602	-1
14.4451918602	-1
14.4451918602	-1
14.4451918602	-1
14.4451918602	-1
14.4451918602	-1
14.4451918602	-1
14.4743728638	-1
14.4744279385	-1
14.4744279385	-1
14.4744279385	-1
14.4744279385	-1
14.4744279385	-1
14.4744279385	-1
14.4744279385	-1
14.4758050442	1
14.4877140522	-1
14.4877140522	-1
14.4877140522	-1
14.4877140522	-1
14.4877140522	-1
14.4877140522	-1
14.4877140522	-1
14.4877140522	-1
14.5159859657	-1
14.5159859657	-1
14.5159859657	-1
14.5159859657	-1
14.5159859657	-1
14.5159859657	-1
14.5159859657	-1
14.5159859657	-1
14.5521759987	-1
14.5521759987	-1
14.568614006	-1
14.568614006	-1
14.568614006	-1
14.568614006	-1
14.6154088974	-1
14.6154088974	-1
14.6174449921	1
14.617497921	1
14.617497921	1
14.617497921	1
14.617497921	1
14.617497921	1
14.617497921	1
14.6514849663	-1
14.6514849663	-1
14.6514849663	-1
14.6514849663	-1
14.6514849663	-1
14.6514849663	-1
14.6514849663	-1
14.6669199467	-1
14.685849905	-1
14.685849905	-1
14.685849905	-1
14.685849905	-1
14.685849905	-1
14.685849905	-1
14.685849905	-1
14.7204048634	-1
14.7204048634	-1
14.7204048634	-1
14.7204048634	-1
14.7204048634	-1
14.7204048634	-1
14.7204048634	-1
14.7204048634	-1
14.7216920853	1
14.7216920853	1
14.7340228558	1
14.749655962	-1
14.749655962	-1
14.749655962	-1
14.749655962	-1
14.749655962	-1
14.749655962	-1
14.749655962	-1
14.749655962	-1
14.7800359726	-1
14.7800359726	-1
14.7800359726	-1
14.7800359726	-1
14.7800359726	-1
14.7800359726	-1
14.7800359726	-1
14.7800359726	-1
14.8169410229	-1
14.8169410229	-1
14.8169410229	-1
14.8169410229	-1
14.8169410229	-1
14.8169410229	-1
14.8169410229	-1
14.8169410229	-1
14.8358230591	-1
14.8358230591	-1
14.8358230591	-1
14.8358230591	-1
14.8358230591	-1
14.8358230591	-1
14.8358230591	-1
14.8358230591	-1
14.8685028553	-1
14.8685028553	-1
14.8685028553	-1
14.8685028553	-1
14.8685028553	-1
14.8685028553	-1
14.8685028553	-1
14.8701660633	1
14.9032180309	-1
14.9032180309	-1
14.918227911	-1
14.918227911	-1
14.918227911	-1
14.918227911	-1
14.918227911	-1
14.918227911	-1
14.918227911	-1
14.9354879856	-1
14.9354879856	-1
14.9354879856	-1
14.9354879856	-1
14.9354879856	-1
14.9354879856	-1
14.9354879856	-1
14.9687139988	-1
14.9687139988	-1
14.9829618931	-1
14.9829618931	-1
14.9829618931	-1
14.9829618931	-1
14.9829618931	-1
14.9829618931	-1
14.9829618931	-1
15.000592947	-1
15.000592947	-1
15.000592947	-1
15.000592947	-1
15.000592947	-1
15.000592947	-1
15.000592947	-1
15.000592947	-1
15.0006260872	1
15.0006260872	1
15.0208079815	-1
15.0453429222	-1
15.0552420616	-1
15.0552420616	-1
15.0552420616	-1
15.0552420616	-1
15.0552420616	-1
15.0552420616	-1
15.0873739719	-1
15.0873739719	-1
15.0873739719	-1
15.0873739719	-1
15.0873739719	-1
15.0873739719	-1
15.0873739719	-1
15.0873739719	-1
15.1260309219	-1
15.1260309219	-1
15.1260309219	-1
15.1260309219	-1
15.1260309219	-1
15.1260309219	-1
15.1260309219	-1
15.1260309219	-1
15.1275670528	1
15.1444149017	-1
15.1444149017	-1
15.1444149017	-1
15.1444149017	-1
15.1444149017	-1
15.1444149017	-1
15.1444149017	-1
15.1444149017	-1
15.1765239239	-1
15.1765239239	-1
15.1765239239	-1
15.1765239239	-1
15.1765239239	-1
15.1765239239	-1
15.1765239239	-1
15.2082459927	-1
15.2082948685	-1
15.2082948685	-1
15.2082948685	-1
15.2082948685	-1
15.2082948685	-1
15.2082948685	-1
15.2082948685	-1
15.2372009754	-1
15.2372009754	-1
15.2372009754	-1
15.2372009754	-1
15.2372009754	-1
15.2372009754	-1
15.2372009754	-1
15.2372009754	-1
15.2522749901	-1
15.2522749901	-1
15.2522749901	-1
15.2522749901	-1
15.2522749901	-1
15.2522749901	-1
15.2522749901	-1
15.2522749901	-1
15.2523069382	1
15.2666509151	-1
15.2666509151	-1
15.2905070782	-1
15.2977180481	-1
15.2977180481	-1
15.2977180481	-1
15.2977180481	-1
15.2977180481	-1
15.3148169518	-1
15.3309350014	-1
15.3309350014	-1
15.3309350014	-1
15.3309350014	-1
15.3309350014	-1
15.3309350014	-1
15.3309350014	-1
15.3477060795	-1
15.3680238724	-1
15.3680238724	-1
15.3680238724	-1
15.3680238724	-1
15.3680238724	-1
15.3680238724	-1
15.3680238724	-1
15.368062973	1
15.3833608627	-1
15.3833608627	-1
15.3833608627	-1
15.3833608627	-1
15.3833608627	-1
15.3833608627	-1
15.3833608627	-1
15.3833608627	-1
15.3969159126	-1
15.3969159126	-1
15.4118099213	-1
15.4118099213	-1
15.4118099213	-1
15.4118099213	-1
15.4118099213	-1
15.4118099213	-1
15.4395759106	-1
15.4395759106	-1
15.4395759106	-1
15.4395759106	-1
15.4395759106	-1
15.4395759106	-1
15.4395759106	-1
15.4395759106	-1
15.4565269947	-1
15.4565269947	-1
15.4565269947	-1
15.4565269947	-1
15.4565269947	-1
15.4565269947	-1
15.4565269947	-1
15.4565269947	-1
15.4892950058	-1
15.4892950058	-1
15.4892950058	-1
15.4892950058	-1
15.4893300533	1
15.4893300533	1
15.5185599327	-1
15.5185599327	-1
15.5310709476	-1
15.5310709476	-1
15.5310709476	-1
15.5310709476	-1
15.5310709476	-1
15.5310709476	-1
15.5310709476	-1
15.5422508717	-1
15.5422508717	-1
15.5422508717	-1
15.5422508717	-1
15.5422508717	-1
15.5422508717	-1
15.5422508717	-1
15.574078083	-1
15.574078083	-1
15.574078083	-1
15.574078083	-1
15.574078083	-1
15.574078083	-1
15.574078083	-1
15.574078083	-1
15.6054069996	-1
15.6054069996	-1
15.6054069996	-1
15.6054069996	-1
15.6054069996	-1
15.6054069996	-1
15.6194350719	-1
15.6194350719	-1
15.6194350719	-1
15.6194350719	-1
15.6194350719	-1
15.6194350719	-1
15.6194350719	-1
15.6208670139	1
15.6311540604	-1
15.6477360725	-1
15.6477360725	-1
15.6477360725	-1
15.6477360725	-1
15.6833720207	-1
15.6833720207	-1
15.7084028721	-1
15.7084028721	-1
15.7084028721	-1
15.7084028721	-1
15.7084028721	-1
15.7084028721	-1
15.7084028721	-1
15.7171239853	1
15.7171239853	1
15.7171239853	1
15.7174320221	1
15.7174320221	1
15.7174320221	1
15.7342610359	-1
15.7342610359	-1
15.7342610359	-1
15.7342610359	-1
15.7342610359	-1
15.7342610359	-1
15.7342610359	-1
15.7606379986	-1
15.7606379986	-1
15.7606379986	-1
15.7606379986	-1
15.7606379986	-1
15.7606379986	-1
15.7606379986	-1
15.8058738708	-1
15.8058738708	-1
15.8268039227	-1
15.8268039227	-1
15.8268039227	-1
15.8268039227	-1
15.8268039227	-1
15.8268039227	-1
15.8268039227	-1
15.8502860069	-1
15.8610739708	1
15.913079977	-1
15.913079977	-1
15.913079977	-1
15.913079977	-1
15.913079977	-1
15.913079977	-1
15.913079977	-1
15.913079977	-1
15.9354550838	-1
15.9354550838	-1
15.9354550838	-1
15.9354550838	-1
15.9354550838	-1
15.9354550838	-1
15.9354550838	-1
15.953660965	-1
15.953660965	-1
15.953660965	-1
15.953660965	-1
15.953660965	-1
15.953660965	-1
15.953660965	-1
15.975233078	-1
15.9752619267	1
16.0067288876	-1
16.0067288876	-1
16.0067288876	-1
16.0067288876	-1
16.0067288876	-1
16.0067288876	-1
16.0067288876	-1
16.0067288876	-1
16.0266969204	-1
16.0424220562	-1
16.0424220562	-1
16.0424220562	-1
16.0424220562	-1
16.0424220562	-1
16.0424220562	-1
16.0424220562	-1
16.063065052	-1
16.063065052	-1
16.063065052	-1
16.063065052	-1
16.063065052	-1
16.063065052	-1
16.063065052	-1
16.0894639492	-1
16.0894870758	1
16.1192350388	-1
16.1192350388	-1
16.1192350388	-1
16.1192350388	-1
16.1192350388	-1
16.1192350388	-1
16.1192350388	-1
16.1192350388	-1
16.1350679398	-1
16.1350679398	-1
16.1350679398	-1
16.1350679398	-1
16.1350679398	-1
16.1350679398	-1
16.1350679398	-1
16.1350679398	-1
16.1510958672	-1
16.183193922	-1
16.183193922	-1
16.183193922	-1
16.183193922	-1
16.183193922	-1
16.183193922	-1
16.183193922	-1
16.2012360096	-1
16.2182939053	-1
16.2182939053	-1
16.2182939053	-1
16.2182939053	-1
16.2182939053	-1
16.2182939053	-1
16.2182939053	-1
16.2347090244	-1
16.2347090244	-1
16.2347090244	-1
16.2543969154	-1
16.2553939819	1
16.2915580273	-1
16.2915580273	-1
16.2915580273	-1
16.2915580273	-1
16.2915580273	-1
16.2915580273	-1
16.2915580273	-1
16.3085079193	-1
16.3273949623	-1
16.3273949623	-1
16.3273949623	-1
16.3273949623	-1
16.3273949623	-1
16.3273949623	-1
16.3273949623	-1
16.344340086	-1
16.344340086	-1
16.344340086	-1
16.344340086	-1
16.3593199253	-1
16.3593199253	-1
16.3593199253	-1
16.3593199253	-1
16.3593199253	-1
16.3593199253	-1
16.3593199253	-1
16.3985688686	-1
16.3985688686	-1
16.4144799709	-1
16.4144799709	-1
16.4320709705	-1
16.4329099655	1
16.4665138721	-1
16.4665138721	-1
16.4665138721	-1
16.4665138721	-1
16.4665138721	-1
16.4665138721	-1
16.4978868961	-1
16.4978868961	-1
16.4978868961	-1
16.4978868961	-1
16.4978868961	-1
16.4978868961	-1
16.4978868961	-1
16.4978868961	-1
16.5472390652	-1
16.5472390652	-1
16.5472750664	1
16.5492069721	-1
16.5492069721	-1
16.5492069721	-1
16.5492069721	-1
16.5492069721	-1
16.5660178661	-1
16.6026690006	-1
16.6026690006	-1
16.6026690006	-1
16.6026690006	-1
16.6026690006	-1
16.6352300644	-1
16.6352300644	-1
16.6352300644	-1
16.6620309353	-1
16.6620519161	1
16.688325882	-1
16.688325882	-1
16.688325882	-1
16.688325882	-1
16.688325882	-1
16.688325882	-1
16.688325882	-1
16.688325882	-1
16.7123060226	-1
16.7123060226	-1
16.7123060226	-1
16.7123060226	-1
16.7123060226	-1
16.7123060226	-1
16.7123060226	-1
16.7356319427	-1
16.7356319427	-1
16.7356319427	-1
16.7356319427	-1
16.7356319427	-1
16.7356319427	-1
16.7356319427	-1
16.776129961	-1
16.7761750221	1
16.7761750221	1
16.806748867	-1
16.806748867	-1
16.806748867	-1
16.806748867	-1
16.806748867	-1
16.806748867	-1
16.806748867	-1
16.806748867	-1
16.8292300701	-1
16.9473969936	-1
16.9473969936	-1
16.9473969936	-1
16.9473969936	-1
16.9473969936	-1
16.9473969936	-1
16.9473969936	-1
16.9894979	-1
16.9894979	-1
16.9894979	-1
16.9894979	-1
16.9894979	-1
16.9894979	-1
16.9894979	-1
17.051514864	-1
17.051514864	-1
17.051514864	-1
17.051514864	-1
17.051514864	-1
17.051514864	-1
17.051514864	-1
17.051514864	-1
17.0834739208	-1
17.1186549664	-1
17.1421868801	-1
17.1421868801	-1
17.1421868801	-1
17.1421868801	-1
17.1421868801	-1
17.1421868801	-1
17.1421868801	-1
17.1947178841	-1
17.1947178841	-1
17.1961009502	1
17.2327458858	-1
17.3109519482	-1
17.3109519482	-1
17.3109519482	-1
17.3109929562	1
17.3665759563	-1
17.3665759563	-1
17.3906769753	-1
17.3906769753	-1
17.3906769753	-1
17.4440839291	-1
17.4440839291	-1
17.4440839291	-1
17.4440839291	-1
17.4440839291	-1
17.4440839291	-1
17.4440839291	-1
17.4441208839	1
17.4441208839	1
17.4956250191	-1
17.4956250191	-1
17.4956250191	-1
17.4956250191	-1
17.4956250191	-1
17.4956250191	-1
17.4956250191	-1
17.4956250191	-1
17.5242378712	-1
17.5242378712	-1
17.5573709011	-1
17.5970568657	1
17.6318109035	-1
17.6318109035	-1
17.6318109035	-1
17.6318109035	-1
17.6318109035	-1
17.6318109035	-1
17.6318109035	-1
17.6318109035	-1
17.6667878628	-1
17.6667878628	-1
17.6667878628	-1
17.6667878628	-1
17.6667878628	-1
17.6667878628	-1
17.6667878628	-1
17.730396986	-1
17.730396986	-1
17.730396986	-1
17.730396986	-1
17.730396986	-1
17.730396986	-1
17.730396986	-1
17.7304298878	1
17.7793200016	-1
17.7859098911	-1
17.7865149975	1
17.7865149975	1
17.7865149975	1
17.8274960518	-1
17.8274960518	-1
17.8274960518	-1
17.8274960518	-1
17.8274960518	-1
17.8865020275	-1
17.9273779392	-1
17.9273779392	-1
17.9273779392	-1
17.9273779392	-1
17.9273779392	-1
17.9273779392	-1
17.9273779392	-1
17.9573059082	-1
17.9573059082	-1
17.9573059082	-1
17.9573059082	-1
17.9573059082	-1
17.9573059082	-1
17.9573059082	-1
18.0144529343	-1
18.0144870281	1
18.0161879063	-1
18.0161879063	-1
18.0161879063	-1
18.0161879063	-1
18.0161879063	-1
18.0161879063	-1
18.0161879063	-1
18.0755028725	-1
18.0755028725	-1
18.1286399364	-1
18.1595480442	-1
18.1595480442	-1
18.1595480442	-1
18.1605379581	1
18.2262229919	-1
18.2262229919	-1
18.2262229919	-1
18.2262229919	-1
18.2262229919	-1
18.2262229919	-1
18.2262229919	-1
18.2262229919	-1
18.2548339367	-1
18.2548339367	-1
18.2548339367	-1
18.2548339367	-1
18.2548339367	-1
18.2548339367	-1
18.2548339367	-1
18.2835459709	-1
18.2835459709	-1
18.2835459709	-1
18.2835459709	-1
18.2835459709	-1
18.2835459709	-1
18.2835459709	-1
18.3689460754	-1
18.3689460754	-1
18.3696608543	-1
18.3696608543	-1
18.3696608543	-1
18.3696608543	-1
18.3696608543	-1
18.3696608543	-1
18.3696608543	-1
18.3701689243	1
18.4254610538	-1
18.4254610538	-1
18.4620170593	-1
18.4620170593	-1
18.4620170593	-1
18.4620170593	-1
18.4620170593	-1
18.4620170593	-1
18.4620170593	-1
18.4914028645	-1
18.4914028645	-1
18.4914028645	-1
18.4914028645	-1
18.4914028645	-1
18.4914028645	-1
18.4914028645	-1
18.4914269447	1
18.5558969975	-1
18.5558969975	-1
18.5558969975	-1
18.5558969975	-1
18.5558969975	-1
18.5558969975	-1
18.5558969975	-1
18.5558969975	-1
18.5980730057	-1
18.619781971	-1
18.619781971	-1
18.619781971	-1
18.619781971	-1
18.619781971	-1
18.619781971	-1
18.6198148727	1
18.6813209057	-1
18.6813209057	-1
18.6813209057	-1
18.6813209057	-1
18.6813209057	-1
18.6813209057	-1
18.6813209057	-1
18.6813209057	-1
18.7082898617	-1
18.7082898617	-1
18.7082898617	-1
18.7082898617	-1
18.7082898617	-1
18.7082898617	-1
18.7082898617	-1
18.7879989147	-1
18.7879989147	-1
18.7879989147	-1
18.7879989147	-1
18.7879989147	-1
18.7879989147	-1
18.7879989147	-1
18.7879989147	-1
18.7879989147	-1
18.8271729946	-1
18.8284900188	1
18.8626768589	-1
18.8626768589	-1
18.8626768589	-1
18.8626768589	-1
18.8626768589	-1
18.8626768589	-1
18.8626768589	-1
18.8626768589	-1
18.8895120621	-1
18.8895120621	-1
18.8895120621	-1
18.8895120621	-1
18.8895120621	-1
18.8895120621	-1
18.8895120621	-1
18.9116840363	-1
18.9116840363	-1
18.9116840363	-1
18.9116840363	-1
18.9116840363	-1
18.9116840363	-1
18.9116840363	-1
18.9427678585	-1
18.9767010212	1
18.9856739044	-1
18.9856739044	-1
18.9856739044	-1
18.9856739044	-1
18.9856739044	-1
19.0051488876	-1
19.0233449936	-1
19.0233449936	-1
19.0233449936	-1
19.0233449936	-1
19.0233449936	-1
19.0233449936	-1
19.0233449936	-1
19.0438630581	-1
19.0668299198	-1
19.0668299198	-1
19.0668299198	-1
19.0908088684	1
19.0908088684	1
19.133895874	-1
19.133895874	-1
19.133895874	-1
19.133895874	-1
19.133895874	-1
19.133895874	-1
19.133895874	-1
19.133895874	-1
19.1753070354	-1
19.1753070354	-1
19.1753070354	-1
19.1753070354	-1
19.1753070354	-1
19.1753070354	-1
19.1753070354	-1
19.2051620483	-1
19.2051999569	1
19.2337510586	-1
19.2337510586	-1
19.2337510586	-1
19.2337510586	-1
19.2337510586	-1
19.2337510586	-1
19.2337510586	-1
19.2696330547	-1
19.2714920044	1
19.2714920044	1
19.2714920044	1
19.3161978722	-1
19.3161978722	-1
19.3161978722	-1
19.3161978722	-1
19.3161978722	-1
19.3161978722	-1
19.3680920601	-1
19.3680920601	-1
19.3680920601	-1
19.3680920601	-1
19.3680920601	-1
19.3680920601	-1
19.3680920601	-1
19.3680920601	-1
19.3680920601	-1
19.4019639492	-1
19.4019639492	-1
19.4184360504	-1
19.4184360504	-1
19.4184360504	-1
19.4184360504	-1
19.4184360504	-1
19.4184360504	-1
19.4554748535	-1
19.4554748535	-1
19.4554748535	-1
19.4554748535	-1
19.4554748535	-1
19.4554748535	-1
19.4554748535	-1
19.4554748535	-1
19.4725599289	-1
19.4725599289	-1
19.4725599289	-1
19.4725599289	-1
19.4725599289	-1
19.4725599289	-1
19.4725599289	-1
19.4725599289	-1
19.4904119968	-1
19.4917850494	1
19.5078430176	-1
19.5078430176	-1
19.5078430176	-1
19.5078430176	-1
19.5078430176	-1
19.5078430176	-1
19.5078430176	-1
19.5230329037	-1
19.5541288853	-1
19.5541288853	-1
19.5541288853	-1
19.5541288853	-1
19.5541288853	-1
19.5541288853	-1
19.5541288853	-1
19.5904479027	-1
19.5904479027	-1
19.5904479027	-1
19.5904479027	-1
19.5904479027	-1
19.5904479027	-1
19.5904479027	-1
19.5904479027	-1
19.6076500416	-1
19.6268589497	-1
19.6268589497	-1
19.6268589497	-1
19.6268589497	-1
19.6268589497	-1
19.6668329239	-1
19.6668329239	-1
19.6668329239	-1
19.6668329239	-1
19.6668329239	-1
19.6668329239	-1
19.6668329239	-1
19.6680750847	1
19.6841368675	-1
19.702589035	-1
19.702589035	-1
19.702589035	-1
19.702589035	-1
19.7471499443	-1
19.7471499443	-1
19.7471499443	-1
19.7471499443	-1
19.7471499443	-1
19.7471499443	-1
19.7471499443	-1
19.7471499443	-1
19.7471499443	-1
19.7812070847	-1
19.7812070847	-1
19.8175990582	1
19.8175990582	1
19.8185589314	-1
19.8185589314	-1
19.8185589314	-1
19.8384230137	-1
19.8384230137	-1
19.8384230137	-1
19.8384230137	-1
19.8384230137	-1
19.8384230137	-1
19.9056749344	-1
19.9056749344	-1
19.9056749344	-1
19.9056749344	-1
19.9056749344	-1
19.9056749344	-1
19.9056749344	-1
19.9056749344	-1
19.9303600788	-1
19.9303600788	-1
19.9303600788	-1
19.9303600788	-1
19.9303600788	-1
19.9303600788	-1
19.9303600788	-1
19.9303600788	-1
19.9540479183	-1
19.973929882	-1
19.973929882	-1
19.973929882	-1
19.973929882	-1
19.973929882	-1
19.973929882	-1
19.973929882	-1
20.0127780437	-1
20.0127780437	-1
20.0455029011	-1
20.0455029011	-1
20.0464940071	1
20.062746048	-1
20.062746048	-1
20.062746048	-1
20.062746048	-1
20.062746048	-1
20.062746048	-1
20.0880160332	-1
20.1171789169	-1
20.1171789169	-1
20.1171789169	-1
20.1171789169	-1
20.1171789169	-1
20.1171789169	-1
20.1619858742	-1
20.1619858742	-1
20.1789028645	-1
20.1789028645	-1
20.1789028645	-1
20.1789028645	-1
20.1789028645	-1
20.1789028645	-1
20.1795580387	1
20.2180159092	-1
20.2180159092	-1
20.2180159092	-1
20.2180159092	-1
20.2180159092	-1
20.2180159092	-1
20.2558009624	-1
20.2558009624	-1
20.2558009624	-1
20.3109490871	-1
20.3109490871	-1
20.3109490871	-1
20.3109810352	1
20.331182003	-1
20.331182003	-1
20.369946003	-1
20.369946003	-1
20.3844680786	-1
20.3844680786	-1
20.3844680786	-1
20.3844680786	-1
20.4180119038	-1
20.4180119038	-1
20.4180119038	-1
20.4180119038	-1
20.4180119038	-1
20.4180119038	-1
20.4180119038	-1
20.4180119038	-1
20.4537870884	-1
20.4537870884	-1
20.4537870884	-1
20.4537870884	-1
20.4537870884	-1
20.4538180828	1
20.4839940071	-1
20.4874939919	-1
20.4874939919	-1
20.4874939919	-1
20.4874939919	-1
20.4874939919	-1
20.4874939919	-1
20.4874939919	-1
20.5032448769	-1
20.5032448769	-1
20.5032448769	-1
20.5032448769	-1
20.5032448769	-1
20.5032448769	-1
20.5032448769	-1
20.5395319462	-1
20.5395319462	-1
20.5395319462	-1
20.5395319462	-1
20.5395319462	-1
20.5395319462	-1
20.5395319462	-1
20.5395319462	-1
20.5416009426	1
20.5416009426	1
20.5416009426	1
20.5742430687	-1
20.5742430687	-1
20.5742430687	-1
20.5742430687	-1
20.5742430687	-1
20.5742430687	-1
20.5742430687	-1
20.5742430687	-1
20.5742809772	1
20.5742809772	1
20.5924260616	-1
20.6514048576	-1
20.6514048576	-1
20.6514048576	-1
20.6514048576	-1
20.6947798729	-1
20.6947798729	-1
20.6959040165	1
20.7128610611	-1
20.7128610611	-1
20.7128610611	-1
20.7128610611	-1
20.7128610611	-1
20.7128610611	-1
20.7492508888	-1
20.7524290085	-1
20.7524290085	-1
20.7524290085	-1
20.7524290085	-1
20.7524290085	-1
20.7524290085	-1
20.7879989147	-1
20.7879989147	-1
20.7879989147	-1
20.8301050663	-1
20.8301050663	-1
20.8301379681	1
20.8733558655	-1
20.8733558655	-1
20.8733558655	-1
20.8733558655	-1
20.9331710339	-1
20.9331710339	-1
20.9733080864	-1
20.9733080864	-1
20.9733080864	-1
20.9733080864	-1
20.9733080864	-1
20.9733080864	-1
20.9733080864	-1
21.0629248619	-1
21.0629248619	-1
21.0629248619	-1
21.0629248619	-1
21.1023039818	-1
21.1173548698	-1
21.1173548698	-1
21.1173548698	-1
21.1173548698	-1
21.1173548698	-1
21.1173548698	-1
21.1493830681	-1
21.1493830681	-1
21.1493830681	-1
21.1493830681	-1
21.1505548954	1
21.1651530266	-1
21.198718071	-1
21.198718071	-1
21.198718071	-1
21.198718071	-1
21.198718071	-1
21.198718071	-1
21.198718071	-1
21.2145090103	-1
21.2330629826	-1
21.2330629826	-1
21.2330629826	-1
21.2330629826	-1
21.2330629826	-1
21.2330629826	-1
21.2330629826	-1
21.2749810219	-1
21.2749810219	-1
21.2750160694	1
21.2750160694	1
21.2939889431	-1
21.2939889431	-1
21.2939889431	-1
21.2939889431	-1
21.3109018803	-1
21.347317934	-1
21.347317934	-1
21.4157118797	-1
21.4157118797	-1
21.4157118797	-1
21.4157118797	-1
21.4157118797	-1
21.4157118797	-1
21.4157590866	1
21.4157590866	1
21.4386680126	-1
21.4386680126	-1
21.474627018	-1
21.474627018	-1
21.474627018	-1
21.474627018	-1
21.474627018	-1
21.474627018	-1
21.474627018	-1
21.4930999279	-1
21.5113449097	-1
21.5113449097	-1
21.5113449097	-1
21.5113449097	-1
21.5113449097	-1
21.5113449097	-1
21.5113449097	-1
21.5455000401	-1
21.5455000401	-1
21.5455000401	-1
21.5455000401	-1
21.5455000401	-1
21.5455000401	-1
21.5455000401	-1
21.5455179214	1
21.5455179214	1
21.5828490257	-1
21.5828490257	-1
21.5828490257	-1
21.5828490257	-1
21.5828490257	-1
21.5828490257	-1
21.5828490257	-1
21.5828490257	-1
21.6027569771	-1
21.6027569771	-1
21.6027569771	-1
21.6577968597	-1
21.6577968597	-1
21.6577968597	-1
21.6577968597	-1
21.6577968597	-1
21.6577968597	-1
21.6577968597	-1
21.6577968597	-1
21.6743738651	1
21.7083079815	-1
21.7083079815	-1
21.7083079815	-1
21.7083079815	-1
21.7083079815	-1
21.7083079815	-1
21.7083079815	-1
21.7083079815	-1
21.727864027	-1
21.727864027	-1
21.7425060272	-1
21.7651569843	-1
21.7719578743	-1
21.7719578743	-1
21.7719578743	-1
21.7719578743	-1
21.7719578743	-1
21.7719578743	-1
21.8009479046	-1
21.8009479046	-1
21.8009479046	-1
21.8009479046	-1
21.8009479046	-1
21.8009479046	-1
21.8009479046	-1
21.8009479046	-1
21.8701989651	-1
21.8701989651	-1
21.8701989651	-1
21.8715028763	1
21.8900229931	-1
21.8900229931	-1
21.8900229931	-1
21.8900229931	-1
21.8900229931	-1
21.8900229931	-1
21.8900229931	-1
21.9287190437	-1
21.9287190437	-1
21.94668293	-1
21.94668293	-1
21.94668293	-1
21.94668293	-1
21.94668293	-1
21.94668293	-1
21.981648922	-1
21.981648922	-1
21.981648922	-1
21.981648922	-1
21.981648922	-1
21.981648922	-1
21.981648922	-1
21.981648922	-1
22.0041768551	-1
22.0042119026	1
22.0183138847	-1
22.0183138847	-1
22.0183138847	-1
22.0183138847	-1
22.0183138847	-1
22.0183138847	-1
22.0506629944	-1
22.0506629944	-1
22.0506629944	-1
22.0506629944	-1
22.0506629944	-1
22.0506629944	-1
22.0506629944	-1
22.0506629944	-1
22.0821070671	-1
22.0821070671	-1
22.0821070671	-1
22.1182780266	-1
22.118295908	1
22.1186158657	-1
22.1186158657	-1
22.1186158657	-1
22.1186158657	-1
22.1186158657	-1
22.1186158657	-1
22.1541190147	-1
22.1541190147	-1
22.1541190147	-1
22.1541190147	-1
22.1541190147	-1
22.189743042	-1
22.189743042	-1
22.189743042	-1
22.189743042	-1
22.189743042	-1
22.2087168694	-1
22.2324810028	-1
22.2325220108	1
22.2657780647	-1
22.2657780647	-1
22.2657780647	-1
22.3059089184	-1
22.3059089184	-1
22.3059089184	-1
22.3059089184	-1
22.3059089184	-1
22.3059089184	-1
22.3059089184	-1
22.3059089184	-1
22.346585989	-1
22.3466260433	1
22.3694829941	-1
22.3694829941	-1
22.3694829941	-1
22.3890669346	-1
22.3890669346	-1
22.3890669346	-1
22.3890669346	-1
22.3890669346	-1
22.3890669346	-1
22.3890669346	-1
22.4061799049	-1
22.4609520435	-1
22.4609520435	-1
22.5019168854	-1
22.5019168854	-1
22.5019168854	-1
22.5223619938	-1
22.5223619938	-1
22.5223619938	-1
22.5223619938	-1
22.5223619938	-1
22.5223619938	-1
22.5608038902	-1
22.5608038902	-1
22.5608038902	-1
22.5608038902	-1
22.5608038902	-1
22.5608038902	-1
22.5608038902	-1
22.5608038902	-1
22.5765309334	1
22.5934369564	-1
22.5934369564	-1
22.5934369564	-1
22.5934369564	-1
22.5934369564	-1
22.6102268696	-1
22.6424429417	-1
22.6424429417	-1
22.6424429417	-1
22.6424429417	-1
22.6424429417	-1
22.6424429417	-1
22.6424429417	-1
22.6424429417	-1
22.6752979755	-1
22.6752979755	-1
22.6752979755	-1
22.6752979755	-1
22.6752979755	-1
22.6752979755	-1
22.6752979755	-1
22.6752979755	-1
22.7276339531	-1
22.7276339531	-1
22.7276339531	-1
22.7276339531	-1
22.7276339531	-1
22.7276339531	-1
22.7276339531	-1
22.7276339531	-1
22.7600109577	-1
22.7600109577	-1
22.7600109577	-1
22.7600109577	-1
22.7600109577	-1
22.7600109577	-1
22.7600109577	-1
22.7600109577	-1
22.7748579979	-1
22.7752199173	1
22.7906529903	-1
22.7906529903	-1
22.7906529903	-1
22.7906529903	-1
22.7906529903	-1
22.7906529903	-1
22.7906529903	-1
22.8118698597	-1
22.8118698597	-1
22.8118698597	-1
22.8118698597	-1
22.8118698597	-1
22.8118698597	-1
22.8118698597	-1
22.8118698597	-1
22.833427906	-1
22.833427906	-1
22.833427906	-1
22.833427906	-1
22.833427906	-1
22.833427906	-1
22.833427906	-1
22.833427906	-1
22.8705940247	-1
22.8933880329	-1
22.8933880329	-1
22.8933880329	-1
22.8933880329	-1
22.8933880329	-1
22.8933880329	-1
22.8933880329	-1
22.8933880329	-1
22.9260499477	-1
22.9762010574	-1
22.9762010574	-1
22.9762010574	-1
22.9762010574	-1
22.9762010574	-1
22.9762010574	-1
23.0191419125	-1
23.0191419125	-1
23.0191419125	-1
23.0191419125	-1
23.0209999084	1
23.0417420864	-1
23.0782120228	-1
23.0782120228	-1
23.0782120228	-1
23.0782120228	-1
23.0782120228	-1
23.0782120228	-1
23.0782120228	-1
23.1151599884	-1
23.1151599884	-1
23.1151599884	-1
23.1151599884	-1
23.1151599884	-1
23.1151599884	-1
23.1151599884	-1
23.1151599884	-1
23.1343798637	-1
23.1536080837	-1
23.1536080837	-1
23.1536080837	-1
23.1536080837	-1
23.1536080837	-1
23.1536080837	-1
23.1536080837	-1
23.1536080837	-1
23.1536400318	1
23.1696639061	-1
23.1696639061	-1
23.2040278912	-1
23.2040278912	-1
23.2040278912	-1
23.2040278912	-1
23.2231678963	-1
23.2231678963	-1
23.2231678963	-1
23.2231678963	-1
23.2231678963	-1
23.2231678963	-1
23.2581110001	-1
23.2581110001	-1
23.2581110001	-1
23.2581110001	-1
23.2749159336	-1
23.2749159336	-1
23.2749159336	-1
23.2749159336	-1
23.2749159336	-1
23.2749159336	-1
23.2749159336	-1
23.2749159336	-1
23.2749578953	1
23.2749578953	1
23.2904469967	-1
23.2904469967	-1
23.3233380318	-1
23.3233380318	-1
23.3233380318	-1
23.3233380318	-1
23.3233380318	-1
23.3233380318	-1
23.3233380318	-1
23.3233380318	-1
23.3545260429	-1
23.3545260429	-1
23.3545260429	-1
23.374961853	-1
23.374961853	-1
23.374961853	-1
23.4102480412	-1
23.4102480412	-1
23.4102480412	-1
23.4102480412	-1
23.4102480412	-1
23.4102649689	1
23.4622979164	-1
23.4622979164	-1
23.4622979164	-1
23.4622979164	-1
23.4622979164	-1
23.4622979164	-1
23.4622979164	-1
23.4622979164	-1
23.4622979164	-1
23.5100018978	-1
23.5100018978	-1
23.5100018978	-1
23.5100018978	-1
23.5100018978	-1
23.5100018978	-1
23.5100018978	-1
23.5100018978	-1
23.5100018978	-1
23.5414569378	-1
23.5414569378	-1
23.5414569378	-1
23.5414569378	-1
23.5414569378	-1
23.5414569378	-1
23.5414569378	-1
23.5414569378	-1
23.5414719582	1
23.5414719582	1
23.5575070381	-1
23.5575070381	-1
23.5575070381	-1
23.5575070381	-1
23.5575070381	-1
23.5575070381	-1
23.5575070381	-1
23.5750808716	-1
23.6151809692	-1
23.6151809692	-1
23.6151809692	-1
23.6151809692	-1
23.6151809692	-1
23.6151809692	-1
23.6151809692	-1
23.6151809692	-1
23.6347749233	-1
23.6521599293	-1
23.6521599293	-1
23.6521599293	-1
23.6521599293	-1
23.6521599293	-1
23.6521599293	-1
23.6521599293	-1
23.667288065	-1
23.667288065	-1
23.6832990646	-1
23.6832990646	-1
23.7021889687	-1
23.7021889687	-1
23.7021889687	-1
23.7021889687	-1
23.7021889687	-1
23.7021889687	-1
23.7021889687	-1
23.7197408676	-1
23.7197408676	-1
23.7391848564	-1
23.7391848564	-1
23.7391848564	-1
23.7391848564	-1
23.7391848564	-1
23.7391848564	-1
23.7391848564	-1
23.7391848564	-1
23.7571129799	-1
23.7571129799	-1
23.7571129799	-1
23.7571129799	-1
23.7571129799	-1
23.7893719673	-1
23.7893719673	-1
23.7893719673	-1
23.7893719673	-1
23.7893719673	-1
23.7893719673	-1
23.7893719673	-1
23.7893719673	-1
23.7893719673	-1
23.7905540466	1
23.8078398705	-1
23.8078398705	-1
23.8078398705	-1
23.8078398705	-1
23.8078398705	-1
23.8078398705	-1
23.8078398705	-1
23.8585519791	-1
23.8585519791	-1
23.8585519791	-1
23.8585519791	-1
23.8585519791	-1
23.8585519791	-1
23.8585519791	-1
23.8585519791	-1
23.8585519791	-1
23.8588950634	-1
23.8588950634	-1
23.8588950634	-1
23.8588950634	-1
23.8588950634	-1
23.9017560482	-1
23.9017560482	-1
23.9017560482	-1
23.9017560482	-1
23.9017560482	-1
23.9017560482	-1
23.9017560482	-1
23.9017560482	-1
23.9017560482	-1
23.9017560482	-1
23.9021060467	-1
23.9021060467	-1
23.9021060467	-1
23.9180970192	-1
23.9181320667	1
23.9354040623	-1
23.9354040623	-1
23.9354040623	-1
23.9354040623	-1
23.9354040623	-1
23.9354040623	-1
23.9354040623	-1
23.9544079304	-1
23.9544079304	-1
23.9544079304	-1
23.9544079304	-1
23.9544079304	-1
23.9544079304	-1
23.9544079304	-1
23.9893288612	-1
23.9893288612	-1
23.9893288612	-1
23.9893288612	-1
23.9893288612	-1
23.9893288612	-1
23.9893288612	-1
23.9893288612	-1
24.0068569183	-1
24.0208179951	-1
24.0208179951	-1
24.044836998	-1
24.044836998	-1
24.044836998	-1
24.0458638668	1
24.0684518814	-1
24.0684518814	-1
24.0684518814	-1
24.0684518814	-1
24.0684518814	-1
24.0684518814	-1
24.1064190865	-1
24.1064190865	-1
24.1064190865	-1
24.1074209213	1
24.1074209213	1
24.1074209213	1
24.13113904	-1
24.13113904	-1
24.1723198891	-1
24.1723198891	-1
24.1723198891	-1
24.1723198891	-1
24.1723198891	-1
24.1723198891	-1
24.1723198891	-1
24.1723198891	-1
24.1723198891	-1
24.1870670319	-1
24.1870670319	-1
24.2032680511	-1
24.2032680511	-1
24.2032680511	-1
24.2032680511	-1
24.2032680511	-1
24.2032680511	-1
24.2032680511	-1
24.2032680511	-1
24.2205150127	-1
24.2205150127	-1
24.2323088646	-1
24.2323088646	-1
24.2323088646	-1
24.2323088646	-1
24.2498500347	-1
24.2498500347	-1
24.2678909302	-1
24.2678909302	-1
24.2678909302	-1
24.2678909302	-1
24.2678909302	-1
24.2678909302	-1
24.2867529392	-1
24.2867529392	-1
24.2878758907	1
24.3050448895	-1
24.3050448895	-1
24.3050448895	-1
24.3050448895	-1
24.3050448895	-1
24.3050448895	-1
24.3050448895	-1
24.3050448895	-1
24.3360130787	-1
24.3360130787	-1
24.3360130787	-1
24.3360130787	-1
24.3360130787	-1
24.3360130787	-1
24.3360130787	-1
24.3360130787	-1
24.3360130787	-1
24.3360130787	-1
24.3363540173	-1
24.3363540173	-1
24.3363540173	-1
24.3363540173	-1
24.3363540173	-1
24.3363540173	-1
24.3653490543	-1
24.3653490543	-1
24.3653490543	-1
24.4050569534	-1
24.4050569534	-1
24.4050569534	-1
24.4050898552	1
24.4050898552	1
24.4198460579	-1
24.4198460579	-1
24.4198460579	-1
24.4198460579	-1
24.4198460579	-1
24.4198460579	-1
24.4446229935	-1
24.4446229935	-1
24.4446229935	-1
24.4446229935	-1
24.4446229935	-1
24.4446229935	-1
24.4446229935	-1
24.4446229935	-1
24.4705069065	-1
24.4705069065	-1
24.4705069065	-1
24.4705069065	-1
24.4705069065	-1
24.4705069065	-1
24.4705069065	-1
24.4705069065	-1
24.5129818916	-1
24.5129818916	-1
24.5129818916	-1
24.5129818916	-1
24.5129818916	-1
24.5129818916	-1
24.5129818916	-1
24.5129818916	-1
24.5424890518	-1
24.5424890518	-1
24.5424890518	-1
24.5424890518	-1
24.5750920773	-1
24.5750920773	-1
24.5763008595	1
24.6096189022	-1
24.6096189022	-1
24.6096189022	-1
24.6096189022	-1
24.6096189022	-1
24.6096189022	-1
24.6096189022	-1
24.6284120083	-1
24.6284120083	-1
24.6284120083	-1
24.6284120083	-1
24.6284120083	-1
24.6284120083	-1
24.6284120083	-1
24.6618208885	-1
24.6618208885	-1
24.6618208885	-1
24.6618208885	-1
24.6618208885	-1
24.6618208885	-1
24.6618208885	-1
24.6618208885	-1
24.6949119568	-1
24.6949119568	-1
24.6949119568	-1
24.6949119568	-1
24.6949119568	-1
24.6949119568	-1
24.6949119568	-1
24.6949119568	-1
24.7342920303	-1
24.7342920303	-1
24.7356190681	1
24.750369072	-1
24.750369072	-1
24.750369072	-1
24.750369072	-1
24.750369072	-1
24.7699210644	-1
24.8042280674	-1
24.8042280674	-1
24.8192870617	-1
24.8192870617	-1
24.8192870617	-1
24.8192870617	-1
24.8192870617	-1
24.8192870617	-1
24.8192870617	-1
24.8192870617	-1
24.8347270489	-1
24.8347270489	-1
24.8347270489	-1
24.8347270489	-1
24.8347270489	-1
24.8347270489	-1
24.8347270489	-1
24.8657639027	1
24.9023430347	-1
24.9023430347	-1
24.9023430347	-1
24.9023430347	-1
24.9023430347	-1
24.9023430347	-1
24.9023430347	-1
24.9023430347	-1
24.9023430347	-1
24.9345350266	-1
24.9345350266	-1
24.9533338547	-1
24.9533338547	-1
24.9533338547	-1
24.9533338547	-1
24.9533338547	-1
24.9533338547	-1
24.9788479805	-1
24.9909100533	-1
24.9909100533	-1
24.9909100533	-1
24.9909100533	-1
24.9909100533	-1
24.9909100533	-1
24.9909100533	-1
24.990942955	1
25.0109388828	-1
25.0109388828	-1
25.0109388828	-1
25.0109388828	-1
25.0109388828	-1
25.0109388828	-1
25.0109388828	-1
25.0109388828	-1
25.0422730446	-1
25.0422730446	-1
25.0422730446	-1
25.0422730446	-1
25.0422730446	-1
25.0422730446	-1
25.0422730446	-1
25.0422730446	-1
25.0776600838	-1
25.0776600838	-1
25.1053030491	-1
25.1053409576	1
25.1111910343	-1
25.1111910343	-1
25.1111910343	-1
25.1111910343	-1
25.1111910343	-1
25.1111910343	-1
25.1111910343	-1
25.1384670734	-1
25.1384670734	-1
25.1384670734	-1
25.1384670734	-1
25.1384670734	-1
25.1384670734	-1
25.1533260345	-1
25.1665558815	-1
25.1665558815	-1
25.1665558815	-1
25.1665558815	-1
25.1665558815	-1
25.1665558815	-1
25.1665558815	-1
25.1786210537	-1
25.1786210537	-1
25.1786210537	-1
25.1786210537	-1
25.1786210537	-1
25.1786210537	-1
25.1786210537	-1
25.2072498798	-1
25.2072498798	-1
25.2193379402	1
25.222481966	-1
25.222481966	-1
25.222481966	-1
25.222481966	-1
25.222481966	-1
25.222481966	-1
25.222481966	-1
25.2511730194	-1
25.2511730194	-1
25.2657339573	-1
25.2657339573	-1
25.2657339573	-1
25.2657339573	-1
25.2657339573	-1
25.2657339573	-1
25.3008239269	-1
25.3008239269	-1
25.3008239269	-1
25.3008239269	-1
25.3008239269	-1
25.3008239269	-1
25.3008239269	-1
25.3008239269	-1
25.3336019516	-1
25.3336420059	1
25.3510069847	-1
25.3510069847	-1
25.3510069847	-1
25.3510069847	-1
25.3510069847	-1
25.3510069847	-1
25.3510069847	-1
25.3510069847	-1
25.3629860878	-1
25.3973999023	-1
25.3973999023	-1
25.3973999023	-1
25.3973999023	-1
25.3973999023	-1
25.3973999023	-1
25.3973999023	-1
25.4209558964	-1
25.4220058918	1
25.4220058918	1
25.4220058918	1
25.4384188652	-1
25.4384188652	-1
25.4384188652	-1
25.4384188652	-1
25.4384188652	-1
25.4384188652	-1
25.4384188652	-1
25.4575579166	-1
25.4575579166	-1
25.4575579166	-1
25.4575579166	-1
25.4575579166	-1
25.4575579166	-1
25.4575579166	-1
25.5017108917	-1
25.5017108917	-1
25.5181159973	-1
25.5181159973	-1
25.5621199608	-1
25.5621199608	-1
25.5696899891	-1
25.5696899891	-1
25.5696899891	-1
25.5696899891	-1
25.5696899891	-1
25.5696899891	-1
25.5696899891	-1
25.5835499763	-1
25.5835499763	-1
25.5835499763	-1
25.5835499763	-1
25.5835499763	-1
25.5835499763	-1
25.5835499763	-1
25.596752882	-1
25.596752882	-1
25.596752882	-1
25.596752882	-1
25.596752882	-1
25.596752882	-1
25.596752882	-1
25.6249780655	-1
25.6263039112	1
25.6407430172	-1
25.6407430172	-1
25.6407430172	-1
25.6792509556	-1
25.6792509556	-1
25.6792509556	-1
25.6792509556	-1
25.6792509556	-1
25.6792509556	-1
25.6792509556	-1
25.6792509556	-1
25.6792509556	-1
25.6963179111	-1
25.6963179111	-1
25.6963179111	-1
25.6963179111	-1
25.6963179111	-1
25.6963179111	-1
25.6963179111	-1
25.7111749649	-1
25.7111749649	-1
25.7111749649	-1
25.7111749649	-1
25.7111749649	-1
25.7111749649	-1
25.7111749649	-1
25.7520420551	-1
25.7520420551	-1
25.7520420551	-1
25.7520420551	-1
25.7520420551	-1
25.7520759106	1
25.7652890682	-1
25.7652890682	-1
25.7652890682	-1
25.7652890682	-1
25.7652890682	-1
25.7652890682	-1
25.7652890682	-1
25.7824299335	-1
25.7824299335	-1
25.7824299335	-1
25.7824299335	-1
25.7824299335	-1
25.7824299335	-1
25.7824299335	-1
25.810323	-1
25.8345499039	-1
25.8345499039	-1
25.8345499039	-1
25.8345499039	-1
25.8345499039	-1
25.8345499039	-1
25.8345499039	-1
25.8345499039	-1
25.8683829308	-1
25.8684239388	1
25.906940937	-1
25.906940937	-1
25.9627270699	-1
25.9627270699	-1
25.9627270699	-1
25.9627270699	-1
25.9977860451	-1
25.9977860451	-1
25.9977860451	-1
25.9977860451	-1
26.0293750763	-1
26.0293750763	-1
26.0293750763	-1
26.0293750763	-1
26.0293750763	-1
26.0293750763	-1
26.0293750763	-1
26.0293750763	-1
26.0714669228	-1
26.0714669228	-1
26.0714669228	-1
26.0860750675	-1
26.0860750675	-1
26.0860750675	-1
26.0860750675	-1
26.1012699604	-1
26.1329920292	-1
26.1329920292	-1
26.1329920292	-1
26.1329920292	-1
26.1329920292	-1
26.1329920292	-1
26.1329920292	-1
26.1497659683	-1
26.1731438637	-1
26.1731438637	-1
26.1731438637	-1
26.2077920437	-1
26.2077920437	-1
26.2077920437	-1
26.2579679489	-1
26.2579679489	-1
26.2579679489	-1
26.2579679489	-1
26.2718720436	-1
26.3022608757	-1
26.3022608757	-1
26.3022608757	-1
26.3030869961	1
26.3218588829	-1
26.3368308544	-1
26.3368308544	-1
26.3368308544	-1
26.3368308544	-1
26.3368308544	-1
26.3544418812	-1
26.3544418812	-1
26.3544418812	-1
26.3735070229	-1
26.3735070229	-1
26.3735070229	-1
26.3735070229	-1
26.3735070229	-1
26.3735070229	-1
26.3735070229	-1
26.3864688873	1
26.3864688873	1
26.3864688873	1
26.4094128609	-1
26.4094128609	-1
26.4094128609	-1
26.4094128609	-1
26.4094128609	-1
26.4094128609	-1
26.4094128609	-1
26.4094128609	-1
26.4422969818	-1
26.4422969818	-1
26.4422969818	-1
26.4422969818	-1
26.5025429726	-1
26.5025429726	-1
26.5025429726	-1
26.5025429726	-1
26.5025429726	-1
26.5025429726	-1
26.5025429726	-1
26.5025429726	-1
26.5621960163	-1
26.5621960163	-1
26.5621960163	-1
26.5621960163	-1
26.5621960163	-1
26.5622310638	1
26.5836179256	-1
26.609400034	-1
26.609400034	-1
26.609400034	-1
26.609400034	-1
26.6369049549	1
26.6369049549	1
26.6369049549	1
26.6568520069	-1
26.6568520069	-1
26.6568520069	-1
26.6568520069	-1
26.6568520069	-1
26.6568520069	-1
26.6568520069	-1
26.6568520069	-1
26.6755769253	-1
26.6969258785	-1
26.6969258785	-1
26.6969258785	-1
26.730659008	-1
26.730659008	-1
26.730659008	-1
26.730659008	-1
26.730659008	-1
26.730659008	-1
26.730659008	-1
26.7521119118	-1
26.7761569023	-1
26.7761569023	-1
26.7761569023	-1
26.7761569023	-1
26.8291079998	-1
26.8291079998	-1
26.8291079998	-1
26.845498085	-1
26.8902900219	-1
26.8962628841	-1
26.8962628841	-1
26.8962628841	-1
26.8962628841	-1
26.8962628841	-1
26.8962628841	-1
26.9368920326	-1
26.9368920326	-1
26.9368920326	-1
26.9368920326	-1
26.9368920326	-1
26.9368920326	-1
26.9368920326	-1
26.9532999992	-1
26.9941520691	-1
26.9941520691	-1
26.9941520691	-1
26.9941520691	-1
26.9941520691	-1
26.9941520691	-1
26.9941520691	-1
27.0089380741	-1
27.0263838768	-1
27.0263838768	-1
27.0263838768	-1
27.0683670044	-1
27.0683670044	-1
27.0683670044	-1
27.0683670044	-1
27.0683670044	-1
27.0683670044	-1
27.0683670044	-1
27.0683670044	-1
27.0959599018	-1
27.0959599018	-1
27.0959599018	-1
27.0959599018	-1
27.0959599018	-1
27.0959599018	-1
27.0959599018	-1
27.0971539021	1
27.1108019352	-1
27.1420309544	-1
27.1420309544	-1
27.1420309544	-1
27.1420309544	-1
27.1420309544	-1
27.154255867	-1
27.1832129955	-1
27.1832129955	-1
27.1974520683	-1
27.1974520683	-1
27.1974520683	-1
27.1974520683	-1
27.1974520683	-1
27.1974520683	-1
27.2311720848	-1
27.2311720848	-1
27.2459759712	-1
27.2459759712	-1
27.2459759712	-1
27.2459759712	-1
27.2459759712	-1
27.2459759712	-1
27.2752609253	-1
27.2752609253	-1
27.2752609253	-1
27.2752609253	-1
27.2752609253	-1
27.2752609253	-1
27.2752609253	-1
27.2752609253	-1
27.286012888	-1
27.286012888	-1
27.286012888	-1
27.286012888	-1
27.286012888	-1
27.286012888	-1
27.286012888	-1
27.2872169018	1
27.2978100777	-1
27.3390519619	-1
27.3390519619	-1
27.3390519619	-1
27.3390519619	-1
27.3390519619	-1
27.3390519619	-1
27.3390519619	-1
27.3390519619	-1
27.3670048714	-1
27.3670048714	-1
27.3670048714	-1
27.3670048714	-1
27.3670048714	-1
27.3670048714	-1
27.3670048714	-1
27.3670048714	-1
27.3778579235	-1
27.3911619186	-1
27.3911619186	-1
27.3911619186	-1
27.3911619186	-1
27.3911619186	-1
27.3911619186	-1
27.3911619186	-1
27.4068779945	-1
27.4069120884	1
27.4069120884	1
27.4231190681	-1
27.4231190681	-1
27.4231190681	-1
27.45408988	-1
27.45408988	-1
27.45408988	-1
27.45408988	-1
27.45408988	-1
27.45408988	-1
27.45408988	-1
27.45408988	-1
27.4671978951	-1
27.4783830643	-1
27.4783830643	-1
27.4783830643	-1
27.4783830643	-1
27.4783830643	-1
27.4783830643	-1
27.4783830643	-1
27.5091328621	-1
27.5091328621	-1
27.5091328621	-1
27.5091328621	-1
27.5091328621	-1
27.5091328621	-1
27.5091328621	-1
27.5091328621	-1
27.5345020294	-1
27.5345020294	-1
27.5345020294	-1
27.5345020294	-1
27.5345020294	-1
27.5345020294	-1
27.5345020294	-1
27.5345020294	-1
27.5590770245	-1
27.5590770245	-1
27.5590770245	-1
27.5590770245	-1
27.5590770245	-1
27.5590770245	-1
27.5590770245	-1
27.5590770245	-1
27.5735549927	-1
27.5735549927	-1
27.5735549927	-1
27.5735549927	-1
27.5735549927	-1
27.5735549927	-1
27.5735549927	-1
27.5824558735	1
27.5979249477	-1
27.5979249477	-1
27.5979249477	-1
27.5979249477	-1
27.5979249477	-1
27.5979249477	-1
27.5979249477	-1
27.5979249477	-1
27.6063389778	-1
27.6063389778	-1
27.6063389778	-1
27.6063389778	-1
27.6063389778	-1
27.6063389778	-1
27.6063389778	-1
27.6169669628	-1
27.6169669628	-1
27.6380419731	-1
27.6380419731	-1
27.6380419731	-1
27.6380419731	-1
27.6380419731	-1
27.6380419731	-1
27.6380419731	-1
27.6380419731	-1
27.6598088741	-1
27.6598088741	-1
27.6598088741	-1
27.6598088741	-1
27.6598088741	-1
27.6598088741	-1
27.6598088741	-1
27.6598088741	-1
27.6817538738	-1
27.6817538738	-1
27.6817538738	-1
27.6817538738	-1
27.6817538738	-1
27.6817538738	-1
27.6817538738	-1
27.6817538738	-1
27.6817538738	-1
27.711468935	-1
27.711468935	-1
27.711468935	-1
27.7114980221	1
27.7114980221	1
27.7413179874	-1
27.7413179874	-1
27.7413179874	-1
27.7413179874	-1
27.7413179874	-1
27.7413179874	-1
27.7413179874	-1
27.7550759315	-1
27.769411087	-1
27.769411087	-1
27.769411087	-1
27.769411087	-1
27.769411087	-1
27.769411087	-1
27.7928478718	-1
27.7928478718	-1
27.7928478718	-1
27.7928478718	-1
27.7928478718	-1
27.7928478718	-1
27.7928478718	-1
27.7928478718	-1
27.7928478718	-1
27.7931890488	-1
27.7931890488	-1
27.7931890488	-1
27.8058419228	-1
27.8058419228	-1
27.8058419228	-1
27.8058419228	-1
27.8058419228	-1
27.8058419228	-1
27.8058419228	-1
27.825521946	-1
27.825521946	-1
27.825521946	-1
27.825521946	-1
27.825521946	-1
27.825521946	-1
27.825521946	-1
27.825521946	-1
27.8257780075	1
27.8731579781	-1
27.8731579781	-1
27.8731579781	-1
27.8731579781	-1
27.8731579781	-1
27.8731579781	-1
27.8731579781	-1
27.8731579781	-1
27.8731579781	-1
27.8951730728	-1
27.8951730728	-1
27.905798912	-1
27.905798912	-1
27.905798912	-1
27.905798912	-1
27.905798912	-1
27.905798912	-1
27.9256629944	-1
27.9256629944	-1
27.9387359619	-1
27.9387359619	-1
27.9387359619	-1
27.9387359619	-1
27.9387359619	-1
27.9387359619	-1
27.9408199787	1
27.9492020607	-1
27.9492020607	-1
27.9492020607	-1
27.9492020607	-1
27.9492020607	-1
27.9594550133	-1
27.9779520035	-1
27.9779520035	-1
27.9779520035	-1
27.9779520035	-1
27.9779520035	-1
27.9779520035	-1
27.9779520035	-1
27.9893598557	-1
28.0004580021	-1
28.0004580021	-1
28.0004580021	-1
28.0004580021	-1
28.0004580021	-1
28.0004580021	-1
28.0004580021	-1
28.0004580021	-1
28.0263640881	-1
28.0263640881	-1
28.0263640881	-1
28.0263640881	-1
28.0263640881	-1
28.0263640881	-1
28.0263640881	-1
28.0263640881	-1
28.0263640881	-1
28.0385439396	-1
28.0385439396	-1
28.0385439396	-1
28.0385439396	-1
28.0385439396	-1
28.0385439396	-1
28.0385439396	-1
28.0559549332	-1
28.0559549332	-1
28.0559549332	-1
28.0559549332	-1
28.0559549332	-1
28.055973053	1
28.0730280876	-1
28.0730280876	-1
28.0730280876	-1
28.0730280876	-1
28.0730280876	-1
28.0730280876	-1
28.0730280876	-1
28.1016039848	-1
28.1016039848	-1
28.1016039848	-1
28.1366789341	-1
28.1366789341	-1
28.1544520855	-1
28.1544520855	-1
28.1544520855	-1
28.1544520855	-1
28.1544520855	-1
28.1544520855	-1
28.1887769699	-1
28.1887769699	-1
28.1887769699	-1
28.1887769699	-1
28.1887769699	-1
28.1887769699	-1
28.1887769699	-1
28.2181198597	-1
28.230807066	-1
28.230807066	-1
28.230807066	-1
28.230807066	-1
28.230807066	-1
28.230807066	-1
28.230807066	-1
28.230807066	-1
28.230807066	-1
28.230807066	-1
28.231167078	-1
28.2741398811	-1
28.2741398811	-1
28.2741398811	-1
28.2741398811	-1
28.2741398811	-1
28.2741398811	-1
28.2741398811	-1
28.2741398811	-1
28.2741398811	-1
28.3019618988	-1
28.3019618988	-1
28.3035669327	1
28.3133430481	-1
28.3133430481	-1
28.3133430481	-1
28.3133430481	-1
28.3133430481	-1
28.3133430481	-1
28.3133430481	-1
28.3243999481	-1
28.3243999481	-1
28.3243999481	-1
28.3243999481	-1
28.3243999481	-1
28.3243999481	-1
28.3243999481	-1
28.3366968632	-1
28.3366968632	-1
28.3366968632	-1
28.3366968632	-1
28.3366968632	-1
28.3366968632	-1
28.3366968632	-1
28.3573598862	-1
28.3574728966	-1
28.3574728966	-1
28.3574728966	-1
28.3574728966	-1
28.3574728966	-1
28.3574728966	-1
28.3574728966	-1
28.3687250614	-1
28.3687250614	-1
28.3777358532	-1
28.3777358532	-1
28.3970420361	-1
28.3970420361	-1
28.3970420361	-1
28.3970420361	-1
28.3970420361	-1
28.3970420361	-1
28.3970420361	-1
28.3970420361	-1
28.3970420361	-1
28.3985099792	1
28.3985099792	1
28.3985099792	1
28.4049649239	-1
28.4049649239	-1
28.4177219868	-1
28.4346790314	-1
28.4346790314	-1
28.4346790314	-1
28.4346790314	-1
28.4346790314	-1
28.4346790314	-1
28.4346790314	-1
28.4531519413	-1
28.4532580376	-1
28.4532580376	-1
28.4532580376	-1
28.4532580376	-1
28.4532580376	-1
28.4532580376	-1
28.4532580376	-1
28.462941885	-1
28.462941885	-1
28.4793848991	-1
28.4793848991	-1
28.4870450497	-1
28.4870450497	-1
28.4870450497	-1
28.4870450497	-1
28.4870450497	-1
28.4870450497	-1
28.4870450497	-1
28.4954829216	-1
28.5119280815	-1
28.5119280815	-1
28.5119280815	-1
28.5119280815	-1
28.5119280815	-1
28.5119280815	-1
28.5119280815	-1
28.5119280815	-1
28.5186710358	-1
28.5186710358	-1
28.5186710358	-1
28.5186710358	-1
28.5186710358	-1
28.5186710358	-1
28.5186710358	-1
28.5318710804	-1
28.5319049358	1
28.5342018604	-1
28.5342018604	-1
28.5342018604	-1
28.5342018604	-1
28.5342018604	-1
28.5342018604	-1
28.5342018604	-1
28.554213047	-1
28.554213047	-1
28.5638139248	-1
28.5638139248	-1
28.5638139248	-1
28.5638139248	-1
28.5638139248	-1
28.5638139248	-1
28.5638139248	-1
28.5736880302	-1
28.5841879845	-1
28.5841879845	-1
28.5841879845	-1
28.5841879845	-1
28.5841879845	-1
28.5841879845	-1
28.5841879845	-1
28.598845005	-1
28.6081418991	-1
28.6081418991	-1
28.6081418991	-1
28.6295568943	-1
28.6295568943	-1
28.6345498562	1
28.6345498562	1
28.6345498562	1
28.6417269707	-1
28.6417269707	-1
28.6417269707	-1
28.6530098915	-1
28.6530098915	-1
28.6530098915	-1
28.6530098915	-1
28.6530098915	-1
28.6530098915	-1
28.6530098915	-1
28.6664838791	-1
28.6664838791	-1
28.6664838791	-1
28.6664838791	-1
28.6664838791	-1
28.6664838791	-1
28.6664838791	-1
28.7225499153	-1
28.7225499153	-1
28.7225499153	-1
28.7225499153	-1
28.7225499153	-1
28.7225499153	-1
28.7528569698	-1
28.7528569698	-1
28.7603008747	1
28.7603008747	1
28.763133049	-1
28.763133049	-1
28.763133049	-1
28.763133049	-1
28.789041996	-1
28.789041996	-1
28.8013110161	-1
28.8013110161	-1
28.8013110161	-1
28.8013110161	-1
28.8013110161	-1
28.8013110161	-1
28.8013110161	-1
28.8139469624	-1
28.8139469624	-1
28.8139469624	-1
28.8139469624	-1
28.8139469624	-1
28.8139469624	-1
28.8139469624	-1
28.8619279861	-1
28.8619279861	-1
28.8619279861	-1
28.8619279861	-1
28.8619279861	-1
28.8619279861	-1
28.8619279861	-1
28.8619279861	-1
28.8745188713	1
28.8977649212	-1
28.8977649212	-1
28.8977649212	-1
28.8977649212	-1
28.8977649212	-1
28.8977649212	-1
28.8977649212	-1
28.8977649212	-1
28.9116299152	-1
28.9277050495	-1
28.9277050495	-1
28.9277050495	-1
28.9651799202	-1
28.9651799202	-1
28.9651799202	-1
28.9827308655	-1
29.0180158615	-1
29.0180158615	-1
29.0180158615	-1
29.0180158615	-1
29.0333120823	-1
29.0333120823	-1
29.0452110767	-1
29.0452110767	-1
29.0452110767	-1
29.0452110767	-1
29.0452110767	-1
29.0452110767	-1
29.0452110767	-1
29.0578670502	-1
29.0578670502	-1
29.0578670502	-1
29.0578670502	-1
29.0578670502	-1
29.0578670502	-1
29.0578670502	-1
29.0686180592	-1
29.0686180592	-1
29.0686180592	-1
29.0686180592	-1
29.0686180592	-1
29.0686180592	-1
29.0686180592	-1
29.0686180592	-1
29.0820908546	-1
29.0820908546	-1
29.0820908546	-1
29.0820908546	-1
29.0820908546	-1
29.0820908546	-1
29.0820908546	-1
29.0820908546	-1
29.1054439545	-1
29.1054439545	-1
29.1054439545	-1
29.1054439545	-1
29.1054439545	-1
29.1054439545	-1
29.1054439545	-1
29.1054439545	-1
29.1260709763	-1
29.1260709763	-1
29.1260709763	-1
29.1260709763	-1
29.1260709763	-1
29.1260709763	-1
29.1260709763	-1
29.1260709763	-1
29.1260709763	-1
29.1334309578	-1
29.1334309578	-1
29.1334309578	-1
29.1334309578	-1
29.1334309578	-1
29.1334309578	-1
29.1334309578	-1
29.1594469547	-1
29.1594469547	-1
29.1594469547	-1
29.1594469547	-1
29.1594469547	-1
29.1594469547	-1
29.1594469547	-1
29.1594469547	-1
29.1608529091	1
29.1770100594	-1
29.1770100594	-1
29.1770100594	-1
29.1770100594	-1
29.1770100594	-1
29.1770100594	-1
29.1770100594	-1
29.1770100594	-1
29.1986560822	-1
29.1986560822	-1
29.1986560822	-1
29.1986560822	-1
29.1986560822	-1
29.1986560822	-1
29.1986560822	-1
29.1986560822	-1
29.2121329308	-1
29.2121329308	-1
29.2121329308	-1
29.2121329308	-1
29.2121329308	-1
29.2121329308	-1
29.2121329308	-1
29.2121329308	-1
29.2254509926	-1
29.2254509926	-1
29.2254509926	-1
29.2254509926	-1
29.2254509926	-1
29.2254509926	-1
29.2254509926	-1
29.2254509926	-1
29.2272350788	1
29.2272350788	1
29.2272350788	1
29.247232914	-1
29.247232914	-1
29.247232914	-1
29.247232914	-1
29.247232914	-1
29.247232914	-1
29.247232914	-1
29.247232914	-1
29.2584328651	-1
29.2584328651	-1
29.2584328651	-1
29.2584328651	-1
29.2584328651	-1
29.2584328651	-1
29.2584328651	-1
29.2788739204	-1
29.2788739204	-1
29.2788739204	-1
29.2788739204	-1
29.2788739204	-1
29.2788739204	-1
29.2788739204	-1
29.2788739204	-1
29.3015630245	-1
29.3015630245	-1
29.3216910362	-1
29.3216910362	-1
29.3216910362	-1
29.3216910362	-1
29.3216910362	-1
29.3216910362	-1
29.3216910362	-1
29.3216910362	-1
29.3216910362	-1
29.3299849033	-1
29.3299849033	-1
29.3398280144	-1
29.3398280144	-1
29.3398280144	-1
29.3398280144	-1
29.3398280144	-1
29.3398280144	-1
29.3398280144	-1
29.3398280144	-1
29.3499240875	-1
29.3499240875	-1
29.3499240875	-1
29.3499240875	-1
29.3499240875	-1
29.3499240875	-1
29.3499240875	-1
29.3582248688	-1
29.3582248688	-1
29.3582248688	-1
29.3582248688	-1
29.3582248688	-1
29.3582248688	-1
29.3582248688	-1
29.3752839565	-1
29.3752839565	-1
29.3752839565	-1
29.3752839565	-1
29.3848478794	-1
29.3848478794	-1
29.3848478794	-1
29.3848478794	-1
29.3848478794	-1
29.3848478794	-1
29.3848478794	-1
29.412913084	-1
29.412913084	-1
29.412913084	-1
29.412913084	-1
29.412913084	-1
29.412913084	-1
29.412913084	-1
29.4129459858	1
29.4129459858	1
29.4209740162	-1
29.4379220009	-1
29.4379220009	-1
29.4379220009	-1
29.4379220009	-1
29.4503419399	-1
29.4503419399	-1
29.4684870243	-1
29.4684870243	-1
29.4861619473	-1
29.4861619473	-1
29.4861619473	-1
29.4861619473	-1
29.4861619473	-1
29.4861619473	-1
29.4861619473	-1
29.5140559673	-1
29.5140559673	-1
29.5237550735	-1
29.5237550735	-1
29.5237550735	-1
29.5237550735	-1
29.535410881	-1
29.535410881	-1
29.535451889	1
29.5482680798	-1
29.5482680798	-1
29.5583870411	-1
29.5583870411	-1
29.5583870411	-1
29.5583870411	-1
29.5583870411	-1
29.5583870411	-1
29.5689618587	-1
29.5689618587	-1
29.5689618587	-1
29.5772268772	-1
29.5772268772	-1
29.5772268772	-1
29.5772268772	-1
29.5772268772	-1
29.5772268772	-1
29.5772268772	-1
29.5772268772	-1
29.587444067	-1
29.587444067	-1
29.587444067	-1
29.587444067	-1
29.587444067	-1
29.587444067	-1
29.587444067	-1
29.6002290249	-1
29.6039149761	-1
29.6039149761	-1
29.6039149761	-1
29.6039149761	-1
29.6039149761	-1
29.6039149761	-1
29.6039149761	-1
29.6135189533	-1
29.6135189533	-1
29.629472971	-1
29.629472971	-1
29.6530029774	-1
29.6530029774	-1
29.6530029774	-1
29.6530029774	-1
29.6530029774	-1
29.6530029774	-1
29.6530029774	-1
29.6530029774	-1
29.6530208588	1
29.6626520157	-1
29.6626520157	-1
29.6626520157	-1
29.6626520157	-1
29.6626520157	-1
29.6626520157	-1
29.6626520157	-1
29.6863369942	-1
29.6863369942	-1
29.6972849369	-1
29.6972849369	-1
29.6972849369	-1
29.6972849369	-1
29.6972849369	-1
29.6972849369	-1
29.6972849369	-1
29.708024025	-1
29.708024025	-1
29.708024025	-1
29.708024025	-1
29.708024025	-1
29.7378790379	-1
29.7378790379	-1
29.7378790379	-1
29.7378790379	-1
29.7378790379	-1
29.749984026	-1
29.749984026	-1
29.7612249851	-1
29.7815799713	-1
29.7815799713	-1
29.7815799713	-1
29.7816128731	1
29.8018770218	-1
29.8018770218	-1
29.8018770218	-1
29.8018770218	-1
29.8018770218	-1
29.8018770218	-1
29.8207979202	-1
29.8207979202	-1
29.8293230534	-1
29.8293230534	-1
29.8293230534	-1
29.8293230534	-1
29.8293230534	-1
29.8293230534	-1
29.8293230534	-1
29.8550639153	-1
29.8550639153	-1
29.8550639153	-1
29.8550639153	-1
29.8550639153	-1
29.8550639153	-1
29.8550639153	-1
29.8668179512	-1
29.8668179512	-1
29.8668179512	-1
29.8668179512	-1
29.8668179512	-1
29.8668179512	-1
29.8668179512	-1
29.8943550587	-1
29.8943550587	-1
29.8943550587	-1
29.8943550587	-1
29.8943550587	-1
29.8943550587	-1
29.8943550587	-1
29.8943550587	-1
29.8943550587	-1
29.9135868549	-1
29.9135868549	-1
29.9136219025	1
29.9136219025	1
29.9231610298	-1
29.9231610298	-1
29.9231610298	-1
29.9231610298	-1
29.9231610298	-1
29.9231610298	-1
29.9231610298	-1
29.9231610298	-1
29.9329988956	-1
29.9329988956	-1
29.9329988956	-1
29.9329988956	-1
29.9329988956	-1
29.9329988956	-1
29.9329988956	-1
29.9329988956	-1
30.0512518883	-1
30.0512518883	-1
30.0512518883	-1
30.0512518883	-1
30.0512518883	-1
30.0512518883	-1
30.0512518883	-1
30.0512518883	-1
30.0512640476	1
30.1299829483	-1
30.1299829483	-1
30.1299829483	-1
30.1299829483	-1
30.1299829483	-1
30.1299829483	-1
30.1299829483	-1
30.1299829483	-1
30.1299829483	-1
30.1371929646	-1
30.1371929646	-1
30.1979088783	1
30.4888119698	-1
30.5932328701	-1
30.5932328701	-1
30.5932328701	-1
30.5932328701	-1
30.5932328701	-1
30.5932328701	-1
30.5932328701	-1
30.5932328701	-1
30.6018109322	-1
30.6018109322	-1
30.6018109322	-1
30.6018109322	-1
30.6018109322	-1
30.6461598873	1
31.0228960514	-1
31.0645670891	-1
31.0645670891	-1
31.0645670891	-1
31.0907008648	-1
31.0907008648	-1
31.0907008648	-1
31.0907008648	-1
31.0907008648	-1
31.0907008648	-1
31.0907008648	-1
31.1039810181	-1
31.1843118668	-1
31.1843118668	-1
31.1843118668	-1
31.1843118668	-1
31.379858017	-1
31.379858017	-1
31.379858017	-1
31.4011120796	-1
31.4322209358	-1
31.4322209358	-1
31.4322209358	-1
31.4488899708	-1
31.4488899708	-1
31.4488899708	-1
31.4488899708	-1
31.4488899708	-1
31.4488899708	-1
31.4488899708	-1
31.4634420872	-1
31.5153040886	-1
31.5153040886	-1
31.5643920898	-1
31.5643920898	-1
31.5643920898	-1
31.5643920898	-1
31.5643920898	-1
31.5643920898	-1
31.5643920898	-1
31.5724999905	-1
31.5724999905	-1
31.573497057	1
31.5896849632	-1
31.5896849632	-1
31.5896849632	-1
31.603302002	-1
31.603302002	-1
31.6066019535	-1
31.6066019535	-1
31.6066019535	-1
31.6066019535	-1
31.6066019535	-1
31.730298996	-1
31.730298996	-1
31.730298996	-1
31.7367050648	-1
31.7367050648	-1
31.7367050648	-1
31.7367050648	-1
31.7367050648	-1
31.7503569126	-1
31.7503569126	-1
31.7503569126	-1
31.7503569126	-1
31.7503569126	-1
31.7503569126	-1
31.7503569126	-1
31.7503569126	-1
31.8292200565	-1
31.8304378986	1
31.8870010376	-1
31.8870010376	-1
31.8870010376	-1
31.8870010376	-1
31.8870010376	-1
31.8870010376	-1
31.8870010376	-1
31.9443399906	-1
32.0826449394	-1
32.0826449394	-1
32.0826449394	-1
32.097080946	-1
32.1101260185	1
32.2044770718	-1
32.2044770718	-1
32.2044770718	-1
32.2044770718	-1
32.2044770718	-1
32.2626459599	1
32.447562933	-1
32.4475779533	1
32.4475779533	1
32.5389308929	-1
32.5389308929	-1
32.5389308929	-1
32.5389308929	-1
32.5389308929	-1
32.8167169094	-1
32.936631918	-1
32.936631918	-1
32.936631918	-1
32.936631918	-1
32.936631918	-1
32.936631918	-1
32.936631918	-1
32.936631918	-1
33.1216900349	-1
33.13793993	-1
33.13793993	-1
33.13793993	-1
33.13793993	-1
33.13793993	-1
33.13793993	-1
33.13793993	-1
33.13793993	-1
33.1618669033	-1
33.1917488575	-1
33.1917488575	-1
33.1962339878	-1
33.1962339878	-1
33.1962339878	-1
33.1962339878	-1
33.1962339878	-1
33.2360489368	-1
33.2372238636	1
33.257283926	-1
33.257283926	-1
33.257283926	-1
33.3508059978	-1
33.3508059978	-1
33.4314088821	1
33.4762749672	-1
33.4816429615	-1
33.4816429615	-1
33.4816429615	-1
33.4816429615	-1
33.494093895	-1
33.494093895	-1
33.5100660324	-1
33.5100660324	-1
33.5100660324	-1
33.5100660324	-1
33.5152668953	-1
33.527577877	-1
33.527577877	-1
33.527577877	-1
33.527577877	-1
33.527577877	-1
33.527577877	-1
33.527577877	-1
33.5455758572	1
33.5876588821	-1
33.6119480133	-1
33.6119480133	-1
33.6119480133	-1
33.6119480133	-1
33.6119480133	-1
33.6119480133	-1
33.629803896	-1
33.629803896	-1
33.6596479416	1
33.8710200787	-1
33.9815440178	-1
33.9815440178	-1
33.9815440178	-1
34.0993180275	-1
34.2135279179	-1
34.2135279179	-1
34.2167439461	-1
34.2167439461	-1
34.2167439461	-1
34.2167439461	-1
34.2167439461	-1
34.2167439461	-1
34.229724884	-1
34.229724884	-1
34.229724884	-1
34.229724884	-1
34.229724884	-1
34.3148980141	-1
34.3148980141	-1
34.3148980141	-1
34.3148980141	-1
34.3148980141	-1
34.3148980141	-1
34.3148980141	-1
34.5315759182	1
34.5366370678	-1
34.5415389538	1
34.5415389538	1
34.5415389538	1
34.5559840202	-1
34.5559840202	-1
34.5559840202	-1
34.5559840202	-1
34.5559840202	-1
34.5559840202	-1
34.5559840202	-1
34.572314024	-1
34.5724170208	-1
34.5724170208	-1
34.5724170208	-1
34.6471619606	-1
34.6471619606	-1
34.6471619606	-1
34.6471619606	-1
34.6471619606	-1
34.6471619606	-1
34.8012049198	-1
34.8025050163	1
34.9163880348	1
34.9178669453	-1
34.936852932	-1
34.936852932	-1
34.936852932	-1
34.936852932	-1
34.936852932	-1
34.936852932	-1
34.936852932	-1
34.958231926	-1
34.9582819939	-1
34.9582819939	-1
34.9582819939	-1
35.0090420246	-1
35.0090420246	-1
35.0090420246	-1
35.0090420246	-1
35.0090420246	-1
35.0090420246	-1
35.0509729385	1
35.2720050812	-1
35.2990899086	-1
35.2990899086	-1
35.2990899086	-1
35.2990899086	-1
35.2990899086	-1
35.2990899086	-1
35.2990899086	-1
35.2990899086	-1
35.306853056	-1
35.306853056	-1
35.306853056	-1
35.306853056	-1
35.306853056	-1
35.306853056	-1
35.306853056	-1
35.3686490059	-1
35.3686490059	-1
35.3686490059	-1
35.3686490059	-1
35.3686490059	-1
35.4066538811	1
35.5652220249	-1
35.566437006	1
35.6293199062	-1
35.6293199062	-1
35.6293199062	-1
35.6293199062	-1
35.6293199062	-1
35.6293199062	-1
35.6465420723	-1
35.6465420723	-1
35.6465420723	-1
35.6549770832	-1
35.6549770832	-1
35.6549770832	-1
35.6549770832	-1
35.6549770832	-1
35.6549770832	-1
35.6549770832	-1
35.666670084	-1
35.666670084	-1
35.666670084	-1
35.6805200577	-1
35.6805739403	1
35.7232680321	-1
35.7232680321	-1
35.7232680321	-1
35.7232680321	-1
35.7232680321	-1
35.7232680321	-1
35.7232680321	-1
35.7232680321	-1
35.7232680321	-1
35.79570508	1
35.9084630013	-1
35.9941930771	-1
35.9941930771	-1
35.9941930771	-1
35.9941930771	-1
35.9941930771	-1
35.9941930771	-1
36.0204660892	-1
36.0204660892	-1
36.0314428806	-1
36.0314428806	-1
36.0314428806	-1
36.0314428806	-1
36.0314428806	-1
36.0314428806	-1
36.0314428806	-1
36.0463109016	-1
36.0463109016	-1
36.0573899746	-1
36.0573899746	-1
36.0573899746	-1
36.0573899746	-1
36.0573899746	-1
36.0573899746	-1
36.0573899746	-1
36.3173670769	-1
36.4235560894	-1
36.4235560894	-1
36.4235560894	-1
36.4235560894	-1
36.4235560894	-1
36.4235560894	-1
36.5556929111	-1
36.6450920105	1
36.6550419331	1
36.6550419331	1
36.6550419331	1
36.6550419331	1
36.6550419331	1
36.6550419331	1
36.6550419331	1
36.6550419331	1
36.6550419331	1
36.6550419331	1
36.6551659107	1
36.6551659107	1
