0.0	1
0.354203939438	1
0.378911972046	-1
0.469372034073	1
0.74414896965	-1
0.744969844818	1
0.814517021179	1
0.814517021179	1
0.814517021179	1
1.06222891808	1
1.17243504524	-1
1.17380690575	1
1.17380690575	1
1.17380690575	1
1.28933000565	-1
1.33033204079	1
1.44371795654	-1
1.44371795654	-1
1.44536781311	1
1.5600810051	-1
1.56048297882	1
1.6758878231	-1
1.6758878231	-1
1.67734098434	1
1.69648885727	-1
1.69648885727	-1
1.69648885727	-1
1.69648885727	-1
1.69648885727	-1
1.69648885727	-1
1.69648885727	-1
1.77244400978	-1
1.79268884659	-1
1.79272699356	1
1.81340003014	-1
1.81340003014	-1
1.81340003014	-1
1.81340003014	-1
1.81340003014	-1
1.81340003014	-1
1.81340003014	-1
1.81340003014	-1
1.88286495209	-1
1.88286495209	-1
1.88286495209	-1
1.8829138279	-1
1.8829138279	-1
1.8829138279	-1
1.94343996048	1
1.94483590126	-1
1.94483590126	-1
1.94483590126	-1
1.94583702087	-1
1.94583702087	-1
1.94583702087	-1
1.94583702087	-1
1.94583702087	-1
1.94583702087	-1
1.94925689697	1
1.94925689697	1
1.94925689697	1
1.95608186722	-1
1.95608186722	-1
1.95608186722	-1
2.01091694832	-1
2.01091694832	-1
2.02896595001	-1
2.02896595001	-1
2.02896595001	-1
2.02896595001	-1
2.02896595001	-1
2.02896595001	-1
2.04044890404	1
2.04044890404	1
2.04767584801	-1
2.04767584801	-1
2.0589659214	-1
2.0589659214	-1
2.0589659214	-1
2.0589659214	-1
2.0589659214	-1
2.0589659214	-1
2.06590104103	-1
2.06590104103	-1
2.06590104103	-1
2.14115595818	1
2.14115595818	1
2.14115595818	1
2.14115595818	1
2.14115595818	1
2.14115595818	1
2.14115595818	1
2.14115595818	1
2.17060899734	-1
2.17060899734	-1
2.17060899734	-1
2.17089796066	-1
2.17089796066	-1
2.17089796066	-1
2.17089796066	-1
2.17089796066	-1
2.17089796066	-1
2.25422787666	-1
2.32804894447	1
2.36994981766	-1
2.36994981766	-1
2.37180995941	-1
2.37180995941	-1
2.37180995941	-1
2.37180995941	-1
2.42634892464	-1
2.42634892464	-1
2.4428319931	-1
2.4428319931	-1
2.44312095642	-1
2.44312095642	-1
2.44312095642	-1
2.44312095642	-1
2.44312095642	-1
2.44312095642	-1
2.44334888458	1
2.46264791489	-1
2.46264791489	-1
2.46264791489	-1
2.46264791489	-1
2.49586892128	-1
2.49586892128	-1
2.49586892128	-1
2.49725103378	1
2.49725103378	1
2.49725103378	1
2.49841594696	-1
2.49841594696	-1
2.49841594696	-1
2.49841594696	-1
2.49841594696	-1
2.49841594696	-1
2.49841594696	-1
2.53252100945	-1
2.53287982941	-1
2.53287982941	-1
2.53287982941	-1
2.53287982941	-1
2.53287982941	-1
2.53287982941	-1
2.53287982941	-1
2.55824804306	-1
2.55824804306	-1
2.55824804306	-1
2.55824804306	-1
2.55824804306	-1
2.55824804306	-1
2.55824804306	-1
2.55860090256	-1
2.55860090256	-1
2.59857296944	-1
2.59857296944	-1
2.59857296944	-1
2.59860682487	1
2.59863090515	-1
2.59863090515	-1
2.59879994392	-1
2.59879994392	-1
2.59879994392	-1
2.59879994392	-1
2.59879994392	-1
2.59879994392	-1
2.59879994392	-1
2.61292886734	-1
2.61292886734	-1
2.61292886734	-1
2.61292886734	-1
2.61292886734	-1
2.61292886734	-1
2.61292886734	-1
2.61419701576	1
2.61419701576	1
2.61419701576	1
2.63979482651	-1
2.63979482651	-1
2.63979482651	-1
2.63979482651	-1
2.63979482651	-1
2.63979482651	-1
2.63979482651	-1
2.63979482651	-1
2.6429579258	1
2.6429579258	1
2.6429579258	1
2.6429579258	1
2.6429579258	1
2.6429579258	1
2.6429579258	1
2.6429579258	1
2.67377686501	-1
2.67377686501	-1
2.67377686501	-1
2.67388892174	-1
2.67388892174	-1
2.67388892174	-1
2.67388892174	-1
2.67388892174	-1
2.69206380844	-1
2.69206380844	-1
2.69206380844	-1
2.69206380844	-1
2.69206380844	-1
2.69206380844	-1
2.76727485657	-1
2.76727485657	-1
2.76727485657	-1
2.77133083344	-1
2.77133083344	-1
2.77133083344	-1
2.77133083344	-1
2.77133083344	-1
2.77133083344	-1
2.77412199974	-1
2.77412199974	-1
2.77412199974	-1
2.77412199974	-1
2.77412199974	-1
2.77412199974	-1
2.77412199974	-1
2.77630496025	-1
2.77812790871	-1
2.77812790871	-1
2.77812790871	-1
2.77812790871	-1
2.77812790871	-1
2.77812790871	-1
2.79285287857	-1
2.79285287857	-1
2.79360890388	-1
2.79360890388	-1
2.79360890388	-1
2.80463981628	-1
2.80463981628	-1
2.80463981628	-1
2.80463981628	-1
2.80463981628	-1
2.80463981628	-1
2.80463981628	-1
2.80463981628	-1
2.83245992661	-1
2.83245992661	-1
2.83245992661	-1
2.83245992661	-1
2.83245992661	-1
2.83245992661	-1
2.83245992661	-1
2.83245992661	-1
2.84453988075	-1
2.84453988075	-1
2.84453988075	-1
2.84453988075	-1
2.84453988075	-1
2.84453988075	-1
2.84453988075	-1
2.84457302094	1
2.84457302094	1
2.8447740078	-1
2.88676595688	-1
2.88676595688	-1
2.88676595688	-1
2.89029192924	-1
2.89029192924	-1
2.89029192924	-1
2.89029192924	-1
2.89029192924	-1
2.89029192924	-1
2.89029192924	-1
2.89029192924	-1
2.90083599091	-1
2.90083599091	-1
2.90083599091	-1
2.90083599091	-1
2.90083599091	-1
2.90083599091	-1
2.92170381546	-1
2.92170381546	-1
2.94392681122	-1
2.94392681122	-1
2.94392681122	-1
2.94392681122	-1
2.94392681122	-1
2.94392681122	-1
2.94392681122	-1
2.95772790909	-1
2.96047592163	1
2.96047592163	1
2.99395704269	-1
2.99395704269	-1
2.99395704269	-1
3.06128787994	-1
3.06128787994	-1
3.06128787994	-1
3.06184792519	-1
3.06184792519	-1
3.06184792519	-1
3.06184792519	-1
3.06184792519	-1
3.06184792519	-1
3.06184792519	-1
3.06789493561	-1
3.06794285774	-1
3.06794285774	-1
3.06794285774	-1
3.06794285774	-1
3.06794285774	-1
3.06794285774	-1
3.07614588737	-1
3.0898900032	-1
3.0898900032	-1
3.0898900032	-1
3.0898900032	-1
3.0898900032	-1
3.0898900032	-1
3.0898900032	-1
3.0898900032	-1
3.0898900032	-1
3.0902659893	-1
3.0902659893	-1
3.0902659893	-1
3.0902659893	-1
3.0902659893	-1
3.0902659893	-1
3.09847593307	-1
3.09847593307	-1
3.09847593307	-1
3.09847593307	-1
3.09847593307	-1
3.09847593307	-1
3.09847593307	-1
3.10521292686	-1
3.10521292686	-1
3.10521292686	-1
3.10521292686	-1
3.10521292686	-1
3.10731196404	1
3.14403891563	1
3.14403891563	1
3.14403891563	1
3.15331888199	-1
3.15411090851	1
3.15411090851	1
3.16884303093	-1
3.16884303093	-1
3.16919183731	-1
3.16919183731	-1
3.16919183731	-1
3.16919183731	-1
3.16919183731	-1
3.16919183731	-1
3.17883491516	-1
3.17883491516	-1
3.17883491516	-1
3.17883491516	-1
3.17883491516	-1
3.17883491516	-1
3.17883491516	-1
3.17883491516	-1
3.18327593803	-1
3.18327593803	-1
3.18327593803	-1
3.18327593803	-1
3.18327593803	-1
3.18327593803	-1
3.18327593803	-1
3.18350601196	-1
3.18362903595	-1
3.18362903595	-1
3.18362903595	-1
3.18362903595	-1
3.18362903595	-1
3.18362903595	-1
3.18362903595	-1
3.20545887947	-1
3.20545887947	-1
3.20545887947	-1
3.20545887947	-1
3.20545887947	-1
3.20545887947	-1
3.20545887947	-1
3.20545887947	-1
3.20545887947	-1
3.20545887947	-1
3.20580792427	-1
3.20580792427	-1
3.20580792427	-1
3.20580792427	-1
3.20580792427	-1
3.20580792427	-1
3.2182559967	-1
3.21961903572	-1
3.21961903572	-1
3.21961903572	-1
3.21961903572	-1
3.21961903572	-1
3.21961903572	-1
3.21961903572	-1
3.22277903557	-1
3.22282290459	1
3.22282290459	1
3.25001788139	-1
3.25001788139	-1
3.25001788139	-1
3.25001788139	-1
3.25001788139	-1
3.25001788139	-1
3.25001788139	-1
3.2501578331	-1
3.25984597206	-1
3.25984597206	-1
3.25984597206	-1
3.25984597206	-1
3.25984597206	-1
3.25984597206	-1
3.25984597206	-1
3.28479099274	-1
3.28484582901	-1
3.28484582901	-1
3.28484582901	-1
3.28484582901	-1
3.28484582901	-1
3.28484582901	-1
3.28484582901	-1
3.29438591003	-1
3.29450082779	-1
3.29450082779	-1
3.29450082779	-1
3.29450082779	-1
3.29450082779	-1
3.29450082779	-1
3.29450082779	-1
3.29474687576	-1
3.29486894608	-1
3.29486894608	-1
3.29486894608	-1
3.29486894608	-1
3.29486894608	-1
3.29486894608	-1
3.2966530323	1
3.2966530323	1
3.2966530323	1
3.29760694504	1
3.29760694504	1
3.32020998001	-1
3.32020998001	-1
3.32020998001	-1
3.32020998001	-1
3.32020998001	-1
3.32020998001	-1
3.32020998001	-1
3.32020998001	-1
3.3205678463	-1
3.3205678463	-1
3.3205678463	-1
3.3205678463	-1
3.3205678463	-1
3.3205678463	-1
3.3205678463	-1
3.3205678463	-1
3.3205678463	-1
3.32142281532	1
3.32142281532	1
3.32142281532	1
3.33522701263	-1
3.33522701263	-1
3.33522701263	-1
3.33522701263	-1
3.33522701263	-1
3.33522701263	-1
3.33522701263	-1
3.33522701263	-1
3.33569788933	-1
3.33569788933	-1
3.33569788933	-1
3.33569788933	-1
3.33569788933	-1
3.33569788933	-1
3.33569788933	-1
3.33569788933	-1
3.3359978199	-1
3.3359978199	-1
3.3359978199	-1
3.3359978199	-1
3.3359978199	-1
3.3359978199	-1
3.3359978199	-1
3.33621692657	-1
3.33621692657	-1
3.33621692657	-1
3.33621692657	-1
3.33621692657	-1
3.33621692657	-1
3.33621692657	-1
3.33668398857	-1
3.33668398857	-1
3.35411000252	1
3.35411000252	1
3.36266803741	-1
3.36266803741	-1
3.36266803741	-1
3.36266803741	-1
3.36266803741	-1
3.36266803741	-1
3.36266803741	-1
3.36270689964	1
3.36289787292	-1
3.36289787292	-1
3.36289787292	-1
3.36289787292	-1
3.36289787292	-1
3.36289787292	-1
3.36314582825	-1
3.36317682266	-1
3.36317682266	-1
3.36317682266	-1
3.36317682266	-1
3.36317682266	-1
3.36317682266	-1
3.36317682266	-1
3.37391781807	-1
3.37411594391	-1
3.37411594391	-1
3.37411594391	-1
3.37411594391	-1
3.37411594391	-1
3.37411594391	-1
3.37411594391	-1
3.37436199188	-1
3.39899802208	-1
3.39899802208	-1
3.39899802208	-1
3.39899802208	-1
3.39899802208	-1
3.39899802208	-1
3.39899802208	-1
3.39899802208	-1
3.39936590195	-1
3.39936590195	-1
3.39936590195	-1
3.39936590195	-1
3.39936590195	-1
3.39936590195	-1
3.39936590195	-1
3.39936590195	-1
3.41003704071	-1
3.41015982628	-1
3.41015982628	-1
3.41015982628	-1
3.41015982628	-1
3.41015982628	-1
3.41015982628	-1
3.41015982628	-1
3.41498184204	1
3.41498184204	1
3.41498184204	1
3.42848992348	1
3.42848992348	1
3.43672394753	-1
3.43684196472	-1
3.43684196472	-1
3.43684196472	-1
3.43684196472	-1
3.43684196472	-1
3.43684196472	-1
3.43684196472	-1
3.4781730175	1
3.48679089546	-1
3.48679089546	-1
3.48679089546	-1
3.48704004288	-1
3.48704004288	-1
3.48704004288	-1
3.48704004288	-1
3.48704004288	-1
3.48704004288	-1
3.48704004288	-1
3.48728585243	-1
3.48728585243	-1
3.48728585243	-1
3.48728585243	-1
3.48728585243	-1
3.48728585243	-1
3.48728585243	-1
3.50724101067	-1
3.50724101067	-1
3.50724101067	-1
3.50724101067	-1
3.50724101067	-1
3.50724101067	-1
3.50724101067	-1
3.50724101067	-1
3.50852584839	-1
3.50852584839	-1
3.50852584839	-1
3.50852584839	-1
3.50852584839	-1
3.50852584839	-1
3.50852584839	-1
3.50852584839	-1
3.5097079277	1
3.5097079277	1
3.5097079277	1
3.52240300179	-1
3.52240300179	-1
3.52240300179	-1
3.52240300179	-1
3.52240300179	-1
3.52240300179	-1
3.52240300179	-1
3.52240300179	-1
3.52506494522	-1
3.52506494522	-1
3.52506494522	-1
3.52506494522	-1
3.52506494522	-1
3.52506494522	-1
3.52506494522	-1
3.52635502815	-1
3.52635502815	-1
3.52635502815	-1
3.52635502815	-1
3.52635502815	-1
3.52635502815	-1
3.52635502815	-1
3.56149792671	-1
3.56149792671	-1
3.56149792671	-1
3.56172585487	-1
3.56172585487	-1
3.56172585487	-1
3.56172585487	-1
3.56172585487	-1
3.56172585487	-1
3.56225681305	-1
3.56225681305	-1
3.56225681305	-1
3.56225681305	-1
3.56225681305	-1
3.56225681305	-1
3.56225681305	-1
3.56428098679	-1
3.56428098679	-1
3.56428098679	-1
3.56428098679	-1
3.56428098679	-1
3.56428098679	-1
3.56428098679	-1
3.58029484749	-1
3.58029484749	-1
3.58029484749	-1
3.58029484749	-1
3.58029484749	-1
3.58029484749	-1
3.58029484749	-1
3.58029484749	-1
3.59356498718	-1
3.59360790253	1
3.60085582733	-1
3.60085582733	-1
3.60085582733	-1
3.60085582733	-1
3.60085582733	-1
3.60085582733	-1
3.60085582733	-1
3.60085582733	-1
3.60204482079	-1
3.60844683647	-1
3.60844683647	-1
3.60844683647	-1
3.60844683647	-1
3.60844683647	-1
3.60844683647	-1
3.60844683647	-1
3.63724684715	-1
3.64033889771	-1
3.64033889771	-1
3.64033889771	-1
3.64033889771	-1
3.64033889771	-1
3.64033889771	-1
3.64033889771	-1
3.64033889771	-1
3.64067101479	-1
3.64067101479	-1
3.64067101479	-1
3.64067101479	-1
3.64067101479	-1
3.64067101479	-1
3.64067101479	-1
3.65840601921	-1
3.6586098671	-1
3.6586098671	-1
3.6586098671	-1
3.6586098671	-1
3.6586098671	-1
3.6586098671	-1
3.6586098671	-1
3.65887498856	-1
3.66072297096	1
3.66072297096	1
3.66072297096	1
3.67643404007	-1
3.67643404007	-1
3.67643404007	-1
3.67643404007	-1
3.67643404007	-1
3.67643404007	-1
3.67643404007	-1
3.67643404007	-1
3.68234682083	-1
3.68234682083	-1
3.68234682083	-1
3.68234682083	-1
3.68234682083	-1
3.68234682083	-1
3.68234682083	-1
3.68234682083	-1
3.68410301208	-1
3.68410301208	-1
3.68410301208	-1
3.68410301208	-1
3.68410301208	-1
3.68410301208	-1
3.68410301208	-1
3.69615983963	-1
3.69615983963	-1
3.69615983963	-1
3.69615983963	-1
3.69615983963	-1
3.69615983963	-1
3.69615983963	-1
3.69615983963	-1
3.70914292336	-1
3.71734285355	-1
3.71734285355	-1
3.71734285355	-1
3.71734285355	-1
3.71734285355	-1
3.71734285355	-1
3.71734285355	-1
3.71734285355	-1
3.71930503845	1
3.71930503845	1
3.71930503845	1
3.71967697144	-1
3.71979594231	-1
3.71979594231	-1
3.71979594231	-1
3.71979594231	-1
3.71979594231	-1
3.71979594231	-1
3.71979594231	-1
3.72004199028	-1
3.72004199028	-1
3.72004199028	-1
3.72004199028	-1
3.72004199028	-1
3.72004199028	-1
3.72004199028	-1
3.74479389191	-1
3.74479389191	-1
3.74479389191	-1
3.74479389191	-1
3.74479389191	-1
3.74479389191	-1
3.74479389191	-1
3.74479389191	-1
3.77815198898	-1
3.77815198898	-1
3.77942800522	1
3.77942800522	1
3.78347492218	-1
3.78347492218	-1
3.78347492218	-1
3.78347492218	-1
3.78347492218	-1
3.78347492218	-1
3.78347492218	-1
3.78845596313	-1
3.79194188118	-1
3.79194188118	-1
3.79194188118	-1
3.79194188118	-1
3.79194188118	-1
3.79194188118	-1
3.79962301254	-1
3.79962301254	-1
3.79962301254	-1
3.79962301254	-1
3.79962301254	-1
3.79962301254	-1
3.79962301254	-1
3.79962301254	-1
3.8013958931	1
3.8013958931	1
3.8013958931	1
3.81165289879	-1
3.81165289879	-1
3.81165289879	-1
3.81165289879	-1
3.81165289879	-1
3.81165289879	-1
3.81165289879	-1
3.81329584122	1
3.81329584122	1
3.81456398964	1
3.81456398964	1
3.81456398964	1
3.86766982079	-1
3.86766982079	-1
3.86766982079	-1
3.86766982079	-1
3.86766982079	-1
3.86766982079	-1
3.86766982079	-1
3.86766982079	-1
3.86766982079	-1
3.88298392296	-1
3.88298392296	-1
3.88298392296	-1
3.88298392296	-1
3.88298392296	-1
3.88298392296	-1
3.88298392296	-1
3.88298392296	-1
3.89210581779	-1
3.89210581779	-1
3.89210581779	-1
3.89210581779	-1
3.89210581779	-1
3.89210581779	-1
3.89210581779	-1
3.92217493057	-1
3.93983602524	1
3.9669418335	-1
3.9669418335	-1
3.9669418335	-1
3.9669418335	-1
3.98755097389	1
3.98755097389	1
3.98755097389	1
4.01569390297	-1
4.01569390297	-1
4.05052304268	-1
4.05052304268	-1
4.05056381226	1
4.05056381226	1
4.06331992149	1
4.06331992149	1
4.06331992149	1
4.10113191605	-1
4.10113191605	-1
4.10113191605	-1
4.10113191605	-1
4.17041683197	-1
4.17042994499	1
4.28582692146	-1
4.28587794304	1
4.34644699097	-1
4.34644699097	-1
4.34644699097	-1
4.40122485161	-1
4.44295883179	-1
4.44295883179	-1
4.44295883179	-1
4.44310688972	-1
4.44310688972	-1
4.44310688972	-1
4.44310688972	-1
4.47800302505	-1
4.49381184578	1
4.51684093475	-1
4.51684093475	-1
4.61368894577	-1
4.61368894577	-1
4.61368894577	-1
4.61372184753	1
4.61533904076	-1
4.61533904076	-1
4.61533904076	-1
4.61533904076	-1
4.61533904076	-1
4.61533904076	-1
4.6604449749	-1
4.6604449749	-1
4.68006587029	-1
4.68006587029	-1
4.68096184731	-1
4.68096184731	-1
4.68096184731	-1
4.68096184731	-1
4.68096184731	-1
4.68096184731	-1
4.69961690903	-1
4.70042896271	-1
4.70042896271	-1
4.70042896271	-1
4.76620697975	1
4.79288101196	-1
4.79288101196	-1
4.79288101196	-1
4.79288101196	-1
4.79288101196	-1
4.79288101196	-1
4.79288101196	-1
4.79288101196	-1
4.81581187248	-1
4.83465504646	-1
4.83465504646	-1
4.83465504646	-1
4.90213394165	-1
4.90213394165	-1
4.90213394165	-1
4.90216588974	1
4.90216588974	1
4.91409182549	-1
4.91409182549	-1
5.04110383987	-1
5.04110383987	-1
5.04110383987	-1
5.04113984108	1
5.04113984108	1
5.05615091324	-1
5.05615091324	-1
5.05759096146	1
5.05759096146	1
5.05759096146	1
5.06204891205	-1
5.06204891205	-1
5.06204891205	-1
5.06204891205	-1
5.06204891205	-1
5.06204891205	-1
5.11777091026	-1
5.11777091026	-1
5.11777091026	-1
5.11777091026	-1
5.12924003601	-1
5.12924003601	-1
5.12924003601	-1
5.12924003601	-1
5.12924003601	-1
5.12924003601	-1
5.12924003601	-1
5.12924003601	-1
5.13079094887	1
5.13079094887	1
5.13721299171	-1
5.13721299171	-1
5.13721299171	-1
5.13721299171	-1
5.13721299171	-1
5.13721299171	-1
5.13721299171	-1
5.17931985855	1
5.17978596687	-1
5.17978596687	-1
5.17978596687	-1
5.18626093864	-1
5.18626093864	-1
5.18626093864	-1
5.18626093864	-1
5.18626093864	-1
5.18626093864	-1
5.18626093864	-1
5.18626093864	-1
5.19207692146	-1
5.19207692146	-1
5.19207692146	-1
5.19207692146	-1
5.19207692146	-1
5.19207692146	-1
5.19207692146	-1
5.20913481712	-1
5.21206402779	-1
5.21206402779	-1
5.21206402779	-1
5.21206402779	-1
5.21206402779	-1
5.21206402779	-1
5.21206402779	-1
5.2176129818	-1
5.22226190567	-1
5.22226190567	-1
5.22226190567	-1
5.22226190567	-1
5.22226190567	-1
5.22226190567	-1
5.22226190567	-1
5.23123192787	-1
5.23123192787	-1
5.26165890694	-1
5.26165890694	-1
5.26165890694	-1
5.26165890694	-1
5.26165890694	-1
5.28580188751	-1
5.28580188751	-1
5.28797888756	-1
5.28797888756	-1
5.28797888756	-1
5.28797888756	-1
5.28797888756	-1
5.28797888756	-1
5.28797888756	-1
5.29968285561	-1
5.29968285561	-1
5.29968285561	-1
5.29968285561	-1
5.29968285561	-1
5.29968285561	-1
5.29968285561	-1
5.29971790314	1
5.33760881424	-1
5.33760881424	-1
5.33798098564	-1
5.33798098564	-1
5.33798098564	-1
5.33798098564	-1
5.33798098564	-1
5.33798098564	-1
5.43428897858	-1
5.43428897858	-1
5.43432092667	1
5.43943095207	-1
5.43943095207	-1
5.43943095207	-1
5.43943095207	-1
5.43943095207	-1
5.43943095207	-1
5.43943095207	-1
5.43943095207	-1
5.43943095207	-1
5.44209194183	-1
5.44209194183	-1
5.44209194183	-1
5.44209194183	-1
5.44209194183	-1
5.44209194183	-1
5.44209194183	-1
5.45849490166	-1
5.45849490166	-1
5.45849490166	-1
5.45849490166	-1
5.45849490166	-1
5.45849490166	-1
5.45849490166	-1
5.45849490166	-1
5.46078896523	-1
5.48573184013	-1
5.48573184013	-1
5.48573184013	-1
5.48573184013	-1
5.48573184013	-1
5.48573184013	-1
5.48573184013	-1
5.48573184013	-1
5.48908996582	-1
5.48908996582	-1
5.48908996582	-1
5.48908996582	-1
5.48908996582	-1
5.48908996582	-1
5.53219985962	-1
5.53219985962	-1
5.53282785416	-1
5.53282785416	-1
5.56569600105	1
5.56569600105	1
5.56569600105	1
5.64819192886	-1
5.64819192886	-1
5.64819192886	-1
5.64912390709	-1
5.64912390709	-1
5.64912390709	-1
5.64912390709	-1
5.65965890884	-1
5.66011190414	-1
5.66011190414	-1
5.66011190414	-1
5.66011190414	-1
5.67993497849	-1
5.67993497849	-1
5.67993497849	-1
5.67993497849	-1
5.67993497849	-1
5.67993497849	-1
5.67993497849	-1
5.67993497849	-1
5.6839029789	1
5.6839029789	1
5.69682693481	-1
5.69682693481	-1
5.69682693481	-1
5.69682693481	-1
5.69682693481	-1
5.69682693481	-1
5.69682693481	-1
5.70221281052	-1
5.72798681259	-1
5.72798681259	-1
5.72798681259	-1
5.73960399628	-1
5.73960399628	-1
5.73960399628	-1
5.73960399628	-1
5.73960399628	-1
5.73960399628	-1
5.74474692345	-1
5.74474692345	-1
5.74474692345	-1
5.74474692345	-1
5.74474692345	-1
5.74474692345	-1
5.75088691711	-1
5.75088691711	-1
5.75088691711	-1
5.75088691711	-1
5.75088691711	-1
5.75088691711	-1
5.75088691711	-1
5.75088691711	-1
5.78046894073	-1
5.78046894073	-1
5.78046894073	-1
5.78046894073	-1
5.78046894073	-1
5.78046894073	-1
5.78046894073	-1
5.79351401329	-1
5.79351401329	-1
5.79351401329	-1
5.79351401329	-1
5.79351401329	-1
5.79351401329	-1
5.79351401329	-1
5.79842281342	-1
5.80490088463	-1
5.80490088463	-1
5.80490088463	-1
5.80490088463	-1
5.80490088463	-1
5.80490088463	-1
5.80490088463	-1
5.80930304527	-1
5.80930304527	-1
5.80930304527	-1
5.80930304527	-1
5.80930304527	-1
5.80930304527	-1
5.80930304527	-1
5.80930304527	-1
5.81849193573	-1
5.81849193573	-1
5.81849193573	-1
5.81849193573	-1
5.81849193573	-1
5.81849193573	-1
5.81849193573	-1
5.81849193573	-1
5.82664990425	-1
5.82664990425	-1
5.82789897919	1
5.83197283745	-1
5.83197283745	-1
5.83197283745	-1
5.83197283745	-1
5.83197283745	-1
5.83197283745	-1
5.83197283745	-1
5.83600687981	-1
5.83600687981	-1
5.83600687981	-1
5.83600687981	-1
5.83600687981	-1
5.83600687981	-1
5.83600687981	-1
5.84495687485	-1
5.84495687485	-1
5.84495687485	-1
5.84495687485	-1
5.84796595573	-1
5.85148882866	-1
5.85148882866	-1
5.85148882866	-1
5.85148882866	-1
5.85148882866	-1
5.85148882866	-1
5.85722303391	-1
5.85722303391	-1
5.85722303391	-1
5.85722303391	-1
5.85722303391	-1
5.85722303391	-1
5.85722303391	-1
5.85722303391	-1
5.86032485962	-1
5.86032485962	-1
5.86032485962	-1
5.86032485962	-1
5.86032485962	-1
5.86032485962	-1
5.86032485962	-1
5.86032485962	-1
5.89254903793	-1
5.89254903793	-1
5.89697289467	-1
5.89697289467	-1
5.89697289467	-1
5.89697289467	-1
5.89697289467	-1
5.89697289467	-1
5.89697289467	-1
5.90710902214	-1
5.90710902214	-1
5.90710902214	-1
5.90710902214	-1
5.90710902214	-1
5.90710902214	-1
5.90710902214	-1
5.91605782509	-1
5.91792082787	-1
5.91792082787	-1
5.91792082787	-1
5.91792082787	-1
5.91792082787	-1
5.91792082787	-1
5.91792082787	-1
5.923183918	-1
5.923183918	-1
5.923183918	-1
5.923183918	-1
5.923183918	-1
5.923183918	-1
5.923183918	-1
5.923183918	-1
5.93827700615	-1
5.93827700615	-1
5.93827700615	-1
5.93827700615	-1
5.93827700615	-1
5.93827700615	-1
5.93827700615	-1
5.93827700615	-1
5.95431184769	-1
5.95431184769	-1
5.96240091324	-1
5.96240091324	-1
5.96240091324	-1
5.96240091324	-1
5.96240091324	-1
5.96240091324	-1
5.97967886925	-1
5.97967886925	-1
5.97967886925	-1
5.97967886925	-1
5.97967886925	-1
5.97967886925	-1
5.97967886925	-1
5.97967886925	-1
5.99192595482	-1
5.99192595482	-1
5.99192595482	-1
5.99192595482	-1
5.99192595482	-1
5.99192595482	-1
5.99192595482	-1
5.99192595482	-1
5.99327397346	1
6.01259493828	-1
6.01259493828	-1
6.01259493828	-1
6.01259493828	-1
6.01259493828	-1
6.01259493828	-1
6.01259493828	-1
6.01259493828	-1
6.03152990341	-1
6.03152990341	-1
6.03210687637	-1
6.03210687637	-1
6.03210687637	-1
6.03210687637	-1
6.03210687637	-1
6.03210687637	-1
6.03210687637	-1
6.03785586357	-1
6.03785586357	-1
6.03785586357	-1
6.03785586357	-1
6.03785586357	-1
6.03785586357	-1
6.03785586357	-1
6.04324293137	-1
6.04324293137	-1
6.04324293137	-1
6.04324293137	-1
6.04324293137	-1
6.04324293137	-1
6.04324293137	-1
6.05300998688	-1
6.05674481392	-1
6.05674481392	-1
6.05674481392	-1
6.05674481392	-1
6.05674481392	-1
6.05674481392	-1
6.05674481392	-1
6.05674481392	-1
6.06003403664	-1
6.06615781784	-1
6.06615781784	-1
6.06615781784	-1
6.06615781784	-1
6.06615781784	-1
6.06615781784	-1
6.06615781784	-1
6.06615781784	-1
6.06931090355	-1
6.06931090355	-1
6.06931090355	-1
6.06931090355	-1
6.06931090355	-1
6.06931090355	-1
6.06931090355	-1
6.07161188126	-1
6.07161188126	-1
6.07161188126	-1
6.07161188126	-1
6.07161188126	-1
6.07161188126	-1
6.07161188126	-1
6.07432889938	-1
6.07432889938	-1
6.07579398155	-1
6.07579398155	-1
6.07579398155	-1
6.07579398155	-1
6.07579398155	-1
6.07579398155	-1
6.07579398155	-1
6.07723689079	-1
6.07834601402	1
6.07834601402	1
6.07834601402	1
6.08057498932	-1
6.08057498932	-1
6.08057498932	-1
6.08057498932	-1
6.08057498932	-1
6.08057498932	-1
6.08057498932	-1
6.08057498932	-1
6.08206892014	-1
6.08206892014	-1
6.08206892014	-1
6.08206892014	-1
6.08206892014	-1
6.08206892014	-1
6.08206892014	-1
6.09509587288	-1
6.09509587288	-1
6.09509587288	-1
6.09509587288	-1
6.09509587288	-1
6.09509587288	-1
6.09509587288	-1
6.10726690292	-1
6.10726690292	-1
6.10726690292	-1
6.10726690292	-1
6.10726690292	-1
6.10726690292	-1
6.10726690292	-1
6.10726690292	-1
6.10726690292	-1
6.10760998726	-1
6.10760998726	-1
6.10760998726	-1
6.10760998726	-1
6.10760998726	-1
6.10760998726	-1
6.10760998726	-1
6.10760998726	-1
6.1079788208	-1
6.1079788208	-1
6.1079788208	-1
6.1079788208	-1
6.1079788208	-1
6.1079788208	-1
6.1079788208	-1
6.1079788208	-1
6.1083419323	-1
6.1083419323	-1
6.1083419323	-1
6.1083419323	-1
6.1083419323	-1
6.1083419323	-1
6.1083419323	-1
6.10859298706	-1
6.12803697586	-1
6.12803697586	-1
6.12803697586	-1
6.12803697586	-1
6.12803697586	-1
6.12803697586	-1
6.12803697586	-1
6.12803697586	-1
6.1280670166	1
6.13959598541	-1
6.13959598541	-1
6.13959598541	-1
6.13959598541	-1
6.13959598541	-1
6.13959598541	-1
6.13959598541	-1
6.13959598541	-1
6.13959598541	-1
6.13994598389	-1
6.13994598389	-1
6.13994598389	-1
6.13994598389	-1
6.13994598389	-1
6.13994598389	-1
6.13994598389	-1
6.14014482498	-1
6.14014482498	-1
6.14014482498	-1
6.14014482498	-1
6.14014482498	-1
6.14014482498	-1
6.14014482498	-1
6.15489387512	-1
6.15489387512	-1
6.15494394302	-1
6.15494394302	-1
6.15494394302	-1
6.15494394302	-1
6.15494394302	-1
6.15494394302	-1
6.15494394302	-1
6.15524697304	-1
6.15524697304	-1
6.15616083145	1
6.15616083145	1
6.15616083145	1
6.16791582108	-1
6.16791582108	-1
6.16791582108	-1
6.16791582108	-1
6.16791582108	-1
6.16791582108	-1
6.16791582108	-1
6.16805791855	-1
6.16805791855	-1
6.16805791855	-1
6.16805791855	-1
6.16805791855	-1
6.16805791855	-1
6.16805791855	-1
6.17879295349	-1
6.17879295349	-1
6.17879295349	-1
6.17879295349	-1
6.17879295349	-1
6.17879295349	-1
6.17879295349	-1
6.17879295349	-1
6.20633292198	-1
6.20633292198	-1
6.20633292198	-1
6.20633292198	-1
6.20633292198	-1
6.20633292198	-1
6.20633292198	-1
6.20633292198	-1
6.20633292198	-1
6.20670104027	-1
6.20670104027	-1
6.20670104027	-1
6.20670104027	-1
6.20670104027	-1
6.20670104027	-1
6.20670104027	-1
6.20670104027	-1
6.20795798302	1
6.20795798302	1
6.22044181824	-1
6.22044181824	-1
6.22044181824	-1
6.22044181824	-1
6.22044181824	-1
6.22044181824	-1
6.22044181824	-1
6.22068691254	-1
6.22068691254	-1
6.22068691254	-1
6.22068691254	-1
6.22068691254	-1
6.22068691254	-1
6.22068691254	-1
6.22608304024	-1
6.22608304024	-1
6.23267698288	-1
6.23267698288	-1
6.23267698288	-1
6.23267698288	-1
6.23267698288	-1
6.23267698288	-1
6.23267698288	-1
6.23773503304	-1
6.2490170002	-1
6.2490170002	-1
6.2490170002	-1
6.2490170002	-1
6.2490170002	-1
6.2490170002	-1
6.2490170002	-1
6.2490170002	-1
6.24904584885	1
6.25430393219	-1
6.25430393219	-1
6.25430393219	-1
6.25430393219	-1
6.25430393219	-1
6.25430393219	-1
6.25430393219	-1
6.25884985924	-1
6.25884985924	-1
6.25884985924	-1
6.25884985924	-1
6.25884985924	-1
6.25884985924	-1
6.25884985924	-1
6.26959180832	-1
6.26959180832	-1
6.26959180832	-1
6.26959180832	-1
6.26959180832	-1
6.26959180832	-1
6.26959180832	-1
6.26959180832	-1
6.26959180832	-1
6.27874588966	-1
6.27874588966	-1
6.27874588966	-1
6.27874588966	-1
6.27874588966	-1
6.27874588966	-1
6.27874588966	-1
6.27874588966	-1
6.27874588966	-1
6.2821059227	-1
6.2821059227	-1
6.2821059227	-1
6.2821059227	-1
6.2821059227	-1
6.2821059227	-1
6.2821059227	-1
6.28488993645	-1
6.28488993645	-1
6.28488993645	-1
6.28488993645	-1
6.28488993645	-1
6.28488993645	-1
6.28488993645	-1
6.29433083534	-1
6.29433083534	-1
6.2943789959	-1
6.2943789959	-1
6.2943789959	-1
6.2943789959	-1
6.2943789959	-1
6.2943789959	-1
6.2943789959	-1
6.30245900154	-1
6.30649590492	-1
6.30649590492	-1
6.30649590492	-1
6.30649590492	-1
6.30649590492	-1
6.30649590492	-1
6.30649590492	-1
6.30649590492	-1
6.3180038929	-1
6.3180038929	-1
6.3180038929	-1
6.3180038929	-1
6.3180038929	-1
6.3180038929	-1
6.3180038929	-1
6.3181450367	-1
6.3181450367	-1
6.3181450367	-1
6.3181450367	-1
6.3181450367	-1
6.3181450367	-1
6.3181450367	-1
6.33614993095	-1
6.33614993095	-1
6.33614993095	-1
6.33614993095	-1
6.33614993095	-1
6.33614993095	-1
6.33614993095	-1
6.33614993095	-1
6.33614993095	-1
6.34720683098	-1
6.34720683098	-1
6.35312390327	-1
6.35312390327	-1
6.35312390327	-1
6.35312390327	-1
6.35312390327	-1
6.35312390327	-1
6.35312390327	-1
6.357172966	-1
6.357172966	-1
6.357172966	-1
6.357172966	-1
6.357172966	-1
6.357172966	-1
6.357172966	-1
6.36965203285	-1
6.36965203285	-1
6.36965203285	-1
6.36965203285	-1
6.36965203285	-1
6.36965203285	-1
6.36965203285	-1
6.36966991425	1
6.36989498138	-1
6.37971401215	-1
6.37971401215	-1
6.37971401215	-1
6.37971401215	-1
6.37971401215	-1
6.37971401215	-1
6.37971401215	-1
6.37971401215	-1
6.39408898354	-1
6.39408898354	-1
6.39882087708	-1
6.39882087708	-1
6.39882087708	-1
6.39882087708	-1
6.39882087708	-1
6.39882087708	-1
6.39882087708	-1
6.40535402298	-1
6.40535402298	-1
6.40535402298	-1
6.40535402298	-1
6.40535402298	-1
6.40535402298	-1
6.40535402298	-1
6.41078281403	-1
6.41078281403	-1
6.41078281403	-1
6.41078281403	-1
6.41078281403	-1
6.41078281403	-1
6.41078281403	-1
6.41765403748	-1
6.42234301567	-1
6.42234301567	-1
6.42234301567	-1
6.42234301567	-1
6.42234301567	-1
6.42234301567	-1
6.42234301567	-1
6.42234301567	-1
6.42571592331	-1
6.42683887482	1
6.42683887482	1
6.42683887482	1
6.43390488625	-1
6.43390488625	-1
6.43390488625	-1
6.43390488625	-1
6.43390488625	-1
6.43390488625	-1
6.43390488625	-1
6.43390488625	-1
6.43718791008	-1
6.43718791008	-1
6.43718791008	-1
6.43718791008	-1
6.43718791008	-1
6.43718791008	-1
6.43718791008	-1
6.44173383713	-1
6.44173383713	-1
6.44173383713	-1
6.44173383713	-1
6.44173383713	-1
6.44173383713	-1
6.44173383713	-1
6.44759082794	-1
6.44759082794	-1
6.45039582253	-1
6.45039582253	-1
6.45039582253	-1
6.45039582253	-1
6.45039582253	-1
6.45039582253	-1
6.45039582253	-1
6.45361185074	-1
6.45973587036	-1
6.45973587036	-1
6.45973587036	-1
6.45973587036	-1
6.45973587036	-1
6.45973587036	-1
6.45973587036	-1
6.45973587036	-1
6.46252894402	-1
6.46252894402	-1
6.46252894402	-1
6.46252894402	-1
6.46252894402	-1
6.46252894402	-1
6.46252894402	-1
6.46365880966	1
6.46365880966	1
6.4645588398	1
6.4645588398	1
6.4645588398	1
6.46517181396	-1
6.46517181396	-1
6.46517181396	-1
6.46517181396	-1
6.46517181396	-1
6.46517181396	-1
6.46517181396	-1
6.47270083427	-1
6.47270083427	-1
6.47270083427	-1
6.47270083427	-1
6.47270083427	-1
6.47270083427	-1
6.47270083427	-1
6.47270083427	-1
6.47270083427	-1
6.48466181755	-1
6.48466181755	-1
6.48478102684	-1
6.48478102684	-1
6.48478102684	-1
6.48478102684	-1
6.48478102684	-1
6.48478102684	-1
6.48478102684	-1
6.4850268364	-1
6.4850268364	-1
6.4850268364	-1
6.4850268364	-1
6.4850268364	-1
6.4850268364	-1
6.4850268364	-1
6.48539495468	-1
6.48539495468	-1
6.48539495468	-1
6.48539495468	-1
6.48539495468	-1
6.48539495468	-1
6.48539495468	-1
6.49585986137	-1
6.49587392807	1
6.51231384277	-1
6.51231384277	-1
6.51231384277	-1
6.51231384277	-1
6.51231384277	-1
6.51231384277	-1
6.51231384277	-1
6.51231384277	-1
6.51231384277	-1
6.51257586479	-1
6.51257586479	-1
6.51257586479	-1
6.51257586479	-1
6.51257586479	-1
6.51257586479	-1
6.51257586479	-1
6.51257586479	-1
6.52507185936	-1
6.52507185936	-1
6.52507185936	-1
6.52507185936	-1
6.52507185936	-1
6.52507185936	-1
6.52507185936	-1
6.52530789375	-1
6.52530789375	-1
6.52530789375	-1
6.52530789375	-1
6.52530789375	-1
6.52530789375	-1
6.52530789375	-1
6.5425388813	-1
6.5425388813	-1
6.5425388813	-1
6.5425388813	-1
6.5425388813	-1
6.5425388813	-1
6.5425388813	-1
6.5425388813	-1
6.5425388813	-1
6.54374694824	1
6.54374694824	1
6.54374694824	1
6.55267691612	-1
6.55267691612	-1
6.55278992653	-1
6.55278992653	-1
6.55278992653	-1
6.55278992653	-1
6.55278992653	-1
6.55278992653	-1
6.55278992653	-1
6.56289601326	-1
6.56289601326	-1
6.56289601326	-1
6.56289601326	-1
6.56289601326	-1
6.56289601326	-1
6.56289601326	-1
6.56325483322	-1
6.56325483322	-1
6.56325483322	-1
6.56325483322	-1
6.56325483322	-1
6.56325483322	-1
6.56325483322	-1
6.56349992752	-1
6.58376193047	-1
6.58376193047	-1
6.58387684822	-1
6.58387684822	-1
6.58387684822	-1
6.58387684822	-1
6.58387684822	-1
6.58387684822	-1
6.58387684822	-1
6.59363389015	-1
6.59363389015	-1
6.59363389015	-1
6.59363389015	-1
6.59363389015	-1
6.59363389015	-1
6.59363389015	-1
6.60503387451	-1
6.60503387451	-1
6.60503387451	-1
6.60503387451	-1
6.60503387451	-1
6.60503387451	-1
6.60503387451	-1
6.60503387451	-1
6.61034393311	-1
6.61034393311	-1
6.61034393311	-1
6.61034393311	-1
6.61034393311	-1
6.61034393311	-1
6.61034393311	-1
6.61034393311	-1
6.61556601524	-1
6.61992788315	-1
6.61992788315	-1
6.61992788315	-1
6.61992788315	-1
6.61992788315	-1
6.61992788315	-1
6.61992788315	-1
6.62418293953	-1
6.63708090782	-1
6.63708090782	-1
6.63708090782	-1
6.63708090782	-1
6.63708090782	-1
6.63708090782	-1
6.63708090782	-1
6.63708090782	-1
6.64330601692	-1
6.64330601692	-1
6.64330601692	-1
6.64330601692	-1
6.64330601692	-1
6.64330601692	-1
6.64330601692	-1
6.64840483665	-1
6.64840483665	-1
6.64840483665	-1
6.64840483665	-1
6.64840483665	-1
6.64840483665	-1
6.64840483665	-1
6.66615986824	-1
6.66615986824	-1
6.66615986824	-1
6.66615986824	-1
6.66615986824	-1
6.66615986824	-1
6.66615986824	-1
6.66615986824	-1
6.66615986824	-1
6.67488694191	-1
6.67488694191	-1
6.67615795135	1
6.67615795135	1
6.67615795135	1
6.67841482162	-1
6.67841482162	-1
6.67841482162	-1
6.67841482162	-1
6.67841482162	-1
6.67841482162	-1
6.67841482162	-1
6.68234682083	-1
6.68234682083	-1
6.68234682083	-1
6.68234682083	-1
6.68234682083	-1
6.68234682083	-1
6.68234682083	-1
6.68509101868	-1
6.68509101868	-1
6.68509101868	-1
6.68509101868	-1
6.68509101868	-1
6.68509101868	-1
6.68509101868	-1
6.69139790535	-1
6.70020604134	-1
6.70020604134	-1
6.70020604134	-1
6.70020604134	-1
6.70020604134	-1
6.70020604134	-1
6.70020604134	-1
6.70020604134	-1
6.71428585052	-1
6.71428585052	-1
6.71428585052	-1
6.71428585052	-1
6.71428585052	-1
6.71428585052	-1
6.71428585052	-1
6.71428585052	-1
6.72014284134	-1
6.72014284134	-1
6.72014284134	-1
6.72014284134	-1
6.72014284134	-1
6.72014284134	-1
6.72014284134	-1
6.72014284134	-1
6.72221088409	-1
6.72221088409	-1
6.72221088409	-1
6.72221088409	-1
6.72221088409	-1
6.72221088409	-1
6.72221088409	-1
6.72221088409	-1
6.72407484055	-1
6.72684597969	-1
6.72684597969	-1
6.72684597969	-1
6.72684597969	-1
6.72684597969	-1
6.72684597969	-1
6.72684597969	-1
6.72894883156	-1
6.73447990417	-1
6.73447990417	-1
6.73447990417	-1
6.73447990417	-1
6.73447990417	-1
6.73447990417	-1
6.73447990417	-1
6.73451304436	1
6.73742699623	-1
6.74072504044	-1
6.74072504044	-1
6.74072504044	-1
6.74072504044	-1
6.74072504044	-1
6.74072504044	-1
6.74072504044	-1
6.74361491203	-1
6.74361491203	-1
6.74361491203	-1
6.74361491203	-1
6.74361491203	-1
6.74361491203	-1
6.74361491203	-1
6.74361491203	-1
6.7527859211	-1
6.75283288956	-1
6.75283288956	-1
6.75283288956	-1
6.75283288956	-1
6.75283288956	-1
6.75283288956	-1
6.75283288956	-1
6.75880694389	-1
6.77998304367	-1
6.77998304367	-1
6.77998304367	-1
6.77998304367	-1
6.77998304367	-1
6.77998304367	-1
6.77998304367	-1
6.77998304367	-1
6.78778386116	-1
6.78778386116	-1
6.78778386116	-1
6.78778386116	-1
6.78778386116	-1
6.78778386116	-1
6.78778386116	-1
6.79395198822	-1
6.79395198822	-1
6.79395198822	-1
6.79395198822	-1
6.79395198822	-1
6.79395198822	-1
6.79395198822	-1
6.80873584747	-1
6.80873584747	-1
6.81733489037	-1
6.81733489037	-1
6.81733489037	-1
6.81733489037	-1
6.81733489037	-1
6.81733489037	-1
6.81733489037	-1
6.83300495148	-1
6.83980298042	-1
6.83980298042	-1
6.83980298042	-1
6.83980298042	-1
6.83980298042	-1
6.83980298042	-1
6.83980298042	-1
6.83980298042	-1
6.84795284271	-1
6.84795284271	-1
6.84795284271	-1
6.84795284271	-1
6.84795284271	-1
6.84795284271	-1
6.84795284271	-1
6.85478997231	-1
6.85478997231	-1
6.85478997231	-1
6.85478997231	-1
6.85478997231	-1
6.85478997231	-1
6.85478997231	-1
6.8548309803	1
6.87578082085	-1
6.87578082085	-1
6.87578082085	-1
6.87578082085	-1
6.87578082085	-1
6.87578082085	-1
6.87578082085	-1
6.87578082085	-1
6.87578082085	-1
6.88571286201	-1
6.88571286201	-1
6.89218497276	-1
6.89218497276	-1
6.89218497276	-1
6.89218497276	-1
6.89218497276	-1
6.89218497276	-1
6.89218497276	-1
6.89784598351	-1
6.89784598351	-1
6.89784598351	-1
6.89784598351	-1
6.89784598351	-1
6.89784598351	-1
6.89784598351	-1
6.90252590179	-1
6.90252590179	-1
6.90252590179	-1
6.90252590179	-1
6.90252590179	-1
6.90252590179	-1
6.90252590179	-1
6.90367102623	1
6.90367102623	1
6.90367102623	1
6.90809583664	-1
6.91894984245	-1
6.91894984245	-1
6.91894984245	-1
6.91894984245	-1
6.91894984245	-1
6.91894984245	-1
6.91894984245	-1
6.91894984245	-1
6.93728303909	-1
6.93728303909	-1
6.93728303909	-1
6.93728303909	-1
6.93728303909	-1
6.93728303909	-1
6.93728303909	-1
6.93728303909	-1
6.93728303909	-1
6.94363689423	-1
6.94363689423	-1
6.94363689423	-1
6.94363689423	-1
6.94363689423	-1
6.94363689423	-1
6.94363689423	-1
6.95173788071	-1
6.95173788071	-1
6.95173788071	-1
6.95173788071	-1
6.95173788071	-1
6.95173788071	-1
6.95173788071	-1
6.97031188011	-1
6.97031188011	-1
6.98037481308	-1
6.98037481308	-1
6.98037481308	-1
6.98037481308	-1
6.98037481308	-1
6.98037481308	-1
6.98037481308	-1
7.00005102158	-1
7.00005102158	-1
7.00984382629	-1
7.00984382629	-1
7.00984382629	-1
7.00984382629	-1
7.00984382629	-1
7.00984382629	-1
7.00984382629	-1
7.01811385155	-1
7.01811385155	-1
7.01811385155	-1
7.01811385155	-1
7.01811385155	-1
7.01811385155	-1
7.01811385155	-1
7.02579498291	-1
7.02579498291	-1
7.02579498291	-1
7.02579498291	-1
7.02579498291	-1
7.02579498291	-1
7.02579498291	-1
7.03307795525	-1
7.03762602806	1
7.03762602806	1
7.03762602806	1
7.04624581337	-1
7.04624581337	-1
7.04624581337	-1
7.04624581337	-1
7.04624581337	-1
7.04624581337	-1
7.04624581337	-1
7.04624581337	-1
7.05767393112	-1
7.05767393112	-1
7.06219983101	-1
7.06219983101	-1
7.06219983101	-1
7.06219983101	-1
7.06219983101	-1
7.06219983101	-1
7.06219983101	-1
7.06600594521	-1
7.06600594521	-1
7.06600594521	-1
7.06600594521	-1
7.06600594521	-1
7.06600594521	-1
7.06600594521	-1
7.07053184509	-1
7.07053184509	-1
7.07053184509	-1
7.07053184509	-1
7.07053184509	-1
7.07053184509	-1
7.07053184509	-1
7.07346081734	-1
7.07460093498	1
7.07460093498	1
7.08093595505	-1
7.08093595505	-1
7.08093595505	-1
7.08093595505	-1
7.08093595505	-1
7.08093595505	-1
7.08093595505	-1
7.08093595505	-1
7.08433699608	-1
7.0904378891	-1
7.09047102928	1
7.09379601479	-1
7.09379601479	-1
7.09379601479	-1
7.09379601479	-1
7.09379601479	-1
7.09379601479	-1
7.09379601479	-1
7.09772801399	-1
7.09772801399	-1
7.09772801399	-1
7.09772801399	-1
7.09772801399	-1
7.09772801399	-1
7.09772801399	-1
7.10311388969	-1
7.10311388969	-1
7.10311388969	-1
7.10311388969	-1
7.10311388969	-1
7.10311388969	-1
7.10311388969	-1
7.11021995544	-1
7.11476588249	-1
7.11476588249	-1
7.11476588249	-1
7.11476588249	-1
7.11476588249	-1
7.11476588249	-1
7.11476588249	-1
7.11476588249	-1
7.11937403679	-1
7.12768292427	-1
7.12768292427	-1
7.12768292427	-1
7.12768292427	-1
7.12768292427	-1
7.12768292427	-1
7.12768292427	-1
7.12768292427	-1
7.13192892075	-1
7.13192892075	-1
7.13192892075	-1
7.13192892075	-1
7.13192892075	-1
7.13192892075	-1
7.13192892075	-1
7.13788700104	-1
7.13788700104	-1
7.13788700104	-1
7.13788700104	-1
7.13788700104	-1
7.13788700104	-1
7.13788700104	-1
7.14564800262	-1
7.14564800262	-1
7.1509308815	-1
7.1509308815	-1
7.1509308815	-1
7.1509308815	-1
7.1509308815	-1
7.1509308815	-1
7.1509308815	-1
7.15492582321	-1
7.16322588921	-1
7.16322588921	-1
7.16322588921	-1
7.16322588921	-1
7.16322588921	-1
7.16322588921	-1
7.16322588921	-1
7.16322588921	-1
7.1660399437	-1
7.1660399437	-1
7.1660399437	-1
7.1660399437	-1
7.1660399437	-1
7.1660399437	-1
7.1660399437	-1
7.16884088516	-1
7.16884088516	-1
7.16884088516	-1
7.16884088516	-1
7.16884088516	-1
7.16884088516	-1
7.16884088516	-1
7.17754292488	-1
7.17754292488	-1
7.17754292488	-1
7.17754292488	-1
7.17754292488	-1
7.17754292488	-1
7.17754292488	-1
7.17754292488	-1
7.17754292488	-1
7.17879486084	1
7.17879486084	1
7.17879486084	1
7.18221282959	-1
7.18221282959	-1
7.18232893944	-1
7.18232893944	-1
7.18232893944	-1
7.18232893944	-1
7.18232893944	-1
7.18232893944	-1
7.18232893944	-1
7.18257284164	-1
7.18257284164	-1
7.18257284164	-1
7.18257284164	-1
7.18257284164	-1
7.18257284164	-1
7.18257284164	-1
7.19243693352	-1
7.19243693352	-1
7.19243693352	-1
7.19243693352	-1
7.19243693352	-1
7.19243693352	-1
7.19243693352	-1
7.19258499146	-1
7.19278788567	-1
7.19278788567	-1
7.19278788567	-1
7.19278788567	-1
7.19278788567	-1
7.19278788567	-1
7.19278788567	-1
7.19278788567	-1
7.20366597176	-1
7.20366597176	-1
7.20366597176	-1
7.20366597176	-1
7.20366597176	-1
7.20366597176	-1
7.20366597176	-1
7.20366597176	-1
7.20366597176	-1
7.2040309906	-1
7.2040309906	-1
7.2040309906	-1
7.2040309906	-1
7.2040309906	-1
7.2040309906	-1
7.2040309906	-1
7.20427703857	-1
7.20427703857	-1
7.20427703857	-1
7.20427703857	-1
7.20427703857	-1
7.20427703857	-1
7.20427703857	-1
7.21132588387	-1
7.21132588387	-1
7.21133804321	1
7.21135783195	-1
7.21135783195	-1
7.21135783195	-1
7.21135783195	-1
7.21135783195	-1
7.21135783195	-1
7.21135783195	-1
7.21169185638	-1
7.21169185638	-1
7.21853399277	-1
7.21853399277	-1
7.21853399277	-1
7.21853399277	-1
7.21853399277	-1
7.21853399277	-1
7.21877789497	-1
7.21877789497	-1
7.21877789497	-1
7.21877789497	-1
7.21877789497	-1
7.21877789497	-1
7.21877789497	-1
7.21877789497	-1
7.21914601326	-1
7.21914601326	-1
7.21914601326	-1
7.21914601326	-1
7.21914601326	-1
7.21914601326	-1
7.21914601326	-1
7.21914601326	-1
7.23078989983	-1
7.23078989983	-1
7.23078989983	-1
7.23078989983	-1
7.23078989983	-1
7.23078989983	-1
7.23078989983	-1
7.23078989983	-1
7.23102402687	-1
7.2415189743	-1
7.2415189743	-1
7.2415189743	-1
7.2415189743	-1
7.2415189743	-1
7.2415189743	-1
7.2415189743	-1
7.2415189743	-1
7.24182701111	-1
7.24182701111	-1
7.24182701111	-1
7.24182701111	-1
7.24182701111	-1
7.24182701111	-1
7.24182701111	-1
7.24205589294	-1
7.24205589294	-1
7.24205589294	-1
7.24205589294	-1
7.24205589294	-1
7.24205589294	-1
7.24205589294	-1
7.25176692009	-1
7.25176692009	-1
7.25188994408	-1
7.25188994408	-1
7.25188994408	-1
7.25188994408	-1
7.25188994408	-1
7.25188994408	-1
7.25188994408	-1
7.2599799633	-1
7.26008701324	-1
7.26008701324	-1
7.26008701324	-1
7.26008701324	-1
7.26008701324	-1
7.26008701324	-1
7.26008701324	-1
7.26008701324	-1
7.27581095695	-1
7.27581095695	-1
7.27581095695	-1
7.27581095695	-1
7.27581095695	-1
7.27581095695	-1
7.27581095695	-1
7.29305386543	-1
7.29305386543	-1
7.29305386543	-1
7.29305386543	-1
7.29305386543	-1
7.29305386543	-1
7.29305386543	-1
7.29340481758	-1
7.29340481758	-1
7.29340481758	-1
7.29340481758	-1
7.29340481758	-1
7.29340481758	-1
7.29340481758	-1
7.29340481758	-1
7.29340481758	-1
7.29377293587	-1
7.29377293587	-1
7.29389595985	-1
7.29389595985	-1
7.29389595985	-1
7.29389595985	-1
7.29389595985	-1
7.29389595985	-1
7.29389595985	-1
7.29414701462	-1
7.29414701462	-1
7.29414701462	-1
7.29414701462	-1
7.29414701462	-1
7.29414701462	-1
7.29414701462	-1
7.29836988449	-1
7.29836988449	-1
7.29836988449	-1
7.29836988449	-1
7.29836988449	-1
7.29836988449	-1
7.29836988449	-1
7.29860591888	-1
7.29873085022	-1
7.29873085022	-1
7.29873085022	-1
7.29873085022	-1
7.29873085022	-1
7.29873085022	-1
7.29873085022	-1
7.29873085022	-1
7.29898190498	-1
7.30040287971	1
7.30040287971	1
7.30040287971	1
7.30199098587	1
7.30199098587	1
7.31569099426	-1
7.31569099426	-1
7.31569099426	-1
7.31569099426	-1
7.31569099426	-1
7.31569099426	-1
7.31569099426	-1
7.31569099426	-1
7.31588792801	-1
7.31588792801	-1
7.31588792801	-1
7.31588792801	-1
7.31588792801	-1
7.31588792801	-1
7.31588792801	-1
7.31627893448	-1
7.31627893448	-1
7.31627893448	-1
7.31627893448	-1
7.31627893448	-1
7.31627893448	-1
7.31627893448	-1
7.32688689232	-1
7.32688689232	-1
7.32688689232	-1
7.32688689232	-1
7.32688689232	-1
7.32688689232	-1
7.32688689232	-1
7.32688689232	-1
7.32688689232	-1
7.32729697227	-1
7.32729697227	-1
7.32741999626	-1
7.32741999626	-1
7.32741999626	-1
7.32741999626	-1
7.32741999626	-1
7.32741999626	-1
7.32741999626	-1
7.32766485214	-1
7.32766485214	-1
7.32766485214	-1
7.32766485214	-1
7.32766485214	-1
7.32766485214	-1
7.32766485214	-1
7.33434200287	-1
7.33434200287	-1
7.33434200287	-1
7.33434200287	-1
7.33434200287	-1
7.33434200287	-1
7.33434200287	-1
7.33458685875	-1
7.33458685875	-1
7.33470892906	-1
7.33470892906	-1
7.33470892906	-1
7.33470892906	-1
7.33470892906	-1
7.33470892906	-1
7.33470892906	-1
7.33470892906	-1
7.34634304047	-1
7.34634304047	-1
7.34634304047	-1
7.34634304047	-1
7.34634304047	-1
7.34634304047	-1
7.34634304047	-1
7.34634304047	-1
7.34649991989	-1
7.34649991989	-1
7.34649991989	-1
7.34649991989	-1
7.34649991989	-1
7.34649991989	-1
7.34649991989	-1
7.34695482254	-1
7.34695482254	-1
7.34695482254	-1
7.34695482254	-1
7.34695482254	-1
7.34695482254	-1
7.34695482254	-1
7.34695482254	-1
7.36706185341	-1
7.36706185341	-1
7.3671848774	-1
7.3671848774	-1
7.3671848774	-1
7.3671848774	-1
7.3671848774	-1
7.3671848774	-1
7.3671848774	-1
7.36742997169	-1
7.36755299568	-1
7.36755299568	-1
7.36755299568	-1
7.36755299568	-1
7.36755299568	-1
7.36755299568	-1
7.36755299568	-1
7.36779904366	-1
7.36779904366	-1
7.36779904366	-1
7.36779904366	-1
7.36779904366	-1
7.36779904366	-1
7.36779904366	-1
7.37570381165	-1
7.37570381165	-1
7.37570381165	-1
7.37570381165	-1
7.37570381165	-1
7.37570381165	-1
7.37570381165	-1
7.37570381165	-1
7.37607192993	-1
7.37607192993	-1
7.37607192993	-1
7.37607192993	-1
7.37607192993	-1
7.37607192993	-1
7.37607192993	-1
7.37607192993	-1
7.37607192993	-1
7.39024400711	-1
7.39024400711	-1
7.39024400711	-1
7.39024400711	-1
7.39024400711	-1
7.39024400711	-1
7.39024400711	-1
7.39024400711	-1
7.3914129734	1
7.3914129734	1
7.3914129734	1
7.41490888596	-1
7.41490888596	-1
7.41490888596	-1
7.41490888596	-1
7.41490888596	-1
7.41490888596	-1
7.41490888596	-1
7.41514492035	-1
7.41526794434	-1
7.41526794434	-1
7.41526794434	-1
7.41526794434	-1
7.41526794434	-1
7.41526794434	-1
7.41526794434	-1
7.41551399231	-1
7.4156370163	-1
7.4156370163	-1
7.4156370163	-1
7.4156370163	-1
7.4156370163	-1
7.4156370163	-1
7.4156370163	-1
7.4156370163	-1
7.41602492332	-1
7.41602492332	-1
7.41602492332	-1
7.41602492332	-1
7.41602492332	-1
7.41602492332	-1
7.41602492332	-1
7.41602492332	-1
7.41639494896	-1
7.41639494896	-1
7.41639494896	-1
7.41639494896	-1
7.41639494896	-1
7.41639494896	-1
7.41639494896	-1
7.44216799736	-1
7.44216799736	-1
7.44216799736	-1
7.44216799736	-1
7.44216799736	-1
7.44216799736	-1
7.44216799736	-1
7.44216799736	-1
7.44218802452	1
7.44240283966	-1
7.45187401772	-1
7.45187401772	-1
7.45187401772	-1
7.45187401772	-1
7.45187401772	-1
7.45187401772	-1
7.45187401772	-1
7.45187401772	-1
7.452231884	-1
7.452231884	-1
7.452231884	-1
7.452231884	-1
7.452231884	-1
7.452231884	-1
7.452231884	-1
7.452231884	-1
7.45260095596	-1
7.45260095596	-1
7.45260095596	-1
7.45260095596	-1
7.45260095596	-1
7.45260095596	-1
7.45260095596	-1
7.47528004646	-1
7.47690200806	-1
7.47690200806	-1
7.47690200806	-1
7.47690200806	-1
7.47690200806	-1
7.47690200806	-1
7.47690200806	-1
7.48244094849	-1
7.48549199104	-1
7.48549199104	-1
7.48549199104	-1
7.48549199104	-1
7.48549199104	-1
7.48549199104	-1
7.48549199104	-1
7.48549199104	-1
7.48627686501	1
7.48627686501	1
7.48627686501	1
7.48749804497	-1
7.48749804497	-1
7.48749804497	-1
7.48749804497	-1
7.48749804497	-1
7.48749804497	-1
7.48749804497	-1
7.48749804497	-1
7.48852181435	-1
7.48852181435	-1
7.48852181435	-1
7.48852181435	-1
7.48852181435	-1
7.48852181435	-1
7.48852181435	-1
7.49080085754	-1
7.49080085754	-1
7.49080085754	-1
7.49080085754	-1
7.49080085754	-1
7.49080085754	-1
7.49080085754	-1
7.49110484123	-1
7.52096104622	-1
7.52096104622	-1
7.52133202553	-1
7.52133202553	-1
7.52133202553	-1
7.52133202553	-1
7.52133202553	-1
7.52133202553	-1
7.52133202553	-1
7.52188491821	-1
7.52303004265	-1
7.52303004265	-1
7.52303004265	-1
7.52303004265	-1
7.52303004265	-1
7.52303004265	-1
7.52303004265	-1
7.52392983437	-1
7.52392983437	-1
7.52392983437	-1
7.52392983437	-1
7.52392983437	-1
7.52392983437	-1
7.52392983437	-1
7.53597283363	-1
7.53597283363	-1
7.53597283363	-1
7.53597283363	-1
7.53597283363	-1
7.53597283363	-1
7.53597283363	-1
7.53597283363	-1
7.53955602646	-1
7.56054592133	-1
7.56054592133	-1
7.56054592133	-1
7.56054592133	-1
7.56054592133	-1
7.56054592133	-1
7.56054592133	-1
7.56054592133	-1
7.56058096886	1
7.56321382523	-1
7.56321382523	-1
7.56321382523	-1
7.56321382523	-1
7.56321382523	-1
7.56321382523	-1
7.56321382523	-1
7.56321382523	-1
7.56505084038	-1
7.56505084038	-1
7.56505084038	-1
7.56505084038	-1
7.56505084038	-1
7.56505084038	-1
7.56505084038	-1
7.5660738945	-1
7.5660738945	-1
7.5660738945	-1
7.5660738945	-1
7.5660738945	-1
7.5660738945	-1
7.5660738945	-1
7.56834793091	-1
7.56834793091	-1
7.56906986237	-1
7.56906986237	-1
7.56906986237	-1
7.56906986237	-1
7.56906986237	-1
7.56906986237	-1
7.56906986237	-1
7.59548187256	-1
7.59661984444	-1
7.59661984444	-1
7.59661984444	-1
7.59661984444	-1
7.59661984444	-1
7.59661984444	-1
7.59661984444	-1
7.59661984444	-1
7.59679889679	-1
7.59679889679	-1
7.59679889679	-1
7.59679889679	-1
7.59679889679	-1
7.59679889679	-1
7.59679889679	-1
7.61321592331	-1
7.61321592331	-1
7.61321592331	-1
7.61321592331	-1
7.61321592331	-1
7.61321592331	-1
7.61321592331	-1
7.61321592331	-1
7.61321592331	-1
7.63658285141	-1
7.6376478672	-1
7.6376478672	-1
7.6376478672	-1
7.6376478672	-1
7.6376478672	-1
7.6376478672	-1
7.6376478672	-1
7.63882684708	-1
7.63991999626	-1
7.63991999626	-1
7.63991999626	-1
7.63991999626	-1
7.63991999626	-1
7.63991999626	-1
7.63991999626	-1
7.64096903801	-1
7.64096903801	-1
7.64096903801	-1
7.64096903801	-1
7.64096903801	-1
7.64096903801	-1
7.64096903801	-1
7.65283298492	-1
7.65283298492	-1
7.65283298492	-1
7.65283298492	-1
7.65283298492	-1
7.65283298492	-1
7.65283298492	-1
7.65283298492	-1
7.65323495865	-1
7.66916799545	-1
7.66916799545	-1
7.66916799545	-1
7.66916799545	-1
7.66916799545	-1
7.66916799545	-1
7.66916799545	-1
7.66916799545	-1
7.669921875	1
7.669921875	1
7.669921875	1
7.67558598518	-1
7.67558598518	-1
7.67618894577	-1
7.67618894577	-1
7.67618894577	-1
7.67618894577	-1
7.67618894577	-1
7.67618894577	-1
7.67654085159	-1
7.67654085159	-1
7.67654085159	-1
7.67654085159	-1
7.67654085159	-1
7.67654085159	-1
7.67654085159	-1
7.69424986839	-1
7.69462203979	-1
7.69462203979	-1
7.69462203979	-1
7.69462203979	-1
7.69462203979	-1
7.69462203979	-1
7.69462203979	-1
7.69462203979	-1
7.71347999573	-1
7.71347999573	-1
7.71347999573	-1
7.71347999573	-1
7.71347999573	-1
7.71347999573	-1
7.71347999573	-1
7.71347999573	-1
7.71627187729	-1
7.71627187729	-1
7.71627187729	-1
7.71627187729	-1
7.71627187729	-1
7.71627187729	-1
7.71627187729	-1
7.71627187729	-1
7.7177798748	-1
7.7177798748	-1
7.7177798748	-1
7.7177798748	-1
7.7177798748	-1
7.7177798748	-1
7.7177798748	-1
7.73424696922	-1
7.73424696922	-1
7.73424696922	-1
7.73424696922	-1
7.73424696922	-1
7.73424696922	-1
7.73424696922	-1
7.73424696922	-1
7.76643681526	-1
7.76903891563	-1
7.76903891563	-1
7.76903891563	-1
7.76903891563	-1
7.76903891563	-1
7.76903891563	-1
7.76903891563	-1
7.76903891563	-1
7.77288794518	-1
7.77400183678	1
7.77400183678	1
7.77400183678	1
7.77593994141	-1
7.77593994141	-1
7.77593994141	-1
7.77593994141	-1
7.77593994141	-1
7.77593994141	-1
7.78098893166	-1
7.78098893166	-1
7.78098893166	-1
7.78098893166	-1
7.78098893166	-1
7.78098893166	-1
7.78098893166	-1
7.78098893166	-1
7.78404903412	-1
7.78404903412	-1
7.78404903412	-1
7.78404903412	-1
7.78404903412	-1
7.78404903412	-1
7.78404903412	-1
7.78404903412	-1
7.78833603859	-1
7.78833603859	-1
7.78934001923	-1
7.78934001923	-1
7.78934001923	-1
7.78934001923	-1
7.78934001923	-1
7.78934001923	-1
7.78934001923	-1
7.79766798019	-1
7.79932689667	-1
7.79932689667	-1
7.79932689667	-1
7.79932689667	-1
7.79932689667	-1
7.79932689667	-1
7.79932689667	-1
7.79932689667	-1
7.79932689667	-1
7.79961585999	-1
7.79961585999	-1
7.79961585999	-1
7.79961585999	-1
7.79961585999	-1
7.82023596764	-1
7.82023596764	-1
7.82023596764	-1
7.82023596764	-1
7.82023596764	-1
7.82023596764	-1
7.82023596764	-1
7.82023596764	-1
7.83368992805	-1
7.83368992805	-1
7.83368992805	-1
7.83368992805	-1
7.83368992805	-1
7.83368992805	-1
7.83368992805	-1
7.83368992805	-1
7.83368992805	-1
7.84499597549	-1
7.84499597549	-1
7.84499597549	-1
7.84499597549	-1
7.84499597549	-1
7.84499597549	-1
7.84499597549	-1
7.84499597549	-1
7.84747195244	-1
7.84747195244	-1
7.84747195244	-1
7.84747195244	-1
7.84747195244	-1
7.84747195244	-1
7.84747195244	-1
7.84956097603	-1
7.84956097603	-1
7.84956097603	-1
7.84956097603	-1
7.84956097603	-1
7.84956097603	-1
7.84956097603	-1
7.85809993744	-1
7.85809993744	-1
7.8728659153	-1
7.8728659153	-1
7.8728659153	-1
7.8728659153	-1
7.8728659153	-1
7.8728659153	-1
7.8728659153	-1
7.8728659153	-1
7.88850283623	-1
7.88850283623	-1
7.88850283623	-1
7.88850283623	-1
7.88850283623	-1
7.88850283623	-1
7.88850283623	-1
7.88850283623	-1
7.89627385139	-1
7.89627385139	-1
7.89627385139	-1
7.89627385139	-1
7.89627385139	-1
7.89627385139	-1
7.89627385139	-1
7.89991688728	-1
7.89991688728	-1
7.89991688728	-1
7.89991688728	-1
7.89991688728	-1
7.89991688728	-1
7.89991688728	-1
7.91036081314	-1
7.91036081314	-1
7.91036081314	-1
7.91036081314	-1
7.91036081314	-1
7.91036081314	-1
7.91036081314	-1
7.91036081314	-1
7.91036081314	-1
7.91113781929	1
7.91113781929	1
7.91113781929	1
7.93409585953	-1
7.93409585953	-1
7.93913388252	-1
7.93913388252	-1
7.93913388252	-1
7.93913388252	-1
7.93913388252	-1
7.93913388252	-1
7.93913388252	-1
7.94409203529	-1
7.94409203529	-1
7.94409203529	-1
7.94409203529	-1
7.94409203529	-1
7.94409203529	-1
7.94409203529	-1
7.9484629631	-1
7.9484629631	-1
7.9484629631	-1
7.9484629631	-1
7.9484629631	-1
7.9484629631	-1
7.9484629631	-1
7.95381593704	-1
7.98131990433	-1
7.98131990433	-1
7.98131990433	-1
7.98131990433	-1
7.98131990433	-1
7.98131990433	-1
7.98131990433	-1
7.98131990433	-1
7.98131990433	-1
7.99463200569	-1
7.99463200569	-1
7.99463200569	-1
7.99463200569	-1
7.99463200569	-1
7.99463200569	-1
7.99463200569	-1
7.99463200569	-1
8.0024960041	-1
8.0024960041	-1
8.0024960041	-1
8.0024960041	-1
8.0024960041	-1
8.0024960041	-1
8.0024960041	-1
8.00644803047	-1
8.00644803047	-1
8.00644803047	-1
8.00644803047	-1
8.00644803047	-1
8.00644803047	-1
8.00644803047	-1
8.02131390572	-1
8.02131390572	-1
8.02828097343	-1
8.02828097343	-1
8.02828097343	-1
8.02828097343	-1
8.02828097343	-1
8.02828097343	-1
8.02828097343	-1
8.03683781624	-1
8.0503950119	-1
8.0503950119	-1
8.0503950119	-1
8.0503950119	-1
8.0503950119	-1
8.0503950119	-1
8.0503950119	-1
8.0503950119	-1
8.0504348278	1
8.0504348278	1
8.058770895	-1
8.058770895	-1
8.058770895	-1
8.058770895	-1
8.058770895	-1
8.058770895	-1
8.058770895	-1
8.06571292877	-1
8.06571292877	-1
8.06571292877	-1
8.06571292877	-1
8.06571292877	-1
8.06571292877	-1
8.06571292877	-1
8.07935190201	-1
8.07935190201	-1
8.08433699608	-1
8.08433699608	-1
8.08433699608	-1
8.08433699608	-1
8.08433699608	-1
8.08433699608	-1
8.08433699608	-1
8.09403586388	-1
8.09994101524	-1
8.09994101524	-1
8.09994101524	-1
8.09994101524	-1
8.09994101524	-1
8.09994101524	-1
8.09994101524	-1
8.09994101524	-1
8.10521602631	-1
8.10521602631	-1
8.10521602631	-1
8.10521602631	-1
8.10521602631	-1
8.10521602631	-1
8.10521602631	-1
8.1096599102	-1
8.1096599102	-1
8.1096599102	-1
8.1096599102	-1
8.1096599102	-1
8.1096599102	-1
8.1096599102	-1
8.11617183685	-1
8.12586402893	-1
8.12586402893	-1
8.12586402893	-1
8.12586402893	-1
8.12586402893	-1
8.12586402893	-1
8.12586402893	-1
8.12586402893	-1
8.13771486282	-1
8.15520691872	-1
8.15520691872	-1
8.15520691872	-1
8.15520691872	-1
8.15520691872	-1
8.15520691872	-1
8.15520691872	-1
8.15520691872	-1
8.1615319252	-1
8.1615319252	-1
8.1615319252	-1
8.1615319252	-1
8.1615319252	-1
8.1615319252	-1
8.1615319252	-1
8.16267585754	1
8.16267585754	1
8.16267585754	1
8.16888904572	-1
8.16888904572	-1
8.16888904572	-1
8.16888904572	-1
8.16888904572	-1
8.16888904572	-1
8.16888904572	-1
8.17922592163	-1
8.17922592163	-1
8.18457102776	-1
8.18457102776	-1
8.18457102776	-1
8.18457102776	-1
8.18457102776	-1
8.18457102776	-1
8.18457102776	-1
8.1886048317	-1
8.1985168457	-1
8.1985168457	-1
8.1985168457	-1
8.1985168457	-1
8.1985168457	-1
8.1985168457	-1
8.1985168457	-1
8.20330882072	-1
8.20951390266	-1
8.20951390266	-1
8.20951390266	-1
8.20951390266	-1
8.20951390266	-1
8.20951390266	-1
8.20951390266	-1
8.21414804459	-1
8.21414804459	-1
8.21414804459	-1
8.21414804459	-1
8.21414804459	-1
8.21414804459	-1
8.21414804459	-1
8.21414804459	-1
8.22470903397	-1
8.22470903397	-1
8.22470903397	-1
8.22470903397	-1
8.22470903397	-1
8.22470903397	-1
8.22470903397	-1
8.22470903397	-1
8.2340259552	-1
8.2340259552	-1
8.23773288727	-1
8.23773288727	-1
8.23773288727	-1
8.23773288727	-1
8.23773288727	-1
8.23773288727	-1
8.23773288727	-1
8.24057984352	-1
8.24057984352	-1
8.24057984352	-1
8.24057984352	-1
8.24057984352	-1
8.24057984352	-1
8.24057984352	-1
8.24451184273	-1
8.24451184273	-1
8.24451184273	-1
8.24451184273	-1
8.24451184273	-1
8.24451184273	-1
8.24451184273	-1
8.25125002861	-1
8.25697684288	-1
8.25697684288	-1
8.25697684288	-1
8.25697684288	-1
8.25697684288	-1
8.25697684288	-1
8.25697684288	-1
8.25697684288	-1
8.26062893867	-1
8.26172494888	1
8.26172494888	1
8.26172494888	1
8.26889395714	-1
8.26889395714	-1
8.26889395714	-1
8.26889395714	-1
8.26889395714	-1
8.26889395714	-1
8.26889395714	-1
8.26889395714	-1
8.27217888832	-1
8.27217888832	-1
8.27217888832	-1
8.27217888832	-1
8.27217888832	-1
8.27217888832	-1
8.27217888832	-1
8.27678585052	-1
8.27678585052	-1
8.27678585052	-1
8.27678585052	-1
8.27678585052	-1
8.27678585052	-1
8.27678585052	-1
8.28506398201	-1
8.28506398201	-1
8.28873682022	-1
8.28873682022	-1
8.28873682022	-1
8.28873682022	-1
8.28873682022	-1
8.28873682022	-1
8.28873682022	-1
8.29409003258	-1
8.30156588554	-1
8.30156588554	-1
8.30156588554	-1
8.30156588554	-1
8.30156588554	-1
8.30156588554	-1
8.30156588554	-1
8.30156588554	-1
8.3062748909	-1
8.3062748909	-1
8.3062748909	-1
8.3062748909	-1
8.3062748909	-1
8.3062748909	-1
8.3062748909	-1
8.30957794189	-1
8.30957794189	-1
8.30957794189	-1
8.30957794189	-1
8.30957794189	-1
8.30957794189	-1
8.30957794189	-1
8.32049202919	-1
8.32049202919	-1
8.32049202919	-1
8.32049202919	-1
8.32049202919	-1
8.32049202919	-1
8.32049202919	-1
8.32049202919	-1
8.32049202919	-1
8.32572293282	-1
8.32572293282	-1
8.32849693298	-1
8.32849693298	-1
8.32849693298	-1
8.32849693298	-1
8.32849693298	-1
8.32849693298	-1
8.32849693298	-1
8.33134102821	-1
8.33134102821	-1
8.33134102821	-1
8.33134102821	-1
8.33134102821	-1
8.33134102821	-1
8.33134102821	-1
8.33383893967	-1
8.33383893967	-1
8.33383893967	-1
8.33383893967	-1
8.33383893967	-1
8.33383893967	-1
8.33383893967	-1
8.33527183533	-1
8.34065890312	-1
8.34065890312	-1
8.34065890312	-1
8.34065890312	-1
8.34065890312	-1
8.34065890312	-1
8.34065890312	-1
8.34065890312	-1
8.35032391548	-1
8.35032391548	-1
8.35208702087	-1
8.35208702087	-1
8.35208702087	-1
8.35208702087	-1
8.35208702087	-1
8.35208702087	-1
8.35208702087	-1
8.35603880882	-1
8.35603880882	-1
8.35603880882	-1
8.35603880882	-1
8.35603880882	-1
8.35603880882	-1
8.35603880882	-1
8.35723400116	1
8.35723400116	1
8.35723400116	1
8.35968399048	-1
8.35968399048	-1
8.35968399048	-1
8.35968399048	-1
8.35968399048	-1
8.35968399048	-1
8.35968399048	-1
8.36502194405	-1
8.36807990074	-1
8.36807990074	-1
8.36807990074	-1
8.36807990074	-1
8.36807990074	-1
8.36807990074	-1
8.36807990074	-1
8.36807990074	-1
8.37244200706	-1
8.4581580162	1
8.4581580162	1
8.4581580162	1
8.59067392349	1
8.59067392349	1
8.59067392349	1
8.59067392349	1
8.59067392349	1
8.59067392349	1
8.59067392349	1
8.59067392349	1
8.59067392349	1
8.59085202217	1
8.59085202217	1
8.59085202217	1
8.59085202217	1
8.59085202217	1
8.59085202217	1
8.61044383049	1
8.61044383049	1
8.61044383049	1
8.61044383049	1
8.61044383049	1
8.61044383049	1
8.61044383049	1
8.61044383049	1
8.61044383049	1
8.61065196991	1
8.61065196991	1
8.61065196991	1
8.61065196991	1
8.61065196991	1
8.61065196991	1
8.61065196991	1
8.61065196991	1
8.82203888893	-1
9.11672997475	-1
