0.0	1
0.250746965408	1
0.366353988647	-1
0.367578029633	1
0.66619515419	-1
0.667331933975	1
0.670375108719	1
0.670375108719	1
0.670375108719	1
0.898743152618	1
1.01389694214	1
1.01389694214	1
1.12825703621	-1
1.12993407249	1
1.24544000626	-1
1.24544000626	-1
1.24723815918	1
1.36274003983	-1
1.36274003983	-1
1.36277413368	1
1.47854614258	-1
1.47857999802	1
1.59396314621	-1
1.59399795532	1
1.65038394928	-1
1.65038394928	-1
1.65038394928	-1
1.65038394928	-1
1.65038394928	-1
1.65038394928	-1
1.65038394928	-1
1.65038394928	-1
1.72190594673	1
1.83718800545	-1
1.90040612221	-1
1.90040612221	-1
1.90040612221	-1
1.90040612221	-1
1.90040612221	-1
1.90040612221	-1
1.90040612221	-1
1.90040612221	-1
1.97572112083	1
1.99171996117	-1
1.99171996117	-1
2.01524710655	-1
2.01524710655	-1
2.01524710655	-1
2.01524710655	-1
2.01524710655	-1
2.01524710655	-1
2.01524710655	-1
2.05407595634	-1
2.08938193321	-1
2.08938193321	-1
2.08938193321	-1
2.08938193321	-1
2.08938193321	-1
2.08938193321	-1
2.08938193321	-1
2.08938193321	-1
2.12558913231	-1
2.13168096542	1
2.34985113144	-1
2.42021608353	-1
2.42021608353	-1
2.42021608353	-1
2.42021608353	-1
2.42021608353	-1
2.42021608353	-1
2.42021608353	-1
2.42021608353	-1
2.43466711044	-1
2.43466711044	-1
2.43466711044	-1
2.43466711044	-1
2.43466711044	-1
2.43466711044	-1
2.43466711044	-1
2.43466711044	-1
2.43466711044	-1
2.47210407257	1
2.47421908379	1
2.47421908379	1
2.47421908379	1
2.58971905708	1
2.65569996834	-1
2.65569996834	-1
2.70957303047	1
2.72245907784	1
2.72245907784	1
2.72245907784	1
2.82723593712	1
2.8543009758	-1
2.96977901459	-1
2.96977901459	-1
2.96981310844	1
2.99279808998	-1
2.99279808998	-1
2.99279808998	-1
2.99423599243	1
2.99423599243	1
2.99423599243	1
3.0668759346	-1
3.0668759346	-1
3.13858509064	-1
3.13858509064	-1
3.13858509064	-1
3.160779953	1
3.160779953	1
3.160779953	1
3.16111302376	1
3.16111302376	1
3.35370111465	1
3.42813301086	-1
3.44942092896	-1
3.44942092896	-1
3.44942092896	-1
3.44942092896	-1
3.44942092896	-1
3.44942092896	-1
3.44942092896	-1
3.44942092896	-1
3.4495639801	-1
3.46876096725	-1
3.46876096725	-1
3.46876096725	-1
3.46876096725	-1
3.46880912781	-1
3.46989607811	1
3.4884531498	-1
3.4884531498	-1
3.4884531498	-1
3.4884531498	-1
3.4884531498	-1
3.4884531498	-1
3.4884531498	-1
3.4884531498	-1
3.4884531498	-1
3.50613498688	-1
3.50613498688	-1
3.50625514984	-1
3.50625514984	-1
3.56487512589	-1
3.56487512589	-1
3.56487512589	-1
3.56487512589	-1
3.56487512589	-1
3.56487512589	-1
3.56487512589	-1
3.56487512589	-1
3.56523299217	-1
3.56523299217	-1
3.56523299217	-1
3.56523299217	-1
3.56523299217	-1
3.56523299217	-1
3.56523299217	-1
3.58547401428	1
3.58547401428	1
3.58549904823	-1
3.58565592766	-1
3.58565592766	-1
3.58565592766	-1
3.58577895164	-1
3.58577895164	-1
3.58577895164	-1
3.58577895164	-1
3.58577895164	-1
3.58577895164	-1
3.58577895164	-1
3.61190915108	-1
3.61202692986	-1
3.61202692986	-1
3.61214995384	-1
3.61214995384	-1
3.61214995384	-1
3.61214995384	-1
3.61214995384	-1
3.61214995384	-1
3.61214995384	-1
3.61214995384	-1
3.64014697075	-1
3.64014697075	-1
3.64014697075	-1
3.64014697075	-1
3.64014697075	-1
3.6403901577	-1
3.68083906174	-1
3.68083906174	-1
3.68083906174	-1
3.68083906174	-1
3.68083906174	-1
3.68083906174	-1
3.68083906174	-1
3.68108105659	-1
3.68108105659	-1
3.68108105659	-1
3.68113994598	-1
3.68132710457	-1
3.68132710457	-1
3.68132710457	-1
3.68132710457	-1
3.68132710457	-1
3.68132710457	-1
3.68132710457	-1
3.68132710457	-1
3.70181202888	1
3.70182394981	-1
3.70182394981	-1
3.70182394981	-1
3.70182394981	-1
3.70182394981	-1
3.70182394981	-1
3.70182394981	-1
3.70182394981	-1
3.70681095123	-1
3.70681095123	-1
3.70681095123	-1
3.70681095123	-1
3.70681095123	-1
3.70681095123	-1
3.70681095123	-1
3.70704698563	-1
3.70704698563	-1
3.74237704277	-1
3.74237704277	-1
3.74237704277	-1
3.74237704277	-1
3.74237704277	-1
3.74237704277	-1
3.74237704277	-1
3.74260401726	-1
3.74260401726	-1
3.74260401726	-1
3.74271702766	-1
3.74284911156	-1
3.74284911156	-1
3.74284911156	-1
3.74287605286	-1
3.74287605286	-1
3.74448513985	1
3.74448513985	1
3.74448513985	1
3.76234602928	-1
3.76234602928	-1
3.76244807243	-1
3.76244807243	-1
3.76244807243	-1
3.76244807243	-1
3.76244807243	-1
3.76244807243	-1
3.76244807243	-1
3.76244807243	-1
3.7965490818	-1
3.7965490818	-1
3.7965490818	-1
3.7965490818	-1
3.7965490818	-1
3.7965490818	-1
3.7965490818	-1
3.7965490818	-1
3.79689693451	-1
3.80385303497	-1
3.80385303497	-1
3.80385303497	-1
3.80396509171	-1
3.80396509171	-1
3.80396509171	-1
3.80396509171	-1
3.80396509171	-1
3.80396509171	-1
3.80396509171	-1
3.80396509171	-1
3.82226395607	-1
3.82226395607	-1
3.82226395607	-1
3.82226395607	-1
3.82226395607	-1
3.82226395607	-1
3.82226395607	-1
3.82250595093	-1
3.82262897491	-1
3.82262897491	-1
3.82262897491	-1
3.82262897491	-1
3.82262897491	-1
3.82262897491	-1
3.82262897491	-1
3.82287502289	-1
3.82299804688	-1
3.82299804688	-1
3.82299804688	-1
3.82307600975	-1
3.82307600975	-1
3.82307600975	-1
3.82307600975	-1
3.82307600975	-1
3.82307600975	-1
3.82307600975	-1
3.82327914238	-1
3.86013507843	-1
3.86013507843	-1
3.86013507843	-1
3.86013507843	-1
3.86013507843	-1
3.86013507843	-1
3.86013507843	-1
3.86037802696	-1
3.86046695709	-1
3.86046695709	-1
3.86046695709	-1
3.86046695709	-1
3.86046695709	-1
3.86046695709	-1
3.86046695709	-1
3.86046695709	-1
3.86086702347	-1
3.86086702347	-1
3.86086702347	-1
3.86086702347	-1
3.86086702347	-1
3.86086702347	-1
3.86111307144	-1
3.86111307144	-1
3.86111307144	-1
3.86111307144	-1
3.86121511459	-1
3.86135911942	-1
3.86135911942	-1
3.86135911942	-1
3.86135911942	-1
3.86135911942	-1
3.86135911942	-1
3.86135911942	-1
3.86135911942	-1
3.87793207169	-1
3.91944313049	-1
3.91944313049	-1
3.91944313049	-1
3.91944313049	-1
3.91944313049	-1
3.91944313049	-1
3.91944313049	-1
3.91957712173	-1
3.91957712173	-1
3.91957712173	-1
3.91957712173	-1
3.91957712173	-1
3.91957712173	-1
3.91957712173	-1
3.92003011703	-1
3.92003011703	-1
3.92003011703	-1
3.92003011703	-1
3.92003011703	-1
3.92003011703	-1
3.92003011703	-1
3.92003011703	-1
3.9203350544	-1
3.9203350544	-1
3.9203350544	-1
3.9203350544	-1
3.9203350544	-1
3.9203350544	-1
3.9203350544	-1
3.9203350544	-1
3.92055511475	-1
3.92336201668	1
3.92336201668	1
3.92336201668	1
3.93772697449	-1
3.93772697449	-1
3.93772697449	-1
3.93772697449	-1
3.93772697449	-1
3.93794798851	-1
3.93794798851	-1
3.93794798851	-1
3.93794798851	-1
3.93794798851	-1
3.93794798851	-1
3.93819403648	-1
3.93819403648	-1
3.93819403648	-1
3.93819403648	-1
3.93819403648	-1
3.93819403648	-1
3.93819403648	-1
3.93819403648	-1
3.96100497246	-1
3.96100497246	-1
3.96100497246	-1
3.96100497246	-1
3.96100497246	-1
3.96100497246	-1
3.96100497246	-1
3.96133494377	-1
3.96145796776	-1
3.96145796776	-1
3.96145796776	-1
3.96145796776	-1
3.96145796776	-1
3.96145796776	-1
3.96145796776	-1
3.96170401573	-1
3.96176695824	-1
3.96176695824	-1
3.96195006371	-1
3.96195006371	-1
3.96195006371	-1
3.96195006371	-1
3.96195006371	-1
3.96195006371	-1
3.96195006371	-1
3.96195006371	-1
3.97665405273	-1
3.97665405273	-1
3.97665405273	-1
3.97665405273	-1
3.97665405273	-1
3.97689914703	-1
3.9770219326	-1
3.9770219326	-1
3.9770219326	-1
3.9770219326	-1
3.97714400291	-1
3.97726798058	-1
3.97726798058	-1
3.97726798058	-1
3.97726798058	-1
3.97726798058	-1
3.97726798058	-1
3.97726798058	-1
3.97726798058	-1
3.99326014519	-1
3.99326014519	-1
3.99326014519	-1
3.99326014519	-1
3.99326014519	-1
3.99326014519	-1
3.99326014519	-1
3.99326014519	-1
3.99350309372	-1
3.99350309372	-1
3.99350309372	-1
3.99350309372	-1
3.99350309372	-1
3.99350309372	-1
3.99350309372	-1
3.99387192726	-1
3.99387192726	-1
3.99387192726	-1
3.99387192726	-1
3.99387192726	-1
3.99387192726	-1
3.99387192726	-1
3.99387192726	-1
3.99424004555	-1
3.99424004555	-1
3.99424004555	-1
3.99424004555	-1
3.99424004555	-1
3.99424004555	-1
3.99424004555	-1
3.99448609352	-1
4.0532310009	-1
4.0532310009	-1
4.0532310009	-1
4.0532310009	-1
4.0532310009	-1
4.0532310009	-1
4.0532310009	-1
4.05325198174	1
4.05325198174	1
4.05346512794	-1
4.05346512794	-1
4.05346512794	-1
4.05346512794	-1
4.05346512794	-1
4.05346512794	-1
4.05346512794	-1
4.05346512794	-1
4.05383300781	-1
4.05395698547	-1
4.05395698547	-1
4.05395698547	-1
4.05395698547	-1
4.05395698547	-1
4.05395698547	-1
4.05395698547	-1
4.05395698547	-1
4.05432510376	-1
4.05432510376	-1
4.05432510376	-1
4.05432510376	-1
4.05432510376	-1
4.05432510376	-1
4.05432510376	-1
4.05451703072	-1
4.0546939373	-1
4.0546939373	-1
4.0546939373	-1
4.05472612381	-1
4.05472612381	-1
4.05481696129	-1
4.20577502251	1
4.25518703461	1
4.25518703461	1
4.25518703461	1
4.25552606583	1
4.25552606583	1
4.55617809296	-1
4.61861801147	-1
4.61861801147	-1
4.61861801147	-1
4.62565994263	-1
4.62565994263	-1
4.62605214119	-1
4.62605214119	-1
4.62605214119	-1
4.6616461277	-1
4.6616461277	-1
4.6616461277	-1
4.6616461277	-1
4.70007896423	-1
4.70763492584	-1
4.81329298019	1
4.81361103058	1
4.81361103058	1
4.81361103058	1
4.81361103058	1
4.81361103058	1
4.81361103058	1
4.81361103058	1
4.81361103058	1
4.81380200386	1
4.81380200386	1
4.81380200386	1
4.81380200386	1
4.81380200386	1
4.81380200386	1
4.81380200386	1
4.81380200386	1
4.81451892853	1
5.04370307922	1
5.04370307922	1
