0.0	1
0.250092983246	1
0.497922897339	-1
0.499418020248	1
0.741580963135	-1
0.742390871048	1
0.74576997757	1
0.74576997757	1
0.74576997757	1
0.859252929688	1
0.859252929688	1
0.859252929688	1
1.30585598946	-1
1.30716085434	1
1.43226695061	-1
1.43376803398	1
1.54975795746	-1
1.55116701126	1
1.66654491425	-1
1.81351995468	-1
1.81351995468	-1
1.81351995468	-1
1.81515407562	1
1.83319592476	1
1.83319592476	1
1.83319592476	1
1.97853803635	-1
2.10285496712	1
2.11050105095	-1
2.11050105095	-1
2.11050105095	-1
2.11108493805	-1
2.11108493805	-1
2.11108493805	-1
2.11108493805	-1
2.11108493805	-1
2.11108493805	-1
2.21906590462	1
2.24509501457	-1
2.35460686684	-1
2.35460686684	-1
2.35460686684	-1
2.35460686684	-1
2.35460686684	-1
2.35460686684	-1
2.35460686684	-1
2.35460686684	-1
2.41039896011	1
2.47620987892	-1
2.47620987892	-1
2.49058198929	-1
2.49058198929	-1
2.49058198929	-1
2.49058198929	-1
2.49058198929	-1
2.49058198929	-1
2.49058198929	-1
2.52394294739	-1
2.54618287086	-1
2.54618287086	-1
2.54618287086	-1
2.54621696472	1
2.54643106461	-1
2.54643106461	-1
2.54643106461	-1
2.54643106461	-1
2.54643106461	-1
2.54643106461	-1
2.74583005905	-1
2.86112499237	-1
2.86234498024	1
2.97769093513	-1
3.07641601562	-1
3.07641601562	-1
3.07641601562	-1
3.0784008503	-1
3.0784008503	-1
3.0784008503	-1
3.07850599289	-1
3.07850599289	-1
3.07850599289	-1
3.07850599289	-1
3.15112185478	1
3.15271902084	1
3.15271902084	1
3.15271902084	1
3.15271902084	1
3.157984972	1
3.157984972	1
3.1581158638	1
3.1581158638	1
3.26884007454	1
3.34638500214	-1
3.4230799675	1
3.4230799675	1
3.53847289085	-1
3.54797387123	1
3.57336997986	-1
3.57336997986	-1
3.57336997986	-1
3.57336997986	-1
3.57336997986	-1
3.57336997986	-1
3.57336997986	-1
3.57444691658	-1
3.64127898216	-1
3.64127898216	-1
3.64127898216	-1
3.64127898216	-1
3.64127898216	-1
3.64127898216	-1
3.64127898216	-1
3.64127898216	-1
3.70692205429	-1
3.70692205429	-1
3.70692205429	-1
3.70692205429	-1
3.70692205429	-1
3.70895791054	-1
3.70895791054	-1
3.70895791054	-1
3.70895791054	-1
3.70895791054	-1
3.70895791054	-1
3.70895791054	-1
3.70987892151	1
3.72104096413	-1
3.72104096413	-1
3.72115802765	-1
3.72115802765	-1
3.72494387627	1
3.72494387627	1
3.72494387627	1
3.72494387627	1
3.72494387627	1
3.72494387627	1
3.72494387627	1
3.72494387627	1
3.72494387627	1
3.73408603668	-1
3.73408603668	-1
3.73408603668	-1
3.73408603668	-1
3.73408603668	-1
3.73408603668	-1
3.73408603668	-1
3.73408603668	-1
3.73408603668	-1
3.73596596718	1
3.73596596718	1
3.77887296677	-1
3.82443904877	-1
3.82443904877	-1
3.82443904877	-1
3.82443904877	-1
3.82443904877	-1
3.82443904877	-1
3.82443904877	-1
3.82443904877	-1
3.82615995407	-1
3.82620286942	1
3.82727503777	-1
3.82727503777	-1
3.82727503777	-1
3.82727503777	-1
3.82727503777	-1
3.82727503777	-1
3.82727503777	-1
3.83725595474	-1
3.83737802505	-1
3.83737802505	-1
3.86896586418	-1
3.86896586418	-1
3.86896586418	-1
3.86896586418	-1
3.86896586418	-1
3.86896586418	-1
3.86896586418	-1
3.8731238842	-1
3.87918686867	-1
3.87918686867	-1
3.87918686867	-1
3.87918686867	-1
3.87918686867	-1
3.87918686867	-1
3.87918686867	-1
3.89251804352	-1
3.89251804352	-1
3.89251804352	-1
3.89251804352	-1
3.89251804352	-1
3.89251804352	-1
3.89251804352	-1
3.89251804352	-1
3.93409991264	-1
3.95111989975	-1
3.95111989975	-1
3.95111989975	-1
3.95111989975	-1
3.95111989975	-1
3.95111989975	-1
3.95111989975	-1
3.95111989975	-1
3.95115303993	1
3.95339298248	-1
3.95339298248	-1
3.95339298248	-1
3.95339298248	-1
3.95339298248	-1
3.95339298248	-1
3.95339298248	-1
3.98449993134	-1
3.98449993134	-1
3.98449993134	-1
3.98449993134	-1
3.98449993134	-1
3.98449993134	-1
3.98472690582	-1
3.98472690582	-1
3.98472690582	-1
3.98472690582	-1
3.98472690582	-1
3.98472690582	-1
3.98472690582	-1
3.98509502411	-1
3.98509502411	-1
3.98509502411	-1
3.98509502411	-1
3.98509502411	-1
3.98509502411	-1
3.98509502411	-1
3.98534703255	-1
4.0083770752	-1
4.0083770752	-1
4.0083770752	-1
4.0083770752	-1
4.0083770752	-1
4.0083770752	-1
4.0083770752	-1
4.0083770752	-1
4.0083770752	-1
4.0083770752	-1
4.00871300697	-1
4.00871300697	-1
4.00871300697	-1
4.00871300697	-1
4.00871300697	-1
4.00936794281	1
4.00936794281	1
4.00936794281	1
4.08154892921	-1
4.08154892921	-1
4.08154892921	-1
4.08154892921	-1
4.08154892921	-1
4.08154892921	-1
4.08154892921	-1
4.08154892921	-1
4.08338999748	-1
4.08338999748	-1
4.08338999748	-1
4.08338999748	-1
4.08338999748	-1
4.10008001328	-1
4.15045690536	-1
4.15045690536	-1
4.15045690536	-1
4.18188500404	1
4.2047059536	-1
4.2047059536	-1
4.2047059536	-1
4.20513796806	-1
4.20513796806	-1
4.20513796806	-1
4.20513796806	-1
4.20513796806	-1
4.23312187195	-1
4.23312187195	-1
4.23312187195	-1
4.23358297348	-1
4.23358297348	-1
4.23358297348	-1
4.23358297348	-1
4.23358297348	-1
4.23358297348	-1
4.23358297348	-1
4.23358297348	-1
4.25087690353	1
4.25087690353	1
4.25087690353	1
4.25200486183	-1
4.25200486183	-1
4.25200486183	-1
4.25200486183	-1
4.25200486183	-1
4.25200486183	-1
4.25200486183	-1
4.25200486183	-1
4.25266885757	-1
4.25266885757	-1
4.25266885757	-1
4.25266885757	-1
4.25266885757	-1
4.25266885757	-1
4.25266885757	-1
4.25266885757	-1
4.25334501266	1
4.25334501266	1
4.25389695168	-1
4.25389695168	-1
4.25389695168	-1
4.25485086441	1
4.25485086441	1
4.25485086441	1
4.2727189064	-1
4.2727189064	-1
4.2727189064	-1
4.2727189064	-1
4.2727189064	-1
4.2727189064	-1
4.2727189064	-1
4.29089093208	-1
4.29737186432	-1
4.29737186432	-1
4.29737186432	-1
4.29737186432	-1
4.29737186432	-1
4.29737186432	-1
4.29737186432	-1
4.29741501808	1
4.29760789871	-1
4.33235001564	-1
4.33235001564	-1
4.33235001564	-1
4.33235001564	-1
4.33235001564	-1
4.33235001564	-1
4.33235001564	-1
4.33235001564	-1
4.3486969471	-1
4.3486969471	-1
4.3486969471	-1
4.3486969471	-1
4.3486969471	-1
4.3486969471	-1
4.34904289246	-1
4.34904289246	-1
4.34904289246	-1
4.34904289246	-1
4.34904289246	-1
4.34904289246	-1
4.34904289246	-1
4.36648607254	-1
4.36659288406	-1
4.36659288406	-1
4.36659288406	-1
4.36659288406	-1
4.36659288406	-1
4.36659288406	-1
4.36659288406	-1
4.3668589592	-1
4.3668589592	-1
4.3668589592	-1
4.3668589592	-1
4.3668589592	-1
4.3668589592	-1
4.3668589592	-1
4.3668589592	-1
4.36722707748	-1
4.36722707748	-1
4.36722707748	-1
4.36722707748	-1
4.36722707748	-1
4.36722707748	-1
4.36722707748	-1
4.36722707748	-1
4.39910888672	-1
4.39910888672	-1
4.39937901497	-1
4.39937901497	-1
4.39937901497	-1
4.39937901497	-1
4.39937901497	-1
4.39937901497	-1
4.39937901497	-1
4.41306304932	-1
4.41306304932	-1
4.41306304932	-1
4.41306304932	-1
4.41306304932	-1
4.41306304932	-1
4.41306304932	-1
4.41306304932	-1
4.41310691833	1
4.41310691833	1
4.41340589523	-1
4.41340589523	-1
4.41340589523	-1
4.41340589523	-1
4.41340589523	-1
4.41340589523	-1
4.41340589523	-1
4.41365599632	-1
4.45207285881	-1
4.45207285881	-1
4.45207285881	-1
4.45207285881	-1
4.45207285881	-1
4.45207285881	-1
4.45207285881	-1
4.45207285881	-1
4.4641289711	-1
4.46423387527	-1
4.46423387527	-1
4.46423387527	-1
4.46423387527	-1
4.46423387527	-1
4.46423387527	-1
4.46423387527	-1
4.46448206902	-1
4.46460294724	-1
4.46460294724	-1
4.46460294724	-1
4.46460294724	-1
4.46460294724	-1
4.46460294724	-1
4.46460294724	-1
4.46460294724	-1
4.46497797966	-1
4.46497797966	-1
4.46497797966	-1
4.46497797966	-1
4.46497797966	-1
4.46497797966	-1
4.48299002647	-1
4.48299002647	-1
4.48309588432	-1
4.48309588432	-1
4.48309588432	-1
4.48309588432	-1
4.48309588432	-1
4.48309588432	-1
4.48309588432	-1
4.48334097862	-1
4.52561306953	-1
4.52561306953	-1
4.52561306953	-1
4.52561306953	-1
4.52561306953	-1
4.52561306953	-1
4.52561306953	-1
4.52561306953	-1
4.52561306953	-1
4.52561306953	-1
4.52595806122	-1
4.52595806122	-1
4.52595806122	-1
4.52595806122	-1
4.52636599541	-1
4.52636599541	-1
4.52783298492	1
4.52783298492	1
4.52783298492	1
4.52884101868	-1
4.52884101868	-1
4.52884101868	-1
4.52884101868	-1
4.52884101868	-1
4.52884101868	-1
4.52884101868	-1
4.52907085419	-1
4.52907085419	-1
4.52907085419	-1
4.52907085419	-1
4.52907085419	-1
4.52907085419	-1
4.52907085419	-1
4.5294380188	-1
4.5294380188	-1
4.5294380188	-1
4.5294380188	-1
4.5294380188	-1
4.5294380188	-1
4.5294380188	-1
4.52968287468	-1
4.52980589867	-1
4.52980589867	-1
4.52980589867	-1
4.52980589867	-1
4.52980589867	-1
4.52980589867	-1
4.58444499969	-1
4.58444499969	-1
4.58444499969	-1
4.58444499969	-1
4.58444499969	-1
4.58444499969	-1
4.58444499969	-1
4.58526492119	-1
4.58526492119	-1
4.58526492119	-1
4.58526492119	-1
4.58526492119	-1
4.58526492119	-1
4.58526492119	-1
4.5860118866	-1
4.5860118866	-1
4.5860118866	-1
4.5860118866	-1
4.5860118866	-1
4.5860118866	-1
4.5860118866	-1
4.58664798737	-1
4.58809685707	-1
4.58809685707	-1
4.58809685707	-1
4.58823299408	-1
4.58823299408	-1
4.58823299408	-1
4.58823299408	-1
4.58823299408	-1
4.59857106209	-1
4.59857106209	-1
4.59857106209	-1
4.59857106209	-1
4.59857106209	-1
4.59857106209	-1
4.59879994392	-1
4.59879994392	-1
4.59879994392	-1
4.59879994392	-1
4.59879994392	-1
4.59879994392	-1
4.59879994392	-1
4.59879994392	-1
4.59916806221	-1
4.59916806221	-1
4.59925484657	-1
4.59925484657	-1
4.59925484657	-1
4.59941291809	-1
4.59941291809	-1
4.59941291809	-1
4.59941291809	-1
4.59941291809	-1
4.6443810463	1
4.64513897896	-1
4.64722895622	-1
4.64722895622	-1
4.64722895622	-1
4.64722895622	-1
4.64722895622	-1
4.64722895622	-1
4.64722895622	-1
4.64843702316	-1
4.64843702316	-1
4.64843702316	-1
4.64843702316	-1
4.64843702316	-1
4.64843702316	-1
4.64954185486	-1
4.65183496475	-1
4.65183496475	-1
4.65183496475	-1
4.65346884727	1
4.65346884727	1
4.65346884727	1
4.66000795364	-1
4.66000795364	-1
4.7512409687	-1
4.7512409687	-1
4.7512409687	-1
4.76120400429	-1
4.76123690605	1
4.77325797081	-1
4.77325797081	-1
4.77325797081	-1
4.77325797081	-1
4.77325797081	-1
4.7865459919	-1
4.7925260067	-1
4.7925260067	-1
4.8766078949	-1
4.95592498779	-1
4.95592498779	-1
4.95592498779	-1
4.95602989197	-1
4.95602989197	-1
4.95602989197	-1
5.00158286095	1
5.07591295242	-1
5.07591295242	-1
5.07591295242	-1
5.07591295242	-1
5.07591295242	-1
5.12051105499	1
5.12051105499	1
5.12051105499	1
5.22302985191	-1
5.39787697792	-1
5.51742005348	-1
5.51742005348	-1
5.51742005348	-1
5.54997086525	-1
5.58101391792	-1
5.58101391792	-1
5.58101391792	-1
5.60714507103	-1
5.60714507103	-1
5.60714507103	-1
5.60714507103	-1
5.60714507103	-1
5.60714507103	-1
5.60714507103	-1
5.6405069828	-1
5.64055800438	-1
5.64055800438	-1
5.64055800438	-1
5.64055800438	-1
5.64055800438	-1
5.66418099403	-1
5.66418099403	-1
5.66418099403	-1
5.66473507881	-1
5.66473507881	-1
5.66473507881	-1
5.66473507881	-1
5.69804000854	-1
5.69804000854	-1
5.69804000854	-1
5.69804000854	-1
5.69804000854	-1
5.69804000854	-1
5.69804000854	-1
5.69804000854	-1
5.69804000854	-1
5.73309588432	-1
5.73309588432	-1
5.73313498497	-1
5.73313498497	-1
5.73313498497	-1
5.73313498497	-1
5.73313498497	-1
5.73313498497	-1
5.73313498497	-1
5.77147603035	1
5.77162003517	1
5.77162003517	1
5.77162003517	1
5.77255487442	-1
5.77386188507	1
5.77386188507	1
5.77386188507	1
5.77386188507	1
5.77386188507	1
5.77386188507	1
5.77402591705	1
5.77402591705	1
5.78144693375	-1
5.78144693375	-1
5.84769797325	1
5.84769797325	1
5.84769797325	1
5.84949493408	1
5.84949493408	1
6.09301686287	1
6.21775507927	-1
6.23659801483	-1
6.23659801483	-1
6.23659801483	-1
6.23659801483	-1
6.23659801483	-1
6.23659801483	-1
6.23659801483	-1
6.23659801483	-1
6.2542090416	-1
6.26172399521	-1
6.26172399521	-1
6.26172399521	-1
6.26172399521	-1
6.26172399521	-1
6.26172399521	-1
6.26172399521	-1
6.26456999779	-1
6.26634001732	1
6.26639699936	1
6.26639699936	1
6.26639699936	1
6.26639699936	1
6.26639699936	1
6.26639699936	1
6.26639699936	1
6.26639699936	1
6.26641702652	1
6.27466893196	-1
6.27466893196	-1
6.27466893196	-1
6.27466893196	-1
6.27466893196	-1
6.27466893196	-1
6.27466893196	-1
6.27466893196	-1
6.27694201469	-1
6.27694201469	-1
6.27694201469	-1
6.27694201469	-1
6.27694201469	-1
6.27694201469	-1
6.27694201469	-1
6.2834649086	-1
6.2834649086	-1
6.2834649086	-1
6.2834649086	-1
6.2834649086	-1
6.2834649086	-1
6.2834649086	-1
6.33299088478	-1
6.33679890633	-1
6.33679890633	-1
6.33679890633	-1
6.34640192986	-1
6.34640192986	-1
6.34640192986	-1
6.35207700729	-1
6.35207700729	-1
6.35207700729	-1
6.35207700729	-1
6.35207700729	-1
6.35207700729	-1
6.35207700729	-1
6.35274887085	-1
6.35274887085	-1
6.35274887085	-1
6.35274887085	-1
6.35274887085	-1
6.35274887085	-1
6.35274887085	-1
6.36967992783	-1
6.36967992783	-1
6.37707090378	-1
6.37707090378	-1
6.37712907791	-1
6.37712907791	-1
6.37712907791	-1
6.37712907791	-1
6.37712907791	-1
6.37712907791	-1
6.37712907791	-1
6.37712907791	-1
6.3773419857	-1
6.38208198547	1
6.3869099617	-1
6.3869099617	-1
6.3869099617	-1
6.3869099617	-1
6.3869099617	-1
6.3869099617	-1
6.3869099617	-1
6.38706493378	-1
6.38706493378	-1
6.38706493378	-1
6.38706493378	-1
6.38706493378	-1
6.38706493378	-1
6.38706493378	-1
6.38706493378	-1
6.38750600815	-1
6.38750600815	-1
6.38750600815	-1
6.38750600815	-1
6.38750600815	-1
6.38750600815	-1
6.38750600815	-1
6.38778090477	-1
6.38778090477	-1
6.387996912	-1
6.387996912	-1
6.387996912	-1
6.39899206161	-1
6.39899206161	-1
6.39909696579	-1
6.39909696579	-1
6.39909696579	-1
6.39909696579	-1
6.39916086197	-1
6.39916086197	-1
6.39916086197	-1
6.39916086197	-1
6.39916086197	-1
6.39916086197	-1
6.39916086197	-1
6.39958786964	-1
6.39958786964	-1
6.39958786964	-1
6.39958786964	-1
6.39958786964	-1
6.39958786964	-1
6.39958786964	-1
6.39983487129	-1
6.3999569416	-1
6.3999569416	-1
6.3999569416	-1
6.3999569416	-1
6.3999569416	-1
6.3999569416	-1
6.3999569416	-1
6.45232200623	-1
6.45352888107	1
6.45352888107	1
6.45352888107	1
6.47654604912	-1
6.47654604912	-1
6.47654604912	-1
6.47654604912	-1
6.47654604912	-1
6.47654604912	-1
6.47654604912	-1
6.49240207672	-1
6.50241303444	-1
6.50241303444	-1
6.50241303444	-1
6.50286006927	-1
6.50286006927	-1
6.50286006927	-1
6.50286006927	-1
6.50286006927	-1
6.50286006927	-1
6.50286006927	-1
6.50286006927	-1
6.50488996506	-1
6.50488996506	-1
6.50488996506	-1
6.50548195839	-1
6.50548195839	-1
6.50548195839	-1
6.50548195839	-1
6.50548195839	-1
6.50548195839	-1
6.56780385971	-1
6.62137985229	1
6.62137985229	1
6.642608881	-1
6.642608881	-1
6.642608881	-1
6.642608881	-1
6.642608881	-1
6.68011689186	1
6.68011689186	1
6.68011689186	1
6.68011689186	1
6.74374389648	1
6.74374389648	1
6.74390101433	1
6.74390101433	1
6.74390101433	1
6.80602693558	-1
6.80602693558	-1
6.80602693558	-1
6.80613088608	-1
6.80613088608	-1
6.80613088608	-1
6.80613088608	-1
6.80613088608	-1
6.80613088608	-1
6.80613088608	-1
6.8063750267	-1
6.81259894371	-1
6.81259894371	-1
6.81259894371	-1
6.81259894371	-1
6.81259894371	-1
6.81259894371	-1
6.81259894371	-1
6.81273889542	-1
6.81273889542	-1
6.81273889542	-1
6.81273889542	-1
6.81273889542	-1
6.81273889542	-1
6.81273889542	-1
6.81515789032	-1
6.81515789032	-1
6.81515789032	-1
6.81515789032	-1
6.81515789032	-1
6.81515789032	-1
6.81515789032	-1
6.81515789032	-1
6.81551003456	-1
6.81551003456	-1
6.81551003456	-1
6.81551003456	-1
6.81551003456	-1
6.81551003456	-1
6.81551003456	-1
6.82842803001	-1
6.82865905762	-1
6.82865905762	-1
6.82865905762	-1
6.82865905762	-1
6.82865905762	-1
6.82865905762	-1
6.82865905762	-1
6.82865905762	-1
6.82902598381	-1
6.82902598381	-1
6.82902598381	-1
6.88998293877	1
6.88998293877	1
6.90568184853	-1
6.90568184853	-1
6.90568184853	-1
6.92958402634	-1
6.92958402634	-1
6.92958402634	-1
6.92958402634	-1
6.92958402634	-1
6.92958402634	-1
6.92958402634	-1
6.92958402634	-1
7.00647902489	1
7.1851670742	-1
7.21705198288	-1
7.21705198288	-1
7.21705198288	-1
7.21705198288	-1
7.21705198288	-1
7.21754789352	-1
7.21889686584	-1
7.21889686584	-1
7.21889686584	-1
7.21889686584	-1
7.21889686584	-1
7.21889686584	-1
7.21889686584	-1
7.21889686584	-1
7.21924591064	-1
7.21924591064	-1
7.21924591064	-1
7.21924591064	-1
7.21924591064	-1
7.21924591064	-1
7.21924591064	-1
7.21949291229	-1
7.21958208084	-1
7.21958208084	-1
7.21958208084	-1
7.21958208084	-1
7.21958208084	-1
7.21958208084	-1
7.21958208084	-1
7.22155690193	1
7.22209692001	-1
7.22449994087	-1
7.22449994087	-1
7.22449994087	-1
7.22449994087	-1
7.22449994087	-1
7.22449994087	-1
7.22449994087	-1
7.22449994087	-1
7.22625803947	-1
7.22625803947	-1
7.22625803947	-1
7.22625803947	-1
7.22625803947	-1
7.22625803947	-1
7.22625803947	-1
7.22625803947	-1
7.22678303719	-1
7.22678303719	-1
7.22678303719	-1
7.22678303719	-1
7.22678303719	-1
7.22678303719	-1
7.22678303719	-1
7.23241496086	-1
7.23241496086	-1
7.23282194138	-1
7.23282194138	-1
7.23282194138	-1
7.23282194138	-1
7.23282194138	-1
7.23282194138	-1
7.23282194138	-1
7.23306703568	-1
7.23609304428	1
7.23609304428	1
7.23609304428	1
7.25001001358	-1
7.25001001358	-1
7.25001001358	-1
7.25001001358	-1
7.25001001358	-1
7.25001001358	-1
7.25001001358	-1
7.25001001358	-1
7.32450985909	-1
7.32450985909	-1
7.32460999489	-1
7.32460999489	-1
7.32460999489	-1
7.32460999489	-1
7.32460999489	-1
7.32460999489	-1
7.32460999489	-1
7.34648489952	-1
7.34648489952	-1
7.34648489952	-1
7.34648489952	-1
7.34648489952	-1
7.34648489952	-1
7.34648489952	-1
7.34648489952	-1
7.34701704979	-1
7.34701704979	-1
7.34767198563	-1
7.34848284721	-1
7.34848284721	-1
7.34848284721	-1
7.34848284721	-1
7.34848284721	-1
7.34848284721	-1
7.34848284721	-1
7.34907698631	-1
7.34907698631	-1
7.34907698631	-1
7.34907698631	-1
7.34907698631	-1
7.34907698631	-1
7.34907698631	-1
7.35119485855	-1
7.35119485855	-1
7.35119485855	-1
7.35119485855	-1
7.35119485855	-1
7.35119485855	-1
7.35119485855	-1
7.35119485855	-1
7.35283303261	-1
7.35283303261	-1
7.35283303261	-1
7.3539788723	-1
7.3539788723	-1
7.3539788723	-1
7.3539788723	-1
7.3539788723	-1
7.3539788723	-1
7.3539788723	-1
7.3539788723	-1
7.39428186417	1
7.39428186417	1
7.39428186417	1
7.44772291183	-1
7.45462608337	-1
7.45462608337	-1
7.45462608337	-1
7.45462608337	-1
7.45462608337	-1
7.45462608337	-1
7.45462608337	-1
7.45462608337	-1
7.46953392029	-1
7.46956992149	1
7.47067308426	-1
7.47067308426	-1
7.47067308426	-1
7.47067308426	-1
7.47067308426	-1
7.47067308426	-1
7.59766507149	1
7.71287703514	1
7.71287703514	1
7.71342086792	-1
7.86616587639	-1
7.87605404854	-1
7.87605404854	-1
7.87605404854	-1
7.87605404854	-1
7.87646794319	-1
7.87646794319	-1
7.87646794319	-1
7.87646794319	-1
7.87646794319	-1
7.87646794319	-1
7.87646794319	-1
7.87683701515	-1
7.87683701515	-1
7.87683701515	-1
7.87683701515	-1
7.87683701515	-1
7.87683701515	-1
7.87683701515	-1
7.87863397598	-1
7.87863397598	-1
7.87909007072	-1
7.87909007072	-1
7.87909007072	-1
7.87909007072	-1
7.87909007072	-1
7.87909007072	-1
7.87909007072	-1
7.89170002937	1
7.89885187149	-1
7.97142601013	-1
7.97142601013	-1
7.97142601013	-1
7.97142601013	-1
7.97142601013	-1
7.97142601013	-1
8.00071001053	-1
8.00071001053	-1
8.00071001053	-1
8.00071001053	-1
8.00589203835	-1
8.00589203835	-1
8.00622200966	-1
8.00622200966	-1
8.00622200966	-1
8.00622200966	-1
8.00622200966	-1
8.04670095444	1
8.04670095444	1
8.13403987885	-1
8.13403987885	-1
8.13403987885	-1
8.13403987885	-1
8.13403987885	-1
8.13403987885	-1
8.13403987885	-1
8.13403987885	-1
8.16334700584	1
8.2219889164	-1
8.26830506325	-1
8.26830506325	-1
8.26830506325	-1
8.28117990494	1
8.51685404778	-1
8.51685404778	-1
8.51685404778	-1
8.51819705963	-1
8.51819705963	-1
8.51819705963	-1
8.51819705963	-1
8.51819705963	-1
8.51819705963	-1
8.51819705963	-1
8.52134394646	-1
8.52134394646	-1
8.52134394646	-1
8.52134394646	-1
8.52134394646	-1
8.52134394646	-1
8.52134394646	-1
8.52508401871	-1
8.52508401871	-1
8.52625489235	-1
8.52625489235	-1
8.52625489235	-1
8.52625489235	-1
8.52625489235	-1
8.52625489235	-1
8.52625489235	-1
8.52718901634	-1
8.52718901634	-1
8.53116106987	-1
8.53116106987	-1
8.53232502937	-1
8.53232502937	-1
8.53232502937	-1
8.53232502937	-1
8.53232502937	-1
8.53232502937	-1
8.53232502937	-1
8.53232502937	-1
8.53232502937	-1
8.59952688217	1
8.62209486961	-1
8.62209486961	-1
8.62209486961	-1
8.62209486961	-1
8.62209486961	-1
8.62209486961	-1
8.62209486961	-1
8.62209486961	-1
8.64005303383	-1
8.64005303383	-1
8.64005303383	-1
8.68756008148	1
8.68756008148	1
8.68756008148	1
8.68804001808	1
8.68804001808	1
9.14970493317	-1
9.27601695061	-1
9.28443002701	1
9.36491703987	1
9.36491703987	1
9.36491703987	1
9.36491703987	1
9.36491703987	1
9.36491703987	1
9.36491703987	1
9.36491703987	1
9.36491703987	1
9.36927390099	1
9.36927390099	1
9.36927390099	1
9.36927390099	1
9.36927390099	1
9.36927390099	1
9.36927390099	1
9.36927390099	1
9.36927390099	1
9.3694589138	1
9.3694589138	1
9.3694589138	1
9.3694589138	1
9.3694589138	1
9.3694589138	1
9.36965107918	1
9.36965107918	1
9.36965107918	1
9.36965107918	1
9.36965107918	1
9.36965107918	1
9.39117598534	-1
9.51536202431	-1
9.7677500248	-1
