0.0	1
0.250670194626	1
0.378543138504	-1
0.379958152771	1
0.635330200195	-1
0.635804176331	1
0.63698220253	1
0.63698220253	1
0.63698220253	1
0.883702039719	1
0.998155117035	1
0.998155117035	1
1.05742311478	-1
1.11275219917	1
1.26497101784	-1
1.26644206047	1
1.46044111252	-1
1.4616651535	1
1.62660217285	-1
1.62856221199	1
1.64622306824	-1
1.64622306824	-1
1.64622306824	-1
1.67022299767	-1
1.67022299767	-1
1.67202711105	-1
1.67202711105	-1
1.67202711105	-1
1.67202711105	-1
1.74314713478	1
1.84839010239	-1
1.84839010239	-1
1.84839010239	-1
1.86071419716	1
1.8678290844	-1
1.8678290844	-1
1.8678290844	-1
2.04673600197	-1
2.04673600197	-1
2.04673600197	-1
2.04673600197	-1
2.04673600197	-1
2.04673600197	-1
2.11119318008	1
2.2012090683	-1
2.21970701218	-1
2.21970701218	-1
2.21970701218	-1
2.21970701218	-1
2.21970701218	-1
2.21970701218	-1
2.21970701218	-1
2.21970701218	-1
2.26750516891	-1
2.28524899483	1
2.35929012299	-1
2.35929012299	-1
2.35929012299	-1
2.35929012299	-1
2.35929012299	-1
2.35929012299	-1
2.35929012299	-1
2.35929012299	-1
2.53538012505	1
2.58861112595	-1
2.71531200409	-1
2.71534609795	1
2.90997815132	-1
2.91114807129	1
3.09305906296	-1
3.28378009796	-1
3.37581014633	-1
3.37581014633	-1
3.37581014633	-1
3.39124512672	-1
3.39124512672	-1
3.39124512672	-1
3.39801001549	-1
3.39801001549	-1
3.39801001549	-1
3.39801001549	-1
3.39801001549	-1
3.39801001549	-1
3.4030020237	1
3.43196606636	-1
3.43196606636	-1
3.43196606636	-1
3.43196606636	-1
3.43196606636	-1
3.43196606636	-1
3.43196606636	-1
3.43196606636	-1
3.45340514183	1
3.45340514183	1
3.45340514183	1
3.45620203018	1
3.45620203018	1
3.45903420448	1
3.45903420448	1
3.45903420448	1
3.45903420448	1
3.4598441124	-1
3.4598441124	-1
3.4598441124	-1
3.51092720032	-1
3.51092720032	-1
3.51092720032	-1
3.56825613976	1
3.56943011284	1
3.56943011284	1
3.56943011284	1
3.56943011284	1
3.56943011284	1
3.56943011284	1
3.56943011284	1
3.56943011284	1
3.56943011284	1
3.70708203316	1
3.70708203316	1
3.70708203316	1
3.77721118927	-1
3.83396100998	1
3.9055120945	-1
3.9055120945	-1
3.9055120945	-1
3.91235113144	-1
3.91235113144	-1
3.91235113144	-1
3.93304300308	1
3.93304300308	1
3.93304300308	1
3.93547010422	-1
3.93547010422	-1
3.93547010422	-1
3.93547010422	-1
3.93547010422	-1
3.93547010422	-1
3.93547010422	-1
3.94878220558	1
4.05423617363	-1
4.05423617363	-1
4.05423617363	-1
4.06339001656	1
4.07813000679	1
4.07813000679	1
4.07813000679	1
4.13333511353	-1
4.13333511353	-1
4.13333511353	-1
4.13503217697	1
4.13503217697	1
4.14287614822	-1
4.14287614822	-1
4.14537119865	-1
4.14537119865	-1
4.14537119865	-1
4.14537119865	-1
4.14537119865	-1
4.1484401226	-1
4.1484401226	-1
4.151471138	-1
4.17009115219	-1
4.17009115219	-1
4.17009115219	-1
4.17009115219	-1
4.17009115219	-1
4.17009115219	-1
4.17009115219	-1
4.17009115219	-1
4.17806410789	-1
4.17810702324	1
4.17810702324	1
4.25002503395	-1
4.25002503395	-1
4.25002503395	-1
4.29286122322	-1
4.30283713341	-1
4.30283713341	-1
4.30283713341	-1
4.30283713341	-1
4.30349802971	1
4.30623412132	-1
4.30623412132	-1
4.31393504143	-1
4.31393504143	-1
4.32611823082	-1
4.32611823082	-1
4.32611823082	-1
4.32951903343	-1
4.32951903343	-1
4.34100604057	-1
4.34100604057	-1
4.34100604057	-1
4.34100604057	-1
4.34100604057	-1
4.34100604057	-1
4.35102319717	-1
4.35102319717	-1
4.36590909958	-1
4.36590909958	-1
4.36590909958	-1
4.36590909958	-1
4.36595916748	-1
4.36595916748	-1
4.36595916748	-1
4.36595916748	-1
4.36595916748	-1
4.36595916748	-1
4.38921308517	-1
4.40770602226	-1
4.45609903336	-1
4.45609903336	-1
4.45609903336	-1
4.48376321793	-1
4.48376321793	-1
4.48376321793	-1
4.48376321793	-1
4.487429142	-1
4.48905920982	1
4.5071542263	-1
4.5071542263	-1
4.5071542263	-1
4.52220511436	-1
4.54280400276	-1
4.54280400276	-1
4.54280400276	-1
4.55376005173	-1
4.55376005173	-1
4.55376005173	-1
4.55376005173	-1
4.55376005173	-1
4.55376005173	-1
4.55376005173	-1
4.55376005173	-1
4.56393814087	-1
4.56393814087	-1
4.56393814087	-1
4.56393814087	-1
4.56393814087	-1
4.56393814087	-1
4.56393814087	-1
4.56393814087	-1
4.56519722939	1
4.56519722939	1
4.56519722939	1
4.57067418098	-1
4.57067418098	-1
4.57067418098	-1
4.57067418098	-1
4.57067418098	-1
4.57067418098	-1
4.57067418098	-1
4.57067418098	-1
4.58269810677	-1
4.58269810677	-1
4.58269810677	-1
4.6368830204	-1
4.6368830204	-1
4.6888821125	-1
4.6888821125	-1
4.6888821125	-1
4.70517921448	-1
4.70517921448	-1
4.72715210915	-1
4.72715210915	-1
4.72715210915	-1
4.72715210915	-1
4.72715210915	-1
4.72715210915	-1
4.72715210915	-1
4.72715210915	-1
4.73548722267	-1
4.75152301788	-1
4.75221920013	-1
4.75221920013	-1
4.75221920013	-1
4.85543012619	-1
4.85543012619	-1
4.85543012619	-1
4.85543012619	-1
4.86970305443	1
4.89994311333	1
4.89994311333	1
4.89994311333	1
4.95746803284	-1
4.95746803284	-1
4.95746803284	-1
4.99029302597	1
4.99029302597	1
5.09503102303	-1
5.1397550106	-1
5.1397550106	-1
5.1397550106	-1
5.1397550106	-1
5.16710615158	-1
5.16710615158	-1
5.16710615158	-1
5.16710615158	-1
5.24608516693	-1
5.24608516693	-1
5.40681910515	-1
5.40681910515	-1
5.48510718346	-1
5.48510718346	-1
5.48510718346	-1
5.5120370388	-1
5.5120370388	-1
5.5120370388	-1
5.5120370388	-1
5.5120370388	-1
5.5120370388	-1
5.5120370388	-1
5.53501915932	-1
5.53501915932	-1
5.53501915932	-1
5.53501915932	-1
5.53501915932	-1
5.53501915932	-1
5.53501915932	-1
5.53501915932	-1
5.54548215866	-1
5.54548215866	-1
5.55668115616	-1
5.57602000237	-1
5.57602000237	-1
5.57602000237	-1
5.57602000237	-1
5.57602000237	-1
5.57602000237	-1
5.57602000237	-1
5.57602000237	-1
5.60376906395	-1
5.60376906395	-1
5.60376906395	-1
5.60376906395	-1
5.60376906395	-1
5.60376906395	-1
5.60376906395	-1
5.61425209045	-1
5.62682700157	-1
5.62682700157	-1
5.62682700157	-1
5.62682700157	-1
5.62682700157	-1
5.62682700157	-1
5.63626718521	-1
5.63744521141	1
5.63976311684	-1
5.63976311684	-1
5.63976311684	-1
5.63976311684	-1
5.63976311684	-1
5.63976311684	-1
5.63976311684	-1
5.66031122208	-1
5.66031122208	-1
5.66031122208	-1
5.66031122208	-1
5.66031122208	-1
5.66031122208	-1
5.67447519302	-1
5.67447519302	-1
5.69145011902	-1
5.69145011902	-1
5.69145011902	-1
5.70240521431	-1
5.72060012817	-1
5.72060012817	-1
5.72060012817	-1
5.73941922188	-1
5.73941922188	-1
5.73941922188	-1
5.73941922188	-1
5.73941922188	-1
5.73941922188	-1
5.73941922188	-1
5.73941922188	-1
5.74742603302	-1
5.74742603302	-1
5.74742603302	-1
5.76316714287	-1
5.76316714287	-1
5.76316714287	-1
5.76316714287	-1
5.76316714287	-1
5.76316714287	-1
5.76316714287	-1
5.76316714287	-1
5.76320099831	1
5.77318811417	-1
5.77318811417	-1
5.77318811417	-1
5.77318811417	-1
5.79990506172	-1
5.79990506172	-1
5.79990506172	-1
5.83210611343	-1
5.83210611343	-1
5.83210611343	-1
5.83210611343	-1
5.83210611343	-1
5.83210611343	-1
5.84273719788	-1
5.85497307777	-1
5.85497307777	-1
5.85497307777	-1
5.85497307777	-1
5.85497307777	-1
5.87902712822	-1
5.87902712822	-1
5.87902712822	-1
5.9113380909	-1
5.9113380909	-1
5.9113380909	-1
5.9113380909	-1
5.91215109825	1
5.92757701874	-1
5.92757701874	-1
5.95603704453	-1
5.95603704453	-1
5.95603704453	-1
5.96803617477	-1
5.98213911057	-1
5.98213911057	-1
5.98213911057	-1
5.98213911057	-1
5.98213911057	-1
5.98213911057	-1
5.98213911057	-1
5.9916510582	-1
5.9916510582	-1
5.9916510582	-1
5.9916510582	-1
6.02473020554	-1
6.02473020554	-1
6.02473020554	-1
6.02473020554	-1
6.02473020554	-1
6.02473020554	-1
6.02473020554	-1
6.02473020554	-1
6.04542303085	-1
6.04542303085	-1
6.04542303085	-1
6.04542303085	-1
6.04542303085	-1
6.04542303085	-1
6.04542303085	-1
6.04542303085	-1
6.05461716652	-1
6.05461716652	-1
6.05461716652	-1
6.05461716652	-1
6.05461716652	-1
6.05461716652	-1
6.05461716652	-1
6.05461716652	-1
6.05580711365	1
6.07078409195	-1
6.07078409195	-1
6.07078409195	-1
6.07078409195	-1
6.07078409195	-1
6.0759370327	-1
6.09825611115	-1
6.09825611115	-1
6.09825611115	-1
6.09825611115	-1
6.09825611115	-1
6.09825611115	-1
6.12279820442	-1
6.12279820442	-1
6.12279820442	-1
6.12279820442	-1
6.12279820442	-1
6.12279820442	-1
6.14340519905	-1
6.14340519905	-1
6.15515804291	-1
6.15515804291	-1
6.15515804291	-1
6.15515804291	-1
6.15515804291	-1
6.15515804291	-1
6.20772409439	1
6.35984516144	1
6.48459911346	1
6.48459911346	1
6.48459911346	1
6.48474216461	1
6.48474216461	1
6.48474216461	1
6.79533219337	-1
6.90991210938	-1
7.02439904213	-1
7.03299808502	1
7.12794709206	-1
7.12794709206	-1
7.12794709206	-1
7.45716309547	-1
7.4620552063	1
7.61730408669	-1
7.77066802979	-1
7.78624916077	1
8.03563904762	1
8.33630108833	-1
8.3376750946	1
8.5149872303	-1
8.51627206802	1
8.77361106873	-1
8.92684006691	-1
8.92684006691	-1
8.92689204216	1
9.00201106071	-1
9.00201106071	-1
9.00201106071	-1
9.04147315025	1
9.04147315025	1
9.1559472084	-1
9.1740500927	-1
9.1740500927	-1
9.1740500927	-1
9.47714018822	1
9.52238106728	1
9.52238106728	1
9.52238106728	1
9.52238106728	1
9.5229370594	1
9.5229370594	1
9.61505913734	-1
9.79162311554	-1
9.96802711487	-1
10.0173091888	-1
10.0173091888	-1
10.0173091888	-1
10.0173091888	-1
10.0173091888	-1
10.0173091888	-1
10.0173091888	-1
10.0173091888	-1
10.0249350071	-1
10.0249350071	-1
10.0249350071	-1
10.0249350071	-1
10.0249350071	-1
10.0249350071	-1
10.0249350071	-1
10.0706682205	-1
10.0706682205	-1
10.0706682205	-1
10.0706682205	-1
10.0706682205	-1
10.0706682205	-1
10.0706682205	-1
10.0706682205	-1
10.1969242096	-1
10.2419500351	-1
10.2419500351	-1
10.2419500351	-1
10.2419500351	-1
10.2419500351	-1
10.2419500351	-1
10.2419500351	-1
10.2419500351	-1
10.3730971813	1
10.3743262291	1
10.3743262291	1
10.3743262291	1
10.3753859997	1
10.3753859997	1
10.3753859997	1
10.3753859997	1
10.3755571842	1
10.3755571842	1
10.3755571842	1
10.3755571842	1
10.3755571842	1
10.3755571842	1
10.4261360168	-1
11.2015931606	-1
11.2031052113	1
11.3174819946	1
11.3866472244	-1
11.4319159985	1
11.4319159985	1
11.5387001038	-1
11.556841135	-1
11.556841135	-1
11.556841135	-1
11.556841135	-1
11.556841135	-1
11.556841135	-1
11.556841135	-1
11.5747001171	-1
11.5758700371	1
11.5816001892	-1
11.5816001892	-1
11.5816001892	-1
11.5816001892	-1
11.5816001892	-1
11.5816001892	-1
11.5816001892	-1
11.5861461163	-1
11.5861461163	-1
11.5861461163	-1
11.5861461163	-1
11.5861461163	-1
11.5861461163	-1
11.5861461163	-1
11.5861461163	-1
11.6829941273	-1
11.6829941273	-1
11.6829941273	-1
11.6829941273	-1
11.6829941273	-1
11.6829941273	-1
11.6829941273	-1
11.6829941273	-1
11.6892981529	-1
11.6970870495	-1
11.6970870495	-1
11.6970870495	-1
11.6970870495	-1
11.6970870495	-1
11.6970870495	-1
11.6970870495	-1
11.6971180439	1
11.7235631943	-1
11.7276902199	-1
11.7276902199	-1
11.7276902199	-1
11.7276902199	-1
11.7276902199	-1
11.7276902199	-1
11.7276902199	-1
11.7390141487	-1
11.7396190166	-1
11.7396190166	-1
11.7396190166	-1
11.7396190166	-1
11.7396190166	-1
11.7396190166	-1
11.7396190166	-1
11.7613101006	-1
11.7613101006	-1
11.7613101006	-1
11.7613101006	-1
11.7613101006	-1
11.7613101006	-1
11.7613101006	-1
11.7613101006	-1
11.7948131561	-1
11.7948131561	-1
11.8119840622	-1
11.8119840622	-1
11.8119840622	-1
11.8119840622	-1
11.8119840622	-1
11.8119840622	-1
11.8120250702	1
11.8579390049	-1
11.8579390049	-1
11.8579390049	-1
11.8579390049	-1
11.8579390049	-1
11.8579390049	-1
11.8579390049	-1
11.8579390049	-1
11.8750782013	-1
11.8750782013	-1
11.8750782013	-1
11.8750782013	-1
11.8750782013	-1
11.8750782013	-1
11.8750782013	-1
11.8750782013	-1
11.9279332161	-1
11.9279332161	-1
11.9279332161	-1
11.9279332161	-1
11.9279332161	-1
11.9279332161	-1
11.9279332161	-1
11.9279332161	-1
11.9349501133	-1
11.941024065	-1
11.941024065	-1
11.941024065	-1
11.941024065	-1
11.941024065	-1
11.941024065	-1
11.941024065	-1
11.9464130402	-1
11.9464130402	-1
11.9464130402	-1
11.9464130402	-1
11.9464130402	-1
11.9464130402	-1
11.9464130402	-1
12.0021910667	-1
12.0021910667	-1
12.003483057	1
12.0385580063	-1
12.0385580063	-1
12.0385580063	-1
12.0385580063	-1
12.0385580063	-1
12.0385580063	-1
12.0385580063	-1
12.0385580063	-1
12.0439240932	-1
12.0439240932	-1
12.0439240932	-1
12.0439240932	-1
12.0439240932	-1
12.0439240932	-1
12.0439240932	-1
12.0527420044	-1
12.0527420044	-1
12.0527420044	-1
12.0527420044	-1
12.0527420044	-1
12.0527420044	-1
12.0527420044	-1
12.0527420044	-1
12.0585401058	-1
12.0585401058	-1
12.0585401058	-1
12.0585401058	-1
12.0585401058	-1
12.0585401058	-1
12.0585401058	-1
12.0623002052	-1
12.0917031765	-1
12.0917031765	-1
12.0953061581	-1
12.0953061581	-1
12.0953061581	-1
12.0953061581	-1
12.0953061581	-1
12.0953061581	-1
12.0953061581	-1
12.098788023	-1
12.098788023	-1
12.098788023	-1
12.098788023	-1
12.098788023	-1
12.098788023	-1
12.098788023	-1
12.1141622066	-1
12.1141622066	-1
12.1141622066	-1
12.1141622066	-1
12.1141622066	-1
12.1141622066	-1
12.1141622066	-1
12.1141622066	-1
12.1145200729	-1
12.1145200729	-1
12.1145200729	-1
12.1145200729	-1
12.1145200729	-1
12.1145200729	-1
12.1145200729	-1
12.1147651672	-1
12.1178791523	1
12.1178791523	1
12.1178791523	1
12.1178791523	1
12.1178791523	1
12.1178791523	1
12.1533942223	-1
12.1533942223	-1
12.1533942223	-1
12.1533942223	-1
12.1533942223	-1
12.1533942223	-1
12.1533942223	-1
12.1533942223	-1
12.210971117	-1
12.210971117	-1
12.210971117	-1
12.210971117	-1
12.210971117	-1
12.210971117	-1
12.210971117	-1
12.210971117	-1
12.216766119	-1
12.2256741524	-1
12.2256741524	-1
12.2256741524	-1
12.2256741524	-1
12.2256741524	-1
12.2256741524	-1
12.2256741524	-1
12.2256741524	-1
12.2290740013	-1
12.2290740013	-1
12.2290740013	-1
12.2290740013	-1
12.2290740013	-1
12.2290740013	-1
12.2290740013	-1
12.235886097	-1
12.2419531345	-1
12.2419531345	-1
12.2419531345	-1
12.2419531345	-1
12.2419531345	-1
12.2419531345	-1
12.2419531345	-1
12.2473201752	-1
12.2473201752	-1
12.2473201752	-1
12.2473201752	-1
12.2473201752	-1
12.2473201752	-1
12.2473201752	-1
12.2473201752	-1
12.2681970596	1
12.2681970596	1
12.2808821201	-1
12.2808821201	-1
12.2808821201	-1
12.2808821201	-1
12.2808821201	-1
12.2808821201	-1
12.2808821201	-1
12.2808821201	-1
12.2861661911	-1
12.2861661911	-1
12.2861661911	-1
12.2861661911	-1
12.2861661911	-1
12.2861661911	-1
12.2861661911	-1
12.2934551239	-1
12.2934551239	-1
12.2934551239	-1
12.2934551239	-1
12.2934551239	-1
12.2934551239	-1
12.2934551239	-1
12.2934551239	-1
12.3126330376	-1
12.3126330376	-1
12.312746048	-1
12.312746048	-1
12.312746048	-1
12.312746048	-1
12.312746048	-1
12.312746048	-1
12.312746048	-1
12.3129911423	-1
12.3444151878	-1
12.3444151878	-1
12.3444151878	-1
12.3444151878	-1
12.3444151878	-1
12.3444151878	-1
12.3444151878	-1
12.3920860291	-1
12.3920860291	-1
12.3920860291	-1
12.3920860291	-1
12.3920860291	-1
12.3920860291	-1
12.3920860291	-1
12.3920860291	-1
12.3957071304	-1
12.3957071304	-1
12.3957071304	-1
12.3957071304	-1
12.3957071304	-1
12.3957071304	-1
12.3957071304	-1
12.3957071304	-1
12.399720192	-1
12.4010090828	1
12.4217860699	-1
12.4217860699	-1
12.4217860699	-1
12.4217860699	-1
12.4217860699	-1
12.4217860699	-1
12.4217860699	-1
12.4312570095	-1
12.4434690475	-1
12.4434690475	-1
12.4434690475	-1
12.4434690475	-1
12.4434690475	-1
12.4434690475	-1
12.4434690475	-1
12.4520430565	-1
12.4608490467	-1
12.4608490467	-1
12.4608490467	-1
12.4608490467	-1
12.4608490467	-1
12.4608490467	-1
12.4608490467	-1
12.4666042328	-1
12.4666042328	-1
12.4666042328	-1
12.4666042328	-1
12.4666042328	-1
12.4666042328	-1
12.4666042328	-1
12.4666042328	-1
12.4910140038	-1
12.4911201	-1
12.4911201	-1
12.4911201	-1
12.4911201	-1
12.4911201	-1
12.4911201	-1
12.4911201	-1
12.5034241676	-1
12.5034241676	-1
12.5034241676	-1
12.5034241676	-1
12.5034241676	-1
12.5034241676	-1
12.5034241676	-1
12.5034241676	-1
12.5104691982	-1
12.5104691982	-1
12.5104691982	-1
12.5104691982	-1
12.5104691982	-1
12.5104691982	-1
12.5104691982	-1
12.5216522217	-1
12.5216522217	-1
12.5216522217	-1
12.5216522217	-1
12.5216522217	-1
12.5216522217	-1
12.5216522217	-1
12.5216522217	-1
12.5216841698	1
12.5216841698	1
12.5379931927	-1
12.5379931927	-1
12.5379931927	-1
12.5379931927	-1
12.5379931927	-1
12.5379931927	-1
12.5379931927	-1
12.5379931927	-1
12.5580601692	-1
12.5580601692	-1
12.5606210232	-1
12.5606210232	-1
12.5606210232	-1
12.5606210232	-1
12.5606210232	-1
12.5606210232	-1
12.5606210232	-1
12.5664651394	-1
12.5754761696	-1
12.5754761696	-1
12.5754761696	-1
12.5754761696	-1
12.5754761696	-1
12.5754761696	-1
12.5754761696	-1
12.575712204	-1
12.5815792084	-1
12.5815792084	-1
12.5815792084	-1
12.5815792084	-1
12.5815792084	-1
12.5815792084	-1
12.5815792084	-1
12.5862681866	-1
12.5916950703	-1
12.5916950703	-1
12.5916950703	-1
12.5916950703	-1
12.5916950703	-1
12.5916950703	-1
12.5916950703	-1
12.6056821346	-1
12.6056821346	-1
12.6056821346	-1
12.6056821346	-1
12.6056821346	-1
12.6056821346	-1
12.6056821346	-1
12.6056821346	-1
12.6183161736	-1
12.6183161736	-1
12.6183161736	-1
12.6183161736	-1
12.6183161736	-1
12.6183161736	-1
12.6183161736	-1
12.6183161736	-1
12.6422982216	-1
12.6422982216	-1
12.6422982216	-1
12.6422982216	-1
12.6422982216	-1
12.6422982216	-1
12.6422982216	-1
12.6422982216	-1
12.6423151493	1
12.6588850021	-1
12.6614861488	-1
12.6614861488	-1
12.6614861488	-1
12.6614861488	-1
12.6614861488	-1
12.6614861488	-1
12.6614861488	-1
12.6668100357	-1
12.6705160141	-1
12.6705160141	-1
12.6705160141	-1
12.6705160141	-1
12.6705160141	-1
12.6705160141	-1
12.6705160141	-1
12.6733422279	-1
12.6733422279	-1
12.6733422279	-1
12.6733422279	-1
12.6733422279	-1
12.6733422279	-1
12.6733422279	-1
12.6796290874	-1
12.6796290874	-1
12.6824560165	-1
12.6824560165	-1
12.6824560165	-1
12.6824560165	-1
12.6824560165	-1
12.6824560165	-1
12.6824560165	-1
12.6904220581	-1
12.6904220581	-1
12.6904220581	-1
12.6904220581	-1
12.6904220581	-1
12.6904220581	-1
12.6904220581	-1
12.6904220581	-1
12.6909041405	-1
12.6910271645	-1
12.6910271645	-1
12.6910271645	-1
12.6910271645	-1
12.6910271645	-1
12.6910271645	-1
12.6910271645	-1
12.6963200569	-1
12.6963200569	-1
12.6963200569	-1
12.6963200569	-1
12.6963200569	-1
12.6963200569	-1
12.6963200569	-1
12.7068450451	-1
12.7068450451	-1
12.7068450451	-1
12.7068450451	-1
12.7068450451	-1
12.7068450451	-1
12.7068450451	-1
12.7068450451	-1
12.7203650475	-1
12.7214832306	1
12.7214832306	1
12.7214832306	1
12.7449281216	-1
12.7449281216	-1
12.7449281216	-1
12.7449281216	-1
12.7449281216	-1
12.7449281216	-1
12.7449281216	-1
12.7449281216	-1
12.7498421669	-1
12.7769160271	-1
12.7769160271	-1
12.7796602249	-1
12.7796602249	-1
12.7796602249	-1
12.7796602249	-1
12.7796602249	-1
12.7796602249	-1
12.783591032	-1
12.783591032	-1
12.783591032	-1
12.783591032	-1
12.783591032	-1
12.783591032	-1
12.783591032	-1
12.7869091034	-1
12.7869091034	-1
12.7869091034	-1
12.7869091034	-1
12.7869091034	-1
12.7869091034	-1
12.7869091034	-1
12.7960431576	-1
12.7960431576	-1
12.7960431576	-1
12.7960431576	-1
12.7960431576	-1
12.7960431576	-1
12.7960431576	-1
12.7960431576	-1
12.8057730198	-1
12.8057730198	-1
12.8100922108	-1
12.8100922108	-1
12.8100922108	-1
12.8100922108	-1
12.8100922108	-1
12.8100922108	-1
12.8100922108	-1
12.8162150383	-1
12.8219079971	-1
12.8219079971	-1
12.8219079971	-1
12.8219079971	-1
12.8219079971	-1
12.8219079971	-1
12.8219079971	-1
12.8285431862	-1
12.8285431862	-1
12.8285431862	-1
12.8285431862	-1
12.8285431862	-1
12.8285431862	-1
12.8285431862	-1
12.8457250595	-1
12.8457250595	-1
12.8457250595	-1
12.8457250595	-1
12.8457250595	-1
12.8457250595	-1
12.8457250595	-1
12.8457250595	-1
12.8457250595	-1
12.8533630371	-1
12.8533630371	-1
12.8533630371	-1
12.8533630371	-1
12.8533630371	-1
12.8533630371	-1
12.8533630371	-1
12.8533630371	-1
12.8546202183	1
12.8546202183	1
12.8546202183	1
12.8613901138	-1
12.8613901138	-1
12.8613901138	-1
12.8613901138	-1
12.8613901138	-1
12.8613901138	-1
12.8613901138	-1
12.8735971451	-1
12.8735971451	-1
12.8735971451	-1
12.8735971451	-1
12.8735971451	-1
12.8735971451	-1
12.8735971451	-1
12.8735971451	-1
12.8839371204	-1
12.8839371204	-1
12.8839371204	-1
12.8839371204	-1
12.8839371204	-1
12.8839371204	-1
12.8839371204	-1
12.8839371204	-1
12.896982193	-1
12.896982193	-1
12.9092280865	-1
12.9092280865	-1
12.9092280865	-1
12.9092280865	-1
12.9092280865	-1
12.9092280865	-1
12.9092280865	-1
12.9149830341	-1
12.9238510132	-1
12.9238510132	-1
12.9238510132	-1
12.9238510132	-1
12.9238510132	-1
12.9238510132	-1
12.9238510132	-1
12.9310591221	-1
12.9310591221	-1
12.9310591221	-1
12.9310591221	-1
12.9310591221	-1
12.9310591221	-1
12.9310591221	-1
12.9310591221	-1
12.9369280338	-1
12.9369280338	-1
12.9369280338	-1
12.9369280338	-1
12.9369280338	-1
12.9369280338	-1
12.9369280338	-1
12.9539740086	-1
12.9539740086	-1
12.9539740086	-1
12.9539740086	-1
12.9539740086	-1
12.9539740086	-1
12.9539740086	-1
12.9539740086	-1
12.9539740086	-1
12.9639291763	-1
12.9639291763	-1
12.9639291763	-1
12.9639291763	-1
12.9639291763	-1
12.9639291763	-1
12.9639291763	-1
12.9639291763	-1
12.9725010395	-1
12.9725010395	-1
12.9725010395	-1
12.9725010395	-1
12.9725010395	-1
12.9725010395	-1
12.9725010395	-1
12.9725010395	-1
12.9905312061	-1
12.9905312061	-1
12.9905312061	-1
12.9905312061	-1
12.9905312061	-1
12.9905312061	-1
12.9905312061	-1
12.9905312061	-1
13.006072998	-1
13.006072998	-1
13.006072998	-1
13.006072998	-1
13.006072998	-1
13.006072998	-1
13.006072998	-1
13.006072998	-1
13.0112140179	-1
13.0179011822	-1
13.0179011822	-1
13.0179011822	-1
13.0179011822	-1
13.0179011822	-1
13.0179011822	-1
13.0179011822	-1
13.0179331303	1
13.0179331303	1
13.0392150879	-1
13.043762207	-1
13.043762207	-1
13.043762207	-1
13.043762207	-1
13.043762207	-1
13.043762207	-1
13.043762207	-1
13.0588672161	-1
13.0624639988	-1
13.0624639988	-1
13.0624639988	-1
13.0624639988	-1
13.0624639988	-1
13.0624639988	-1
13.0624639988	-1
13.066917181	-1
13.0780780315	-1
13.0780780315	-1
13.0780780315	-1
13.0780780315	-1
13.0780780315	-1
13.0780780315	-1
13.0780780315	-1
13.0854291916	-1
13.0906310081	-1
13.0906310081	-1
13.0906310081	-1
13.0906310081	-1
13.0906310081	-1
13.0906310081	-1
13.0906310081	-1
13.0982701778	-1
13.1067860126	-1
13.1067860126	-1
13.1067860126	-1
13.1067860126	-1
13.1067860126	-1
13.1067860126	-1
13.1067860126	-1
13.1227631569	-1
13.1227631569	-1
13.1227631569	-1
13.1227631569	-1
13.1227631569	-1
13.1227631569	-1
13.1227631569	-1
13.1227631569	-1
13.1683080196	-1
13.1683080196	-1
13.1683411598	1
13.1714169979	-1
13.1714169979	-1
13.1714169979	-1
13.1714169979	-1
13.1714169979	-1
13.1714169979	-1
13.17969203	-1
13.17969203	-1
13.17969203	-1
13.17969203	-1
13.17969203	-1
13.17969203	-1
13.17969203	-1
13.17969203	-1
13.2043762207	-1
13.2043762207	-1
13.2043762207	-1
13.2043762207	-1
13.2043762207	-1
13.2043762207	-1
13.2043762207	-1
13.2043762207	-1
13.2416620255	-1
13.2416620255	-1
13.2416620255	-1
13.2416620255	-1
13.2416620255	-1
13.2416620255	-1
13.2416620255	-1
13.2416620255	-1
13.2431330681	-1
13.2467181683	-1
13.2467181683	-1
13.2467181683	-1
13.2467181683	-1
13.2467181683	-1
13.2467181683	-1
13.2467181683	-1
13.2504870892	-1
13.2531011105	-1
13.2531011105	-1
13.2531011105	-1
13.2531011105	-1
13.2531011105	-1
13.2531011105	-1
13.2531011105	-1
13.3359410763	1
13.3359410763	1
13.3679511547	-1
13.3679511547	-1
13.3679511547	-1
13.3679511547	-1
13.3679511547	-1
13.3679511547	-1
13.3679511547	-1
13.3679511547	-1
13.3708381653	-1
13.3742990494	-1
13.3742990494	-1
13.3742990494	-1
13.3742990494	-1
13.3742990494	-1
13.3742990494	-1
13.3742990494	-1
13.3786420822	-1
13.3818352222	-1
13.3818352222	-1
13.3818352222	-1
13.3818352222	-1
13.3818352222	-1
13.3818352222	-1
13.3818352222	-1
13.3856670856	-1
13.3856670856	-1
13.3856670856	-1
13.3856670856	-1
13.3856670856	-1
13.3856670856	-1
13.3856670856	-1
13.3913371563	-1
13.3913371563	-1
13.3913371563	-1
13.3913371563	-1
13.3913371563	-1
13.3913371563	-1
13.3913371563	-1
13.3913371563	-1
13.3957312107	-1
13.3957312107	-1
13.4184582233	-1
13.4184582233	-1
13.4184582233	-1
13.4184582233	-1
13.4184582233	-1
13.4184582233	-1
13.4184582233	-1
13.432623148	-1
13.4326741695	-1
13.4326741695	-1
13.4326741695	-1
13.4326741695	-1
13.4326741695	-1
13.4326741695	-1
13.4326741695	-1
13.4382960796	-1
13.4382960796	-1
13.4382960796	-1
13.4382960796	-1
13.4382960796	-1
13.4382960796	-1
13.4382960796	-1
13.4479942322	-1
13.4479942322	-1
13.4479942322	-1
13.4479942322	-1
13.4479942322	-1
13.4479942322	-1
13.4479942322	-1
13.4479942322	-1
13.4508271217	1
13.4508271217	1
13.4595110416	-1
13.4595110416	-1
13.4595110416	-1
13.4595110416	-1
13.4595110416	-1
13.4595110416	-1
13.4595110416	-1
13.4595110416	-1
13.4595110416	-1
13.4668421745	-1
13.4668421745	-1
13.4668421745	-1
13.4668421745	-1
13.4668421745	-1
13.4668421745	-1
13.4668421745	-1
13.4668421745	-1
13.4735591412	-1
13.4735591412	-1
13.4735591412	-1
13.4735591412	-1
13.4735591412	-1
13.4735591412	-1
13.4735591412	-1
13.4735591412	-1
13.4827151299	-1
13.4827151299	-1
13.4827151299	-1
13.4827151299	-1
13.4827151299	-1
13.4827151299	-1
13.4827151299	-1
13.4827151299	-1
13.4889791012	-1
13.4889791012	-1
13.4889791012	-1
13.4889791012	-1
13.4889791012	-1
13.4889791012	-1
13.4889791012	-1
13.4889791012	-1
13.5215361118	-1
13.5215361118	-1
13.5215361118	-1
13.5228831768	-1
13.5228831768	-1
13.5228831768	-1
13.5228831768	-1
13.5228831768	-1
13.5228831768	-1
13.5232191086	1
13.5232191086	1
13.5232191086	1
13.5366010666	-1
13.5366010666	-1
13.5366010666	-1
13.5366010666	-1
13.5366010666	-1
13.5366010666	-1
13.5366010666	-1
13.5366010666	-1
13.549598217	-1
13.549598217	-1
13.549598217	-1
13.549598217	-1
13.549598217	-1
13.549598217	-1
13.549598217	-1
13.598993063	-1
13.598993063	-1
13.598993063	-1
13.598993063	-1
13.598993063	-1
13.598993063	-1
13.598993063	-1
13.598993063	-1
13.598993063	-1
13.6381661892	-1
13.6381661892	-1
13.6381661892	-1
13.6381661892	-1
13.6381661892	-1
13.6381661892	-1
13.6381661892	-1
13.6381661892	-1
13.6438190937	-1
13.6438190937	-1
13.8234460354	1
13.8237211704	1
13.8237211704	1
13.8237211704	1
13.8237211704	1
13.8237211704	1
13.8237211704	1
13.8237211704	1
13.8237211704	1
13.8237950802	1
13.8257770538	1
13.8257770538	1
13.8257770538	1
13.8257770538	1
13.8257770538	1
13.8257770538	1
13.8257770538	1
13.8257770538	1
13.8257770538	1
