0.0	1
0.249973058701	1
0.542707920074	-1
0.544466972351	1
0.807770967484	-1
0.80859708786	1
0.812096118927	1
0.812096118927	1
0.812096118927	1
0.876061916351	1
0.876061916351	1
0.882483959198	1
1.41456699371	-1
1.41626501083	1
1.61396312714	-1
1.61543297768	1
1.69087100029	-1
1.69209098816	1
1.81831908226	-1
1.81951212883	1
2.03491210938	-1
2.2404050827	-1
2.45344400406	-1
2.4554309845	-1
2.4554309845	-1
2.4554309845	-1
2.4554309845	-1
2.4554309845	-1
2.4554309845	-1
2.5370759964	1
2.64065909386	-1
2.6418569088	1
2.7127840519	-1
2.7127840519	-1
2.7127840519	-1
2.78853392601	1
2.84626102448	-1
2.84657406807	-1
2.84657406807	-1
2.84657406807	-1
2.84657406807	-1
2.84657406807	-1
2.84657406807	-1
2.84657406807	-1
2.86658000946	-1
2.86658000946	-1
2.8673760891	-1
2.8673760891	-1
2.8673760891	-1
2.8673760891	-1
2.8673760891	-1
2.8673760891	-1
2.8673760891	-1
2.86799502373	-1
3.05420303345	-1
3.05487704277	-1
3.05487704277	-1
3.05487704277	-1
3.05487704277	-1
3.05487704277	-1
3.05487704277	-1
3.24653601646	-1
3.24789190292	1
3.54966497421	-1
3.78934812546	-1
3.8631939888	-1
3.87054610252	1
3.93726611137	-1
3.93726611137	-1
4.04860806465	-1
4.04860806465	-1
4.07180809975	-1
4.07180809975	-1
4.07180809975	-1
4.08232402802	1
4.08741807938	1
4.08741807938	1
4.08741807938	1
4.13645100594	1
4.13645100594	1
4.15159296989	-1
4.15159296989	-1
4.15159296989	-1
4.15159296989	-1
4.15159296989	-1
4.15159296989	-1
4.15159296989	-1
4.28423595428	-1
4.28423595428	-1
4.28423595428	-1
4.28423595428	-1
4.29250812531	1
4.38677501678	1
4.44085502625	-1
4.54237699509	1
4.54355192184	-1
4.55060005188	-1
4.55060005188	-1
4.55060005188	-1
4.62535095215	1
4.62539291382	1
4.62539291382	1
4.62539291382	1
4.62539291382	1
4.6402130127	1
4.6402130127	1
4.64095807076	1
4.64095807076	1
4.75370597839	-1
4.7813129425	-1
4.7813129425	-1
4.7813129425	-1
4.80918002129	1
4.81105494499	1
4.81105494499	1
4.81105494499	1
4.85494303703	-1
4.85494303703	-1
4.85494303703	-1
4.85494303703	-1
4.89168000221	1
4.89168000221	1
4.89168000221	1
4.95255303383	-1
4.96590399742	1
4.97596096992	-1
4.97596096992	-1
4.97596096992	-1
4.99138212204	-1
4.99138212204	-1
4.99138212204	-1
4.99138212204	-1
4.99138212204	-1
4.99138212204	-1
4.99873209	-1
4.99873209	-1
5.02113604546	-1
5.02113604546	-1
5.02113604546	-1
5.04000592232	1
5.12309813499	-1
5.1429040432	-1
5.1429040432	-1
5.1429040432	-1
5.17760300636	-1
5.17760300636	-1
5.17760300636	-1
5.17760300636	-1
5.17760300636	-1
5.17760300636	-1
5.17760300636	-1
5.17760300636	-1
5.2196290493	-1
5.2196290493	-1
5.2196290493	-1
5.2196290493	-1
5.2196290493	-1
5.2196290493	-1
5.2196290493	-1
5.295566082	1
5.42139291763	-1
5.42278599739	1
5.48559498787	-1
5.48559498787	-1
5.48559498787	-1
5.49690699577	-1
5.49694490433	1
5.54176592827	-1
5.54176592827	-1
5.54176592827	-1
5.54320001602	1
5.54320001602	1
5.54320001602	1
5.56048297882	-1
5.56048297882	-1
5.57071304321	1
5.64499592781	-1
5.72112107277	-1
5.72112107277	-1
5.72112107277	-1
5.72112107277	-1
5.72112107277	-1
5.72112107277	-1
5.72112107277	-1
5.72112107277	-1
5.72112107277	-1
5.75705599785	-1
5.83399510384	-1
5.83833599091	-1
5.83833599091	-1
5.83833599091	-1
5.83833599091	-1
5.83833599091	-1
5.83833599091	-1
5.89017009735	-1
5.89017009735	-1
5.89017009735	-1
5.89017009735	-1
5.89571905136	-1
5.90174007416	-1
5.90174007416	-1
5.90174007416	-1
5.90174007416	-1
5.90174007416	-1
5.90174007416	-1
5.90814995766	-1
5.90934109688	1
5.91277503967	-1
5.91277503967	-1
5.91277503967	-1
5.91277503967	-1
5.9240000248	-1
5.9240000248	-1
5.93688106537	-1
5.93688106537	-1
5.98292398453	-1
6.05733704567	-1
6.05733704567	-1
6.07480692863	-1
6.07480692863	-1
6.07480692863	-1
6.07555198669	-1
6.07555198669	-1
6.07555198669	-1
6.07555198669	-1
6.07555198669	-1
6.07766509056	-1
6.07766509056	-1
6.07766509056	-1
6.09221100807	-1
6.09221100807	-1
6.095443964	-1
6.095443964	-1
6.095443964	-1
6.095443964	-1
6.095443964	-1
6.095443964	-1
6.095443964	-1
6.095443964	-1
6.13167905807	-1
6.41786599159	-1
6.42967891693	-1
6.42967891693	-1
6.42967891693	-1
6.42967891693	-1
6.44281697273	-1
6.44281697273	-1
6.46254491806	-1
6.46254491806	-1
6.46412301064	1
6.47251796722	-1
6.47251796722	-1
6.47251796722	-1
6.47251796722	-1
6.47251796722	-1
6.47251796722	-1
6.47251796722	-1
6.49227905273	-1
6.50806999207	-1
6.50806999207	-1
6.50806999207	-1
6.50806999207	-1
6.50806999207	-1
6.50806999207	-1
6.5255010128	-1
6.5255010128	-1
6.53387403488	-1
6.53387403488	-1
6.53387403488	-1
6.53787398338	1
6.53787398338	1
6.55418801308	-1
6.55418801308	-1
6.57460808754	-1
6.57460808754	-1
6.57460808754	-1
6.59561610222	-1
6.59561610222	-1
6.59561610222	-1
6.59561610222	-1
6.59561610222	-1
6.59561610222	-1
6.59561610222	-1
6.61969304085	-1
6.61972403526	1
6.61972403526	1
6.61975693703	-1
6.61975693703	-1
6.61975693703	-1
6.61975693703	-1
6.61975693703	-1
6.61975693703	-1
6.61975693703	-1
6.64505004883	-1
6.64505004883	-1
6.64505004883	-1
6.64505004883	-1
6.64505004883	-1
6.64505004883	-1
6.64505004883	-1
6.64505004883	-1
6.6649980545	-1
6.6649980545	-1
6.68295001984	-1
6.68295001984	-1
6.68295001984	-1
6.70126700401	1
6.70126700401	1
6.70126700401	1
6.70153093338	-1
6.70153093338	-1
6.70153093338	-1
6.70153093338	-1
6.70153093338	-1
6.70153093338	-1
6.70153093338	-1
6.7015440464	1
6.7015440464	1
6.71042609215	-1
6.71991610527	-1
6.71991610527	-1
6.71991610527	-1
6.71991610527	-1
6.71991610527	-1
6.71991610527	-1
6.71991610527	-1
6.72918891907	-1
6.73569011688	-1
6.73569011688	-1
6.73569011688	-1
6.73569011688	-1
6.75346398354	-1
6.75346398354	-1
6.76167702675	-1
6.76167702675	-1
6.76167702675	-1
6.76167702675	-1
6.76167702675	-1
6.76167702675	-1
6.77541995049	1
6.7859249115	-1
6.7859249115	-1
6.79325509071	-1
6.79325509071	-1
6.79325509071	-1
6.79325509071	-1
6.79325509071	-1
6.79325509071	-1
6.79325509071	-1
6.79325509071	-1
6.80029892921	-1
6.80689311028	-1
6.80689311028	-1
6.82547211647	-1
6.82547211647	-1
6.82547211647	-1
6.82547211647	-1
6.82547211647	-1
6.82547211647	-1
6.82547211647	-1
6.82547211647	-1
6.89366102219	-1
6.89366102219	-1
6.89366102219	-1
6.89366102219	-1
6.89366102219	-1
6.89366102219	-1
6.89366102219	-1
6.89366102219	-1
6.89366102219	-1
6.90844702721	-1
6.90844702721	-1
6.90844702721	-1
6.90844702721	-1
6.90844702721	-1
6.90844702721	-1
6.90844702721	-1
6.91964912415	-1
6.91998696327	1
6.92931509018	-1
6.92931509018	-1
6.92931509018	-1
6.94074106216	-1
6.94682598114	-1
6.94682598114	-1
6.94682598114	-1
6.94682598114	-1
6.94682598114	-1
6.94682598114	-1
6.96103596687	-1
6.96103596687	-1
6.96103596687	-1
6.96103596687	-1
6.96103596687	-1
7.01493692398	-1
7.0149679184	1
7.05454397202	-1
7.05454397202	-1
7.05454397202	-1
7.05454397202	-1
7.05454397202	-1
7.05454397202	-1
7.05454397202	-1
7.08837509155	-1
7.08847808838	-1
7.08847808838	-1
7.08847808838	-1
7.08847808838	-1
7.08979392052	1
7.08979392052	1
7.1122739315	-1
7.1122739315	-1
7.1122739315	-1
7.116574049	-1
7.116574049	-1
7.116574049	-1
7.116574049	-1
7.116574049	-1
7.116574049	-1
7.12713909149	-1
7.12713909149	-1
7.12713909149	-1
7.12713909149	-1
7.12713909149	-1
7.12713909149	-1
7.12713909149	-1
7.12713909149	-1
7.13724398613	-1
7.13724398613	-1
7.13724398613	-1
7.13724398613	-1
7.13724398613	-1
7.13724398613	-1
7.16412091255	-1
7.2342031002	-1
7.2342031002	-1
7.2342031002	-1
7.2342031002	-1
7.2342031002	-1
7.23887300491	-1
7.27597999573	-1
7.27597999573	-1
7.27597999573	-1
7.27597999573	-1
7.27597999573	-1
7.27597999573	-1
7.27597999573	-1
7.27870202065	-1
7.27870202065	-1
7.27870202065	-1
7.27870202065	-1
7.27870202065	-1
7.27870202065	-1
7.27870202065	-1
7.28372001648	-1
7.28372001648	-1
7.28372001648	-1
7.28372001648	-1
7.28372001648	-1
7.28372001648	-1
7.28372001648	-1
7.28372001648	-1
7.28575205803	1
7.31279993057	-1
7.31279993057	-1
7.31279993057	-1
7.31279993057	-1
7.31279993057	-1
7.31279993057	-1
7.31279993057	-1
7.32475709915	-1
7.32911896706	-1
7.32911896706	-1
7.32911896706	-1
7.32911896706	-1
7.32911896706	-1
7.32911896706	-1
7.43257808685	-1
7.43257808685	-1
7.44941091537	-1
7.44941091537	-1
7.44941091537	-1
7.44941091537	-1
7.44941091537	-1
7.44941091537	-1
7.52466893196	-1
7.69192099571	-1
7.69509506226	-1
7.69509506226	-1
7.69509506226	-1
7.69509506226	-1
7.69509506226	-1
7.69509506226	-1
7.69509506226	-1
7.70530104637	-1
7.70530104637	-1
7.70530104637	-1
7.70530104637	-1
7.70530104637	-1
7.70530104637	-1
7.70530104637	-1
7.71166300774	-1
7.71166300774	-1
7.71166300774	-1
7.71285510063	1
7.7332470417	-1
7.7332470417	-1
7.7332470417	-1
7.73795509338	-1
7.73795509338	-1
7.73795509338	-1
7.73795509338	-1
7.74430298805	-1
7.7509200573	-1
7.7509200573	-1
7.7509200573	-1
7.75962710381	-1
7.75962710381	-1
7.75962710381	-1
7.75962710381	-1
7.75962710381	-1
7.75962710381	-1
7.76214194298	-1
7.76590800285	-1
7.76764893532	-1
7.76764893532	-1
7.76764893532	-1
7.76764893532	-1
7.76764893532	-1
7.76960492134	-1
7.77906894684	-1
7.77906894684	-1
7.78707790375	1
7.79096603394	-1
7.79096603394	-1
7.79096603394	-1
7.79685306549	-1
7.79685306549	-1
7.79685306549	-1
7.79685306549	-1
7.79685306549	-1
7.80158209801	-1
7.80158209801	-1
7.80158209801	-1
7.80158209801	-1
7.80158209801	-1
7.80158209801	-1
7.80158209801	-1
7.80158209801	-1
7.81266093254	-1
7.81266093254	-1
7.81266093254	-1
7.81266093254	-1
7.81266093254	-1
7.81266093254	-1
7.81706404686	-1
7.81706404686	-1
7.88141703606	-1
7.88141703606	-1
7.88141703606	-1
7.88141703606	-1
7.88141703606	-1
7.88141703606	-1
7.88144302368	1
7.91418194771	-1
7.9961130619	1
7.9961130619	1
8.06995511055	1
8.08000397682	1
8.08000397682	1
8.08000397682	1
8.14374995232	1
8.3147149086	1
8.39505600929	1
8.39505600929	1
8.66388010979	-1
8.66550397873	1
8.74002313614	1
8.74002313614	1
8.81972098351	-1
8.8727619648	-1
8.8727619648	-1
8.8727619648	-1
8.92463612556	-1
8.92463612556	-1
8.92547297478	1
9.08068990707	-1
9.08068990707	-1
9.08071804047	1
9.08391499519	-1
9.08391499519	-1
9.08391499519	-1
9.08401894569	-1
9.08401894569	-1
9.08401894569	-1
9.08401894569	-1
9.08401894569	-1
9.15481090546	-1
9.15481090546	-1
9.15484499931	1
9.15484499931	1
9.22798609734	-1
9.22798609734	-1
9.22798609734	-1
9.22798609734	-1
9.22798609734	-1
9.22798609734	-1
9.22798609734	-1
9.22798609734	-1
9.23024606705	1
9.23336791992	-1
9.23336791992	-1
9.23336791992	-1
9.23707509041	-1
9.23707509041	-1
9.23707509041	-1
9.29693293571	-1
9.29693293571	-1
9.29794812202	-1
9.29794812202	-1
9.29794812202	-1
9.29794812202	-1
9.29794812202	-1
9.29959607124	-1
9.30313801765	-1
9.30313801765	-1
9.30313801765	-1
9.30313801765	-1
9.30313801765	-1
9.30313801765	-1
9.30313801765	-1
9.30435490608	-1
9.30439996719	1
9.32568693161	-1
9.32568693161	-1
9.32568693161	-1
9.32568693161	-1
9.32568693161	-1
9.32568693161	-1
9.33135700226	-1
9.33135700226	-1
9.37907409668	-1
9.37911105156	1
9.45102405548	-1
9.45102405548	-1
9.45102405548	-1
9.47352099419	-1
9.47352099419	-1
9.47352099419	-1
9.47829198837	-1
9.47829198837	-1
9.47829198837	-1
9.47829198837	-1
9.48666810989	-1
9.48937106133	-1
9.48937106133	-1
9.48937106133	-1
9.49369096756	-1
9.49369096756	-1
9.49369096756	-1
9.49645590782	-1
9.49645590782	-1
9.49810791016	-1
9.49810791016	-1
9.49810791016	-1
9.49810791016	-1
9.49810791016	-1
9.49810791016	-1
9.49810791016	-1
9.49812793732	1
9.5458419323	1
9.5458419323	1
9.5458419323	1
9.70461511612	1
9.70461511612	1
9.70461511612	1
9.70461511612	1
9.70461511612	1
9.70461511612	1
9.77573394775	-1
9.84832191467	-1
9.84832191467	-1
9.84832191467	-1
9.84832191467	-1
9.84832191467	-1
9.90905213356	1
9.96113204956	-1
9.96113204956	-1
9.96113204956	-1
9.96113204956	-1
9.96113204956	-1
9.96113204956	-1
9.96113204956	-1
9.96113204956	-1
9.9828081131	-1
9.9828081131	-1
9.9828081131	-1
9.9828081131	-1
9.9828081131	-1
9.98352003098	-1
10.0411970615	-1
10.0411970615	-1
10.1483159065	1
10.1672360897	-1
10.1865479946	-1
10.1865479946	-1
10.1865479946	-1
10.2230849266	-1
10.2230849266	-1
10.2230849266	-1
10.3280761242	-1
10.3299160004	-1
10.3299160004	-1
10.3299160004	-1
10.3299160004	-1
10.3299160004	-1
10.3299160004	-1
10.3299160004	-1
10.3300709724	-1
10.3300709724	-1
10.3302679062	-1
10.3302679062	-1
10.4021000862	-1
10.4309301376	-1
10.4309301376	-1
10.4309301376	-1
10.4309301376	-1
10.4309301376	-1
10.4309301376	-1
10.4309301376	-1
10.4348189831	-1
10.4348189831	-1
10.4348189831	-1
10.4348189831	-1
10.4348189831	-1
10.4348189831	-1
10.4348189831	-1
10.446377039	-1
10.446377039	-1
10.446377039	-1
10.446377039	-1
10.446377039	-1
10.446377039	-1
10.446377039	-1
10.4476909637	1
10.448292017	-1
10.4518449306	-1
10.4518449306	-1
10.4518449306	-1
10.4518449306	-1
10.4518449306	-1
10.4518449306	-1
10.5333321095	-1
10.5333321095	-1
10.5333321095	-1
10.5333321095	-1
10.5333321095	-1
10.5333321095	-1
10.5333321095	-1
10.5333321095	-1
10.5333321095	-1
10.5333650112	1
10.5336821079	-1
10.5336821079	-1
10.5336821079	-1
10.5336821079	-1
10.5336821079	-1
10.5504300594	-1
10.5730381012	-1
10.5730381012	-1
10.5730381012	-1
10.5730381012	-1
10.5730381012	-1
10.5730381012	-1
10.5982489586	-1
10.5982489586	-1
10.5986850262	-1
10.5986850262	-1
10.5986850262	-1
10.5986850262	-1
10.5986850262	-1
10.5986850262	-1
10.5986850262	-1
10.6125619411	-1
10.6125619411	-1
10.6125619411	-1
10.6125619411	-1
10.6125619411	-1
10.6125619411	-1
10.6125619411	-1
10.6125619411	-1
10.6300370693	-1
10.6300370693	-1
10.6300370693	-1
10.6300370693	-1
10.6300370693	-1
10.6300370693	-1
10.6300370693	-1
10.7438111305	-1
10.7473549843	-1
10.7473549843	-1
10.7473549843	-1
10.7473549843	-1
10.7473549843	-1
10.7473549843	-1
10.7505669594	-1
10.7505669594	-1
10.7505669594	-1
10.7505669594	-1
10.7505669594	-1
10.7505669594	-1
10.7505669594	-1
10.7538230419	-1
10.7550361156	1
10.7960720062	-1
10.7960720062	-1
10.7960720062	-1
10.7960720062	-1
10.7960720062	-1
10.7960720062	-1
10.7960720062	-1
10.7960720062	-1
10.796391964	-1
10.796391964	-1
10.796391964	-1
10.796391964	-1
10.796391964	-1
10.796391964	-1
10.807090044	-1
10.807090044	-1
10.8072009087	-1
10.8072009087	-1
10.8072009087	-1
10.8072009087	-1
10.8072009087	-1
10.8072009087	-1
10.8072009087	-1
10.8213839531	-1
10.8314869404	-1
10.8314869404	-1
10.8314869404	-1
10.8314869404	-1
10.8314869404	-1
10.8314869404	-1
10.9319000244	-1
10.9319000244	-1
10.9319000244	-1
10.9319000244	-1
10.9319000244	-1
10.9319000244	-1
10.9319000244	-1
10.9319000244	-1
10.9319000244	-1
10.9322581291	-1
10.9322581291	-1
10.9326879978	1
10.9742181301	-1
10.9742181301	-1
10.9742181301	-1
10.9743211269	-1
10.9743211269	-1
10.9743211269	-1
10.9743211269	-1
10.9743211269	-1
10.9981160164	-1
10.9981160164	-1
10.9981160164	-1
10.9988510609	-1
10.9988510609	-1
10.9988510609	-1
10.9988510609	-1
10.9988510609	-1
10.9988510609	-1
11.0001409054	-1
11.0001409054	-1
11.0001409054	-1
11.0001409054	-1
11.0068790913	-1
11.0068790913	-1
11.031003952	-1
11.031003952	-1
11.031003952	-1
11.031003952	-1
11.031003952	-1
11.031003952	-1
11.031003952	-1
11.0310349464	1
11.1337099075	-1
11.1337099075	-1
11.1337099075	-1
11.1337099075	-1
11.1337099075	-1
11.1337099075	-1
11.1337099075	-1
11.1337099075	-1
11.1337099075	-1
11.1393010616	-1
11.1393010616	-1
11.1445260048	-1
11.1445260048	-1
11.1445260048	-1
11.1463239193	-1
11.1463239193	-1
11.1463239193	-1
11.1463239193	-1
11.1482291222	-1
11.3788349628	-1
11.6206660271	-1
11.7444801331	-1
13.8154470921	-1
14.0179190636	-1
14.3816640377	-1
14.8732769489	-1
18.9094700813	-1
19.0979990959	-1
19.3713440895	-1
19.9119141102	1
20.0256960392	1
20.0256960392	1
20.7072970867	1
20.7094099522	1
20.7094099522	1
20.7094099522	1
20.7094099522	1
20.7094099522	1
20.7094099522	1
20.7105350494	1
20.7105350494	1
20.7105350494	1
20.7105350494	1
20.710652113	1
20.7122900486	1
20.7122900486	1
20.7122900486	1
20.7129650116	1
20.7129650116	1
20.7129650116	1
20.7231400013	1
20.7231400013	1
20.830286026	1
20.830286026	1
20.830286026	1
20.8549001217	1
20.8852219582	-1
20.9560699463	1
21.0736680031	1
21.0761749744	1
21.0761749744	1
21.0761749744	1
21.107008934	-1
21.30539608	-1
21.4673509598	-1
21.4914541245	-1
21.4914541245	-1
21.4914541245	-1
21.5024979115	-1
21.5024979115	-1
21.5024979115	-1
21.5024979115	-1
21.5024979115	-1
21.5024979115	-1
21.5938589573	-1
21.5938589573	-1
21.5938589573	-1
21.5938589573	-1
21.5938589573	-1
21.6077549458	1
21.6178491116	-1
21.6528069973	-1
21.6528069973	-1
21.6528069973	-1
21.6528069973	-1
21.6528069973	-1
21.6528069973	-1
21.6745319366	-1
21.6745319366	-1
21.6815710068	1
21.693021059	-1
21.693021059	-1
21.6949179173	1
21.6949179173	1
21.6949179173	1
21.7103419304	-1
21.7103419304	-1
21.7103419304	-1
21.7690889835	-1
21.7691030502	1
21.8047089577	-1
21.8047089577	-1
21.8047089577	-1
21.8047089577	-1
21.8047089577	-1
21.8047089577	-1
21.8047089577	-1
21.8049030304	-1
21.8049030304	-1
21.8049030304	-1
21.8049030304	-1
21.8049030304	-1
21.8049030304	-1
21.8049030304	-1
21.8432109356	-1
21.8432230949	1
21.9078960419	-1
21.9078960419	-1
21.9078960419	-1
21.9078960419	-1
21.9078960419	-1
21.9078960419	-1
21.9078960419	-1
21.9078960419	-1
21.9080440998	-1
21.9093511105	1
21.9093511105	1
21.9093511105	1
21.9912509918	1
22.0729420185	-1
22.0742840767	1
22.1484479904	-1
22.1484479904	-1
22.1493480206	1
22.3151299953	-1
22.3163769245	1
22.3920891285	-1
22.4017751217	-1
22.4017751217	-1
22.4017751217	-1
22.4017751217	-1
22.4121029377	-1
22.4121029377	-1
22.4140820503	1
22.4173920155	-1
22.4173920155	-1
22.4173920155	-1
22.4173920155	-1
22.4173920155	-1
22.4173920155	-1
22.4381399155	-1
22.4381399155	-1
22.4498729706	-1
22.4498729706	-1
22.4498729706	-1
22.4560770988	1
22.4560770988	1
22.4560770988	1
22.4599070549	-1
22.4599070549	-1
22.5193800926	-1
22.5193800926	-1
22.5193800926	-1
22.5193800926	-1
22.5193800926	-1
22.5193800926	-1
22.5193800926	-1
22.5193800926	-1
22.5194160938	1
22.5336430073	-1
22.5341451168	-1
22.5341451168	-1
22.5341451168	-1
22.5341451168	-1
22.5341451168	-1
22.5500540733	-1
22.6154630184	-1
22.6154630184	-1
22.6154630184	-1
22.6606791019	-1
22.6606791019	-1
22.6764130592	1
22.6767671108	1
22.6767671108	1
22.6767671108	1
22.7358150482	-1
22.7518129349	1
22.825797081	-1
22.8459699154	-1
22.8459699154	-1
22.8459699154	-1
22.8463230133	-1
22.8463230133	-1
22.8463230133	-1
22.8463230133	-1
22.8463230133	-1
22.8463230133	-1
23.0446550846	-1
23.0446550846	-1
23.0708470345	-1
23.0708470345	-1
23.0708470345	-1
23.0708470345	-1
23.1192770004	-1
23.1919980049	-1
23.1919980049	-1
23.1919980049	-1
23.1936879158	-1
23.1940600872	1
23.2101209164	-1
23.2101209164	-1
23.2101209164	-1
23.2108020782	-1
23.2108020782	-1
23.2108020782	-1
23.2108020782	-1
23.2108020782	-1
23.2108020782	-1
23.2108020782	-1
23.2111680508	-1
23.2123320103	-1
23.2123320103	-1
23.2123320103	-1
23.2123320103	-1
23.2124590874	-1
23.212553978	-1
23.212553978	-1
23.212553978	-1
23.212553978	-1
23.2335391045	1
23.2335391045	1
23.2335391045	1
23.2340590954	1
23.2340590954	1
23.3145229816	-1
23.3145229816	-1
23.3145229816	-1
23.314633131	-1
23.314633131	-1
23.314633131	-1
23.3222010136	-1
23.3222010136	-1
23.3805859089	-1
23.4035620689	-1
23.4035620689	-1
23.4035620689	-1
23.4035620689	-1
23.4187400341	-1
23.4187400341	-1
23.4205319881	-1
23.4205319881	-1
23.4205319881	-1
23.4205319881	-1
23.4205319881	-1
23.4211571217	1
23.4739060402	-1
23.4739060402	-1
23.4739060402	-1
23.4739060402	-1
23.4739060402	-1
23.4739060402	-1
23.4739060402	-1
23.4739060402	-1
23.5140681267	-1
23.5208261013	-1
23.5208261013	-1
23.5208261013	-1
23.5389270782	-1
23.5389270782	-1
23.5724880695	-1
23.5724880695	-1
23.5724880695	-1
23.5781860352	1
23.6021709442	-1
23.6021709442	-1
23.6021709442	-1
23.6108360291	-1
23.6108360291	-1
23.6466319561	-1
23.6466319561	-1
23.6693139076	1
23.6693139076	1
23.6693139076	1
23.6847169399	1
23.7409210205	-1
23.7409210205	-1
23.7409210205	-1
23.7409210205	-1
23.7985289097	1
23.7985289097	1
23.8180351257	-1
23.8180351257	-1
23.8961701393	1
23.9370160103	-1
23.9841721058	1
24.1315281391	-1
24.1531040668	-1
24.1531040668	-1
24.1531040668	-1
24.1531040668	-1
24.1531040668	-1
24.1531040668	-1
24.1531040668	-1
24.1640861034	-1
24.1640861034	-1
24.1640861034	-1
24.1640861034	-1
24.1640861034	-1
24.1640861034	-1
24.1640861034	-1
24.1640861034	-1
24.2278909683	-1
24.2593069077	-1
24.2593069077	-1
24.2593069077	-1
24.2593069077	-1
24.2593069077	-1
24.2593069077	-1
24.2593069077	-1
24.2593069077	-1
24.2636880875	-1
24.2636880875	-1
24.2636880875	-1
24.2636880875	-1
24.2636880875	-1
24.2636880875	-1
24.2636880875	-1
24.3004899025	-1
24.3004899025	-1
24.300632	-1
24.300632	-1
24.300632	-1
24.300632	-1
24.300632	-1
24.300632	-1
24.3123240471	-1
24.3123240471	-1
24.3123240471	-1
24.3123240471	-1
24.3123240471	-1
24.3123240471	-1
24.3123240471	-1
24.3123240471	-1
24.3261890411	-1
24.3274149895	1
24.3282139301	-1
24.3282139301	-1
24.3282139301	-1
24.3282139301	-1
24.3282139301	-1
24.3282139301	-1
24.3282139301	-1
24.3335659504	-1
24.3335659504	-1
24.3335659504	-1
24.3335659504	-1
24.3335659504	-1
24.3335659504	-1
24.3335659504	-1
24.3714060783	-1
24.3714060783	-1
24.3748970032	-1
24.3748970032	-1
24.3748970032	-1
24.3748970032	-1
24.3748970032	-1
24.3748970032	-1
24.3748970032	-1
24.4775960445	-1
24.4775960445	-1
24.4775960445	-1
24.4775960445	-1
24.4775960445	-1
24.4775960445	-1
24.4775960445	-1
24.4775960445	-1
24.4776101112	1
24.5326011181	-1
24.5326011181	-1
24.5326011181	-1
24.5326011181	-1
24.5326011181	-1
24.5326011181	-1
24.5326011181	-1
24.5326011181	-1
24.538394928	-1
24.538394928	-1
24.538394928	-1
24.7779080868	-1
24.983946085	-1
25.0968599319	-1
25.2484669685	-1
25.2497661114	1
25.2757210732	-1
25.2757210732	-1
25.2757210732	-1
25.2757210732	-1
25.2757210732	-1
25.2757210732	-1
25.2757210732	-1
25.2757210732	-1
25.2761111259	-1
25.2761111259	-1
25.2761111259	-1
25.2761111259	-1
25.2761111259	-1
25.2761111259	-1
25.2761111259	-1
25.3238351345	-1
25.3251209259	1
25.3992469311	-1
25.4008440971	-1
25.4008440971	-1
25.4008440971	-1
25.4008440971	-1
25.4008440971	-1
25.4008440971	-1
25.4008440971	-1
25.4425389767	-1
25.4425389767	-1
25.4425389767	-1
25.4425389767	-1
25.4425389767	-1
25.4425389767	-1
25.4425389767	-1
25.4425389767	-1
25.4481921196	-1
25.4481921196	-1
25.4481921196	-1
25.4481921196	-1
25.4481921196	-1
25.4481921196	-1
25.4481921196	-1
25.4747710228	-1
25.4863669872	-1
25.4863669872	-1
25.4863669872	-1
25.4863669872	-1
25.4863669872	-1
25.4863669872	-1
25.4863669872	-1
25.4863669872	-1
25.5686969757	-1
25.5686969757	-1
25.5686969757	-1
25.5686969757	-1
25.5686969757	-1
25.5686969757	-1
25.5686969757	-1
25.5686969757	-1
25.5692639351	-1
25.5692639351	-1
25.5692639351	-1
25.5692639351	-1
25.5692639351	-1
25.5692639351	-1
25.5692639351	-1
25.5701899529	-1
25.5701899529	-1
25.5705659389	1
25.5933930874	-1
25.5933930874	-1
25.5933930874	-1
25.5933930874	-1
25.5933930874	-1
25.5933930874	-1
25.6252770424	-1
25.684472084	1
25.7202339172	1
25.7202339172	1
25.7202339172	1
25.7245469093	1
25.7245469093	1
25.7942481041	1
25.8173789978	-1
25.8914561272	-1
25.8914561272	-1
25.891493082	1
25.8993170261	1
25.8993170261	1
25.8993170261	1
26.0976099968	-1
26.1108999252	1
26.3286299706	-1
26.4408760071	-1
26.5531561375	-1
26.719301939	1
26.7195370197	1
26.7195370197	1
26.7195370197	1
26.7195370197	1
26.7195370197	1
26.7195370197	1
26.720482111	1
26.720482111	1
26.720482111	1
26.720482111	1
27.0309250355	-1
27.1746051311	-1
27.1753599644	-1
27.1753599644	-1
27.1753599644	-1
27.1753599644	-1
27.1753599644	-1
27.1753599644	-1
27.1753599644	-1
27.2374949455	-1
27.2375450134	-1
27.2375450134	-1
27.2375450134	-1
27.2375450134	-1
27.2375450134	-1
27.2375450134	-1
27.2487950325	-1
27.3893220425	-1
27.3903930187	-1
27.3903930187	-1
27.3903930187	-1
27.3903930187	-1
27.3903930187	-1
27.3903930187	-1
27.3903930187	-1
27.3933839798	-1
27.3933839798	-1
27.3933839798	-1
27.3933839798	-1
27.3933839798	-1
27.3933839798	-1
27.3933839798	-1
27.3966729641	-1
27.3966729641	-1
27.3966729641	-1
27.3966729641	-1
27.3966729641	-1
27.3966729641	-1
27.3966729641	-1
27.3979010582	-1
27.4480960369	-1
27.4480960369	-1
27.4480960369	-1
27.4480960369	-1
27.4480960369	-1
27.4480960369	-1
27.4480960369	-1
27.4480960369	-1
27.4633569717	-1
27.4633569717	-1
27.4633569717	-1
27.4633569717	-1
27.4633569717	-1
27.4633569717	-1
27.4633569717	-1
27.4654431343	1
27.4836061001	-1
27.4836061001	-1
27.4836061001	-1
27.4836061001	-1
27.4836061001	-1
27.4836061001	-1
27.4836061001	-1
27.4836061001	-1
27.4836061001	-1
27.5382831097	-1
27.5860900879	-1
27.5860900879	-1
27.5860900879	-1
27.5860900879	-1
27.5860900879	-1
27.5860900879	-1
27.5860900879	-1
27.5901949406	-1
27.5903010368	-1
27.5903010368	-1
27.5903010368	-1
27.5903010368	-1
27.5903010368	-1
27.5903010368	-1
27.5903010368	-1
27.5905461311	-1
27.5905461311	-1
27.5905461311	-1
27.5905461311	-1
27.5905461311	-1
27.5905461311	-1
27.5905461311	-1
27.6137070656	-1
27.6420059204	-1
27.6420059204	-1
27.6420059204	-1
27.6420059204	-1
27.6420059204	-1
27.6420059204	-1
27.6420059204	-1
27.6420059204	-1
27.642439127	-1
27.6435139179	1
27.6524031162	-1
27.6524031162	-1
27.6524031162	-1
27.6524031162	-1
27.6524031162	-1
27.6524031162	-1
27.6524031162	-1
27.6884980202	-1
27.6900911331	-1
27.6900911331	-1
27.6900911331	-1
27.6900911331	-1
27.6900911331	-1
27.6900911331	-1
27.6900911331	-1
27.6940219402	-1
27.6940219402	-1
27.6940219402	-1
27.6940219402	-1
27.6940219402	-1
27.6940219402	-1
27.6940219402	-1
27.7179780006	1
27.7179780006	1
27.7179780006	1
27.7179780006	1
27.7179780006	1
27.762460947	-1
27.8029811382	-1
27.8029811382	-1
27.8029811382	-1
27.8029811382	-1
27.8029811382	-1
27.9158329964	1
27.9941780567	-1
28.1873340607	-1
28.3800990582	-1
28.5328910351	-1
28.6934010983	-1
28.8526630402	-1
28.8540101051	1
28.9953241348	-1
28.9963259697	-1
28.9963259697	-1
28.9963259697	-1
28.9963259697	-1
28.9963259697	-1
28.9963259697	-1
28.9963259697	-1
28.9969499111	-1
28.996997118	-1
28.996997118	-1
28.996997118	-1
28.996997118	-1
28.996997118	-1
28.996997118	-1
28.996997118	-1
29.0428750515	-1
29.0428750515	-1
29.0431799889	-1
29.0431799889	-1
29.0431799889	-1
29.0431799889	-1
29.0431799889	-1
29.0431799889	-1
29.1214079857	-1
29.1214079857	-1
29.1214079857	-1
29.1214079857	-1
29.1214079857	-1
29.1214079857	-1
29.1214079857	-1
29.1214079857	-1
29.1214079857	-1
29.1221940517	-1
29.1221940517	-1
29.1221940517	-1
29.1221940517	-1
29.1221940517	-1
29.1221940517	-1
29.1221940517	-1
29.1988461018	-1
29.1988461018	-1
29.1988461018	-1
29.1988461018	-1
29.1988461018	-1
29.1988461018	-1
29.1988461018	-1
29.1988461018	-1
29.2461190224	-1
29.2461190224	-1
29.2461190224	-1
29.2461190224	-1
29.2461190224	-1
29.2461190224	-1
29.2461190224	-1
29.2461190224	-1
29.2461190224	-1
29.3200690746	-1
29.3215451241	1
29.3563520908	1
29.3563520908	1
29.3563520908	1
29.6064829826	1
29.6826090813	1
30.4531180859	-1
30.5155310631	-1
30.5155310631	-1
30.5155310631	-1
30.5538039207	1
30.5813889503	-1
30.5813889503	-1
30.5813889503	-1
30.5813889503	-1
30.5815289021	-1
30.5815289021	-1
30.5815289021	-1
30.5815289021	-1
30.5815289021	-1
30.5828220844	1
30.5828220844	1
30.5828220844	1
30.627644062	1
30.7025520802	1
30.7698171139	-1
30.7712759972	1
30.7712759972	1
30.7712759972	1
30.8030540943	1
30.8030540943	1
30.8677809238	-1
30.9833049774	-1
30.9956450462	1
31.1433200836	1
31.2743239403	-1
31.2758591175	1
31.503991127	-1
31.5057740211	1
31.5801539421	-1
31.7163720131	1
31.7255299091	-1
31.7985069752	-1
31.7985069752	-1
31.7985069752	-1
31.7985069752	-1
31.7985069752	-1
31.7985069752	-1
31.7985069752	-1
31.8530240059	1
31.9319140911	-1
32.103055954	1
32.1246180534	-1
32.1249070168	-1
32.1249070168	-1
32.1249070168	-1
32.1249070168	-1
32.1249070168	-1
32.1392800808	-1
32.3326199055	-1
32.3334009647	-1
32.3334009647	-1
32.3334009647	-1
32.3334009647	-1
32.3334009647	-1
32.3334009647	-1
32.3334009647	-1
32.4070000648	-1
32.5073440075	-1
32.5323491096	-1
32.5323491096	-1
32.5323491096	-1
32.5323491096	-1
32.5323491096	-1
32.5323491096	-1
32.5323491096	-1
32.5323491096	-1
32.5325129032	-1
32.573693037	-1
32.573693037	-1
32.7288379669	-1
32.8030090332	-1
32.9271070957	-1
32.9271070957	-1
32.9271070957	-1
32.9271070957	-1
32.9271070957	-1
32.9271070957	-1
33.011507988	-1
33.0319471359	-1
33.0319471359	-1
33.0319471359	-1
33.0319471359	-1
33.0319471359	-1
33.1255431175	-1
33.1255431175	-1
33.1255431175	-1
33.1255431175	-1
33.1255431175	-1
33.1255431175	-1
33.3494029045	-1
33.385406971	-1
33.385406971	-1
33.385406971	-1
33.385406971	-1
33.385406971	-1
33.385406971	-1
33.385406971	-1
33.4023830891	-1
33.4024870396	-1
33.4024870396	-1
33.4024870396	-1
33.4024870396	-1
33.4024870396	-1
33.4024870396	-1
33.5513241291	-1
33.5596051216	-1
33.5596051216	-1
33.5596051216	-1
33.5596051216	-1
33.5596051216	-1
33.5596051216	-1
33.5596051216	-1
33.6145200729	-1
33.6157391071	1
33.6251881123	-1
33.7434740067	-1
33.7436730862	-1
33.7436730862	-1
33.7436730862	-1
33.7436730862	-1
33.7436730862	-1
33.7529349327	-1
33.7572181225	-1
33.7572181225	-1
33.8179130554	-1
33.8179130554	-1
33.9504539967	-1
33.950633049	-1
33.950633049	-1
33.950633049	-1
34.192045927	-1
41.8491270542	1
41.9230201244	1
41.9230201244	1
42.1538910866	-1
42.3628740311	-1
42.5939729214	-1
42.5946519375	1
42.8438529968	-1
43.0451231003	-1
43.2546789646	-1
43.7248079777	1
43.7261481285	1
43.7261481285	1
43.7261481285	1
43.7261481285	1
43.7289469242	1
43.7289469242	1
43.72961092	1
43.72961092	1
43.7307910919	1
43.7307910919	1
43.7307910919	1
43.7313630581	1
43.7313630581	1
43.7313630581	1
43.731828928	1
43.731828928	1
43.732968092	1
43.732968092	1
43.732968092	1
43.7987849712	1
43.9821639061	1
43.9835419655	-1
44.0559461117	1
44.2767689228	-1
44.5257880688	-1
44.5997779369	-1
44.6666009426	-1
44.6666009426	-1
44.6666009426	-1
44.6666009426	-1
44.6666009426	-1
44.7377769947	1
44.7383711338	1
44.7383711338	1
44.7383711338	1
44.8118519783	1
44.8806200027	-1
44.8859200478	1
44.9551649094	-1
45.0744309425	-1
45.1485829353	-1
45.31417799	-1
45.5202519894	-1
45.7314200401	1
45.7315869331	1
45.7315869331	1
45.7315869331	1
45.7516589165	-1
45.8052089214	1
45.8052089214	1
46.0131649971	1
46.2747719288	-1
46.6465349197	-1
46.766381979	-1
46.8402891159	-1
46.8674230576	-1
46.8674230576	-1
46.8674230576	-1
46.8684439659	1
46.9423549175	1
47.1256670952	1
47.1872339249	-1
47.6245949268	-1
47.6257750988	1
47.7317590714	1
47.831756115	-1
48.189191103	-1
48.3848850727	-1
48.3872470856	1
48.4587190151	-1
48.5011920929	1
48.5011920929	1
48.7326550484	1
48.7328400612	1
48.7328400612	1
48.7328400612	1
49.2332539558	-1
49.4373481274	-1
49.4388201237	1
49.4435889721	1
49.4435889721	1
49.4435889721	1
49.4514279366	1
49.4514279366	1
49.4570949078	1
49.4570949078	1
49.4570949078	1
49.6307039261	-1
49.7327101231	1
49.8064379692	1
49.9774479866	-1
50.1840801239	-1
50.2580621243	-1
50.2580621243	-1
50.3817150593	-1
50.3848290443	-1
50.3848290443	-1
50.3848290443	-1
50.3848290443	-1
50.3848290443	-1
50.3848290443	-1
50.3848290443	-1
50.4560449123	-1
50.5897879601	-1
50.66395998	-1
50.7395009995	1
50.8043060303	-1
50.8134629726	1
50.8785281181	-1
50.995978117	-1
50.9961740971	-1
50.9961740971	-1
50.9961740971	-1
50.9961740971	-1
50.9961740971	-1
51.0403571129	-1
51.0478470325	1
51.1219689846	1
51.2237949371	-1
51.2978899479	-1
51.2978899479	-1
51.3112959862	1
51.4250841141	1
51.4350140095	-1
51.5487320423	-1
51.6607100964	-1
51.8416600227	-1
51.9927520752	-1
51.9927520752	-1
52.078993082	-1
52.078993082	-1
52.078993082	-1
52.078993082	-1
52.078993082	-1
52.078993082	-1
52.173705101	1
52.2776670456	-1
52.4222769737	1
52.492839098	-1
52.5038230419	1
52.5038230419	1
52.5038230419	1
52.710504055	-1
52.7121219635	1
52.7858181	1
53.2170479298	-1
53.2185120583	1
53.3743209839	-1
53.3760371208	1
53.450633049	-1
53.450633049	-1
53.4506669044	1
53.5258460045	-1
53.5258800983	1
53.5806651115	-1
53.5806651115	-1
53.5806651115	-1
53.5806651115	-1
53.5806651115	-1
53.5806651115	-1
53.6075351238	1
53.6830570698	-1
53.6830909252	1
53.6830909252	1
53.8092410564	1
53.8092410564	1
54.1592929363	-1
54.3611769676	-1
54.4998071194	-1
54.502589941	-1
54.502589941	-1
54.502589941	-1
54.502589941	-1
54.502589941	-1
54.502589941	-1
54.5443270206	-1
54.5443270206	-1
54.545042038	-1
54.545042038	-1
54.545042038	-1
54.5520820618	1
54.5725679398	-1
54.5725679398	-1
54.5725679398	-1
54.625838995	1
54.7505121231	1
54.7573709488	-1
54.775867939	-1
54.775867939	-1
54.775867939	-1
54.775867939	-1
54.775867939	-1
54.775867939	-1
54.775867939	-1
54.7880311012	-1
54.8627700806	1
54.8697769642	1
54.8697769642	1
54.8697769642	1
54.8702850342	1
54.8702850342	1
54.8708260059	1
54.8708260059	1
54.8708260059	1
54.8710861206	1
54.8710861206	1
54.8714399338	1
54.8714399338	1
54.8714399338	1
54.980891943	-1
55.0925250053	-1
55.3106729984	-1
55.60612607	-1
55.6804831028	-1
55.771613121	-1
