0.0	1
0.348759889603	1
0.490520954132	-1
0.491390943527	1
0.816767930984	-1
0.817806005478	1
0.8209400177	1
0.8209400177	1
0.8209400177	1
1.00920009613	1
1.00920009613	1
1.00920009613	1
1.42021608353	-1
1.42182993889	1
1.55254888535	-1
1.55375099182	1
1.66241693497	-1
1.66241693497	-1
1.66241693497	-1
1.6844420433	1
1.81507205963	-1
1.81508588791	1
1.94591999054	-1
1.94595503807	1
1.97154307365	-1
1.97154307365	-1
1.97154307365	-1
1.97154307365	-1
1.97154307365	-1
1.97154307365	-1
1.97154307365	-1
1.97154307365	-1
2.06574296951	-1
2.06574296951	-1
2.06574296951	-1
2.07692193985	-1
2.07696294785	1
2.0918970108	-1
2.0918970108	-1
2.0918970108	-1
2.0918970108	-1
2.11116695404	-1
2.11116695404	-1
2.11316990852	-1
2.11316990852	-1
2.11316990852	-1
2.11316990852	-1
2.11316990852	-1
2.11316990852	-1
2.12019991875	1
2.12019991875	1
2.12019991875	1
2.196434021	-1
2.196434021	-1
2.20783901215	-1
2.20789289474	1
2.22095108032	1
2.22095108032	1
2.22095108032	1
2.23054790497	1
2.23054790497	1
2.24303603172	-1
2.24303603172	-1
2.24303603172	-1
2.25546503067	1
2.25546503067	1
2.25546503067	1
2.29985404015	-1
2.29985404015	-1
2.31122088432	1
2.31122088432	1
2.31192302704	-1
2.31192302704	-1
2.31192302704	-1
2.31192302704	-1
2.31192302704	-1
2.31192302704	-1
2.31192302704	-1
2.33867096901	-1
2.34437394142	-1
2.34437394142	-1
2.34437394142	-1
2.35989999771	1
2.35989999771	1
2.35989999771	1
2.36411809921	-1
2.36411809921	-1
2.36411809921	-1
2.37021398544	1
2.37021398544	1
2.38719511032	-1
2.38719511032	-1
2.40582299232	1
2.40582299232	1
2.40582299232	1
2.40720009804	1
2.40720009804	1
2.41546392441	-1
2.41546392441	-1
2.41546392441	-1
2.41546392441	-1
2.42806887627	-1
2.42806887627	-1
2.42806887627	-1
2.42806887627	-1
2.4331278801	1
2.4331278801	1
2.4331278801	1
2.45481610298	-1
2.45481610298	-1
2.45481610298	-1
2.4561009407	1
2.4561009407	1
2.46318507195	1
2.46318507195	1
2.46318507195	1
2.49519896507	-1
2.49519896507	-1
2.49519896507	-1
2.49519896507	-1
2.49519896507	-1
2.49519896507	-1
2.49519896507	-1
2.49519896507	-1
2.52634906769	-1
2.53905510902	-1
2.53905510902	-1
2.53905510902	-1
2.53905510902	-1
2.53905510902	-1
2.53905510902	-1
2.53905510902	-1
2.55906009674	-1
2.59644699097	-1
2.59644699097	-1
2.59977889061	1
2.59977889061	1
2.60995292664	-1
2.60995292664	-1
2.60995292664	-1
2.60995292664	-1
2.60995292664	-1
2.60995292664	-1
2.60995292664	-1
2.65684008598	1
2.65684008598	1
2.65684008598	1
2.67608690262	-1
2.67608690262	-1
2.67805194855	1
2.67805194855	1
2.68402194977	1
2.68402194977	1
2.68402194977	1
2.69856500626	-1
2.69856500626	-1
2.71416211128	1
2.71416211128	1
2.72011590004	-1
2.72011590004	-1
2.72011590004	-1
2.72169709206	1
2.72169709206	1
2.72169709206	1
2.76740098	-1
2.76740098	-1
2.76740098	-1
2.76940894127	1
2.76940894127	1
2.76940894127	1
2.77767896652	-1
2.77767896652	-1
2.7922000885	-1
2.7922000885	-1
2.7922000885	-1
2.79376006126	1
2.79376006126	1
2.81025099754	-1
2.81025099754	-1
2.81165909767	1
2.81165909767	1
2.81165909767	1
2.82895898819	-1
2.82895898819	-1
2.82895898819	-1
2.8613550663	-1
2.8613550663	-1
2.88466501236	-1
2.88466501236	-1
2.88466501236	-1
2.90133309364	-1
2.90133309364	-1
2.98449492455	-1
2.98449492455	-1
2.98449492455	-1
2.98616600037	1
2.98616600037	1
2.98616600037	1
2.98654103279	1
2.98654103279	1
2.99211406708	-1
3.00388789177	-1
3.00388789177	-1
3.00388789177	-1
3.00526690483	1
3.00526690483	1
3.00526690483	1
3.05244398117	-1
3.05244398117	-1
3.08148288727	-1
3.08148288727	-1
3.08148288727	-1
3.11740398407	-1
3.11740398407	-1
3.12272500992	-1
3.15392303467	-1
3.15392303467	-1
3.15392303467	-1
3.15998411179	-1
3.15998411179	-1
3.15998411179	-1
3.15998411179	-1
3.15998411179	-1
3.15998411179	-1
3.15998411179	-1
3.16497993469	-1
3.17585992813	-1
3.17585992813	-1
3.17585992813	-1
3.17585992813	-1
3.17585992813	-1
3.17585992813	-1
3.17585992813	-1
3.18665099144	-1
3.21217894554	-1
3.21217894554	-1
3.21217894554	-1
3.21217894554	-1
3.21217894554	-1
3.21217894554	-1
3.21217894554	-1
3.2288351059	-1
3.2288351059	-1
3.2288351059	-1
3.2288351059	-1
3.2288351059	-1
3.2288351059	-1
3.2289750576	-1
3.25348091125	-1
3.25352311134	1
3.25352311134	1
3.29069209099	-1
3.29069209099	-1
3.29069209099	-1
3.29069209099	-1
3.29069209099	-1
3.29069209099	-1
3.29069209099	-1
3.29069209099	-1
3.30273509026	-1
3.30273509026	-1
3.30273509026	-1
3.30273509026	-1
3.30273509026	-1
3.30273509026	-1
3.30273509026	-1
3.30273509026	-1
3.31739497185	-1
3.33216190338	-1
3.33216190338	-1
3.34746599197	-1
3.34746599197	-1
3.34746599197	-1
3.34746599197	-1
3.34746599197	-1
3.35405898094	-1
3.35405898094	-1
3.36221003532	-1
3.38419508934	-1
3.38423490524	1
3.38423490524	1
3.43210601807	-1
3.43210601807	-1
3.43210601807	-1
3.43210601807	-1
3.47076106071	-1
3.47076106071	-1
3.47076106071	-1
3.47076106071	-1
3.47076106071	-1
3.47076106071	-1
3.47076106071	-1
3.47076106071	-1
3.48398804665	-1
3.48398804665	-1
3.48398804665	-1
3.48398804665	-1
3.48398804665	-1
3.48398804665	-1
3.48398804665	-1
3.51501393318	-1
3.5150539875	1
3.55489492416	-1
3.55489492416	-1
3.55489492416	-1
3.55489492416	-1
3.55489492416	-1
3.55489492416	-1
3.55489492416	-1
3.64576888084	-1
3.70028710365	-1
3.70028710365	-1
3.70028710365	-1
3.70028710365	-1
3.70028710365	-1
3.70028710365	-1
3.70028710365	-1
3.70028710365	-1
3.72590494156	-1
3.74294304848	-1
3.74294304848	-1
3.74294304848	-1
3.74294304848	-1
3.74294304848	-1
3.74294304848	-1
3.76053404808	-1
3.76053404808	-1
3.76053404808	-1
3.76053404808	-1
3.76053404808	-1
3.76053404808	-1
3.78121805191	-1
3.78121805191	-1
3.78121805191	-1
3.78121805191	-1
3.78121805191	-1
3.78121805191	-1
3.78121805191	-1
3.78219890594	1
3.79542994499	-1
3.79542994499	-1
3.79542994499	-1
3.79542994499	-1
3.79542994499	-1
3.79542994499	-1
3.79542994499	-1
3.79542994499	-1
3.82960891724	-1
3.82960891724	-1
3.82960891724	-1
3.82960891724	-1
3.82960891724	-1
3.82960891724	-1
3.82960891724	-1
3.82960891724	-1
3.84824490547	-1
3.84824490547	-1
3.84824490547	-1
3.84824490547	-1
3.84824490547	-1
3.84824490547	-1
3.84824490547	-1
3.84824490547	-1
3.84841990471	-1
3.87394499779	-1
3.87394499779	-1
3.87394499779	-1
3.87394499779	-1
3.87394499779	-1
3.87394499779	-1
3.87394499779	-1
3.8741710186	-1
3.8741710186	-1
3.8741710186	-1
3.8741710186	-1
3.8741710186	-1
3.8741710186	-1
3.8741710186	-1
3.87444591522	-1
3.87444591522	-1
3.87444591522	-1
3.87444591522	-1
3.87444591522	-1
3.87444591522	-1
3.87444591522	-1
3.87444591522	-1
3.88369297981	-1
3.88369297981	-1
3.88369297981	-1
3.88369297981	-1
3.88369297981	-1
3.88369297981	-1
3.88369297981	-1
3.88369297981	-1
3.9121799469	-1
3.9121799469	-1
3.91220998764	-1
3.91220998764	-1
3.91220998764	-1
3.91220998764	-1
3.91220998764	-1
3.91220998764	-1
3.91220998764	-1
3.95131587982	1
3.98610711098	-1
3.98610711098	-1
3.98610711098	-1
3.98610711098	-1
3.98610711098	-1
3.98610711098	-1
3.98610711098	-1
3.98610711098	-1
3.99331307411	-1
3.99331307411	-1
3.99331307411	-1
3.99331307411	-1
3.99331307411	-1
3.99331307411	-1
3.99331307411	-1
3.99331307411	-1
4.00458502769	-1
4.00458502769	-1
4.00458502769	-1
4.00458502769	-1
4.00458502769	-1
4.00458502769	-1
4.00458502769	-1
4.01483798027	-1
4.01483798027	-1
4.02018094063	-1
4.02018094063	-1
4.02018094063	-1
4.02018094063	-1
4.02018094063	-1
4.02018094063	-1
4.02018094063	-1
4.0406999588	-1
4.0448179245	-1
4.0448179245	-1
4.0448179245	-1
4.0448179245	-1
4.0448179245	-1
4.0448179245	-1
4.0448179245	-1
4.04899501801	-1
4.04899501801	-1
4.04899501801	-1
4.04899501801	-1
4.04899501801	-1
4.04899501801	-1
4.04899501801	-1
4.04899501801	-1
4.05267906189	-1
4.05267906189	-1
4.05267906189	-1
4.05267906189	-1
4.05267906189	-1
4.05267906189	-1
4.05267906189	-1
4.09833693504	-1
4.09833693504	-1
4.09833693504	-1
4.09833693504	-1
4.09833693504	-1
4.09833693504	-1
4.09833693504	-1
4.09833693504	-1
4.09833693504	-1
4.09837794304	1
4.0986790657	-1
4.0986790657	-1
4.0986790657	-1
4.0986790657	-1
4.0986790657	-1
4.0986790657	-1
4.0986790657	-1
4.09892487526	-1
4.09904694557	-1
4.09904694557	-1
4.09904694557	-1
4.09904694557	-1
4.09904694557	-1
4.09904694557	-1
4.09904694557	-1
4.09920096397	-1
4.11577606201	-1
4.11577606201	-1
4.11577606201	-1
4.11577606201	-1
4.11577606201	-1
4.11577606201	-1
4.11577606201	-1
4.13192200661	-1
4.13210010529	-1
4.13210010529	-1
4.13210010529	-1
4.13210010529	-1
4.13210010529	-1
4.13210010529	-1
4.13210010529	-1
4.13210010529	-1
4.13234996796	-1
4.17549395561	-1
4.17549395561	-1
4.17549395561	-1
4.17549395561	-1
4.17549395561	-1
4.17549395561	-1
4.17549395561	-1
4.17563509941	-1
4.17563509941	-1
4.17563509941	-1
4.17563509941	-1
4.17563509941	-1
4.17563509941	-1
4.17563509941	-1
4.17563509941	-1
4.17608809471	-1
4.17608809471	-1
4.17608809471	-1
4.17608809471	-1
4.17608809471	-1
4.17608809471	-1
4.17608809471	-1
4.17608809471	-1
4.19384789467	-1
4.19384789467	-1
4.19761490822	-1
4.19761490822	-1
4.19761490822	-1
4.19761490822	-1
4.19761490822	-1
4.19761490822	-1
4.22106289864	-1
4.22106289864	-1
4.22106289864	-1
4.22106289864	-1
4.22106289864	-1
4.22106289864	-1
4.22106289864	-1
4.22106289864	-1
4.22142195702	-1
4.22142195702	-1
4.22142195702	-1
4.22142195702	-1
4.22142195702	-1
4.22142195702	-1
4.22142195702	-1
4.22142195702	-1
4.22179102898	-1
4.22179102898	-1
4.22179102898	-1
4.22179102898	-1
4.22179102898	-1
4.22179102898	-1
4.22179102898	-1
4.22201800346	-1
4.22223091125	1
4.22223091125	1
4.22223091125	1
4.22993898392	-1
4.22993898392	-1
4.22993898392	-1
4.22993898392	-1
4.22993898392	-1
4.22993898392	-1
4.22993898392	-1
4.22993898392	-1
4.24208307266	-1
4.24208307266	-1
4.24208307266	-1
4.24208307266	-1
4.24208307266	-1
4.24208307266	-1
4.24208307266	-1
4.24208307266	-1
4.26260900497	-1
4.26260900497	-1
4.26260900497	-1
4.26260900497	-1
4.26260900497	-1
4.26260900497	-1
4.26260900497	-1
4.26260900497	-1
4.26901698112	-1
4.26901698112	-1
4.26901698112	-1
4.26901698112	-1
4.26901698112	-1
4.26901698112	-1
4.26901698112	-1
4.28114008904	-1
4.28114008904	-1
4.30621504784	-1
4.30621504784	-1
4.30621504784	-1
4.30621504784	-1
4.30621504784	-1
4.30621504784	-1
4.30621504784	-1
4.30643510818	-1
4.30643510818	-1
4.30643510818	-1
4.30643510818	-1
4.30643510818	-1
4.30643510818	-1
4.30643510818	-1
4.30680394173	-1
4.30680394173	-1
4.30680394173	-1
4.30680394173	-1
4.30680394173	-1
4.30680394173	-1
4.30680394173	-1
4.30680394173	-1
4.30717206001	-1
4.30717206001	-1
4.30717206001	-1
4.30717206001	-1
4.30717206001	-1
4.30717206001	-1
4.30717206001	-1
4.30717206001	-1
4.3208489418	-1
4.3208489418	-1
4.3209540844	-1
4.3209540844	-1
4.3209540844	-1
4.3209540844	-1
4.3209540844	-1
4.3209540844	-1
4.3209540844	-1
4.35171794891	-1
4.35171794891	-1
4.35171794891	-1
4.35171794891	-1
4.35171794891	-1
4.35171794891	-1
4.35171794891	-1
4.35171794891	-1
4.35206103325	-1
4.35206103325	-1
4.35206103325	-1
4.35206103325	-1
4.35206103325	-1
4.35206103325	-1
4.35206103325	-1
4.35206103325	-1
4.35242891312	-1
4.35242891312	-1
4.35242891312	-1
4.35242891312	-1
4.35242891312	-1
4.35242891312	-1
4.35242891312	-1
4.35242891312	-1
4.35279798508	-1
4.35279798508	-1
4.35292196274	-1
4.35292196274	-1
4.35294890404	-1
4.35294890404	-1
4.35294890404	-1
4.35294890404	-1
4.35294890404	-1
4.35294890404	-1
4.35294890404	-1
4.35959601402	1
4.35959601402	1
4.35959601402	1
4.36868906021	-1
4.36868906021	-1
4.37353992462	-1
4.37353992462	-1
4.37353992462	-1
4.37353992462	-1
4.37676906586	1
4.37676906586	1
4.37676906586	1
4.37752008438	-1
4.3783159256	1
4.3783159256	1
4.37928509712	1
4.37928509712	1
4.37928509712	1
4.49919700623	-1
4.49919700623	-1
4.49919700623	-1
4.49919700623	-1
4.49919700623	-1
4.53520607948	1
4.5556769371	-1
4.57554101944	-1
4.57554101944	-1
4.57554101944	-1
4.61047005653	-1
4.61047005653	-1
4.61047005653	-1
4.61813807487	-1
4.61813807487	-1
4.63321304321	-1
4.63321304321	-1
4.63321304321	-1
4.65909790993	-1
4.65909790993	-1
4.65909790993	-1
4.67287993431	-1
4.67287993431	-1
4.67287993431	-1
4.67291998863	1
4.69092106819	-1
4.69120788574	-1
4.81096291542	-1
4.81096291542	-1
4.81096291542	-1
4.81443595886	1
4.91795396805	-1
4.91795396805	-1
4.91795396805	-1
4.92806410789	-1
4.92806410789	-1
4.92806410789	-1
4.92806410789	-1
4.92806410789	-1
4.97776389122	-1
4.97776389122	-1
4.97776389122	-1
4.97776389122	-1
4.97776389122	-1
4.9777970314	1
5.04169607162	-1
5.04169607162	-1
5.04169607162	-1
5.07393288612	-1
5.07393288612	-1
5.07393288612	-1
5.07393288612	-1
5.07393288612	-1
5.07393288612	-1
5.0789899826	-1
5.0789899826	-1
5.14731001854	1
5.24889802933	-1
5.24889802933	-1
5.24889802933	-1
5.33757090569	1
5.40274405479	-1
5.40274405479	-1
5.40274405479	-1
5.50742506981	1
5.50742506981	1
5.64063692093	-1
5.66002488136	1
5.79484009743	-1
5.79603695869	1
5.97810387611	-1
6.18074202538	-1
6.18193602562	1
6.31276607513	-1
6.31276607513	-1
6.4455909729	-1
6.4455909729	-1
6.4455909729	-1
6.4455909729	-1
6.49678707123	1
6.50539398193	1
6.50539398193	1
6.50539398193	1
6.68147110939	1
6.68147110939	1
6.68147110939	1
6.75362300873	-1
6.81205892563	1
6.93689608574	-1
6.94422888756	1
6.94422888756	1
6.94422888756	1
7.02694106102	-1
7.02694106102	-1
7.02694106102	-1
7.03653097153	-1
7.03653097153	-1
7.03653097153	-1
7.03653097153	-1
7.03653097153	-1
7.03653097153	-1
7.03653097153	-1
7.03653097153	-1
7.04078006744	-1
7.04078006744	-1
7.04078006744	-1
7.04078006744	-1
7.04078006744	-1
7.04078006744	-1
7.04078006744	-1
7.04645490646	-1
7.04645490646	-1
7.04645490646	-1
7.04645490646	-1
7.04645490646	-1
7.04645490646	-1
7.04645490646	-1
7.07508587837	-1
7.12558293343	-1
7.12558293343	-1
7.12558293343	-1
7.12558293343	-1
7.12558293343	-1
7.13340687752	-1
7.15233397484	-1
7.15233397484	-1
7.15576601028	1
7.25298404694	-1
7.25298404694	-1
7.32335495949	1
7.42082691193	-1
7.6317949295	-1
7.67725992203	1
7.76949906349	-1
7.76949906349	-1
7.76949906349	-1
7.88734602928	1
7.88734602928	1
7.91235303879	-1
7.91235303879	-1
7.91235303879	-1
7.91235303879	-1
8.11400604248	1
8.11400604248	1
8.11400604248	1
8.11705303192	1
8.11705303192	1
8.11847305298	1
8.11847305298	1
8.11847305298	1
8.12198805809	1
8.12198805809	1
8.12213110924	1
8.12213110924	1
8.12213110924	1
8.12693595886	1
8.12693595886	1
8.12693595886	1
8.33546209335	-1
8.37059593201	-1
8.37059593201	-1
8.37059593201	-1
8.50123810768	-1
8.66633796692	-1
8.66633796692	-1
8.66633796692	-1
8.68771100044	1
8.68794703484	1
8.68794703484	1
8.68794703484	1
8.68794703484	1
8.68794703484	1
8.68794703484	1
8.69303798676	-1
8.71045899391	-1
8.71045899391	-1
8.71045899391	-1
8.71045899391	-1
8.71045899391	-1
8.71045899391	-1
8.71045899391	-1
8.71045899391	-1
8.72799491882	-1
8.72799491882	-1
8.72799491882	-1
8.72799491882	-1
8.72799491882	-1
8.72799491882	-1
8.72799491882	-1
8.73813295364	-1
8.73813295364	-1
8.73813295364	-1
8.73813295364	-1
8.73813295364	-1
8.73813295364	-1
8.73813295364	-1
8.80892705917	-1
8.80892705917	-1
8.80892705917	-1
8.80892705917	-1
8.80892705917	-1
8.80892705917	-1
8.80892705917	-1
8.80892705917	-1
8.80892705917	-1
8.8378469944	-1
8.8378469944	-1
8.84097194672	1
8.84097194672	1
8.84097194672	1
8.84097194672	1
8.84097194672	1
8.84097194672	1
8.87625098228	-1
8.87625098228	-1
8.87625098228	-1
8.87840199471	1
8.87840199471	1
8.88411402702	-1
8.88411402702	-1
8.88411402702	-1
8.88411402702	-1
8.88411402702	-1
8.88411402702	-1
8.88411402702	-1
8.89132189751	-1
8.89132189751	-1
8.90349888802	-1
8.90349888802	-1
8.97706890106	1
8.97706890106	1
8.97740793228	-1
8.97740793228	-1
9.00720191002	-1
9.00720191002	-1
9.10765695572	1
9.10765695572	1
9.13791704178	-1
9.30826091766	-1
9.30826091766	-1
9.30826091766	-1
9.31688189507	-1
9.32581210136	-1
9.32581210136	-1
9.32581210136	-1
9.34108805656	-1
9.34108805656	-1
9.35273790359	-1
9.35273790359	-1
9.35273790359	-1
9.36013007164	-1
9.36013007164	-1
9.36013007164	-1
9.36013007164	-1
9.36013007164	-1
9.36013007164	-1
9.36013007164	-1
9.36013007164	-1
9.36932492256	-1
9.36932492256	-1
9.3694319725	-1
9.3694319725	-1
9.3694319725	-1
9.3694319725	-1
9.3694319725	-1
9.37085294724	1
9.42252087593	-1
9.43470692635	-1
9.43470692635	-1
9.43470692635	-1
9.43470692635	-1
9.43886995316	-1
9.45713710785	-1
9.45713710785	-1
9.45713710785	-1
9.53957605362	1
9.56684398651	-1
9.56684398651	-1
9.56684398651	-1
9.56684398651	-1
9.56684398651	-1
9.59049606323	-1
9.59049606323	-1
9.59049606323	-1
9.6052210331	-1
9.6052210331	-1
9.6052210331	-1
9.6052210331	-1
9.6124689579	-1
9.66188287735	-1
9.66188287735	-1
9.66188287735	-1
9.68488287926	1
9.68488287926	1
9.68488287926	1
9.68488287926	1
9.84374809265	1
10.0402679443	-1
10.041121006	1
10.4493498802	-1
10.6688621044	-1
10.6863958836	1
10.7117209435	-1
10.7117209435	-1
10.7117209435	-1
10.7117209435	-1
10.8060820103	1
10.8060820103	1
10.8060820103	1
10.8100938797	1
10.8100938797	1
10.8100938797	1
10.8168549538	1
10.8218450546	1
10.8218450546	1
10.8218450546	1
10.8259179592	1
10.8259179592	1
10.8259179592	1
10.8260340691	1
10.8260340691	1
10.8303050995	1
10.8303050995	1
10.8303050995	1
11.2727339268	-1
11.4407448769	-1
11.4407448769	-1
11.4601130486	-1
11.4601130486	-1
11.4601130486	-1
11.4601130486	-1
11.4743390083	-1
11.4743390083	-1
11.480463028	-1
11.480463028	-1
11.480463028	-1
11.480463028	-1
11.480463028	-1
11.5852799416	-1
11.5852799416	-1
11.5852799416	-1
11.5852799416	-1
11.6015970707	-1
11.6015970707	-1
11.6042180061	1
11.6100819111	-1
11.6100819111	-1
11.6100819111	-1
11.6100819111	-1
11.6100819111	-1
11.6100819111	-1
11.6100819111	-1
11.6721129417	-1
11.6779859066	-1
11.6779859066	-1
11.6779859066	-1
11.6779859066	-1
11.6779859066	-1
11.6871500015	1
11.6871500015	1
11.6871500015	1
11.6998970509	-1
11.6998970509	-1
11.6998970509	-1
11.6998970509	-1
11.6998970509	-1
11.6998970509	-1
11.6998970509	-1
11.6998970509	-1
11.7020330429	-1
11.7125780582	-1
11.7125780582	-1
11.7125780582	-1
11.7125780582	-1
11.7324640751	-1
11.7324640751	-1
11.7324640751	-1
11.7324640751	-1
11.7324640751	-1
11.7324640751	-1
11.7324640751	-1
11.7324640751	-1
11.7346670628	1
11.7601680756	-1
11.7601680756	-1
11.7601680756	-1
11.7601680756	-1
11.7601680756	-1
11.7601680756	-1
11.7603940964	-1
11.7603940964	-1
11.7603940964	-1
11.7603940964	-1
11.7603940964	-1
11.7603940964	-1
11.7603940964	-1
11.816327095	-1
11.816327095	-1
11.816327095	-1
11.816327095	-1
11.816327095	-1
11.816546917	-1
11.8303229809	-1
11.8303229809	-1
11.8303229809	-1
11.8431270123	-1
11.8445539474	-1
11.8445539474	-1
11.8445539474	-1
11.8445539474	-1
11.8445539474	-1
11.8638958931	-1
11.8659789562	1
11.8659789562	1
11.8659789562	1
11.9229340553	-1
11.9229340553	-1
11.9229340553	-1
11.9229340553	-1
12.1554889679	-1
12.1626360416	-1
12.1626360416	-1
12.1626360416	-1
12.1626360416	-1
12.1626360416	-1
12.1626360416	-1
12.1626360416	-1
12.2702639103	-1
12.2755529881	-1
12.2755529881	-1
12.2755529881	-1
12.2755529881	-1
12.2755529881	-1
12.2755529881	-1
12.2755529881	-1
12.2755529881	-1
12.3139810562	1
12.3190488815	1
12.3190488815	1
12.3190488815	1
12.3192310333	1
12.3192310333	1
12.3192310333	1
12.3200659752	1
12.3200659752	1
12.364921093	-1
12.364921093	-1
12.364921093	-1
12.4183149338	1
12.4183149338	1
12.4183149338	1
12.5696749687	1
12.5696749687	1
12.5696749687	1
12.5821359158	-1
12.7084510326	1
12.7084510326	1
12.7488970757	-1
12.7488970757	-1
12.8160750866	-1
12.8160750866	-1
12.8160750866	-1
12.8179988861	1
12.8179988861	1
12.8179988861	1
12.869781971	-1
12.869781971	-1
12.8698179722	1
12.8810539246	1
12.8810539246	1
12.8810539246	1
12.9189920425	-1
12.9189920425	-1
12.9189920425	-1
12.9189920425	-1
12.9415330887	-1
12.9415330887	-1
12.9415330887	-1
12.9600749016	1
12.9600749016	1
12.9861240387	-1
12.9944899082	1
12.9944899082	1
12.9944899082	1
12.9950389862	1
12.9950389862	1
13.0117790699	-1
13.0864760876	-1
13.0864760876	-1
13.0864760876	-1
13.1424660683	-1
13.1425070763	1
13.1965060234	-1
13.1965060234	-1
13.1965060234	-1
13.2733340263	-1
13.2733778954	1
13.2761108875	1
13.2761108875	1
13.2761108875	1
13.3395519257	-1
13.3395519257	-1
13.3395519257	-1
13.3395519257	-1
13.3395519257	-1
13.3395519257	-1
13.3395519257	-1
13.3501698971	-1
13.3800048828	1
13.3800048828	1
13.3952920437	-1
13.3952920437	-1
13.3952920437	-1
13.3952920437	-1
13.3952920437	-1
13.3952920437	-1
13.4011330605	-1
13.4011330605	-1
13.4032719135	1
13.4032719135	1
13.4032719135	1
13.4038569927	1
13.4038569927	1
13.4122259617	-1
13.4122259617	-1
13.4122259617	-1
13.4361619949	1
13.4361619949	1
13.4361619949	1
13.4444720745	-1
13.4444720745	-1
13.4444720745	-1
13.447756052	1
13.447756052	1
13.4534990788	1
13.4534990788	1
13.4534990788	1
13.4534990788	1
13.4698050022	-1
13.4698050022	-1
13.4776890278	-1
13.4776890278	-1
13.4776890278	-1
13.4840269089	1
13.4846920967	-1
13.4846920967	-1
13.4879078865	-1
13.4879078865	-1
13.4879078865	-1
13.4879078865	-1
13.4879078865	-1
13.5347969532	1
13.5347969532	1
13.563421011	-1
13.563421011	-1
13.563421011	-1
13.563421011	-1
13.563421011	-1
13.563421011	-1
13.563421011	-1
13.5827279091	-1
13.5828499794	-1
13.5828499794	-1
13.5828499794	-1
13.5828499794	-1
13.5828499794	-1
13.5828499794	-1
13.5828499794	-1
13.589605093	-1
13.589605093	-1
13.589605093	-1
13.589605093	-1
13.589605093	-1
13.589605093	-1
13.589605093	-1
13.589605093	-1
13.600787878	-1
13.600787878	-1
13.600787878	-1
13.600787878	-1
13.600787878	-1
13.6656000614	-1
13.6656389236	1
13.695950985	-1
13.695950985	-1
13.695950985	-1
13.695950985	-1
13.695950985	-1
13.695950985	-1
13.695950985	-1
13.695950985	-1
13.7060248852	-1
13.7060248852	-1
13.7060248852	-1
13.7060248852	-1
13.7254009247	-1
13.7254009247	-1
13.7254009247	-1
13.7254009247	-1
13.7254009247	-1
13.7254009247	-1
13.7254009247	-1
13.7254009247	-1
13.7312550545	-1
13.7312550545	-1
13.7312550545	-1
13.7312550545	-1
13.7312550545	-1
13.7312550545	-1
13.7312550545	-1
13.7312550545	-1
13.7368988991	-1
13.7368988991	-1
13.7368988991	-1
13.7368988991	-1
13.742027998	-1
13.7735540867	-1
13.7735540867	-1
13.7735540867	-1
13.7735540867	-1
13.7735540867	-1
13.7735540867	-1
13.7735540867	-1
13.7735540867	-1
13.8035080433	-1
13.8035080433	-1
13.8035080433	-1
13.8035080433	-1
13.8035080433	-1
13.8035080433	-1
13.8035080433	-1
13.8035080433	-1
13.8035399914	1
13.803855896	-1
13.803855896	-1
13.803855896	-1
13.803855896	-1
13.803855896	-1
13.803855896	-1
13.803855896	-1
13.803855896	-1
13.8041069508	-1
13.8041069508	-1
13.8369679451	-1
13.8369679451	-1
13.8369679451	-1
13.8369679451	-1
13.8369679451	-1
13.8369679451	-1
13.8369679451	-1
13.8369679451	-1
13.8486809731	-1
13.9347760677	-1
13.9399139881	1
13.9513208866	-1
13.9513208866	-1
13.9513208866	-1
13.9513208866	-1
13.9513208866	-1
13.9513208866	-1
13.9513208866	-1
13.9513208866	-1
13.9814429283	-1
13.9814429283	-1
13.9814429283	-1
13.9814429283	-1
13.9814429283	-1
13.9814429283	-1
13.9814429283	-1
13.9814429283	-1
13.9859890938	-1
13.9859890938	-1
13.9859890938	-1
13.9859890938	-1
13.9859890938	-1
13.9859890938	-1
13.9859890938	-1
13.9859890938	-1
13.9902069569	-1
13.9902069569	-1
13.9902069569	-1
14.0018599033	-1
14.0069589615	-1
14.0069589615	-1
14.0227689743	-1
14.0227689743	-1
14.0227689743	-1
14.0227689743	-1
14.0227689743	-1
14.0227689743	-1
14.0271511078	-1
14.0271511078	-1
14.0271511078	-1
14.0271511078	-1
14.0271511078	-1
14.0271511078	-1
14.0271511078	-1
14.0312469006	-1
14.0312469006	-1
14.0312469006	-1
14.0312469006	-1
14.0312469006	-1
14.0312469006	-1
14.0312469006	-1
14.0659809113	-1
14.0659809113	-1
14.0659809113	-1
14.0659809113	-1
14.0659809113	-1
14.0659809113	-1
14.0659809113	-1
14.0659809113	-1
14.1073470116	1
14.1073470116	1
14.1340520382	-1
14.1340520382	-1
14.1340520382	-1
14.1340520382	-1
14.1340520382	-1
14.1340520382	-1
14.1340520382	-1
14.1340520382	-1
14.1340520382	-1
14.1631309986	-1
14.1631309986	-1
14.1793570518	-1
14.1793570518	-1
14.1793570518	-1
14.1793570518	-1
14.1793570518	-1
14.1793570518	-1
14.1793570518	-1
14.1951088905	-1
14.2200798988	-1
14.2200798988	-1
14.2200798988	-1
14.2200798988	-1
14.2200798988	-1
14.2200798988	-1
14.2200798988	-1
14.2200798988	-1
14.234457016	-1
14.234457016	-1
14.234457016	-1
14.234457016	-1
14.234457016	-1
14.234457016	-1
14.234457016	-1
14.2485249043	-1
14.2485249043	-1
14.2485249043	-1
14.2485249043	-1
14.2485249043	-1
14.2485249043	-1
14.2485249043	-1
14.2485249043	-1
14.2763140202	-1
14.2763140202	-1
14.2951550484	-1
14.2951550484	-1
14.3280649185	-1
14.4112479687	-1
14.4112479687	-1
14.4112479687	-1
14.4112479687	-1
14.4112479687	-1
14.4112479687	-1
14.4112479687	-1
14.4112479687	-1
14.417454958	-1
14.417454958	-1
14.417454958	-1
14.417454958	-1
14.417454958	-1
14.417454958	-1
14.417454958	-1
14.4351689816	-1
14.4351689816	-1
14.4364459515	1
14.4604599476	-1
14.4604599476	-1
14.4604599476	-1
14.4604599476	-1
14.4604599476	-1
14.4604599476	-1
14.4604599476	-1
14.4604599476	-1
14.4743640423	-1
14.4743640423	-1
14.491147995	-1
14.491147995	-1
14.491147995	-1
14.491147995	-1
14.491147995	-1
14.491147995	-1
14.5674190521	-1
14.5674190521	-1
14.5674190521	-1
14.6170589924	-1
14.6170589924	-1
14.6170589924	-1
14.6170589924	-1
14.6170589924	-1
14.6357359886	-1
14.6357359886	-1
14.6357359886	-1
14.6357359886	-1
14.6357359886	-1
14.6357359886	-1
14.6712069511	-1
14.6712069511	-1
14.6712069511	-1
14.6712069511	-1
14.6712069511	-1
14.6712069511	-1
14.6712069511	-1
14.6887729168	1
14.7228550911	-1
14.727091074	-1
14.727091074	-1
14.727091074	-1
14.727091074	-1
14.727091074	-1
14.7626240253	-1
14.8267240524	-1
14.8267240524	-1
14.8267240524	-1
14.8267240524	-1
14.8267591	1
14.8267591	1
15.2766799927	-1
15.4144659042	-1
15.5847098827	-1
18.3322339058	-1
19.5554459095	-1
19.9071040154	-1
20.1732640266	-1
20.3039400578	-1
20.3039400578	-1
23.6632790565	-1
23.8919599056	-1
23.9436480999	1
24.0225529671	-1
24.0741300583	1
24.5691249371	-1
24.7089509964	1
24.7117500305	1
24.7117500305	1
24.7117500305	1
24.7133049965	1
24.7133049965	1
24.7133049965	1
24.7133049965	1
24.7133049965	1
24.7133049965	1
24.7167830467	1
24.7167830467	1
24.7194750309	1
24.7194750309	1
24.7477009296	-1
24.8394770622	1
24.8783569336	-1
24.9005470276	-1
24.9005470276	-1
24.9005470276	-1
24.9005470276	-1
24.9005470276	-1
24.9005470276	-1
24.9659330845	1
24.9659330845	1
24.9659330845	1
24.9701778889	1
24.9701778889	1
25.3043100834	-1
25.4350280762	-1
25.4350280762	-1
25.4365019798	1
25.4526369572	-1
25.4526369572	-1
25.4526369572	-1
25.4592719078	-1
25.4592719078	-1
25.9199249744	-1
26.050716877	-1
26.050716877	-1
26.1004390717	-1
26.1004390717	-1
26.1004390717	-1
26.1004390717	-1
26.1877639294	1
26.1885590553	1
26.1885590553	1
26.1885590553	1
26.1890490055	1
26.1890490055	1
26.1944890022	1
26.1944890022	1
26.1944890022	1
26.1944890022	1
26.5838990211	-1
26.6075699329	-1
26.6075699329	-1
26.6075699329	-1
26.6115489006	1
26.6280519962	-1
26.6280519962	-1
26.6280519962	-1
26.7137410641	1
26.7137410641	1
26.7137410641	1
26.728703022	-1
26.728703022	-1
26.7382509708	-1
26.7382509708	-1
26.7420539856	1
26.7641489506	-1
26.7641489506	-1
26.7641489506	-1
26.7641489506	-1
26.7641489506	-1
26.772176981	-1
26.7845900059	-1
26.7845900059	-1
26.7845900059	-1
26.7845900059	-1
26.7845900059	-1
26.8694310188	-1
26.9079709053	-1
26.9079709053	-1
26.9079709053	-1
26.9079709053	-1
26.9079709053	-1
26.9079709053	-1
26.9574079514	-1
26.9574079514	-1
26.9585468769	1
27.0382120609	1
27.0382120609	1
27.0382120609	1
27.1692450047	-1
27.3368999958	-1
27.4182670116	-1
27.4182670116	-1
27.4182670116	-1
27.4182670116	-1
27.4182670116	-1
27.4182670116	-1
27.4182670116	-1
27.6714830399	-1
27.7149689198	1
27.7248570919	1
27.7248570919	1
27.7248570919	1
27.7254331112	1
27.7254331112	1
27.8021318913	-1
27.8454039097	1
27.8823060989	-1
27.8823060989	-1
27.8823060989	-1
27.8823060989	-1
28.0717349052	1
28.0718109608	1
28.0718109608	1
28.0718109608	1
28.0738079548	1
28.0738079548	1
28.0738079548	1
28.0738079548	1
28.0738079548	1
28.0738079548	1
28.0773808956	1
28.0773808956	1
28.0773808956	1
28.0773808956	1
28.0773808956	1
28.0773808956	1
28.0801849365	1
28.0801849365	1
28.0801849365	1
28.0801849365	1
28.0801849365	1
28.0801849365	1
28.0801849365	1
28.0801849365	1
28.0803229809	1
28.0803229809	1
28.0803229809	1
28.0803229809	1
28.1766829491	-1
28.2125198841	1
28.2125198841	1
28.2125198841	1
28.2125198841	1
28.2125198841	1
28.2125198841	1
28.2125198841	1
28.2125198841	1
28.212692976	1
28.212692976	1
28.212692976	1
28.212692976	1
28.212692976	1
28.212692976	1
28.2129650116	1
28.2129650116	1
28.2129650116	1
28.2129650116	1
28.2129650116	1
28.2129650116	1
28.2129650116	1
28.2129650116	1
28.2130908966	1
28.2130908966	1
28.2130908966	1
28.2130908966	1
28.2130908966	1
28.3077170849	-1
28.3077170849	-1
28.4768209457	-1
28.6077620983	-1
28.6077620983	-1
