0.0	1
0.251082897186	1
0.58549284935	-1
0.587116956711	1
0.866329908371	-1
0.867141962051	1
0.87042593956	1
0.87042593956	1
0.87042593956	1
0.96294593811	1
0.96294593811	1
0.96294593811	1
1.46244692802	-1
1.4640789032	1
1.64575099945	-1
1.64717102051	1
1.72211289406	-1
1.72330904007	1
1.79945993423	-1
1.80063891411	1
1.87558293343	-1
1.87673091888	1
1.9509408474	-1
2.06126284599	-1
2.13539385796	-1
2.15580892563	-1
2.15580892563	-1
2.15580892563	-1
2.15580892563	-1
2.15580892563	-1
2.15580892563	-1
2.15580892563	-1
2.22269701958	1
2.38498687744	-1
2.45868992805	-1
2.45868992805	-1
2.45868992805	-1
2.45868992805	-1
2.45868992805	-1
2.45868992805	-1
2.45868992805	-1
2.45868992805	-1
2.45868992805	-1
2.46812796593	-1
2.46812796593	-1
2.46812796593	-1
2.46812796593	-1
2.46812796593	-1
2.46812796593	-1
2.46812796593	-1
2.4735789299	1
2.51422595978	-1
2.51422595978	-1
2.51422595978	-1
2.51422595978	-1
2.51422595978	-1
2.51422595978	-1
2.51422595978	-1
2.52333903313	-1
2.58829593658	-1
2.58829593658	-1
2.74325990677	-1
2.74442100525	1
3.03069806099	-1
3.41014885902	-1
3.63086795807	-1
3.63844299316	1
4.25620388985	-1
4.36928606033	-1
4.38907694817	1
4.39216184616	1
4.39216184616	1
4.39216184616	1
4.64781689644	-1
4.67852497101	-1
4.67852497101	-1
4.67852497101	-1
4.67852497101	-1
4.67852497101	-1
4.67852497101	-1
4.67852497101	-1
4.67950797081	1
4.71711683273	-1
4.74484395981	1
4.74484395981	1
4.74484395981	1
4.75252485275	-1
4.75252485275	-1
4.75336003304	1
4.76486301422	-1
4.76486301422	-1
4.76486301422	-1
4.76486301422	-1
4.76486301422	-1
4.76486301422	-1
4.82884287834	1
4.93734288216	-1
4.93737602234	1
4.99459791183	1
4.99459791183	1
4.99459791183	1
5.01186299324	-1
5.01186299324	-1
5.14659404755	-1
5.26131606102	-1
5.26487183571	-1
5.26487183571	-1
5.26487183571	-1
5.26491999626	-1
5.26491999626	-1
5.26491999626	-1
5.26491999626	-1
5.26491999626	-1
5.335324049	-1
5.5093319416	-1
5.51023793221	-1
5.51023793221	-1
5.51023793221	-1
5.51035785675	-1
5.51035785675	-1
5.51035785675	-1
5.51035785675	-1
5.51035785675	-1
5.51035785675	-1
5.51035785675	-1
5.5106010437	-1
5.51072382927	-1
5.51072382927	-1
5.51072382927	-1
5.51072382927	-1
5.51072382927	-1
5.51072382927	-1
5.51072382927	-1
5.51096987724	-1
5.51096987724	-1
5.51096987724	-1
5.51096987724	-1
5.51096987724	-1
5.51096987724	-1
5.51096987724	-1
5.51096987724	-1
5.58358883858	-1
5.58369088173	-1
5.58369088173	-1
5.58369088173	-1
5.58458805084	-1
5.58458805084	-1
5.58458805084	-1
5.58458805084	-1
5.58458805084	-1
5.58458805084	-1
5.62268686295	-1
5.62268686295	-1
5.62268686295	-1
5.62268686295	-1
5.62268686295	-1
5.62268686295	-1
5.62268686295	-1
5.62268686295	-1
5.62268686295	-1
5.62351083755	1
5.64717888832	-1
5.64717888832	-1
5.64717888832	-1
5.64717888832	-1
5.64717888832	-1
5.64717888832	-1
5.64717888832	-1
5.66530299187	-1
5.66530299187	-1
5.66530299187	-1
5.66530299187	-1
5.66530299187	-1
5.66530299187	-1
5.66530299187	-1
5.66530299187	-1
5.74924683571	-1
5.74924683571	-1
5.74924683571	-1
5.74924683571	-1
5.74924683571	-1
5.74924683571	-1
5.74924683571	-1
5.74924683571	-1
5.76117801666	-1
5.76117801666	-1
5.76117801666	-1
5.76117801666	-1
5.76117801666	-1
5.76117801666	-1
5.76117801666	-1
5.79920697212	-1
5.79920697212	-1
5.79920697212	-1
5.79920697212	-1
5.79920697212	-1
5.79920697212	-1
5.79920697212	-1
5.79955601692	-1
5.79955601692	-1
5.79955601692	-1
5.79955601692	-1
5.79955601692	-1
5.79955601692	-1
5.79955601692	-1
5.79955601692	-1
5.8012149334	1
5.84059596062	-1
5.84059596062	-1
5.84059596062	-1
5.84059596062	-1
5.84059596062	-1
5.84059596062	-1
5.84059596062	-1
5.84059596062	-1
5.90055704117	-1
5.90059185028	1
5.90061903	-1
5.90061903	-1
5.90061903	-1
5.90061903	-1
5.90061903	-1
5.90061903	-1
5.90061903	-1
5.93449401855	-1
5.93449401855	-1
5.93449401855	-1
5.93449401855	-1
5.93449401855	-1
5.93449401855	-1
5.93497800827	-1
5.93497800827	-1
5.93497800827	-1
5.93497800827	-1
5.93497800827	-1
5.93497800827	-1
5.93497800827	-1
5.93552994728	-1
5.99660801888	-1
5.99660801888	-1
5.99660801888	-1
6.07941603661	1
6.19305801392	1
6.32604384422	1
6.72090888023	-1
6.72300505638	1
6.72691488266	-1
6.72691488266	-1
6.72691488266	-1
6.72691488266	-1
6.72691488266	-1
6.72691488266	-1
6.72691488266	-1
6.72691488266	-1
6.73954796791	-1
6.73954796791	-1
6.73954796791	-1
6.73954796791	-1
6.73954796791	-1
6.73954796791	-1
6.73954796791	-1
6.73954796791	-1
6.73979187012	-1
6.73979187012	-1
6.73979187012	-1
6.73979187012	-1
6.73979187012	-1
6.73979187012	-1
6.73979187012	-1
6.74140191078	1
6.74140191078	1
6.74140191078	1
6.92229485512	-1
6.92254304886	-1
6.92254304886	-1
6.92254304886	-1
6.92254304886	-1
6.92254304886	-1
6.92254304886	-1
6.92254304886	-1
6.92254304886	-1
6.92278885841	-1
6.92282605171	-1
6.92282605171	-1
6.92282605171	-1
6.92282605171	-1
6.92282605171	-1
6.92282605171	-1
6.92282605171	-1
6.9231569767	-1
6.9231569767	-1
6.9231569767	-1
6.9231569767	-1
6.9231569767	-1
6.9231569767	-1
6.9231569767	-1
6.92359185219	-1
6.92359185219	-1
6.92359185219	-1
6.92359185219	-1
6.92359185219	-1
6.92359185219	-1
6.92359185219	-1
6.92359185219	-1
6.99665904045	-1
6.99665904045	-1
6.99665904045	-1
6.99665904045	-1
6.99665904045	-1
6.99665904045	-1
6.99665904045	-1
6.99665904045	-1
6.99702000618	-1
6.99702000618	-1
6.99846196175	1
7.03783798218	-1
7.03783798218	-1
7.03783798218	-1
7.03783798218	-1
7.03783798218	-1
7.03783798218	-1
7.03783798218	-1
7.03783798218	-1
7.03783798218	-1
7.03818488121	-1
7.03818488121	-1
7.03818488121	-1
7.03818488121	-1
7.03818488121	-1
7.05176901817	-1
7.05176901817	-1
7.05176901817	-1
7.05176901817	-1
7.05176901817	-1
7.05176901817	-1
7.05176901817	-1
7.05176901817	-1
7.07158493996	-1
7.11173987389	1
7.14557290077	-1
7.14557290077	-1
7.25787901878	-1
7.25919795036	1
7.3321390152	-1
7.3321390152	-1
7.42588496208	-1
7.42588496208	-1
7.42588496208	-1
7.46052002907	1
7.61368584633	1
7.77375292778	1
7.83631801605	-1
7.8884780407	-1
7.8884780407	-1
7.8884780407	-1
7.8884780407	-1
8.05699586868	-1
8.12113499641	-1
8.12113499641	-1
8.12113499641	-1
8.13280892372	-1
8.13280892372	-1
8.13280892372	-1
8.13280892372	-1
8.13280892372	-1
8.13280892372	-1
8.13280892372	-1
8.13307595253	-1
8.13307595253	-1
8.13307595253	-1
8.13307595253	-1
8.13307595253	-1
8.13307595253	-1
8.13307595253	-1
8.1519370079	-1
8.1519370079	-1
8.1519370079	-1
8.1519370079	-1
8.1519370079	-1
8.1519370079	-1
8.1519370079	-1
8.1519370079	-1
8.1519370079	-1
8.19552087784	-1
8.19552087784	-1
8.19552087784	-1
8.19552087784	-1
8.19552087784	-1
8.19552087784	-1
8.19552087784	-1
8.27876091003	-1
8.31120204926	1
8.46368193626	1
8.93561387062	-1
8.94071698189	1
9.01504588127	1
9.03205490112	1
9.03205490112	1
9.03205490112	1
9.03205490112	1
9.03205490112	1
9.03205490112	1
9.03205490112	1
9.03205490112	1
9.03367900848	1
9.03389692307	1
9.03389692307	1
9.03389692307	1
9.03389692307	1
9.03389692307	1
9.03389692307	1
9.03389692307	1
9.36996793747	-1
