0.0	1
0.25129199028	1
0.388494968414	-1
0.389791965485	1
0.692435026169	-1
0.693263053894	1
0.694951057434	1
0.694951057434	1
0.694951057434	1
0.912762880325	1
0.912762880325	1
0.912762880325	1
1.15697097778	-1
1.15862607956	1
1.27362203598	-1
1.27496790886	1
1.38987588882	-1
1.38987588882	-1
1.39153194427	1
1.50637507439	-1
1.50637507439	-1
1.50640892982	1
1.621530056	-1
1.621530056	-1
1.621530056	-1
1.62157797813	1
1.63176608086	-1
1.63176608086	-1
1.63176608086	-1
1.63176608086	-1
1.63176608086	-1
1.63176608086	-1
1.71593499184	-1
1.71593499184	-1
1.71603703499	-1
1.71603703499	-1
1.71603703499	-1
1.71603703499	-1
1.71603703499	-1
1.71603703499	-1
1.71603703499	-1
1.73644089699	1
1.8447458744	-1
1.8447458744	-1
1.8447458744	-1
1.8514559269	1
1.85354804993	-1
1.85354804993	-1
1.85354804993	-1
1.85354804993	-1
1.85354804993	-1
1.85354804993	-1
1.9663670063	-1
1.9663670063	-1
1.98145890236	1
2.03243303299	-1
2.03243303299	-1
2.03243303299	-1
2.03243303299	-1
2.03243303299	-1
2.03243303299	-1
2.03243303299	-1
2.03243303299	-1
2.03243303299	-1
2.0963010788	1
2.21108293533	-1
2.21241807938	1
2.36532092094	1
2.45212101936	-1
2.60337591171	-1
2.60337591171	-1
2.60337591171	-1
2.60480189323	1
2.75942492485	-1
2.75945997238	1
2.96908092499	-1
2.9802570343	1
3.09506893158	-1
3.09510993958	1
3.20989203453	-1
3.36110305786	-1
3.37723207474	1
3.37946295738	1
3.37946295738	1
3.37946295738	1
3.49309206009	-1
3.62842607498	1
3.62842607498	1
3.81444191933	-1
3.96289205551	-1
3.96289205551	-1
3.96289205551	-1
4.08375692368	-1
4.1986219883	-1
4.40533399582	-1
4.42661190033	1
5.18141007423	-1
5.22910499573	-1
5.22910499573	-1
5.22910499573	-1
5.22910499573	-1
5.22910499573	-1
5.22910499573	-1
5.22910499573	-1
5.22910499573	-1
5.25351500511	-1
5.27377986908	1
5.27874302864	1
5.27874302864	1
5.27874302864	1
5.31315088272	-1
5.31315088272	-1
5.31315088272	-1
5.37499594688	-1
5.37499594688	-1
5.37499594688	-1
5.39772605896	1
5.40857100487	-1
5.40857100487	-1
5.40857100487	-1
5.44572687149	-1
5.44572687149	-1
5.44572687149	-1
5.44572687149	-1
5.44572687149	-1
5.47617888451	-1
5.47617888451	-1
5.47617888451	-1
5.47617888451	-1
5.47617888451	-1
5.49010396004	-1
5.51328587532	-1
5.51328587532	-1
5.56851887703	-1
5.56851887703	-1
5.56851887703	-1
5.60591197014	-1
5.60591197014	-1
5.60591197014	-1
5.60591197014	-1
5.60591197014	-1
5.63011789322	-1
5.63011789322	-1
5.63011789322	-1
5.63011789322	-1
5.66614294052	-1
5.66614294052	-1
5.66614294052	-1
5.68901586533	-1
5.68988895416	1
5.7296359539	-1
5.7296359539	-1
5.7296359539	-1
5.74348902702	-1
5.74348902702	-1
5.74348902702	-1
5.77698993683	-1
5.77698993683	-1
5.79517602921	-1
5.79517602921	-1
5.79517602921	-1
5.79517602921	-1
5.85640501976	-1
5.85640501976	-1
5.85640501976	-1
5.85640501976	-1
5.85703897476	1
5.90489888191	-1
5.90489888191	-1
5.9076499939	1
5.9076499939	1
5.9076499939	1
5.9076499939	1
5.9076499939	1
5.9076499939	1
5.94051885605	-1
5.94051885605	-1
5.94162297249	1
5.94162297249	1
5.96109199524	-1
5.96280193329	1
5.96280193329	1
5.96280193329	1
6.36576986313	-1
6.39285087585	1
6.39685893059	-1
6.39685893059	-1
6.39685893059	-1
6.4071059227	1
6.4071059227	1
6.4071059227	1
6.44090104103	-1
6.44090104103	-1
6.44090104103	-1
6.44090104103	-1
6.45636892319	-1
6.47269105911	-1
6.47269105911	-1
6.47269105911	-1
6.47269105911	-1
6.50797796249	-1
6.50802206993	1
6.51538991928	-1
6.51538991928	-1
6.51538991928	-1
6.51538991928	-1
6.51538991928	-1
6.5358068943	-1
6.57928204536	-1
6.57928204536	-1
6.57928204536	-1
6.57928204536	-1
6.60410404205	-1
6.62322497368	1
6.62322497368	1
6.62663006783	-1
6.62663006783	-1
6.62663006783	-1
6.62663006783	-1
6.67407894135	-1
6.67407894135	-1
6.67691302299	1
6.67691302299	1
6.67691302299	1
6.67691302299	1
6.67691302299	1
6.67691302299	1
6.67691302299	1
6.67691302299	1
6.70061802864	-1
6.70061802864	-1
6.70061802864	-1
6.7392179966	-1
6.77441287041	-1
6.77441287041	-1
6.77441287041	-1
6.77441287041	-1
6.85226297379	-1
6.85226297379	-1
6.85226297379	-1
6.85226297379	-1
6.85226297379	-1
6.93939900398	-1
6.93939900398	-1
6.93939900398	-1
6.93939900398	-1
6.93939900398	-1
6.93939900398	-1
6.93939900398	-1
6.93939900398	-1
6.96326398849	1
6.9697868824	-1
6.98385906219	-1
6.98385906219	-1
6.98385906219	-1
6.98385906219	-1
6.98385906219	-1
6.98385906219	-1
6.98385906219	-1
7.03505587578	-1
7.03505587578	-1
7.08152198792	-1
7.08152198792	-1
7.08152198792	-1
7.11966705322	1
7.11979603767	1
7.11979603767	1
7.11979603767	1
7.19001698494	-1
7.19001698494	-1
7.19001698494	-1
7.19001698494	-1
7.19001698494	-1
7.19001698494	-1
7.19001698494	-1
7.20959496498	-1
7.22497296333	-1
7.22497296333	-1
7.22497296333	-1
7.22497296333	-1
7.26077389717	-1
7.26077389717	-1
7.26077389717	-1
7.26077389717	-1
7.26077389717	-1
7.26077389717	-1
7.26077389717	-1
7.26077389717	-1
7.29335188866	-1
7.29335188866	-1
7.29335188866	-1
7.29335188866	-1
7.29335188866	-1
7.30930685997	-1
7.30930685997	-1
7.30930685997	-1
7.30930685997	-1
7.30930685997	-1
7.32787799835	-1
7.37532687187	-1
7.37532687187	-1
7.37532687187	-1
7.37598896027	1
7.42433595657	-1
7.42433595657	-1
7.42433595657	-1
7.42433595657	-1
7.44524288177	-1
7.48226594925	-1
7.48226594925	-1
7.50469303131	-1
7.50469303131	-1
7.50469303131	-1
7.50472807884	1
7.54686188698	-1
7.54686188698	-1
7.54686188698	-1
7.54686188698	-1
7.54686188698	-1
7.54686188698	-1
7.57561087608	-1
7.57561087608	-1
7.58953595161	-1
7.58953595161	-1
7.58953595161	-1
7.58953595161	-1
7.60196495056	-1
7.6161968708	-1
7.6161968708	-1
7.6161968708	-1
7.68318486214	-1
7.68318486214	-1
7.68318486214	-1
7.68318486214	-1
7.68318486214	-1
7.68318486214	-1
7.68318486214	-1
7.68318486214	-1
7.68318486214	-1
7.70982789993	-1
7.70982789993	-1
7.72307491302	-1
7.72307491302	-1
7.72307491302	-1
7.72307491302	-1
7.72307491302	-1
7.72307491302	-1
7.72307491302	-1
7.73479104042	-1
7.73592805862	1
7.74843096733	-1
7.74843096733	-1
7.74843096733	-1
7.74843096733	-1
7.74843096733	-1
7.76041007042	-1
7.76041007042	-1
7.76041007042	-1
7.79821205139	-1
7.79821205139	-1
7.79821205139	-1
7.83007788658	-1
7.83007788658	-1
7.83007788658	-1
7.83007788658	-1
7.83007788658	-1
7.83007788658	-1
7.83007788658	-1
7.83007788658	-1
7.87271285057	-1
7.87271285057	-1
7.87271285057	-1
7.88328504562	-1
7.88328504562	-1
7.88328504562	-1
7.88328504562	-1
7.88328504562	-1
7.88328504562	-1
7.88328504562	-1
7.90937185287	-1
7.90937185287	-1
7.90937185287	-1
7.90937185287	-1
7.90937185287	-1
7.90937185287	-1
7.93077206612	-1
7.93077206612	-1
7.94280099869	-1
7.94280099869	-1
7.94280099869	-1
7.94280099869	-1
7.94280099869	-1
7.94280099869	-1
7.94280099869	-1
7.96347498894	-1
7.96347498894	-1
7.97393798828	-1
7.97393798828	-1
7.97393798828	-1
7.97393798828	-1
7.97393798828	-1
7.97393798828	-1
7.9943459034	-1
7.9943459034	-1
7.9943459034	-1
7.9943459034	-1
7.9943459034	-1
7.9943459034	-1
7.9943459034	-1
7.9943459034	-1
7.99565887451	1
8.01786589622	-1
8.01786589622	-1
8.02929186821	-1
8.02929186821	-1
8.02929186821	-1
8.02929186821	-1
8.04909706116	-1
8.04909706116	-1
8.04909706116	-1
8.04909706116	-1
8.04909706116	-1
8.04909706116	-1
8.04909706116	-1
8.04909706116	-1
8.06724190712	-1
8.06724190712	-1
8.06724190712	-1
8.08530592918	-1
8.08530592918	-1
8.09703207016	-1
8.09703207016	-1
8.09703207016	-1
8.09703207016	-1
8.09703207016	-1
8.09703207016	-1
8.10730195045	-1
8.10730195045	-1
8.10730195045	-1
8.10730195045	-1
8.10730195045	-1
8.10730195045	-1
8.10730195045	-1
8.13330698013	-1
8.13330698013	-1
8.13330698013	-1
8.13330698013	-1
8.13330698013	-1
8.13330698013	-1
8.13330698013	-1
8.13461399078	1
8.16121888161	-1
8.16121888161	-1
8.16121888161	-1
8.16121888161	-1
8.16121888161	-1
8.17321896553	-1
8.19168996811	-1
8.19168996811	-1
8.2019970417	-1
8.2019970417	-1
8.2019970417	-1
8.2019970417	-1
8.2019970417	-1
8.2019970417	-1
8.2019970417	-1
8.21243405342	-1
8.24921298027	-1
8.24921298027	-1
8.24921298027	-1
8.24921298027	-1
8.24921298027	-1
8.24921298027	-1
8.24921298027	-1
8.24921298027	-1
8.24921298027	-1
8.26858401299	-1
8.26858401299	-1
8.26858401299	-1
8.26858401299	-1
8.28911185265	-1
8.28911185265	-1
8.28911185265	-1
8.28911185265	-1
8.28911185265	-1
8.30317497253	-1
8.31757307053	-1
8.31757307053	-1
8.34972691536	-1
8.34972691536	-1
8.34972691536	-1
8.34972691536	-1
8.34972691536	-1
8.36648607254	-1
8.3909239769	-1
8.39824700356	-1
8.39824700356	-1
8.39824700356	-1
8.39824700356	-1
8.39824700356	-1
8.39824700356	-1
8.42928886414	-1
8.42928886414	-1
8.42928886414	-1
8.42928886414	-1
8.42928886414	-1
8.42928886414	-1
8.42928886414	-1
8.42928886414	-1
8.471159935	-1
8.471159935	-1
8.471159935	-1
8.471159935	-1
8.47243285179	1
8.48062205315	-1
8.5040500164	-1
8.5040500164	-1
8.5040500164	-1
8.52018690109	-1
8.52018690109	-1
8.52018690109	-1
8.52018690109	-1
8.52018690109	-1
8.52018690109	-1
8.52018690109	-1
8.54578304291	-1
8.54578304291	-1
8.55536794662	-1
8.55536794662	-1
8.55536794662	-1
8.55536794662	-1
8.55536794662	-1
8.55536794662	-1
8.55536794662	-1
8.56626486778	-1
8.56626486778	-1
8.56626486778	-1
8.56626486778	-1
8.56626486778	-1
8.56626486778	-1
8.56626486778	-1
8.58500289917	-1
8.58500289917	-1
8.58500289917	-1
8.58500289917	-1
8.58500289917	-1
8.61240386963	-1
8.61240386963	-1
8.61243700981	1
8.63482689857	-1
8.64189195633	-1
8.64189195633	-1
8.64189195633	-1
8.64189195633	-1
8.64189195633	-1
8.64189195633	-1
8.64189195633	-1
8.66466593742	-1
8.66466593742	-1
8.68905496597	-1
8.68905496597	-1
8.68905496597	-1
8.68905496597	-1
8.68905496597	-1
8.69914889336	-1
8.69914889336	-1
8.69914889336	-1
8.69914889336	-1
8.7090408802	-1
8.72855687141	-1
8.72855687141	-1
8.72855687141	-1
8.72859692574	1
8.74775099754	-1
8.74775099754	-1
8.74775099754	-1
8.74775099754	-1
8.74775099754	-1
8.74775099754	-1
8.74775099754	-1
8.74775099754	-1
8.77851486206	-1
8.77851486206	-1
8.77851486206	-1
8.77851486206	-1
8.77851486206	-1
8.77851486206	-1
8.77851486206	-1
8.77851486206	-1
8.77851486206	-1
8.81309485435	-1
8.81309485435	-1
8.82468390465	-1
8.82468390465	-1
8.82468390465	-1
8.82468390465	-1
8.82468390465	-1
8.82468390465	-1
8.82468390465	-1
8.83531308174	-1
8.84420204163	-1
8.84420204163	-1
8.84420204163	-1
8.84420204163	-1
8.84420204163	-1
8.84420204163	-1
8.84420204163	-1
8.85399103165	-1
8.85399103165	-1
8.85399103165	-1
8.85399103165	-1
8.85399103165	-1
8.87149786949	-1
8.87259292603	1
8.88087487221	-1
8.88087487221	-1
8.88087487221	-1
8.89937996864	-1
8.89937996864	-1
8.89937996864	-1
8.90784788132	-1
8.90784788132	-1
8.93191194534	-1
8.93191194534	-1
8.93191194534	-1
8.93805599213	-1
8.93805599213	-1
8.95374298096	-1
8.95374298096	-1
8.95374298096	-1
8.95374298096	-1
8.95374298096	-1
8.96031403542	-1
8.97579789162	-1
8.97579789162	-1
8.98390698433	-1
8.98390698433	-1
8.98390698433	-1
8.98390698433	-1
9.00214290619	-1
9.00214290619	-1
9.00214290619	-1
9.00214290619	-1
9.00214290619	-1
9.01208591461	-1
9.0322329998	-1
9.0322329998	-1
9.0322329998	-1
9.0322329998	-1
9.0322329998	-1
9.0322329998	-1
9.0322329998	-1
9.0322329998	-1
9.04914999008	-1
9.04914999008	-1
9.06155991554	-1
9.06155991554	-1
9.06155991554	-1
9.09676194191	-1
9.09676194191	-1
9.09676194191	-1
9.09676194191	-1
9.09676194191	-1
9.09766602516	1
9.13147306442	-1
9.13147306442	-1
9.13147306442	-1
9.13147306442	-1
9.13147306442	-1
9.13147306442	-1
9.13147306442	-1
9.13147306442	-1
9.15194296837	-1
9.15194296837	-1
9.15194296837	-1
9.15194296837	-1
9.15194296837	-1
9.1638739109	-1
9.18486189842	-1
9.18486189842	-1
9.18486189842	-1
9.18486189842	-1
9.19766306877	-1
9.21830606461	-1
9.21830606461	-1
9.21830606461	-1
9.23919391632	-1
9.23919391632	-1
9.25940489769	-1
9.25940489769	-1
9.25940489769	-1
9.25940489769	-1
9.2600479126	1
9.28692889214	-1
9.28692889214	-1
9.30415201187	-1
9.30415201187	-1
9.30415201187	-1
9.30415201187	-1
9.30415201187	-1
9.30415201187	-1
9.30415201187	-1
9.31869196892	-1
9.34416794777	-1
9.34416794777	-1
9.34416794777	-1
9.34416794777	-1
9.34416794777	-1
9.34416794777	-1
9.34416794777	-1
9.34416794777	-1
9.37490487099	-1
9.37490487099	-1
9.37527489662	-1
9.37527489662	-1
9.37527489662	-1
9.37527489662	-1
9.37527489662	-1
9.37527489662	-1
9.37527489662	-1
9.37529993057	1
9.39505505562	-1
9.39505505562	-1
9.40420889854	-1
9.40420889854	-1
9.40420889854	-1
9.40420889854	-1
9.40420889854	-1
9.40420889854	-1
9.40420889854	-1
9.41579794884	-1
9.43631792068	-1
9.43631792068	-1
9.43631792068	-1
9.43631792068	-1
9.43631792068	-1
9.45573306084	-1
9.45573306084	-1
9.45573306084	-1
9.47219705582	-1
9.47219705582	-1
9.47885203362	-1
9.47885203362	-1
9.47885203362	-1
9.47885203362	-1
9.49071907997	-1
9.49075388908	1
9.49726295471	-1
9.49726295471	-1
9.49726295471	-1
9.49726295471	-1
9.51813101768	-1
9.51813101768	-1
9.51813101768	-1
9.51813101768	-1
9.51813101768	-1
9.53547596931	-1
9.53547596931	-1
9.5443649292	-1
9.5443649292	-1
9.5443649292	-1
9.5443649292	-1
9.5443649292	-1
9.5443649292	-1
9.5443649292	-1
9.55404996872	-1
9.57176399231	-1
9.57176399231	-1
9.57176399231	-1
9.57176399231	-1
9.57176399231	-1
9.58057188988	-1
9.58978486061	-1
9.58978486061	-1
9.58978486061	-1
9.58978486061	-1
9.58978486061	-1
9.58978486061	-1
9.58978486061	-1
9.60002684593	-1
9.62034106255	-1
9.62034106255	-1
9.62034106255	-1
9.62034106255	-1
9.62034106255	-1
9.62034106255	-1
9.62034106255	-1
9.62034106255	-1
9.62967896461	-1
9.64851403236	-1
9.64851403236	-1
9.64851403236	-1
9.64851403236	-1
9.64851403236	-1
9.64851403236	-1
9.64851403236	-1
9.64851403236	-1
9.66795492172	-1
9.66795492172	-1
9.67680096626	-1
9.67680096626	-1
9.67680096626	-1
9.67680096626	-1
9.67680096626	-1
9.67680096626	-1
9.67680096626	-1
9.68701791763	-1
9.70829486847	-1
9.70829486847	-1
9.70829486847	-1
9.70829486847	-1
9.70829486847	-1
9.71933507919	-1
9.7284450531	-1
9.7284450531	-1
9.7284450531	-1
9.72905898094	1
9.75636100769	-1
9.75636100769	-1
9.75636100769	-1
9.75636100769	-1
9.75636100769	-1
9.75636100769	-1
9.75636100769	-1
9.75636100769	-1
9.75636100769	-1
9.77204704285	-1
9.77204704285	-1
9.77204704285	-1
9.77204704285	-1
9.77204704285	-1
9.77204704285	-1
9.77204704285	-1
9.77204704285	-1
9.80074000359	-1
9.80074000359	-1
9.81273603439	-1
9.81273603439	-1
9.81273603439	-1
9.81273603439	-1
9.83081889153	-1
9.83081889153	-1
9.83722901344	-1
9.83722901344	-1
9.83722901344	-1
9.85316085815	-1
9.85316085815	-1
9.85319304466	1
9.86340093613	-1
9.86340093613	-1
9.86340093613	-1
9.86340093613	-1
9.86340093613	-1
9.86340093613	-1
9.86340093613	-1
9.87142896652	-1
9.88828396797	-1
9.88828396797	-1
9.88828396797	-1
9.88828396797	-1
9.88828396797	-1
9.89536905289	-1
9.90352201462	-1
9.90352201462	-1
9.90352201462	-1
9.90352201462	-1
9.91058492661	-1
9.91693496704	-1
9.91693496704	-1
9.91693496704	-1
9.91693496704	-1
9.92643690109	-1
9.93528389931	-1
9.93528389931	-1
9.93528389931	-1
9.93528389931	-1
9.94370794296	-1
9.94370794296	-1
9.94370794296	-1
9.94370794296	-1
9.94370794296	-1
9.94370794296	-1
9.94370794296	-1
9.97662997246	-1
9.97662997246	-1
9.97662997246	-1
9.97662997246	-1
9.97662997246	-1
9.97662997246	-1
9.97662997246	-1
9.97662997246	-1
9.97662997246	-1
9.97666406631	1
9.97666406631	1
9.9852950573	-1
9.9852950573	-1
9.9852950573	-1
9.9852950573	-1
9.9852950573	-1
9.9966840744	-1
9.9966840744	-1
9.9966840744	-1
9.9966840744	-1
9.9966840744	-1
9.9966840744	-1
9.9966840744	-1
10.0131499767	-1
10.0249419212	-1
10.0249419212	-1
10.0249419212	-1
10.0405869484	-1
10.0405869484	-1
10.0405869484	-1
10.0405869484	-1
10.0405869484	-1
10.0405869484	-1
10.0405869484	-1
10.0405869484	-1
10.0806438923	-1
10.0806438923	-1
10.0806438923	-1
10.0806438923	-1
10.0806438923	-1
10.0806438923	-1
10.0918800831	-1
10.0918800831	-1
10.0918800831	-1
10.0918800831	-1
10.0919189453	1
10.1032049656	-1
10.1259999275	-1
10.1259999275	-1
10.1259999275	-1
10.1259999275	-1
10.1259999275	-1
10.1259999275	-1
10.1259999275	-1
10.1443479061	-1
10.1444549561	-1
10.1444549561	-1
10.1444549561	-1
10.1444549561	-1
10.1444549561	-1
10.1444549561	-1
10.1444549561	-1
10.1634550095	-1
10.1634550095	-1
10.1722579002	-1
10.1722579002	-1
10.1722579002	-1
10.1722579002	-1
10.1722579002	-1
10.1722579002	-1
10.1722579002	-1
10.1823430061	-1
10.2003219128	-1
10.2003219128	-1
10.2088420391	-1
10.2088420391	-1
10.2088420391	-1
10.2088580132	1
10.2267930508	-1
10.2276849747	-1
10.2276849747	-1
10.2276849747	-1
10.2276849747	-1
10.2276849747	-1
10.2355399132	-1
10.2407410145	-1
10.2407410145	-1
10.2407410145	-1
10.2594799995	-1
10.2594799995	-1
10.2664680481	-1
10.2664680481	-1
10.2664680481	-1
10.2664680481	-1
10.2664680481	-1
10.2664680481	-1
10.2664680481	-1
10.2760879993	-1
10.2924089432	-1
10.2924089432	-1
10.2924089432	-1
10.2924089432	-1
10.3167569637	-1
10.3168709278	-1
10.3168709278	-1
10.3168709278	-1
10.3168709278	-1
10.3168709278	-1
10.3168709278	-1
10.3168709278	-1
10.3425009251	-1
10.3611979485	-1
10.3611979485	-1
10.3611979485	-1
10.3611979485	-1
10.3611979485	-1
10.3718869686	-1
10.3829240799	-1
10.3829240799	-1
10.3829240799	-1
10.3829240799	-1
10.3918309212	-1
10.3918309212	-1
10.3918309212	-1
10.3918309212	-1
10.4086849689	-1
10.4086849689	-1
10.4181060791	-1
10.4181060791	-1
10.4181060791	-1
10.4440948963	-1
10.4440948963	-1
10.4440948963	-1
10.4440948963	-1
10.4440948963	-1
10.4440948963	-1
10.4453380108	1
10.4592649937	-1
10.4592649937	-1
10.4592649937	-1
10.4592649937	-1
10.4592649937	-1
10.4760990143	-1
10.4771850109	-1
10.4771850109	-1
10.4771850109	-1
10.4771850109	-1
10.4914488792	-1
10.4914488792	-1
10.4914488792	-1
10.4914488792	-1
10.5139949322	-1
10.5139949322	-1
10.5139949322	-1
10.5139949322	-1
10.5139949322	-1
10.5139949322	-1
10.5139949322	-1
10.5139949322	-1
10.5139949322	-1
10.5317080021	-1
10.5317080021	-1
10.5317080021	-1
10.5317080021	-1
10.5317080021	-1
10.5561800003	-1
10.5561800003	-1
10.5562930107	-1
10.5562930107	-1
10.5562930107	-1
10.5808770657	-1
10.5808770657	-1
10.5808770657	-1
10.5808770657	-1
10.5808770657	-1
10.5808770657	-1
10.5808770657	-1
10.5808770657	-1
10.5808770657	-1
10.5808880329	1
10.5808880329	1
10.5919690132	-1
10.6080038548	-1
10.6080038548	-1
10.6080038548	-1
10.6080038548	-1
10.6080038548	-1
10.6157639027	-1
10.6328458786	-1
10.6328458786	-1
10.6328458786	-1
10.6328458786	-1
10.6328458786	-1
10.6328458786	-1
10.6328458786	-1
10.6328458786	-1
10.6535098553	-1
10.6535098553	-1
10.6631770134	-1
10.6631770134	-1
10.6631770134	-1
10.6631770134	-1
10.6631770134	-1
10.6631770134	-1
10.6631770134	-1
10.6873600483	-1
10.6873600483	-1
10.6971509457	-1
10.6971509457	-1
10.7229349613	-1
10.7229349613	-1
10.7385179996	-1
10.7385179996	-1
10.7385179996	-1
10.7639930248	-1
10.7639930248	-1
10.7639930248	-1
10.7735359669	-1
10.7735359669	-1
10.7735359669	-1
10.7735359669	-1
10.7841749191	-1
10.8246278763	-1
10.8246278763	-1
10.8246278763	-1
10.8246278763	-1
10.8254449368	1
10.8525629044	-1
10.8525629044	-1
10.8525629044	-1
10.8525629044	-1
10.8525629044	-1
10.8525629044	-1
10.8525629044	-1
10.8525629044	-1
10.8642978668	-1
10.8642978668	-1
10.8642978668	-1
10.8642978668	-1
10.8642978668	-1
10.8642978668	-1
10.8757839203	-1
10.8757839203	-1
10.8757839203	-1
10.8757839203	-1
10.8757839203	-1
10.8870699406	-1
10.8995819092	-1
10.8995819092	-1
10.8995819092	-1
10.8995819092	-1
10.8995819092	-1
10.9345469475	-1
10.9345469475	-1
10.9345469475	-1
10.9345469475	-1
10.9345469475	-1
10.9345469475	-1
10.9345469475	-1
10.9345469475	-1
10.9345469475	-1
10.9549129009	-1
10.9549129009	-1
10.9549129009	-1
10.9549129009	-1
10.9549129009	-1
10.9549489021	1
10.9674248695	-1
10.9948899746	-1
10.9948899746	-1
10.9948899746	-1
10.9948899746	-1
11.0202829838	-1
11.0202829838	-1
11.0325889587	-1
11.0325889587	-1
11.0325889587	-1
11.0325889587	-1
11.0440380573	-1
11.0585050583	-1
11.0585050583	-1
11.0585050583	-1
11.0585050583	-1
11.0585050583	-1
11.0585050583	-1
11.0585050583	-1
11.07487607	-1
11.0749080181	1
11.1041610241	-1
11.1041610241	-1
11.1041610241	-1
11.1041610241	-1
11.1283068657	-1
11.1283068657	-1
11.1378879547	-1
11.1378879547	-1
11.1378879547	-1
11.1378879547	-1
11.1378879547	-1
11.1378879547	-1
11.1378879547	-1
11.1473929882	-1
11.1678900719	-1
11.1678900719	-1
11.1678900719	-1
11.1911568642	-1
11.1911568642	-1
11.2028479576	-1
11.2028479576	-1
11.2028479576	-1
11.2028479576	-1
11.2160758972	-1
11.2294900417	-1
11.2294900417	-1
11.2294900417	-1
11.2294900417	-1
11.2294900417	-1
11.2294900417	-1
11.2294900417	-1
11.2540450096	-1
11.2540450096	-1
11.2646949291	-1
11.2646949291	-1
11.2646949291	-1
11.2876119614	-1
11.2876119614	-1
11.3116929531	-1
11.3116929531	-1
11.3441960812	-1
11.3441960812	-1
11.3441960812	-1
11.3441960812	-1
11.3798069954	-1
11.3798069954	-1
11.3798069954	-1
11.3988499641	-1
11.3988499641	-1
11.3988499641	-1
11.4189789295	-1
11.4189789295	-1
11.4189789295	-1
11.4189789295	-1
11.4189789295	-1
11.439234972	-1
11.439234972	-1
11.439234972	-1
11.439234972	-1
11.439234972	-1
11.439234972	-1
11.439234972	-1
11.439234972	-1
11.4402768612	1
11.4604680538	-1
11.4604680538	-1
11.466755867	-1
11.466755867	-1
11.466755867	-1
11.466755867	-1
11.4946699142	-1
11.5117480755	-1
11.5117480755	-1
11.5117480755	-1
11.5117480755	-1
11.5199389458	-1
11.5199389458	-1
11.5199389458	-1
11.5199389458	-1
11.5536708832	-1
11.5536708832	-1
11.5536708832	-1
11.5536708832	-1
11.5536708832	-1
11.5536708832	-1
11.5642988682	-1
11.5642988682	-1
11.5642988682	-1
11.5642988682	-1
11.5643320084	1
11.5722630024	-1
11.5929689407	-1
11.5929689407	-1
11.5929689407	-1
11.6167628765	-1
11.6167628765	-1
11.6402549744	-1
11.6402549744	-1
11.6402549744	-1
11.6402549744	-1
11.6402549744	-1
11.6529078484	-1
11.6765220165	-1
11.6765220165	-1
11.7090170383	-1
11.7090170383	-1
11.7090170383	-1
11.7179050446	-1
11.7179050446	-1
11.7179050446	-1
11.7179050446	-1
11.7286970615	-1
11.7414159775	-1
11.7414159775	-1
11.7693269253	-1
11.7693269253	-1
11.7693269253	-1
11.7693269253	-1
11.8031010628	-1
11.8031010628	-1
11.803912878	1
11.8227989674	-1
11.8227989674	-1
11.8227989674	-1
11.8432788849	-1
11.8432788849	-1
11.8628959656	-1
11.8628959656	-1
11.8628959656	-1
11.8791968822	-1
11.8791968822	-1
11.8951120377	-1
11.8951120377	-1
11.8951120377	-1
11.9183518887	-1
11.9183518887	-1
11.9183518887	-1
11.9359960556	-1
11.9359960556	-1
11.9681749344	-1
11.9681749344	-1
11.9927389622	-1
11.9927389622	-1
11.9927389622	-1
12.0101249218	-1
12.0361249447	-1
12.0361249447	-1
12.0361249447	-1
12.0553739071	-1
12.0553739071	-1
12.0553739071	-1
12.0718359947	-1
12.0718359947	-1
12.0718359947	-1
12.0876140594	-1
12.0876140594	-1
12.1048359871	-1
12.1048359871	-1
12.1048359871	-1
12.1238610744	-1
12.1238610744	-1
12.1246459484	1
12.1405498981	-1
12.1405498981	-1
12.1405498981	-1
12.1740939617	-1
12.1740939617	-1
12.1740939617	-1
12.1947989464	-1
12.1947989464	-1
12.1947989464	-1
12.2135498524	-1
12.2135498524	-1
12.2307538986	-1
12.2307538986	-1
12.2307538986	-1
12.2498400211	-1
12.2498400211	-1
12.2498729229	1
12.2655670643	-1
12.2691149712	-1
12.2691149712	-1
12.2691149712	-1
12.2691149712	-1
12.2691149712	-1
12.2691149712	-1
12.2691149712	-1
12.3075289726	-1
12.3075289726	-1
12.3145740032	-1
12.3145740032	-1
12.3145740032	-1
12.3145740032	-1
12.3145740032	-1
12.3145740032	-1
12.3145740032	-1
12.3376500607	-1
12.3458440304	-1
12.3458440304	-1
12.3458440304	-1
12.3458440304	-1
12.3458440304	-1
12.3458440304	-1
12.3458440304	-1
12.3556530476	-1
12.3556530476	-1
12.3556530476	-1
12.3556530476	-1
12.3556530476	-1
12.3688209057	-1
12.384157896	-1
12.3906400204	-1
12.3906400204	-1
12.3906400204	-1
12.3906400204	-1
12.3906400204	-1
12.3906400204	-1
12.3906400204	-1
12.4338619709	-1
12.4338619709	-1
12.4338619709	-1
12.4338619709	-1
12.4338619709	-1
12.4338619709	-1
12.4338619709	-1
12.4338619709	-1
12.4517190456	-1
12.4517190456	-1
12.4530179501	1
12.4597439766	-1
12.4597439766	-1
12.4597439766	-1
12.4597439766	-1
12.4597439766	-1
12.4597439766	-1
12.4597439766	-1
12.4710688591	-1
12.4958488941	-1
12.4958488941	-1
12.5059840679	-1
12.5059840679	-1
12.5059840679	-1
12.5059840679	-1
12.5059840679	-1
12.5059840679	-1
12.5059840679	-1
12.527755022	-1
12.527755022	-1
12.527755022	-1
12.527755022	-1
12.527755022	-1
12.5496058464	-1
12.5496058464	-1
12.5597028732	-1
12.5597028732	-1
12.5597028732	-1
12.5938398838	-1
12.5938398838	-1
12.6046309471	-1
12.6046309471	-1
12.6046309471	-1
12.6046309471	-1
12.6122889519	-1
12.6122889519	-1
12.6122889519	-1
12.6122889519	-1
12.613188982	1
12.6302919388	-1
12.6302919388	-1
12.6302919388	-1
12.6601278782	-1
12.6601278782	-1
12.6601278782	-1
12.6800329685	-1
12.6800329685	-1
12.6800329685	-1
12.6800329685	-1
12.6800329685	-1
12.6905698776	-1
12.6905698776	-1
12.7230820656	-1
12.7230820656	-1
12.7230820656	-1
12.7399330139	-1
12.7399330139	-1
12.7399330139	-1
12.7399330139	-1
12.7399330139	-1
12.7399330139	-1
12.7399330139	-1
12.7399330139	-1
12.739964962	1
12.7593688965	-1
12.7593688965	-1
12.7593688965	-1
12.7593688965	-1
12.7593688965	-1
12.7732739449	-1
12.8162388802	-1
12.8162388802	-1
12.8162388802	-1
12.8448059559	-1
12.8448059559	-1
12.8572900295	-1
12.8572900295	-1
12.8572900295	-1
12.867579937	-1
12.867579937	-1
12.867579937	-1
12.867579937	-1
12.8930199146	-1
12.8930199146	-1
12.8930199146	-1
12.8930199146	-1
12.8930199146	-1
12.9042789936	-1
12.9191889763	-1
12.9191889763	-1
12.9191889763	-1
12.9264008999	1
12.9265739918	1
12.9265739918	1
12.9265739918	1
12.9265739918	1
12.9265739918	1
12.9272720814	1
12.9273889065	1
12.9273889065	1
12.9273889065	1
12.9892249107	-1
12.9907040596	1
12.9907040596	1
13.0497028828	1
13.2648539543	1
13.3427639008	-1
13.3628120422	-1
13.3628120422	-1
13.3628120422	-1
13.3628120422	-1
13.3628120422	-1
13.3996758461	-1
13.4127519131	-1
13.4127519131	-1
13.4127519131	-1
13.4127519131	-1
13.4127519131	-1
13.4127519131	-1
13.4143600464	1
13.4145159721	1
13.4145159721	1
13.4145159721	1
13.4145159721	1
13.4809339046	1
13.4809339046	1
13.48112607	1
13.48112607	1
13.48112607	1
13.48112607	1
13.48112607	1
13.48112607	1
13.5959830284	-1
13.654695034	-1
13.654695034	-1
13.654695034	-1
13.65691185	1
13.65691185	1
13.65691185	1
13.65691185	1
13.65691185	1
13.65691185	1
13.65691185	1
13.6807589531	-1
13.6807589531	-1
13.6807589531	-1
13.7087368965	-1
13.7087368965	-1
13.7201020718	-1
13.7201020718	-1
13.7201020718	-1
13.7201020718	-1
13.7354609966	-1
13.7482869625	-1
13.7482869625	-1
13.7482869625	-1
13.7482869625	-1
13.7482869625	-1
13.7482869625	-1
13.8193030357	-1
13.8193030357	-1
13.8193030357	-1
13.8193428516	1
13.8836250305	-1
13.8836250305	-1
13.8836250305	-1
13.900151968	-1
13.9196689129	-1
13.9196689129	-1
13.9196689129	-1
13.9462800026	-1
13.9462800026	-1
13.9462800026	-1
13.9463238716	1
13.9712529182	-1
13.9712529182	-1
14.0160210133	-1
14.0160210133	-1
14.051142931	-1
14.051142931	-1
14.051142931	-1
14.0629570484	-1
14.0629570484	-1
14.0629570484	-1
14.0629570484	-1
14.0629770756	1
14.0629770756	1
14.0755269527	-1
14.1239218712	-1
14.1239218712	-1
14.1239218712	-1
14.1557228565	-1
14.1557228565	-1
14.1557228565	-1
14.1829359531	-1
14.1829359531	-1
14.1829779148	1
14.1829779148	1
14.1965198517	-1
14.1965198517	-1
14.1965198517	-1
14.1965198517	-1
14.2160480022	-1
14.2160480022	-1
14.2248680592	-1
14.2248680592	-1
14.2248680592	-1
14.2248680592	-1
14.2376790047	-1
14.2474679947	-1
14.2474679947	-1
14.2474679947	-1
14.3119390011	-1
14.3119390011	-1
14.3119390011	-1
14.3119390011	-1
14.3119390011	-1
14.3119390011	-1
14.3119390011	-1
14.3119390011	-1
14.3409130573	-1
14.3409130573	-1
14.3409130573	-1
14.3409130573	-1
14.3409130573	-1
14.3542029858	-1
14.3893198967	-1
14.3893198967	-1
14.3893198967	-1
14.3893198967	-1
14.3893198967	-1
14.3893198967	-1
14.4179129601	-1
14.4179129601	-1
14.4604389668	-1
14.4604389668	-1
14.4604389668	-1
14.4604389668	-1
14.4604389668	-1
14.4604389668	-1
14.4650530815	1
14.4848790169	-1
14.4848790169	-1
14.4848790169	-1
14.5048639774	-1
14.5409600735	-1
14.5409600735	-1
14.5409600735	-1
14.5409600735	-1
14.5607690811	-1
14.5607690811	-1
14.588999033	-1
14.588999033	-1
14.588999033	-1
14.5890128613	1
14.5890128613	1
14.61282897	-1
14.61282897	-1
14.6361958981	-1
14.6361958981	-1
14.6361958981	-1
14.663269043	-1
14.663269043	-1
14.663269043	-1
14.6713578701	-1
14.6713578701	-1
14.6713578701	-1
14.6713578701	-1
14.6713578701	-1
14.6713578701	-1
14.6713578701	-1
14.6827149391	-1
14.6988229752	-1
14.6988229752	-1
14.6988229752	-1
14.6988229752	-1
14.6988229752	-1
14.7160220146	-1
14.7160220146	-1
14.7160220146	-1
14.7160220146	-1
14.7160220146	-1
14.7160539627	1
14.7344739437	-1
14.7344739437	-1
14.7420198917	-1
14.7420198917	-1
14.7420198917	-1
14.7781999111	-1
14.7781999111	-1
14.7781999111	-1
14.7781999111	-1
14.7781999111	-1
14.8020379543	-1
14.8020379543	-1
14.8020379543	-1
14.8020379543	-1
14.8020379543	-1
14.814303875	-1
14.8243589401	-1
14.8243589401	-1
14.8492569923	-1
14.8492569923	-1
14.8492908478	1
14.8653929234	-1
14.8653929234	-1
14.8653929234	-1
14.8976938725	-1
14.8976938725	-1
14.8976938725	-1
14.9257369041	-1
14.9257369041	-1
14.9538390636	-1
14.9538390636	-1
14.9538390636	-1
14.9538390636	-1
14.9538390636	-1
14.978687048	-1
14.978687048	-1
14.978687048	-1
15.0147080421	-1
15.0147080421	-1
15.0147080421	-1
15.0147080421	-1
15.0248398781	-1
15.0454258919	-1
15.0454258919	-1
15.0454258919	-1
15.0454258919	-1
15.0518639088	-1
15.0737969875	-1
15.0737969875	-1
15.0737969875	-1
15.0872850418	-1
15.0872850418	-1
15.0872850418	-1
15.1009039879	-1
15.1009039879	-1
15.1009039879	-1
15.1130058765	-1
15.1130058765	-1
15.1257798672	-1
15.1257798672	-1
15.1257798672	-1
15.1398069859	-1
15.1398069859	-1
15.154695034	-1
15.154695034	-1
15.154695034	-1
15.1967968941	-1
15.1967968941	-1
15.2112798691	-1
15.2112798691	-1
15.2112798691	-1
15.2623710632	-1
15.2623710632	-1
15.2623710632	-1
15.2623710632	-1
15.2623710632	-1
15.2623710632	-1
15.2694299221	-1
15.2694299221	-1
15.2763140202	1
15.2861449718	-1
15.2861449718	-1
15.3041460514	-1
15.3041460514	-1
15.3041460514	-1
15.3168010712	-1
15.4690580368	-1
15.4690580368	-1
15.5254368782	1
15.6723799706	-1
15.6733648777	1
15.913547039	-1
16.166301012	1
16.3927528858	-1
16.5075590611	-1
16.5075590611	-1
16.5351159573	1
16.5352590084	1
16.5352590084	1
16.5352590084	1
16.6497859955	1
16.6497859955	1
16.6497859955	1
16.6497859955	1
16.6497859955	1
16.6497859955	1
16.6499419212	1
16.6499419212	1
16.6499490738	1
16.6499490738	1
16.6499490738	1
16.7646520138	1
16.7646520138	1
16.7646698952	1
16.7646698952	1
16.7646698952	1
16.7646698952	1
16.7646698952	1
16.7646698952	1
16.7646698952	1
16.7646698952	1
