0.0	1
0.25120806694	1
0.584217071533	-1
0.585899114609	1
0.698528051376	-1
0.700222015381	1
0.7026720047	1
0.7026720047	1
0.7026720047	1
0.855172157288	1
0.855172157288	1
0.855172157288	1
1.18223404884	-1
1.18383407593	1
1.29841303825	-1
1.29841303825	-1
1.30025315285	1
1.41481208801	-1
1.41485595703	1
1.52944803238	-1
1.52944803238	-1
1.53099894524	1
1.68225693703	1
1.68483710289	-1
1.69223213196	-1
1.69223213196	-1
1.69223213196	-1
1.69223213196	-1
1.69223213196	-1
1.69223213196	-1
1.69223213196	-1
1.72993302345	-1
1.72993302345	-1
1.80673003197	-1
1.80677199364	1
1.9212679863	-1
1.92131304741	1
1.96548008919	-1
1.96548008919	-1
1.96548008919	-1
1.96548008919	-1
1.96548008919	-1
1.96548008919	-1
1.96548008919	-1
2.01688313484	-1
2.03579115868	-1
2.03579115868	-1
2.0358300209	1
2.0358300209	1
2.05834698677	-1
2.05834698677	-1
2.05834698677	-1
2.05834698677	-1
2.05834698677	-1
2.05834698677	-1
2.05834698677	-1
2.15052914619	1
2.1962120533	-1
2.1962120533	-1
2.1962120533	-1
2.1962120533	-1
2.1962120533	-1
2.1962120533	-1
2.1962120533	-1
2.1962120533	-1
2.26489710808	-1
2.37955904007	-1
2.37955904007	-1
2.38119411469	1
2.49573516846	-1
2.4957780838	1
2.61014795303	-1
2.78493094444	-1
2.93578004837	-1
2.94321799278	1
3.00710606575	-1
3.00710606575	-1
3.00710606575	-1
3.00710606575	-1
3.04019904137	1
3.04019904137	1
3.04019904137	1
3.04489803314	-1
3.04489803314	-1
3.04489803314	-1
3.04489803314	-1
3.04489803314	-1
3.04489803314	-1
3.0621650219	1
3.0621650219	1
3.0621650219	1
3.09213900566	1
3.09213900566	1
3.17221212387	-1
3.17221212387	-1
3.17460608482	1
3.17460608482	1
3.17460608482	1
3.17460608482	1
3.17460608482	1
3.17460608482	1
3.17460608482	1
3.28782606125	1
3.28918600082	1
3.37469506264	-1
3.4034371376	1
3.4034371376	1
3.48035001755	-1
3.48035001755	-1
3.48035001755	-1
3.49935507774	1
3.49935507774	1
3.49935507774	1
3.50156903267	1
3.50156903267	1
3.51804900169	-1
3.51933312416	1
3.51933312416	1
3.51933312416	1
3.51933312416	1
3.51933312416	1
3.51933312416	1
3.56394100189	-1
3.56394100189	-1
3.56394100189	-1
3.56619501114	1
3.56619501114	1
3.58710002899	-1
3.58710002899	-1
3.6325199604	-1
3.6325199604	-1
3.63255405426	1
3.63255405426	1
3.67063307762	-1
3.67063307762	-1
3.67063307762	-1
3.68143701553	-1
3.68143701553	-1
3.68143701553	-1
3.68143701553	-1
3.68143701553	-1
3.70939207077	-1
3.70939207077	-1
3.70939207077	-1
3.70939207077	-1
3.70939207077	-1
3.70939207077	-1
3.70939207077	-1
3.70939207077	-1
3.70939207077	-1
3.73159599304	-1
3.73159599304	-1
3.73159599304	-1
3.73159599304	-1
3.73171901703	-1
3.7568359375	-1
3.7568359375	-1
3.7568359375	-1
3.7568359375	-1
3.75685310364	1
3.75686597824	-1
3.81263899803	-1
3.81263899803	-1
3.81263899803	-1
3.81263899803	-1
3.81263899803	-1
3.81263899803	-1
3.81263899803	-1
3.81287503242	-1
3.81287503242	-1
3.82582712173	-1
3.82582712173	-1
3.82582712173	-1
3.82582712173	-1
3.82582712173	-1
3.82582712173	-1
3.82582712173	-1
3.82582712173	-1
3.84608101845	-1
3.84608101845	-1
3.84608101845	-1
3.84608101845	-1
3.84608101845	-1
3.84608101845	-1
3.84608101845	-1
3.84631705284	-1
3.87163114548	-1
3.87163114548	-1
3.87163114548	-1
3.87167215347	1
3.87167215347	1
3.87466096878	-1
3.87466096878	-1
3.87466096878	-1
3.87466096878	-1
3.87466096878	-1
3.89059305191	-1
3.90933203697	-1
3.90933203697	-1
3.90933203697	-1
3.90933203697	-1
3.90933203697	-1
3.90933203697	-1
3.90933203697	-1
3.90933203697	-1
3.90968203545	-1
3.90968203545	-1
3.90968203545	-1
3.90968203545	-1
3.90968203545	-1
3.90968203545	-1
3.90968203545	-1
3.93764400482	-1
3.93786215782	-1
3.93786215782	-1
3.93786215782	-1
3.93786215782	-1
3.93786215782	-1
3.94744610786	-1
3.94749307632	-1
3.94749307632	-1
3.94749307632	-1
3.94749307632	-1
3.94749307632	-1
3.94749307632	-1
3.94749307632	-1
3.96714401245	-1
3.96714401245	-1
3.96714401245	-1
3.96714401245	-1
3.98647403717	-1
3.98647403717	-1
3.98651313782	1
3.9914419651	-1
3.9914419651	-1
3.9914419651	-1
3.9914419651	-1
3.9914419651	-1
3.9914419651	-1
3.9914419651	-1
4.01299905777	-1
4.01299905777	-1
4.01299905777	-1
4.01299905777	-1
4.01299905777	-1
4.01299905777	-1
4.01299905777	-1
4.02612709999	-1
4.02612709999	-1
4.02612709999	-1
4.02612709999	-1
4.02612709999	-1
4.02612709999	-1
4.02612709999	-1
4.02612709999	-1
4.07353210449	-1
4.07353210449	-1
4.07353210449	-1
4.07353210449	-1
4.07353210449	-1
4.07353210449	-1
4.07353210449	-1
4.07353210449	-1
4.07353210449	-1
4.08613204956	-1
4.08613204956	-1
4.08613204956	-1
4.08613204956	-1
4.08613204956	-1
4.08613204956	-1
4.08613204956	-1
4.09658908844	-1
4.10594797134	1
4.10594797134	1
4.11745905876	-1
4.11745905876	-1
4.11745905876	-1
4.11745905876	-1
4.11745905876	-1
4.11745905876	-1
4.11745905876	-1
4.11745905876	-1
4.1259970665	-1
4.14889097214	-1
4.14889097214	-1
4.14889097214	-1
4.14889097214	-1
4.14889097214	-1
4.14889097214	-1
4.14889097214	-1
4.14889097214	-1
4.16114497185	-1
4.16114497185	-1
4.16114497185	-1
4.16114497185	-1
4.16114497185	-1
4.16114497185	-1
4.16114497185	-1
4.17379498482	-1
4.198346138	-1
4.198346138	-1
4.198346138	-1
4.21188998222	-1
4.21188998222	-1
4.21188998222	-1
4.21188998222	-1
4.21188998222	-1
4.21188998222	-1
4.21188998222	-1
4.21249508858	1
4.21249508858	1
4.21249508858	1
4.24907112122	-1
4.24907112122	-1
4.24907112122	-1
4.24907112122	-1
4.24907112122	-1
4.24907112122	-1
4.24907112122	-1
4.24907112122	-1
4.24907112122	-1
4.26122808456	-1
4.26122808456	-1
4.26122808456	-1
4.26122808456	-1
4.27316904068	-1
4.29402899742	-1
4.29402899742	-1
4.29402899742	-1
4.29402899742	-1
4.29402899742	-1
4.29402899742	-1
4.29402899742	-1
4.29402899742	-1
4.30182504654	-1
4.30182504654	-1
4.30182504654	-1
4.30182504654	-1
4.30182504654	-1
4.30182504654	-1
4.30182504654	-1
4.31263709068	-1
4.32154202461	-1
4.32154202461	-1
4.32154202461	-1
4.32154202461	-1
4.32154202461	-1
4.32154202461	-1
4.32154202461	-1
4.33528614044	-1
4.33532810211	1
4.33532810211	1
4.34569001198	-1
4.34569001198	-1
4.34569001198	-1
4.34569001198	-1
4.34569001198	-1
4.34569001198	-1
4.34569001198	-1
4.37026405334	-1
4.37026405334	-1
4.3822851181	-1
4.3822851181	-1
4.3822851181	-1
4.3822851181	-1
4.3822851181	-1
4.3822851181	-1
4.3822851181	-1
4.3942861557	-1
4.3942861557	-1
4.3942861557	-1
4.3942861557	-1
4.3942861557	-1
4.3942861557	-1
4.3942861557	-1
4.42075300217	-1
4.42075300217	-1
4.42075300217	-1
4.42075300217	-1
4.42075300217	-1
4.42075300217	-1
4.42075300217	-1
4.42075300217	-1
4.44790101051	-1
4.44790101051	-1
4.44790101051	-1
4.44790101051	-1
4.47844004631	-1
4.47844004631	-1
4.47844004631	-1
4.47844004631	-1
4.47844004631	-1
4.47844004631	-1
4.47844004631	-1
4.47844004631	-1
4.48982214928	-1
4.53782200813	-1
4.53782200813	-1
4.53782200813	-1
4.53782200813	-1
4.53782200813	-1
4.53782200813	-1
4.53782200813	-1
4.53782200813	-1
4.5386800766	1
4.55396008492	-1
4.55396008492	-1
4.55396008492	-1
4.55396008492	-1
4.55396008492	-1
4.55396008492	-1
4.55396008492	-1
4.56964612007	-1
4.58258914948	-1
4.58258914948	-1
4.58258914948	-1
4.58258914948	-1
4.58258914948	-1
4.58258914948	-1
4.58258914948	-1
4.62118005753	-1
4.62118005753	-1
4.62118005753	-1
4.62118005753	-1
4.62118005753	-1
4.62118005753	-1
4.62118005753	-1
4.62118005753	-1
4.62118005753	-1
4.63392615318	-1
4.63392615318	-1
4.63392615318	-1
4.63392615318	-1
4.64858913422	-1
4.66640615463	-1
4.66640615463	-1
4.66640615463	-1
4.66640615463	-1
4.66640615463	-1
4.66640615463	-1
4.66640615463	-1
4.66643810272	1
4.68041300774	-1
4.68041300774	-1
4.68041300774	-1
4.68041300774	-1
4.68041300774	-1
4.68041300774	-1
4.68041300774	-1
4.70640301704	-1
4.70640301704	-1
4.70640301704	-1
4.70640301704	-1
4.70640301704	-1
4.70640301704	-1
4.75049304962	-1
4.75049304962	-1
4.75049304962	-1
4.75049304962	-1
4.75049304962	-1
4.75049304962	-1
4.75049304962	-1
4.75049304962	-1
4.75049304962	-1
4.76082205772	-1
4.76082205772	-1
4.76082205772	-1
4.76082205772	-1
4.76082205772	-1
4.76082205772	-1
4.76082205772	-1
4.77213716507	-1
4.78119111061	-1
4.78119111061	-1
4.78119111061	-1
4.78119111061	-1
4.78119111061	-1
4.78119111061	-1
4.78119111061	-1
4.78122997284	1
4.79388713837	-1
4.80451607704	-1
4.80451607704	-1
4.80451607704	-1
4.80451607704	-1
4.80451607704	-1
4.80451607704	-1
4.82434010506	-1
4.82434010506	-1
4.82434010506	-1
4.82434010506	-1
4.82434010506	-1
4.82434010506	-1
4.84053611755	-1
4.84901404381	-1
4.84901404381	-1
4.84901404381	-1
4.85752511024	-1
4.85752511024	-1
4.85752511024	-1
4.85752511024	-1
4.85752511024	-1
4.85752511024	-1
4.85752511024	-1
4.88559913635	-1
4.88559913635	-1
4.88559913635	-1
4.88559913635	-1
4.88559913635	-1
4.88559913635	-1
4.88559913635	-1
4.88559913635	-1
4.88559913635	-1
4.89705705643	-1
4.89705705643	-1
4.89705705643	-1
4.89705705643	-1
4.89705705643	-1
4.89705705643	-1
4.89705705643	-1
4.8973929882	1
4.91012501717	-1
4.92091393471	-1
4.92091393471	-1
4.92091393471	-1
4.92091393471	-1
4.92091393471	-1
4.95225405693	-1
4.95225405693	-1
4.95225405693	-1
4.95225405693	-1
4.95225405693	-1
4.95225405693	-1
4.95225405693	-1
4.96085095406	-1
4.98010015488	-1
4.98010015488	-1
4.98010015488	-1
4.98981404305	-1
4.98981404305	-1
4.98981404305	-1
4.98981404305	-1
4.98981404305	-1
4.98981404305	-1
4.98981404305	-1
4.99825716019	-1
5.0257461071	-1
5.0257461071	-1
5.0257461071	-1
5.02577805519	1
5.02577805519	1
5.0344209671	-1
5.0344209671	-1
5.0344209671	-1
5.0344209671	-1
5.0344209671	-1
5.0344209671	-1
5.0344209671	-1
5.04511809349	-1
5.04511809349	-1
5.04511809349	-1
5.04511809349	-1
5.04511809349	-1
5.04511809349	-1
5.04511809349	-1
5.06112003326	-1
5.06112003326	-1
5.06112003326	-1
5.07727694511	-1
5.07727694511	-1
5.0958480835	-1
5.0958480835	-1
5.0958480835	-1
5.0958480835	-1
5.0958480835	-1
5.0958480835	-1
5.0958480835	-1
5.0958480835	-1
5.10443210602	-1
5.10443210602	-1
5.10443210602	-1
5.10443210602	-1
5.10443210602	-1
5.10443210602	-1
5.10443210602	-1
5.1251270771	-1
5.1251270771	-1
5.1251270771	-1
5.14189815521	-1
5.14189815521	-1
5.14189815521	-1
5.14189815521	-1
5.14189815521	-1
5.14189815521	-1
5.14189815521	-1
5.14189815521	-1
5.16889810562	-1
5.16889810562	-1
5.16889810562	-1
5.16889810562	-1
5.16889810562	-1
5.16889810562	-1
5.16889810562	-1
5.17019200325	1
5.18102216721	-1
5.19027709961	-1
5.19027709961	-1
5.19027709961	-1
5.19027709961	-1
5.19027709961	-1
5.20072197914	-1
5.21290016174	-1
5.21290016174	-1
5.21290016174	-1
5.21290016174	-1
5.21290016174	-1
5.21290016174	-1
5.21290016174	-1
5.22528815269	-1
5.22528815269	-1
5.22528815269	-1
5.22528815269	-1
5.2264380455	1
5.2264380455	1
5.2264380455	1
5.23954296112	-1
5.27643299103	-1
5.27643299103	-1
5.27643299103	-1
5.30025315285	-1
5.30025315285	-1
5.30025315285	-1
5.30025315285	-1
5.30025315285	-1
5.30025315285	-1
5.32414102554	-1
5.32414102554	-1
5.32414102554	-1
5.32414102554	-1
5.32414102554	-1
5.32414102554	-1
5.32414102554	-1
5.32414102554	-1
5.33636713028	-1
5.33636713028	-1
5.33636713028	-1
5.33636713028	-1
5.33636713028	-1
5.33636713028	-1
5.33636713028	-1
5.35261297226	-1
5.36309814453	-1
5.36309814453	-1
5.36309814453	-1
5.36309814453	-1
5.36309814453	-1
5.36309814453	-1
5.36309814453	-1
5.3742980957	-1
5.3742980957	-1
5.3742980957	-1
5.3742980957	-1
5.3742980957	-1
5.3742980957	-1
5.3742980957	-1
5.38682293892	-1
5.38682293892	-1
5.38682293892	-1
5.40520501137	-1
5.40520501137	-1
5.40520501137	-1
5.40520501137	-1
5.40520501137	-1
5.40520501137	-1
5.40520501137	-1
5.40520501137	-1
5.41281104088	-1
5.41281104088	-1
5.41281104088	-1
5.41281104088	-1
5.43284702301	-1
5.43284702301	-1
5.43284702301	-1
5.43284702301	-1
5.43284702301	-1
5.43284702301	-1
5.43284702301	-1
5.43284702301	-1
5.43287801743	1
5.45260095596	-1
5.45260095596	-1
5.46329212189	-1
5.46329212189	-1
5.46329212189	-1
5.46329212189	-1
5.46329212189	-1
5.4732029438	-1
5.48299193382	-1
5.48299193382	-1
5.48299193382	-1
5.48299193382	-1
5.48299193382	-1
5.51690602303	-1
5.51690602303	-1
5.51690602303	-1
5.51690602303	-1
5.51690602303	-1
5.51690602303	-1
5.51690602303	-1
5.51690602303	-1
5.55358815193	-1
5.55358815193	-1
5.55358815193	-1
5.55358815193	-1
5.55358815193	-1
5.55358815193	-1
5.55358815193	-1
5.55358815193	-1
5.55358815193	-1
5.55362010002	1
5.56656813622	-1
5.56656813622	-1
5.56656813622	-1
5.56656813622	-1
5.5808391571	-1
5.60469698906	-1
5.60469698906	-1
5.60469698906	-1
5.61970806122	-1
5.61970806122	-1
5.61970806122	-1
5.61970806122	-1
5.61970806122	-1
5.61970806122	-1
5.61970806122	-1
5.63247203827	-1
5.63247203827	-1
5.63247203827	-1
5.63247203827	-1
5.63247203827	-1
5.63247203827	-1
5.63247203827	-1
5.6542160511	-1
5.6542160511	-1
5.6542160511	-1
5.6542160511	-1
5.6542160511	-1
5.6542160511	-1
5.6542160511	-1
5.6542160511	-1
5.66779303551	-1
5.69177412987	-1
5.69177412987	-1
5.69177412987	-1
5.69177412987	-1
5.69177412987	-1
5.69180512428	1
5.71584010124	-1
5.71584010124	-1
5.71584010124	-1
5.71584010124	-1
5.71584010124	-1
5.71584010124	-1
5.71584010124	-1
5.71584010124	-1
5.72599411011	-1
5.72599411011	-1
5.72599411011	-1
5.72599411011	-1
5.72599411011	-1
5.72599411011	-1
5.72599411011	-1
5.73809409142	-1
5.74958515167	-1
5.74958515167	-1
5.74958515167	-1
5.74958515167	-1
5.74958515167	-1
5.74958515167	-1
5.74958515167	-1
5.78195714951	-1
5.78195714951	-1
5.78195714951	-1
5.78195714951	-1
5.78195714951	-1
5.78195714951	-1
5.78195714951	-1
5.78195714951	-1
5.80869197845	-1
5.80869197845	-1
5.80870914459	1
5.80870914459	1
5.82155704498	-1
5.82155704498	-1
5.82155704498	-1
5.82155704498	-1
5.82155704498	-1
5.82155704498	-1
5.82155704498	-1
5.83252310753	-1
5.83252310753	-1
5.8614089489	-1
5.8614089489	-1
5.8614089489	-1
5.88240909576	-1
5.88240909576	-1
5.88240909576	-1
5.88240909576	-1
5.88240909576	-1
5.88240909576	-1
5.88240909576	-1
5.88240909576	-1
5.89517498016	-1
5.89517498016	-1
5.89517498016	-1
5.89517498016	-1
5.91947507858	-1
5.91947507858	-1
5.91947507858	-1
5.94667005539	-1
5.94667005539	-1
5.94667005539	-1
5.94667005539	-1
5.94667005539	-1
5.94667005539	-1
5.94667005539	-1
5.94667005539	-1
5.94670200348	1
5.96057415009	-1
5.96057415009	-1
5.96057415009	-1
5.96057415009	-1
5.96057415009	-1
5.96057415009	-1
5.96057415009	-1
5.98915100098	-1
5.98915100098	-1
5.98915100098	-1
5.98915100098	-1
5.98915100098	-1
5.98915100098	-1
5.98915100098	-1
5.98915100098	-1
6.01726293564	-1
6.01726293564	-1
6.01726293564	-1
6.01726293564	-1
6.03651213646	-1
6.03651213646	-1
6.03651213646	-1
6.03651213646	-1
6.03651213646	-1
6.03651213646	-1
6.04539704323	-1
6.05435013771	-1
6.05435013771	-1
6.05435013771	-1
6.05435013771	-1
6.05435013771	-1
6.06395101547	-1
6.06399011612	1
6.07271695137	-1
6.07271695137	-1
6.07271695137	-1
6.07271695137	-1
6.08129811287	-1
6.10330414772	-1
6.10330414772	-1
6.13175797462	-1
6.13175797462	-1
6.13255405426	-1
6.13255405426	-1
6.13255405426	-1
6.13255405426	-1
6.14121603966	-1
6.14121603966	-1
6.14121603966	-1
6.14121603966	-1
6.14121603966	-1
6.14121603966	-1
6.14121603966	-1
6.1628241539	-1
6.1628241539	-1
6.1628241539	-1
6.1628241539	-1
6.18096709251	-1
6.18096709251	-1
6.18965005875	-1
6.18965005875	-1
6.18965005875	-1
6.18965005875	-1
6.18965005875	-1
6.18965005875	-1
6.18965005875	-1
6.20050215721	-1
6.2198600769	1
6.22780799866	-1
6.22780799866	-1
6.26478695869	-1
6.26478695869	-1
6.26478695869	-1
6.27206110954	-1
6.27206110954	-1
6.27206110954	-1
6.27206110954	-1
6.27206110954	-1
6.27206110954	-1
6.28804993629	-1
6.28804993629	-1
6.28804993629	-1
6.28804993629	-1
6.28804993629	-1
6.28804993629	-1
6.28804993629	-1
6.36068916321	1
6.36068916321	1
6.4280769825	1
6.4280769825	1
6.4280769825	1
6.42849206924	1
6.42849206924	1
6.42849206924	1
6.48004508018	1
6.48004508018	1
6.54015994072	-1
6.54948115349	-1
6.54948115349	-1
6.54948115349	-1
6.54948115349	-1
6.54948115349	-1
6.54948115349	-1
6.54948115349	-1
6.55867409706	-1
6.55867409706	-1
6.55867409706	-1
6.55867409706	-1
6.55867409706	-1
6.55867409706	-1
6.55867409706	-1
6.57592010498	-1
6.57592010498	-1
6.57592010498	-1
6.57592010498	-1
6.57592010498	-1
6.57592010498	-1
6.57592010498	-1
6.57592010498	-1
6.59756612778	-1
6.59756612778	-1
6.59756612778	-1
6.59756612778	-1
6.59756612778	-1
6.59756612778	-1
6.59756612778	-1
6.59756612778	-1
6.59756612778	-1
6.61028599739	-1
6.61028599739	-1
6.61028599739	-1
6.61028599739	-1
6.61028599739	-1
6.61028599739	-1
6.62129807472	-1
6.62129807472	-1
6.62129807472	-1
6.62129807472	-1
6.62129807472	-1
6.62129807472	-1
6.62129807472	-1
6.62129807472	-1
6.63844394684	-1
6.63844394684	-1
6.63844394684	-1
6.63844394684	-1
6.63844394684	-1
6.63844394684	-1
6.63844394684	-1
6.63844394684	-1
6.63847494125	1
6.63847494125	1
6.65191316605	-1
6.65191316605	-1
6.65191316605	-1
6.65191316605	-1
6.65191316605	-1
6.65191316605	-1
6.65191316605	-1
6.65191316605	-1
6.65226411819	-1
6.65226411819	-1
6.65226411819	-1
6.65226411819	-1
6.65226411819	-1
6.65226411819	-1
6.65226411819	-1
6.67253804207	-1
6.67264699936	-1
6.67264699936	-1
6.67264699936	-1
6.67264699936	-1
6.78707814217	-1
6.78707814217	-1
6.78711605072	1
6.78711605072	1
6.81904315948	-1
6.81904315948	-1
6.81904315948	-1
6.90175294876	-1
6.90179300308	1
6.90179300308	1
7.0163090229	-1
7.01634311676	1
7.01634311676	1
7.18222999573	1
7.20790696144	-1
7.25359797478	-1
7.25359797478	-1
7.25359797478	-1
7.25359797478	-1
7.25359797478	-1
7.29011201859	-1
7.3073079586	1
7.3073079586	1
7.3073079586	1
7.31842398643	-1
7.31842398643	-1
7.31842398643	-1
7.31842398643	-1
7.31842398643	-1
7.40327811241	-1
7.40327811241	-1
7.40327811241	-1
7.40745210648	-1
7.40745210648	-1
7.40745210648	-1
7.42530608177	1
7.42530608177	1
7.42530608177	1
7.56612205505	-1
7.56612205505	-1
7.56612205505	-1
7.56612205505	-1
7.56612205505	-1
7.56612205505	-1
7.56754016876	1
7.68065810204	-1
7.69061303139	-1
7.69061303139	-1
7.69061303139	-1
7.71827912331	-1
7.71827912331	-1
7.71827912331	-1
7.71827912331	-1
7.71827912331	-1
7.71827912331	-1
7.71827912331	-1
7.71827912331	-1
7.72689914703	-1
7.72689914703	-1
7.72689914703	-1
7.72689914703	-1
7.72689914703	-1
7.72689914703	-1
7.72689914703	-1
7.73123216629	1
7.7343120575	-1
7.75227093697	-1
7.75227093697	-1
7.75227093697	-1
7.75227093697	-1
7.75227093697	-1
7.75227093697	-1
7.75227093697	-1
7.75227093697	-1
7.76017713547	-1
7.76955604553	-1
7.76955604553	-1
7.76955604553	-1
7.79387116432	-1
7.79387116432	-1
7.79387116432	-1
7.79387116432	-1
7.79387116432	-1
7.79387116432	-1
7.79387116432	-1
7.8050661087	-1
7.82036805153	-1
7.82036805153	-1
7.82036805153	-1
7.82036805153	-1
7.82036805153	-1
7.82036805153	-1
7.82036805153	-1
7.82036805153	-1
7.82904815674	-1
7.83891296387	-1
7.83891296387	-1
7.83891296387	-1
7.83891296387	-1
7.83891296387	-1
7.83891296387	-1
7.83891296387	-1
7.84893298149	-1
7.8489689827	1
7.8489689827	1
7.85988712311	-1
7.85988712311	-1
7.85988712311	-1
7.85988712311	-1
7.85988712311	-1
7.85988712311	-1
7.85988712311	-1
7.86930298805	-1
7.86930298805	-1
7.88930916786	-1
7.88930916786	-1
7.88930916786	-1
7.88930916786	-1
7.88930916786	-1
7.88930916786	-1
7.89877414703	-1
7.9193611145	-1
7.92423295975	-1
7.92423295975	-1
7.92423295975	-1
7.92423295975	-1
7.93298411369	1
7.93298411369	1
7.93298411369	1
7.93298411369	1
7.93298411369	1
7.93374109268	1
7.93447613716	1
7.93447613716	1
7.93447613716	1
7.9346139431	1
7.9346139431	1
7.9346139431	1
7.9346139431	1
7.93488001823	1
7.94328093529	1
7.94328093529	1
7.94614505768	-1
7.94614505768	-1
7.95783805847	-1
7.95783805847	-1
8.00205206871	1
8.00205206871	1
8.03868603706	-1
8.16226315498	-1
8.16226315498	-1
8.16226315498	-1
8.16226315498	-1
8.16226315498	-1
8.16226315498	-1
8.16226315498	-1
8.16226315498	-1
8.17303299904	-1
8.17303299904	-1
8.17303299904	-1
8.17303299904	-1
8.17303299904	-1
8.17303299904	-1
8.17303299904	-1
8.1765370369	1
8.19159913063	-1
8.19305300713	-1
8.19305300713	-1
8.19305300713	-1
8.19305300713	-1
8.19305300713	-1
8.19305300713	-1
8.19305300713	-1
8.2152941227	-1
8.2152941227	-1
8.2152941227	-1
8.22604608536	-1
8.23665308952	-1
8.23665308952	-1
8.23665308952	-1
8.23665308952	-1
8.23665308952	-1
8.23665308952	-1
8.23665308952	-1
8.24946308136	-1
8.24946308136	-1
8.24946308136	-1
8.24946308136	-1
8.24946308136	-1
8.24946308136	-1
8.24946308136	-1
8.2725520134	-1
8.2725520134	-1
8.2725520134	-1
8.2725520134	-1
8.30257797241	1
8.38520908356	-1
8.38520908356	-1
8.38520908356	-1
8.39170193672	1
8.39170193672	1
8.39170193672	1
8.39485096931	-1
8.39485096931	-1
8.39485096931	-1
8.39485096931	-1
8.39485096931	-1
8.39485096931	-1
8.39485096931	-1
8.40431308746	-1
8.42258000374	-1
8.42258000374	-1
8.42258000374	-1
8.42258000374	-1
8.42258000374	-1
8.42258000374	-1
8.42258000374	-1
8.42258000374	-1
8.42262005806	1
8.43109107018	-1
8.43109107018	-1
8.43109107018	-1
8.43109107018	-1
8.43109107018	-1
8.43109107018	-1
8.43109107018	-1
8.44131803513	-1
8.44480800629	1
8.44480800629	1
8.44480800629	1
8.44494700432	1
8.44494700432	1
8.44494700432	1
8.45164608955	-1
8.45164608955	-1
8.45164608955	-1
8.45164608955	-1
8.45164608955	-1
8.45164608955	-1
8.45164608955	-1
8.4747800827	-1
8.4747800827	-1
8.4747800827	-1
8.4747800827	-1
8.4747800827	-1
8.4747800827	-1
8.4747800827	-1
8.4747800827	-1
8.51811408997	-1
8.51811408997	-1
8.51811408997	-1
8.51811408997	-1
8.54199409485	-1
8.54199409485	-1
8.54199409485	-1
8.55383896828	-1
8.56624698639	-1
8.56624698639	-1
8.56624698639	-1
8.56624698639	-1
8.56624698639	-1
8.57749295235	-1
8.58921313286	-1
8.58921313286	-1
8.58921313286	-1
8.58921313286	-1
8.58921313286	-1
8.58921313286	-1
8.58921313286	-1
8.59822416306	-1
8.59822416306	-1
8.59822416306	-1
8.59822416306	-1
8.59822416306	-1
8.59822416306	-1
8.59822416306	-1
8.62148594856	-1
8.62148594856	-1
8.62148594856	-1
8.62148594856	-1
8.62148594856	-1
8.62148594856	-1
8.62148594856	-1
8.62148594856	-1
8.64173007011	-1
8.64173007011	-1
8.64173007011	-1
8.64173007011	-1
8.64173007011	-1
8.64173007011	-1
8.64173007011	-1
8.64173007011	-1
8.66457509995	-1
8.66457509995	-1
8.66460704803	1
8.67821598053	-1
8.67821598053	-1
8.67821598053	-1
8.67821598053	-1
8.67821598053	-1
8.67821598053	-1
8.67821598053	-1
8.68753099442	-1
8.68753099442	-1
8.68753099442	-1
8.68753099442	-1
8.68753099442	-1
8.68753099442	-1
8.68753099442	-1
8.70463204384	-1
8.70802116394	1
8.70802116394	1
8.70802116394	1
8.70802116394	1
8.70802116394	1
8.70802116394	1
8.70802116394	1
8.70802116394	1
8.70802116394	1
8.7305419445	-1
8.7305419445	-1
8.7305419445	-1
8.7305419445	-1
8.7305419445	-1
8.7305419445	-1
8.7305419445	-1
8.7305419445	-1
8.73199605942	1
8.73199605942	1
8.73212003708	1
8.73212003708	1
8.73212003708	1
8.750893116	-1
8.750893116	-1
8.750893116	-1
8.76164603233	-1
8.76164603233	-1
8.76164603233	-1
8.76164603233	-1
8.77100396156	-1
8.80211114883	-1
8.80211114883	-1
8.80211114883	-1
8.80214810371	1
8.8199660778	-1
8.82930803299	-1
8.82930803299	-1
8.82930803299	-1
8.82930803299	-1
8.82930803299	-1
8.82930803299	-1
8.82930803299	-1
8.82930803299	-1
8.83740615845	-1
8.83740615845	-1
8.83740615845	-1
8.83740615845	-1
8.83740615845	-1
8.83740615845	-1
8.83740615845	-1
8.8576540947	-1
8.8576540947	-1
8.8576540947	-1
8.8576540947	-1
8.8576540947	-1
8.8576540947	-1
8.8576540947	-1
8.8576540947	-1
8.87675404549	-1
8.87675404549	-1
8.88750505447	-1
8.88750505447	-1
8.88750505447	-1
8.88750505447	-1
8.88750505447	-1
8.8989739418	-1
8.8989739418	-1
8.8989739418	-1
8.8989739418	-1
8.8989739418	-1
8.8989739418	-1
8.8989739418	-1
8.90911197662	-1
8.90911197662	-1
8.90911197662	-1
8.90911197662	-1
8.90911197662	-1
8.90911197662	-1
8.90911197662	-1
8.93455696106	-1
8.93455696106	-1
8.93455696106	-1
8.93455696106	-1
8.93455696106	-1
8.93455696106	-1
8.93455696106	-1
8.93455696106	-1
8.93455696106	-1
8.93458509445	1
8.93458509445	1
8.94437408447	-1
9.08605408669	1
9.08605408669	1
9.08965611458	-1
9.08965611458	-1
9.08965611458	-1
9.08965611458	-1
9.08965611458	-1
9.08965611458	-1
9.08965611458	-1
9.08965611458	-1
9.08965611458	-1
9.09734106064	-1
9.09734106064	-1
9.09734106064	-1
9.09734106064	-1
9.09734106064	-1
9.09734106064	-1
9.09734106064	-1
9.11377310753	-1
9.11377310753	-1
9.11377310753	-1
9.11377310753	-1
9.11377310753	-1
9.11377310753	-1
9.11377310753	-1
9.11377310753	-1
9.12779307365	-1
9.12779307365	-1
9.12779307365	-1
9.12779307365	-1
9.12779307365	-1
9.12779307365	-1
9.12779307365	-1
9.12779307365	-1
9.14230203629	-1
9.14230203629	-1
9.15503096581	-1
9.15503096581	-1
9.15503096581	-1
9.15503096581	-1
9.15503096581	-1
9.15503096581	-1
9.15503096581	-1
9.16718006134	-1
9.16718006134	-1
9.16718006134	-1
9.16718006134	-1
9.16718006134	-1
9.16718006134	-1
9.16718006134	-1
9.19671416283	-1
9.19671416283	-1
9.21004199982	-1
9.21008300781	1
9.21008300781	1
9.22133898735	-1
9.22133898735	-1
9.22133898735	-1
9.22133898735	-1
9.22133898735	-1
9.22133898735	-1
9.22133898735	-1
9.22896814346	-1
9.22896814346	-1
9.22896814346	-1
9.22896814346	-1
9.22896814346	-1
9.22896814346	-1
9.22896814346	-1
9.25220894814	-1
9.25220894814	-1
9.25220894814	-1
9.25220894814	-1
9.2760591507	-1
9.2760591507	-1
9.2760591507	-1
9.2760591507	-1
9.2760591507	-1
9.2760591507	-1
9.2760591507	-1
9.2760591507	-1
9.29716801643	-1
9.29716801643	-1
9.30711007118	-1
9.30711007118	-1
9.30711007118	-1
9.30711007118	-1
9.30711007118	-1
9.30711007118	-1
9.30711007118	-1
9.31757807732	-1
9.31874799728	1
9.31874799728	1
9.31874799728	1
9.34445905685	-1
9.34445905685	-1
9.34445905685	-1
9.36555695534	-1
9.36555695534	-1
9.36555695534	-1
9.36555695534	-1
9.36555695534	-1
9.36555695534	-1
9.36555695534	-1
9.36555695534	-1
9.39601111412	-1
9.39601111412	-1
9.39601111412	-1
9.39601111412	-1
9.39601111412	-1
9.39601111412	-1
9.39601111412	-1
9.39601111412	-1
9.39601111412	-1
9.41153311729	-1
9.41153311729	-1
9.42774605751	-1
9.42774605751	-1
9.42774605751	-1
9.42774605751	-1
9.42774605751	-1
9.43899297714	-1
9.43903398514	1
9.44193696976	1
9.44193696976	1
9.44193696976	1
9.44193696976	1
9.45806193352	-1
9.45806193352	-1
9.45806193352	-1
9.45806193352	-1
9.45806193352	-1
9.45806193352	-1
9.45806193352	-1
9.47701001167	-1
9.47701001167	-1
9.47701001167	-1
9.47701001167	-1
9.47701001167	-1
9.47701001167	-1
9.47701001167	-1
9.47701001167	-1
9.48763203621	-1
9.48763203621	-1
9.48763203621	-1
9.48763203621	-1
9.48763203621	-1
9.48763203621	-1
9.48763203621	-1
9.50992298126	-1
9.50992298126	-1
9.50992298126	-1
9.50992298126	-1
9.50992298126	-1
9.50992298126	-1
9.50992298126	-1
9.54530000687	-1
9.54530000687	-1
9.54530000687	-1
9.54530000687	-1
9.54530000687	-1
9.54530000687	-1
9.54530000687	-1
9.54530000687	-1
9.58417010307	-1
9.58417010307	-1
9.58417010307	-1
9.58417010307	-1
9.58417010307	-1
9.58417010307	-1
9.58417010307	-1
9.58417010307	-1
9.58417010307	-1
9.60876393318	-1
9.60876393318	-1
9.62944793701	-1
9.62944793701	-1
9.62944793701	-1
9.62944793701	-1
9.62944793701	-1
9.64236998558	-1
9.65769815445	-1
9.65769815445	-1
9.65769815445	-1
9.65769815445	-1
9.65769815445	-1
9.65769815445	-1
9.65769815445	-1
9.66811394691	1
9.66811394691	1
9.69612407684	-1
9.69612407684	-1
9.69612407684	-1
9.69612407684	-1
9.69612407684	-1
9.70884394646	-1
9.72112107277	-1
9.72112107277	-1
9.72112107277	-1
9.72112107277	-1
9.72112107277	-1
9.72112107277	-1
9.72112107277	-1
9.73278212547	-1
9.73278212547	-1
9.73278212547	-1
9.73278212547	-1
9.73278212547	-1
9.73278212547	-1
9.73278212547	-1
9.75815606117	-1
9.75815606117	-1
9.75815606117	-1
9.75815606117	-1
9.75815606117	-1
9.75815606117	-1
9.75815606117	-1
9.75815606117	-1
9.78279209137	-1
9.78283309937	1
9.78559613228	-1
9.78559613228	-1
9.78559613228	-1
9.78559613228	-1
9.78559613228	-1
9.78559613228	-1
9.78559613228	-1
9.81443095207	-1
9.81443095207	-1
9.83717298508	-1
9.83717298508	-1
9.83717298508	-1
9.83717298508	-1
9.83717298508	-1
9.83717298508	-1
9.83717298508	-1
9.85059404373	-1
9.87776207924	-1
9.87776207924	-1
9.87776207924	-1
9.87776207924	-1
9.87776207924	-1
9.87776207924	-1
9.87776207924	-1
9.87776207924	-1
9.89685797691	-1
9.89685797691	-1
9.89685797691	-1
9.89685797691	-1
9.89735007286	1
9.92924594879	-1
9.92924594879	-1
9.92924594879	-1
9.96866297722	-1
9.96866297722	-1
9.96866297722	-1
9.96866297722	-1
9.96866297722	-1
9.96866297722	-1
9.96866297722	-1
9.96866297722	-1
9.96866297722	-1
9.98436498642	-1
9.98436498642	-1
9.98436498642	-1
9.99542403221	-1
10.0089650154	-1
10.0089650154	-1
10.0089650154	-1
10.0089650154	-1
10.0089650154	-1
10.01197505	1
10.0295391083	-1
10.0295391083	-1
10.0295391083	-1
10.0295391083	-1
10.0295391083	-1
10.0295391083	-1
10.0295391083	-1
10.0295391083	-1
10.0411691666	-1
10.0411691666	-1
10.0411691666	-1
10.0411691666	-1
10.0638120174	-1
10.0638120174	-1
10.0638120174	-1
10.0875239372	-1
10.0875239372	-1
10.0875239372	-1
10.1004850864	-1
10.1266160011	-1
10.1266160011	-1
10.14164114	-1
10.14164114	-1
10.14164114	-1
10.14164114	-1
10.14164114	-1
10.14164114	-1
10.14164114	-1
10.14164114	-1
10.1531260014	-1
10.1531260014	-1
10.1531260014	-1
10.1531260014	-1
10.1531260014	-1
10.1531260014	-1
10.1531260014	-1
10.1762900352	-1
10.1762900352	-1
10.1776390076	1
10.1851379871	-1
10.1851379871	-1
10.1851379871	-1
10.1851379871	-1
10.1941239834	-1
10.2134981155	-1
10.2134981155	-1
10.2134981155	-1
10.2134981155	-1
10.2134981155	-1
10.2134981155	-1
10.2134981155	-1
10.225605011	-1
10.23350811	-1
10.23350811	-1
10.23350811	-1
10.23350811	-1
10.23350811	-1
10.23350811	-1
10.23350811	-1
10.2538609505	-1
10.2538609505	-1
10.2538609505	-1
10.2538609505	-1
10.2538609505	-1
10.2538609505	-1
10.2538609505	-1
10.2733380795	-1
10.2842731476	-1
10.2842731476	-1
10.2842731476	-1
10.2842731476	-1
10.2842731476	-1
10.2842731476	-1
10.2842731476	-1
10.3004381657	-1
10.3004381657	-1
10.3004381657	-1
10.3004381657	-1
10.3004381657	-1
10.3004381657	-1
10.3004381657	-1
10.3004691601	1
10.3483281136	-1
10.3483281136	-1
10.3483281136	-1
10.3483281136	-1
10.3483281136	-1
10.3483281136	-1
10.3483281136	-1
10.3483281136	-1
10.3483281136	-1
10.3634171486	-1
10.3634171486	-1
10.3634171486	-1
10.3634171486	-1
10.3634171486	-1
10.3634171486	-1
10.3634171486	-1
10.3902189732	-1
10.3902189732	-1
10.3902189732	-1
10.3902189732	-1
10.3902189732	-1
10.3902189732	-1
10.3902189732	-1
10.3902189732	-1
10.4130899906	1
10.4130899906	1
10.4130899906	1
10.414139986	-1
10.414139986	-1
10.4447650909	-1
10.4447650909	-1
10.4448010921	1
10.5592260361	1
10.7220330238	1
10.7853050232	-1
10.8610219955	-1
10.8610219955	-1
10.8610219955	-1
10.8610219955	-1
10.8610219955	-1
10.8610219955	-1
10.8999619484	-1
10.9112930298	1
10.9116401672	1
10.9116401672	1
10.9116401672	1
10.931604147	-1
10.931604147	-1
10.931604147	-1
10.931604147	-1
10.931604147	-1
11.1296310425	-1
11.1900320053	1
11.2833271027	-1
11.3803720474	-1
11.3803720474	-1
11.3803720474	-1
11.3803720474	-1
11.3803720474	-1
11.3803720474	-1
11.4402191639	1
11.4514701366	1
11.4514701366	1
11.4514701366	1
11.4514701366	1
11.4520349503	1
11.4520349503	1
11.4671270847	-1
11.4671270847	-1
11.4671270847	-1
11.4671270847	-1
11.4671270847	-1
11.4671270847	-1
11.4671270847	-1
11.4671270847	-1
11.4751880169	-1
11.4751880169	-1
11.4751880169	-1
11.4751880169	-1
11.4751880169	-1
11.4751880169	-1
11.4751880169	-1
11.5261919498	-1
11.5261919498	-1
11.5261919498	-1
11.5261919498	-1
11.5261919498	-1
11.5261919498	-1
11.5261919498	-1
11.5261919498	-1
11.5498640537	-1
11.5561311245	1
11.5561311245	1
11.5561311245	1
11.5608739853	1
11.5608739853	1
11.5608739853	1
11.5608739853	1
11.5935029984	-1
11.5935029984	-1
11.5935029984	-1
11.5935029984	-1
11.5935029984	-1
11.5935029984	-1
11.8063900471	1
11.8154320717	-1
11.9134111404	-1
11.9134111404	-1
11.9134111404	-1
11.9141750336	1
11.9141750336	1
11.9141750336	1
11.9300999641	-1
11.9300999641	-1
11.9892060757	-1
11.9892060757	-1
11.9892060757	-1
11.991546154	1
11.991546154	1
11.991546154	1
12.0093531609	-1
12.0093531609	-1
12.0293130875	1
12.0293130875	1
12.0445959568	-1
12.1674871445	-1
12.1675200462	1
12.1675200462	1
12.321570158	-1
12.3216130733	1
12.3216130733	1
12.3984689713	-1
12.3984689713	-1
12.3984689713	-1
12.4148340225	-1
12.4148340225	-1
12.4148340225	-1
12.4148340225	-1
12.4148340225	-1
12.4161260128	1
12.4161260128	1
12.4161260128	1
12.4362089634	-1
12.4559850693	1
12.4559850693	1
12.4559850693	1
12.4765591621	1
12.4765591621	1
12.4814579487	-1
12.4814579487	-1
12.4814579487	-1
12.4814579487	-1
12.4814579487	-1
12.5334210396	-1
12.5424940586	-1
12.5424940586	-1
12.5424940586	-1
12.5442340374	1
12.5442340374	1
12.5442340374	1
12.5442340374	1
12.587895155	1
12.587895155	1
12.587895155	1
12.587895155	1
12.6176080704	-1
12.6176080704	-1
12.6176080704	-1
12.6176080704	-1
12.6176080704	-1
12.6306531429	-1
12.6436159611	-1
12.6436159611	-1
12.6436159611	-1
12.6436159611	-1
12.6722490788	1
12.6722490788	1
12.6722490788	1
12.6885399818	1
12.6885399818	1
12.6885399818	1
12.7418601513	-1
12.7418601513	-1
12.7418601513	-1
12.7418601513	-1
12.7418601513	-1
12.7860951424	1
12.7860951424	1
12.7860951424	1
12.8238070011	-1
12.8238070011	-1
12.8238070011	-1
12.8519871235	-1
12.8519871235	-1
12.8519871235	-1
12.8782391548	-1
12.8782391548	-1
12.8782391548	-1
12.8782391548	-1
12.8956589699	1
12.9268760681	-1
12.9268760681	-1
12.9268760681	-1
12.9268760681	-1
12.9268760681	-1
12.9268760681	-1
13.0102031231	-1
13.0500760078	-1
13.0500760078	-1
13.0500760078	-1
13.0500760078	-1
13.0500760078	-1
13.0595171452	-1
13.0973341465	-1
13.0973341465	-1
13.1039149761	-1
13.1039149761	-1
13.1039149761	-1
13.1644501686	-1
13.178248167	1
13.2246360779	-1
13.2246360779	-1
13.2246360779	-1
13.2732310295	-1
13.2732310295	-1
13.3299460411	1
13.393748045	-1
13.4765291214	1
13.4765291214	1
13.4765291214	1
13.5686991215	-1
13.6032209396	1
13.6169230938	-1
13.6169230938	-1
13.6169230938	-1
13.6323950291	-1
13.6323950291	-1
13.6323950291	-1
13.6615920067	-1
13.6615920067	-1
13.7178010941	-1
13.8303780556	-1
13.8303780556	-1
13.8303780556	-1
13.8351340294	1
13.9472849369	-1
14.0994040966	-1
14.2513930798	-1
14.4436359406	-1
14.5469260216	1
14.5544769764	1
14.5544769764	1
14.5544769764	1
14.6814751625	1
14.6814751625	1
14.6814751625	1
14.6814751625	1
14.6820499897	1
14.6820499897	1
14.6828999519	1
14.6828999519	1
14.6834731102	1
14.6834731102	1
14.6834731102	1
14.683727026	1
14.683727026	1
14.6848421097	1
14.6848421097	1
14.6848421097	1
14.6850430965	1
14.6850430965	1
14.6850430965	1
14.6895201206	1
14.6895201206	1
14.6895201206	1
14.6895201206	1
14.6895201206	1
14.6895201206	1
14.6895201206	1
14.6895201206	1
14.7961390018	1
14.7961390018	1
14.7961390018	1
14.7961390018	1
14.7961390018	1
14.7961390018	1
14.7961390018	1
14.7961390018	1
14.7965321541	1
14.7965321541	1
14.7965321541	1
14.7965321541	1
14.7965321541	1
14.7965321541	1
14.7995090485	1
14.7995090485	1
14.7995090485	1
14.7995090485	1
14.7995090485	1
14.7995090485	1
14.7995090485	1
14.7995090485	1
14.8725261688	-1
15.0140869617	-1
15.2645540237	-1
