0.0	1
0.250107049942	1
0.455700874329	-1
0.457226991653	1
0.762652873993	-1
0.763496875763	1
0.766707897186	1
0.766707897186	1
0.766707897186	1
0.890056848526	1
0.890056848526	1
0.890056848526	1
1.34265589714	-1
1.34435796738	1
1.52437901497	-1
1.52575993538	1
1.64016699791	-1
1.64138293266	1
1.70854282379	-1
1.70854282379	-1
1.70854282379	-1
1.75612401962	1
1.90933084488	1
1.92483401299	-1
2.07816004753	-1
2.08924102783	-1
2.08924102783	-1
2.08924102783	-1
2.08924102783	-1
2.08924102783	-1
2.08924102783	-1
2.08924102783	-1
2.08924102783	-1
2.0978000164	-1
2.1081469059	1
2.12951588631	-1
2.12951588631	-1
2.12951588631	-1
2.12951588631	-1
2.12951588631	-1
2.12951588631	-1
2.12951588631	-1
2.28595590591	-1
2.28595590591	-1
2.28595590591	-1
2.28595590591	-1
2.28595590591	-1
2.28595590591	-1
2.28595590591	-1
2.28595590591	-1
2.34933900833	-1
2.35935997963	1
2.55858683586	-1
2.64155888557	-1
2.64155888557	-1
2.64155888557	-1
2.64155888557	-1
2.64155888557	-1
2.64155888557	-1
2.64155888557	-1
2.64155888557	-1
2.64155888557	-1
2.71730303764	-1
2.71730303764	-1
2.7185459137	1
2.83281302452	1
2.83281302452	1
2.94745898247	-1
2.98108100891	1
3.44587182999	-1
3.65313601494	-1
3.66057896614	1
3.86381793022	-1
3.86502790451	1
3.97944188118	-1
4.13315296173	-1
4.27351498604	-1
4.29319190979	1
4.29532289505	1
4.29532289505	1
4.29532289505	1
4.80765795708	-1
4.9612698555	-1
4.9612698555	-1
5.01114487648	-1
5.01114487648	-1
5.01114487648	-1
5.01114487648	-1
5.01114487648	-1
5.01114487648	-1
5.01114487648	-1
5.08991384506	-1
5.08991384506	-1
5.08991384506	-1
5.08991384506	-1
5.08991384506	-1
5.08991384506	-1
5.08991384506	-1
5.08991384506	-1
5.12953400612	1
5.13771891594	1
5.13771891594	1
5.13771891594	1
5.13771891594	1
5.18376994133	-1
5.19324398041	-1
5.19324398041	-1
5.19324398041	-1
5.19324398041	-1
5.19324398041	-1
5.19324398041	-1
5.19324398041	-1
5.19324398041	-1
5.19347786903	-1
5.19347786903	-1
5.19347786903	-1
5.19347786903	-1
5.21487689018	-1
5.21487689018	-1
5.28036403656	-1
5.28036403656	-1
5.28036403656	-1
5.29943299294	-1
5.29943299294	-1
5.29943299294	-1
5.29943299294	-1
5.29943299294	-1
5.29943299294	-1
5.31532096863	-1
5.31532096863	-1
5.31532096863	-1
5.31532096863	-1
5.31532096863	-1
5.31532096863	-1
5.42143201828	1
5.42147684097	1
5.42147684097	1
5.42147684097	1
5.42147684097	1
5.70396590233	-1
5.8575129509	-1
5.8575129509	-1
5.86054897308	1
5.86076784134	1
5.86076784134	1
5.86076784134	1
5.86076784134	1
5.86076784134	1
5.86076784134	1
5.86076784134	1
5.86076784134	1
5.86131095886	1
5.97239995003	-1
5.98025202751	1
6.01510000229	-1
6.01510000229	-1
6.01510000229	-1
6.09488296509	-1
6.09491586685	1
6.09491586685	1
6.12174892426	-1
6.12174892426	-1
6.12174892426	-1
6.20968604088	-1
6.20968604088	-1
6.2109708786	1
6.32150602341	-1
6.32150602341	-1
6.32150602341	-1
6.32150602341	-1
6.33546495438	-1
6.33546495438	-1
6.33546495438	-1
6.33546495438	-1
6.33546495438	-1
6.33546495438	-1
6.33546495438	-1
6.33550000191	1
6.39452600479	-1
6.39612293243	1
6.39612293243	1
6.39612293243	1
6.39920687675	-1
6.39920687675	-1
6.39920687675	-1
6.39920687675	-1
6.39920687675	-1
6.39920687675	-1
6.39920687675	-1
6.43042182922	-1
6.43042182922	-1
6.48892188072	1
6.51016998291	-1
6.51016998291	-1
6.51016998291	-1
6.51543283463	-1
6.51543283463	-1
6.51543283463	-1
6.51543283463	-1
6.51543283463	-1
6.51543283463	-1
6.52346992493	-1
6.52346992493	-1
6.52346992493	-1
6.52346992493	-1
6.52346992493	-1
6.52346992493	-1
6.52346992493	-1
6.53214287758	-1
6.54033303261	-1
6.54033303261	-1
6.54033303261	-1
6.54033303261	-1
6.54033303261	-1
6.54033303261	-1
6.54033303261	-1
6.54784393311	1
6.54784393311	1
6.54784393311	1
6.63778185844	1
6.63982701302	-1
6.63982701302	-1
6.63982701302	-1
6.64114403725	1
6.64114403725	1
6.64114403725	1
6.65811491013	-1
6.65811491013	-1
6.65811491013	-1
6.65811491013	-1
6.65811491013	-1
6.65811491013	-1
6.67064785957	-1
6.67064785957	-1
6.67064785957	-1
6.70039200783	1
6.70039200783	1
6.70039200783	1
6.70039200783	1
6.70039200783	1
6.70039200783	1
6.76276183128	1
6.78325295448	-1
6.78325295448	-1
6.78325295448	-1
6.78541493416	1
6.78541493416	1
6.78541493416	1
6.78541493416	1
6.78541493416	1
6.78976392746	-1
6.78976392746	-1
6.78976392746	-1
6.78976392746	-1
6.78976392746	-1
6.78976392746	-1
6.82867193222	-1
6.82867193222	-1
6.83630990982	-1
6.83630990982	-1
6.83630990982	-1
6.83868503571	1
6.83892583847	1
6.83892583847	1
6.83892583847	1
6.83892583847	1
6.83892583847	1
6.83892583847	1
6.83892583847	1
6.83892583847	1
6.87597799301	1
6.87597799301	1
6.87597799301	1
6.87597799301	1
6.87597799301	1
6.87597799301	1
6.87597799301	1
6.87597799301	1
6.87597799301	1
6.99090504646	-1
6.99090504646	-1
7.0207028389	-1
7.0207028389	-1
7.0207028389	-1
7.0207028389	-1
7.03950190544	-1
7.03950190544	-1
7.04083585739	1
7.0483880043	-1
7.0483880043	-1
7.0483880043	-1
7.0483880043	-1
7.0483880043	-1
7.0483880043	-1
7.06413602829	-1
7.06413602829	-1
7.07261395454	-1
7.07261395454	-1
7.07261395454	-1
7.07261395454	-1
7.07261395454	-1
7.07261395454	-1
7.08789396286	1
7.08789396286	1
7.08789396286	1
7.13533997536	-1
7.20240187645	1
7.22512102127	-1
7.22512102127	-1
7.22512102127	-1
7.24213886261	-1
7.24213886261	-1
7.24331998825	1
7.24331998825	1
7.24331998825	1
7.26112103462	-1
7.26112103462	-1
7.26112103462	-1
7.26112103462	-1
7.26112103462	-1
7.26112103462	-1
7.26112103462	-1
7.26874089241	-1
7.27628588676	-1
7.27628588676	-1
7.27628588676	-1
7.27628588676	-1
7.27628588676	-1
7.27628588676	-1
7.27628588676	-1
7.28464984894	-1
7.28464984894	-1
7.3001408577	1
7.3001408577	1
7.3001408577	1
7.32734584808	-1
7.32734584808	-1
7.32734584808	-1
7.32734584808	-1
7.39243102074	-1
7.39243102074	-1
7.40410089493	-1
7.40410089493	-1
7.41169905663	-1
7.41169905663	-1
7.41169905663	-1
7.41169905663	-1
7.41169905663	-1
7.42427182198	-1
7.42427182198	-1
7.42427182198	-1
7.42427182198	-1
7.42427182198	-1
7.42427182198	-1
7.42427182198	-1
7.42427182198	-1
7.43217682838	-1
7.4437289238	1
7.4437289238	1
7.4437289238	1
7.44547486305	-1
7.44547486305	-1
7.44547486305	-1
7.44547486305	-1
7.44547486305	-1
7.44547486305	-1
7.44547486305	-1
7.44550800323	1
7.4516248703	-1
7.4516248703	-1
7.4516248703	-1
7.4516248703	-1
7.4516248703	-1
7.4516248703	-1
7.4516248703	-1
7.4516248703	-1
7.4669418335	-1
7.51042604446	-1
7.51042604446	-1
7.52654290199	-1
7.52654290199	-1
7.52654290199	-1
7.52654290199	-1
7.52654290199	-1
7.52654290199	-1
7.52654290199	-1
7.52654290199	-1
7.53888297081	-1
7.53888297081	-1
7.53888297081	-1
7.53888297081	-1
7.53888297081	-1
7.53888297081	-1
7.53888297081	-1
7.53888297081	-1
7.57042694092	1
7.57042694092	1
7.59581303596	-1
7.59581303596	-1
7.59581303596	-1
7.59581303596	-1
7.59581303596	-1
7.59581303596	-1
7.59581303596	-1
7.59581303596	-1
7.60730290413	-1
7.60730290413	-1
7.60730290413	-1
7.60730290413	-1
7.60730290413	-1
7.60730290413	-1
7.60730290413	-1
7.60730290413	-1
7.61620187759	-1
7.63622689247	-1
7.63622689247	-1
7.64610505104	-1
7.64610505104	-1
7.64610505104	-1
7.64610505104	-1
7.64610505104	-1
7.64610505104	-1
7.64712500572	1
7.64712500572	1
7.64712500572	1
7.65422797203	-1
7.6627869606	-1
7.6627869606	-1
7.6627869606	-1
7.6627869606	-1
7.6627869606	-1
7.6627869606	-1
7.6627869606	-1
7.66905403137	-1
7.66905403137	-1
7.66905403137	-1
7.66905403137	-1
7.66905403137	-1
7.66905403137	-1
7.66905403137	-1
7.66905403137	-1
7.66968894005	1
7.66968894005	1
7.69385504723	-1
7.69385504723	-1
7.69385504723	-1
7.69385504723	-1
7.69385504723	-1
7.69385504723	-1
7.69385504723	-1
7.69385504723	-1
7.70659184456	-1
7.70659184456	-1
7.72238087654	-1
7.72238087654	-1
7.72238087654	-1
7.74503684044	-1
7.74503684044	-1
7.74503684044	-1
7.74503684044	-1
7.74503684044	-1
7.76389193535	-1
7.76389193535	-1
7.76389193535	-1
7.76389193535	-1
7.76389193535	-1
7.76389193535	-1
7.76389193535	-1
7.76389193535	-1
7.77212285995	-1
7.77212285995	-1
7.77212285995	-1
7.77212285995	-1
7.77212285995	-1
7.77212285995	-1
7.77212285995	-1
7.77324390411	1
7.77324390411	1
7.77324390411	1
7.7742960453	1
7.7742960453	1
7.7793200016	1
7.7793200016	1
7.7793200016	1
7.78854703903	-1
7.78854703903	-1
7.78854703903	-1
7.78854703903	-1
7.78854703903	-1
7.78854703903	-1
7.80303788185	-1
7.80303788185	-1
7.80303788185	-1
7.80303788185	-1
7.80303788185	-1
7.80303788185	-1
7.81522393227	-1
7.81522393227	-1
7.82330703735	-1
7.82330703735	-1
7.82330703735	-1
7.82330703735	-1
7.82330703735	-1
7.82330703735	-1
7.82330703735	-1
7.82939696312	-1
7.82939696312	-1
7.82939696312	-1
7.82939696312	-1
7.82939696312	-1
7.82939696312	-1
7.82939696312	-1
7.84385490417	1
7.84385490417	1
7.84385490417	1
7.84437298775	-1
7.84437298775	-1
7.84437298775	-1
7.84437298775	-1
7.84437298775	-1
7.84437298775	-1
7.84437298775	-1
7.84437298775	-1
7.86721801758	-1
7.86721801758	-1
7.86721801758	-1
7.86721801758	-1
7.86726903915	-1
7.8837749958	-1
7.8837749958	-1
7.8837749958	-1
7.8837749958	-1
7.8837749958	-1
7.8837749958	-1
7.8837749958	-1
7.89224505424	-1
7.90315699577	-1
7.90315699577	-1
7.90315699577	-1
7.90315699577	-1
7.90315699577	-1
7.90315699577	-1
7.90315699577	-1
7.91150188446	-1
7.91150188446	-1
7.91150188446	-1
7.91150188446	-1
7.91150188446	-1
7.91150188446	-1
7.91150188446	-1
7.91150188446	-1
7.93225502968	-1
7.93225502968	-1
7.93225502968	-1
7.93225502968	-1
7.93225502968	-1
7.93225502968	-1
7.93225502968	-1
7.93225502968	-1
7.93228983879	1
7.9484539032	-1
7.9484539032	-1
7.9484539032	-1
7.9484539032	-1
7.9484539032	-1
7.9484539032	-1
7.9484539032	-1
7.95534682274	-1
7.96315693855	-1
7.96315693855	-1
7.96315693855	-1
7.96315693855	-1
7.96315693855	-1
7.96315693855	-1
7.96315693855	-1
7.97105503082	-1
7.97105503082	-1
7.97105503082	-1
7.97105503082	-1
7.97105503082	-1
7.97105503082	-1
7.97105503082	-1
7.97105503082	-1
7.98185586929	-1
7.98847985268	-1
7.98847985268	-1
7.98847985268	-1
7.98847985268	-1
7.98847985268	-1
7.98847985268	-1
7.98847985268	-1
7.99830698967	-1
8.01121902466	-1
8.01121902466	-1
8.01121902466	-1
8.01121902466	-1
8.01121902466	-1
8.01121902466	-1
8.01121902466	-1
8.01121902466	-1
8.01771092415	-1
8.01771092415	-1
8.01771092415	-1
8.01771092415	-1
8.01771092415	-1
8.01771092415	-1
8.01771092415	-1
8.03159594536	-1
8.03159594536	-1
8.03159594536	-1
8.03159594536	-1
8.03159594536	-1
8.03159594536	-1
8.03159594536	-1
8.03159594536	-1
8.03829193115	-1
8.04466104507	-1
8.04466104507	-1
8.04466104507	-1
8.04466104507	-1
8.04466104507	-1
8.04466104507	-1
8.04466104507	-1
8.05223703384	-1
8.0522480011	1
8.0522480011	1
8.06587600708	-1
8.06587600708	-1
8.06587600708	-1
8.06587600708	-1
8.06587600708	-1
8.06587600708	-1
8.06587600708	-1
8.06587600708	-1
8.07547998428	-1
8.07547998428	-1
8.07547998428	-1
8.07547998428	-1
8.07547998428	-1
8.07547998428	-1
8.07547998428	-1
8.08866786957	-1
8.10362195969	-1
8.10362195969	-1
8.10362195969	-1
8.10362195969	-1
8.10362195969	-1
8.10362195969	-1
8.10362195969	-1
8.12020683289	-1
8.13030195236	-1
8.13030195236	-1
8.13030195236	-1
8.13030195236	-1
8.13030195236	-1
8.13030195236	-1
8.13030195236	-1
8.16299104691	-1
8.16299104691	-1
8.16299104691	-1
8.16299104691	-1
8.16299104691	-1
8.16299104691	-1
8.16299104691	-1
8.16299104691	-1
8.1715528965	1
8.1715528965	1
8.18020105362	-1
8.18020105362	-1
8.18020105362	-1
8.18020105362	-1
8.18020105362	-1
8.18020105362	-1
8.18020105362	-1
8.18020105362	-1
8.18692088127	-1
8.18692088127	-1
8.18692088127	-1
8.18692088127	-1
8.18692088127	-1
8.18692088127	-1
8.18692088127	-1
8.18692088127	-1
8.19689083099	-1
8.2044479847	-1
8.2044479847	-1
8.22309589386	-1
8.22309589386	-1
8.22309589386	-1
8.22309589386	-1
8.22309589386	-1
8.22309589386	-1
8.22309589386	-1
8.24044895172	-1
8.24049496651	-1
8.24049496651	-1
8.24049496651	-1
8.24049496651	-1
8.24049496651	-1
8.24049496651	-1
8.24049496651	-1
8.25510382652	-1
8.25510382652	-1
8.25510382652	-1
8.26391792297	-1
8.2703268528	-1
8.2703268528	-1
8.2703268528	-1
8.2703268528	-1
8.2703268528	-1
8.2703268528	-1
8.28734302521	-1
8.28734302521	-1
8.28734302521	-1
8.28734302521	-1
8.28734302521	-1
8.28734302521	-1
8.28734302521	-1
8.28734302521	-1
8.28737688065	1
8.28737688065	1
8.29337787628	-1
8.30056095123	-1
8.30056095123	-1
8.30056095123	-1
8.30056095123	-1
8.30056095123	-1
8.30056095123	-1
8.30056095123	-1
8.30874705315	-1
8.31528091431	-1
8.31528091431	-1
8.31528091431	-1
8.31528091431	-1
8.31528091431	-1
8.31528091431	-1
8.31528091431	-1
8.32252788544	-1
8.33704805374	-1
8.33704805374	-1
8.34407281876	-1
8.34407281876	-1
8.34407281876	-1
8.34407281876	-1
8.34407281876	-1
8.34407281876	-1
8.36310887337	-1
8.36310887337	-1
8.36310887337	-1
8.36310887337	-1
8.36310887337	-1
8.39697194099	-1
8.39697194099	-1
8.39697194099	-1
8.39697194099	-1
8.39697194099	-1
8.39697194099	-1
8.39697194099	-1
8.39697194099	-1
8.41994595528	-1
8.41994595528	-1
8.41994595528	-1
8.41994595528	-1
8.41994595528	-1
8.41994595528	-1
8.41994595528	-1
8.41994595528	-1
8.42907595634	-1
8.42907595634	-1
8.42907595634	-1
8.42907595634	-1
8.42907595634	-1
8.42907595634	-1
8.42907595634	-1
8.42907595634	-1
8.43025898933	1
8.44488596916	-1
8.45429587364	-1
8.45429587364	-1
8.48202300072	-1
8.48202300072	-1
8.48202300072	-1
8.49701094627	-1
8.49701094627	-1
8.50501394272	-1
8.50501394272	-1
8.50501394272	-1
8.50501394272	-1
8.50501394272	-1
8.50501394272	-1
8.52186703682	-1
8.52186703682	-1
8.52186703682	-1
8.52186703682	-1
8.52186703682	-1
8.53450202942	-1
8.54498791695	-1
8.54498791695	-1
8.54498791695	-1
8.54498791695	-1
8.54498791695	-1
8.54498791695	-1
8.54498791695	-1
8.55584096909	-1
8.55587482452	1
8.56055784225	-1
8.56055784225	-1
8.56055784225	-1
8.56055784225	-1
8.56055784225	-1
8.56055784225	-1
8.56055784225	-1
8.57269501686	-1
8.57269501686	-1
8.57269501686	-1
8.57269501686	-1
8.57269501686	-1
8.57269501686	-1
8.57269501686	-1
8.57269501686	-1
8.58701896667	-1
8.58701896667	-1
8.58701896667	-1
8.58701896667	-1
8.58701896667	-1
8.58701896667	-1
8.58701896667	-1
8.58701896667	-1
8.60763192177	-1
8.60763192177	-1
8.60763192177	-1
8.60763192177	-1
8.60763192177	-1
8.60763192177	-1
8.60763192177	-1
8.60763192177	-1
8.62235784531	-1
8.62235784531	-1
8.6283159256	-1
8.6283159256	-1
8.6283159256	-1
8.6283159256	-1
8.6283159256	-1
8.6283159256	-1
8.6417889595	-1
8.6417889595	-1
8.65530586243	-1
8.65530586243	-1
8.65530586243	-1
8.65530586243	-1
8.65530586243	-1
8.65530586243	-1
8.65530586243	-1
8.66846084595	-1
8.66846084595	-1
8.66846084595	-1
8.66846084595	-1
8.66846084595	-1
8.66846084595	-1
8.66846084595	-1
8.66846084595	-1
8.67621397972	-1
8.67624592781	1
8.67624592781	1
8.6814160347	-1
8.6814160347	-1
8.6814160347	-1
8.6814160347	-1
8.6814160347	-1
8.69577693939	-1
8.69577693939	-1
8.69577693939	-1
8.69577693939	-1
8.69577693939	-1
8.70560193062	-1
8.70560193062	-1
8.70560193062	-1
8.70560193062	-1
8.70560193062	-1
8.71145796776	-1
8.7376768589	-1
8.7376768589	-1
8.74660086632	-1
8.74660086632	-1
8.74660086632	-1
8.74660086632	-1
8.74660086632	-1
8.74660086632	-1
8.76251888275	-1
8.76251888275	-1
8.76251888275	-1
8.76251888275	-1
8.76251888275	-1
8.76251888275	-1
8.76251888275	-1
8.76816487312	-1
8.77378797531	1
8.77378797531	1
8.77378797531	1
8.78282690048	-1
8.78282690048	-1
8.7891960144	-1
8.7891960144	-1
8.7891960144	-1
8.7891960144	-1
8.7891960144	-1
8.7891960144	-1
8.8002409935	-1
8.8002409935	-1
8.8002409935	-1
8.8002409935	-1
8.8002409935	-1
8.8002409935	-1
8.8002409935	-1
8.8002409935	-1
8.80027794838	1
8.80563998222	-1
8.80563998222	-1
8.80563998222	-1
8.80563998222	-1
8.80563998222	-1
8.80563998222	-1
8.80563998222	-1
8.80563998222	-1
8.82208490372	-1
8.82208490372	-1
8.82208490372	-1
8.83358001709	-1
8.83358001709	-1
8.83358001709	-1
8.83358001709	-1
8.83358001709	-1
8.83358001709	-1
8.83358001709	-1
8.83973693848	-1
8.84742593765	-1
8.84742593765	-1
8.84742593765	-1
8.84742593765	-1
8.84742593765	-1
8.86014485359	-1
8.86014485359	-1
8.86014485359	-1
8.86014485359	-1
8.86014485359	-1
8.86014485359	-1
8.86014485359	-1
8.86014485359	-1
8.87178683281	-1
8.87178683281	-1
8.87178683281	-1
8.87178683281	-1
8.89884495735	-1
8.95290184021	-1
8.95290184021	-1
8.95290184021	-1
8.95293593407	1
8.9745080471	1
8.9745080471	1
8.9745080471	1
8.9745080471	1
8.9745080471	1
8.9745080471	1
8.97505688667	1
8.97505688667	1
9.06160092354	1
9.06160092354	1
9.06160092354	1
9.22670984268	1
9.5405189991	-1
9.69320702553	-1
9.76425695419	-1
9.76425695419	-1
9.76425695419	-1
9.76425695419	-1
9.76425695419	-1
9.76425695419	-1
9.76425695419	-1
9.79647302628	-1
9.79971003532	1
9.79992985725	1
9.79992985725	1
9.79992985725	1
9.79992985725	1
9.79992985725	1
9.79992985725	1
9.79992985725	1
9.79992985725	1
9.79999899864	1
9.80374288559	-1
9.80374288559	-1
9.80374288559	-1
9.80374288559	-1
9.80374288559	-1
9.80374288559	-1
9.81165003777	1
9.81165003777	1
9.81165003777	1
9.81165003777	1
9.81165003777	1
9.81165003777	1
9.81165003777	1
9.81165003777	1
9.81165003777	1
9.81182789803	1
9.81182789803	1
9.81182789803	1
9.81182789803	1
9.81182789803	1
9.81182789803	1
9.81182789803	1
9.87668204308	-1
9.87668204308	-1
9.87668204308	-1
9.88413691521	-1
9.88413691521	-1
9.88413691521	-1
9.88413691521	-1
9.88413691521	-1
9.88413691521	-1
9.91396093369	1
9.91396093369	1
9.91540598869	-1
9.91540598869	-1
9.91917490959	-1
9.91917490959	-1
9.91917490959	-1
9.92825102806	1
9.92825102806	1
9.92825102806	1
9.92825102806	1
9.92825102806	1
10.0887930393	-1
10.1969358921	1
10.4057638645	-1
10.5127010345	-1
10.5127010345	-1
10.5127010345	-1
10.5127010345	-1
10.5127010345	-1
10.5127010345	-1
10.5127010345	-1
10.5127010345	-1
10.5140779018	1
10.5205879211	1
10.5205879211	1
10.5205879211	1
10.5232439041	-1
10.5232439041	-1
10.5232439041	-1
10.5232439041	-1
10.5232439041	-1
10.5232439041	-1
10.5232439041	-1
10.5576779842	-1
10.5640058517	1
10.5640058517	1
10.5715768337	-1
10.5715768337	-1
10.5715768337	-1
10.5715768337	-1
10.5715768337	-1
10.5715768337	-1
10.5715768337	-1
10.5795910358	-1
10.5922470093	-1
10.5922470093	-1
10.5922470093	-1
10.5922470093	-1
10.6046848297	-1
10.6046848297	-1
10.6046848297	-1
10.6046848297	-1
10.6046848297	-1
10.6046848297	-1
10.6046848297	-1
10.6046848297	-1
10.6059319973	1
10.6059319973	1
10.6059319973	1
10.6123068333	1
10.6123068333	1
10.6123068333	1
10.6123068333	1
10.6191968918	1
10.6226148605	-1
10.6226148605	-1
10.6226148605	-1
10.6226148605	-1
10.6226148605	-1
10.6226148605	-1
10.6226148605	-1
10.6229748726	-1
10.6229748726	-1
10.6229748726	-1
10.6229748726	-1
10.6229748726	-1
10.6229748726	-1
10.6229748726	-1
10.6229748726	-1
10.6334278584	-1
10.6334278584	-1
10.6334278584	-1
10.6334278584	-1
10.6334278584	-1
10.6334278584	-1
10.6334278584	-1
10.6334278584	-1
10.6337869167	-1
10.6661798954	-1
10.6661798954	-1
10.6662919521	-1
10.6662919521	-1
10.6662919521	-1
10.666326046	-1
10.666326046	-1
10.666326046	-1
10.666326046	-1
10.666326046	-1
10.666326046	-1
10.6681499481	1
10.6681499481	1
10.6681499481	1
10.678894043	-1
10.7081739902	1
10.7081739902	1
10.7081739902	1
10.7282400131	-1
10.7282400131	-1
10.7282400131	-1
10.7282400131	-1
10.7282400131	-1
10.7282400131	-1
10.7282400131	-1
10.7282400131	-1
10.7380039692	-1
10.7380039692	-1
10.7380039692	-1
10.7380039692	-1
10.7568318844	-1
10.7568318844	-1
10.7568318844	-1
10.7568318844	-1
10.7568318844	-1
10.7568318844	-1
10.7568318844	-1
10.7629549503	-1
10.7676949501	1
10.7676949501	1
10.7676949501	1
10.7716310024	-1
10.7716310024	-1
10.7716310024	-1
10.7862188816	-1
10.7862188816	-1
10.7862188816	-1
10.7862188816	-1
10.7862188816	-1
10.7862188816	-1
10.7913708687	-1
10.792388916	1
10.792388916	1
10.792388916	1
10.7995948792	1
10.7995948792	1
10.8043069839	-1
10.8043069839	-1
10.8043069839	-1
10.8147499561	-1
10.8147499561	-1
10.8230628967	-1
10.8230628967	-1
10.8821778297	1
10.9323658943	-1
10.9323658943	-1
10.9323658943	-1
10.9349589348	-1
10.9349589348	-1
10.9349589348	-1
10.9349589348	-1
10.9349589348	-1
10.9775419235	-1
10.9775419235	-1
11.0031218529	-1
11.0031218529	-1
11.0031218529	-1
11.0931060314	-1
11.0931060314	-1
11.2081849575	-1
11.2751410007	-1
11.2751410007	-1
11.2751410007	-1
11.2791140079	-1
11.2791140079	-1
11.2791140079	-1
11.2791140079	-1
11.3086428642	-1
11.3095378876	1
11.3227088451	-1
11.355522871	-1
11.355522871	-1
11.355522871	-1
11.355522871	-1
11.3760378361	-1
11.3760378361	-1
11.4020459652	-1
11.4020459652	-1
11.406899929	-1
11.406899929	-1
11.406899929	-1
11.406899929	-1
11.406899929	-1
11.406899929	-1
11.4132268429	-1
11.4132268429	-1
11.4132268429	-1
11.4132268429	-1
11.4132268429	-1
11.4132268429	-1
11.4132268429	-1
11.4132268429	-1
11.4157450199	-1
11.4157450199	-1
11.4157450199	-1
11.4157450199	-1
11.4157450199	-1
11.4157450199	-1
11.4157450199	-1
11.4157450199	-1
11.4359169006	-1
11.4359169006	-1
11.4699938297	-1
11.5437810421	-1
11.5437810421	-1
11.5437810421	-1
11.5495319366	-1
11.5495319366	-1
11.5495319366	-1
11.550372839	1
11.6105799675	-1
11.6105799675	-1
11.6105799675	-1
11.6105799675	-1
11.6105799675	-1
11.6144900322	-1
11.6195309162	-1
11.6195309162	-1
11.6195309162	-1
11.6195309162	-1
11.6195309162	-1
11.6195309162	-1
11.6364839077	-1
11.6364839077	-1
11.6418719292	-1
11.6418719292	-1
11.6418719292	-1
11.6418719292	-1
11.6418719292	-1
11.6418719292	-1
11.6418719292	-1
11.6418719292	-1
11.6437120438	-1
11.6437120438	-1
11.6437120438	-1
11.6437120438	-1
11.6437120438	-1
11.6437120438	-1
11.6437120438	-1
11.6471250057	-1
11.6471250057	-1
11.6471250057	-1
11.6471250057	-1
11.6471250057	-1
11.6471250057	-1
11.6471250057	-1
11.6519858837	-1
11.6519858837	-1
11.6658940315	-1
11.6658940315	-1
11.6658940315	-1
11.6658940315	-1
11.6659288406	1
11.7250540257	-1
11.8066608906	-1
11.8066608906	-1
11.8066608906	-1
11.8152430058	-1
11.8152430058	-1
11.8152430058	-1
11.8772389889	-1
11.9951748848	-1
11.9995908737	-1
11.9995908737	-1
11.9995908737	-1
11.9995908737	-1
12.1790409088	1
12.1961069107	1
12.1961069107	1
12.1961069107	1
12.1961069107	1
12.1961069107	1
12.1961069107	1
12.1961069107	1
12.9901528358	-1
13.0689120293	-1
13.0689120293	-1
13.0689120293	-1
13.0713689327	-1
13.0713689327	-1
13.0713689327	-1
13.0713689327	-1
13.0713689327	-1
13.0713689327	-1
13.1812748909	-1
13.198777914	1
13.2874879837	1
13.2874879837	1
13.2874879837	1
13.287678957	1
13.287678957	1
13.287678957	1
13.2895019054	1
13.2895019054	1
13.2895019054	1
13.2895019054	1
13.2895019054	1
13.2895019054	1
13.2895019054	1
13.2896029949	1
13.6284480095	-1
13.6675570011	-1
13.6675570011	-1
13.6675570011	-1
13.6675570011	-1
