0.0	1
0.250514984131	1
0.711485862732	-1
0.712630987167	1
0.859613895416	-1
0.860764980316	1
0.863787889481	1
0.863787889481	1
0.863787889481	1
0.927750825882	1
0.927750825882	1
0.927750825882	1
1.45525789261	-1
1.45755195618	1
1.5647149086	-1
1.5661277771	1
1.63978981972	-1
1.63978981972	-1
1.64138293266	1
1.74758982658	-1
1.74762296677	1
1.84644198418	-1
1.84647488594	1
1.94459486008	-1
1.9448029995	-1
1.9448029995	-1
1.9448029995	-1
1.9448029995	-1
1.9448029995	-1
1.9448029995	-1
1.9448029995	-1
2.02965283394	1
2.13072681427	-1
2.24608492851	-1
2.24663591385	-1
2.24663591385	-1
2.24663591385	-1
2.24663591385	-1
2.24663591385	-1
2.24663591385	-1
2.24663591385	-1
2.24663591385	-1
2.27903795242	1
2.36999678612	-1
2.36999678612	-1
2.36999678612	-1
2.36999678612	-1
2.36999678612	-1
2.36999678612	-1
2.36999678612	-1
2.36999678612	-1
2.36999678612	-1
2.54482293129	-1
2.5683529377	-1
2.5683529377	-1
2.5683529377	-1
2.5683529377	-1
2.5683529377	-1
2.5683529377	-1
2.5683529377	-1
2.5683529377	-1
2.79480576515	-1
2.79618787766	1
2.9683599472	-1
3.14750790596	-1
3.14788293839	-1
3.14788293839	-1
3.14788293839	-1
3.14788293839	-1
3.14788293839	-1
3.25141692162	-1
3.25141692162	-1
3.25141692162	-1
3.25141692162	-1
3.25141692162	-1
3.25141692162	-1
3.25141692162	-1
3.25141692162	-1
3.25201582909	-1
3.25201582909	-1
3.25201582909	-1
3.25201582909	-1
3.25312590599	1
3.43142676353	-1
3.54788899422	-1
3.54834294319	-1
3.54834294319	-1
3.54834294319	-1
3.54834294319	-1
3.54834294319	-1
3.54834294319	-1
3.54834294319	-1
3.54834294319	-1
3.54999685287	-1
3.55043077469	-1
3.55043077469	-1
3.55043077469	-1
3.55043077469	-1
3.55043077469	-1
3.55043077469	-1
3.55558180809	1
3.64903378487	-1
3.64903378487	-1
3.64903378487	-1
3.64923882484	-1
3.64923882484	-1
3.64923882484	-1
3.64923882484	-1
3.64923882484	-1
3.64923882484	-1
3.64923882484	-1
3.64941883087	-1
3.64941883087	-1
3.64941883087	-1
3.64941883087	-1
3.64941883087	-1
3.64941883087	-1
3.83375382423	-1
3.83436989784	1
3.94856476784	1
4.04408383369	-1
4.18948578835	-1
4.20438480377	1
4.20652198792	1
4.20652198792	1
4.20652198792	1
4.8042948246	-1
4.88440680504	-1
4.88440680504	-1
4.88440680504	-1
4.88440680504	-1
4.88440680504	-1
4.88440680504	-1
4.88440680504	-1
4.97234177589	-1
4.97234177589	-1
4.97234177589	-1
4.98667788506	-1
4.98667788506	-1
4.98667788506	-1
4.98667788506	-1
4.98667788506	-1
4.98667788506	-1
4.98667788506	-1
5.06512999535	-1
5.07332491875	-1
5.07332491875	-1
5.07332491875	-1
5.07332491875	-1
5.07332491875	-1
5.07332491875	-1
5.07332491875	-1
5.07564783096	-1
5.07564783096	-1
5.07564783096	-1
5.07564783096	-1
5.07564783096	-1
5.07564783096	-1
5.0774679184	-1
5.07902479172	-1
5.07902479172	-1
5.07902479172	-1
5.07902479172	-1
5.07902479172	-1
5.07902479172	-1
5.14827394485	-1
5.14827394485	-1
5.14827394485	-1
5.14837789536	-1
5.14837789536	-1
5.14837789536	-1
5.14837789536	-1
5.14837789536	-1
5.14837789536	-1
5.14837789536	-1
5.24710893631	-1
5.24710893631	-1
5.24710893631	-1
5.24710893631	-1
5.24710893631	-1
5.24710893631	-1
5.24710893631	-1
5.26041698456	-1
5.26053977013	-1
5.26053977013	-1
5.26053977013	-1
5.26179790497	1
5.28525781631	-1
5.33510494232	1
5.34691596031	-1
5.34691596031	-1
5.34691596031	-1
5.34691596031	-1
5.34691596031	-1
5.34691596031	-1
5.34711194038	-1
5.34711194038	-1
5.34711194038	-1
5.34711194038	-1
5.34711194038	-1
5.34711194038	-1
5.34711194038	-1
5.34711194038	-1
5.34918999672	-1
5.34918999672	-1
5.34918999672	-1
5.64744186401	-1
5.64760780334	-1
5.64760780334	-1
5.64760780334	-1
5.64760780334	-1
5.64760780334	-1
5.64760780334	-1
5.65131092072	-1
5.65131092072	-1
5.65131092072	-1
5.65131092072	-1
5.65131092072	-1
5.65131092072	-1
5.65131092072	-1
5.65131092072	-1
5.74879384041	-1
5.74879384041	-1
5.74879384041	-1
5.74879384041	-1
5.74879384041	-1
5.74879384041	-1
5.74879384041	-1
5.74879384041	-1
5.74879384041	-1
5.74913978577	-1
5.74913978577	-1
5.74913978577	-1
5.74913978577	-1
5.74913978577	-1
5.74913978577	-1
5.74913978577	-1
5.74913978577	-1
5.75185585022	-1
5.75185585022	-1
5.75185585022	-1
5.75185585022	-1
5.75185585022	-1
5.75185585022	-1
5.75185585022	-1
5.75315499306	1
5.85210585594	-1
5.85210585594	-1
5.85210585594	-1
5.85210585594	-1
5.85210585594	-1
5.85210585594	-1
5.85210585594	-1
5.85210585594	-1
5.85210585594	-1
5.85245490074	-1
5.85245490074	-1
5.85245490074	-1
5.85245490074	-1
5.85245490074	-1
5.85245490074	-1
5.85245490074	-1
5.85245490074	-1
5.85280585289	-1
5.85280585289	-1
5.85280585289	-1
5.85280585289	-1
5.85280585289	-1
5.85280585289	-1
5.85280585289	-1
5.94596099854	-1
5.94596099854	-1
5.94596099854	-1
5.94606184959	-1
5.94606184959	-1
5.94606184959	-1
5.94606184959	-1
5.94606184959	-1
5.94606184959	-1
5.94630694389	-1
5.94630694389	-1
5.94630694389	-1
5.94630694389	-1
5.94630694389	-1
5.94630694389	-1
5.94630694389	-1
5.94630694389	-1
5.94817781448	-1
5.94817781448	-1
5.94817781448	-1
5.94817781448	-1
5.94817781448	-1
5.94961094856	1
5.97958898544	-1
6.05244994164	-1
6.05244994164	-1
6.05244994164	-1
6.05244994164	-1
6.05244994164	-1
6.05244994164	-1
6.05244994164	-1
6.05244994164	-1
6.05244994164	-1
6.05249881744	1
6.05279684067	-1
6.05279684067	-1
6.05279684067	-1
6.05279684067	-1
6.05279684067	-1
6.0537519455	-1
6.0537519455	-1
6.0537519455	-1
6.0537519455	-1
6.0537519455	-1
6.0537519455	-1
6.14767599106	-1
6.14767599106	-1
6.14767599106	-1
6.14767599106	-1
6.14767599106	-1
6.14767599106	-1
6.14926886559	-1
6.14926886559	-1
6.14926886559	-1
6.14926886559	-1
6.14926886559	-1
6.14926886559	-1
6.14926886559	-1
6.14926886559	-1
6.24865984917	-1
6.24865984917	-1
6.24865984917	-1
6.24881982803	-1
6.24881982803	-1
6.24881982803	-1
6.24881982803	-1
6.24881982803	-1
6.24951577187	-1
6.24951577187	-1
6.24951577187	-1
6.24951577187	-1
6.24951577187	-1
6.25061893463	1
6.25305485725	-1
6.25342798233	-1
6.25342798233	-1
6.25342798233	-1
6.25342798233	-1
6.25342798233	-1
6.34734177589	-1
6.34734177589	-1
6.34734177589	-1
6.34734177589	-1
6.34734177589	-1
6.34734177589	-1
6.34734177589	-1
6.34933686256	-1
6.34945082664	-1
6.34945082664	-1
6.34945082664	-1
6.34945082664	-1
6.34945082664	-1
6.34945082664	-1
6.46372485161	-1
6.46372485161	-1
6.46372485161	-1
6.46571779251	-1
6.46571779251	-1
6.46571779251	-1
6.46571779251	-1
6.46571779251	-1
6.46571779251	-1
6.46571779251	-1
6.46571779251	-1
6.46603488922	-1
6.46603488922	-1
6.46603488922	-1
6.46981191635	-1
6.46981191635	-1
6.46981191635	-1
6.46981191635	-1
6.46981191635	-1
6.46981191635	-1
6.46981191635	-1
6.54756379128	-1
6.54756379128	-1
6.54756379128	-1
6.55046677589	-1
6.55046677589	-1
6.55046677589	-1
6.55158495903	1
6.5587978363	-1
6.64190292358	1
6.64190292358	1
6.64190292358	1
6.64190292358	1
6.66993689537	-1
6.66993689537	-1
6.77856183052	1
6.77874588966	1
6.77874588966	1
6.77874588966	1
6.77953982353	1
6.77953982353	1
6.77953982353	1
