0.0	1
0.25039601326	1
0.735963106155	-1
0.737127065659	1
1.19048404694	-1
1.19196510315	1
1.19723010063	1
1.19723010063	1
1.19723010063	1
1.19723010063	1
1.19723010063	1
1.19723010063	1
1.81696605682	-1
1.81867790222	1
1.95820593834	-1
1.95941591263	1
2.09914207458	-1
2.09914207458	-1
2.1007399559	1
2.25568199158	-1
2.25573801994	1
2.39482998848	-1
2.39482998848	-1
2.39482998848	-1
2.39518594742	1
2.39861893654	-1
2.39861893654	-1
2.39861893654	-1
2.39861893654	-1
2.39861893654	-1
2.39861893654	-1
2.39861893654	-1
2.54479289055	1
2.57834196091	-1
2.57834196091	-1
2.57834196091	-1
2.59281897545	-1
2.59281897545	-1
2.59281897545	-1
2.63805794716	-1
2.63805794716	-1
2.63805794716	-1
2.74409198761	-1
2.74409198761	-1
2.74409198761	-1
2.79597091675	1
2.82410407066	-1
2.82410407066	-1
2.93587803841	-1
2.93587803841	-1
2.93587803841	-1
2.93587803841	-1
2.93587803841	-1
2.94105601311	-1
2.9475710392	-1
2.9475710392	-1
2.9475710392	-1
2.9475710392	-1
2.9475710392	-1
2.9475710392	-1
2.9475710392	-1
3.11846399307	-1
3.11961507797	1
3.12897109985	-1
3.12897109985	-1
3.12897109985	-1
3.12897109985	-1
3.16457009315	-1
3.16457009315	-1
3.16457009315	-1
3.16457009315	-1
3.16457009315	-1
3.16457009315	-1
3.16687607765	-1
3.18290400505	-1
3.18290400505	-1
3.18290400505	-1
3.18302297592	1
3.18302297592	1
3.18302297592	1
3.18682289124	-1
3.18682289124	-1
3.27148008347	-1
3.27148008347	-1
3.27148008347	-1
3.27151799202	1
3.39817690849	1
3.39817690849	1
3.39817690849	1
3.39952898026	1
3.39952898026	1
3.39952898026	1
3.53784608841	-1
3.56979990005	1
3.70929598808	-1
3.83994793892	-1
3.83994793892	-1
3.83994793892	-1
3.84897303581	1
3.88808989525	-1
3.89456295967	-1
3.89456295967	-1
3.89456295967	-1
3.89456295967	-1
3.89456295967	-1
3.90111589432	-1
3.91019392014	-1
3.91019392014	-1
3.91019392014	-1
3.91019392014	-1
3.91019392014	-1
3.93076896667	-1
3.93076896667	-1
3.93076896667	-1
3.93653607368	-1
3.93653607368	-1
3.93653607368	-1
3.93653607368	-1
3.93653607368	-1
3.93653607368	-1
3.98868489265	-1
3.98872494698	1
3.98874807358	-1
3.98874807358	-1
3.98874807358	-1
3.98891091347	-1
3.98891091347	-1
3.98891091347	-1
3.98903298378	-1
3.98903298378	-1
3.98915791512	-1
3.98915791512	-1
3.98915791512	-1
4.05004310608	-1
4.05004310608	-1
4.05004310608	-1
4.05014204979	-1
4.05014204979	-1
4.05014204979	-1
4.05020189285	-1
4.05020189285	-1
4.05020189285	-1
4.05038809776	-1
4.05051589012	-1
4.05051589012	-1
4.05051589012	-1
4.05051589012	-1
4.05051589012	-1
4.05051589012	-1
4.05076289177	-1
4.05076289177	-1
4.05076289177	-1
4.05076289177	-1
4.05076289177	-1
4.05076289177	-1
4.05076289177	-1
4.05076289177	-1
4.10559606552	-1
4.10559606552	-1
4.10559606552	-1
4.10559606552	-1
4.10559606552	-1
4.10559606552	-1
4.10559606552	-1
4.10559606552	-1
4.12887501717	1
4.12906694412	-1
4.12906694412	-1
4.12906694412	-1
4.12906694412	-1
4.12906694412	-1
4.12906694412	-1
4.12906694412	-1
4.12931203842	-1
4.12943601608	-1
4.12943601608	-1
4.12943601608	-1
4.12955904007	-1
4.12955904007	-1
4.12968206406	-1
4.12968206406	-1
4.12968206406	-1
4.12980389595	-1
4.12980389595	-1
4.12980389595	-1
4.12980389595	-1
4.12980389595	-1
4.12980389595	-1
4.19046211243	-1
4.19046211243	-1
4.19053292274	-1
4.19053292274	-1
4.19070601463	-1
4.19070601463	-1
4.19070601463	-1
4.19083094597	-1
4.19083094597	-1
4.19095897675	-1
4.19095897675	-1
4.19095897675	-1
4.19095897675	-1
4.22308492661	-1
4.22308492661	-1
4.22308492661	-1
4.23579692841	-1
4.23579692841	-1
4.23579692841	-1
4.23584890366	-1
4.23584890366	-1
4.23584890366	-1
4.23584890366	-1
4.25440907478	-1
4.25447106361	-1
4.25447106361	-1
4.25447106361	-1
4.25447106361	-1
4.25447106361	-1
4.25447106361	-1
4.25447106361	-1
4.25472903252	-1
4.25472903252	-1
4.25472903252	-1
4.25472903252	-1
4.25472903252	-1
4.25472903252	-1
4.25472903252	-1
4.2696249485	1
4.2696249485	1
4.27071905136	-1
4.27071905136	-1
4.2987549305	-1
4.2987549305	-1
4.2987549305	-1
4.2987549305	-1
4.2987549305	-1
4.2987549305	-1
4.2987549305	-1
4.2987549305	-1
4.2987549305	-1
4.3301448822	-1
4.3301448822	-1
4.3301448822	-1
4.3301448822	-1
4.3301448822	-1
4.3301448822	-1
4.3301448822	-1
4.3301448822	-1
4.33050990105	-1
4.33050990105	-1
4.33063292503	-1
4.33063292503	-1
4.33063292503	-1
4.33063292503	-1
4.33063292503	-1
4.33063292503	-1
4.33063292503	-1
4.33063292503	-1
4.33099102974	-1
4.33099102974	-1
4.33099102974	-1
4.33099102974	-1
4.33099102974	-1
4.33099102974	-1
4.33099102974	-1
4.33099102974	-1
4.33099102974	-1
4.4537498951	1
4.49528503418	-1
4.68516206741	-1
4.70595502853	1
4.70814108849	1
4.70814108849	1
4.70814108849	1
4.84555196762	-1
4.99172711372	1
5.13806796074	1
5.21699404716	-1
5.29043292999	-1
5.29043292999	-1
5.29043292999	-1
5.40729308128	1
5.53537392616	-1
5.53537392616	-1
5.58612799644	1
5.58612799644	1
5.7179210186	-1
5.76188611984	1
5.85739803314	-1
6.05423903465	-1
6.1957321167	-1
6.33514499664	-1
6.386936903	-1
6.386936903	-1
6.386936903	-1
6.386936903	-1
6.401045084	1
6.51170492172	1
6.51170492172	1
6.51170492172	1
6.51170492172	1
6.51170492172	1
6.51170492172	1
7.08937692642	-1
7.09078907967	1
7.30318593979	-1
7.30457210541	1
7.36295294762	-1
7.36295294762	-1
7.36295294762	-1
7.40221405029	1
7.40221405029	1
7.40221405029	1
7.40237903595	1
7.40237903595	1
7.40237903595	1
7.44418811798	-1
7.64578509331	1
7.64578509331	1
7.65828990936	-1
7.67755198479	-1
7.67755198479	-1
7.67755198479	-1
7.67755198479	-1
7.67755198479	-1
7.67755198479	-1
7.67755198479	-1
7.67755198479	-1
7.69720411301	-1
7.69720411301	-1
7.69720411301	-1
7.69720411301	-1
7.69720411301	-1
7.69720411301	-1
7.69720411301	-1
7.74412894249	-1
7.74412894249	-1
7.74412894249	-1
7.74412894249	-1
7.74412894249	-1
7.74412894249	-1
7.74412894249	-1
7.74412894249	-1
7.78542399406	-1
7.78542399406	-1
7.78669905663	1
7.8948829174	-1
7.8948829174	-1
7.8948829174	-1
7.89728403091	-1
7.89728403091	-1
7.89728403091	-1
7.89728403091	-1
7.89728403091	-1
7.89728403091	-1
7.89728403091	-1
7.94335603714	-1
7.9433889389	1
7.9433889389	1
7.94496393204	-1
7.94496393204	-1
7.94496393204	-1
7.94496393204	-1
7.94496393204	-1
7.94496393204	-1
7.94496393204	-1
7.94716310501	-1
7.94716310501	-1
7.94716310501	-1
7.94716310501	-1
7.94716310501	-1
7.94716310501	-1
7.94716310501	-1
8.02770495415	-1
8.02770495415	-1
8.02770495415	-1
8.02770495415	-1
8.02770495415	-1
8.02770495415	-1
8.02770495415	-1
8.0279340744	-1
8.0279340744	-1
8.0279340744	-1
8.0279340744	-1
8.0279340744	-1
8.0279340744	-1
8.0279340744	-1
8.0369451046	-1
8.0369451046	-1
8.0369451046	-1
8.0369451046	-1
8.0369451046	-1
8.0369451046	-1
8.0369451046	-1
8.03718996048	-1
8.03731298447	-1
8.03731298447	-1
8.03731298447	-1
8.03731298447	-1
8.03731298447	-1
8.03731298447	-1
8.03731298447	-1
8.03731298447	-1
8.0871989727	-1
8.0871989727	-1
8.0871989727	-1
8.0871989727	-1
8.0871989727	-1
8.0871989727	-1
8.0871989727	-1
8.08744502068	-1
8.08756804466	-1
8.08756804466	-1
8.08756804466	-1
8.08756804466	-1
8.08756804466	-1
8.08756804466	-1
8.08756804466	-1
8.0878329277	-1
8.0878329277	-1
8.0878329277	-1
8.0884270668	1
8.16808891296	-1
8.16819190979	-1
8.16819190979	-1
8.16819190979	-1
8.16819190979	-1
8.16819190979	-1
8.16819190979	-1
8.16819190979	-1
8.16843700409	-1
8.16843700409	-1
8.16843700409	-1
8.16843700409	-1
8.16862607002	-1
8.16862607002	-1
8.16880607605	-1
8.16880607605	-1
8.16880607605	-1
8.16880607605	-1
8.16880607605	-1
8.16880607605	-1
8.16880607605	-1
8.18271207809	-1
8.18271207809	-1
8.18271207809	-1
8.18271207809	-1
8.18271207809	-1
8.18271207809	-1
8.18271207809	-1
8.18271207809	-1
8.18305897713	-1
8.20399188995	-1
8.20399188995	-1
8.20399188995	-1
8.20399188995	-1
8.20399188995	-1
8.20399188995	-1
8.20399188995	-1
8.20399188995	-1
8.20399188995	-1
8.20399188995	-1
8.20399188995	-1
8.20399188995	-1
8.22812891006	-1
8.22812891006	-1
8.22812891006	-1
8.22812891006	-1
8.22812891006	-1
8.22812891006	-1
8.22812891006	-1
8.22847104073	-1
8.22847104073	-1
8.22847104073	-1
8.22847104073	-1
8.22847104073	-1
8.22847104073	-1
8.22847104073	-1
8.25681090355	-1
8.25681090355	-1
8.25684404373	1
8.25687003136	-1
8.25687003136	-1
8.25687003136	-1
8.25687003136	-1
8.25687003136	-1
8.25687003136	-1
8.25687003136	-1
8.30834794044	-1
8.3084499836	-1
8.3084499836	-1
8.3084499836	-1
8.3084499836	-1
8.3084499836	-1
8.3084499836	-1
8.3084499836	-1
8.3084499836	-1
8.30881905556	-1
8.30881905556	-1
8.30881905556	-1
8.30881905556	-1
8.30881905556	-1
8.30881905556	-1
8.30881905556	-1
8.30881905556	-1
8.3091878891	-1
8.3091878891	-1
8.3091878891	-1
8.3091878891	-1
8.3091878891	-1
8.3091878891	-1
8.3091878891	-1
8.3094329834	-1
8.34349989891	-1
8.34349989891	-1
8.34349989891	-1
8.34349989891	-1
8.34349989891	-1
8.34349989891	-1
8.34349989891	-1
8.34349989891	-1
8.34349989891	-1
8.34349989891	-1
8.34383797646	-1
8.34383797646	-1
8.34390497208	-1
8.34390497208	-1
8.36839008331	-1
8.36839008331	-1
8.36839008331	-1
8.36839008331	-1
8.36839008331	-1
8.36839008331	-1
8.36839008331	-1
8.36839008331	-1
8.37518906593	-1
8.37518906593	-1
8.37518906593	-1
8.37518906593	-1
8.37518906593	-1
8.39664101601	-1
8.39667701721	1
8.39667701721	1
8.39669895172	-1
8.39669895172	-1
8.39669895172	-1
8.39669895172	-1
8.39669895172	-1
8.39669895172	-1
8.39669895172	-1
8.39700007439	-1
8.4035859108	1
8.4035859108	1
8.4035859108	1
8.4035859108	1
8.4035859108	1
8.4035859108	1
8.43031692505	-1
8.43031692505	-1
8.43031692505	-1
8.43031692505	-1
8.43031692505	-1
8.43031692505	-1
8.43031692505	-1
8.43054389954	-1
8.4457359314	-1
8.4457359314	-1
8.4457359314	-1
8.4457359314	-1
8.4457359314	-1
8.4457359314	-1
8.4457359314	-1
8.4458758831	-1
8.45179700851	-1
8.45179700851	-1
8.45179700851	-1
8.45179700851	-1
8.46096992493	-1
8.46096992493	-1
8.49914693832	-1
8.49914693832	-1
8.49914693832	-1
8.50810408592	-1
8.50810408592	-1
8.50810408592	-1
8.50810408592	-1
8.50810408592	-1
8.50810408592	-1
8.50810408592	-1
8.50810408592	-1
8.53822207451	-1
8.53822207451	-1
8.53822207451	-1
8.53822207451	-1
8.53822207451	-1
8.53822207451	-1
8.53822207451	-1
8.53822207451	-1
8.54301095009	-1
8.54301095009	-1
8.54301095009	-1
8.56398105621	-1
8.56398105621	-1
8.56398105621	-1
8.56629490852	-1
8.56629490852	-1
8.56629490852	-1
8.56629490852	-1
8.56629490852	-1
8.56629490852	-1
8.56629490852	-1
8.56629490852	-1
8.69846606255	-1
8.69846606255	-1
8.69846606255	-1
8.69846606255	-1
8.69846606255	-1
8.69849991798	1
8.70921802521	-1
8.72360610962	-1
8.72360610962	-1
8.8809709549	1
8.88125300407	1
8.88125300407	1
8.88125300407	1
8.88125300407	1
8.88125300407	1
8.88125300407	1
8.88125300407	1
8.88125300407	1
8.88139891624	1
8.88139891624	1
8.88139891624	1
8.88139891624	1
8.88139891624	1
8.88139891624	1
9.04460310936	-1
