0.0	1
0.250646829605	1
0.421682834625	-1
0.423254013062	1
0.637557983398	-1
0.638329029083	1
0.792106866837	1
0.931329965591	1
0.931329965591	1
1.04468584061	1
1.04468584061	1
1.04468584061	1
1.11423897743	-1
1.21020102501	1
1.29627203941	-1
1.34939193726	1
1.43575501442	-1
1.48870801926	1
1.57525491714	-1
1.60003495216	-1
1.60003495216	-1
1.60003495216	-1
1.61745905876	-1
1.61745905876	-1
1.63576889038	-1
1.63576889038	-1
1.63576889038	-1
1.63580083847	1
1.6421148777	-1
1.6421148777	-1
1.70535302162	-1
1.70535302162	-1
1.70535302162	-1
1.70749592781	-1
1.70749592781	-1
1.71484684944	-1
1.71484684944	-1
1.71484684944	-1
1.71490097046	-1
1.71490097046	-1
1.81133389473	1
1.81133389473	1
1.85421299934	-1
1.8599460125	-1
1.8599460125	-1
1.8599460125	-1
1.86140084267	-1
1.86140084267	-1
1.86565995216	-1
1.86565995216	-1
1.86565995216	-1
1.98719501495	1
1.9887368679	-1
1.9887368679	-1
1.98898601532	-1
1.98898601532	-1
1.98898601532	-1
1.9892539978	-1
1.9892539978	-1
2.05121898651	-1
2.05121898651	-1
2.05121898651	-1
2.13413691521	1
2.27269887924	-1
2.27269887924	-1
2.35115194321	1
2.35115194321	1
2.38178300858	-1
2.38178300858	-1
2.38178300858	-1
2.49959588051	1
2.675385952	1
2.73143792152	-1
3.03020405769	-1
3.03020405769	-1
3.03173184395	1
3.04853987694	1
3.04853987694	1
3.04853987694	1
3.16992688179	-1
3.18814587593	1
3.4535369873	-1
3.50434184074	-1
3.50434184074	-1
3.50434184074	-1
3.50575900078	1
3.5894138813	-1
3.5894138813	-1
3.63001704216	-1
3.64696192741	1
3.84328985214	1
4.03676700592	-1
4.03795790672	1
4.29174995422	-1
4.48207402229	-1
4.48331284523	1
4.62155890465	-1
4.73921203613	1
4.87845301628	1
5.13602089882	-1
5.13712191582	1
5.32401394844	-1
5.50209498405	-1
5.57762384415	-1
5.57762384415	-1
5.57762384415	-1
5.65583705902	1
5.79510402679	1
6.43796801567	1
6.57727885246	1
6.57727885246	1
7.43736505508	1
7.65941786766	-1
7.66205787659	-1
7.66205787659	-1
7.66205787659	-1
7.68313288689	-1
7.68313288689	-1
7.68847703934	-1
7.68847703934	-1
7.68847703934	-1
7.71391892433	1
7.80156183243	-1
7.82449793816	-1
7.82449793816	-1
7.82449793816	-1
7.82462787628	-1
7.82462787628	-1
7.82496905327	-1
7.82496905327	-1
7.82496905327	-1
7.82515287399	-1
7.82515287399	-1
7.85040187836	-1
7.85040187836	-1
7.85040187836	-1
7.85263204575	-1
7.85263204575	-1
7.85323190689	1
7.9907040596	-1
7.9907040596	-1
7.9907040596	-1
7.99075889587	-1
7.99075889587	-1
7.99234199524	1
7.99234199524	1
7.99234199524	1
8.01267385483	-1
8.01267385483	-1
8.01267385483	-1
8.01430296898	-1
8.01430296898	-1
8.01584792137	-1
8.01584792137	-1
8.01584792137	-1
8.01666688919	-1
8.01666688919	-1
8.01756691933	-1
8.01756691933	-1
8.01756691933	-1
8.02360987663	-1
8.02360987663	-1
8.02372503281	-1
8.02372503281	-1
8.02372503281	-1
8.13020300865	-1
8.13020300865	-1
8.1303050518	-1
8.1303050518	-1
8.1303050518	-1
8.13033986092	-1
8.13033986092	-1
8.1304268837	-1
8.15213489532	1
8.15575885773	-1
8.15575885773	-1
8.15575885773	-1
8.15586304665	-1
8.15586304665	-1
8.15591788292	-1
8.15591788292	-1
8.15591788292	-1
8.15610694885	-1
8.15610694885	-1
8.15623092651	-1
8.15623092651	-1
8.15623092651	-1
8.16354084015	-1
8.16354084015	-1
8.16364502907	-1
8.16364502907	-1
8.16364502907	-1
8.20560288429	-1
8.20560288429	-1
8.21456599236	1
8.21456599236	1
8.21456599236	1
8.26991486549	-1
8.26991486549	-1
8.28760004044	-1
8.28760004044	-1
8.28760004044	-1
8.29712200165	-1
8.29712200165	-1
8.29715895653	1
8.29715895653	1
8.42696785927	-1
8.4662539959	1
8.4662539959	1
8.4662539959	1
8.47432589531	1
8.47432589531	1
8.61640691757	-1
8.6176970005	1
8.65914487839	-1
8.65914487839	-1
8.65914487839	-1
8.66491889954	-1
8.66491889954	-1
8.67225193977	-1
8.67225193977	-1
8.67225193977	-1
8.67688798904	-1
8.67688798904	-1
8.68307900429	-1
8.68307900429	-1
8.68307900429	-1
8.69358682632	-1
8.69358682632	-1
8.72435998917	1
8.72435998917	1
8.72435998917	1
8.74013805389	-1
8.74013805389	-1
8.74013805389	-1
8.75733995438	1
8.7879960537	-1
8.7879960537	-1
8.7879960537	-1
8.79399490356	-1
8.79399490356	-1
8.80110096931	-1
8.80110096931	-1
8.80110096931	-1
8.81135988235	-1
8.81135988235	-1
8.8192448616	-1
8.8192448616	-1
8.8192448616	-1
8.82387399673	-1
8.82387399673	-1
8.82995486259	-1
8.82995486259	-1
8.82995486259	-1
8.83394885063	-1
8.83394885063	-1
8.8388428688	-1
8.8388428688	-1
8.8388428688	-1
8.84199595451	-1
8.84199595451	-1
8.84600996971	-1
8.84600996971	-1
8.84600996971	-1
8.89720797539	-1
8.89720797539	-1
8.89725184441	1
8.89725184441	1
8.89728283882	-1
8.89728283882	-1
8.89728283882	-1
8.89743494987	-1
8.89743494987	-1
8.89753293991	-1
8.89753293991	-1
8.89753293991	-1
8.93353700638	-1
8.93353700638	-1
8.93353700638	-1
8.93364191055	-1
8.93364191055	-1
8.98416185379	-1
8.98416185379	-1
8.98416185379	-1
8.99898791313	-1
8.99898791313	-1
8.99919295311	-1
8.99919295311	-1
8.99919295311	-1
9.02798485756	-1
9.02798485756	-1
9.03680706024	1
9.03680706024	1
9.05169200897	1
9.05169200897	1
9.05169200897	1
9.16625785828	-1
9.16625785828	-1
9.16625785828	-1
9.17637085915	-1
9.27407693863	-1
9.27407693863	-1
9.27407693863	-1
9.27420186996	-1
9.27420186996	-1
9.28677105904	1
9.28677105904	1
9.28677105904	1
9.29140090942	-1
9.29140090942	-1
9.29140090942	-1
9.29914093018	-1
9.29914093018	-1
9.31596493721	-1
9.31596493721	-1
9.45537590981	-1
9.45542383194	1
9.46139502525	-1
9.46139502525	-1
9.46139502525	-1
9.46438598633	-1
9.46438598633	-1
9.46839785576	-1
9.46839785576	-1
9.46839785576	-1
9.47032189369	-1
9.47032189369	-1
9.47250390053	-1
9.47250390053	-1
9.47250390053	-1
9.47384500504	-1
9.47384500504	-1
9.47527885437	-1
9.47527885437	-1
9.47527885437	-1
9.47634196281	-1
9.47634196281	-1
9.4774479866	-1
9.4774479866	-1
9.4774479866	-1
9.4782269001	-1
9.4782269001	-1
9.47929096222	-1
9.47929096222	-1
9.47929096222	-1
9.47994804382	-1
9.47994804382	-1
9.48785090446	-1
9.48785090446	-1
9.48785090446	-1
9.52835798264	-1
9.52835798264	-1
9.58252000809	1
9.58252000809	1
9.58252000809	1
9.58252000809	1
9.64129805565	-1
9.64129805565	-1
9.64129805565	-1
9.7343120575	-1
9.77033495903	1
9.87375497818	-1
10.0195808411	1
10.1499938965	-1
10.1499938965	-1
10.1558058262	1
10.1558058262	1
10.1558058262	1
10.1558058262	1
10.2897758484	-1
10.4346158504	-1
10.4346158504	-1
10.4346158504	-1
10.4541609287	-1
10.4541609287	-1
10.4660139084	-1
10.4660139084	-1
10.5338509083	1
10.5513448715	1
10.5513448715	1
10.5513448715	1
10.5513448715	1
10.5513448715	1
10.5518238544	1
10.553650856	1
10.553650856	1
10.5538790226	1
10.5538790226	1
10.5538790226	1
10.5538790226	1
10.5538790226	1
10.5538790226	1
10.5554628372	1
10.5554628372	1
10.5554628372	1
10.5554628372	1
10.5554628372	1
10.5554628372	1
10.5554628372	1
10.6057870388	-1
