0.0	1
0.25016784668	1
0.34428191185	-1
0.345779895782	1
0.588421821594	-1
0.590031862259	1
0.663203001022	1
0.719642877579	1
0.719642877579	1
0.719642877579	1
0.751518964767	-1
0.756618976593	-1
0.756618976593	-1
0.756618976593	-1
0.756618976593	-1
0.756618976593	-1
0.756618976593	-1
0.903576850891	-1
0.903576850891	-1
0.969563961029	1
1.08243393898	1
1.08243393898	1
1.10975003242	-1
1.15628695488	1
1.26428699493	-1
1.26557803154	1
1.33751893044	-1
1.37862300873	1
1.44769191742	-1
1.44769191742	-1
1.49226593971	1
1.54746389389	-1
1.54746389389	-1
1.54746389389	-1
1.55133485794	-1
1.55133485794	-1
1.55952382088	-1
1.57613682747	-1
1.57613682747	-1
1.57613682747	-1
1.57613682747	-1
1.57616996765	1
1.66177296638	1
1.89743685722	-1
1.91820001602	1
1.99185085297	-1
2.00807785988	1
2.08280682564	-1
2.08310604095	-1
2.08310604095	-1
2.08310604095	-1
2.08310604095	-1
2.08310604095	-1
2.08310604095	-1
2.08310604095	-1
2.08310604095	-1
2.08335089684	-1
2.0844168663	1
2.12724399567	-1
2.12724399567	-1
2.12724399567	-1
2.12724399567	-1
2.12724399567	-1
2.12724399567	-1
2.12724399567	-1
2.12724399567	-1
2.25793480873	1
2.27228498459	-1
2.27267694473	-1
2.27267694473	-1
2.27267694473	-1
2.27267694473	-1
2.27267694473	-1
2.27267694473	-1
2.27267694473	-1
2.27267694473	-1
2.27292203903	-1
2.34730386734	1
2.51440382004	-1
2.62758898735	-1
2.62870883942	1
2.70212984085	-1
2.70212984085	-1
2.81195783615	-1
2.81968688965	1
3.17309689522	-1
3.2090818882	-1
3.2090818882	-1
3.2090818882	-1
3.2427008152	-1
3.2427008152	-1
3.2427008152	-1
3.2427008152	-1
3.2456138134	-1
3.24823594093	1
3.2505300045	1
3.2505300045	1
3.2505300045	1
3.25144982338	-1
3.25144982338	-1
3.25144982338	-1
3.25144982338	-1
3.25144982338	-1
3.25144982338	-1
3.25144982338	-1
3.25144982338	-1
3.28679585457	1
3.28679585457	1
3.28760886192	-1
3.28760886192	-1
3.28760886192	-1
3.28760886192	-1
3.28835701942	1
3.28835701942	1
3.28835701942	1
3.29015302658	-1
3.29015302658	-1
3.29030680656	-1
3.29030680656	-1
3.29030680656	-1
3.29030680656	-1
3.29030680656	-1
3.29030680656	-1
3.31927394867	-1
3.31927394867	-1
3.31927394867	-1
3.31927394867	-1
3.31927394867	-1
3.31927394867	-1
3.33417081833	-1
3.33417081833	-1
3.33417081833	-1
3.33417081833	-1
3.33417081833	-1
3.33417081833	-1
3.33417081833	-1
3.33417081833	-1
3.33417081833	-1
3.33923602104	-1
3.33923602104	-1
3.33923602104	-1
3.33923602104	-1
3.33923602104	-1
3.33923602104	-1
3.33923602104	-1
3.33923602104	-1
3.3557870388	-1
3.3557870388	-1
3.3557870388	-1
3.3557870388	-1
3.3557870388	-1
3.3557870388	-1
3.3557870388	-1
3.3557870388	-1
3.37232089043	-1
3.37232089043	-1
3.37232089043	-1
3.37232089043	-1
3.37232089043	-1
3.37232089043	-1
3.37232089043	-1
3.37416386604	-1
3.40692591667	-1
3.40692591667	-1
3.40692591667	-1
3.40692591667	-1
3.40692591667	-1
3.40692591667	-1
3.40692591667	-1
3.40692591667	-1
3.40696001053	1
3.40696001053	1
3.40840983391	-1
3.40840983391	-1
3.40840983391	-1
3.40840983391	-1
3.40840983391	-1
3.40840983391	-1
3.40840983391	-1
3.43592786789	-1
3.49099397659	-1
3.49099397659	-1
3.49099397659	-1
3.49099397659	-1
3.49099397659	-1
3.49100494385	1
3.55856084824	1
3.55856084824	1
3.55856084824	1
3.55856084824	1
3.55856084824	1
3.55856084824	1
3.55856084824	1
3.55856084824	1
3.55856084824	1
3.6038608551	-1
3.6038608551	-1
3.6038608551	-1
3.60397100449	-1
3.60397100449	-1
3.60397100449	-1
3.60397100449	-1
3.62821483612	-1
3.63138985634	-1
3.63138985634	-1
3.63138985634	-1
3.63329792023	1
3.63329792023	1
3.63329792023	1
3.63468599319	-1
3.63468599319	-1
3.63468599319	-1
3.63468599319	-1
3.63468599319	-1
3.63468599319	-1
3.63468599319	-1
3.6375939846	-1
3.63769888878	-1
3.63769888878	-1
3.63769888878	-1
3.65426898003	-1
3.65426898003	-1
3.65426898003	-1
3.65492582321	-1
3.65492582321	-1
3.65682387352	-1
3.65682387352	-1
3.65682387352	-1
3.65701198578	-1
3.65701198578	-1
3.65701198578	-1
3.65701198578	-1
3.65704703331	-1
3.66020202637	-1
3.66020202637	-1
3.66020202637	-1
3.66771793365	-1
3.66771793365	-1
3.66771793365	-1
3.66771793365	-1
3.66771793365	-1
3.66771793365	-1
3.66771793365	-1
3.69829297066	-1
3.6983268261	1
3.70267486572	-1
3.70267486572	-1
3.70562386513	-1
3.70562386513	-1
3.70562386513	-1
3.70717382431	-1
3.70717382431	-1
3.7075920105	-1
3.7075920105	-1
3.7075920105	-1
3.7075920105	-1
3.7075920105	-1
3.7075920105	-1
3.7075920105	-1
3.70837187767	-1
3.70837187767	-1
3.70837187767	-1
3.70837187767	-1
3.70978283882	1
3.70978283882	1
3.70978283882	1
3.71125483513	-1
3.71125483513	-1
3.71125483513	-1
3.71125483513	-1
3.71125483513	-1
3.71125483513	-1
3.7114109993	-1
3.7114109993	-1
3.7284579277	-1
3.7284579277	-1
3.7284579277	-1
3.7284579277	-1
3.7284579277	-1
3.7284579277	-1
3.7284579277	-1
3.7384428978	-1
3.73848581314	-1
3.73848581314	-1
3.73848581314	-1
3.73848581314	-1
3.73848581314	-1
3.74029302597	-1
3.74182891846	-1
3.74182891846	-1
3.74193692207	-1
3.74193692207	-1
3.74193692207	-1
3.74193692207	-1
3.74193692207	-1
3.74224185944	-1
3.74242901802	-1
3.74242901802	-1
3.74242901802	-1
3.74242901802	-1
3.74242901802	-1
3.74242901802	-1
3.74242901802	-1
3.77199482918	-1
3.77901887894	-1
3.77901887894	-1
3.77901887894	-1
3.77901887894	-1
3.77901887894	-1
3.77901887894	-1
3.77901887894	-1
3.77901887894	-1
3.78066301346	-1
3.78066301346	-1
3.78066301346	-1
3.78066301346	-1
3.78066301346	-1
3.78066301346	-1
3.78066301346	-1
3.78066301346	-1
3.78125	-1
3.78125	-1
3.78145885468	-1
3.78145885468	-1
3.78145885468	-1
3.78145885468	-1
3.78145885468	-1
3.78145885468	-1
3.78262686729	-1
3.78262686729	-1
3.78262686729	-1
3.78262686729	-1
3.78262686729	-1
3.78262686729	-1
3.78262686729	-1
3.78502392769	-1
3.78505682945	-1
3.78505682945	-1
3.78505682945	-1
3.78505682945	-1
3.78505682945	-1
3.78505682945	-1
3.78505682945	-1
3.80189990997	-1
3.81199002266	-1
3.81199002266	-1
3.81199002266	-1
3.81210184097	-1
3.81210184097	-1
3.81210184097	-1
3.81210184097	-1
3.81210184097	-1
3.81210184097	-1
3.81210184097	-1
3.81377291679	-1
3.81387686729	-1
3.81387686729	-1
3.81387686729	-1
3.81387686729	-1
3.81387686729	-1
3.81387686729	-1
3.81387686729	-1
3.81387686729	-1
3.81559181213	-1
3.81559181213	-1
3.81559181213	-1
3.81559181213	-1
3.81559181213	-1
3.81559181213	-1
3.81559181213	-1
3.81559181213	-1
3.81598591805	-1
3.81598591805	-1
3.81598591805	-1
3.81598591805	-1
3.81598591805	-1
3.81598591805	-1
3.81598591805	-1
3.81598591805	-1
3.81676292419	1
3.81676292419	1
3.81676292419	1
3.84611082077	-1
3.84611082077	-1
3.84611082077	-1
3.84611082077	-1
3.84611082077	-1
3.84611082077	-1
3.84611082077	-1
3.85706186295	1
3.85706186295	1
3.85706186295	1
3.85706186295	1
3.92421293259	-1
3.92421293259	-1
3.92421293259	-1
3.92432999611	-1
3.92432999611	-1
3.92432999611	-1
3.92432999611	-1
3.92432999611	-1
3.92432999611	-1
3.92458486557	-1
3.92458486557	-1
3.92458486557	-1
3.92458486557	-1
3.92458486557	-1
3.92458486557	-1
3.92458486557	-1
3.92458486557	-1
3.9297440052	-1
3.9297440052	-1
3.9297440052	-1
3.9297440052	-1
3.9297440052	-1
3.9297440052	-1
3.9297440052	-1
3.9297440052	-1
3.95112395287	-1
3.95112395287	-1
3.95112395287	-1
3.95112395287	-1
3.95139098167	-1
3.95139098167	-1
3.95139098167	-1
3.95139098167	-1
3.95139098167	-1
3.95139098167	-1
3.95139098167	-1
3.95175981522	-1
3.95175981522	-1
3.95175981522	-1
3.95175981522	-1
3.95175981522	-1
3.95175981522	-1
3.95175981522	-1
3.95175981522	-1
3.95310091972	-1
3.95310091972	-1
3.95310091972	-1
3.95310091972	-1
3.95310091972	-1
3.95310091972	-1
3.95310091972	-1
3.95310091972	-1
3.95310091972	-1
3.95477700233	1
3.95477700233	1
3.95477700233	1
3.9574239254	-1
3.9574239254	-1
3.9574239254	-1
3.9574239254	-1
3.9574239254	-1
3.9574239254	-1
3.9574239254	-1
3.9574239254	-1
3.95840001106	-1
3.95840001106	-1
3.95840001106	-1
3.95840001106	-1
3.95840001106	-1
3.95840001106	-1
3.95840001106	-1
3.95864295959	-1
3.95880699158	-1
3.95880699158	-1
3.95880699158	-1
3.95880699158	-1
3.95880699158	-1
3.95880699158	-1
3.95880699158	-1
3.95905184746	-1
3.96040081978	1
3.96040081978	1
3.96040081978	1
3.9622399807	1
3.9622399807	1
3.99786186218	-1
3.99786186218	-1
3.99786186218	-1
3.99786186218	-1
3.99786186218	-1
3.99786186218	-1
3.99786186218	-1
3.99786186218	-1
3.99786186218	-1
3.99815392494	-1
3.99815392494	-1
3.99815392494	-1
3.99815392494	-1
3.99815392494	-1
3.99815392494	-1
3.99815392494	-1
3.99815392494	-1
4.00308394432	-1
4.00308394432	-1
4.00308394432	-1
4.00308394432	-1
4.00308394432	-1
4.00308394432	-1
4.00308394432	-1
4.00308394432	-1
4.00472402573	-1
4.00472402573	-1
4.00472402573	-1
4.00472402573	-1
4.00472402573	-1
4.00472402573	-1
4.00472402573	-1
4.00472402573	-1
4.02517986298	-1
4.02517986298	-1
4.02517986298	-1
4.02517986298	-1
4.02517986298	-1
4.02517986298	-1
4.02517986298	-1
4.02541589737	-1
4.02541589737	-1
4.02541589737	-1
4.02541589737	-1
4.02541589737	-1
4.02541589737	-1
4.02541589737	-1
4.02541589737	-1
4.02578496933	-1
4.02765202522	1
4.02765202522	1
4.02765202522	1
4.02859997749	-1
4.02859997749	-1
4.02859997749	-1
4.02859997749	-1
4.02859997749	-1
4.02859997749	-1
4.02859997749	-1
4.02859997749	-1
4.0289478302	-1
4.0289478302	-1
4.0289478302	-1
4.0289478302	-1
4.0289478302	-1
4.0289478302	-1
4.0289478302	-1
4.0289478302	-1
4.03095388412	-1
4.03095388412	-1
4.03095388412	-1
4.03095388412	-1
4.03095388412	-1
4.03095388412	-1
4.03095388412	-1
4.03259301186	-1
4.03259301186	-1
4.03259301186	-1
4.03259301186	-1
4.03259301186	-1
4.03259301186	-1
4.03259301186	-1
4.03259301186	-1
4.03259301186	-1
4.03295397758	-1
4.03295397758	-1
4.03295397758	-1
4.03295397758	-1
4.03295397758	-1
4.03295397758	-1
4.03295397758	-1
4.03295397758	-1
4.03332185745	-1
4.03332185745	-1
4.03332185745	-1
4.03332185745	-1
4.03332185745	-1
4.03332185745	-1
4.03332185745	-1
4.03332185745	-1
4.04980802536	1
4.04980802536	1
4.07170391083	-1
4.07170391083	-1
4.07170391083	-1
4.07837581635	-1
4.07903289795	-1
4.07903289795	-1
4.07903289795	-1
4.07903289795	-1
4.07903289795	-1
4.07903289795	-1
4.07903289795	-1
4.07903289795	-1
4.07925891876	-1
4.10351681709	-1
4.10351681709	-1
4.10351681709	-1
4.10351681709	-1
4.10351681709	-1
4.10351681709	-1
4.10351681709	-1
4.10351681709	-1
4.10351681709	-1
4.10385894775	-1
4.10385894775	-1
4.10385894775	-1
4.10385894775	-1
4.10385894775	-1
4.10404491425	-1
4.10404491425	-1
4.10404491425	-1
4.10404491425	-1
4.10404491425	-1
4.10404491425	-1
4.10438680649	-1
4.10438680649	-1
4.10438680649	-1
4.10438680649	-1
4.10438680649	-1
4.10438680649	-1
4.10461997986	-1
4.10461997986	-1
4.10483694077	-1
4.10483694077	-1
4.10483694077	-1
4.10483694077	-1
4.10483694077	-1
4.10483694077	-1
4.10764193535	1
4.10764193535	1
4.10764193535	1
4.10764193535	1
4.11861801147	-1
4.11861801147	-1
4.11877894402	-1
4.11877894402	-1
4.11877894402	-1
4.11877894402	-1
4.11877894402	-1
4.11877894402	-1
4.11877894402	-1
4.11902403831	-1
4.11902403831	-1
4.11902403831	-1
4.11902403831	-1
4.11902403831	-1
4.11902403831	-1
4.11902403831	-1
4.11932396889	-1
4.11932396889	-1
4.11932396889	-1
4.11932396889	-1
4.11932396889	-1
4.11932396889	-1
4.11932396889	-1
4.11932396889	-1
4.14509797096	-1
4.14509797096	-1
4.14509797096	-1
4.14509797096	-1
4.14509797096	-1
4.14509797096	-1
4.14509797096	-1
4.14509797096	-1
4.14509797096	-1
4.14546298981	-1
4.14546298981	-1
4.14546298981	-1
4.14546298981	-1
4.14546298981	-1
4.14546298981	-1
4.14546298981	-1
4.14546298981	-1
4.14583086967	-1
4.14583086967	-1
4.14583086967	-1
4.14583086967	-1
4.14583086967	-1
4.14583086967	-1
4.14583086967	-1
4.14583086967	-1
4.14615702629	-1
4.14615702629	-1
4.14615702629	-1
4.14615702629	-1
4.14615702629	-1
4.14615702629	-1
4.14615702629	-1
4.14615702629	-1
4.17833089828	-1
4.17833089828	-1
4.17833089828	-1
4.17833089828	-1
4.17833089828	-1
4.17833089828	-1
4.17833089828	-1
4.1785030365	-1
4.1785030365	-1
4.1785030365	-1
4.1785030365	-1
4.1785030365	-1
4.1785030365	-1
4.1785030365	-1
4.1785030365	-1
4.17894482613	-1
4.17894482613	-1
4.17894482613	-1
4.17894482613	-1
4.17894482613	-1
4.17894482613	-1
4.17894482613	-1
4.17894482613	-1
4.17923903465	-1
4.17923903465	-1
4.17923903465	-1
4.17923903465	-1
4.17923903465	-1
4.17923903465	-1
4.17923903465	-1
4.17923903465	-1
4.17968201637	-1
4.17968201637	-1
4.17968201637	-1
4.17968201637	-1
4.17968201637	-1
4.17968201637	-1
4.17968201637	-1
4.17968201637	-1
4.18156886101	-1
4.18156886101	-1
4.18156886101	-1
4.18156886101	-1
4.18156886101	-1
4.18156886101	-1
4.18156886101	-1
4.18156886101	-1
4.18211102486	1
4.18211102486	1
4.18211102486	1
4.22142601013	-1
4.22142601013	-1
4.22142601013	-1
4.22142601013	-1
4.22142601013	-1
4.22142601013	-1
4.22142601013	-1
4.22146081924	1
4.22177100182	-1
4.22177100182	-1
4.22177100182	-1
4.22177100182	-1
4.22177100182	-1
4.22177100182	-1
4.22177100182	-1
4.22177100182	-1
4.22213888168	-1
4.22213888168	-1
4.22213888168	-1
4.22213888168	-1
4.22213888168	-1
4.22213888168	-1
4.22623300552	-1
4.22623300552	-1
4.22623300552	-1
4.22623300552	-1
4.22623300552	-1
4.22623300552	-1
4.22623300552	-1
4.22623300552	-1
4.22658395767	-1
4.22658395767	-1
4.22658395767	-1
4.22658395767	-1
4.22658395767	-1
4.22658395767	-1
4.22658395767	-1
4.22658395767	-1
4.25089001656	-1
4.25089001656	-1
4.25300598145	-1
4.25300598145	-1
4.25300598145	-1
4.25300598145	-1
4.25300598145	-1
4.25300598145	-1
4.25300598145	-1
4.25705194473	-1
4.25716400146	-1
4.25716400146	-1
4.25716400146	-1
4.25716400146	-1
4.25716400146	-1
4.25716400146	-1
4.25716400146	-1
4.27587199211	-1
4.27587199211	-1
4.27587199211	-1
4.27597999573	-1
4.27597999573	-1
4.27597999573	-1
4.27597999573	-1
4.27597999573	-1
4.27597999573	-1
4.27622294426	-1
4.27634596825	-1
4.27634596825	-1
4.27634596825	-1
4.27634596825	-1
4.27634596825	-1
4.27634596825	-1
4.27634596825	-1
4.27659201622	-1
4.27671694756	-1
4.27671694756	-1
4.27671694756	-1
4.27671694756	-1
4.27671694756	-1
4.27671694756	-1
4.27671694756	-1
4.2960319519	-1
4.2960319519	-1
4.2960319519	-1
4.2960319519	-1
4.2960319519	-1
4.2960319519	-1
4.2960319519	-1
4.2960319519	-1
4.2960319519	-1
4.29637384415	-1
4.29637384415	-1
4.29637384415	-1
4.29637384415	-1
4.29637384415	-1
4.29637384415	-1
4.29637384415	-1
4.29637384415	-1
4.29674291611	-1
4.29674291611	-1
4.29674291611	-1
4.29674291611	-1
4.29674291611	-1
4.29674291611	-1
4.29674291611	-1
4.29674291611	-1
4.29711699486	-1
4.29711699486	-1
4.29711699486	-1
4.29711699486	-1
4.29711699486	-1
4.29711699486	-1
4.29711699486	-1
4.29711699486	-1
4.29735803604	1
4.3009929657	-1
4.3009929657	-1
4.3009929657	-1
4.3009929657	-1
4.3009929657	-1
4.3009929657	-1
4.3009929657	-1
4.32664394379	-1
4.32686781883	-1
4.32686781883	-1
4.32686781883	-1
4.32686781883	-1
4.32686781883	-1
4.32686781883	-1
4.32686781883	-1
4.33167886734	-1
4.33167886734	-1
4.33167886734	-1
4.33167886734	-1
4.33167886734	-1
4.33167886734	-1
4.33167886734	-1
4.33167886734	-1
4.3494758606	-1
4.3494758606	-1
4.35057783127	-1
4.35057783127	-1
4.35057783127	-1
4.35057783127	-1
4.35057783127	-1
4.35057783127	-1
4.35057783127	-1
4.35057783127	-1
4.35087394714	-1
4.35087394714	-1
4.35087394714	-1
4.35087394714	-1
4.35087394714	-1
4.35087394714	-1
4.35087394714	-1
4.35087394714	-1
4.35108494759	-1
4.35108494759	-1
4.35108494759	-1
4.35108494759	-1
4.35108494759	-1
4.35108494759	-1
4.35108494759	-1
4.35108494759	-1
4.36954283714	-1
4.37070703506	-1
4.37070703506	-1
4.37070703506	-1
4.37070703506	-1
4.37070703506	-1
4.37070703506	-1
4.37070703506	-1
4.37070703506	-1
4.37094402313	1
4.37094402313	1
4.37094402313	1
4.37107586861	-1
4.37107586861	-1
4.37107586861	-1
4.37107586861	-1
4.37107586861	-1
4.37107586861	-1
4.37107586861	-1
4.37107586861	-1
4.37144398689	-1
4.37144398689	-1
4.37144398689	-1
4.37144398689	-1
4.37144398689	-1
4.37144398689	-1
4.38060092926	-1
4.38060092926	-1
4.38060092926	-1
4.38060092926	-1
4.38088488579	-1
4.38119196892	-1
4.38119196892	-1
4.38119196892	-1
4.38119196892	-1
4.38119196892	-1
4.38119196892	-1
4.38119196892	-1
4.38119196892	-1
4.38119196892	-1
4.38155984879	-1
4.38155984879	-1
4.38155984879	-1
4.38155984879	-1
4.38155984879	-1
4.40559196472	-1
4.40559196472	-1
4.40559196472	-1
4.40559196472	-1
4.40559196472	-1
4.40559196472	-1
4.40559196472	-1
4.40559196472	-1
4.40559196472	-1
4.40589594841	-1
4.40589594841	-1
4.40589594841	-1
4.40589594841	-1
4.40589594841	-1
4.40589594841	-1
4.40589594841	-1
4.40589594841	-1
4.40631890297	-1
4.40631890297	-1
4.40631890297	-1
4.40631890297	-1
4.40631890297	-1
4.40631890297	-1
4.40631890297	-1
4.40631890297	-1
4.40668797493	-1
4.40668797493	-1
4.40668797493	-1
4.40668797493	-1
4.40668797493	-1
4.40668797493	-1
4.40668797493	-1
4.40668797493	-1
4.44433689117	-1
4.44433689117	-1
4.44433689117	-1
4.44433689117	-1
4.44433689117	-1
4.44433689117	-1
4.44433689117	-1
4.44433689117	-1
4.44433689117	-1
4.44465899467	-1
4.44465899467	-1
4.44465899467	-1
4.44465899467	-1
4.44465899467	-1
4.44465899467	-1
4.44465899467	-1
4.44465899467	-1
4.44506502151	-1
4.44506502151	-1
4.44506502151	-1
4.44506502151	-1
4.44506502151	-1
4.44506502151	-1
4.44506502151	-1
4.44506502151	-1
4.44531083107	-1
4.44531083107	-1
4.44531083107	-1
4.44531083107	-1
4.44531083107	-1
4.44531083107	-1
4.44531083107	-1
4.44531083107	-1
4.45368695259	1
4.45368695259	1
4.45551800728	-1
4.45551800728	-1
4.45551800728	-1
4.45551800728	-1
4.45551800728	-1
4.45551800728	-1
4.45551800728	-1
4.45587682724	-1
4.45587682724	-1
4.45587682724	-1
4.45587682724	-1
4.45587682724	-1
4.45587682724	-1
4.45587682724	-1
4.45587682724	-1
4.4562458992	-1
4.4562458992	-1
4.4562458992	-1
4.4562458992	-1
4.4562458992	-1
4.4562458992	-1
4.4562458992	-1
4.4562458992	-1
4.45661687851	-1
4.45661687851	-1
4.45661687851	-1
4.45661687851	-1
4.45661687851	-1
4.45661687851	-1
4.45661687851	-1
4.45661687851	-1
4.48117780685	-1
4.48117780685	-1
4.48117780685	-1
4.48117780685	-1
4.48117780685	-1
4.48117780685	-1
4.48117780685	-1
4.48141384125	-1
4.48141384125	-1
4.48141384125	-1
4.48141384125	-1
4.48141384125	-1
4.48141384125	-1
4.48141384125	-1
4.48141384125	-1
4.48178291321	-1
4.48178291321	-1
4.48178291321	-1
4.48178291321	-1
4.48178291321	-1
4.48178291321	-1
4.48178291321	-1
4.48178291321	-1
4.48215198517	-1
4.48215198517	-1
4.48215198517	-1
4.48215198517	-1
4.48215198517	-1
4.48215198517	-1
4.48215198517	-1
4.48215198517	-1
4.48418784142	1
4.48418784142	1
4.48418784142	1
4.51935601234	-1
4.51935601234	-1
4.51935601234	-1
4.51935601234	-1
4.51935601234	-1
4.51935601234	-1
4.51935601234	-1
4.51935601234	-1
4.51970887184	-1
4.51970887184	-1
4.51970887184	-1
4.51970887184	-1
4.51970887184	-1
4.51970887184	-1
4.51970887184	-1
4.51970887184	-1
4.5200779438	-1
4.5200779438	-1
4.5200779438	-1
4.5200779438	-1
4.5200779438	-1
4.5200779438	-1
4.5200779438	-1
4.5200779438	-1
4.52044701576	-1
4.52044701576	-1
4.52044701576	-1
4.52044701576	-1
4.52044701576	-1
4.52044701576	-1
4.52044701576	-1
4.52044701576	-1
4.52081489563	-1
4.52081489563	-1
4.52081489563	-1
4.52081489563	-1
4.52081489563	-1
4.52081489563	-1
4.52081489563	-1
4.52081489563	-1
4.53022503853	-1
4.53022503853	-1
4.53022503853	-1
4.53022503853	-1
4.53022503853	-1
4.53022503853	-1
4.53022503853	-1
4.53046584129	-1
4.53046584129	-1
4.53046584129	-1
4.53046584129	-1
4.53046584129	-1
4.53046584129	-1
4.53046584129	-1
4.53046584129	-1
4.53083395958	-1
4.53083395958	-1
4.53083395958	-1
4.53083395958	-1
4.53083395958	-1
4.53083395958	-1
4.53083395958	-1
4.53083395958	-1
4.53120398521	-1
4.53120398521	-1
4.53120398521	-1
4.53120398521	-1
4.53120398521	-1
4.53120398521	-1
4.53120398521	-1
4.53120398521	-1
4.55614280701	-1
4.55614280701	-1
4.55614280701	-1
4.55614280701	-1
4.55614280701	-1
4.55614280701	-1
4.55614280701	-1
4.55614280701	-1
4.55637192726	-1
4.55637192726	-1
4.55637192726	-1
4.55637192726	-1
4.55637192726	-1
4.55637192726	-1
4.55637192726	-1
4.55637192726	-1
4.55673980713	-1
4.55673980713	-1
4.55673980713	-1
4.55673980713	-1
4.55673980713	-1
4.55673980713	-1
4.55673980713	-1
4.55673980713	-1
4.55710983276	-1
4.55710983276	-1
4.55710983276	-1
4.55710983276	-1
4.55710983276	-1
4.55710983276	-1
4.55710983276	-1
4.55710983276	-1
4.59495592117	-1
4.59495592117	-1
4.59495592117	-1
4.59495592117	-1
4.59495592117	-1
4.59495592117	-1
4.59495592117	-1
4.59529995918	-1
4.59529995918	-1
4.59529995918	-1
4.59529995918	-1
4.59529995918	-1
4.59529995918	-1
4.59529995918	-1
4.59529995918	-1
4.59566998482	-1
4.59566998482	-1
4.59566998482	-1
4.59566998482	-1
4.59566998482	-1
4.59566998482	-1
4.59566998482	-1
4.59566998482	-1
4.59603786469	-1
4.59603786469	-1
4.59603786469	-1
4.59603786469	-1
4.59603786469	-1
4.59603786469	-1
4.59603786469	-1
4.59603786469	-1
4.59633994102	1
4.59633994102	1
4.59633994102	1
4.60533881187	-1
4.60533881187	-1
4.60533881187	-1
4.60533881187	-1
4.60533881187	-1
4.60533881187	-1
4.60533881187	-1
4.60533881187	-1
4.60568380356	-1
4.60568380356	-1
4.60568380356	-1
4.60568380356	-1
4.60568380356	-1
4.60568380356	-1
4.60568380356	-1
4.60568380356	-1
4.60592985153	-1
4.60592985153	-1
4.60592985153	-1
4.60592985153	-1
4.60592985153	-1
4.60592985153	-1
4.60592985153	-1
4.60592985153	-1
4.60629892349	-1
4.60629892349	-1
4.60629892349	-1
4.60629892349	-1
4.60629892349	-1
4.60629892349	-1
4.60629892349	-1
4.60629892349	-1
4.63054084778	-1
4.63054084778	-1
4.63054084778	-1
4.63054084778	-1
4.63054084778	-1
4.63054084778	-1
4.63054084778	-1
4.63074994087	-1
4.63074994087	-1
4.63074994087	-1
4.63074994087	-1
4.63074994087	-1
4.63074994087	-1
4.63074994087	-1
4.63074994087	-1
4.63113903999	-1
4.63113903999	-1
4.63113903999	-1
4.63113903999	-1
4.63113903999	-1
4.63113903999	-1
4.63113903999	-1
4.63113903999	-1
4.63148283958	-1
4.63148283958	-1
4.63148283958	-1
4.63148283958	-1
4.63148283958	-1
4.63148283958	-1
4.63148283958	-1
4.63148283958	-1
4.66961503029	-1
4.66961503029	-1
4.66961503029	-1
4.66961503029	-1
4.66961503029	-1
4.66961503029	-1
4.66961503029	-1
4.66961503029	-1
4.66996693611	-1
4.66996693611	-1
4.66996693611	-1
4.66996693611	-1
4.66996693611	-1
4.66996693611	-1
4.66996693611	-1
4.66996693611	-1
4.67033696175	-1
4.67033696175	-1
4.67033696175	-1
4.67033696175	-1
4.67033696175	-1
4.67033696175	-1
4.67033696175	-1
4.67033696175	-1
4.67070293427	-1
4.67070293427	-1
4.67070293427	-1
4.67070293427	-1
4.67070293427	-1
4.67070293427	-1
4.67070293427	-1
4.67070293427	-1
4.67354083061	1
4.67354083061	1
4.67354083061	1
4.68794989586	-1
4.68794989586	-1
4.68794989586	-1
4.68794989586	-1
4.68794989586	-1
4.68794989586	-1
4.68794989586	-1
4.68807601929	-1
4.68807601929	-1
4.68807601929	-1
4.68807601929	-1
4.68807601929	-1
4.68807601929	-1
4.68807601929	-1
4.68807601929	-1
4.68853998184	-1
4.68853998184	-1
4.68853998184	-1
4.68853998184	-1
4.68853998184	-1
4.68853998184	-1
4.68853998184	-1
4.68853998184	-1
4.68889904022	-1
4.68889904022	-1
4.68889904022	-1
4.68889904022	-1
4.68889904022	-1
4.68889904022	-1
4.68889904022	-1
4.68889904022	-1
4.70495486259	-1
4.70495486259	-1
4.70495486259	-1
4.70495486259	-1
4.70495486259	-1
4.70495486259	-1
4.70495486259	-1
4.70495486259	-1
4.70511102676	-1
4.70511102676	-1
4.70511102676	-1
4.70511102676	-1
4.70511102676	-1
4.70511102676	-1
4.70511102676	-1
4.70511102676	-1
4.70555686951	-1
4.70555686951	-1
4.70555686951	-1
4.70555686951	-1
4.70555686951	-1
4.70555686951	-1
4.70555686951	-1
4.70555686951	-1
4.70585989952	-1
4.70585989952	-1
4.70585989952	-1
4.70585989952	-1
4.70585989952	-1
4.70585989952	-1
4.70585989952	-1
4.70585989952	-1
4.74476480484	-1
4.74476480484	-1
4.74476480484	-1
4.74476480484	-1
4.74476480484	-1
4.74476480484	-1
4.74476480484	-1
4.74512290955	-1
4.74512290955	-1
4.74512290955	-1
4.74512290955	-1
4.74512290955	-1
4.74512290955	-1
4.74512290955	-1
4.74512290955	-1
4.74549198151	-1
4.74549198151	-1
4.74549198151	-1
4.74549198151	-1
4.74549198151	-1
4.74549198151	-1
4.74549198151	-1
4.74549198151	-1
4.7458589077	-1
4.7458589077	-1
4.7458589077	-1
4.7458589077	-1
4.7458589077	-1
4.7458589077	-1
4.7458589077	-1
4.7458589077	-1
4.74941897392	1
4.74941897392	1
4.74941897392	1
4.76231503487	-1
4.76231503487	-1
4.76231503487	-1
4.76231503487	-1
4.76231503487	-1
4.76231503487	-1
4.76231503487	-1
4.76231503487	-1
4.76261496544	-1
4.76261496544	-1
4.76261496544	-1
4.76261496544	-1
4.76261496544	-1
4.76261496544	-1
4.76261496544	-1
4.76261496544	-1
4.76283597946	-1
4.76283597946	-1
4.76283597946	-1
4.76283597946	-1
4.76283597946	-1
4.76283597946	-1
4.76283597946	-1
4.76283597946	-1
4.76328682899	-1
4.76328682899	-1
4.76328682899	-1
4.76328682899	-1
4.76328682899	-1
4.76328682899	-1
4.76328682899	-1
4.76328682899	-1
4.77923989296	-1
4.77923989296	-1
4.77923989296	-1
4.77923989296	-1
4.77923989296	-1
4.77923989296	-1
4.77923989296	-1
4.77948403358	-1
4.77948403358	-1
4.77948403358	-1
4.77948403358	-1
4.77948403358	-1
4.77948403358	-1
4.77948403358	-1
4.77948403358	-1
4.77987003326	-1
4.77987003326	-1
4.77987003326	-1
4.77987003326	-1
4.77987003326	-1
4.77987003326	-1
4.77987003326	-1
4.81904196739	-1
4.81904196739	-1
4.81904196739	-1
4.81904196739	-1
4.81904196739	-1
4.81904196739	-1
4.81904196739	-1
4.81904196739	-1
4.81939387321	-1
4.81939387321	-1
4.81939387321	-1
4.81939387321	-1
4.81939387321	-1
4.81939387321	-1
4.81939387321	-1
4.81939387321	-1
4.82521796227	1
4.82521796227	1
4.82589197159	-1
4.82589197159	-1
4.82589197159	-1
4.85273694992	-1
4.91534399986	1
4.91534399986	1
4.91534399986	1
4.91640090942	1
4.91640090942	1
4.91651892662	1
4.91651892662	1
4.91651892662	1
5.16069197655	1
5.19075703621	-1
5.19139480591	-1
5.19139480591	-1
5.19139480591	-1
5.19139480591	-1
5.19139480591	-1
5.19139480591	-1
5.19139480591	-1
5.19139480591	-1
5.19213199615	-1
5.19213199615	-1
5.19213199615	-1
5.19213199615	-1
5.19213199615	-1
5.19213199615	-1
5.19213199615	-1
5.19213199615	-1
5.19712495804	-1
5.19722986221	-1
5.19722986221	-1
5.19722986221	-1
5.19722986221	-1
5.19722986221	-1
5.19722986221	-1
5.19722986221	-1
5.19765996933	-1
5.19778299332	-1
5.19778299332	-1
5.19778299332	-1
5.19778299332	-1
5.19778299332	-1
5.19778299332	-1
5.19778299332	-1
5.19794797897	-1
5.19850301743	-1
5.19850301743	-1
5.19850301743	-1
5.19850301743	-1
5.19850301743	-1
5.19850301743	-1
5.19850301743	-1
5.19895195961	-1
5.19907402992	-1
5.19907402992	-1
5.19907402992	-1
5.19907402992	-1
5.19907402992	-1
5.19907402992	-1
5.19907402992	-1
5.19924783707	-1
5.19924783707	-1
5.19924783707	-1
5.19924783707	-1
5.19924783707	-1
5.19924783707	-1
5.19924783707	-1
5.20236992836	1
5.20236992836	1
5.20236992836	1
5.2649140358	-1
5.2649140358	-1
5.26501393318	-1
5.26501393318	-1
5.26501393318	-1
5.26501393318	-1
5.26501393318	-1
5.26501393318	-1
5.26501393318	-1
5.26576900482	-1
5.26576900482	-1
5.26581096649	-1
5.26581096649	-1
5.26581096649	-1
5.26581096649	-1
5.26581096649	-1
5.26612091064	-1
5.26612091064	-1
5.26624083519	-1
5.26624083519	-1
5.26624083519	-1
5.27063584328	-1
5.27063584328	-1
5.27063584328	-1
5.27068400383	-1
5.27068400383	-1
5.27068400383	-1
5.27068400383	-1
5.27068400383	-1
5.27068400383	-1
5.27068400383	-1
5.27127885818	-1
5.27140402794	-1
5.27140402794	-1
5.27140402794	-1
5.27140402794	-1
5.27140402794	-1
5.27140402794	-1
5.27140402794	-1
5.27140402794	-1
5.27177381516	-1
5.27177381516	-1
5.27177381516	-1
5.27177381516	-1
5.27177381516	-1
5.27177381516	-1
5.27177381516	-1
5.27177381516	-1
5.27214097977	-1
5.27214097977	-1
5.27214097977	-1
5.27214097977	-1
5.27214097977	-1
5.27214097977	-1
5.27214097977	-1
5.27214097977	-1
5.27271485329	-1
5.27271485329	-1
5.27271485329	-1
5.27271485329	-1
5.27271485329	-1
5.27271485329	-1
5.27271485329	-1
5.27271485329	-1
5.27308392525	-1
5.27308392525	-1
5.27308392525	-1
5.27308392525	-1
5.27308392525	-1
5.27308392525	-1
5.27308392525	-1
5.27336287498	-1
5.27336287498	-1
5.27413201332	1
5.27413201332	1
5.27413201332	1
5.27507090569	1
5.27507090569	1
5.27507090569	1
5.29014992714	-1
5.29014992714	-1
5.29014992714	-1
5.29014992714	-1
5.29014992714	-1
5.29014992714	-1
5.33937191963	1
5.33939981461	-1
5.33939981461	-1
5.33955788612	-1
5.33955788612	-1
5.33955788612	-1
5.33955788612	-1
5.33955788612	-1
5.33955788612	-1
5.33955788612	-1
5.33955788612	-1
5.33955788612	-1
5.33992600441	-1
5.33992600441	-1
5.33992600441	-1
5.33992600441	-1
5.33992600441	-1
5.33992600441	-1
5.33992600441	-1
5.33992600441	-1
5.34029388428	-1
5.34029388428	-1
5.34029388428	-1
5.34029388428	-1
5.34029388428	-1
5.34029388428	-1
5.34029388428	-1
5.34029388428	-1
5.34426593781	-1
5.34426593781	-1
5.34426593781	-1
5.34426593781	-1
5.34426593781	-1
5.34426593781	-1
5.34426593781	-1
5.34426593781	-1
5.34514689445	-1
5.34514689445	-1
5.34514689445	-1
5.34514689445	-1
5.34514689445	-1
5.34514689445	-1
5.34514689445	-1
5.34538197517	-1
5.34538197517	-1
5.34538197517	-1
5.34538197517	-1
5.34538197517	-1
5.34538197517	-1
5.34538197517	-1
5.34538197517	-1
5.34584283829	-1
5.34584283829	-1
5.34584283829	-1
5.34584283829	-1
5.34584283829	-1
5.34584283829	-1
5.34584283829	-1
5.34584283829	-1
5.34621095657	-1
5.34621095657	-1
5.34621095657	-1
5.34621095657	-1
5.34621095657	-1
5.34621095657	-1
5.34621095657	-1
5.34621095657	-1
5.34686684608	-1
5.34686684608	-1
5.34686684608	-1
5.34686684608	-1
5.34686684608	-1
5.34686684608	-1
5.34686684608	-1
5.34686684608	-1
5.34723496437	-1
5.34723496437	-1
5.34723496437	-1
5.34723496437	-1
5.34723496437	-1
5.34723496437	-1
5.34723496437	-1
5.34723496437	-1
5.34760499001	-1
5.34760499001	-1
5.34760499001	-1
5.34760499001	-1
5.34760499001	-1
5.34760499001	-1
5.34760499001	-1
5.34760499001	-1
5.34985184669	1
5.34985184669	1
5.34985184669	1
5.39964985847	-1
5.39964985847	-1
5.39964985847	-1
5.39964985847	-1
5.39964985847	-1
5.39964985847	-1
5.39964985847	-1
5.39964985847	-1
5.41322994232	1
5.41428399086	-1
5.41428399086	-1
5.41428399086	-1
5.41428399086	-1
5.41428399086	-1
5.41428399086	-1
5.41428399086	-1
5.41452884674	-1
5.41452884674	-1
5.41452884674	-1
5.41452884674	-1
5.41452884674	-1
5.41800689697	-1
5.41800689697	-1
5.41800689697	-1
5.41800689697	-1
5.41800689697	-1
5.41800689697	-1
5.41800689697	-1
5.41800689697	-1
5.41835784912	-1
5.41835784912	-1
5.41835784912	-1
5.41835784912	-1
5.41835784912	-1
5.41835784912	-1
5.41835784912	-1
5.41835784912	-1
5.41872596741	-1
5.41872596741	-1
5.41872596741	-1
5.41872596741	-1
5.41872596741	-1
5.41872596741	-1
5.41872596741	-1
5.41872596741	-1
5.41909503937	-1
5.41909503937	-1
5.41909503937	-1
5.41909503937	-1
5.41909503937	-1
5.41909503937	-1
5.41909503937	-1
5.41909503937	-1
5.4207098484	-1
5.4207098484	-1
5.4207098484	-1
5.4207098484	-1
5.4207098484	-1
5.4207098484	-1
5.4207098484	-1
5.42106199265	-1
5.42106199265	-1
5.42106199265	-1
5.42106199265	-1
5.42106199265	-1
5.42106199265	-1
5.42106199265	-1
5.42106199265	-1
5.42130589485	-1
5.42130589485	-1
5.42130589485	-1
5.42130589485	-1
5.42130589485	-1
5.42130589485	-1
5.42130589485	-1
5.42130589485	-1
5.42167496681	-1
5.42167496681	-1
5.42167496681	-1
5.42167496681	-1
5.42167496681	-1
5.42167496681	-1
5.42167496681	-1
5.42167496681	-1
5.47342181206	-1
5.47342181206	-1
5.47342181206	-1
5.47342181206	-1
5.47342181206	-1
5.47342181206	-1
5.47342181206	-1
5.47342181206	-1
5.47377181053	-1
5.47377181053	-1
5.47377181053	-1
5.47377181053	-1
5.47377181053	-1
5.47377181053	-1
5.47377181053	-1
5.47377181053	-1
5.47416186333	-1
5.47416186333	-1
5.47416186333	-1
5.47416186333	-1
5.47416186333	-1
5.47416186333	-1
5.47416186333	-1
5.47416186333	-1
5.47453093529	-1
5.47453093529	-1
5.47453093529	-1
5.47453093529	-1
5.47453093529	-1
5.47453093529	-1
5.47453093529	-1
5.47453093529	-1
5.47772693634	1
5.47772693634	1
5.47772693634	1
5.49213886261	-1
5.49213886261	-1
5.49213886261	-1
5.49213886261	-1
5.49213886261	-1
5.49213886261	-1
5.49213886261	-1
5.49230694771	-1
5.49230694771	-1
5.49230694771	-1
5.49230694771	-1
5.49230694771	-1
5.49230694771	-1
5.49230694771	-1
5.49230694771	-1
5.49273586273	-1
5.49273586273	-1
5.49273586273	-1
5.49273586273	-1
5.49273586273	-1
5.49273586273	-1
5.49273586273	-1
5.49273586273	-1
5.49310493469	-1
5.49310493469	-1
5.49310493469	-1
5.49310493469	-1
5.49310493469	-1
5.49310493469	-1
5.49310493469	-1
5.49310493469	-1
5.49510502815	-1
5.49510502815	-1
5.49510502815	-1
5.49510502815	-1
5.49510502815	-1
5.49510502815	-1
5.49510502815	-1
5.49510502815	-1
5.49546003342	-1
5.49546003342	-1
5.49546003342	-1
5.49546003342	-1
5.49546003342	-1
5.49546003342	-1
5.49546003342	-1
5.49546003342	-1
5.49582886696	-1
5.49582886696	-1
5.49582886696	-1
5.49582886696	-1
5.49582886696	-1
5.49582886696	-1
5.49582886696	-1
5.49582886696	-1
5.49620103836	-1
5.49620103836	-1
5.49620103836	-1
5.49620103836	-1
5.49620103836	-1
5.49620103836	-1
5.49620103836	-1
5.49620103836	-1
5.55007600784	-1
5.55007600784	-1
5.55007600784	-1
5.55007600784	-1
5.55007600784	-1
5.55007600784	-1
5.55007600784	-1
5.55030202866	-1
5.55030202866	-1
5.55030202866	-1
5.55030202866	-1
5.55030202866	-1
5.55030202866	-1
5.55030202866	-1
5.55030202866	-1
5.55067181587	-1
5.55067181587	-1
5.55067181587	-1
5.55067181587	-1
5.55067181587	-1
5.55067181587	-1
5.55067181587	-1
5.55067181587	-1
5.5510430336	-1
5.5510430336	-1
5.5510430336	-1
5.5510430336	-1
5.5510430336	-1
5.5510430336	-1
5.5510430336	-1
5.5510430336	-1
5.5600039959	1
5.5600039959	1
5.56610798836	-1
5.56610798836	-1
5.56610798836	-1
5.56610798836	-1
5.56610798836	-1
5.56610798836	-1
5.56610798836	-1
5.56610798836	-1
5.56633591652	-1
5.56633591652	-1
5.56633591652	-1
5.56633591652	-1
5.56633591652	-1
5.56633591652	-1
5.56633591652	-1
5.56633591652	-1
5.56670498848	-1
5.56670498848	-1
5.56670498848	-1
5.56670498848	-1
5.56670498848	-1
5.56670498848	-1
5.56670498848	-1
5.56670498848	-1
5.56707382202	-1
5.56707382202	-1
5.56707382202	-1
5.56707382202	-1
5.56707382202	-1
5.56707382202	-1
5.56707382202	-1
5.56707382202	-1
5.56954097748	-1
5.56954097748	-1
5.56954097748	-1
5.56954097748	-1
5.56954097748	-1
5.56954097748	-1
5.56954097748	-1
5.56990003586	-1
5.56990003586	-1
5.56990003586	-1
5.56990003586	-1
5.56990003586	-1
5.56990003586	-1
5.56990003586	-1
5.56990003586	-1
5.5702688694	-1
5.5702688694	-1
5.5702688694	-1
5.5702688694	-1
5.5702688694	-1
5.5702688694	-1
5.5702688694	-1
5.5702688694	-1
5.57064199448	-1
5.57064199448	-1
5.57064199448	-1
5.57064199448	-1
5.57064199448	-1
5.57064199448	-1
5.57064199448	-1
5.57064199448	-1
5.57410502434	1
5.57410502434	1
5.57410502434	1
5.62482190132	-1
5.62482190132	-1
5.62482190132	-1
5.62482190132	-1
5.62482190132	-1
5.62482190132	-1
5.62482190132	-1
5.62482190132	-1
5.62514686584	-1
5.62514686584	-1
5.62514686584	-1
5.62514686584	-1
5.62514686584	-1
5.62514686584	-1
5.62514686584	-1
5.62514686584	-1
5.62532496452	-1
5.62532496452	-1
5.62532496452	-1
5.62532496452	-1
5.62532496452	-1
5.62532496452	-1
5.62532496452	-1
5.62532496452	-1
5.62578582764	-1
5.62578582764	-1
5.62578582764	-1
5.62578582764	-1
5.62578582764	-1
5.62578582764	-1
5.62578582764	-1
5.62578582764	-1
5.64000988007	1
5.6412229538	-1
5.6412229538	-1
5.6412229538	-1
5.6412229538	-1
5.6412229538	-1
5.6412229538	-1
5.6412229538	-1
5.64136695862	-1
5.64136695862	-1
5.64136695862	-1
5.64136695862	-1
5.64136695862	-1
5.64136695862	-1
5.64136695862	-1
5.64136695862	-1
5.64182090759	-1
5.64182090759	-1
5.64182090759	-1
5.64182090759	-1
5.64182090759	-1
5.64182090759	-1
5.64182090759	-1
5.64182090759	-1
5.64218902588	-1
5.64218902588	-1
5.64218902588	-1
5.64218902588	-1
5.64218902588	-1
5.64218902588	-1
5.64218902588	-1
5.64218902588	-1
5.64384293556	-1
5.64384293556	-1
5.64384293556	-1
5.64384293556	-1
5.64384293556	-1
5.64384293556	-1
5.64384293556	-1
5.64384293556	-1
5.64419484138	-1
5.64419484138	-1
5.64419484138	-1
5.64419484138	-1
5.64419484138	-1
5.64419484138	-1
5.64419484138	-1
5.64419484138	-1
5.64456582069	-1
5.64456582069	-1
5.64456582069	-1
5.64456582069	-1
5.64456582069	-1
5.64456582069	-1
5.64456582069	-1
5.64456582069	-1
5.64493393898	-1
5.64493393898	-1
5.64493393898	-1
5.64493393898	-1
5.64493393898	-1
5.64493393898	-1
5.64493393898	-1
5.64493393898	-1
5.70380783081	-1
5.70380783081	-1
5.70380783081	-1
5.70380783081	-1
5.70380783081	-1
5.70380783081	-1
5.70380783081	-1
5.70394682884	-1
5.70394682884	-1
5.70394682884	-1
5.70394682884	-1
5.70394682884	-1
5.70394682884	-1
5.70394682884	-1
5.70394682884	-1
5.70440292358	-1
5.70440292358	-1
5.70440292358	-1
5.70440292358	-1
5.70440292358	-1
5.70440292358	-1
5.70440292358	-1
5.70440292358	-1
5.70474696159	-1
5.70474696159	-1
5.70474696159	-1
5.70474696159	-1
5.70474696159	-1
5.70474696159	-1
5.70474696159	-1
5.70474696159	-1
5.70775580406	1
5.70775580406	1
5.70775580406	1
5.71868896484	-1
5.71868896484	-1
5.71868896484	-1
5.71868896484	-1
5.71868896484	-1
5.71868896484	-1
5.71868896484	-1
5.71868896484	-1
5.71886086464	-1
5.71886086464	-1
5.71886086464	-1
5.71886086464	-1
5.71886086464	-1
5.71886086464	-1
5.71886086464	-1
5.71886086464	-1
5.71929097176	-1
5.71929097176	-1
5.71929097176	-1
5.71929097176	-1
5.71929097176	-1
5.71929097176	-1
5.71929097176	-1
5.71929097176	-1
5.71962285042	-1
5.71962285042	-1
5.71962285042	-1
5.71962285042	-1
5.71962285042	-1
5.71962285042	-1
5.71962285042	-1
5.71962285042	-1
5.72015190125	-1
5.72015190125	-1
5.72015190125	-1
5.72015190125	-1
5.72015190125	-1
5.72015190125	-1
5.72015190125	-1
5.72049498558	-1
5.72049498558	-1
5.72049498558	-1
5.72049498558	-1
5.72049498558	-1
5.72049498558	-1
5.72049498558	-1
5.72049498558	-1
5.72088885307	-1
5.72088885307	-1
5.72088885307	-1
5.72088885307	-1
5.72088885307	-1
5.72088885307	-1
5.72088885307	-1
5.72088885307	-1
5.72125887871	-1
5.72125887871	-1
5.72125887871	-1
5.72125887871	-1
5.72125887871	-1
5.72125887871	-1
5.72125887871	-1
5.72125887871	-1
5.72599196434	1
5.72599196434	1
5.72599196434	1
5.77842497826	-1
5.77842497826	-1
5.77842497826	-1
5.77842497826	-1
5.77842497826	-1
5.77842497826	-1
5.77842497826	-1
5.77842497826	-1
5.77874183655	-1
5.77874183655	-1
5.77874183655	-1
5.77874183655	-1
5.77874183655	-1
5.77874183655	-1
5.77874183655	-1
5.77874183655	-1
5.77893781662	-1
5.77893781662	-1
5.77893781662	-1
5.77893781662	-1
5.77893781662	-1
5.77893781662	-1
5.77893781662	-1
5.77893781662	-1
5.77939581871	-1
5.77939581871	-1
5.77939581871	-1
5.77939581871	-1
5.77939581871	-1
5.77939581871	-1
5.77939581871	-1
5.77939581871	-1
5.79245781898	-1
5.79245781898	-1
5.79245781898	-1
5.79245781898	-1
5.79245781898	-1
5.79245781898	-1
5.79245781898	-1
5.79261398315	-1
5.79261398315	-1
5.79261398315	-1
5.79261398315	-1
5.79261398315	-1
5.79261398315	-1
5.79261398315	-1
5.79261398315	-1
5.79305481911	-1
5.79305481911	-1
5.79305481911	-1
5.79305481911	-1
5.79305481911	-1
5.79305481911	-1
5.79305481911	-1
5.79305481911	-1
5.79342389107	-1
5.79342389107	-1
5.79342389107	-1
5.79342389107	-1
5.79342389107	-1
5.79342389107	-1
5.79342389107	-1
5.79342389107	-1
5.79401683807	-1
5.79401683807	-1
5.79401683807	-1
5.79401683807	-1
5.79401683807	-1
5.79401683807	-1
5.79401683807	-1
5.79401683807	-1
5.79438781738	-1
5.79438781738	-1
5.79438781738	-1
5.79438781738	-1
5.79438781738	-1
5.79438781738	-1
5.79438781738	-1
5.79438781738	-1
5.79475498199	-1
5.79475498199	-1
5.79475498199	-1
5.79475498199	-1
5.79475498199	-1
5.79475498199	-1
5.79475498199	-1
5.79475498199	-1
5.79512286186	-1
5.79512286186	-1
5.79512286186	-1
5.79512286186	-1
5.79512286186	-1
5.79512286186	-1
5.79512286186	-1
5.79512286186	-1
5.85258603096	-1
5.85258603096	-1
5.85258603096	-1
5.85258603096	-1
5.85258603096	-1
5.85258603096	-1
5.85258603096	-1
5.85283184052	-1
5.85283184052	-1
5.85283184052	-1
5.85283184052	-1
5.85283184052	-1
5.85283184052	-1
5.85283184052	-1
5.85283184052	-1
5.85320091248	-1
5.85320091248	-1
5.85320091248	-1
5.85320091248	-1
5.85320091248	-1
5.85320091248	-1
5.85320091248	-1
5.85320091248	-1
5.85356903076	-1
5.85356903076	-1
5.85356903076	-1
5.85356903076	-1
5.85356903076	-1
5.85356903076	-1
5.85356903076	-1
5.85356903076	-1
5.85468196869	1
5.85468196869	1
5.85468196869	1
5.86710500717	-1
5.86710500717	-1
5.86710500717	-1
5.86710500717	-1
5.86710500717	-1
5.86710500717	-1
5.86710500717	-1
5.86710500717	-1
5.8672850132	-1
5.8672850132	-1
5.8672850132	-1
5.8672850132	-1
5.8672850132	-1
5.8672850132	-1
5.8672850132	-1
5.8672850132	-1
5.86769986153	-1
5.86769986153	-1
5.86769986153	-1
5.86769986153	-1
5.86769986153	-1
5.86769986153	-1
5.86769986153	-1
5.86769986153	-1
5.86803889275	-1
5.86803889275	-1
5.86803889275	-1
5.86803889275	-1
5.86803889275	-1
5.86803889275	-1
5.86803889275	-1
5.86803889275	-1
5.86843681335	-1
5.86843681335	-1
5.86843681335	-1
5.86843681335	-1
5.86843681335	-1
5.86843681335	-1
5.86843681335	-1
5.86880683899	-1
5.86880683899	-1
5.86880683899	-1
5.86880683899	-1
5.86880683899	-1
5.86880683899	-1
5.86880683899	-1
5.86880683899	-1
5.86907792091	-1
5.86907792091	-1
5.86907792091	-1
5.86907792091	-1
5.86907792091	-1
5.86907792091	-1
5.86907792091	-1
5.86907792091	-1
5.86954283714	-1
5.86954283714	-1
5.86954283714	-1
5.86954283714	-1
5.86954283714	-1
5.86954283714	-1
5.86954283714	-1
5.86954283714	-1
5.91431903839	1
5.91431903839	1
5.91431903839	1
5.92786693573	-1
5.92786693573	-1
5.92786693573	-1
5.92786693573	-1
5.92786693573	-1
5.92786693573	-1
5.92786693573	-1
5.92786693573	-1
5.92821002007	-1
5.92821002007	-1
5.92821002007	-1
5.92821002007	-1
5.92821002007	-1
5.92821002007	-1
5.92821002007	-1
5.92821002007	-1
5.92836999893	-1
5.92836999893	-1
5.92836999893	-1
5.92836999893	-1
5.92836999893	-1
5.92836999893	-1
5.92836999893	-1
5.92836999893	-1
5.9288289547	-1
5.9288289547	-1
5.9288289547	-1
5.9288289547	-1
5.9288289547	-1
5.9288289547	-1
5.9288289547	-1
5.9288289547	-1
5.9354288578	1
5.94086790085	-1
5.94086790085	-1
5.94086790085	-1
5.94086790085	-1
5.94086790085	-1
5.94086790085	-1
5.94086790085	-1
5.94102501869	-1
5.94102501869	-1
5.94102501869	-1
5.94102501869	-1
5.94102501869	-1
5.94102501869	-1
5.94102501869	-1
5.94102501869	-1
5.9414639473	-1
5.9414639473	-1
5.9414639473	-1
5.9414639473	-1
5.9414639473	-1
5.9414639473	-1
5.9414639473	-1
5.9414639473	-1
5.94177389145	-1
5.94177389145	-1
5.94177389145	-1
5.94177389145	-1
5.94177389145	-1
5.94177389145	-1
5.94177389145	-1
5.94177389145	-1
5.94232392311	-1
5.94232392311	-1
5.94232392311	-1
5.94232392311	-1
5.94232392311	-1
5.94232392311	-1
5.94232392311	-1
5.94232392311	-1
5.94269299507	-1
5.94269299507	-1
5.94269299507	-1
5.94269299507	-1
5.94269299507	-1
5.94269299507	-1
5.94269299507	-1
5.94269299507	-1
5.94308280945	-1
5.94308280945	-1
5.94308280945	-1
5.94308280945	-1
5.94308280945	-1
5.94308280945	-1
5.94308280945	-1
5.94308280945	-1
5.94345092773	-1
5.94345092773	-1
5.94345092773	-1
5.94345092773	-1
5.94345092773	-1
5.94345092773	-1
5.94345092773	-1
5.94345092773	-1
5.94759202003	1
5.94759202003	1
5.94759202003	1
6.00152587891	-1
6.00152587891	-1
6.00152587891	-1
6.00152587891	-1
6.00152587891	-1
6.00152587891	-1
6.00152587891	-1
6.00165891647	-1
6.00165891647	-1
6.00165891647	-1
6.00165891647	-1
6.00165891647	-1
6.00165891647	-1
6.00165891647	-1
6.00165891647	-1
6.00212192535	-1
6.00212192535	-1
6.00212192535	-1
6.00212192535	-1
6.00212192535	-1
6.00212192535	-1
6.00212192535	-1
6.00212192535	-1
6.00248980522	-1
6.00248980522	-1
6.00248980522	-1
6.00248980522	-1
6.00248980522	-1
6.00248980522	-1
6.00248980522	-1
6.00248980522	-1
6.01485586166	-1
6.01485586166	-1
6.01485586166	-1
6.01485586166	-1
6.01485586166	-1
6.01485586166	-1
6.01485586166	-1
6.01485586166	-1
6.01501488686	-1
6.01501488686	-1
6.01501488686	-1
6.01501488686	-1
6.01501488686	-1
6.01501488686	-1
6.01501488686	-1
6.01501488686	-1
6.01545286179	-1
6.01545286179	-1
6.01545286179	-1
6.01545286179	-1
6.01545286179	-1
6.01545286179	-1
6.01545286179	-1
6.01545286179	-1
6.01576685905	-1
6.01576685905	-1
6.01576685905	-1
6.01576685905	-1
6.01576685905	-1
6.01576685905	-1
6.01576685905	-1
6.01576685905	-1
6.01667881012	-1
6.01667881012	-1
6.01667881012	-1
6.01667881012	-1
6.01667881012	-1
6.01667881012	-1
6.01667881012	-1
6.01703000069	-1
6.01703000069	-1
6.01703000069	-1
6.01703000069	-1
6.01703000069	-1
6.01703000069	-1
6.01703000069	-1
6.01703000069	-1
6.01739382744	-1
6.01739382744	-1
6.01739382744	-1
6.01739382744	-1
6.01739382744	-1
6.01739382744	-1
6.01739382744	-1
6.01739382744	-1
6.01776695251	-1
6.01776695251	-1
6.01776695251	-1
6.01776695251	-1
6.01776695251	-1
6.01776695251	-1
6.01776695251	-1
6.01776695251	-1
6.02149796486	1
6.02149796486	1
6.02149796486	1
6.0758638382	-1
6.0758638382	-1
6.0758638382	-1
6.0758638382	-1
6.0758638382	-1
6.0758638382	-1
6.0758638382	-1
6.0758638382	-1
6.076212883	-1
6.076212883	-1
6.076212883	-1
6.076212883	-1
6.076212883	-1
6.076212883	-1
6.076212883	-1
6.076212883	-1
6.07645893097	-1
6.07645893097	-1
6.07645893097	-1
6.07645893097	-1
6.07645893097	-1
6.07645893097	-1
6.07645893097	-1
6.07645893097	-1
6.07682681084	-1
6.07682681084	-1
6.07682681084	-1
6.07682681084	-1
6.07682681084	-1
6.07682681084	-1
6.07682681084	-1
6.07682681084	-1
6.08907198906	-1
6.08907198906	-1
6.08907198906	-1
6.08907198906	-1
6.08907198906	-1
6.08907198906	-1
6.08907198906	-1
6.08923697472	-1
6.08923697472	-1
6.08923697472	-1
6.08923697472	-1
6.08923697472	-1
6.08923697472	-1
6.08923697472	-1
6.08923697472	-1
6.08945584297	-1
6.08945584297	-1
6.08945584297	-1
6.08945584297	-1
6.08945584297	-1
6.08945584297	-1
6.08945584297	-1
6.08945584297	-1
6.08991289139	-1
6.08991289139	-1
6.08991289139	-1
6.08991289139	-1
6.08991289139	-1
6.08991289139	-1
6.08991289139	-1
6.08991289139	-1
6.09171295166	-1
6.09171295166	-1
6.09171295166	-1
6.09171295166	-1
6.09171295166	-1
6.09171295166	-1
6.09171295166	-1
6.09171295166	-1
6.09196996689	-1
6.09196996689	-1
6.09196996689	-1
6.09196996689	-1
6.09196996689	-1
6.09196996689	-1
6.09196996689	-1
6.09196996689	-1
6.09243202209	-1
6.09243202209	-1
6.09243202209	-1
6.09243202209	-1
6.09243202209	-1
6.09243202209	-1
6.09243202209	-1
6.09243202209	-1
6.09270596504	-1
6.09270596504	-1
6.09270596504	-1
6.09270596504	-1
6.09270596504	-1
6.09270596504	-1
6.09270596504	-1
6.09270596504	-1
6.14968085289	-1
6.14968085289	-1
6.14968085289	-1
6.14968085289	-1
6.14968085289	-1
6.14968085289	-1
6.14968085289	-1
6.14989686012	-1
6.14989686012	-1
6.14989686012	-1
6.14989686012	-1
6.14989686012	-1
6.14989686012	-1
6.14989686012	-1
6.14989686012	-1
6.15016794205	-1
6.15016794205	-1
6.15016794205	-1
6.15016794205	-1
6.15016794205	-1
6.15016794205	-1
6.15016794205	-1
6.15016794205	-1
6.1506319046	-1
6.1506319046	-1
6.1506319046	-1
6.1506319046	-1
6.1506319046	-1
6.1506319046	-1
6.1506319046	-1
6.1506319046	-1
6.1626739502	-1
6.1626739502	-1
6.1626739502	-1
6.1626739502	-1
6.1626739502	-1
6.1626739502	-1
6.1626739502	-1
6.1626739502	-1
6.16289997101	-1
6.16289997101	-1
6.16289997101	-1
6.16289997101	-1
6.16289997101	-1
6.16289997101	-1
6.16289997101	-1
6.16289997101	-1
6.16316986084	-1
6.16316986084	-1
6.16316986084	-1
6.16316986084	-1
6.16316986084	-1
6.16316986084	-1
6.16316986084	-1
6.16316986084	-1
6.16363596916	-1
6.16363596916	-1
6.16363596916	-1
6.16363596916	-1
6.16363596916	-1
6.16363596916	-1
6.16363596916	-1
6.16363596916	-1
6.1670088768	1
6.17155981064	1
6.17155981064	1
6.17155981064	1
6.23737502098	-1
6.23737502098	-1
6.23737502098	-1
6.23737502098	-1
6.23737502098	-1
6.23737502098	-1
6.23737502098	-1
6.23762083054	-1
6.23762083054	-1
6.23762083054	-1
6.23762083054	-1
6.23762083054	-1
6.23762083054	-1
6.23762083054	-1
6.23762083054	-1
6.2379899025	-1
6.2379899025	-1
6.2379899025	-1
6.2379899025	-1
6.2379899025	-1
6.2379899025	-1
6.2379899025	-1
6.2379899025	-1
6.23836302757	-1
6.23836302757	-1
6.23836302757	-1
6.23836302757	-1
6.23836302757	-1
6.23836302757	-1
6.23836302757	-1
6.23836302757	-1
6.23872685432	-1
6.23872685432	-1
6.23872685432	-1
6.23872685432	-1
6.23872685432	-1
6.23872685432	-1
6.23872685432	-1
6.23872685432	-1
6.23909687996	-1
6.23909687996	-1
6.23909687996	-1
6.23909687996	-1
6.23909687996	-1
6.23909687996	-1
6.23909687996	-1
6.23909687996	-1
6.23946380615	-1
6.23946380615	-1
6.23946380615	-1
6.23946380615	-1
6.23946380615	-1
6.23946380615	-1
6.23946380615	-1
6.23946380615	-1
6.23983287811	-1
6.23983287811	-1
6.23983287811	-1
6.23983287811	-1
6.23983287811	-1
6.23983287811	-1
6.23983287811	-1
6.23983287811	-1
6.24018383026	-1
6.24018383026	-1
6.24018383026	-1
6.24018383026	-1
6.24018383026	-1
6.24018383026	-1
6.24018383026	-1
6.24044680595	-1
6.24044680595	-1
6.24044680595	-1
6.24044680595	-1
6.24044680595	-1
6.24044680595	-1
6.24044680595	-1
6.24044680595	-1
6.24081492424	-1
6.24081492424	-1
6.24081492424	-1
6.24081492424	-1
6.24081492424	-1
6.24081492424	-1
6.24081492424	-1
6.24081492424	-1
6.2423119545	1
6.2423119545	1
6.31089782715	-1
6.31089782715	-1
6.31089782715	-1
6.31089782715	-1
6.31089782715	-1
6.31089782715	-1
6.31089782715	-1
6.31089782715	-1
6.3116569519	-1
6.3116569519	-1
6.3116569519	-1
6.3116569519	-1
6.3116569519	-1
6.3116569519	-1
6.3116569519	-1
6.3116569519	-1
6.31202602386	-1
6.31202602386	-1
6.31202602386	-1
6.31202602386	-1
6.31202602386	-1
6.31202602386	-1
6.31202602386	-1
6.31202602386	-1
6.31239390373	-1
6.31239390373	-1
6.31239390373	-1
6.31239390373	-1
6.31239390373	-1
6.31239390373	-1
6.31239390373	-1
6.31239390373	-1
6.31268787384	-1
6.31268787384	-1
6.31268787384	-1
6.31268787384	-1
6.31268787384	-1
6.31268787384	-1
6.31268787384	-1
6.31268787384	-1
6.31313085556	-1
6.31313085556	-1
6.31313085556	-1
6.31313085556	-1
6.31313085556	-1
6.31313085556	-1
6.31313085556	-1
6.31368803978	-1
6.31368803978	-1
6.31368803978	-1
6.31368803978	-1
6.31368803978	-1
6.31368803978	-1
6.31368803978	-1
6.31368803978	-1
6.31403183937	-1
6.31403183937	-1
6.31403183937	-1
6.31403183937	-1
6.31403183937	-1
6.31403183937	-1
6.31403183937	-1
6.31403183937	-1
6.31440091133	-1
6.31440091133	-1
6.31440091133	-1
6.31440091133	-1
6.31440091133	-1
6.31440091133	-1
6.31440091133	-1
6.31440091133	-1
6.31526184082	-1
6.31526184082	-1
6.31526184082	-1
6.31526184082	-1
6.31526184082	-1
6.31526184082	-1
6.31526184082	-1
6.31526184082	-1
6.31685686111	1
6.31685686111	1
6.31685686111	1
6.3845000267	-1
6.3845000267	-1
6.3845000267	-1
6.3845000267	-1
6.3845000267	-1
6.3845000267	-1
6.3845000267	-1
6.3845000267	-1
6.38515400887	-1
6.38515400887	-1
6.38515400887	-1
6.38515400887	-1
6.38515400887	-1
6.38515400887	-1
6.38515400887	-1
6.38515400887	-1
6.38552188873	-1
6.38552188873	-1
6.38552188873	-1
6.38552188873	-1
6.38552188873	-1
6.38552188873	-1
6.38552188873	-1
6.38552188873	-1
6.38595199585	-1
6.38595199585	-1
6.38595199585	-1
6.38595199585	-1
6.38595199585	-1
6.38595199585	-1
6.38595199585	-1
6.38632202148	-1
6.38632202148	-1
6.38632202148	-1
6.38632202148	-1
6.38632202148	-1
6.38632202148	-1
6.38632202148	-1
6.38632202148	-1
6.38669085503	-1
6.38669085503	-1
6.38669085503	-1
6.38669085503	-1
6.38669085503	-1
6.38669085503	-1
6.38669085503	-1
6.38669085503	-1
6.38705801964	-1
6.38705801964	-1
6.38705801964	-1
6.38705801964	-1
6.38705801964	-1
6.38705801964	-1
6.38705801964	-1
6.38705801964	-1
6.38818502426	-1
6.38818502426	-1
6.38818502426	-1
6.38818502426	-1
6.38818502426	-1
6.38818502426	-1
6.38818502426	-1
6.38818502426	-1
6.38855290413	-1
6.38855290413	-1
6.38855290413	-1
6.38855290413	-1
6.38855290413	-1
6.38855290413	-1
6.38855290413	-1
6.38855290413	-1
6.38879799843	-1
6.38879799843	-1
6.38879799843	-1
6.38879799843	-1
6.38879799843	-1
6.38879799843	-1
6.38879799843	-1
6.38879799843	-1
6.38916897774	-1
6.38916897774	-1
6.38916897774	-1
6.38916897774	-1
6.38916897774	-1
6.38916897774	-1
6.38916897774	-1
6.38916897774	-1
6.392141819	1
6.392141819	1
6.392141819	1
6.39537191391	1
6.39537191391	1
6.45792603493	-1
6.45792603493	-1
6.45792603493	-1
6.45792603493	-1
6.45792603493	-1
6.45792603493	-1
6.45792603493	-1
6.45863199234	-1
6.45863199234	-1
6.45863199234	-1
6.45863199234	-1
6.45863199234	-1
6.45863199234	-1
6.45863199234	-1
6.45863199234	-1
6.4589369297	-1
6.4589369297	-1
6.4589369297	-1
6.4589369297	-1
6.4589369297	-1
6.4589369297	-1
6.4589369297	-1
6.4589369297	-1
6.46004295349	-1
6.46004295349	-1
6.46004295349	-1
6.46004295349	-1
6.46004295349	-1
6.46004295349	-1
6.46004295349	-1
6.46004295349	-1
6.46045303345	-1
6.46045303345	-1
6.46045303345	-1
6.46045303345	-1
6.46045303345	-1
6.46045303345	-1
6.46045303345	-1
6.46045303345	-1
6.460698843	-1
6.460698843	-1
6.460698843	-1
6.460698843	-1
6.460698843	-1
6.460698843	-1
6.460698843	-1
6.460698843	-1
6.46131300926	-1
6.46131300926	-1
6.46131300926	-1
6.46131300926	-1
6.46131300926	-1
6.46131300926	-1
6.46131300926	-1
6.46131300926	-1
6.4616818428	-1
6.4616818428	-1
6.4616818428	-1
6.4616818428	-1
6.4616818428	-1
6.4616818428	-1
6.4616818428	-1
6.4616818428	-1
6.46228098869	-1
6.46228098869	-1
6.46228098869	-1
6.46228098869	-1
6.46228098869	-1
6.46228098869	-1
6.46228098869	-1
6.46264886856	-1
6.46264886856	-1
6.46264886856	-1
6.46264886856	-1
6.46264886856	-1
6.46264886856	-1
6.46264886856	-1
6.46264886856	-1
6.46301603317	-1
6.46301603317	-1
6.46301603317	-1
6.46301603317	-1
6.46301603317	-1
6.46301603317	-1
6.46301603317	-1
6.46301603317	-1
6.46593880653	-1
6.46593880653	-1
6.46593880653	-1
6.46593880653	-1
6.46593880653	-1
6.46593880653	-1
6.46593880653	-1
6.46593880653	-1
6.46650695801	1
6.46650695801	1
6.46650695801	1
6.46650695801	1
6.46762180328	1
6.46762180328	1
6.50345492363	1
6.5330350399	-1
6.5330350399	-1
6.5330350399	-1
6.5330350399	-1
6.5330350399	-1
6.5330350399	-1
6.5330350399	-1
6.5330350399	-1
6.53346085548	-1
6.53346085548	-1
6.53346085548	-1
6.53346085548	-1
6.53346085548	-1
6.53346085548	-1
6.53346085548	-1
6.53346085548	-1
6.53370499611	-1
6.53370499611	-1
6.53370499611	-1
6.53370499611	-1
6.53370499611	-1
6.53370499611	-1
6.53370499611	-1
6.53370499611	-1
6.5343849659	-1
6.5343849659	-1
6.5343849659	-1
6.5343849659	-1
6.5343849659	-1
6.5343849659	-1
6.5343849659	-1
6.5343849659	-1
6.53483295441	-1
6.53483295441	-1
6.53483295441	-1
6.53483295441	-1
6.53483295441	-1
6.53483295441	-1
6.53483295441	-1
6.53510093689	-1
6.53510093689	-1
6.53510093689	-1
6.53510093689	-1
6.53510093689	-1
6.53510093689	-1
6.53510093689	-1
6.53510093689	-1
6.53546786308	-1
6.53546786308	-1
6.53546786308	-1
6.53546786308	-1
6.53546786308	-1
6.53546786308	-1
6.53546786308	-1
6.53546786308	-1
6.53573894501	-1
6.53573894501	-1
6.53573894501	-1
6.53573894501	-1
6.53573894501	-1
6.53573894501	-1
6.53573894501	-1
6.53573894501	-1
6.53610801697	-1
6.53610801697	-1
6.53610801697	-1
6.53610801697	-1
6.53610801697	-1
6.53610801697	-1
6.53610801697	-1
6.53610801697	-1
6.53656601906	-1
6.53656601906	-1
6.53656601906	-1
6.53656601906	-1
6.53656601906	-1
6.53656601906	-1
6.53656601906	-1
6.53656601906	-1
6.53693985939	-1
6.53693985939	-1
6.53693985939	-1
6.53693985939	-1
6.53693985939	-1
6.53693985939	-1
6.53693985939	-1
6.53693985939	-1
6.54040694237	-1
6.54040694237	-1
6.54040694237	-1
6.54040694237	-1
6.54040694237	-1
6.54040694237	-1
6.54040694237	-1
6.54040694237	-1
6.54414391518	1
6.54414391518	1
6.54414391518	1
6.60722994804	-1
6.60722994804	-1
6.60722994804	-1
6.60722994804	-1
6.60722994804	-1
6.60722994804	-1
6.60722994804	-1
6.60746598244	-1
6.60746598244	-1
6.60746598244	-1
6.60746598244	-1
6.60746598244	-1
6.60746598244	-1
6.60746598244	-1
6.60746598244	-1
6.60783481598	-1
6.60783481598	-1
6.60783481598	-1
6.60783481598	-1
6.60783481598	-1
6.60783481598	-1
6.60783481598	-1
6.60783481598	-1
6.60820388794	-1
6.60820388794	-1
6.60820388794	-1
6.60820388794	-1
6.60820388794	-1
6.60820388794	-1
6.60820388794	-1
6.60820388794	-1
6.60865783691	-1
6.60865783691	-1
6.60865783691	-1
6.60865783691	-1
6.60865783691	-1
6.60865783691	-1
6.60865783691	-1
6.60865783691	-1
6.60891985893	-1
6.60891985893	-1
6.60891985893	-1
6.60891985893	-1
6.60891985893	-1
6.60891985893	-1
6.60891985893	-1
6.60891985893	-1
6.60935091972	-1
6.60935091972	-1
6.60935091972	-1
6.60935091972	-1
6.60935091972	-1
6.60935091972	-1
6.60935091972	-1
6.60935091972	-1
6.60971903801	-1
6.60971903801	-1
6.60971903801	-1
6.60971903801	-1
6.60971903801	-1
6.60971903801	-1
6.60971903801	-1
6.60971903801	-1
6.6118118763	-1
6.6118118763	-1
6.6118118763	-1
6.6118118763	-1
6.6118118763	-1
6.6118118763	-1
6.6118118763	-1
6.61217594147	-1
6.61217594147	-1
6.61217594147	-1
6.61217594147	-1
6.61217594147	-1
6.61217594147	-1
6.61217594147	-1
6.61217594147	-1
6.61254501343	-1
6.61254501343	-1
6.61254501343	-1
6.61254501343	-1
6.61254501343	-1
6.61254501343	-1
6.61254501343	-1
6.61254501343	-1
6.61669182777	1
6.61669182777	1
6.61669182777	1
6.61827397346	-1
6.61827397346	-1
6.61827397346	-1
6.61827397346	-1
6.61827397346	-1
6.61827397346	-1
6.61827397346	-1
6.61827397346	-1
6.68610596657	-1
6.68610596657	-1
6.68610596657	-1
6.68610596657	-1
6.68610596657	-1
6.68610596657	-1
6.68610596657	-1
6.68610596657	-1
6.6863348484	-1
6.6863348484	-1
6.6863348484	-1
6.6863348484	-1
6.6863348484	-1
6.6863348484	-1
6.6863348484	-1
6.6863348484	-1
6.68670296669	-1
6.68670296669	-1
6.68670296669	-1
6.68670296669	-1
6.68670296669	-1
6.68670296669	-1
6.68670296669	-1
6.68670296669	-1
6.68707084656	-1
6.68707084656	-1
6.68707084656	-1
6.68707084656	-1
6.68707084656	-1
6.68707084656	-1
6.68707084656	-1
6.68707084656	-1
6.68743991852	-1
6.68743991852	-1
6.68743991852	-1
6.68743991852	-1
6.68743991852	-1
6.68743991852	-1
6.68743991852	-1
6.6878080368	-1
6.6878080368	-1
6.6878080368	-1
6.6878080368	-1
6.6878080368	-1
6.6878080368	-1
6.6878080368	-1
6.6878080368	-1
6.68817782402	-1
6.68817782402	-1
6.68817782402	-1
6.68817782402	-1
6.68817782402	-1
6.68817782402	-1
6.68817782402	-1
6.68817782402	-1
6.68854594231	-1
6.68854594231	-1
6.68854594231	-1
6.68854594231	-1
6.68854594231	-1
6.68854594231	-1
6.68854594231	-1
6.68854594231	-1
6.68909883499	-1
6.68909883499	-1
6.68909883499	-1
6.68909883499	-1
6.68909883499	-1
6.68909883499	-1
6.68909883499	-1
6.68909883499	-1
6.6894659996	-1
6.6894659996	-1
6.6894659996	-1
6.6894659996	-1
6.6894659996	-1
6.6894659996	-1
6.6894659996	-1
6.6894659996	-1
6.68965697289	-1
6.68965697289	-1
6.68965697289	-1
6.68965697289	-1
6.68965697289	-1
6.68965697289	-1
6.68965697289	-1
6.68965697289	-1
6.69008088112	-1
6.69008088112	-1
6.69008088112	-1
6.69008088112	-1
6.69008088112	-1
6.69008088112	-1
6.69008088112	-1
6.69008088112	-1
6.69526386261	1
6.69526386261	1
6.69526386261	1
6.75960803032	-1
6.75960803032	-1
6.75960803032	-1
6.75960803032	-1
6.75960803032	-1
6.75960803032	-1
6.75960803032	-1
6.75985193253	-1
6.75985193253	-1
6.75985193253	-1
6.75985193253	-1
6.75985193253	-1
6.75985193253	-1
6.75985193253	-1
6.75985193253	-1
6.76058983803	-1
6.76058983803	-1
6.76058983803	-1
6.76058983803	-1
6.76058983803	-1
6.76058983803	-1
6.76058983803	-1
6.76058983803	-1
6.76087284088	-1
6.76087284088	-1
6.76087284088	-1
6.76087284088	-1
6.76087284088	-1
6.76087284088	-1
6.76087284088	-1
6.76087284088	-1
6.76185703278	-1
6.76185703278	-1
6.76185703278	-1
6.76185703278	-1
6.76185703278	-1
6.76185703278	-1
6.76185703278	-1
6.76185703278	-1
6.76222586632	-1
6.76222586632	-1
6.76222586632	-1
6.76222586632	-1
6.76222586632	-1
6.76222586632	-1
6.76222586632	-1
6.76222586632	-1
6.76254296303	-1
6.76254296303	-1
6.76254296303	-1
6.76254296303	-1
6.76254296303	-1
6.76254296303	-1
6.76254296303	-1
6.76254296303	-1
6.76296591759	-1
6.76296591759	-1
6.76296591759	-1
6.76296591759	-1
6.76296591759	-1
6.76296591759	-1
6.76296591759	-1
6.76296591759	-1
6.76333189011	-1
6.76333189011	-1
6.76333189011	-1
6.76333189011	-1
6.76333189011	-1
6.76333189011	-1
6.76333189011	-1
6.76357698441	-1
6.76357698441	-1
6.76357698441	-1
6.76357698441	-1
6.76357698441	-1
6.76357698441	-1
6.76357698441	-1
6.76357698441	-1
6.76394581795	-1
6.76394581795	-1
6.76394581795	-1
6.76394581795	-1
6.76394581795	-1
6.76394581795	-1
6.76394581795	-1
6.76394581795	-1
6.76468682289	-1
6.76468682289	-1
6.76468682289	-1
6.76468682289	-1
6.76468682289	-1
6.76468682289	-1
6.76468682289	-1
6.76468682289	-1
6.77039384842	1
6.77039384842	1
6.77039384842	1
6.83451890945	-1
6.83451890945	-1
6.83451890945	-1
6.83451890945	-1
6.83451890945	-1
6.83451890945	-1
6.83451890945	-1
6.83451890945	-1
6.83476281166	-1
6.83476281166	-1
6.83476281166	-1
6.83476281166	-1
6.83476281166	-1
6.83476281166	-1
6.83476281166	-1
6.83476281166	-1
6.83513188362	-1
6.83513188362	-1
6.83513188362	-1
6.83513188362	-1
6.83513188362	-1
6.83513188362	-1
6.83513188362	-1
6.83513188362	-1
6.83552098274	-1
6.83552098274	-1
6.83552098274	-1
6.83552098274	-1
6.83552098274	-1
6.83552098274	-1
6.83552098274	-1
6.83552098274	-1
6.83591103554	-1
6.83591103554	-1
6.83591103554	-1
6.83591103554	-1
6.83591103554	-1
6.83591103554	-1
6.83591103554	-1
6.83627796173	-1
6.83627796173	-1
6.83627796173	-1
6.83627796173	-1
6.83627796173	-1
6.83627796173	-1
6.83627796173	-1
6.83627796173	-1
6.83664894104	-1
6.83664894104	-1
6.83664894104	-1
6.83664894104	-1
6.83664894104	-1
6.83664894104	-1
6.83664894104	-1
6.83664894104	-1
6.83701491356	-1
6.83701491356	-1
6.83701491356	-1
6.83701491356	-1
6.83701491356	-1
6.83701491356	-1
6.83701491356	-1
6.83701491356	-1
6.83805799484	-1
6.83805799484	-1
6.83805799484	-1
6.83805799484	-1
6.83805799484	-1
6.83805799484	-1
6.83805799484	-1
6.83805799484	-1
6.83840703964	-1
6.83840703964	-1
6.83840703964	-1
6.83840703964	-1
6.83840703964	-1
6.83840703964	-1
6.83840703964	-1
6.83840703964	-1
6.83865404129	-1
6.83865404129	-1
6.83865404129	-1
6.83865404129	-1
6.83865404129	-1
6.83865404129	-1
6.83865404129	-1
6.83865404129	-1
6.83902382851	-1
6.83902382851	-1
6.83902382851	-1
6.83902382851	-1
6.83902382851	-1
6.83902382851	-1
6.83902382851	-1
6.83902382851	-1
6.84553599358	1
6.84553599358	1
6.84553599358	1
6.90879297256	-1
6.90879297256	-1
6.90879297256	-1
6.90879297256	-1
6.90879297256	-1
6.90879297256	-1
6.90879297256	-1
6.90903902054	-1
6.90903902054	-1
6.90903902054	-1
6.90903902054	-1
6.90903902054	-1
6.90903902054	-1
6.90903902054	-1
6.90903902054	-1
6.90940690041	-1
6.90940690041	-1
6.90940690041	-1
6.90940690041	-1
6.90940690041	-1
6.90940690041	-1
6.90940690041	-1
6.90940690041	-1
6.90978002548	-1
6.90978002548	-1
6.90978002548	-1
6.90978002548	-1
6.90978002548	-1
6.90978002548	-1
6.90978002548	-1
6.90978002548	-1
6.91088581085	-1
6.91088581085	-1
6.91088581085	-1
6.91088581085	-1
6.91088581085	-1
6.91088581085	-1
6.91088581085	-1
6.91088581085	-1
6.91124987602	-1
6.91124987602	-1
6.91124987602	-1
6.91124987602	-1
6.91124987602	-1
6.91124987602	-1
6.91124987602	-1
6.91124987602	-1
6.91161990166	-1
6.91161990166	-1
6.91161990166	-1
6.91161990166	-1
6.91161990166	-1
6.91161990166	-1
6.91161990166	-1
6.91161990166	-1
6.91198682785	-1
6.91198682785	-1
6.91198682785	-1
6.91198682785	-1
6.91198682785	-1
6.91198682785	-1
6.91198682785	-1
6.91198682785	-1
6.91235589981	-1
6.91235589981	-1
6.91235589981	-1
6.91235589981	-1
6.91235589981	-1
6.91235589981	-1
6.91235589981	-1
6.91260004044	-1
6.91260004044	-1
6.91260004044	-1
6.91260004044	-1
6.91260004044	-1
6.91260004044	-1
6.91260004044	-1
6.91260004044	-1
6.91296887398	-1
6.91296887398	-1
6.91296887398	-1
6.91296887398	-1
6.91296887398	-1
6.91296887398	-1
6.91296887398	-1
6.91296887398	-1
6.91333794594	-1
6.91333794594	-1
6.91333794594	-1
6.91333794594	-1
6.91333794594	-1
6.91333794594	-1
6.91333794594	-1
6.91333794594	-1
6.9198179245	1
6.9198179245	1
6.9198179245	1
6.96879792213	1
6.96879792213	1
6.98282384872	-1
6.98282384872	-1
6.98282384872	-1
6.98282384872	-1
6.98282384872	-1
6.98282384872	-1
6.98282384872	-1
6.98282384872	-1
6.9830698967	-1
6.9830698967	-1
6.9830698967	-1
6.9830698967	-1
6.9830698967	-1
6.9830698967	-1
6.9830698967	-1
6.9830698967	-1
6.98343896866	-1
6.98343896866	-1
6.98343896866	-1
6.98343896866	-1
6.98343896866	-1
6.98343896866	-1
6.98343896866	-1
6.98343896866	-1
6.98380994797	-1
6.98380994797	-1
6.98380994797	-1
6.98380994797	-1
6.98380994797	-1
6.98380994797	-1
6.98380994797	-1
6.98380994797	-1
6.98601198196	-1
6.98601198196	-1
6.98601198196	-1
6.98601198196	-1
6.98601198196	-1
6.98601198196	-1
6.98601198196	-1
6.98627781868	-1
6.98627781868	-1
6.98627781868	-1
6.98627781868	-1
6.98627781868	-1
6.98627781868	-1
6.98627781868	-1
6.98627781868	-1
6.98674201965	-1
6.98674201965	-1
6.98674201965	-1
6.98674201965	-1
6.98674201965	-1
6.98674201965	-1
6.98674201965	-1
6.98674201965	-1
6.98710489273	-1
6.98710489273	-1
6.98710489273	-1
6.98710489273	-1
6.98710489273	-1
6.98710489273	-1
6.98710489273	-1
6.98710489273	-1
6.98747396469	-1
6.98747396469	-1
6.98747396469	-1
6.98747396469	-1
6.98747396469	-1
6.98747396469	-1
6.98747396469	-1
6.98747396469	-1
6.98784089088	-1
6.98784089088	-1
6.98784089088	-1
6.98784089088	-1
6.98784089088	-1
6.98784089088	-1
6.98784089088	-1
6.98784089088	-1
6.98808789253	-1
6.98808789253	-1
6.98808789253	-1
6.98808789253	-1
6.98808789253	-1
6.98808789253	-1
6.98808789253	-1
6.98808789253	-1
6.98845791817	-1
6.98845791817	-1
6.98845791817	-1
6.98845791817	-1
6.98845791817	-1
6.98845791817	-1
6.98845791817	-1
6.98845791817	-1
6.99400281906	1
6.99400281906	1
6.99400281906	1
7.05706000328	-1
7.05706000328	-1
7.05706000328	-1
7.05706000328	-1
7.05706000328	-1
7.05706000328	-1
7.05706000328	-1
7.05730485916	-1
7.05730485916	-1
7.05730485916	-1
7.05730485916	-1
7.05730485916	-1
7.05730485916	-1
7.05730485916	-1
7.05730485916	-1
7.05767297745	-1
7.05767297745	-1
7.05767297745	-1
7.05767297745	-1
7.05767297745	-1
7.05767297745	-1
7.05767297745	-1
7.05767297745	-1
7.05804300308	-1
7.05804300308	-1
7.05804300308	-1
7.05804300308	-1
7.0600039959	-1
7.0600039959	-1
7.0600039959	-1
7.0600039959	-1
7.0600039959	-1
7.0600039959	-1
7.0600039959	-1
7.0600039959	-1
7.06014299393	-1
7.06014299393	-1
7.06014299393	-1
7.06014299393	-1
7.06014299393	-1
7.06014299393	-1
7.06014299393	-1
7.06014299393	-1
7.06060194969	-1
7.06060194969	-1
7.06060194969	-1
7.06060194969	-1
7.06060194969	-1
7.06060194969	-1
7.06060194969	-1
7.06060194969	-1
7.06099581718	-1
7.06099581718	-1
7.06099581718	-1
7.06099581718	-1
7.06099581718	-1
7.06099581718	-1
7.06099581718	-1
7.06099581718	-1
7.06135892868	-1
7.06135892868	-1
7.06135892868	-1
7.06135892868	-1
7.06135892868	-1
7.06135892868	-1
7.06135892868	-1
7.06172800064	-1
7.06172800064	-1
7.06172800064	-1
7.06172800064	-1
7.06172800064	-1
7.06172800064	-1
7.06581997871	-1
7.06592583656	-1
7.06592583656	-1
7.06592583656	-1
7.06592583656	-1
7.06595993042	-1
7.06617093086	-1
7.06617093086	-1
7.06617093086	-1
7.06617093086	-1
7.06617093086	-1
7.06617093086	-1
7.06617093086	-1
7.06694984436	-1
7.06878399849	1
7.06878399849	1
7.06878399849	1
7.13135099411	-1
7.13135099411	-1
7.13135099411	-1
7.13135099411	-1
7.13135099411	-1
7.13135099411	-1
7.13135099411	-1
7.13135099411	-1
7.13135099411	-1
7.13160896301	-1
7.13160896301	-1
7.13160896301	-1
7.13160896301	-1
7.13160896301	-1
7.13160896301	-1
7.13160896301	-1
7.13160896301	-1
7.13207197189	-1
7.13207197189	-1
7.13207197189	-1
7.13207197189	-1
7.13207197189	-1
7.13207197189	-1
7.13207197189	-1
7.13207197189	-1
7.13244080544	-1
7.13244080544	-1
7.13244080544	-1
7.13244080544	-1
7.13244080544	-1
7.13244080544	-1
7.13244080544	-1
7.13244080544	-1
7.13426494598	-1
7.13426494598	-1
7.13426494598	-1
7.13426494598	-1
7.13426494598	-1
7.13426494598	-1
7.13426494598	-1
7.13447880745	-1
7.13447880745	-1
7.13447880745	-1
7.13447880745	-1
7.13447880745	-1
7.13447880745	-1
7.13447880745	-1
7.13447880745	-1
7.13493800163	-1
7.13493800163	-1
7.13493800163	-1
7.13493800163	-1
7.13493800163	-1
7.13493800163	-1
7.13493800163	-1
7.13493800163	-1
7.13521194458	-1
7.13521194458	-1
7.13580989838	-1
7.13580989838	-1
7.13580989838	-1
7.13580989838	-1
7.13580989838	-1
7.13580989838	-1
7.13580989838	-1
7.13580989838	-1
7.13580989838	-1
7.14994597435	-1
7.2050178051	-1
7.2050178051	-1
7.2050178051	-1
7.2050178051	-1
7.2050178051	-1
7.2050178051	-1
7.2050178051	-1
7.21050190926	1
7.24757099152	-1
7.24757099152	-1
7.24757099152	-1
7.24769496918	-1
7.24769496918	-1
7.24769496918	-1
7.24769496918	-1
7.24769496918	-1
7.24769496918	-1
7.24769496918	-1
7.24793982506	-1
7.2510509491	-1
7.2510509491	-1
7.2510509491	-1
7.2510509491	-1
7.2510509491	-1
7.2510509491	-1
7.2510509491	-1
7.2510509491	-1
7.27882194519	-1
7.27882194519	-1
7.27882194519	-1
7.27882194519	-1
7.27882194519	-1
7.27882194519	-1
7.27882194519	-1
7.27882194519	-1
7.27882194519	-1
7.27917098999	-1
7.27917098999	-1
7.27917098999	-1
7.27917098999	-1
7.27917098999	-1
7.27917098999	-1
7.27917098999	-1
7.27917098999	-1
7.27953886986	-1
7.27953886986	-1
7.27953886986	-1
7.27953886986	-1
7.27953886986	-1
7.27953886986	-1
7.27953886986	-1
7.27953886986	-1
7.27990794182	-1
7.27990794182	-1
7.27990794182	-1
7.32112193108	1
7.35154080391	-1
7.43027091026	1
7.43027091026	1
7.43027091026	1
7.43027091026	1
7.43027091026	1
7.43286085129	1
7.43350291252	1
7.43350291252	1
7.43350291252	1
7.43350291252	1
7.43350291252	1
7.43350291252	1
7.43350291252	1
7.43350291252	1
7.43366503716	1
7.43366503716	1
7.43366503716	1
7.43366503716	1
7.43366503716	1
7.50819396973	1
7.50819396973	1
