0.0	1
0.250334024429	1
0.607182979584	-1
0.608783006668	1
0.794826984406	-1
0.79536986351	1
0.798773050308	1
0.798773050308	1
0.798773050308	1
0.876868009567	1
0.876868009567	1
0.876868009567	1
1.32375001907	-1
1.3250939846	1
1.34742093086	-1
1.34742093086	-1
1.34742093086	-1
1.39873504639	1
1.50828003883	-1
1.5083220005	1
1.58181905746	-1
1.58186388016	1
1.69560289383	1
1.85033488274	-1
1.86456894875	-1
1.86456894875	-1
1.86456894875	-1
1.86985206604	-1
1.86985206604	-1
1.86985206604	-1
1.86985206604	-1
1.86985206604	-1
1.86985206604	-1
1.86985206604	-1
1.86985206604	-1
1.90155601501	1
1.93822908401	-1
1.94344902039	-1
1.94344902039	-1
1.94344902039	-1
1.94344902039	-1
1.94344902039	-1
1.94344902039	-1
1.97008800507	-1
1.97008800507	-1
1.97008800507	-1
1.97008800507	-1
1.97008800507	-1
1.97008800507	-1
1.97008800507	-1
1.97008800507	-1
1.97008800507	-1
1.97125291824	1
1.97125291824	1
1.97125291824	1
1.97532606125	1
1.97532606125	1
2.01704907417	-1
2.01704907417	-1
2.01704907417	-1
2.04435896873	-1
2.04435896873	-1
2.04435896873	-1
2.04435896873	-1
2.04435896873	-1
2.04435896873	-1
2.04435896873	-1
2.04435896873	-1
2.04666900635	1
2.04666900635	1
2.04666900635	1
2.04666900635	1
2.04666900635	1
2.08532905579	-1
2.08532905579	-1
2.08532905579	-1
2.08532905579	-1
2.08532905579	-1
2.08532905579	-1
2.08532905579	-1
2.11840891838	-1
2.11840891838	-1
2.15923190117	1
2.15923190117	1
2.19179487228	-1
2.19179487228	-1
2.2491080761	-1
2.2491080761	-1
2.2491080761	-1
2.2491080761	-1
2.2491080761	-1
2.2491080761	-1
2.2491080761	-1
2.2491080761	-1
2.249147892	1
2.26973485947	-1
2.26978492737	-1
2.26978492737	-1
2.26978492737	-1
2.26978492737	-1
2.26978492737	-1
2.26978492737	-1
2.26978492737	-1
2.322879076	-1
2.34426999092	-1
2.34426999092	-1
2.34438300133	-1
2.34438300133	-1
2.34438300133	-1
2.34438300133	-1
2.34438300133	-1
2.34438300133	-1
2.34438300133	-1
2.34621095657	1
2.38036799431	-1
2.39641904831	-1
2.39641904831	-1
2.39641904831	-1
2.39641904831	-1
2.39641904831	-1
2.39641904831	-1
2.39641904831	-1
2.41917490959	-1
2.41917490959	-1
2.41917490959	-1
2.42317390442	1
2.42317390442	1
2.42317390442	1
2.42317390442	1
2.42317390442	1
2.42317390442	1
2.42317390442	1
2.42317390442	1
2.42317390442	1
2.42317390442	1
2.42326688766	1
2.42326688766	1
2.45396900177	-1
2.45396900177	-1
2.45396900177	-1
2.45396900177	-1
2.45396900177	-1
2.45396900177	-1
2.45396900177	-1
2.45396900177	-1
2.48179101944	-1
2.48179101944	-1
2.48179101944	-1
2.48179101944	-1
2.48179101944	-1
2.48179101944	-1
2.48179101944	-1
2.48179101944	-1
2.52803301811	-1
2.52803301811	-1
2.52803301811	-1
2.52803301811	-1
2.52803301811	-1
2.52803301811	-1
2.52803301811	-1
2.52803301811	-1
2.52805304527	1
2.52805304527	1
2.55535793304	-1
2.55538487434	-1
2.55538487434	-1
2.55538487434	-1
2.55538487434	-1
2.55538487434	-1
2.55538487434	-1
2.55538487434	-1
2.56676387787	-1
2.60265898705	-1
2.60265898705	-1
2.60265898705	-1
2.60265898705	-1
2.60270094872	1
2.62901806831	-1
2.6291179657	-1
2.6291179657	-1
2.6291179657	-1
2.6291179657	-1
2.6291179657	-1
2.6291179657	-1
2.6291179657	-1
2.64062786102	-1
2.64066290855	-1
2.64066290855	-1
2.64066290855	-1
2.64066290855	-1
2.64066290855	-1
2.64066290855	-1
2.64066290855	-1
2.67641997337	-1
2.70353507996	-1
2.70353507996	-1
2.70353507996	-1
2.70353507996	-1
2.70353507996	-1
2.70358800888	-1
2.71418309212	-1
2.71418309212	-1
2.71418309212	-1
2.71418309212	-1
2.71418309212	-1
2.71418309212	-1
2.75008606911	-1
2.75008606911	-1
2.75008606911	-1
2.75008606911	-1
2.75008606911	-1
2.75008606911	-1
2.75008606911	-1
2.75008606911	-1
2.75126504898	1
2.77746486664	-1
2.77746486664	-1
2.77746486664	-1
2.77746486664	-1
2.77746486664	-1
2.77746486664	-1
2.77746486664	-1
2.77746486664	-1
2.77746486664	-1
2.82479786873	-1
2.82479786873	-1
2.82479786873	-1
2.82479786873	-1
2.82479786873	-1
2.82479786873	-1
2.82479786873	-1
2.82479786873	-1
2.8261590004	1
2.85111093521	-1
2.85111093521	-1
2.85111093521	-1
2.85111093521	-1
2.85111093521	-1
2.85111093521	-1
2.85111093521	-1
2.85111093521	-1
2.86147403717	-1
2.86147403717	-1
2.86147403717	-1
2.86147403717	-1
2.86147403717	-1
2.86147403717	-1
2.86147403717	-1
2.86147403717	-1
2.86147403717	-1
2.90014886856	-1
2.90014886856	-1
2.90014886856	-1
2.90014886856	-1
2.90014886856	-1
2.90014886856	-1
2.90014886856	-1
2.90014886856	-1
2.90018796921	1
2.9350259304	-1
2.9350259304	-1
2.9350259304	-1
2.9350259304	-1
2.9350259304	-1
2.9350259304	-1
2.9350259304	-1
2.9350259304	-1
2.97266292572	-1
2.97266292572	-1
2.97266292572	-1
2.97266292572	-1
2.97266292572	-1
2.97266292572	-1
2.97266292572	-1
2.97266292572	-1
2.97472000122	1
2.99895906448	-1
2.99895906448	-1
2.99895906448	-1
2.99895906448	-1
2.99895906448	-1
2.99895906448	-1
2.99895906448	-1
3.00957489014	-1
3.00957489014	-1
3.00957489014	-1
3.00957489014	-1
3.00957489014	-1
3.00957489014	-1
3.00957489014	-1
3.00957489014	-1
3.04634904861	-1
3.04634904861	-1
3.04634904861	-1
3.04634904861	-1
3.04634904861	-1
3.04634904861	-1
3.04634904861	-1
3.04634904861	-1
3.07336187363	-1
3.07336187363	-1
3.07336187363	-1
3.07336187363	-1
3.07336187363	-1
3.07336187363	-1
3.07336187363	-1
3.07336187363	-1
3.11954188347	-1
3.11954188347	-1
3.11954188347	-1
3.11954188347	-1
3.11954188347	-1
3.11954188347	-1
3.11954188347	-1
3.11954188347	-1
3.11995005608	-1
3.11995005608	-1
3.11995005608	-1
3.11995005608	-1
3.11995005608	-1
3.11995005608	-1
3.11995005608	-1
3.11995005608	-1
3.12113308907	1
3.15670490265	-1
3.15670490265	-1
3.15670490265	-1
3.15670490265	-1
3.15670490265	-1
3.15670490265	-1
3.15670490265	-1
3.15670490265	-1
3.1936109066	-1
3.1936109066	-1
3.1936109066	-1
3.1936109066	-1
3.1936109066	-1
3.1936109066	-1
3.1936109066	-1
3.1936109066	-1
3.22041988373	-1
3.22041988373	-1
3.22041988373	-1
3.22041988373	-1
3.22041988373	-1
3.22041988373	-1
3.22041988373	-1
3.2204580307	1
3.2311770916	-1
3.2311770916	-1
3.2311770916	-1
3.2311770916	-1
3.2311770916	-1
3.2311770916	-1
3.2311770916	-1
3.2311770916	-1
3.26782608032	-1
3.26782608032	-1
3.26782608032	-1
3.26782608032	-1
3.26782608032	-1
3.26782608032	-1
3.26782608032	-1
3.26782608032	-1
3.29468989372	-1
3.29468989372	-1
3.29468989372	-1
3.29468989372	-1
3.29468989372	-1
3.29468989372	-1
3.29468989372	-1
3.29468989372	-1
3.30542492867	-1
3.30542492867	-1
3.30542492867	-1
3.30542492867	-1
3.30542492867	-1
3.30542492867	-1
3.30542492867	-1
3.30542492867	-1
3.30642199516	1
3.34147000313	-1
3.34147000313	-1
3.34147000313	-1
3.34147000313	-1
3.34147000313	-1
3.34147000313	-1
3.34147000313	-1
3.34147000313	-1
3.34224486351	-1
3.34224486351	-1
3.34224486351	-1
3.34224486351	-1
3.34224486351	-1
3.34224486351	-1
3.34224486351	-1
3.34224486351	-1
3.379778862	-1
3.379778862	-1
3.379778862	-1
3.379778862	-1
3.379778862	-1
3.379778862	-1
3.379778862	-1
3.379778862	-1
3.41487193108	-1
3.41487193108	-1
3.41487193108	-1
3.41487193108	-1
3.41487193108	-1
3.41487193108	-1
3.41487193108	-1
3.4158039093	-1
3.4158039093	-1
3.4158039093	-1
3.4158039093	-1
3.4158039093	-1
3.4158039093	-1
3.4158039093	-1
3.4158039093	-1
3.41705393791	1
3.45411705971	-1
3.45411705971	-1
3.45411705971	-1
3.45411705971	-1
3.45411705971	-1
3.45411705971	-1
3.45411705971	-1
3.45411705971	-1
3.48848009109	-1
3.48848009109	-1
3.48848009109	-1
3.48848009109	-1
3.48848009109	-1
3.48848009109	-1
3.48848009109	-1
3.48848009109	-1
3.48960494995	-1
3.48960494995	-1
3.48960494995	-1
3.48960494995	-1
3.48960494995	-1
3.48960494995	-1
3.48960494995	-1
3.48960494995	-1
3.52595496178	1
3.52595496178	1
3.52597093582	-1
3.52597093582	-1
3.52597093582	-1
3.52597093582	-1
3.52597093582	-1
3.52597093582	-1
3.52597093582	-1
3.52597093582	-1
3.52900505066	-1
3.52900505066	-1
3.52900505066	-1
3.52900505066	-1
3.52900505066	-1
3.52900505066	-1
3.52900505066	-1
3.52900505066	-1
3.56230401993	-1
3.56230401993	-1
3.56230401993	-1
3.56230401993	-1
3.56230401993	-1
3.56230401993	-1
3.56230401993	-1
3.56230401993	-1
3.60063004494	-1
3.60063004494	-1
3.60063004494	-1
3.60063004494	-1
3.60063004494	-1
3.60063004494	-1
3.60063004494	-1
3.60064792633	1
3.60299801826	-1
3.60299801826	-1
3.60299801826	-1
3.60299801826	-1
3.60299801826	-1
3.60299801826	-1
3.60299801826	-1
3.60299801826	-1
3.63761496544	-1
3.63761496544	-1
3.63761496544	-1
3.63761496544	-1
3.63761496544	-1
3.63761496544	-1
3.63761496544	-1
3.63761496544	-1
3.63832592964	-1
3.63832592964	-1
3.63832592964	-1
3.63832592964	-1
3.63832592964	-1
3.63832592964	-1
3.63832592964	-1
3.63832592964	-1
3.67431998253	1
3.67431998253	1
3.6767179966	-1
3.6767179966	-1
3.6767179966	-1
3.6767179966	-1
3.6767179966	-1
3.6767179966	-1
3.6767179966	-1
3.6767179966	-1
3.67722988129	-1
3.67722988129	-1
3.67722988129	-1
3.67722988129	-1
3.67722988129	-1
3.67722988129	-1
3.67722988129	-1
3.67722988129	-1
3.71239495277	-1
3.71239495277	-1
3.71239495277	-1
3.71239495277	-1
3.71239495277	-1
3.71239495277	-1
3.71239495277	-1
3.71239495277	-1
3.73671603203	1
3.73671603203	1
3.73671603203	1
3.75070905685	-1
3.75070905685	-1
3.75070905685	-1
3.75070905685	-1
3.75070905685	-1
3.75070905685	-1
3.75070905685	-1
3.75070905685	-1
3.75163793564	-1
3.75163793564	-1
3.75163793564	-1
3.75163793564	-1
3.75163793564	-1
3.75163793564	-1
3.75163793564	-1
3.7849779129	-1
3.7849779129	-1
3.7849779129	-1
3.7849779129	-1
3.7849779129	-1
3.7849779129	-1
3.7849779129	-1
3.7849779129	-1
3.78744888306	-1
3.78744888306	-1
3.78744888306	-1
3.78744888306	-1
3.78744888306	-1
3.78744888306	-1
3.78744888306	-1
3.78744888306	-1
3.82511496544	-1
3.82511496544	-1
3.82511496544	-1
3.82511496544	-1
3.82511496544	-1
3.82511496544	-1
3.82511496544	-1
3.82511496544	-1
3.82547497749	-1
3.82547497749	-1
3.82547497749	-1
3.82547497749	-1
3.82547497749	-1
3.82547497749	-1
3.82547497749	-1
3.82547497749	-1
3.82737088203	1
3.85873198509	-1
3.85873198509	-1
3.85873198509	-1
3.85873198509	-1
3.85873198509	-1
3.85873198509	-1
3.85873198509	-1
3.85873198509	-1
3.89545893669	-1
3.89545893669	-1
3.89545893669	-1
3.89545893669	-1
3.89545893669	-1
3.89545893669	-1
3.89545893669	-1
3.89545893669	-1
3.8996078968	-1
3.8996078968	-1
3.8996078968	-1
3.8996078968	-1
3.8996078968	-1
3.8996078968	-1
3.8996078968	-1
3.8996078968	-1
3.89997601509	-1
3.89997601509	-1
3.89997601509	-1
3.89997601509	-1
3.89997601509	-1
3.89997601509	-1
3.89997601509	-1
3.93220186234	-1
3.93220186234	-1
3.93220186234	-1
3.93220186234	-1
3.93220186234	-1
3.93220186234	-1
3.93220186234	-1
3.93220186234	-1
3.97008490562	-1
3.97008490562	-1
3.97008490562	-1
3.97008490562	-1
3.97008490562	-1
3.97008490562	-1
3.97008490562	-1
3.97008490562	-1
3.97313094139	-1
3.97313094139	-1
3.97313094139	-1
3.97313094139	-1
3.97313094139	-1
3.97313094139	-1
3.97313094139	-1
3.97313094139	-1
3.97411394119	-1
3.97411394119	-1
3.97411394119	-1
3.97411394119	-1
3.97411394119	-1
3.97411394119	-1
3.97411394119	-1
3.97411394119	-1
3.97526288033	1
4.00996804237	-1
4.00996804237	-1
4.00996804237	-1
4.00996804237	-1
4.00996804237	-1
4.00996804237	-1
4.00996804237	-1
4.00996804237	-1
4.04386401176	-1
4.04386401176	-1
4.04386401176	-1
4.04386401176	-1
4.04386401176	-1
4.04386401176	-1
4.04386401176	-1
4.04386401176	-1
4.04816102982	-1
4.04816102982	-1
4.04816102982	-1
4.04816102982	-1
4.04816102982	-1
4.04816102982	-1
4.04816102982	-1
4.04816102982	-1
4.08091688156	-1
4.08091688156	-1
4.08091688156	-1
4.08091688156	-1
4.08091688156	-1
4.08091688156	-1
4.08091688156	-1
4.08095097542	1
4.08095097542	1
4.08428096771	-1
4.08428096771	-1
4.08428096771	-1
4.08428096771	-1
4.08428096771	-1
4.08428096771	-1
4.08428096771	-1
4.08428096771	-1
4.11736989021	-1
4.11736989021	-1
4.11736989021	-1
4.11736989021	-1
4.11736989021	-1
4.11736989021	-1
4.11736989021	-1
4.11736989021	-1
4.12048006058	-1
4.12048006058	-1
4.12048006058	-1
4.12048006058	-1
4.12048006058	-1
4.12048006058	-1
4.12048006058	-1
4.12048006058	-1
4.1230070591	-1
4.1230070591	-1
4.1230070591	-1
4.1230070591	-1
4.1230070591	-1
4.1230070591	-1
4.1230070591	-1
4.1230070591	-1
4.15776896477	-1
4.15776896477	-1
4.15776896477	-1
4.15776896477	-1
4.15776896477	-1
4.15776896477	-1
4.15776896477	-1
4.15776896477	-1
4.15892004967	1
4.1909160614	-1
4.1909160614	-1
4.1909160614	-1
4.1909160614	-1
4.1909160614	-1
4.1909160614	-1
4.1909160614	-1
4.1909160614	-1
4.19404101372	-1
4.19404101372	-1
4.19404101372	-1
4.19404101372	-1
4.19404101372	-1
4.19404101372	-1
4.19404101372	-1
4.19404101372	-1
4.22842407227	-1
4.22842407227	-1
4.22842407227	-1
4.22842407227	-1
4.22842407227	-1
4.22842407227	-1
4.22842407227	-1
4.22842407227	-1
4.23134589195	-1
4.23134589195	-1
4.23134589195	-1
4.23134589195	-1
4.23134589195	-1
4.23134589195	-1
4.23134589195	-1
4.23134589195	-1
4.23252892494	1
4.2647459507	-1
4.2647459507	-1
4.2647459507	-1
4.2647459507	-1
4.2647459507	-1
4.2647459507	-1
4.2647459507	-1
4.2647459507	-1
4.2702319622	-1
4.2702319622	-1
4.2702319622	-1
4.2702319622	-1
4.2702319622	-1
4.2702319622	-1
4.2702319622	-1
4.3019759655	-1
4.3019759655	-1
4.3019759655	-1
4.3019759655	-1
4.3019759655	-1
4.3019759655	-1
4.3019759655	-1
4.3019759655	-1
4.30490589142	-1
4.30490589142	-1
4.30490589142	-1
4.30490589142	-1
4.30490589142	-1
4.30490589142	-1
4.30490589142	-1
4.30490589142	-1
4.30650901794	1
4.33853006363	-1
4.33853006363	-1
4.33853006363	-1
4.33853006363	-1
4.33853006363	-1
4.33853006363	-1
4.33853006363	-1
4.33853006363	-1
4.3412399292	-1
4.3412399292	-1
4.3412399292	-1
4.3412399292	-1
4.3412399292	-1
4.3412399292	-1
4.3412399292	-1
4.37579894066	-1
4.37579894066	-1
4.37579894066	-1
4.37579894066	-1
4.37579894066	-1
4.37579894066	-1
4.37579894066	-1
4.37579894066	-1
4.37860608101	-1
4.37860608101	-1
4.37860608101	-1
4.37860608101	-1
4.37860608101	-1
4.37860608101	-1
4.37860608101	-1
4.37860608101	-1
4.38024306297	1
4.4982149601	1
4.53690695763	-1
4.75543403625	-1
4.87820386887	-1
4.89348196983	1
4.89411592484	1
4.89411592484	1
4.89411592484	1
4.89576196671	1
4.89576196671	1
4.89576196671	1
4.967222929	1
5.27933597565	-1
5.34156298637	-1
5.34156298637	-1
5.34156298637	-1
5.34156298637	-1
5.34156298637	-1
5.34156298637	-1
5.34156298637	-1
5.34156298637	-1
5.36456990242	1
5.37808799744	-1
5.37808799744	-1
5.37808799744	-1
5.40092301369	-1
5.40092301369	-1
5.40325403214	-1
5.40325403214	-1
5.40325403214	-1
5.42944693565	-1
5.42944693565	-1
5.42944693565	-1
5.4380209446	1
5.4380209446	1
5.48886394501	-1
5.48886394501	-1
5.5115480423	1
5.5115480423	1
5.58737492561	-1
5.69929099083	-1
5.99881100655	-1
6.02023601532	-1
6.02023601532	-1
6.02023601532	-1
6.0204000473	-1
6.0204000473	-1
6.0204000473	-1
6.0204000473	-1
6.0204000473	-1
6.0204000473	-1
6.02293801308	-1
6.02293801308	-1
6.02293801308	-1
6.02293801308	-1
6.02293801308	-1
6.02293801308	-1
6.02636790276	-1
6.03080201149	-1
6.03080201149	-1
6.03080201149	-1
6.03080201149	-1
6.03080201149	-1
6.03080201149	-1
6.03080201149	-1
6.12332606316	-1
6.12332606316	-1
6.12332606316	-1
6.12332606316	-1
6.12332606316	-1
6.12332606316	-1
6.12332606316	-1
6.12332606316	-1
6.14357686043	-1
6.14362597466	-1
6.14362597466	-1
6.14362597466	-1
6.14362597466	-1
6.14362597466	-1
6.14362597466	-1
6.14362597466	-1
6.14362597466	-1
6.14574193954	-1
6.32595896721	-1
6.33364605904	-1
6.33364605904	-1
6.33364605904	-1
6.33364605904	-1
6.33364605904	-1
6.33364605904	-1
6.33364605904	-1
6.36181688309	1
6.36803007126	1
6.36803007126	1
6.36803007126	1
6.43615794182	1
6.43615794182	1
6.5445868969	1
6.54573202133	1
6.54573202133	1
6.54573202133	1
6.54573202133	1
6.54573202133	1
6.54680895805	1
6.54696106911	1
6.54696106911	1
6.54696106911	1
6.54696106911	1
6.54696106911	1
6.70436501503	-1
6.8154399395	-1
6.90411305428	-1
6.90976905823	1
6.93935704231	-1
6.93935704231	-1
6.93935704231	-1
6.95575904846	-1
6.95575904846	-1
6.95864105225	1
6.95864105225	1
6.95864105225	1
6.95864105225	1
6.95864105225	1
6.95864105225	1
6.95864105225	1
6.95864105225	1
6.95864105225	1
6.95864105225	1
6.96052098274	-1
6.96052098274	-1
6.96052098274	-1
6.97301387787	-1
6.97301387787	-1
6.97301387787	-1
6.97301387787	-1
6.97301387787	-1
6.97301387787	-1
6.97301387787	-1
6.9775800705	-1
6.97762703896	-1
6.97762703896	-1
6.97762703896	-1
6.97762703896	-1
6.97762703896	-1
6.97762703896	-1
6.97762703896	-1
6.98527002335	-1
6.98527002335	-1
6.98527002335	-1
6.98527002335	-1
6.98527002335	-1
6.98527002335	-1
6.98527002335	-1
7.02938103676	-1
7.02943205833	-1
7.02943205833	-1
7.02943205833	-1
7.02943205833	-1
7.02943205833	-1
7.02943205833	-1
7.02943205833	-1
7.04655098915	-1
7.04655098915	-1
7.04655098915	-1
7.04655098915	-1
7.04655098915	-1
7.04655098915	-1
7.04655098915	-1
7.05129504204	-1
7.05129504204	-1
7.05129504204	-1
7.05129504204	-1
7.05129504204	-1
7.05129504204	-1
7.05129504204	-1
7.05129504204	-1
7.05202102661	-1
7.05202102661	-1
7.05202102661	-1
7.05202102661	-1
7.05202102661	-1
7.05202102661	-1
7.05202102661	-1
7.05202102661	-1
7.05202102661	-1
7.05966997147	1
7.09554505348	-1
7.09554505348	-1
7.09554505348	-1
7.09554505348	-1
7.09554505348	-1
7.09554505348	-1
7.09554505348	-1
7.09554505348	-1
7.10358190536	-1
7.10358190536	-1
7.10358190536	-1
7.10358190536	-1
7.10358190536	-1
7.10358190536	-1
7.10358190536	-1
7.12003707886	-1
7.12069296837	-1
7.12069296837	-1
7.12069296837	-1
7.12069296837	-1
7.12069296837	-1
7.12069296837	-1
7.12069296837	-1
7.12092208862	-1
7.12092208862	-1
7.12092208862	-1
7.12092208862	-1
7.12092208862	-1
7.12092208862	-1
7.12092208862	-1
7.12092208862	-1
7.12556695938	-1
7.12556695938	-1
7.12556695938	-1
7.12556695938	-1
7.12556695938	-1
7.12556695938	-1
7.12556695938	-1
7.12556695938	-1
7.12591791153	-1
7.12591791153	-1
7.12591791153	-1
7.12591791153	-1
7.12591791153	-1
7.12591791153	-1
7.12591791153	-1
7.12591791153	-1
7.13336801529	1
7.13339686394	-1
7.13339686394	-1
7.13339686394	-1
7.17036104202	-1
7.17036104202	-1
7.17036104202	-1
7.17036104202	-1
7.17036104202	-1
7.17036104202	-1
7.17036104202	-1
7.17036104202	-1
7.17723798752	-1
7.17723798752	-1
7.17723798752	-1
7.17723798752	-1
7.17723798752	-1
7.17723798752	-1
7.17723798752	-1
7.17723798752	-1
7.19366502762	-1
7.19366502762	-1
7.19366502762	-1
7.19433808327	-1
7.19433808327	-1
7.19433808327	-1
7.19433808327	-1
7.19433808327	-1
7.19433808327	-1
7.19433808327	-1
7.19433808327	-1
7.19844293594	-1
7.19844293594	-1
7.19844293594	-1
7.19844293594	-1
7.19844293594	-1
7.19844293594	-1
7.19844293594	-1
7.19844293594	-1
7.19915103912	-1
7.20008897781	-1
7.20008897781	-1
7.20008897781	-1
7.20008897781	-1
7.20008897781	-1
7.20008897781	-1
7.20008897781	-1
7.20008897781	-1
7.20043992996	-1
7.20043992996	-1
7.20043992996	-1
7.20043992996	-1
7.20043992996	-1
7.20043992996	-1
7.20043992996	-1
7.20043992996	-1
7.20735907555	-1
7.20735907555	-1
7.20735907555	-1
7.20735907555	-1
7.20735907555	-1
7.20735907555	-1
7.20735907555	-1
7.20735907555	-1
7.20739889145	1
7.20739889145	1
7.24548888206	-1
7.24548888206	-1
7.24548888206	-1
7.24548888206	-1
7.24548888206	-1
7.24548888206	-1
7.24548888206	-1
7.24548888206	-1
7.2683339119	-1
7.2683339119	-1
7.2683339119	-1
7.2683339119	-1
7.2683339119	-1
7.2683339119	-1
7.2683339119	-1
7.26867604256	-1
7.26867604256	-1
7.26867604256	-1
7.26867604256	-1
7.26867604256	-1
7.26867604256	-1
7.26867604256	-1
7.26867604256	-1
7.2690448761	-1
7.2690448761	-1
7.2690448761	-1
7.2690448761	-1
7.2690448761	-1
7.31957602501	1
7.40210390091	-1
7.40210390091	-1
7.40210390091	-1
7.40213799477	1
7.40530586243	-1
7.40530586243	-1
7.40541100502	-1
7.40541100502	-1
7.40541100502	-1
7.40541100502	-1
7.40541100502	-1
7.40541100502	-1
7.4198050499	-1
7.4198050499	-1
7.4198050499	-1
7.4198050499	-1
7.4198050499	-1
7.4198050499	-1
7.4198050499	-1
7.4198050499	-1
7.43141508102	-1
7.43141508102	-1
7.43141508102	-1
7.43141508102	-1
7.43141508102	-1
7.43141508102	-1
7.43141508102	-1
7.43868589401	-1
7.45242786407	-1
7.45242786407	-1
7.45242786407	-1
7.47126698494	-1
7.47126698494	-1
7.47126698494	-1
7.47126698494	-1
7.47126698494	-1
7.47126698494	-1
7.47126698494	-1
7.47126698494	-1
7.47422790527	-1
7.47422790527	-1
7.47422790527	-1
7.47422790527	-1
7.47422790527	-1
7.47422790527	-1
7.47422790527	-1
7.47844696045	-1
7.47844696045	-1
7.47847604752	1
7.48132300377	-1
7.48132300377	-1
7.48132300377	-1
7.48132300377	-1
7.48132300377	-1
7.48132300377	-1
7.48132300377	-1
7.54508900642	1
7.54508900642	1
7.54508900642	1
7.6463239193	1
7.6463239193	1
7.6463239193	1
7.6463239193	1
7.6463239193	1
7.6463239193	1
7.64930486679	1
7.64930486679	1
7.64930486679	1
7.64930486679	1
7.64930486679	1
7.64930486679	1
7.64930486679	1
7.64930486679	1
7.6495039463	1
7.6495039463	1
7.6495039463	1
7.6495039463	1
7.6495039463	1
7.6495039463	1
8.00904202461	-1
8.12369799614	-1
8.19721293449	-1
