0.0	1
0.538236141205	1
0.548098087311	-1
0.549623012543	1
0.709174156189	-1
0.709959983826	1
0.713185071945	1
0.713185071945	1
0.713185071945	1
0.874070167542	1
0.947426080704	1
0.947426080704	1
1.19125103951	-1
1.19258594513	1
1.2805981636	-1
1.28209614754	1
1.35632610321	-1
1.35632610321	-1
1.3579120636	1
1.51221108437	-1
1.5133690834	1
1.58714199066	-1
1.58825516701	1
1.66199302673	-1
1.67024898529	1
1.75459814072	-1
1.75463914871	1
1.82449102402	-1
1.82449102402	-1
1.82449102402	-1
1.82467508316	-1
1.82467508316	-1
1.85375404358	-1
1.85375404358	-1
1.85375404358	-1
1.85375404358	-1
1.92515301704	1
1.97207713127	-1
1.97207713127	-1
1.97207713127	-1
1.9721300602	-1
1.9721300602	-1
1.9721300602	-1
1.9721300602	-1
1.9721300602	-1
1.9721300602	-1
2.01153898239	-1
2.01153898239	-1
2.0115711689	1
2.0804901123	-1
2.0804901123	-1
2.0804901123	-1
2.0804901123	-1
2.0804901123	-1
2.0804901123	-1
2.0804901123	-1
2.19093203545	1
2.22750806808	-1
2.22750806808	-1
2.23078298569	-1
2.23078298569	-1
2.23078298569	-1
2.23078298569	-1
2.23078298569	-1
2.27618503571	-1
2.30141496658	-1
2.37505602837	-1
2.37620711327	1
2.44884109497	-1
2.44884109497	-1
2.49009203911	1
2.64375710487	-1
3.00401711464	-1
3.07950115204	-1
3.08010411263	1
3.12805604935	-1
3.12805604935	-1
3.12805604935	-1
3.12822294235	-1
3.12822294235	-1
3.12822294235	-1
3.12822294235	-1
3.12822294235	-1
3.15481805801	1
3.18778395653	-1
3.18778395653	-1
3.18778395653	-1
3.18778395653	-1
3.18778395653	-1
3.18778395653	-1
3.18778395653	-1
3.18778395653	-1
3.20261597633	1
3.20261597633	1
3.20261597633	1
3.22857809067	1
3.22857809067	1
3.30292797089	-1
3.30292797089	-1
3.3052880764	1
3.30548501015	1
3.30548501015	1
3.30548501015	1
3.30548501015	1
3.30548501015	1
3.30548501015	1
3.6183359623	-1
3.6620221138	-1
3.6620221138	-1
3.6620221138	-1
3.6620221138	-1
3.6620221138	-1
3.6620221138	-1
3.6620221138	-1
3.6620221138	-1
3.6620221138	-1
3.68735003471	1
3.68953204155	1
3.68953204155	1
3.68953204155	1
3.6980381012	-1
3.6980381012	-1
3.76039505005	-1
3.76039505005	-1
3.76039505005	-1
3.76072907448	-1
3.76072907448	-1
3.76072907448	-1
3.76072907448	-1
3.76072907448	-1
3.76072907448	-1
3.76072907448	-1
3.76072907448	-1
3.76101613045	-1
3.76101613045	-1
3.76101613045	-1
3.76101613045	-1
3.76101613045	-1
3.76103711128	1
3.78048396111	-1
3.80941915512	-1
3.82402300835	-1
3.82402300835	-1
3.82402300835	-1
3.82570099831	1
3.82570099831	1
3.82570099831	1
3.83977103233	-1
3.83977103233	-1
3.83977103233	-1
3.83977103233	-1
3.83977103233	-1
3.83977103233	-1
3.83977103233	-1
3.85324501991	-1
3.85329294205	-1
3.85329294205	-1
3.85329294205	-1
3.85329294205	-1
3.85329294205	-1
3.85329294205	-1
3.85329294205	-1
3.90683913231	-1
3.90683913231	-1
3.90683913231	-1
3.90683913231	-1
3.90683913231	-1
3.90683913231	-1
3.90683913231	-1
3.90683913231	-1
3.94046711922	-1
3.94052195549	-1
3.94052195549	-1
3.94052195549	-1
3.94175004959	1
3.95043611526	-1
3.95043611526	-1
3.95043611526	-1
3.95043611526	-1
3.95043611526	-1
3.95347714424	1
3.95347714424	1
3.95347714424	1
3.95347714424	1
3.95347714424	1
3.95347714424	1
3.95347714424	1
3.95347714424	1
3.95347714424	1
3.97323107719	-1
3.97323107719	-1
3.97335505486	-1
3.97335505486	-1
3.97335505486	-1
3.97335505486	-1
3.97335505486	-1
3.99087500572	1
3.99087500572	1
3.99663615227	-1
3.99663615227	-1
3.99663615227	-1
3.99663615227	-1
3.99663615227	-1
3.99663615227	-1
3.99663615227	-1
3.99663615227	-1
4.01343297958	-1
4.01343297958	-1
4.01343297958	-1
4.01343297958	-1
4.01343297958	-1
4.01343297958	-1
4.01343297958	-1
4.01343297958	-1
4.03634405136	-1
4.03964114189	-1
4.03964114189	-1
4.03964114189	-1
4.03964114189	-1
4.03964114189	-1
4.03964114189	-1
4.03964114189	-1
4.03964114189	-1
4.03994703293	-1
4.03994703293	-1
4.03994703293	-1
4.03994703293	-1
4.03994703293	-1
4.06460309029	-1
4.07574510574	-1
4.07574510574	-1
4.07574510574	-1
4.07574510574	-1
4.07574510574	-1
4.07574510574	-1
4.07574510574	-1
4.07574510574	-1
4.07597494125	-1
4.10430407524	-1
4.10430407524	-1
4.10430407524	-1
4.10430407524	-1
4.10430407524	-1
4.10430407524	-1
4.10430407524	-1
4.12310504913	-1
4.12313199043	1
4.12313199043	1
4.1235461235	-1
4.1235461235	-1
4.1235461235	-1
4.1235461235	-1
4.1235461235	-1
4.1235461235	-1
4.1235461235	-1
4.12379002571	-1
4.12379002571	-1
4.12379002571	-1
4.12379002571	-1
4.12379002571	-1
4.12379002571	-1
4.12379002571	-1
4.14940595627	-1
4.15737199783	-1
4.15737199783	-1
4.15737199783	-1
4.15737199783	-1
4.15737199783	-1
4.15737199783	-1
4.15737199783	-1
4.15737199783	-1
4.15760016441	-1
4.15770602226	-1
4.15770602226	-1
4.15770602226	-1
4.15770602226	-1
4.15770602226	-1
4.17380309105	-1
4.17380309105	-1
4.17380309105	-1
4.17380309105	-1
4.17380309105	-1
4.17380309105	-1
4.17380309105	-1
4.17380309105	-1
4.17380309105	-1
4.17380309105	-1
4.17783117294	-1
4.18211007118	-1
4.18211007118	-1
4.18211007118	-1
4.18211007118	-1
4.18211007118	-1
4.18211007118	-1
4.18211007118	-1
4.18211007118	-1
4.19734406471	1
4.19736814499	-1
4.19736814499	-1
4.19736814499	-1
4.19736814499	-1
4.19736814499	-1
4.19736814499	-1
4.19736814499	-1
4.19736814499	-1
4.22908711433	-1
4.22908711433	-1
4.22908711433	-1
4.22908711433	-1
4.22908711433	-1
4.22908711433	-1
4.26258301735	-1
4.26258301735	-1
4.26258301735	-1
4.26327610016	-1
4.26327610016	-1
4.26327610016	-1
4.26327610016	-1
4.26327610016	-1
4.26327610016	-1
4.26327610016	-1
4.26425099373	-1
4.27125501633	-1
4.27125501633	-1
4.27125501633	-1
4.27125501633	-1
4.27125501633	-1
4.27125501633	-1
4.27125501633	-1
4.28190517426	-1
4.28193902969	1
4.28193902969	1
4.28196406364	-1
4.28196406364	-1
4.28196406364	-1
4.28196406364	-1
4.28196406364	-1
4.28196406364	-1
4.30787014961	-1
4.30787014961	-1
4.30787014961	-1
4.30787014961	-1
4.30787014961	-1
4.30787014961	-1
4.30787014961	-1
4.30787014961	-1
4.30787014961	-1
4.30822014809	-1
4.30822014809	-1
4.30822014809	-1
4.30822014809	-1
4.30822014809	-1
4.3176381588	-1
4.3176381588	-1
4.31774902344	-1
4.31774902344	-1
4.31774902344	-1
4.31774902344	-1
4.31774902344	-1
4.31774902344	-1
4.31774902344	-1
4.33500814438	-1
4.33707213402	-1
4.33707213402	-1
4.33707213402	-1
4.33707213402	-1
4.33707213402	-1
4.33707213402	-1
4.33707213402	-1
4.33776903152	-1
4.33776903152	-1
4.33776903152	-1
4.33776903152	-1
4.33776903152	-1
4.33776903152	-1
4.33776903152	-1
4.33776903152	-1
4.35622215271	-1
4.35622215271	-1
4.35622215271	-1
4.35622215271	-1
4.35622215271	-1
4.35622215271	-1
4.35622215271	-1
4.35622215271	-1
4.35622215271	-1
4.35657310486	-1
4.35657310486	-1
4.35657310486	-1
4.35657310486	-1
4.35657310486	-1
4.35657310486	-1
4.35750007629	1
4.3818590641	-1
4.38219094276	-1
4.38219094276	-1
4.38219094276	-1
4.38219094276	-1
4.38219094276	-1
4.38219094276	-1
4.38219094276	-1
4.38988900185	-1
4.39140200615	-1
4.39140200615	-1
4.39140200615	-1
4.39140200615	-1
4.39140200615	-1
4.39140200615	-1
4.39140200615	-1
4.39140200615	-1
4.40898394585	-1
4.40898394585	-1
4.40898394585	-1
4.40898394585	-1
4.40898394585	-1
4.40898394585	-1
4.40898394585	-1
4.43180704117	-1
4.43180704117	-1
4.43180704117	-1
4.43180704117	-1
4.43180704117	-1
4.43180704117	-1
4.43180704117	-1
4.43180704117	-1
4.43183994293	1
4.44258117676	-1
4.44262909889	-1
4.44262909889	-1
4.44262909889	-1
4.44262909889	-1
4.44262909889	-1
4.44262909889	-1
4.44262909889	-1
4.44262909889	-1
4.44307303429	-1
4.44307303429	-1
4.44307303429	-1
4.44307303429	-1
4.44307303429	-1
4.44307303429	-1
4.44307303429	-1
4.44332003593	-1
4.4463570118	1
4.4463570118	1
4.4463570118	1
4.45570516586	-1
4.45570516586	-1
4.45570516586	-1
4.45570516586	-1
4.45570516586	-1
4.45570516586	-1
4.45570516586	-1
4.468708992	-1
4.46882510185	-1
4.46882510185	-1
4.46882510185	-1
4.46882510185	-1
4.46882510185	-1
4.46882510185	-1
4.46882510185	-1
4.47855901718	-1
4.47860598564	-1
4.47860598564	-1
4.47860598564	-1
4.47860598564	-1
4.47860598564	-1
4.47860598564	-1
4.47860598564	-1
4.47860598564	-1
4.47891306877	-1
4.47891306877	-1
4.47891306877	-1
4.47891306877	-1
4.49523711205	1
4.49523711205	1
4.50540494919	1
4.51620101929	-1
4.51620101929	-1
4.51620101929	-1
4.51620101929	-1
4.51620101929	-1
4.51620101929	-1
4.51620101929	-1
4.51620101929	-1
4.51620101929	-1
4.51655101776	-1
4.51655101776	-1
4.51655101776	-1
4.51655101776	-1
4.51655101776	-1
4.51655101776	-1
4.51655101776	-1
4.51655101776	-1
4.51691913605	-1
4.51691913605	-1
4.51691913605	-1
4.51691913605	-1
4.51691913605	-1
4.51691913605	-1
4.51691913605	-1
4.51691913605	-1
4.51728796959	-1
4.51728796959	-1
4.51728796959	-1
4.51728796959	-1
4.51728796959	-1
4.51728796959	-1
4.51728796959	-1
4.51728796959	-1
4.54374694824	-1
4.54374694824	-1
4.54374694824	-1
4.54374694824	-1
4.54374694824	-1
4.54374694824	-1
4.54374694824	-1
4.54399108887	-1
4.54399108887	-1
4.55290603638	-1
4.55290603638	-1
4.55290603638	-1
4.55290603638	-1
4.55290603638	-1
4.55290603638	-1
4.55290603638	-1
4.57898616791	1
4.57929801941	-1
4.57929801941	-1
4.57929801941	-1
4.57929801941	-1
4.57929801941	-1
4.57929801941	-1
4.57929801941	-1
4.59240102768	-1
4.59240102768	-1
4.59240102768	-1
4.59240102768	-1
4.59240102768	-1
4.59240102768	-1
4.59240102768	-1
4.59240102768	-1
4.59275102615	-1
4.59275102615	-1
4.59275102615	-1
4.59275102615	-1
4.59297704697	-1
4.59379816055	-1
4.59379816055	-1
4.59379816055	-1
4.59379816055	-1
4.59379816055	-1
4.59379816055	-1
4.59425401688	1
4.59425401688	1
4.59425401688	1
4.60343694687	-1
4.60343694687	-1
4.60343694687	-1
4.60343694687	-1
4.60343694687	-1
4.60343694687	-1
4.60343694687	-1
4.60343694687	-1
4.61823606491	-1
4.61823606491	-1
4.61823606491	-1
4.61823606491	-1
4.61823606491	-1
4.61823606491	-1
4.61823606491	-1
4.61910414696	-1
4.61910414696	-1
4.61910414696	-1
4.61910414696	-1
4.61910414696	-1
4.61910414696	-1
4.61910414696	-1
4.61910414696	-1
4.61945605278	-1
4.61945605278	-1
4.61945605278	-1
4.61945605278	-1
4.61945605278	-1
4.61945605278	-1
4.61945605278	-1
4.61945605278	-1
4.61982417107	-1
4.65228009224	1
4.66758608818	-1
4.66758608818	-1
4.66758608818	-1
4.66758608818	-1
4.66758608818	-1
4.66758608818	-1
4.66758608818	-1
4.66758608818	-1
4.66758608818	-1
4.66792798042	-1
4.66792798042	-1
4.66792798042	-1
4.66792798042	-1
4.66792798042	-1
4.66792798042	-1
4.66792798042	-1
4.66792798042	-1
4.66829800606	-1
4.66829800606	-1
4.66829800606	-1
4.66829800606	-1
4.66829800606	-1
4.66829800606	-1
4.66829800606	-1
4.66829800606	-1
4.66866612434	-1
4.66866612434	-1
4.66866612434	-1
4.66866612434	-1
4.66866612434	-1
4.66866612434	-1
4.66866612434	-1
4.66866612434	-1
4.69364500046	-1
4.69364500046	-1
4.69364500046	-1
4.69364500046	-1
4.69364500046	-1
4.69364500046	-1
4.69364500046	-1
4.69393706322	-1
4.69393706322	-1
4.69393706322	-1
4.69393706322	-1
4.69393706322	-1
4.69393706322	-1
4.69393706322	-1
4.69393706322	-1
4.69430613518	-1
4.69430613518	-1
4.69430613518	-1
4.69430613518	-1
4.69430613518	-1
4.69430613518	-1
4.69430613518	-1
4.72590208054	1
4.72590208054	1
4.74131011963	-1
4.74131011963	-1
4.74131011963	-1
4.74131011963	-1
4.74131011963	-1
4.74131011963	-1
4.74131011963	-1
4.74131011963	-1
4.74144411087	-1
4.74144411087	-1
4.74144411087	-1
4.74144411087	-1
4.74144411087	-1
4.74144411087	-1
4.74144411087	-1
4.74144411087	-1
4.74189710617	-1
4.74189710617	-1
4.74189710617	-1
4.74189710617	-1
4.74189710617	-1
4.74189710617	-1
4.74189710617	-1
4.74189710617	-1
4.74255394936	-1
4.74255394936	-1
4.74255394936	-1
4.74255394936	-1
4.74255394936	-1
4.74255394936	-1
4.74255394936	-1
4.74255394936	-1
4.74292016029	-1
4.74292016029	-1
4.74292016029	-1
4.74292016029	-1
4.74292016029	-1
4.74292016029	-1
4.74292016029	-1
4.74292016029	-1
4.7432911396	-1
4.7432911396	-1
4.7432911396	-1
4.7432911396	-1
4.7432911396	-1
4.7432911396	-1
4.7432911396	-1
4.7432911396	-1
4.76706504822	-1
4.76706504822	-1
4.76706504822	-1
4.76847696304	1
4.76847696304	1
4.76847696304	1
4.76847696304	1
4.76847696304	1
4.7691090107	-1
4.7691090107	-1
4.7691090107	-1
4.7691090107	-1
4.7691090107	-1
4.7691090107	-1
4.7691090107	-1
4.7691090107	-1
4.7691090107	-1
4.76947712898	-1
4.76947712898	-1
4.76947712898	-1
4.76947712898	-1
4.76947712898	-1
4.76947712898	-1
4.76947712898	-1
4.76947712898	-1
4.76978707314	-1
4.76978707314	-1
4.76978707314	-1
4.76978707314	-1
4.76978707314	-1
4.76978707314	-1
4.76978707314	-1
4.76978707314	-1
4.77021408081	-1
4.77021408081	-1
4.77021408081	-1
4.77021408081	-1
4.77021408081	-1
4.77021408081	-1
4.77021408081	-1
4.78427910805	1
4.78450298309	1
4.78450298309	1
4.78450298309	1
4.78450298309	1
4.78450298309	1
4.78450298309	1
4.78450298309	1
4.78450298309	1
4.8163151741	-1
4.8163151741	-1
4.8163151741	-1
4.8163151741	-1
4.8163151741	-1
4.8163151741	-1
4.8163151741	-1
4.8163151741	-1
4.8163151741	-1
4.81667995453	-1
4.81667995453	-1
4.81667995453	-1
4.81667995453	-1
4.81667995453	-1
4.81667995453	-1
4.81667995453	-1
4.81667995453	-1
4.81704902649	-1
4.81704902649	-1
4.81704902649	-1
4.81704902649	-1
4.81704902649	-1
4.81704902649	-1
4.81704902649	-1
4.81704902649	-1
4.81741809845	-1
4.81741809845	-1
4.81741809845	-1
4.81741809845	-1
4.84272003174	-1
4.84272003174	-1
4.84272003174	-1
4.84272003174	-1
4.84272003174	-1
4.84272003174	-1
4.84272003174	-1
4.84272003174	-1
4.84272003174	-1
4.84307694435	-1
4.84307694435	-1
4.84307694435	-1
4.84307694435	-1
4.84307694435	-1
4.84307694435	-1
4.84307694435	-1
4.84307694435	-1
4.84344696999	-1
4.84344696999	-1
4.84344696999	-1
4.84344696999	-1
4.84344696999	-1
4.84344696999	-1
4.84344696999	-1
4.84344696999	-1
4.84381508827	-1
4.84381508827	-1
4.84381508827	-1
4.84381508827	-1
4.84381508827	-1
4.84381508827	-1
4.84381508827	-1
4.84381508827	-1
4.87293601036	1
4.87293601036	1
4.88905715942	-1
4.88905715942	-1
4.88905715942	-1
4.88905715942	-1
4.88905715942	-1
4.88905715942	-1
4.88905715942	-1
4.88928294182	-1
4.88928294182	-1
4.88928294182	-1
4.88928294182	-1
4.88928294182	-1
4.88928294182	-1
4.88928294182	-1
4.88928294182	-1
4.88965201378	-1
4.88965201378	-1
4.88965201378	-1
4.88965201378	-1
4.88965201378	-1
4.88965201378	-1
4.88965201378	-1
4.88965201378	-1
4.89002108574	-1
4.89002108574	-1
4.89002108574	-1
4.89002108574	-1
4.89002108574	-1
4.89002108574	-1
4.89002108574	-1
4.91662716866	-1
4.91662716866	-1
4.91662716866	-1
4.91662716866	-1
4.91662716866	-1
4.91662716866	-1
4.91662716866	-1
4.91662716866	-1
4.91662716866	-1
4.9169690609	-1
4.9169690609	-1
4.9169690609	-1
4.9169690609	-1
4.9169690609	-1
4.9169690609	-1
4.9169690609	-1
4.9169690609	-1
4.91733908653	-1
4.91733908653	-1
4.91733908653	-1
4.91733908653	-1
4.91733908653	-1
4.91733908653	-1
4.91733908653	-1
4.91733908653	-1
4.9177069664	-1
4.9177069664	-1
4.9177069664	-1
4.9177069664	-1
4.9177069664	-1
4.9177069664	-1
4.9177069664	-1
4.92214012146	1
4.92214012146	1
4.92214012146	1
4.92239999771	1
4.92239999771	1
4.92239999771	1
4.92239999771	1
4.92239999771	1
4.92239999771	1
4.92239999771	1
4.93202114105	-1
4.96303105354	-1
4.96303105354	-1
4.96303105354	-1
4.96303105354	-1
4.96303105354	-1
4.96303105354	-1
4.96303105354	-1
4.96303105354	-1
4.9632101059	-1
4.9632101059	-1
4.9632101059	-1
4.9632101059	-1
4.9632101059	-1
4.9632101059	-1
4.9632101059	-1
4.9632101059	-1
4.96363902092	-1
4.96363902092	-1
4.96363902092	-1
4.96363902092	-1
4.96363902092	-1
4.96363902092	-1
4.96363902092	-1
4.96363902092	-1
4.96395301819	-1
4.96395301819	-1
4.96395301819	-1
4.96395301819	-1
4.96395301819	-1
4.96395301819	-1
4.96395301819	-1
4.96395301819	-1
4.96439814568	-1
4.96439814568	-1
4.96439814568	-1
4.96439814568	-1
4.96439814568	-1
4.99384999275	-1
4.99384999275	-1
4.99384999275	-1
4.99384999275	-1
4.99384999275	-1
4.99384999275	-1
4.99384999275	-1
4.99384999275	-1
4.99384999275	-1
4.99419808388	-1
4.99419808388	-1
4.99419808388	-1
4.99419808388	-1
4.99419808388	-1
4.99419808388	-1
4.99419808388	-1
4.99419808388	-1
4.9945640564	-1
4.9945640564	-1
4.9945640564	-1
4.9945640564	-1
4.9945640564	-1
4.9945640564	-1
4.9945640564	-1
4.9945640564	-1
4.99493098259	-1
4.99493098259	-1
4.99493098259	-1
4.99493098259	-1
4.99493098259	-1
4.99493098259	-1
4.99493098259	-1
5.03607416153	1
5.03609514236	-1
5.03609514236	-1
5.03609514236	-1
5.03609514236	-1
5.03609514236	-1
5.03609514236	-1
5.03609514236	-1
5.0374109745	-1
5.0374109745	-1
5.0374109745	-1
5.0374109745	-1
5.0374109745	-1
5.0374109745	-1
5.0374109745	-1
5.0374109745	-1
5.03779315948	-1
5.03779315948	-1
5.03779315948	-1
5.03779315948	-1
5.03779315948	-1
5.03779315948	-1
5.03779315948	-1
5.03779315948	-1
5.0381629467	-1
5.0381629467	-1
5.0381629467	-1
5.0381629467	-1
5.0381629467	-1
5.0381629467	-1
5.0381629467	-1
5.0381629467	-1
5.0384349823	-1
5.0384349823	-1
5.0384349823	-1
5.0384349823	-1
5.0384349823	-1
5.0384349823	-1
5.0384349823	-1
5.0384349823	-1
5.06877803802	-1
5.06877803802	-1
5.06877803802	-1
5.06877803802	-1
5.06877803802	-1
5.06877803802	-1
5.06877803802	-1
5.06900310516	-1
5.06900310516	-1
5.06900310516	-1
5.06900310516	-1
5.06900310516	-1
5.06900310516	-1
5.06900310516	-1
5.06900310516	-1
5.06937217712	-1
5.06937217712	-1
5.06937217712	-1
5.06937217712	-1
5.06937217712	-1
5.06937217712	-1
5.06937217712	-1
5.06937217712	-1
5.06973910332	-1
5.06973910332	-1
5.06973910332	-1
5.06973910332	-1
5.06973910332	-1
5.06973910332	-1
5.06973910332	-1
5.06973910332	-1
5.07010817528	-1
5.07010817528	-1
5.07010817528	-1
5.07010817528	-1
5.07010817528	-1
5.07010817528	-1
5.07010817528	-1
5.07010817528	-1
5.07047700882	-1
5.07047700882	-1
5.07047700882	-1
5.07047700882	-1
5.07047700882	-1
5.07047700882	-1
5.07047700882	-1
5.10944604874	1
5.10944604874	1
5.11202597618	-1
5.11202597618	-1
5.11202597618	-1
5.11202597618	-1
5.11202597618	-1
5.11202597618	-1
5.11202597618	-1
5.11202597618	-1
5.11202597618	-1
5.11237597466	-1
5.11237597466	-1
5.11237597466	-1
5.11237597466	-1
5.11237597466	-1
5.11237597466	-1
5.11237597466	-1
5.11237597466	-1
5.11274600029	-1
5.11274600029	-1
5.11274600029	-1
5.11274600029	-1
5.11274600029	-1
5.11274600029	-1
5.11274600029	-1
5.11274600029	-1
5.11311411858	-1
5.11311411858	-1
5.11311411858	-1
5.11311411858	-1
5.11311411858	-1
5.11311411858	-1
5.11311411858	-1
5.1426820755	-1
5.14279913902	-1
5.14279913902	-1
5.14279913902	-1
5.14279913902	-1
5.14279913902	-1
5.14279913902	-1
5.14279913902	-1
5.14279913902	-1
5.14303207397	-1
5.14303207397	-1
5.14303207397	-1
5.14303207397	-1
5.14303207397	-1
5.14303207397	-1
5.14303207397	-1
5.14303207397	-1
5.14342308044	-1
5.14342308044	-1
5.14342308044	-1
5.14342308044	-1
5.14342308044	-1
5.14342308044	-1
5.14342308044	-1
5.14342308044	-1
5.14379405975	-1
5.14379405975	-1
5.14379405975	-1
5.14379405975	-1
5.14379405975	-1
5.14379405975	-1
5.14560294151	1
5.14560294151	1
5.14560294151	1
5.15314698219	-1
5.15325212479	-1
5.15325212479	-1
5.15325212479	-1
5.15325212479	-1
5.15325212479	-1
5.15325212479	-1
5.15325212479	-1
5.15325212479	-1
5.18595314026	-1
5.18595314026	-1
5.18595314026	-1
5.18595314026	-1
5.18595314026	-1
5.18595314026	-1
5.18595314026	-1
5.18611502647	-1
5.18611502647	-1
5.18611502647	-1
5.18611502647	-1
5.18611502647	-1
5.18611502647	-1
5.18611502647	-1
5.18611502647	-1
5.18654894829	-1
5.18654894829	-1
5.18654894829	-1
5.18654894829	-1
5.18654894829	-1
5.18654894829	-1
5.18654894829	-1
5.18654894829	-1
5.18691301346	-1
5.18691301346	-1
5.18691301346	-1
5.18691301346	-1
5.18691301346	-1
5.18691301346	-1
5.18691301346	-1
5.18691301346	-1
5.18728804588	-1
5.18728804588	-1
5.18728804588	-1
5.18728804588	-1
5.18728804588	-1
5.18728804588	-1
5.18728804588	-1
5.18728804588	-1
5.2171061039	-1
5.2171061039	-1
5.2171061039	-1
5.2171061039	-1
5.2171061039	-1
5.2171061039	-1
5.2171061039	-1
5.21724104881	-1
5.21724104881	-1
5.21724104881	-1
5.21724104881	-1
5.21724104881	-1
5.21724104881	-1
5.21724104881	-1
5.2176990509	-1
5.2176990509	-1
5.2176990509	-1
5.2176990509	-1
5.2176990509	-1
5.2176990509	-1
5.2176990509	-1
5.2176990509	-1
5.21806716919	-1
5.21806716919	-1
5.21806716919	-1
5.21806716919	-1
5.21806716919	-1
5.21806716919	-1
5.21806716919	-1
5.21806716919	-1
5.21843004227	-1
5.21843004227	-1
5.21843004227	-1
5.21843004227	-1
5.21843004227	-1
5.21843004227	-1
5.21843004227	-1
5.21843004227	-1
5.21880412102	-1
5.21880412102	-1
5.21880412102	-1
5.21880412102	-1
5.21880412102	-1
5.21880412102	-1
5.21880412102	-1
5.21880412102	-1
5.25657916069	1
5.25657916069	1
5.2604341507	-1
5.2604341507	-1
5.2604341507	-1
5.2604341507	-1
5.2604341507	-1
5.2604341507	-1
5.2604341507	-1
5.2604341507	-1
5.2604341507	-1
5.26078605652	-1
5.26078605652	-1
5.26078605652	-1
5.26078605652	-1
5.26078605652	-1
5.26078605652	-1
5.26078605652	-1
5.26078605652	-1
5.2611541748	-1
5.2611541748	-1
5.2611541748	-1
5.2611541748	-1
5.2611541748	-1
5.2611541748	-1
5.2611541748	-1
5.2611541748	-1
5.26152300835	-1
5.26152300835	-1
5.26152300835	-1
5.26152300835	-1
5.26152300835	-1
5.26152300835	-1
5.26152300835	-1
5.29520797729	-1
5.29531216621	-1
5.29531216621	-1
5.29531216621	-1
5.29531216621	-1
5.29531216621	-1
5.29531216621	-1
5.29531216621	-1
5.29531216621	-1
5.29584407806	-1
5.29584407806	-1
5.29584407806	-1
5.29584407806	-1
5.29584407806	-1
5.29584407806	-1
5.29584407806	-1
5.29627394676	-1
5.29627394676	-1
5.29627394676	-1
5.29627394676	-1
5.29627394676	-1
5.29627394676	-1
5.29627394676	-1
5.29627394676	-1
5.2968480587	-1
5.2968480587	-1
5.2968480587	-1
5.2968480587	-1
5.2968480587	-1
5.2968480587	-1
5.2968480587	-1
5.2968480587	-1
5.29742097855	-1
5.29742097855	-1
5.29742097855	-1
5.29742097855	-1
5.29742097855	-1
5.29742097855	-1
5.29742097855	-1
5.29742097855	-1
5.30031609535	1
5.30031609535	1
5.30031609535	1
5.33409500122	-1
5.33409500122	-1
5.33409500122	-1
5.33409500122	-1
5.33409500122	-1
5.33409500122	-1
5.33409500122	-1
5.33409500122	-1
5.33409500122	-1
5.33444595337	-1
5.33444595337	-1
5.33444595337	-1
5.33444595337	-1
5.33444595337	-1
5.33444595337	-1
5.33444595337	-1
5.33444595337	-1
5.33481502533	-1
5.33481502533	-1
5.33481502533	-1
5.33481502533	-1
5.33481502533	-1
5.33481502533	-1
5.33481502533	-1
5.3354511261	-1
5.3354511261	-1
5.3354511261	-1
5.3354511261	-1
5.3354511261	-1
5.3354511261	-1
5.3354511261	-1
5.3354511261	-1
5.33581995964	-1
5.33581995964	-1
5.33581995964	-1
5.33581995964	-1
5.33581995964	-1
5.33581995964	-1
5.33581995964	-1
5.33581995964	-1
5.33618807793	-1
5.33618807793	-1
5.33618807793	-1
5.33618807793	-1
5.33618807793	-1
5.33618807793	-1
5.33618807793	-1
5.33618807793	-1
5.33655714989	-1
5.33655714989	-1
5.33655714989	-1
5.33655714989	-1
5.33655714989	-1
5.33655714989	-1
5.33655714989	-1
5.33655714989	-1
5.37695813179	-1
5.37695813179	-1
5.37695813179	-1
5.37695813179	-1
5.37695813179	-1
5.37695813179	-1
5.37695813179	-1
5.37695813179	-1
5.37695813179	-1
5.37730813026	-1
5.37730813026	-1
5.37730813026	-1
5.37730813026	-1
5.37730813026	-1
5.37755393982	-1
5.37755393982	-1
5.37755393982	-1
5.37755393982	-1
5.37755393982	-1
5.37755393982	-1
5.37755393982	-1
5.37755393982	-1
5.40408301353	1
5.4082069397	-1
5.4082069397	-1
5.4082069397	-1
5.4082069397	-1
5.4082069397	-1
5.4082069397	-1
5.4082069397	-1
5.4082069397	-1
5.41275501251	-1
5.41285896301	-1
5.41285896301	-1
5.41285896301	-1
5.41285896301	-1
5.41285896301	-1
5.41285896301	-1
5.41285896301	-1
5.41285896301	-1
5.4211909771	-1
5.4211909771	-1
5.4211909771	-1
5.4211909771	-1
5.4211909771	-1
5.4211909771	-1
5.4211909771	-1
5.4211909771	-1
5.4211909771	-1
5.42154216766	-1
5.42154216766	-1
5.42154216766	-1
5.42154216766	-1
5.42154216766	-1
5.42154216766	-1
5.42178797722	-1
5.42178797722	-1
5.42178797722	-1
5.42178797722	-1
5.42178797722	-1
5.42178797722	-1
5.42178797722	-1
5.42178797722	-1
5.4659781456	-1
5.4661450386	-1
5.4661450386	-1
5.4661450386	-1
5.4661450386	-1
5.4661450386	-1
5.4661450386	-1
5.4661450386	-1
5.4661450386	-1
5.46651315689	-1
5.46651315689	-1
5.46651315689	-1
5.46651315689	-1
5.46651315689	-1
5.46651315689	-1
5.46651315689	-1
5.46676015854	-1
5.46676015854	-1
5.46676015854	-1
5.46676015854	-1
5.46676015854	-1
5.46676015854	-1
5.46676015854	-1
5.46676015854	-1
5.46705412865	-1
5.46705412865	-1
5.46705412865	-1
5.46705412865	-1
5.46705412865	-1
5.46705412865	-1
5.46705412865	-1
5.46705412865	-1
5.46977996826	1
5.46977996826	1
5.46977996826	1
5.48322105408	-1
5.48322105408	-1
5.48322105408	-1
5.48322105408	-1
5.48322105408	-1
5.48322105408	-1
5.48322105408	-1
5.48322105408	-1
5.48322105408	-1
5.48664116859	-1
5.48664116859	-1
5.48664116859	-1
5.48664116859	-1
5.48664116859	-1
5.48664116859	-1
5.48664116859	-1
5.48733615875	-1
5.48733615875	-1
5.48733615875	-1
5.48733615875	-1
5.48733615875	-1
5.48733615875	-1
5.48733615875	-1
5.48733615875	-1
5.48768901825	-1
5.48768901825	-1
5.48768901825	-1
5.48768901825	-1
5.48768901825	-1
5.48768901825	-1
5.48768901825	-1
5.48768901825	-1
5.50298500061	-1
5.50333499908	-1
5.50333499908	-1
5.50333499908	-1
5.50333499908	-1
5.50333499908	-1
5.50333499908	-1
5.50333499908	-1
5.50333499908	-1
5.53970217705	-1
5.53970217705	-1
5.53970217705	-1
5.53970217705	-1
5.53970217705	-1
5.53970217705	-1
5.53970217705	-1
5.54072999954	-1
5.54072999954	-1
5.54072999954	-1
5.54072999954	-1
5.54072999954	-1
5.54072999954	-1
5.54072999954	-1
5.54072999954	-1
5.54109716415	-1
5.54109716415	-1
5.54109716415	-1
5.54109716415	-1
5.54109716415	-1
5.54109716415	-1
5.54109716415	-1
5.54109716415	-1
5.54146504402	-1
5.54146504402	-1
5.54146504402	-1
5.54146504402	-1
5.54146504402	-1
5.54146504402	-1
5.54146504402	-1
5.54146504402	-1
5.54180216789	-1
5.54180216789	-1
5.54180216789	-1
5.54180216789	-1
5.54180216789	-1
5.54180216789	-1
5.54180216789	-1
5.54180216789	-1
5.54220294952	-1
5.54220294952	-1
5.54220294952	-1
5.54220294952	-1
5.54220294952	-1
5.54220294952	-1
5.54220294952	-1
5.54220294952	-1
5.54244804382	-1
5.54244804382	-1
5.54244804382	-1
5.54244804382	-1
5.54244804382	-1
5.54244804382	-1
5.54244804382	-1
5.54244804382	-1
5.54261207581	1
5.54261207581	1
5.54261207581	1
5.57357406616	-1
5.57357406616	-1
5.57357406616	-1
5.57357406616	-1
5.57357406616	-1
5.57357406616	-1
5.57357406616	-1
5.57357406616	-1
5.57357406616	-1
5.58455014229	-1
5.58455014229	-1
5.58455014229	-1
5.58455014229	-1
5.58455014229	-1
5.58455014229	-1
5.58455014229	-1
5.58455014229	-1
5.58455014229	-1
5.58490204811	-1
5.58490204811	-1
5.58490204811	-1
5.58490204811	-1
5.58490204811	-1
5.58490204811	-1
5.61346817017	-1
5.61346817017	-1
5.61346817017	-1
5.61346817017	-1
5.61346817017	-1
5.61346817017	-1
5.61346817017	-1
5.61346817017	-1
5.62513709068	1
5.63633608818	-1
5.63633608818	-1
5.63633608818	-1
5.63633608818	-1
5.63633608818	-1
5.63633608818	-1
5.63633608818	-1
5.63633608818	-1
5.63633608818	-1
5.63669300079	-1
5.63669300079	-1
5.63669300079	-1
5.63669300079	-1
5.63669300079	-1
5.63669300079	-1
5.63669300079	-1
5.63693809509	-1
5.63693809509	-1
5.63693809509	-1
5.63693809509	-1
5.63693809509	-1
5.63693809509	-1
5.63693809509	-1
5.63693809509	-1
5.63730597496	-1
5.63730597496	-1
5.63730597496	-1
5.63730597496	-1
5.63730597496	-1
5.63730597496	-1
5.63730597496	-1
5.63730597496	-1
5.63762712479	-1
5.63762712479	-1
5.63762712479	-1
5.63762712479	-1
5.63762712479	-1
5.63762712479	-1
5.63762712479	-1
5.63762712479	-1
5.65317797661	-1
5.65320897102	-1
5.65320897102	-1
5.65320897102	-1
5.65320897102	-1
5.65320897102	-1
5.65389800072	-1
5.65389800072	-1
5.65389800072	-1
5.65389800072	-1
5.65389800072	-1
5.65389800072	-1
5.65389800072	-1
5.65389800072	-1
5.65818715096	-1
5.65818715096	-1
5.65818715096	-1
5.65818715096	-1
5.65818715096	-1
5.65818715096	-1
5.65818715096	-1
5.65818715096	-1
5.669257164	-1
5.66928100586	-1
5.66928100586	-1
5.66928100586	-1
5.66928100586	-1
5.66928100586	-1
5.66928100586	-1
5.66928100586	-1
5.66928100586	-1
5.69846796989	1
5.69846796989	1
5.6988799572	-1
5.6988799572	-1
5.6988799572	-1
5.6988799572	-1
5.6988799572	-1
5.6988799572	-1
5.6988799572	-1
5.70999908447	-1
5.70999908447	-1
5.70999908447	-1
5.70999908447	-1
5.70999908447	-1
5.70999908447	-1
5.70999908447	-1
5.70999908447	-1
5.71034812927	-1
5.71034812927	-1
5.71034812927	-1
5.71034812927	-1
5.71034812927	-1
5.71034812927	-1
5.71034812927	-1
5.71034812927	-1
5.71124911308	-1
5.71124911308	-1
5.71124911308	-1
5.71124911308	-1
5.71124911308	-1
5.71124911308	-1
5.71124911308	-1
5.71124911308	-1
5.71161794662	-1
5.71161794662	-1
5.71161794662	-1
5.71161794662	-1
5.71161794662	-1
5.71161794662	-1
5.71161794662	-1
5.71161794662	-1
5.71200704575	-1
5.71200704575	-1
5.71200704575	-1
5.71200704575	-1
5.71200704575	-1
5.71200704575	-1
5.71200704575	-1
5.71200704575	-1
5.71225214005	-1
5.71225214005	-1
5.71225214005	-1
5.71225214005	-1
5.71225214005	-1
5.71225214005	-1
5.71225214005	-1
5.71225214005	-1
5.7357211113	-1
5.7357211113	-1
5.7357211113	-1
5.7357211113	-1
5.7357211113	-1
5.7357211113	-1
5.7357211113	-1
5.7357211113	-1
5.74171209335	1
5.74171209335	1
5.74171209335	1
5.75104498863	-1
5.75104498863	-1
5.75104498863	-1
5.75104498863	-1
5.75104498863	-1
5.75104498863	-1
5.75104498863	-1
5.75104498863	-1
5.75104498863	-1
5.75140810013	-1
5.75140810013	-1
5.75140810013	-1
5.75140810013	-1
5.75140810013	-1
5.75140810013	-1
5.77264595032	-1
5.77264595032	-1
5.77264595032	-1
5.77264595032	-1
5.77264595032	-1
5.77264595032	-1
5.77264595032	-1
5.77264595032	-1
5.80206298828	-1
5.80238294601	-1
5.80238294601	-1
5.80238294601	-1
5.80238294601	-1
5.80238294601	-1
5.80238294601	-1
5.80238294601	-1
5.80238294601	-1
5.80275011063	-1
5.80275011063	-1
5.80275011063	-1
5.80275011063	-1
5.80275011063	-1
5.80275011063	-1
5.80275011063	-1
5.80311799049	-1
5.80311799049	-1
5.80311799049	-1
5.80311799049	-1
5.80311799049	-1
5.80311799049	-1
5.80311799049	-1
5.80311799049	-1
5.80348515511	-1
5.80348515511	-1
5.80348515511	-1
5.80348515511	-1
5.80348515511	-1
5.80348515511	-1
5.80348515511	-1
5.80348515511	-1
5.80957102776	-1
5.82460403442	-1
5.82462716103	-1
5.82462716103	-1
5.82462716103	-1
5.82462716103	-1
5.82462716103	-1
5.82462716103	-1
5.82462716103	-1
5.82462716103	-1
5.82720708847	1
5.82720708847	1
5.82720708847	1
5.84626197815	-1
5.84626197815	-1
5.84626197815	-1
5.84626197815	-1
5.84626197815	-1
5.84626197815	-1
5.84626197815	-1
5.88435101509	-1
5.88435101509	-1
5.88435101509	-1
5.88435101509	-1
5.88435101509	-1
5.88435101509	-1
5.88435101509	-1
5.88435101509	-1
5.88451504707	-1
5.88451504707	-1
5.88451504707	-1
5.88451504707	-1
5.88451504707	-1
5.88451504707	-1
5.88451504707	-1
5.88451504707	-1
5.88495206833	-1
5.88495206833	-1
5.88495206833	-1
5.88495206833	-1
5.88495206833	-1
5.88495206833	-1
5.88495206833	-1
5.88495206833	-1
5.8853199482	-1
5.8853199482	-1
5.8853199482	-1
5.8853199482	-1
5.8853199482	-1
5.8853199482	-1
5.8853199482	-1
5.8853199482	-1
5.8883459568	1
5.8883459568	1
5.8883459568	1
5.89840912819	-1
5.89840912819	-1
5.89840912819	-1
5.89840912819	-1
5.89840912819	-1
5.89840912819	-1
5.89840912819	-1
5.89840912819	-1
5.89877796173	-1
5.89877796173	-1
5.89877796173	-1
5.89877796173	-1
5.89877796173	-1
5.89877796173	-1
5.89877796173	-1
5.90054702759	1
5.90054702759	1
5.90054702759	1
5.95656704903	-1
5.95656704903	-1
5.95656704903	-1
5.95656704903	-1
5.95656704903	-1
5.95656704903	-1
5.95656704903	-1
5.95656704903	-1
5.95817112923	-1
5.95817112923	-1
5.95817112923	-1
5.95817112923	-1
5.95817112923	-1
5.95817112923	-1
5.95817112923	-1
5.95817112923	-1
5.95904898643	-1
5.95904898643	-1
5.95904898643	-1
5.95904898643	-1
5.95904898643	-1
5.95904898643	-1
5.95904898643	-1
5.95904898643	-1
5.95932412148	-1
5.95932412148	-1
5.95932412148	-1
5.95932412148	-1
5.95932412148	-1
5.95953798294	-1
5.95953798294	-1
5.95953798294	-1
5.95953798294	-1
5.95953798294	-1
5.95953798294	-1
5.95953798294	-1
5.95953798294	-1
5.97191405296	-1
5.97191405296	-1
5.97191405296	-1
5.97191405296	-1
5.97191405296	-1
5.97191405296	-1
5.97191405296	-1
5.97191405296	-1
5.9729449749	-1
5.9729449749	-1
5.9729449749	-1
5.9729449749	-1
5.9729449749	-1
5.9729449749	-1
5.9729449749	-1
5.9729449749	-1
5.97369098663	1
5.97369098663	1
5.97369098663	1
5.99455094337	1
6.0301630497	-1
6.0301630497	-1
6.0301630497	-1
6.0301630497	-1
6.0301630497	-1
6.0301630497	-1
6.0301630497	-1
6.0301630497	-1
6.03211307526	-1
6.03211307526	-1
6.03211307526	-1
6.03211307526	-1
6.03211307526	-1
6.03211307526	-1
6.03211307526	-1
6.03211307526	-1
6.03211307526	-1
6.0328669548	-1
6.0328669548	-1
6.0328669548	-1
6.0328669548	-1
6.0328669548	-1
6.0328669548	-1
6.0328669548	-1
6.0328669548	-1
6.03333806992	-1
6.03333806992	-1
6.03333806992	-1
6.03333806992	-1
6.03333806992	-1
6.03333806992	-1
6.03333806992	-1
6.03333806992	-1
6.04553294182	-1
6.04553294182	-1
6.04553294182	-1
6.04553294182	-1
6.04553294182	-1
6.04553294182	-1
6.04553294182	-1
6.04553294182	-1
6.04642295837	-1
6.04642295837	-1
6.04642295837	-1
6.04642295837	-1
6.04642295837	-1
6.04642295837	-1
6.04642295837	-1
6.0467710495	-1
6.0467710495	-1
6.0467710495	-1
6.0467710495	-1
6.0467710495	-1
6.0467710495	-1
6.0467710495	-1
6.0467710495	-1
6.06858706474	1
6.06858706474	1
6.10372710228	-1
6.10372710228	-1
6.10372710228	-1
6.10372710228	-1
6.10372710228	-1
6.10372710228	-1
6.10372710228	-1
6.10372710228	-1
6.10559415817	-1
6.10559415817	-1
6.10559415817	-1
6.10559415817	-1
6.10559415817	-1
6.10559415817	-1
6.10559415817	-1
6.10559415817	-1
6.10696315765	-1
6.10696315765	-1
6.10696315765	-1
6.10696315765	-1
6.10696315765	-1
6.10696315765	-1
6.10696315765	-1
6.10696315765	-1
6.1073319912	-1
6.1073319912	-1
6.1073319912	-1
6.1073319912	-1
6.1073319912	-1
6.1073319912	-1
6.1073319912	-1
6.10803294182	-1
6.10803294182	-1
6.10803294182	-1
6.10803294182	-1
6.10803294182	-1
6.10803294182	-1
6.10803294182	-1
6.10803294182	-1
6.1199221611	-1
6.1199221611	-1
6.1199221611	-1
6.1199221611	-1
6.1199221611	-1
6.1199221611	-1
6.1199221611	-1
6.1199221611	-1
6.12031602859	-1
6.12031602859	-1
6.12031602859	-1
6.12031602859	-1
6.12031602859	-1
6.12031602859	-1
6.12031602859	-1
6.12031602859	-1
6.14229512215	1
6.14229512215	1
6.17740917206	-1
6.17740917206	-1
6.17740917206	-1
6.17740917206	-1
6.17740917206	-1
6.17740917206	-1
6.17740917206	-1
6.17740917206	-1
6.17917203903	-1
6.17917203903	-1
6.17917203903	-1
6.17917203903	-1
6.17917203903	-1
6.17917203903	-1
6.17917203903	-1
6.17917203903	-1
6.18010997772	-1
6.18010997772	-1
6.18010997772	-1
6.18010997772	-1
6.18010997772	-1
6.18010997772	-1
6.18010997772	-1
6.18010997772	-1
6.18142199516	-1
6.18142199516	-1
6.18142199516	-1
6.18142199516	-1
6.18142199516	-1
6.18142199516	-1
6.18142199516	-1
6.1817920208	-1
6.1817920208	-1
6.1817920208	-1
6.1817920208	-1
6.1817920208	-1
6.1817920208	-1
6.1817920208	-1
6.1817920208	-1
6.19535899162	-1
6.19535899162	-1
6.19535899162	-1
6.19535899162	-1
6.19535899162	-1
6.19535899162	-1
6.19535899162	-1
6.19535899162	-1
6.19647717476	-1
6.19647717476	-1
6.19647717476	-1
6.19647717476	-1
6.19647717476	-1
6.19761610031	1
6.19761610031	1
6.19761610031	1
6.21609210968	-1
6.21609210968	-1
6.21609210968	-1
6.21609210968	-1
6.21609210968	-1
6.21609210968	-1
6.21609210968	-1
6.21609210968	-1
6.25262498856	-1
6.25262498856	-1
6.25262498856	-1
6.25262498856	-1
6.25262498856	-1
6.25262498856	-1
6.25262498856	-1
6.25262498856	-1
6.25348901749	-1
6.25348901749	-1
6.25348901749	-1
6.25348901749	-1
6.25348901749	-1
6.25348901749	-1
6.25348901749	-1
6.25348901749	-1
6.25461006165	-1
6.25461006165	-1
6.25461006165	-1
6.25461006165	-1
6.25461006165	-1
6.25461006165	-1
6.25461006165	-1
6.25461006165	-1
6.2551419735	-1
6.2551419735	-1
6.2551419735	-1
6.2551419735	-1
6.2551419735	-1
6.2551419735	-1
6.2551419735	-1
6.26771497726	-1
6.26771497726	-1
6.26771497726	-1
6.26771497726	-1
6.26771497726	-1
6.26771497726	-1
6.26771497726	-1
6.26771497726	-1
6.26986503601	-1
6.26986503601	-1
6.26986503601	-1
6.26986503601	-1
6.26986503601	-1
6.26986503601	-1
6.26986503601	-1
6.26986503601	-1
6.27146315575	-1
6.27146315575	-1
6.27146315575	-1
6.27146315575	-1
6.27146315575	-1
6.27146315575	-1
6.27146315575	-1
6.27146315575	-1
6.28966712952	1
6.28966712952	1
6.32471013069	-1
6.32471013069	-1
6.32471013069	-1
6.32471013069	-1
6.32471013069	-1
6.32471013069	-1
6.32471013069	-1
6.32471013069	-1
6.32786107063	-1
6.32786107063	-1
6.32786107063	-1
6.32786107063	-1
6.32786107063	-1
6.32786107063	-1
6.32786107063	-1
6.32786107063	-1
6.32843399048	-1
6.32843399048	-1
6.32843399048	-1
6.32843399048	-1
6.32843399048	-1
6.32843399048	-1
6.32843399048	-1
6.32843399048	-1
6.32958102226	-1
6.32958102226	-1
6.32958102226	-1
6.32958102226	-1
6.32958102226	-1
6.32958102226	-1
6.32958102226	-1
6.32958102226	-1
6.32995009422	-1
6.32995009422	-1
6.32995009422	-1
6.32995009422	-1
6.32995009422	-1
6.32995009422	-1
6.32995009422	-1
6.34140706062	-1
6.34140706062	-1
6.34140706062	-1
6.34140706062	-1
6.34140706062	-1
6.34140706062	-1
6.34140706062	-1
6.34140706062	-1
6.34504199028	-1
6.34504199028	-1
6.34504199028	-1
6.34504199028	-1
6.34504199028	-1
6.34504199028	-1
6.34504199028	-1
6.34504199028	-1
6.36154913902	1
6.36154913902	1
6.36154913902	1
6.36340808868	1
6.36340808868	1
6.36351394653	-1
6.36351394653	-1
6.36351394653	-1
6.36351394653	-1
6.36351394653	-1
6.36351394653	-1
6.36351394653	-1
6.36351394653	-1
6.40130615234	-1
6.40130615234	-1
6.40130615234	-1
6.40130615234	-1
6.40130615234	-1
6.40130615234	-1
6.40130615234	-1
6.40130615234	-1
6.40279316902	-1
6.40279316902	-1
6.40279316902	-1
6.40279316902	-1
6.40279316902	-1
6.40279316902	-1
6.40279316902	-1
6.40279316902	-1
6.40316104889	-1
6.40316104889	-1
6.40316104889	-1
6.40316104889	-1
6.40316104889	-1
6.40316104889	-1
6.40316104889	-1
6.40316104889	-1
6.4035320282	-1
6.4035320282	-1
6.4035320282	-1
6.4035320282	-1
6.4035320282	-1
6.4035320282	-1
6.4035320282	-1
6.4035320282	-1
6.41505908966	-1
6.41505908966	-1
6.41505908966	-1
6.41505908966	-1
6.41505908966	-1
6.41505908966	-1
6.41505908966	-1
6.41747617722	-1
6.41747617722	-1
6.41747617722	-1
6.41747617722	-1
6.41747617722	-1
6.41747617722	-1
6.41747617722	-1
6.41747617722	-1
6.43528008461	-1
6.43528008461	-1
6.43528008461	-1
6.43528008461	-1
6.43528008461	-1
6.43528008461	-1
6.43528008461	-1
6.43528008461	-1
6.43727707863	1
6.43727707863	1
6.47196912766	-1
6.47196912766	-1
6.47196912766	-1
6.47196912766	-1
6.47196912766	-1
6.47196912766	-1
6.47196912766	-1
6.47196912766	-1
6.47501015663	-1
6.47501015663	-1
6.47501015663	-1
6.47501015663	-1
6.47501015663	-1
6.47501015663	-1
6.47501015663	-1
6.47501015663	-1
6.47748613358	-1
6.47748613358	-1
6.47748613358	-1
6.47748613358	-1
6.47748613358	-1
6.47748613358	-1
6.47748613358	-1
6.47748613358	-1
6.47784614563	-1
6.47784614563	-1
6.47784614563	-1
6.47784614563	-1
6.47784614563	-1
6.47784614563	-1
6.47784614563	-1
6.47784614563	-1
6.47821497917	-1
6.47821497917	-1
6.47821497917	-1
6.47821497917	-1
6.47821497917	-1
6.47821497917	-1
6.47821497917	-1
6.47821497917	-1
6.48860812187	-1
6.48860812187	-1
6.48860812187	-1
6.48860812187	-1
6.48860812187	-1
6.48860812187	-1
6.48860812187	-1
6.49204611778	-1
6.49204611778	-1
6.49204611778	-1
6.49204611778	-1
6.49204611778	-1
6.49204611778	-1
6.49204611778	-1
6.49204611778	-1
6.51111316681	-1
6.51111316681	-1
6.51111316681	-1
6.51111316681	-1
6.51111316681	-1
6.51111316681	-1
6.51111316681	-1
6.51111316681	-1
6.5111310482	1
6.5111310482	1
6.54550099373	-1
6.54550099373	-1
6.54550099373	-1
6.54550099373	-1
6.54550099373	-1
6.54550099373	-1
6.54550099373	-1
6.54550099373	-1
6.55019116402	-1
6.55019116402	-1
6.55019116402	-1
6.55019116402	-1
6.55019116402	-1
6.55019116402	-1
6.55019116402	-1
6.55019116402	-1
6.55114006996	-1
6.55114006996	-1
6.55114006996	-1
6.55114006996	-1
6.55114006996	-1
6.55114006996	-1
6.55114006996	-1
6.55114006996	-1
6.55202102661	-1
6.55202102661	-1
6.55202102661	-1
6.55202102661	-1
6.55202102661	-1
6.55202102661	-1
6.55202102661	-1
6.55202102661	-1
6.5523879528	-1
6.5523879528	-1
6.5523879528	-1
6.5523879528	-1
6.5523879528	-1
6.5523879528	-1
6.5523879528	-1
6.5523879528	-1
6.56505393982	-1
6.56505393982	-1
6.56505393982	-1
6.56505393982	-1
6.56505393982	-1
6.56505393982	-1
6.56505393982	-1
6.56616997719	-1
6.56616997719	-1
6.56616997719	-1
6.56616997719	-1
6.56616997719	-1
6.56616997719	-1
6.56616997719	-1
6.56616997719	-1
6.58497714996	1
6.61896800995	-1
6.61896800995	-1
6.61896800995	-1
6.61896800995	-1
6.61896800995	-1
6.61896800995	-1
6.61896800995	-1
6.61896800995	-1
6.62191510201	-1
6.62191510201	-1
6.62191510201	-1
6.62191510201	-1
6.62191510201	-1
6.62191510201	-1
6.62191510201	-1
6.62191510201	-1
6.62363505363	-1
6.62363505363	-1
6.62363505363	-1
6.62363505363	-1
6.62363505363	-1
6.62363505363	-1
6.62363505363	-1
6.62363505363	-1
6.62576413155	-1
6.62576413155	-1
6.62576413155	-1
6.62576413155	-1
6.62576413155	-1
6.62576413155	-1
6.62576413155	-1
6.62576413155	-1
6.62611699104	-1
6.62611699104	-1
6.62611699104	-1
6.62611699104	-1
6.62611699104	-1
6.62611699104	-1
6.62611699104	-1
6.62611699104	-1
6.62652611732	-1
6.62652611732	-1
6.62652611732	-1
6.62652611732	-1
6.62652611732	-1
6.62652611732	-1
6.62652611732	-1
6.62652611732	-1
6.63981294632	-1
6.63981294632	-1
6.63981294632	-1
6.63981294632	-1
6.63981294632	-1
6.63981294632	-1
6.63981294632	-1
6.64016509056	-1
6.64016509056	-1
6.64016509056	-1
6.64016509056	-1
6.64016509056	-1
6.64016509056	-1
6.64016509056	-1
6.64016509056	-1
6.65863895416	1
6.65863895416	1
6.69258117676	-1
6.69258117676	-1
6.69258117676	-1
6.69258117676	-1
6.69258117676	-1
6.69258117676	-1
6.69258117676	-1
6.69258117676	-1
6.6973991394	-1
6.6973991394	-1
6.6973991394	-1
6.6973991394	-1
6.6973991394	-1
6.6973991394	-1
6.6973991394	-1
6.6973991394	-1
6.6984269619	-1
6.6984269619	-1
6.6984269619	-1
6.6984269619	-1
6.6984269619	-1
6.6984269619	-1
6.6984269619	-1
6.6984269619	-1
6.69951200485	-1
6.69951200485	-1
6.69951200485	-1
6.69951200485	-1
6.69951200485	-1
6.69951200485	-1
6.69951200485	-1
6.69951200485	-1
6.70053195953	-1
6.70053195953	-1
6.70053195953	-1
6.70053195953	-1
6.70053195953	-1
6.70053195953	-1
6.70053195953	-1
6.70053195953	-1
6.7009871006	-1
6.7009871006	-1
6.7009871006	-1
6.7009871006	-1
6.7009871006	-1
6.7009871006	-1
6.7009871006	-1
6.7009871006	-1
6.71424412727	-1
6.71424412727	-1
6.71424412727	-1
6.71424412727	-1
6.71424412727	-1
6.71424412727	-1
6.71424412727	-1
6.714605093	-1
6.714605093	-1
6.714605093	-1
6.714605093	-1
6.714605093	-1
6.714605093	-1
6.714605093	-1
6.714605093	-1
6.7324180603	1
6.7324180603	1
6.76630115509	-1
6.76630115509	-1
6.76630115509	-1
6.76630115509	-1
6.76630115509	-1
6.76630115509	-1
6.76630115509	-1
6.76630115509	-1
6.76907896996	-1
6.76907896996	-1
6.76907896996	-1
6.76907896996	-1
6.76907896996	-1
6.76907896996	-1
6.76907896996	-1
6.76907896996	-1
6.77239608765	-1
6.77239608765	-1
6.77239608765	-1
6.77239608765	-1
6.77239608765	-1
6.77239608765	-1
6.77239608765	-1
6.77239608765	-1
6.7732360363	-1
6.7732360363	-1
6.7732360363	-1
6.7732360363	-1
6.7732360363	-1
6.7732360363	-1
6.7732360363	-1
6.7732360363	-1
6.77405500412	-1
6.77405500412	-1
6.77405500412	-1
6.77405500412	-1
6.77405500412	-1
6.77405500412	-1
6.77405500412	-1
6.77405500412	-1
6.77525901794	-1
6.77525901794	-1
6.77525901794	-1
6.77525901794	-1
6.77525901794	-1
6.77525901794	-1
6.77525901794	-1
6.77525901794	-1
6.78361797333	-1
6.78361797333	-1
6.78361797333	-1
6.78361797333	-1
6.78361797333	-1
6.78361797333	-1
6.78361797333	-1
6.78877496719	-1
6.78877496719	-1
6.78877496719	-1
6.78877496719	-1
6.78877496719	-1
6.78877496719	-1
6.78877496719	-1
6.78877496719	-1
6.80616497993	1
6.80616497993	1
6.83984994888	-1
6.83984994888	-1
6.83984994888	-1
6.83984994888	-1
6.83984994888	-1
6.83984994888	-1
6.83984994888	-1
6.83984994888	-1
6.8426129818	-1
6.8426129818	-1
6.8426129818	-1
6.8426129818	-1
6.8426129818	-1
6.8426129818	-1
6.8426129818	-1
6.8426129818	-1
6.84599494934	-1
6.84599494934	-1
6.84599494934	-1
6.84599494934	-1
6.84599494934	-1
6.84599494934	-1
6.84599494934	-1
6.84599494934	-1
6.84683609009	-1
6.84683609009	-1
6.84683609009	-1
6.84683609009	-1
6.84683609009	-1
6.84683609009	-1
6.84683609009	-1
6.84683609009	-1
6.84769701958	-1
6.84769701958	-1
6.84769701958	-1
6.84769701958	-1
6.84769701958	-1
6.84769701958	-1
6.84769701958	-1
6.84769701958	-1
6.84880113602	-1
6.84880113602	-1
6.84880113602	-1
6.84880113602	-1
6.84880113602	-1
6.84880113602	-1
6.84880113602	-1
6.84880113602	-1
6.85707402229	-1
6.85707402229	-1
6.85707402229	-1
6.85707402229	-1
6.85707402229	-1
6.85707402229	-1
6.85707402229	-1
6.85841798782	1
6.85841798782	1
6.85841798782	1
6.8625421524	-1
6.8625421524	-1
6.8625421524	-1
6.8625421524	-1
6.8625421524	-1
6.8625421524	-1
6.8625421524	-1
6.8625421524	-1
6.88035511971	-1
6.88035511971	-1
6.88035511971	-1
6.88035511971	-1
6.88035511971	-1
6.88035511971	-1
6.88035511971	-1
6.88035511971	-1
6.91459417343	-1
6.91459417343	-1
6.91459417343	-1
6.91459417343	-1
6.91459417343	-1
6.91459417343	-1
6.91459417343	-1
6.91459417343	-1
6.92018795013	-1
6.92018795013	-1
6.92018795013	-1
6.92018795013	-1
6.92018795013	-1
6.92018795013	-1
6.92018795013	-1
6.92018795013	-1
6.92128109932	-1
6.92128109932	-1
6.92128109932	-1
6.92128109932	-1
6.92128109932	-1
6.92128109932	-1
6.92128109932	-1
6.92128109932	-1
6.92193198204	-1
6.92193198204	-1
6.92193198204	-1
6.92193198204	-1
6.92193198204	-1
6.92193198204	-1
6.92193198204	-1
6.92193198204	-1
6.92274904251	-1
6.92274904251	-1
6.92274904251	-1
6.92274904251	-1
6.92274904251	-1
6.92274904251	-1
6.92274904251	-1
6.92274904251	-1
6.93060112	-1
6.93060112	-1
6.93060112	-1
6.93060112	-1
6.93060112	-1
6.93060112	-1
6.93060112	-1
6.93632411957	-1
6.93632411957	-1
6.93632411957	-1
6.93632411957	-1
6.93632411957	-1
6.93632411957	-1
6.93632411957	-1
6.93632411957	-1
6.93718695641	-1
6.93718695641	-1
6.93718695641	-1
6.93718695641	-1
6.93718695641	-1
6.93718695641	-1
6.93718695641	-1
6.93718695641	-1
6.95409607887	1
6.95409607887	1
6.98813915253	-1
6.98813915253	-1
6.98813915253	-1
6.98813915253	-1
6.98813915253	-1
6.98813915253	-1
6.98813915253	-1
6.98813915253	-1
6.99048495293	-1
6.99048495293	-1
6.99048495293	-1
6.99048495293	-1
6.99048495293	-1
6.99048495293	-1
6.99048495293	-1
6.99048495293	-1
6.99530601501	-1
6.99530601501	-1
6.99530601501	-1
6.99530601501	-1
6.99530601501	-1
6.99530601501	-1
6.99530601501	-1
6.99530601501	-1
6.99581813812	-1
6.99581813812	-1
6.99581813812	-1
6.99581813812	-1
6.99581813812	-1
6.99581813812	-1
6.99581813812	-1
6.99581813812	-1
6.99661612511	-1
6.99661612511	-1
6.99661612511	-1
6.99661612511	-1
6.99661612511	-1
6.99661612511	-1
6.99661612511	-1
6.99661612511	-1
6.99995303154	1
6.99995303154	1
6.99995303154	1
7.00416898727	-1
7.00416898727	-1
7.00416898727	-1
7.00416898727	-1
7.00416898727	-1
7.00416898727	-1
7.00416898727	-1
7.01030397415	-1
7.01030397415	-1
7.01030397415	-1
7.01030397415	-1
7.01030397415	-1
7.01030397415	-1
7.01030397415	-1
7.01030397415	-1
7.01103401184	-1
7.01103401184	-1
7.01103401184	-1
7.01103401184	-1
7.01103401184	-1
7.01103401184	-1
7.01103401184	-1
7.01103401184	-1
7.06178212166	-1
7.06178212166	-1
7.06178212166	-1
7.06178212166	-1
7.06178212166	-1
7.06178212166	-1
7.06178212166	-1
7.06178212166	-1
7.06855297089	-1
7.06855297089	-1
7.06855297089	-1
7.06855297089	-1
7.06855297089	-1
7.06855297089	-1
7.06855297089	-1
7.06855297089	-1
7.06890511513	-1
7.06890511513	-1
7.06890511513	-1
7.06890511513	-1
7.06890511513	-1
7.06890511513	-1
7.06890511513	-1
7.06890511513	-1
7.07000994682	-1
7.07000994682	-1
7.07000994682	-1
7.07000994682	-1
7.07000994682	-1
7.07000994682	-1
7.07000994682	-1
7.07000994682	-1
7.07045197487	-1
7.07045197487	-1
7.07045197487	-1
7.07045197487	-1
7.07045197487	-1
7.07045197487	-1
7.07045197487	-1
7.07045197487	-1
7.07118010521	-1
7.07118010521	-1
7.07118010521	-1
7.07118010521	-1
7.07118010521	-1
7.07118010521	-1
7.07118010521	-1
7.07828617096	-1
7.07828617096	-1
7.07828617096	-1
7.07828617096	-1
7.07828617096	-1
7.07828617096	-1
7.07828617096	-1
7.07828617096	-1
7.08462500572	-1
7.08462500572	-1
7.08462500572	-1
7.08462500572	-1
7.08462500572	-1
7.08462500572	-1
7.08462500572	-1
7.08462500572	-1
7.10153698921	1
7.10153698921	1
7.10156011581	-1
7.10156011581	-1
7.10156011581	-1
7.10156011581	-1
7.10156011581	-1
7.10156011581	-1
7.10156011581	-1
7.10156011581	-1
7.13766908646	-1
7.13766908646	-1
7.13766908646	-1
7.13766908646	-1
7.13766908646	-1
7.13766908646	-1
7.13766908646	-1
7.13766908646	-1
7.14297509193	-1
7.14297509193	-1
7.14297509193	-1
7.14297509193	-1
7.14297509193	-1
7.14297509193	-1
7.14297509193	-1
7.14297509193	-1
7.14344716072	-1
7.14344716072	-1
7.14344716072	-1
7.14344716072	-1
7.14344716072	-1
7.14344716072	-1
7.14344716072	-1
7.14344716072	-1
7.14445209503	-1
7.14445209503	-1
7.14445209503	-1
7.14445209503	-1
7.14445209503	-1
7.14445209503	-1
7.14445209503	-1
7.14445209503	-1
7.14472603798	-1
7.14472603798	-1
7.14472603798	-1
7.14472603798	-1
7.14472603798	-1
7.14472603798	-1
7.14472603798	-1
7.15237307549	-1
7.15237307549	-1
7.15237307549	-1
7.15237307549	-1
7.15237307549	-1
7.15237307549	-1
7.15237307549	-1
7.15237307549	-1
7.15794301033	-1
7.15794301033	-1
7.15794301033	-1
7.15794301033	-1
7.15794301033	-1
7.15794301033	-1
7.15794301033	-1
7.15794301033	-1
7.15898799896	-1
7.15898799896	-1
7.15898799896	-1
7.15898799896	-1
7.15898799896	-1
7.15898799896	-1
7.15898799896	-1
7.15898799896	-1
7.1755361557	1
7.20887708664	-1
7.20887708664	-1
7.20887708664	-1
7.20887708664	-1
7.20887708664	-1
7.20887708664	-1
7.20887708664	-1
7.20887708664	-1
7.21641016006	-1
7.21641016006	-1
7.21641016006	-1
7.21641016006	-1
7.21641016006	-1
7.21641016006	-1
7.21641016006	-1
7.21641016006	-1
7.21741604805	-1
7.21741604805	-1
7.21741604805	-1
7.21741604805	-1
7.21741604805	-1
7.21741604805	-1
7.21741604805	-1
7.21741604805	-1
7.21778607368	-1
7.21778607368	-1
7.21778607368	-1
7.21778607368	-1
7.21778607368	-1
7.21778607368	-1
7.21778607368	-1
7.21778607368	-1
7.21815395355	-1
7.21815395355	-1
7.21815395355	-1
7.21815395355	-1
7.21815395355	-1
7.21815395355	-1
7.21815395355	-1
7.21923995018	-1
7.21923995018	-1
7.21923995018	-1
7.21923995018	-1
7.21923995018	-1
7.21923995018	-1
7.21923995018	-1
7.21923995018	-1
7.22169399261	1
7.22169399261	1
7.22169399261	1
7.23189210892	-1
7.23189210892	-1
7.23189210892	-1
7.23189210892	-1
7.23189210892	-1
7.23189210892	-1
7.23189210892	-1
7.23189210892	-1
7.23277306557	-1
7.23277306557	-1
7.23277306557	-1
7.23277306557	-1
7.23277306557	-1
7.23277306557	-1
7.23277306557	-1
7.23277306557	-1
7.24934101105	1
7.28235816956	-1
7.28235816956	-1
7.28235816956	-1
7.28235816956	-1
7.28235816956	-1
7.28235816956	-1
7.28235816956	-1
7.28235816956	-1
7.28469395638	-1
7.28469395638	-1
7.28469395638	-1
7.28469395638	-1
7.28469395638	-1
7.28469395638	-1
7.28469395638	-1
7.28469395638	-1
7.29112410545	-1
7.29112410545	-1
7.29112410545	-1
7.29112410545	-1
7.29112410545	-1
7.29112410545	-1
7.29112410545	-1
7.29112410545	-1
7.29158997536	-1
7.29158997536	-1
7.29158997536	-1
7.29158997536	-1
7.29158997536	-1
7.29158997536	-1
7.29158997536	-1
7.29158997536	-1
7.2923681736	-1
7.2923681736	-1
7.2923681736	-1
7.2923681736	-1
7.2923681736	-1
7.2923681736	-1
7.2923681736	-1
7.29273700714	-1
7.29273700714	-1
7.29273700714	-1
7.29273700714	-1
7.29273700714	-1
7.29273700714	-1
7.29273700714	-1
7.29273700714	-1
7.29945111275	-1
7.29945111275	-1
7.29945111275	-1
7.29945111275	-1
7.29945111275	-1
7.29945111275	-1
7.29945111275	-1
7.29945111275	-1
7.30082297325	1
7.30082297325	1
7.30082297325	1
7.30621194839	-1
7.30621194839	-1
7.30621194839	-1
7.30621194839	-1
7.30621194839	-1
7.30621194839	-1
7.30621194839	-1
7.30621194839	-1
7.32365608215	-1
7.32365608215	-1
7.32365608215	-1
7.32365608215	-1
7.32365608215	-1
7.32365608215	-1
7.32365608215	-1
7.32365608215	-1
7.32369804382	1
7.35822606087	-1
7.35822606087	-1
7.35822606087	-1
7.35822606087	-1
7.35822606087	-1
7.35822606087	-1
7.35822606087	-1
7.35822606087	-1
7.36486005783	-1
7.36486005783	-1
7.36486005783	-1
7.36486005783	-1
7.36486005783	-1
7.36486005783	-1
7.36486005783	-1
7.36486005783	-1
7.36567902565	-1
7.36567902565	-1
7.36567902565	-1
7.36567902565	-1
7.36567902565	-1
7.36567902565	-1
7.36567902565	-1
7.36567902565	-1
7.36613297462	-1
7.36613297462	-1
7.36613297462	-1
7.36613297462	-1
7.36613297462	-1
7.36613297462	-1
7.36613297462	-1
7.36666512489	-1
7.36666512489	-1
7.36666512489	-1
7.36666512489	-1
7.36666512489	-1
7.36666512489	-1
7.36666512489	-1
7.36666512489	-1
7.36703395844	-1
7.36703395844	-1
7.36703395844	-1
7.36703395844	-1
7.36703395844	-1
7.36703395844	-1
7.36703395844	-1
7.36703395844	-1
7.37461805344	-1
7.37461805344	-1
7.37461805344	-1
7.37461805344	-1
7.37461805344	-1
7.37461805344	-1
7.37461805344	-1
7.37461805344	-1
7.37996315956	-1
7.37996315956	-1
7.37996315956	-1
7.37996315956	-1
7.37996315956	-1
7.37996315956	-1
7.37996315956	-1
7.37996315956	-1
7.39737915993	1
7.39737915993	1
7.4294090271	-1
7.4294090271	-1
7.4294090271	-1
7.4294090271	-1
7.4294090271	-1
7.4294090271	-1
7.4294090271	-1
7.4294090271	-1
7.43197011948	-1
7.43197011948	-1
7.43197011948	-1
7.43197011948	-1
7.43197011948	-1
7.43197011948	-1
7.43197011948	-1
7.43197011948	-1
7.43968701363	-1
7.43968701363	-1
7.43968701363	-1
7.43968701363	-1
7.43968701363	-1
7.43968701363	-1
7.43968701363	-1
7.43968701363	-1
7.44014310837	-1
7.44014310837	-1
7.44014310837	-1
7.44014310837	-1
7.44014310837	-1
7.44014310837	-1
7.44014310837	-1
7.44063615799	-1
7.44063615799	-1
7.44063615799	-1
7.44063615799	-1
7.44063615799	-1
7.44063615799	-1
7.44063615799	-1
7.44063615799	-1
7.4409070015	-1
7.4409070015	-1
7.4409070015	-1
7.4409070015	-1
7.4409070015	-1
7.4409070015	-1
7.4409070015	-1
7.4409070015	-1
7.4465739727	-1
7.4465739727	-1
7.4465739727	-1
7.4465739727	-1
7.4465739727	-1
7.4465739727	-1
7.4465739727	-1
7.4465739727	-1
7.45357203484	-1
7.45357203484	-1
7.45357203484	-1
7.45357203484	-1
7.45357203484	-1
7.45357203484	-1
7.45357203484	-1
7.45357203484	-1
7.45447707176	-1
7.45447707176	-1
7.45447707176	-1
7.45447707176	-1
7.45447707176	-1
7.45447707176	-1
7.45447707176	-1
7.45447707176	-1
7.4718811512	1
7.50409698486	-1
7.50409698486	-1
7.50409698486	-1
7.50409698486	-1
7.50409698486	-1
7.50409698486	-1
7.50409698486	-1
7.50409698486	-1
7.51324415207	-1
7.51324415207	-1
7.51324415207	-1
7.51324415207	-1
7.51324415207	-1
7.51324415207	-1
7.51324415207	-1
7.51324415207	-1
7.51472711563	-1
7.51472711563	-1
7.51472711563	-1
7.51472711563	-1
7.51472711563	-1
7.51472711563	-1
7.51472711563	-1
7.51509308815	-1
7.51509308815	-1
7.51509308815	-1
7.51509308815	-1
7.51509308815	-1
7.51509308815	-1
7.51509308815	-1
7.51509308815	-1
7.51533794403	-1
7.51533794403	-1
7.51533794403	-1
7.51533794403	-1
7.51533794403	-1
7.51533794403	-1
7.51533794403	-1
7.51533794403	-1
7.51585006714	-1
7.51585006714	-1
7.51585006714	-1
7.51585006714	-1
7.51585006714	-1
7.51585006714	-1
7.51585006714	-1
7.51585006714	-1
7.5186920166	1
7.5186920166	1
7.5186920166	1
7.52190303802	-1
7.52190303802	-1
7.52190303802	-1
7.52190303802	-1
7.52190303802	-1
7.52190303802	-1
7.52190303802	-1
7.52190303802	-1
7.52809810638	-1
7.52809810638	-1
7.52809810638	-1
7.52809810638	-1
7.52809810638	-1
7.52809810638	-1
7.52809810638	-1
7.52809810638	-1
7.54597401619	-1
7.54597401619	-1
7.54597401619	-1
7.54597401619	-1
7.54597401619	-1
7.54597401619	-1
7.54597401619	-1
7.54597401619	-1
7.57904601097	-1
7.57904601097	-1
7.57904601097	-1
7.57904601097	-1
7.57904601097	-1
7.57904601097	-1
7.57904601097	-1
7.57904601097	-1
7.58839011192	-1
7.58839011192	-1
7.58839011192	-1
7.58839011192	-1
7.58839011192	-1
7.58839011192	-1
7.58839011192	-1
7.58974504471	-1
7.58974504471	-1
7.58974504471	-1
7.58974504471	-1
7.58974504471	-1
7.58974504471	-1
7.58974504471	-1
7.58974504471	-1
7.5901081562	-1
7.5901081562	-1
7.5901081562	-1
7.5901081562	-1
7.5901081562	-1
7.5901081562	-1
7.5901081562	-1
7.5901081562	-1
7.59035205841	-1
7.59035205841	-1
7.59035205841	-1
7.59035205841	-1
7.59035205841	-1
7.59035205841	-1
7.59035205841	-1
7.59035205841	-1
7.59471917152	-1
7.59471917152	-1
7.59471917152	-1
7.59471917152	-1
7.59471917152	-1
7.59471917152	-1
7.59471917152	-1
7.59471917152	-1
7.59697198868	-1
7.59697198868	-1
7.59697198868	-1
7.59697198868	-1
7.59697198868	-1
7.59697198868	-1
7.59697198868	-1
7.59697198868	-1
7.60224604607	-1
7.60224604607	-1
7.60224604607	-1
7.60224604607	-1
7.60224604607	-1
7.60224604607	-1
7.60224604607	-1
7.60224604607	-1
7.6196949482	1
7.6196949482	1
7.65105700493	-1
7.65105700493	-1
7.65105700493	-1
7.65105700493	-1
7.65105700493	-1
7.65105700493	-1
7.65105700493	-1
7.65105700493	-1
7.65397596359	-1
7.65397596359	-1
7.65397596359	-1
7.65397596359	-1
7.65397596359	-1
7.65397596359	-1
7.65397596359	-1
7.66262817383	-1
7.66262817383	-1
7.66262817383	-1
7.66262817383	-1
7.66262817383	-1
7.66262817383	-1
7.66262817383	-1
7.66262817383	-1
7.66349816322	-1
7.66349816322	-1
7.66349816322	-1
7.66349816322	-1
7.66349816322	-1
7.66349816322	-1
7.66349816322	-1
7.66349816322	-1
7.66429710388	-1
7.66429710388	-1
7.66429710388	-1
7.66429710388	-1
7.66429710388	-1
7.66429710388	-1
7.66429710388	-1
7.66429710388	-1
7.6683139801	-1
7.6683139801	-1
7.6683139801	-1
7.6683139801	-1
7.6683139801	-1
7.6683139801	-1
7.6683139801	-1
7.6683139801	-1
7.67087507248	-1
7.67087507248	-1
7.67087507248	-1
7.67087507248	-1
7.67087507248	-1
7.67087507248	-1
7.67087507248	-1
7.67087507248	-1
7.67189407349	1
7.67189407349	1
7.67189407349	1
7.67548298836	-1
7.67548298836	-1
7.67548298836	-1
7.67548298836	-1
7.67548298836	-1
7.67548298836	-1
7.67548298836	-1
7.67548298836	-1
7.69341897964	-1
7.69341897964	-1
7.69341897964	-1
7.69341897964	-1
7.69341897964	-1
7.69341897964	-1
7.69341897964	-1
7.69341897964	-1
7.72550415993	-1
7.72550415993	-1
7.72550415993	-1
7.72550415993	-1
7.72550415993	-1
7.72550415993	-1
7.72550415993	-1
7.73551011086	-1
7.73551011086	-1
7.73551011086	-1
7.73551011086	-1
7.73551011086	-1
7.73551011086	-1
7.73551011086	-1
7.73551011086	-1
7.73722100258	-1
7.73722100258	-1
7.73722100258	-1
7.73722100258	-1
7.73722100258	-1
7.73722100258	-1
7.73722100258	-1
7.73722100258	-1
7.73759007454	-1
7.73759007454	-1
7.73759007454	-1
7.73759007454	-1
7.73759007454	-1
7.73759007454	-1
7.73759007454	-1
7.73759007454	-1
7.73806095123	-1
7.73806095123	-1
7.73806095123	-1
7.73806095123	-1
7.73806095123	-1
7.73806095123	-1
7.73806095123	-1
7.73806095123	-1
7.74193096161	-1
7.74193096161	-1
7.74193096161	-1
7.74193096161	-1
7.74193096161	-1
7.74193096161	-1
7.74193096161	-1
7.74193096161	-1
7.74928402901	-1
7.74928402901	-1
7.74928402901	-1
7.74928402901	-1
7.74928402901	-1
7.74928402901	-1
7.74928402901	-1
7.74928402901	-1
7.75010204315	-1
7.75010204315	-1
7.75010204315	-1
7.75010204315	-1
7.75010204315	-1
7.75010204315	-1
7.75010204315	-1
7.75010204315	-1
7.76792001724	1
7.76792001724	1
7.7989449501	-1
7.7989449501	-1
7.7989449501	-1
7.7989449501	-1
7.7989449501	-1
7.7989449501	-1
7.7989449501	-1
7.80128216743	-1
7.80128216743	-1
7.80128216743	-1
7.80128216743	-1
7.80128216743	-1
7.80128216743	-1
7.80128216743	-1
7.80128216743	-1
7.81061911583	-1
7.81061911583	-1
7.81061911583	-1
7.81061911583	-1
7.81061911583	-1
7.81061911583	-1
7.81061911583	-1
7.81061911583	-1
7.81172204018	-1
7.81172204018	-1
7.81172204018	-1
7.81172204018	-1
7.81172204018	-1
7.81172204018	-1
7.81172204018	-1
7.81172204018	-1
7.81215310097	-1
7.81215310097	-1
7.81215310097	-1
7.81215310097	-1
7.81215310097	-1
7.81215310097	-1
7.81215310097	-1
7.81215310097	-1
7.81239795685	-1
7.81239795685	-1
7.81239795685	-1
7.81239795685	-1
7.81239795685	-1
7.81239795685	-1
7.81239795685	-1
7.81239795685	-1
7.81861209869	-1
7.81861209869	-1
7.81861209869	-1
7.81861209869	-1
7.81861209869	-1
7.81861209869	-1
7.81861209869	-1
7.81861209869	-1
7.82360005379	-1
7.82360005379	-1
7.82360005379	-1
7.82360005379	-1
7.82360005379	-1
7.82360005379	-1
7.82360005379	-1
7.82360005379	-1
7.84182715416	-1
7.84182715416	-1
7.84182715416	-1
7.84182715416	-1
7.84182715416	-1
7.84182715416	-1
7.84182715416	-1
7.84184503555	1
7.87544202805	-1
7.87544202805	-1
7.87544202805	-1
7.87544202805	-1
7.87544202805	-1
7.87544202805	-1
7.87544202805	-1
7.87544202805	-1
7.88319301605	-1
7.88319301605	-1
7.88319301605	-1
7.88319301605	-1
7.88319301605	-1
7.88319301605	-1
7.88319301605	-1
7.88319301605	-1
7.88579416275	-1
7.88579416275	-1
7.88579416275	-1
7.88579416275	-1
7.88579416275	-1
7.88579416275	-1
7.88579416275	-1
7.88579416275	-1
7.88794898987	-1
7.88794898987	-1
7.88794898987	-1
7.88794898987	-1
7.88794898987	-1
7.88794898987	-1
7.88794898987	-1
7.88794898987	-1
7.88810706139	-1
7.88810706139	-1
7.88810706139	-1
7.88810706139	-1
7.88810706139	-1
7.88810706139	-1
7.88810706139	-1
7.88810706139	-1
7.88931894302	-1
7.88931894302	-1
7.88931894302	-1
7.88931894302	-1
7.88931894302	-1
7.88931894302	-1
7.88931894302	-1
7.88931894302	-1
7.89707708359	-1
7.89707708359	-1
7.89707708359	-1
7.89707708359	-1
7.89707708359	-1
7.89707708359	-1
7.89707708359	-1
7.89707708359	-1
7.89912509918	-1
7.89912509918	-1
7.89912509918	-1
7.89912509918	-1
7.89912509918	-1
7.89912509918	-1
7.89912509918	-1
7.91608810425	1
7.91608810425	1
7.9470000267	-1
7.9470000267	-1
7.9470000267	-1
7.9470000267	-1
7.9470000267	-1
7.9470000267	-1
7.9470000267	-1
7.9470000267	-1
7.95662212372	-1
7.95662212372	-1
7.95662212372	-1
7.95662212372	-1
7.95662212372	-1
7.95662212372	-1
7.95662212372	-1
7.95662212372	-1
7.95939898491	-1
7.95939898491	-1
7.95939898491	-1
7.95939898491	-1
7.95939898491	-1
7.95939898491	-1
7.95939898491	-1
7.95939898491	-1
7.96054506302	-1
7.96054506302	-1
7.96054506302	-1
7.96054506302	-1
7.96054506302	-1
7.96054506302	-1
7.96054506302	-1
7.96054506302	-1
7.9616920948	-1
7.9616920948	-1
7.9616920948	-1
7.9616920948	-1
7.9616920948	-1
7.9616920948	-1
7.9616920948	-1
7.9616920948	-1
7.96244907379	-1
7.96244907379	-1
7.96244907379	-1
7.96244907379	-1
7.96244907379	-1
7.96244907379	-1
7.96244907379	-1
7.96244907379	-1
7.96376299858	1
7.96376299858	1
7.96376299858	1
7.96674799919	-1
7.96674799919	-1
7.96674799919	-1
7.96674799919	-1
7.96674799919	-1
7.96674799919	-1
7.96674799919	-1
7.96674799919	-1
7.971804142	-1
7.971804142	-1
7.971804142	-1
7.971804142	-1
7.971804142	-1
7.971804142	-1
7.971804142	-1
7.98980498314	-1
7.98980498314	-1
7.98980498314	-1
7.98980498314	-1
7.98980498314	-1
7.98980498314	-1
7.98980498314	-1
7.98980498314	-1
8.02358317375	-1
8.02358317375	-1
8.02358317375	-1
8.02358317375	-1
8.02358317375	-1
8.02358317375	-1
8.02358317375	-1
8.02358317375	-1
8.03117203712	-1
8.03117203712	-1
8.03117203712	-1
8.03117203712	-1
8.03117203712	-1
8.03117203712	-1
8.03117203712	-1
8.03117203712	-1
8.03442907333	-1
8.03442907333	-1
8.03442907333	-1
8.03442907333	-1
8.03442907333	-1
8.03442907333	-1
8.03442907333	-1
8.03442907333	-1
8.03526806831	-1
8.03526806831	-1
8.03526806831	-1
8.03526806831	-1
8.03526806831	-1
8.03526806831	-1
8.03526806831	-1
8.03526806831	-1
8.03651809692	-1
8.03651809692	-1
8.03651809692	-1
8.03651809692	-1
8.03651809692	-1
8.03651809692	-1
8.03651809692	-1
8.03651809692	-1
8.03682398796	-1
8.03682398796	-1
8.03682398796	-1
8.03682398796	-1
8.03682398796	-1
8.03682398796	-1
8.03682398796	-1
8.03682398796	-1
8.04132914543	-1
8.04132914543	-1
8.04132914543	-1
8.04132914543	-1
8.04132914543	-1
8.04132914543	-1
8.04132914543	-1
8.04624295235	-1
8.04624295235	-1
8.04624295235	-1
8.04624295235	-1
8.04624295235	-1
8.04624295235	-1
8.04624295235	-1
8.04624295235	-1
8.06363010406	1
8.0939810276	-1
8.0939810276	-1
8.0939810276	-1
8.0939810276	-1
8.0939810276	-1
8.0939810276	-1
8.0939810276	-1
8.0939810276	-1
8.09916496277	-1
8.09916496277	-1
8.09916496277	-1
8.09916496277	-1
8.09916496277	-1
8.09916496277	-1
8.09916496277	-1
8.09916496277	-1
8.10659694672	-1
8.10659694672	-1
8.10659694672	-1
8.10659694672	-1
8.10659694672	-1
8.10659694672	-1
8.10659694672	-1
8.10659694672	-1
8.10881209373	-1
8.10881209373	-1
8.10881209373	-1
8.10881209373	-1
8.10881209373	-1
8.10881209373	-1
8.10881209373	-1
8.10881209373	-1
8.10917806625	-1
8.10917806625	-1
8.10917806625	-1
8.10917806625	-1
8.10917806625	-1
8.10917806625	-1
8.10917806625	-1
8.10917806625	-1
8.11053395271	-1
8.11053395271	-1
8.11053395271	-1
8.11053395271	-1
8.11053395271	-1
8.11053395271	-1
8.11053395271	-1
8.11053395271	-1
8.11482095718	-1
8.11482095718	-1
8.11482095718	-1
8.11482095718	-1
8.11482095718	-1
8.11482095718	-1
8.11482095718	-1
8.11986994743	-1
8.11986994743	-1
8.11986994743	-1
8.11986994743	-1
8.11986994743	-1
8.11986994743	-1
8.11986994743	-1
8.11986994743	-1
8.12247109413	-1
8.12247109413	-1
8.12247109413	-1
8.12247109413	-1
8.12247109413	-1
8.12247109413	-1
8.12247109413	-1
8.12247109413	-1
8.12385511398	1
8.12385511398	1
8.12385511398	1
8.13729810715	1
8.16871094704	-1
8.16871094704	-1
8.16871094704	-1
8.16871094704	-1
8.16871094704	-1
8.16871094704	-1
8.16871094704	-1
8.16871094704	-1
8.17888712883	-1
8.17888712883	-1
8.17888712883	-1
8.17888712883	-1
8.17888712883	-1
8.17888712883	-1
8.17888712883	-1
8.17888712883	-1
8.18122315407	-1
8.18122315407	-1
8.18122315407	-1
8.18122315407	-1
8.18122315407	-1
8.18122315407	-1
8.18122315407	-1
8.18122315407	-1
8.18367695808	-1
8.18367695808	-1
8.18367695808	-1
8.18367695808	-1
8.18367695808	-1
8.18367695808	-1
8.18367695808	-1
8.18367695808	-1
8.18402814865	-1
8.18402814865	-1
8.18402814865	-1
8.18402814865	-1
8.18402814865	-1
8.18402814865	-1
8.18402814865	-1
8.18402814865	-1
8.18439817429	-1
8.18439817429	-1
8.18439817429	-1
8.18439817429	-1
8.18439817429	-1
8.18439817429	-1
8.18439817429	-1
8.18702101707	1
8.18702101707	1
8.18702101707	1
8.18889212608	-1
8.18889212608	-1
8.18889212608	-1
8.18889212608	-1
8.18889212608	-1
8.18889212608	-1
8.18889212608	-1
8.18889212608	-1
8.19680404663	-1
8.19680404663	-1
8.19680404663	-1
8.19680404663	-1
8.19680404663	-1
8.19680404663	-1
8.19680404663	-1
8.19680404663	-1
8.21100902557	-1
8.21100902557	-1
8.21100902557	-1
8.21100902557	-1
8.21100902557	-1
8.21100902557	-1
8.21100902557	-1
8.21100902557	-1
8.24669194221	-1
8.24669194221	-1
8.24679613113	-1
8.24679613113	-1
8.24679613113	-1
8.24679613113	-1
8.24679613113	-1
8.24679613113	-1
8.24679613113	-1
8.24679613113	-1
8.25472617149	-1
8.25472617149	-1
8.25472617149	-1
8.25472617149	-1
8.25472617149	-1
8.25472617149	-1
8.25472617149	-1
8.25472617149	-1
8.2559940815	-1
8.2559940815	-1
8.2559940815	-1
8.2559940815	-1
8.2559940815	-1
8.2559940815	-1
8.2559940815	-1
8.2559940815	-1
8.25906395912	-1
8.25906395912	-1
8.25906395912	-1
8.25906395912	-1
8.25906395912	-1
8.25906395912	-1
8.25906395912	-1
8.25906395912	-1
8.25953316689	-1
8.25953316689	-1
8.25953316689	-1
8.25953316689	-1
8.25953316689	-1
8.25953316689	-1
8.25953316689	-1
8.26264715195	-1
8.26264715195	-1
8.26264715195	-1
8.26264715195	-1
8.26264715195	-1
8.26264715195	-1
8.26264715195	-1
8.26264715195	-1
8.27122306824	-1
8.27122306824	-1
8.27122306824	-1
8.27122306824	-1
8.27122306824	-1
8.27122306824	-1
8.27122306824	-1
8.27122306824	-1
8.28472805023	1
8.28475403786	-1
8.28475403786	-1
8.28475403786	-1
8.28475403786	-1
8.28475403786	-1
8.28475403786	-1
8.28475403786	-1
8.28475403786	-1
8.32152605057	-1
8.32152605057	-1
8.32152605057	-1
8.32152605057	-1
8.32152605057	-1
8.32152605057	-1
8.32152605057	-1
8.32152605057	-1
8.32721805573	-1
8.32721805573	-1
8.32721805573	-1
8.32721805573	-1
8.32721805573	-1
8.32721805573	-1
8.32721805573	-1
8.32721805573	-1
8.32985401154	-1
8.32985401154	-1
8.32985401154	-1
8.32985401154	-1
8.32985401154	-1
8.32985401154	-1
8.32985401154	-1
8.32985401154	-1
8.33258295059	-1
8.33258295059	-1
8.33258295059	-1
8.33258295059	-1
8.33258295059	-1
8.33258295059	-1
8.33258295059	-1
8.33258295059	-1
8.33383107185	-1
8.33383107185	-1
8.33383107185	-1
8.33383107185	-1
8.33383107185	-1
8.33383107185	-1
8.33383107185	-1
8.33413815498	-1
8.33413815498	-1
8.33413815498	-1
8.33413815498	-1
8.33413815498	-1
8.33413815498	-1
8.33413815498	-1
8.33413815498	-1
8.34185314178	-1
8.34185314178	-1
8.34185314178	-1
8.34185314178	-1
8.34185314178	-1
8.34185314178	-1
8.34185314178	-1
8.34185314178	-1
8.34646511078	-1
8.34646511078	-1
8.34646511078	-1
8.34646511078	-1
8.34646511078	-1
8.34646511078	-1
8.34646511078	-1
8.34646511078	-1
8.35843014717	1
8.35843014717	1
8.3909239769	-1
8.3909239769	-1
8.3909239769	-1
8.3909239769	-1
8.3909239769	-1
8.3909239769	-1
8.3909239769	-1
8.3909239769	-1
8.39506316185	-1
8.39506316185	-1
8.39506316185	-1
8.39506316185	-1
8.39506316185	-1
8.39506316185	-1
8.39506316185	-1
8.39506316185	-1
8.40185594559	-1
8.40185594559	-1
8.40185594559	-1
8.40185594559	-1
8.40185594559	-1
8.40185594559	-1
8.40185594559	-1
8.40185594559	-1
8.40432095528	-1
8.40432095528	-1
8.40432095528	-1
8.40432095528	-1
8.40432095528	-1
8.40432095528	-1
8.40432095528	-1
8.40432095528	-1
8.40722203255	-1
8.40722203255	-1
8.40722203255	-1
8.40722203255	-1
8.40722203255	-1
8.40722203255	-1
8.40722203255	-1
8.40814113617	-1
8.40814113617	-1
8.40814113617	-1
8.40814113617	-1
8.40814113617	-1
8.40814113617	-1
8.41047906876	-1
8.41047906876	-1
8.41047906876	-1
8.41047906876	-1
8.41047906876	-1
8.41047906876	-1
8.41047906876	-1
8.41047906876	-1
8.41721916199	-1
8.41721916199	-1
8.41721916199	-1
8.41721916199	-1
8.41721916199	-1
8.41721916199	-1
8.41721916199	-1
8.41721916199	-1
8.4322681427	-1
8.4322681427	-1
8.4322681427	-1
8.4322681427	-1
8.4322681427	-1
8.4322681427	-1
8.4322681427	-1
8.4322681427	-1
8.43230700493	1
8.43230700493	1
8.46442103386	-1
8.46442103386	-1
8.46442103386	-1
8.46442103386	-1
8.46442103386	-1
8.46442103386	-1
8.46442103386	-1
8.46442103386	-1
8.46862506866	-1
8.46862506866	-1
8.46862506866	-1
8.46862506866	-1
8.46862506866	-1
8.46862506866	-1
8.46862506866	-1
8.475522995	-1
8.475522995	-1
8.475522995	-1
8.475522995	-1
8.475522995	-1
8.475522995	-1
8.475522995	-1
8.475522995	-1
8.47814798355	-1
8.47814798355	-1
8.47814798355	-1
8.47814798355	-1
8.47814798355	-1
8.47814798355	-1
8.47814798355	-1
8.47814798355	-1
8.48069906235	-1
8.48069906235	-1
8.48069906235	-1
8.48069906235	-1
8.48069906235	-1
8.48069906235	-1
8.48069906235	-1
8.48069906235	-1
8.48168516159	-1
8.48168516159	-1
8.48168516159	-1
8.48168516159	-1
8.51486110687	-1
8.51486110687	-1
8.51486110687	-1
8.51486110687	-1
8.51486110687	-1
8.51486110687	-1
8.51486110687	-1
8.51486110687	-1
8.51489901543	1
8.51489901543	1
8.52929615974	-1
8.52964615822	-1
8.52964615822	-1
8.52964615822	-1
8.52964615822	-1
8.52964615822	-1
8.52964615822	-1
8.52964615822	-1
8.52964615822	-1
8.53001499176	-1
8.53001499176	-1
8.53001499176	-1
8.53001499176	-1
8.53001499176	-1
8.53001499176	-1
8.53001499176	-1
8.53808307648	-1
8.53818798065	-1
8.53818798065	-1
8.53818798065	-1
8.53818798065	-1
8.53818798065	-1
8.53818798065	-1
8.53818798065	-1
8.54240608215	-1
8.54434704781	-1
8.54434704781	-1
8.54434704781	-1
8.54434704781	-1
8.54434704781	-1
8.54434704781	-1
8.54434704781	-1
8.54434704781	-1
8.54910516739	-1
8.54910516739	-1
8.54910516739	-1
8.54910516739	-1
8.54910516739	-1
8.54910516739	-1
8.54910516739	-1
8.54910516739	-1
8.55157613754	-1
8.55157613754	-1
8.55157613754	-1
8.55157613754	-1
8.55157613754	-1
8.55157613754	-1
8.55157613754	-1
8.55157613754	-1
8.55321002007	-1
8.55321002007	-1
8.55321002007	-1
8.55321002007	-1
8.55321002007	-1
8.55321002007	-1
8.55321002007	-1
8.55321002007	-1
8.55720710754	-1
8.55720710754	-1
8.55720710754	-1
8.55720710754	-1
8.55720710754	-1
8.55720710754	-1
8.55720710754	-1
8.589646101	1
8.589646101	1
8.58966994286	-1
8.58966994286	-1
8.58966994286	-1
8.58966994286	-1
8.58966994286	-1
8.58966994286	-1
8.58966994286	-1
8.58966994286	-1
8.60383796692	-1
8.60383796692	-1
8.60383796692	-1
8.60383796692	-1
8.60383796692	-1
8.60383796692	-1
8.60383796692	-1
8.60383796692	-1
8.60383796692	-1
8.68825101852	-1
8.68848013878	-1
8.68848013878	-1
8.68848013878	-1
8.68848013878	-1
8.68848013878	-1
8.68848013878	-1
8.68872499466	-1
8.68872499466	-1
8.68872499466	-1
8.68872499466	-1
8.68872499466	-1
8.68872499466	-1
8.68872499466	-1
8.68872499466	-1
8.68872499466	-1
8.68909311295	-1
8.68909311295	-1
8.68909311295	-1
8.68909311295	-1
8.68909311295	-1
8.68909311295	-1
8.68909311295	-1
8.68939304352	-1
8.68939304352	-1
8.68939304352	-1
8.68939304352	-1
8.68939304352	-1
8.68939304352	-1
8.68939304352	-1
8.68939304352	-1
8.68963003159	-1
8.69219708443	1
8.69648194313	-1
8.69648194313	-1
8.69648194313	-1
8.69648194313	-1
8.69648194313	-1
8.69648194313	-1
8.69648194313	-1
8.69648194313	-1
8.69648194313	-1
8.69677209854	-1
8.69677209854	-1
8.69677209854	-1
8.69741010666	-1
8.6974439621	-1
8.6974439621	-1
8.6974439621	-1
8.6974439621	-1
8.6974439621	-1
8.6974439621	-1
8.6974439621	-1
8.6974439621	-1
8.69789814949	-1
8.69789814949	-1
8.69789814949	-1
8.69789814949	-1
8.69789814949	-1
8.69789814949	-1
8.69789814949	-1
8.73651909828	-1
8.73651909828	-1
8.73666596413	-1
8.73666596413	-1
8.73666596413	-1
8.73666596413	-1
8.73666596413	-1
8.73666596413	-1
8.74172210693	-1
8.74172210693	-1
8.74172210693	-1
8.74172210693	-1
8.74172210693	-1
8.74172210693	-1
8.74172210693	-1
8.74172210693	-1
8.76297307014	-1
8.76297307014	-1
8.76297307014	-1
8.76297307014	-1
8.76297307014	-1
8.76297307014	-1
8.76297307014	-1
8.76297307014	-1
8.81563401222	1
8.81563401222	1
8.83729600906	-1
8.83729600906	-1
8.83729600906	-1
8.83729600906	-1
8.83729600906	-1
8.83729600906	-1
8.83729600906	-1
8.83729600906	-1
8.83729600906	-1
8.8494591713	-1
8.8494591713	-1
8.8494591713	-1
8.8494591713	-1
8.8494591713	-1
8.8494591713	-1
8.8494591713	-1
8.8494591713	-1
8.8494591713	-1
8.84981012344	-1
8.84981012344	-1
8.84981012344	-1
8.84981012344	-1
8.84981012344	-1
8.85005402565	-1
8.85005402565	-1
8.85005402565	-1
8.85005402565	-1
8.85005402565	-1
8.85005402565	-1
8.85005402565	-1
8.85005402565	-1
8.85653996468	-1
8.85653996468	-1
8.85653996468	-1
8.85653996468	-1
8.85653996468	-1
8.85653996468	-1
8.85653996468	-1
8.85653996468	-1
8.85653996468	-1
8.85779500008	-1
8.85779500008	-1
8.85779500008	-1
8.85779500008	-1
8.85779500008	-1
8.85779500008	-1
8.85779500008	-1
8.85838913918	-1
8.85851097107	-1
8.85851097107	-1
8.85851097107	-1
8.85851097107	-1
8.85851097107	-1
8.85851097107	-1
8.85851097107	-1
8.85851097107	-1
8.85888004303	-1
8.85888004303	-1
8.85888004303	-1
8.85888004303	-1
8.85888004303	-1
8.85888004303	-1
8.85888004303	-1
8.89721512794	-1
8.89725208282	1
8.89725208282	1
8.89727902412	-1
8.89727902412	-1
8.89727902412	-1
8.89727902412	-1
8.89727902412	-1
8.89727902412	-1
8.89727902412	-1
8.89727902412	-1
8.91095900536	-1
8.91095900536	-1
8.91095900536	-1
8.91095900536	-1
8.91099309921	-1
8.91120409966	-1
8.91120409966	-1
8.91120409966	-1
8.91120409966	-1
8.91120409966	-1
8.91120409966	-1
8.91120409966	-1
8.95216012001	-1
8.95216012001	-1
8.95216012001	-1
8.95216012001	-1
8.95216012001	-1
8.95216012001	-1
8.95216012001	-1
8.95216012001	-1
9.01088094711	-1
9.01088094711	-1
9.01088094711	-1
9.01088094711	-1
9.01088094711	-1
9.01088094711	-1
9.01088094711	-1
9.01088094711	-1
9.01088094711	-1
9.01122307777	-1
9.01122307777	-1
9.01122307777	-1
9.01122307777	-1
9.01122307777	-1
9.01122307777	-1
9.01122307777	-1
9.01146912575	-1
9.01146912575	-1
9.01146912575	-1
9.01146912575	-1
9.01146912575	-1
9.01146912575	-1
9.01146912575	-1
9.01146912575	-1
9.01183795929	-1
9.01183795929	-1
9.01183795929	-1
9.01183795929	-1
9.01183795929	-1
9.01183795929	-1
9.01183795929	-1
9.01183795929	-1
9.01245498657	1
9.01756095886	-1
9.01767802238	-1
9.01767802238	-1
9.01767802238	-1
9.01767802238	-1
9.01767802238	-1
9.01767802238	-1
9.01767802238	-1
9.01767802238	-1
9.01804304123	-1
9.01804304123	-1
9.01804304123	-1
9.01804304123	-1
9.01804304123	-1
9.01804304123	-1
9.01804304123	-1
9.01921415329	-1
9.01933407784	-1
9.01933407784	-1
9.01933407784	-1
9.01933407784	-1
9.01933407784	-1
9.01933407784	-1
9.01933407784	-1
9.01957702637	-1
9.01957702637	-1
9.01957702637	-1
9.01957702637	-1
9.01957702637	-1
9.01957702637	-1
9.01957702637	-1
9.01957702637	-1
9.06268310547	-1
9.06268310547	-1
9.06268310547	-1
9.06268310547	-1
9.06268310547	-1
9.06268310547	-1
9.06268310547	-1
9.06268310547	-1
9.06268310547	-1
9.08471608162	-1
9.08494114876	-1
9.08494114876	-1
9.08494114876	-1
9.08494114876	-1
9.08494114876	-1
9.08494114876	-1
9.10633015633	-1
9.10633015633	-1
9.10633015633	-1
9.10633015633	-1
9.10633015633	-1
9.10633015633	-1
9.10633015633	-1
9.10633015633	-1
9.10634112358	1
9.10634112358	1
9.11306715012	-1
9.11306715012	-1
9.11306715012	-1
9.11306715012	-1
9.11306715012	-1
9.11306715012	-1
9.11306715012	-1
9.11306715012	-1
9.17096710205	-1
9.17096710205	-1
9.17096710205	-1
9.17096710205	-1
9.17096710205	-1
9.17096710205	-1
9.17096710205	-1
9.17096710205	-1
9.17096710205	-1
9.17132401466	-1
9.17132401466	-1
9.17132401466	-1
9.17132401466	-1
9.17136216164	-1
9.17136216164	-1
9.17136216164	-1
9.17136216164	-1
9.17136216164	-1
9.17136216164	-1
9.17136216164	-1
9.17136216164	-1
9.17181515694	-1
9.17181515694	-1
9.17181515694	-1
9.17181515694	-1
9.17181515694	-1
9.17181515694	-1
9.17181515694	-1
9.17181515694	-1
9.17784714699	-1
9.17806100845	-1
9.17806100845	-1
9.17806100845	-1
9.17806100845	-1
9.17806100845	-1
9.17806100845	-1
9.17806100845	-1
9.17806100845	-1
9.17843008041	-1
9.17843008041	-1
9.17843008041	-1
9.17843008041	-1
9.17843008041	-1
9.17843008041	-1
9.17843008041	-1
9.17889714241	-1
9.17889714241	-1
9.17889714241	-1
9.17889714241	-1
9.17889714241	-1
9.17889714241	-1
9.17889714241	-1
9.17889714241	-1
9.18012714386	-1
9.18012714386	-1
9.18012714386	-1
9.18012714386	-1
9.18012714386	-1
9.18012714386	-1
9.18012714386	-1
9.18012714386	-1
9.18014097214	1
9.21909999847	-1
9.21909999847	-1
9.21909999847	-1
9.21909999847	-1
9.21909999847	-1
9.21909999847	-1
9.21909999847	-1
9.21909999847	-1
9.23223209381	-1
9.23223209381	-1
9.23223209381	-1
9.23223209381	-1
9.23223209381	-1
9.23223209381	-1
9.23223209381	-1
9.23223209381	-1
9.2448990345	-1
9.2448990345	-1
9.2448990345	-1
9.2448990345	-1
9.2448990345	-1
9.2448990345	-1
9.2448990345	-1
9.2448990345	-1
9.26862311363	-1
9.26862311363	-1
9.26862311363	-1
9.26862311363	-1
9.26862311363	-1
9.26862311363	-1
9.26862311363	-1
9.26862311363	-1
9.26863408089	1
9.26863408089	1
9.31891608238	-1
9.31922197342	-1
9.31922197342	-1
9.31922197342	-1
9.31922197342	-1
9.31922197342	-1
9.31922197342	-1
9.31922197342	-1
9.31922197342	-1
9.33273410797	-1
9.33273410797	-1
9.33273410797	-1
9.33273410797	-1
9.33273410797	-1
9.33273410797	-1
9.33273410797	-1
9.33273410797	-1
9.33273410797	-1
9.33308506012	-1
9.33308506012	-1
9.33308506012	-1
9.33308506012	-1
9.33308506012	-1
9.33308506012	-1
9.33333015442	-1
9.33333015442	-1
9.33333015442	-1
9.33333015442	-1
9.33333015442	-1
9.33333015442	-1
9.33333015442	-1
9.33333015442	-1
9.3379149437	-1
9.3379149437	-1
9.3379149437	-1
9.3379149437	-1
9.3379149437	-1
9.3379149437	-1
9.3379149437	-1
9.3379149437	-1
9.3379149437	-1
9.33912205696	-1
9.3391661644	-1
9.3391661644	-1
9.3391661644	-1
9.3391661644	-1
9.3391661644	-1
9.34090399742	-1
9.34129714966	-1
9.34129714966	-1
9.34129714966	-1
9.34129714966	-1
9.34129714966	-1
9.34129714966	-1
9.34129714966	-1
9.34129714966	-1
9.39470005035	-1
9.39473295212	1
9.42069005966	1
9.42069005966	1
9.42069005966	1
10.0325200558	-1
10.0576131344	1
10.1216180325	1
10.1216180325	1
10.1216180325	1
10.1216180325	1
10.1216180325	1
10.1216180325	1
10.1216180325	1
10.1216180325	1
10.1216180325	1
10.1228210926	1
10.1228210926	1
10.1228210926	1
10.1228210926	1
10.1228210926	1
