0.0	1
0.250462055206	1
0.314682006836	-1
0.364911079407	1
0.566578149796	-1
0.568204164505	1
0.647392034531	1
0.647392034531	1
0.647392034531	1
0.681054115295	-1
0.682699203491	1
0.702540159225	-1
0.702540159225	-1
0.702540159225	-1
0.702540159225	-1
0.702540159225	-1
0.702540159225	-1
0.702540159225	-1
0.702540159225	-1
0.897307157516	1
0.987831115723	-1
0.989077091217	1
0.989077091217	1
0.989077091217	1
1.10241103172	-1
1.10241103172	-1
1.21861505508	1
1.21861505508	1
1.25987815857	-1
1.35459804535	1
1.37440609932	-1
1.47582602501	-1
1.47582602501	-1
1.47582602501	-1
1.475867033	1
1.50003600121	-1
1.50003600121	-1
1.50003600121	-1
1.5087389946	-1
1.5087389946	-1
1.5087389946	-1
1.5087389946	-1
1.52041220665	-1
1.54170513153	-1
1.54170513153	-1
1.54170513153	-1
1.56360411644	-1
1.56360411644	-1
1.56360411644	-1
1.59065413475	-1
1.59065413475	-1
1.59069514275	1
1.61905121803	1
1.61905121803	1
1.61905121803	1
1.62035417557	-1
1.62035417557	-1
1.62035417557	-1
1.62174010277	1
1.62174010277	1
1.62545013428	1
1.62545013428	1
1.62545013428	1
1.64158415794	-1
1.64158415794	-1
1.65315198898	-1
1.65315198898	-1
1.65315198898	-1
1.65315198898	-1
1.67387604713	-1
1.67387604713	-1
1.67387604713	-1
1.68632721901	-1
1.72332000732	-1
1.72332000732	-1
1.72332000732	-1
1.72332000732	-1
1.72332000732	-1
1.72332000732	-1
1.72335410118	1
1.75806808472	-1
1.76786804199	-1
1.76786804199	-1
1.76786804199	-1
1.76786804199	-1
1.76786804199	-1
1.76786804199	-1
1.76786804199	-1
1.7973921299	-1
1.7973921299	-1
1.82779312134	-1
1.82779312134	-1
1.82779312134	-1
1.82779312134	-1
1.82779312134	-1
1.82779312134	-1
1.82779312134	-1
1.82779312134	-1
1.87063598633	1
1.87063598633	1
1.87063598633	1
1.8751540184	1
1.88234710693	-1
1.96789121628	-1
1.96789121628	-1
1.96789121628	-1
1.97135901451	1
1.97135901451	1
1.97135901451	1
1.98906421661	-1
1.98906421661	-1
2.01980113983	-1
2.01980113983	-1
2.01980113983	-1
2.03497600555	-1
2.03497600555	-1
2.03666114807	1
2.03666114807	1
2.03666114807	1
2.14860415459	1
2.18303799629	-1
2.18303799629	-1
2.18303799629	-1
2.26226210594	-1
2.26226210594	-1
2.26226210594	-1
2.30292201042	1
2.3938190937	-1
2.3938190937	-1
2.3938190937	-1
2.40433001518	-1
2.40433001518	-1
2.40433001518	-1
2.40433001518	-1
2.40433001518	-1
2.40433001518	-1
2.42284107208	-1
2.42284107208	-1
2.42284107208	-1
2.42284107208	-1
2.4228811264	1
2.4228811264	1
2.43217921257	-1
2.45628499985	-1
2.45628499985	-1
2.45628499985	-1
2.45628499985	-1
2.45628499985	-1
2.45628499985	-1
2.46797609329	-1
2.46797609329	-1
2.46797609329	-1
2.46797609329	-1
2.46797609329	-1
2.50375199318	-1
2.50375199318	-1
2.50380015373	-1
2.50380015373	-1
2.50380015373	-1
2.50380015373	-1
2.53539204597	-1
2.53539204597	-1
2.53539204597	-1
2.59586405754	-1
2.59586405754	-1
2.59586405754	-1
2.61931204796	-1
2.65203809738	-1
2.65203809738	-1
2.65203809738	-1
2.65203809738	-1
2.65203809738	-1
2.65203809738	-1
2.65203809738	-1
2.65203809738	-1
2.66729617119	-1
2.66729617119	-1
2.66729617119	-1
2.66729617119	-1
2.66729617119	-1
2.66729617119	-1
2.66729617119	-1
2.69602799416	-1
2.69602799416	-1
2.69602799416	-1
2.69602799416	-1
2.69602799416	-1
2.69602799416	-1
2.69602799416	-1
2.69602799416	-1
2.71153116226	-1
2.71153116226	-1
2.71153116226	-1
2.71153116226	-1
2.71153116226	-1
2.71153116226	-1
2.73397421837	-1
2.73720812798	-1
2.73720812798	-1
2.73720812798	-1
2.73720812798	-1
2.73720812798	-1
2.73720812798	-1
2.73720812798	-1
2.76059913635	-1
2.76059913635	-1
2.76059913635	-1
2.76059913635	-1
2.76059913635	-1
2.76059913635	-1
2.76059913635	-1
2.7820789814	-1
2.7820789814	-1
2.7820789814	-1
2.7820789814	-1
2.7820789814	-1
2.7820789814	-1
2.7820789814	-1
2.7820789814	-1
2.78333902359	1
2.81924819946	-1
2.81924819946	-1
2.81924819946	-1
2.81924819946	-1
2.81924819946	-1
2.83474802971	-1
2.83474802971	-1
2.84789705276	-1
2.86264300346	-1
2.86264300346	-1
2.86264300346	-1
2.90310716629	-1
2.90310716629	-1
2.90310716629	-1
2.90310716629	-1
2.90310716629	-1
2.90310716629	-1
2.90310716629	-1
2.90791916847	1
2.91021513939	1
2.91021513939	1
2.91021513939	1
2.9189760685	-1
2.9189760685	-1
2.9189760685	-1
2.9189760685	-1
2.9189760685	-1
2.9189760685	-1
2.9189760685	-1
2.94326400757	-1
2.94326400757	-1
2.9740190506	-1
2.9740190506	-1
2.9740190506	-1
2.98745918274	-1
2.98745918274	-1
2.98745918274	-1
2.98745918274	-1
2.98745918274	-1
3.00310516357	-1
3.02998805046	-1
3.02998805046	-1
3.04685020447	-1
3.04685020447	-1
3.04685020447	-1
3.07967305183	-1
3.07967305183	-1
3.07967305183	-1
3.11495709419	-1
3.11495709419	-1
3.11495709419	-1
3.11495709419	-1
3.11495709419	-1
3.11495709419	-1
3.11495709419	-1
3.11495709419	-1
3.13838720322	-1
3.17316007614	-1
3.17316007614	-1
3.17319202423	1
3.19378209114	-1
3.19378209114	-1
3.19378209114	-1
3.19378209114	-1
3.19378209114	-1
3.21086120605	-1
3.21086120605	-1
3.21086120605	-1
3.21086120605	-1
3.21086120605	-1
3.22898221016	-1
3.25808310509	-1
3.25808310509	-1
3.26944804192	-1
3.26944804192	-1
3.26944804192	-1
3.26944804192	-1
3.26944804192	-1
3.26944804192	-1
3.26944804192	-1
3.26944804192	-1
3.28425502777	-1
3.31299304962	-1
3.31299304962	-1
3.31299304962	-1
3.31299304962	-1
3.31299304962	-1
3.31299304962	-1
3.31299304962	-1
3.31299304962	-1
3.32523298264	-1
3.32523298264	-1
3.32523298264	-1
3.32523298264	-1
3.34956121445	-1
3.34956121445	-1
3.34956121445	-1
3.35059499741	1
3.36237311363	-1
3.39228105545	-1
3.39228105545	-1
3.39228105545	-1
3.39228105545	-1
3.42230200768	-1
3.42230200768	-1
3.45406413078	-1
3.45406413078	-1
3.45406413078	-1
3.50270009041	-1
3.50270009041	-1
3.50270009041	-1
3.50273299217	1
3.52759814262	1
3.52759814262	1
3.52759814262	1
3.52812218666	1
3.52812218666	1
3.52812218666	1
3.52812218666	1
3.52963018417	1
3.53453111649	-1
3.53453111649	-1
3.55154919624	-1
3.55154919624	-1
3.59882998466	-1
3.59882998466	-1
3.59882998466	-1
3.59882998466	-1
3.62299513817	-1
3.62299513817	-1
3.62299513817	-1
3.62299513817	-1
3.62299513817	-1
3.62299513817	-1
3.62303113937	1
3.62303113937	1
3.63669109344	-1
3.63669109344	-1
3.63669109344	-1
3.63669109344	-1
3.63669109344	-1
3.63669109344	-1
3.63669109344	-1
3.66442108154	-1
3.66442108154	-1
3.66442108154	-1
3.66442108154	-1
3.66442108154	-1
3.66442108154	-1
3.66442108154	-1
3.69972610474	-1
3.69972610474	-1
3.69972610474	-1
3.69972610474	-1
3.69972610474	-1
3.69972610474	-1
3.69972610474	-1
3.69972610474	-1
3.71910119057	-1
3.71910119057	-1
3.71910119057	-1
3.71910119057	-1
3.75844311714	-1
3.75844311714	-1
3.75844311714	-1
3.75844311714	-1
3.75844311714	-1
3.75844311714	-1
3.75844311714	-1
3.75844311714	-1
3.77613306046	-1
3.77613306046	-1
3.77613306046	-1
3.77613306046	-1
3.77613306046	-1
3.77613306046	-1
3.77613306046	-1
3.79953813553	-1
3.80069518089	1
3.84208321571	-1
3.84208321571	-1
3.84208321571	-1
3.84208321571	-1
3.84208321571	-1
3.84208321571	-1
3.84208321571	-1
3.84208321571	-1
3.86005401611	-1
3.89685416222	-1
3.89685416222	-1
3.89685416222	-1
3.89685416222	-1
3.89685416222	-1
3.89685416222	-1
3.89685416222	-1
3.91063714027	-1
3.92925715446	-1
3.92925715446	-1
3.92925715446	-1
3.92925715446	-1
3.92925715446	-1
3.92925715446	-1
3.92925715446	-1
3.94559502602	-1
3.94559502602	-1
3.94559502602	-1
3.94559502602	-1
3.94559502602	-1
3.94559502602	-1
3.94559502602	-1
3.94559502602	-1
3.95801210403	1
3.96465921402	-1
3.96465921402	-1
3.96465921402	-1
3.96465921402	-1
3.96465921402	-1
3.96465921402	-1
4.01321220398	-1
4.01321220398	-1
4.04571413994	-1
4.04571413994	-1
4.04571413994	-1
4.04571413994	-1
4.0727250576	-1
4.10047411919	-1
4.10047411919	-1
4.10047411919	-1
4.10120415688	1
4.13362908363	-1
4.13362908363	-1
4.13362908363	-1
4.15049004555	-1
4.15049004555	-1
4.15049004555	-1
4.15049004555	-1
4.15049004555	-1
4.20899009705	-1
4.20899009705	-1
4.20899009705	-1
4.24570918083	-1
4.24570918083	-1
4.24570918083	-1
4.24570918083	-1
4.24570918083	-1
4.24570918083	-1
4.2665951252	-1
4.2665951252	-1
4.27783703804	-1
4.27783703804	-1
4.27783703804	-1
4.29809212685	-1
4.29809212685	-1
4.29809212685	-1
4.30128216743	1
4.31887698174	-1
4.31887698174	-1
4.32958698273	-1
4.35013508797	-1
4.35013508797	-1
4.35013508797	-1
4.37475013733	-1
4.37475013733	-1
4.37475013733	-1
4.37475013733	-1
4.38736414909	-1
4.40683317184	-1
4.40683317184	-1
4.40683317184	-1
4.40683317184	-1
4.40683317184	-1
4.40683317184	-1
4.40683317184	-1
4.41772699356	-1
4.41772699356	-1
4.41772699356	-1
4.41772699356	-1
4.41772699356	-1
4.41772699356	-1
4.41772699356	-1
4.41776609421	1
4.43824720383	-1
4.43824720383	-1
4.43824720383	-1
4.43824720383	-1
4.43824720383	-1
4.43824720383	-1
4.43824720383	-1
4.43824720383	-1
4.46196103096	-1
4.46196103096	-1
4.46196103096	-1
4.46196103096	-1
4.46196103096	-1
4.46196103096	-1
4.46196103096	-1
4.46196103096	-1
4.47347211838	-1
4.49628400803	-1
4.49628400803	-1
4.51067900658	-1
4.51067900658	-1
4.51067900658	-1
4.51067900658	-1
4.51067900658	-1
4.52384901047	-1
4.53357601166	-1
4.53357601166	-1
4.53357601166	-1
4.53357601166	-1
4.53357601166	-1
4.53357601166	-1
4.53357601166	-1
4.5336151123	1
4.54492902756	-1
4.54492902756	-1
4.54492902756	-1
4.54492902756	-1
4.54492902756	-1
4.54492902756	-1
4.54492902756	-1
4.55866098404	-1
4.57684707642	-1
4.57684707642	-1
4.57684707642	-1
4.57684707642	-1
4.57684707642	-1
4.57684707642	-1
4.57684707642	-1
4.60182905197	-1
4.60182905197	-1
4.60182905197	-1
4.60182905197	-1
4.60182905197	-1
4.60182905197	-1
4.60182905197	-1
4.60182905197	-1
4.62345504761	-1
4.62345504761	-1
4.63232111931	-1
4.63232111931	-1
4.63232111931	-1
4.65050506592	-1
4.65050506592	-1
4.65053606033	1
4.67327904701	-1
4.67327904701	-1
4.70138001442	-1
4.70138001442	-1
4.70138001442	-1
4.74190616608	-1
4.74190616608	-1
4.74343013763	1
4.74343013763	1
4.74343013763	1
4.76049804688	-1
4.76049804688	-1
4.76049804688	-1
4.79142403603	-1
4.79142403603	-1
4.79145812988	1
4.80336403847	-1
4.80336403847	-1
4.80336403847	-1
4.80336403847	-1
4.80715703964	1
4.80715703964	1
4.80715703964	1
4.81595301628	-1
4.82025003433	1
4.82025003433	1
4.83680105209	-1
4.83680105209	-1
4.83680105209	-1
4.85855221748	-1
4.85855221748	-1
4.85855221748	-1
4.87679600716	-1
4.87679600716	-1
4.89770507812	-1
4.89770507812	-1
4.89770507812	-1
4.91933107376	-1
4.91933107376	-1
4.91937208176	1
4.91937208176	1
4.93514108658	-1
4.96422410011	-1
4.96422410011	-1
4.96422410011	-1
5.03821015358	-1
5.03821015358	-1
5.0395591259	1
5.05547213554	-1
5.05547213554	-1
5.05547213554	-1
5.05547213554	-1
5.05547213554	-1
5.05547213554	-1
5.05547213554	-1
5.05547213554	-1
5.06466603279	-1
5.07885813713	-1
5.09950208664	-1
5.09950208664	-1
5.09950208664	-1
5.11828112602	-1
5.11828112602	-1
5.1430079937	-1
5.1430079937	-1
5.1430079937	-1
5.1430079937	-1
5.1430079937	-1
5.1430079937	-1
5.1430079937	-1
5.1430079937	-1
5.1430079937	-1
5.16091799736	-1
5.16091799736	-1
5.16095209122	1
5.17988109589	-1
5.17988109589	-1
5.17988109589	-1
5.17988109589	-1
5.17988109589	-1
5.17988109589	-1
5.17988109589	-1
5.191614151	-1
5.191614151	-1
5.191614151	-1
5.191614151	-1
5.191614151	-1
5.191614151	-1
5.191614151	-1
5.22180104256	-1
5.22180104256	-1
5.22180104256	-1
5.22180104256	-1
5.22180104256	-1
5.22180104256	-1
5.22180104256	-1
5.22180104256	-1
5.22180104256	-1
5.23886609077	-1
5.23886609077	-1
5.26262712479	-1
5.26262712479	-1
5.26262712479	-1
5.26562809944	1
5.26562809944	1
5.26562809944	1
5.28555011749	-1
5.28555011749	-1
5.28555011749	-1
5.2855591774	1
5.30997014046	-1
5.32520508766	-1
5.32520508766	-1
5.32520508766	-1
5.34621715546	-1
5.34621715546	-1
5.34621715546	-1
5.34621715546	-1
5.34621715546	-1
5.34621715546	-1
5.34621715546	-1
5.34621715546	-1
5.35508298874	-1
5.35508298874	-1
5.35508298874	-1
5.3752951622	-1
5.3752951622	-1
5.3752951622	-1
5.3752951622	-1
5.3752951622	-1
5.3752951622	-1
5.39722919464	-1
5.39722919464	-1
5.41665410995	-1
5.41665410995	-1
5.43979501724	-1
5.43979501724	-1
5.44246912003	-1
5.44246912003	-1
5.44246912003	-1
5.44246912003	-1
5.44246912003	-1
5.44246912003	-1
5.44246912003	-1
5.46168613434	-1
5.46168613434	-1
5.47015619278	-1
5.47015619278	-1
5.47015619278	-1
5.47015619278	-1
5.47015619278	-1
5.47015619278	-1
5.47015619278	-1
5.47830605507	-1
5.47830605507	-1
5.47830605507	-1
5.47830605507	-1
5.47830605507	-1
5.47830605507	-1
5.47830605507	-1
5.49497103691	-1
5.49497103691	-1
5.49497103691	-1
5.49497103691	-1
5.49497103691	-1
5.49497103691	-1
5.50428199768	-1
5.51108121872	-1
5.51108121872	-1
5.51108121872	-1
5.51108121872	-1
5.51108121872	-1
5.52029705048	-1
5.5379691124	-1
5.5379691124	-1
5.54634618759	-1
5.54634618759	-1
5.54634618759	-1
5.55455803871	1
5.59183216095	-1
5.59183216095	-1
5.59183216095	-1
5.59183216095	-1
5.60219311714	-1
5.60219311714	-1
5.60219311714	-1
5.60219311714	-1
5.60219311714	-1
5.60219311714	-1
5.60219311714	-1
5.62105917931	-1
5.62105917931	-1
5.62105917931	-1
5.62105917931	-1
5.62105917931	-1
5.62105917931	-1
5.62105917931	-1
5.62105917931	-1
5.63865113258	-1
5.63865113258	-1
5.63865113258	-1
5.63865113258	-1
5.63865113258	-1
5.63865113258	-1
5.63865113258	-1
5.63865113258	-1
5.63865113258	-1
5.65013504028	-1
5.65013504028	-1
5.65013504028	-1
5.65013504028	-1
5.65013504028	-1
5.66837906837	-1
5.66837906837	-1
5.66837906837	-1
5.69465398788	-1
5.69465398788	-1
5.69465398788	-1
5.69465398788	-1
5.69468617439	1
5.70495414734	-1
5.70495414734	-1
5.72524809837	-1
5.72524809837	-1
5.72524809837	-1
5.74889111519	-1
5.74889111519	-1
5.74889111519	-1
5.75808501244	-1
5.78160405159	-1
5.78160405159	-1
5.78160405159	-1
5.80636620522	-1
5.80636620522	-1
5.80916714668	-1
5.80920815468	1
5.83765602112	-1
5.83765602112	-1
5.83765602112	-1
5.8662250042	-1
5.8662250042	-1
5.8662250042	-1
5.89002108574	-1
5.89002108574	-1
5.89002108574	-1
5.89002108574	-1
5.89002108574	-1
5.89002108574	-1
5.89002108574	-1
5.89002108574	-1
5.90066599846	-1
5.90066599846	-1
5.90066599846	-1
5.90066599846	-1
5.90066599846	-1
5.90066599846	-1
5.90961813927	-1
5.90961813927	-1
5.90961813927	-1
5.90961813927	-1
5.90961813927	-1
5.90961813927	-1
5.9195291996	-1
5.93886303902	-1
5.93886303902	-1
5.93886303902	-1
5.93886303902	-1
5.93886303902	-1
5.93886303902	-1
5.9497551918	-1
5.9497551918	-1
5.9497551918	-1
5.9497551918	-1
5.9497551918	-1
5.9497551918	-1
5.9497551918	-1
5.95882821083	-1
5.95998001099	1
5.98668503761	-1
5.98668503761	-1
5.98668503761	-1
5.98668503761	-1
5.98668503761	-1
5.98668503761	-1
6.00681018829	-1
6.00681018829	-1
6.01727199554	-1
6.01727199554	-1
6.01727199554	-1
6.01727199554	-1
6.01727199554	-1
6.01727199554	-1
6.03607106209	-1
6.03607106209	-1
6.03607106209	-1
6.03607106209	-1
6.03607106209	-1
6.06643199921	-1
6.06643199921	-1
6.06643199921	-1
6.06643199921	-1
6.06643199921	-1
6.06643199921	-1
6.06643199921	-1
6.06643199921	-1
6.07900619507	1
6.08942008018	-1
6.08942008018	-1
6.08942008018	-1
6.08942008018	-1
6.08942008018	-1
6.08942008018	-1
6.08942008018	-1
6.08942008018	-1
6.104377985	-1
6.104377985	-1
6.104377985	-1
6.104377985	-1
6.104377985	-1
6.104377985	-1
6.12091708183	-1
6.12091708183	-1
6.12091708183	-1
6.12910819054	-1
6.12910819054	-1
6.12910819054	-1
6.12910819054	-1
6.13719701767	-1
6.14045715332	1
6.14045715332	1
6.14045715332	1
6.15249109268	-1
6.15576910973	-1
6.15576910973	-1
6.15576910973	-1
6.15576910973	-1
6.17417001724	-1
6.17417001724	-1
6.18314814568	-1
6.18314814568	-1
6.18314814568	-1
6.18314814568	-1
6.18314814568	-1
6.18314814568	-1
6.18314814568	-1
6.19428920746	-1
6.19428920746	-1
6.19428920746	-1
6.20692801476	-1
6.22150802612	-1
6.22150802612	-1
6.22150802612	-1
6.22150802612	-1
6.22150802612	-1
6.22150802612	-1
6.24387001991	-1
6.24387001991	-1
6.2617661953	-1
6.2617661953	-1
6.27518320084	1
6.27518320084	1
6.27518320084	1
6.27591109276	1
6.27591109276	1
6.27591109276	1
6.27601003647	1
6.27601003647	1
6.29273104668	-1
6.29273104668	-1
6.29273104668	-1
6.30876612663	-1
6.30876612663	-1
6.30876612663	-1
6.32262921333	-1
6.32262921333	-1
6.32262921333	-1
6.34085607529	-1
6.34085607529	-1
6.35472106934	-1
6.35472106934	-1
6.36915802956	-1
6.36915802956	-1
6.36915802956	-1
6.37898802757	-1
6.37898802757	-1
6.38713812828	-1
6.38713812828	-1
6.38713812828	-1
6.39688801765	-1
6.39688801765	-1
6.39688801765	-1
6.41205906868	-1
6.41205906868	-1
6.41205906868	-1
6.41865301132	-1
6.41865301132	-1
6.41865301132	-1
6.41865301132	-1
6.41865301132	-1
6.41865301132	-1
6.43710398674	-1
6.43710398674	-1
6.43710398674	-1
6.43710398674	-1
6.43710398674	-1
6.43710398674	-1
6.44353508949	-1
6.44356703758	1
6.46661520004	-1
6.46661520004	-1
6.48488211632	-1
6.48488211632	-1
6.48488211632	-1
6.48488211632	-1
6.48488211632	-1
6.48488211632	-1
6.48488211632	-1
6.48488211632	-1
6.48488211632	-1
6.50165319443	-1
6.50165319443	-1
6.50165319443	-1
6.50165319443	-1
6.50165319443	-1
6.50165319443	-1
6.50165319443	-1
6.50165319443	-1
6.51838707924	-1
6.51838707924	-1
6.51838707924	-1
6.51838707924	-1
6.51838707924	-1
6.51838707924	-1
6.51838707924	-1
6.54133009911	-1
6.54133009911	-1
6.54133009911	-1
6.54133009911	-1
6.54133009911	-1
6.54133009911	-1
6.55274701118	-1
6.58355021477	-1
6.58355021477	-1
6.58355021477	-1
6.58355021477	-1
6.58355021477	-1
6.58355021477	-1
6.58358311653	1
6.58358311653	1
6.6168282032	-1
6.6168282032	-1
6.66096305847	-1
6.66096305847	-1
6.66096305847	-1
6.66096305847	-1
6.66096305847	-1
6.66096305847	-1
6.66096305847	-1
6.66096305847	-1
6.66096305847	-1
6.68045306206	-1
6.68045306206	-1
6.68045306206	-1
6.68045306206	-1
6.69303321838	-1
6.72236418724	-1
6.72236418724	-1
6.722397089	1
6.722397089	1
6.75376105309	-1
6.75376105309	-1
6.75376105309	-1
6.75376105309	-1
6.75376105309	-1
6.75376105309	-1
6.75376105309	-1
6.75376105309	-1
6.75376105309	-1
6.76431298256	-1
6.76431298256	-1
6.76431298256	-1
6.76431298256	-1
6.76431298256	-1
6.76431298256	-1
6.76431298256	-1
6.7737531662	-1
6.7737531662	-1
6.7737531662	-1
6.7737531662	-1
6.7737531662	-1
6.7737531662	-1
6.7737531662	-1
6.78892707825	-1
6.78892707825	-1
6.79896211624	-1
6.79896211624	-1
6.79896211624	-1
6.80628705025	-1
6.80628705025	-1
6.80628705025	-1
6.80628705025	-1
6.80628705025	-1
6.80628705025	-1
6.80628705025	-1
6.81528615952	-1
6.82645201683	-1
6.82645201683	-1
6.82645201683	-1
6.82645201683	-1
6.82645201683	-1
6.82645201683	-1
6.82645201683	-1
6.82737207413	1
6.82737207413	1
6.82737207413	1
6.82987213135	1
6.82987213135	1
6.83641815186	-1
6.83641815186	-1
6.83641815186	-1
6.83641815186	-1
6.83641815186	-1
6.84542798996	-1
6.87219309807	-1
6.87219309807	-1
6.87219309807	-1
6.87219309807	-1
6.88119602203	-1
6.88837599754	-1
6.88837599754	-1
6.90366101265	-1
6.90366101265	-1
6.90366101265	-1
6.91790413857	-1
6.91790413857	-1
6.91790413857	-1
6.91790413857	-1
6.91790413857	-1
6.91790413857	-1
6.93138504028	-1
6.93138504028	-1
6.93138504028	-1
6.93138504028	-1
6.93138504028	-1
6.93138504028	-1
6.93277406693	1
6.93277406693	1
6.93277406693	1
6.93808698654	-1
6.94663310051	-1
6.94663310051	-1
6.94663310051	-1
6.94663310051	-1
6.94663310051	-1
6.94663310051	-1
6.94663310051	-1
6.96289801598	-1
6.96289801598	-1
6.96289801598	-1
6.96289801598	-1
6.96289801598	-1
6.96289801598	-1
6.96289801598	-1
6.96994113922	-1
6.96994113922	-1
6.96994113922	-1
6.9893321991	-1
6.9893321991	-1
6.9893321991	-1
6.9893321991	-1
6.9893321991	-1
6.9893321991	-1
7.0049700737	-1
7.0049700737	-1
7.01779603958	-1
7.01779603958	-1
7.04157304764	-1
7.04157304764	-1
7.04157304764	-1
7.06824016571	-1
7.06824016571	-1
7.06824016571	-1
7.08107614517	-1
7.08107614517	-1
7.10519313812	-1
7.10519313812	-1
7.10519313812	-1
7.12844514847	-1
7.12844514847	-1
7.13878703117	-1
7.13878703117	-1
7.13878703117	-1
7.13878703117	-1
7.15736508369	-1
7.15736508369	-1
7.15736508369	-1
7.15736508369	-1
7.15736508369	-1
7.15736508369	-1
7.17015004158	-1
7.19469118118	-1
7.19469118118	-1
7.19469118118	-1
7.20677518845	-1
7.20677518845	-1
7.23014616966	-1
7.23014616966	-1
7.23014616966	-1
7.24711513519	-1
7.24797105789	1
7.2658560276	-1
7.2658560276	-1
7.2658560276	-1
7.27490210533	-1
7.27490210533	-1
7.27490210533	-1
7.27490210533	-1
7.27490210533	-1
7.29542708397	-1
7.29542708397	-1
7.29542708397	-1
7.29542708397	-1
7.29542708397	-1
7.29542708397	-1
7.31301999092	-1
7.31301999092	-1
7.31301999092	-1
7.31301999092	-1
7.31301999092	-1
7.31301999092	-1
7.32901215553	-1
7.32901215553	-1
7.32901215553	-1
7.34560012817	-1
7.35297203064	-1
7.35297203064	-1
7.35297203064	-1
7.35297203064	-1
7.35297203064	-1
7.36215806007	-1
7.36245703697	1
7.37316298485	-1
7.37316298485	-1
7.37316298485	-1
7.37316298485	-1
7.37316298485	-1
7.37316298485	-1
7.37316298485	-1
7.38268518448	-1
7.38268518448	-1
7.38268518448	-1
7.38268518448	-1
7.39966320992	-1
7.39966320992	-1
7.39966320992	-1
7.39966320992	-1
7.39966320992	-1
7.39966320992	-1
7.39966320992	-1
7.41569805145	-1
7.41569805145	-1
7.41569805145	-1
7.41569805145	-1
7.41569805145	-1
7.41569805145	-1
7.41569805145	-1
7.43236613274	-1
7.43236613274	-1
7.43236613274	-1
7.43236613274	-1
7.43861198425	-1
7.44674301147	-1
7.44674301147	-1
7.44674301147	-1
7.44674301147	-1
7.44674301147	-1
7.44674301147	-1
7.44674301147	-1
7.46097612381	-1
7.46967816353	-1
7.46967816353	-1
7.46967816353	-1
7.46967816353	-1
7.46967816353	-1
7.46967816353	-1
7.46967816353	-1
7.46967816353	-1
7.47719120979	1
7.47719120979	1
7.48348021507	-1
7.48348021507	-1
7.48348021507	-1
7.48348021507	-1
7.49298214912	-1
7.49298214912	-1
7.49298214912	-1
7.49298214912	-1
7.49298214912	-1
7.49298214912	-1
7.50160503387	-1
7.50160503387	-1
7.50160503387	-1
7.50160503387	-1
7.50160503387	-1
7.50160503387	-1
7.50160503387	-1
7.51977300644	-1
7.51977300644	-1
7.51977300644	-1
7.51977300644	-1
7.52650904655	-1
7.54865217209	-1
7.54865217209	-1
7.54865217209	-1
7.54865217209	-1
7.54865217209	-1
7.54865217209	-1
7.54865217209	-1
7.54865217209	-1
7.59205818176	-1
7.59205818176	-1
7.59210014343	1
7.621489048	-1
7.621489048	-1
7.621489048	-1
7.62348103523	1
7.62348103523	1
7.62348103523	1
7.64276409149	-1
7.64276409149	-1
7.6538040638	-1
7.6538040638	-1
7.6538040638	-1
7.6538040638	-1
7.6538040638	-1
7.70683407784	1
7.84394621849	1
7.95832109451	-1
7.98410511017	-1
7.98410511017	-1
7.98410511017	-1
7.98410511017	-1
7.98410511017	-1
7.99853301048	-1
8.00131201744	1
8.02839899063	-1
8.02839899063	-1
8.02839899063	-1
8.05796408653	-1
8.05796408653	-1
8.05796408653	-1
8.07734203339	-1
8.09874200821	-1
8.09874200821	-1
8.1376760006	-1
8.1376760006	-1
8.1376760006	-1
8.13770914078	1
8.16077303886	-1
8.16077303886	-1
8.18659520149	-1
8.18659520149	-1
8.18659520149	-1
8.18659520149	-1
8.18659520149	-1
8.18659520149	-1
8.18659520149	-1
8.18659520149	-1
8.20021510124	-1
8.21696805954	1
8.21696805954	1
8.21696805954	1
8.23873305321	-1
8.23873305321	-1
8.23873305321	-1
8.2414560318	1
8.2414560318	1
8.26008105278	-1
8.26008105278	-1
8.26281404495	1
8.26281404495	1
8.26281404495	1
8.27305603027	-1
8.27305603027	-1
8.27305603027	-1
8.27305603027	-1
8.27305603027	-1
8.27305603027	-1
8.33197712898	-1
8.334015131	1
8.334015131	1
8.44878602028	-1
8.49428915977	-1
8.49428915977	-1
8.49428915977	-1
8.50304198265	-1
8.50304198265	-1
8.50304198265	-1
8.50304198265	-1
8.50304198265	-1
8.50308418274	1
8.52171206474	-1
8.52171206474	-1
8.52171206474	-1
8.52171206474	-1
8.59643816948	-1
8.59643816948	-1
8.60772109032	-1
8.60772109032	-1
8.60772109032	-1
8.60772109032	-1
8.60772109032	-1
8.60772109032	-1
8.60772109032	-1
8.61720013618	-1
8.61720013618	-1
8.61720013618	-1
8.61720013618	-1
8.61720013618	-1
8.61720013618	-1
8.61720013618	-1
8.62699103355	-1
8.62699103355	-1
8.62699103355	-1
8.62699103355	-1
8.62699103355	-1
8.62699103355	-1
8.62699103355	-1
8.64982509613	-1
8.65803813934	-1
8.65803813934	-1
8.65803813934	-1
8.68103218079	-1
8.68103218079	-1
8.68103218079	-1
8.68287110329	1
8.70066905022	-1
8.70066905022	-1
8.71500611305	-1
8.71740007401	-1
8.71740007401	-1
8.71740007401	-1
8.71740007401	-1
8.71740007401	-1
8.71740007401	-1
8.71740007401	-1
8.72290921211	-1
8.72290921211	-1
8.72290921211	-1
8.72290921211	-1
8.72290921211	-1
8.72290921211	-1
8.72290921211	-1
8.73169398308	-1
8.73169398308	-1
8.73169398308	-1
8.73169398308	-1
8.73169398308	-1
8.73169398308	-1
8.73169398308	-1
8.73282003403	1
8.73282003403	1
8.73282003403	1
8.74681019783	-1
8.75641202927	-1
8.75641202927	-1
8.75641202927	-1
8.75641202927	-1
8.75641202927	-1
8.75641202927	-1
8.75641202927	-1
8.75641202927	-1
8.76560902596	-1
8.77386021614	-1
8.77386021614	-1
8.77386021614	-1
8.77386021614	-1
8.77386021614	-1
8.77386021614	-1
8.78913903236	-1
8.78913903236	-1
8.78913903236	-1
8.78913903236	-1
8.78913903236	-1
8.80744719505	-1
8.80744719505	-1
8.82124209404	-1
8.82124209404	-1
8.82124209404	-1
8.82124209404	-1
8.82124209404	-1
8.82124209404	-1
8.84429001808	-1
8.84429001808	-1
8.84429001808	-1
8.84429001808	-1
8.84429001808	-1
8.84429001808	-1
8.84429001808	-1
8.85026812553	-1
8.85026812553	-1
8.85026812553	-1
8.85026812553	-1
8.85026812553	-1
8.85026812553	-1
8.85026812553	-1
8.85026812553	-1
8.87095403671	-1
8.87095403671	-1
8.88181400299	-1
8.88181400299	-1
8.88181400299	-1
8.88181400299	-1
8.88181400299	-1
8.90232300758	-1
8.90232300758	-1
8.90232300758	-1
8.90232300758	-1
8.90232300758	-1
8.90232300758	-1
8.90232300758	-1
8.91286420822	-1
8.91286420822	-1
8.91286420822	-1
8.91286420822	-1
8.91286420822	-1
8.91286420822	-1
8.91286420822	-1
8.93172812462	-1
8.93172812462	-1
8.93172812462	-1
8.93172812462	-1
8.93172812462	-1
8.93172812462	-1
8.93172812462	-1
8.93172812462	-1
8.9317381382	1
8.9317381382	1
8.95785903931	-1
8.95785903931	-1
8.95785903931	-1
8.95785903931	-1
8.95785903931	-1
8.95785903931	-1
8.95785903931	-1
8.95785903931	-1
8.95785903931	-1
8.98799300194	-1
8.98799300194	-1
8.98799300194	-1
8.98799300194	-1
8.98799300194	-1
8.98799300194	-1
8.98799300194	-1
8.98799300194	-1
9.0081641674	-1
9.0081641674	-1
9.0081641674	-1
9.0081641674	-1
9.0081641674	-1
9.0081641674	-1
9.02419900894	-1
9.02419900894	-1
9.03290200233	-1
9.03290200233	-1
9.03290200233	-1
9.03290200233	-1
9.03290200233	-1
9.03290200233	-1
9.03290200233	-1
9.0394141674	-1
9.0394141674	-1
9.0394141674	-1
9.0394141674	-1
9.0394141674	-1
9.0394141674	-1
9.0394141674	-1
9.04559898376	-1
9.04559898376	-1
9.04559898376	-1
9.04559898376	-1
9.04559898376	-1
9.04559898376	-1
9.04559898376	-1
9.06202316284	-1
9.0620341301	1
9.06701898575	-1
9.06701898575	-1
9.06701898575	-1
9.06701898575	-1
9.06701898575	-1
9.06701898575	-1
9.06701898575	-1
9.06701898575	-1
9.08665299416	-1
9.08665299416	-1
9.08665299416	-1
9.08665299416	-1
9.08665299416	-1
9.08665299416	-1
9.08665299416	-1
9.08665299416	-1
9.08665299416	-1
9.0946791172	-1
9.0946791172	-1
9.0946791172	-1
9.0946791172	-1
9.0946791172	-1
9.0946791172	-1
9.0946791172	-1
9.10291099548	-1
9.10291099548	-1
9.10291099548	-1
9.10291099548	-1
9.10291099548	-1
9.10291099548	-1
9.10291099548	-1
9.12279701233	-1
9.12279701233	-1
9.12624812126	-1
9.12624812126	-1
9.12624812126	-1
9.12624812126	-1
9.12624812126	-1
9.12624812126	-1
9.12624812126	-1
9.13883018494	-1
9.14773821831	-1
9.14773821831	-1
9.14773821831	-1
9.14773821831	-1
9.14773821831	-1
9.14773821831	-1
9.14773821831	-1
9.15294098854	-1
9.16155219078	-1
9.16155219078	-1
9.16155219078	-1
9.16155219078	-1
9.16155219078	-1
9.16155219078	-1
9.16155219078	-1
9.16807699203	-1
9.18366098404	-1
9.18366098404	-1
9.18366098404	-1
9.18366098404	-1
9.18366098404	-1
9.18369412422	1
9.1907851696	-1
9.19636702538	1
9.19636702538	1
9.19636702538	1
9.20935916901	-1
9.20935916901	-1
9.20935916901	-1
9.20935916901	-1
9.20935916901	-1
9.20935916901	-1
9.20935916901	-1
9.22523808479	-1
9.22523808479	-1
9.22523808479	-1
9.22523808479	-1
9.22523808479	-1
9.22523808479	-1
9.22523808479	-1
9.22523808479	-1
9.23716902733	-1
9.23716902733	-1
9.24284219742	-1
9.24284219742	-1
9.26168203354	-1
9.26168203354	-1
9.26168203354	-1
9.26168203354	-1
9.26168203354	-1
9.26168203354	-1
9.26168203354	-1
9.26168203354	-1
9.27397108078	-1
9.27397108078	-1
9.27397108078	-1
9.27397108078	-1
9.28601503372	-1
9.29784703255	-1
9.29784703255	-1
9.29784703255	-1
9.30220317841	1
9.30220317841	1
9.30558800697	-1
9.30558800697	-1
9.30558800697	-1
9.30558800697	-1
9.30558800697	-1
9.30558800697	-1
9.32023215294	-1
9.32023215294	-1
9.32023215294	-1
9.32023215294	-1
9.32023215294	-1
9.3375852108	-1
9.3375852108	-1
9.3375852108	-1
9.3375852108	-1
9.3375852108	-1
9.3375852108	-1
9.3375852108	-1
9.34486699104	-1
9.34486699104	-1
9.34486699104	-1
9.34486699104	-1
9.34486699104	-1
9.34486699104	-1
9.34486699104	-1
9.37091612816	-1
9.37091612816	-1
9.37091612816	-1
9.37091612816	-1
9.37091612816	-1
9.37091612816	-1
9.37091612816	-1
9.37091612816	-1
9.37091612816	-1
9.37840199471	-1
9.37840199471	-1
9.40161299706	-1
9.40161299706	-1
9.40994906425	-1
9.40994906425	-1
9.40994906425	-1
9.43111109734	1
9.43111109734	1
9.63312506676	-1
9.63445520401	1
9.74788713455	-1
9.74788713455	-1
9.7590470314	1
9.7590470314	1
9.86472010612	-1
9.86472010612	-1
9.86472010612	-1
9.87462806702	1
9.87462806702	1
10.0267980099	1
10.0405189991	-1
10.0605621338	-1
10.0605621338	-1
10.0605621338	-1
10.0605621338	-1
10.0605621338	-1
10.0605621338	-1
10.0605621338	-1
10.0832111835	-1
10.0832350254	-1
10.0832350254	-1
10.0832350254	-1
10.1751739979	-1
10.1765341759	-1
10.1765341759	-1
10.1765341759	-1
10.1765341759	-1
10.1765341759	-1
10.1765341759	-1
10.2043352127	-1
10.2043352127	-1
10.2043352127	-1
10.2302000523	-1
10.2302000523	-1
10.2336790562	1
10.2438390255	-1
10.2438390255	-1
10.2438390255	-1
10.2438390255	-1
10.2438390255	-1
10.2438390255	-1
10.2690470219	-1
10.2690470219	-1
10.2690470219	-1
10.2690470219	-1
10.2868230343	-1
10.3243601322	-1
10.3243601322	-1
10.3243601322	-1
10.3569672108	-1
10.3569672108	-1
10.3569672108	-1
10.3569672108	-1
10.3569672108	-1
10.3569672108	-1
10.3569672108	-1
10.3569672108	-1
10.3594901562	1
10.3729150295	-1
10.3729150295	-1
10.3729150295	-1
10.3729150295	-1
10.3729150295	-1
10.3729150295	-1
10.3729150295	-1
10.384732008	-1
10.384732008	-1
10.384732008	-1
10.384732008	-1
10.384732008	-1
10.384732008	-1
10.384732008	-1
10.4219090939	-1
10.4219090939	-1
10.4219090939	-1
10.4219090939	-1
10.4219090939	-1
10.4219090939	-1
10.4219090939	-1
10.4219090939	-1
10.4389371872	-1
10.4571640491	-1
10.4571640491	-1
10.4571640491	-1
10.4571640491	-1
10.4571640491	-1
10.4571640491	-1
10.4571640491	-1
10.4813501835	-1
10.4813811779	1
10.4949491024	-1
10.4949491024	-1
10.4949491024	-1
10.4973971844	1
10.4973971844	1
10.4973971844	1
10.5061781406	-1
10.5061781406	-1
10.5061781406	-1
10.5061781406	-1
10.5061781406	-1
10.5061781406	-1
10.5061781406	-1
10.5169951916	-1
10.5389020443	-1
10.5389020443	-1
10.5389020443	-1
10.5540401936	-1
10.5868082047	-1
10.5868082047	-1
10.5868082047	-1
10.5868082047	-1
10.5868082047	-1
10.5868082047	-1
10.5868082047	-1
10.5868082047	-1
10.6049830914	-1
10.6049830914	-1
10.6049830914	-1
10.6049830914	-1
10.6049830914	-1
10.6049830914	-1
10.6049830914	-1
10.6206531525	-1
10.6206531525	-1
10.6206531525	-1
10.6206531525	-1
10.6206531525	-1
10.6206531525	-1
10.6206531525	-1
10.6622490883	-1
10.6622490883	-1
10.6622490883	-1
10.6622490883	-1
10.6622490883	-1
10.6622490883	-1
10.6622490883	-1
10.6622490883	-1
10.6622490883	-1
10.6971771717	-1
10.6971771717	-1
10.6971771717	-1
10.6971771717	-1
10.6971771717	-1
10.6971771717	-1
10.6971771717	-1
10.7342011929	-1
10.7342011929	-1
10.7342011929	-1
10.7342011929	-1
10.7342011929	-1
10.7342340946	1
10.7342340946	1
10.7459461689	-1
10.7716159821	-1
10.7716159821	-1
10.7716159821	-1
10.7716159821	-1
10.7716159821	-1
10.7716159821	-1
10.7716159821	-1
10.7857851982	-1
10.7981760502	-1
10.7981760502	-1
10.7981760502	-1
10.8280351162	-1
10.8280351162	-1
10.8423290253	-1
10.8423290253	-1
10.8423290253	-1
10.8423290253	-1
10.8423290253	-1
10.8423290253	-1
10.8489601612	1
10.8542461395	-1
10.8542461395	-1
10.8542461395	-1
10.8542461395	-1
10.8542461395	-1
10.8542461395	-1
10.8542461395	-1
10.88164711	-1
10.88164711	-1
10.88164711	-1
10.88164711	-1
10.88164711	-1
10.88164711	-1
10.88164711	-1
10.88164711	-1
10.9120590687	-1
10.9120590687	-1
10.926967144	-1
10.926967144	-1
10.926967144	-1
10.926967144	-1
10.926967144	-1
10.926967144	-1
10.926967144	-1
10.9440050125	-1
10.9571721554	-1
10.9571721554	-1
10.9571721554	-1
10.9571721554	-1
10.9571721554	-1
10.9571721554	-1
10.9571721554	-1
10.9638860226	1
10.9681081772	-1
10.9681081772	-1
10.9681081772	-1
10.9681081772	-1
10.9681081772	-1
10.9681081772	-1
10.9681081772	-1
10.9837942123	-1
10.9837942123	-1
10.9837942123	-1
10.9837942123	-1
10.9837942123	-1
10.9837942123	-1
10.9837942123	-1
11.02729702	-1
11.02729702	-1
11.02729702	-1
11.02729702	-1
11.02729702	-1
11.02729702	-1
11.0536661148	-1
11.0536661148	-1
11.0536661148	-1
11.0536661148	-1
11.0536661148	-1
11.0536661148	-1
11.0536661148	-1
11.0678369999	-1
11.079018116	1
11.0814340115	-1
11.0814340115	-1
11.0814340115	-1
11.0814340115	-1
11.0814340115	-1
11.0814340115	-1
11.0814340115	-1
11.0946311951	-1
11.0946311951	-1
11.0946311951	-1
11.0946311951	-1
11.0946311951	-1
11.0946311951	-1
11.0946311951	-1
11.0946311951	-1
11.1169052124	-1
11.1169052124	-1
11.1169052124	-1
11.1169052124	-1
11.1169052124	-1
11.1169052124	-1
11.1169052124	-1
11.1169052124	-1
11.1334111691	-1
11.1334111691	-1
11.1513290405	-1
11.1513290405	-1
11.1513290405	-1
11.1513290405	-1
11.1513290405	-1
11.1513290405	-1
11.1513290405	-1
11.1513290405	-1
11.1863582134	-1
11.1863582134	-1
11.1863582134	-1
11.1863582134	-1
11.1863582134	-1
11.1863582134	-1
11.1863582134	-1
11.1863582134	-1
11.1863582134	-1
11.193595171	1
11.193595171	1
11.2028110027	-1
11.2028110027	-1
11.2028110027	-1
11.2028110027	-1
11.2028110027	-1
11.2028110027	-1
11.2028110027	-1
11.212968111	-1
11.212968111	-1
11.212968111	-1
11.212968111	-1
11.212968111	-1
11.212968111	-1
11.212968111	-1
11.2465541363	-1
11.2465541363	-1
11.2465541363	-1
11.2465541363	-1
11.2465541363	-1
11.2465541363	-1
11.2465541363	-1
11.2465541363	-1
11.2465541363	-1
11.2731142044	-1
11.2731142044	-1
11.2829031944	-1
11.2829031944	-1
11.2829031944	-1
11.2829031944	-1
11.2829031944	-1
11.2829031944	-1
11.3025832176	-1
11.3025832176	-1
11.3046050072	1
11.3046050072	1
11.3046050072	1
11.4339711666	1
11.4921181202	-1
11.5188381672	-1
11.5188381672	-1
11.5188381672	-1
11.5202431679	1
11.5202431679	1
11.5202431679	1
11.5375561714	-1
11.5375561714	-1
11.5391039848	1
11.5391039848	1
11.715075016	1
11.7886660099	-1
11.7886660099	-1
11.8057031631	-1
11.8057031631	-1
11.8057031631	-1
11.8057031631	-1
11.8057031631	-1
11.8057031631	-1
11.8057031631	-1
11.8261110783	-1
11.8262271881	-1
11.8262271881	-1
11.8262271881	-1
11.841157198	1
11.8678870201	-1
11.8678870201	-1
11.8678870201	-1
11.8678870201	-1
11.8678870201	-1
11.8678870201	-1
11.8678870201	-1
11.8678870201	-1
11.8678870201	-1
11.8809850216	-1
11.8809850216	-1
11.8934271336	-1
11.8934271336	-1
11.8987810612	-1
11.8987810612	-1
11.8987810612	-1
11.8987810612	-1
11.8987810612	-1
11.8987810612	-1
11.9129722118	-1
11.9129722118	-1
11.9129722118	-1
11.9129722118	-1
11.9129722118	-1
11.9489941597	-1
11.9606161118	-1
11.9606161118	-1
11.9606161118	-1
11.9606161118	-1
11.9606161118	-1
11.9606161118	-1
11.9606161118	-1
11.9606161118	-1
11.9662461281	-1
11.9662461281	-1
11.9662461281	-1
11.9662461281	-1
11.9662461281	-1
11.9662461281	-1
11.9662461281	-1
11.9736070633	-1
11.9736070633	-1
11.9736070633	-1
11.9736070633	-1
11.9736070633	-1
11.9736070633	-1
11.9736070633	-1
11.9866921902	-1
11.9866921902	-1
11.9953141212	-1
11.9953141212	-1
11.9953141212	-1
11.9953141212	-1
11.9953141212	-1
11.9953141212	-1
11.9953141212	-1
12.0108411312	-1
12.0178611279	-1
12.0189061165	-1
12.0189061165	-1
12.0189061165	-1
12.0189061165	-1
12.0189061165	-1
12.0189061165	-1
12.0334541798	-1
12.0334541798	-1
12.0334541798	-1
12.0334541798	-1
12.0334541798	-1
12.0334541798	-1
12.0334541798	-1
12.0412290096	-1
12.0494019985	-1
12.0494019985	-1
12.0494019985	-1
12.0494019985	-1
12.0563440323	-1
12.0654220581	-1
12.0654220581	-1
12.0654220581	-1
12.0654220581	-1
12.0654220581	-1
12.0654220581	-1
12.0817811489	-1
12.0817811489	-1
12.0817811489	-1
12.0817811489	-1
12.0817811489	-1
12.0831182003	1
12.0965621471	-1
12.0965621471	-1
12.0965621471	-1
12.0965621471	-1
12.0965621471	-1
12.0965621471	-1
12.0965621471	-1
12.1040861607	-1
12.1040861607	-1
12.1040861607	-1
12.1040861607	-1
12.1040861607	-1
12.1040861607	-1
12.1040861607	-1
12.1189610958	-1
12.1189610958	-1
12.1189610958	-1
12.1189610958	-1
12.1189610958	-1
12.1189610958	-1
12.1189610958	-1
12.1189610958	-1
12.1323990822	-1
12.1323990822	-1
12.1377441883	-1
12.1377441883	-1
12.1377441883	-1
12.1377441883	-1
12.1377441883	-1
12.1377441883	-1
12.1377441883	-1
12.1496210098	-1
12.1496210098	-1
12.1541991234	-1
12.1541991234	-1
12.1541991234	-1
12.1541991234	-1
12.1541991234	-1
12.1541991234	-1
12.1656401157	-1
12.1656401157	-1
12.1656401157	-1
12.1701741219	-1
12.1711680889	1
12.1711680889	1
12.1711680889	1
12.1748421192	1
12.1748421192	1
12.1748421192	1
12.1755781174	-1
12.1755781174	-1
12.1755781174	-1
12.1755781174	-1
12.1755781174	-1
12.1755781174	-1
12.1850070953	-1
12.1850070953	-1
12.1911110878	-1
12.1911110878	-1
12.1911110878	-1
12.1911110878	-1
12.1911110878	-1
12.1911110878	-1
12.1911110878	-1
12.2002241611	-1
12.2002241611	-1
12.2002241611	-1
12.2002241611	-1
12.2002241611	-1
12.2002241611	-1
12.2002241611	-1
12.2095210552	-1
12.2095210552	-1
12.2095210552	-1
12.2095210552	-1
12.2095210552	-1
12.2095210552	-1
12.2095210552	-1
12.2159130573	-1
12.2297720909	-1
12.2297720909	-1
12.2297720909	-1
12.2297720909	-1
12.2297720909	-1
12.2297720909	-1
12.2297720909	-1
12.2297720909	-1
12.2366781235	-1
12.2481300831	-1
12.2481300831	-1
12.2481300831	-1
12.2481300831	-1
12.2481300831	-1
12.2481300831	-1
12.2481300831	-1
12.2606990337	-1
12.2606990337	-1
12.2606990337	-1
12.2606990337	-1
12.2606990337	-1
12.2606990337	-1
12.2606990337	-1
12.2606990337	-1
12.267441988	-1
12.267441988	-1
12.267441988	-1
12.267441988	-1
12.267441988	-1
12.267441988	-1
12.267441988	-1
12.267441988	-1
12.2703130245	1
12.2703130245	1
12.2703130245	1
12.2736070156	-1
12.2808361053	-1
12.2808361053	-1
12.2808361053	-1
12.2808361053	-1
12.2808361053	-1
12.2808361053	-1
12.2808361053	-1
12.2887120247	-1
12.3059949875	-1
12.3059949875	-1
12.3059949875	-1
12.3059949875	-1
12.3059949875	-1
12.3059949875	-1
12.3059949875	-1
12.3059949875	-1
12.3164269924	-1
12.3164269924	-1
12.3164269924	-1
12.3164269924	-1
12.3164269924	-1
12.3164269924	-1
12.3164269924	-1
12.3164680004	1
12.3246860504	-1
12.3246860504	-1
12.3246860504	-1
12.3246860504	-1
12.3246860504	-1
12.3246860504	-1
12.3246860504	-1
12.3485100269	-1
12.3485100269	-1
12.3485701084	-1
12.3485701084	-1
12.3485701084	-1
12.3485701084	-1
12.3485701084	-1
12.3485701084	-1
12.3485701084	-1
12.3616991043	-1
12.3616991043	-1
12.3749539852	-1
12.3749539852	-1
12.3805711269	-1
12.3805711269	-1
12.3805711269	-1
12.3805711269	-1
12.3805711269	-1
12.3805711269	-1
12.393376112	-1
12.393376112	-1
12.393376112	-1
12.393376112	-1
12.393376112	-1
12.393376112	-1
12.393376112	-1
12.393376112	-1
12.401102066	-1
12.401102066	-1
12.401102066	-1
12.401102066	-1
12.401102066	-1
12.401102066	-1
12.401102066	-1
12.4087460041	-1
12.4113659859	1
12.4113659859	1
12.4113659859	1
12.4202260971	-1
12.4202260971	-1
12.4202260971	-1
12.4202260971	-1
12.4202260971	-1
12.4202260971	-1
12.4202260971	-1
12.4202260971	-1
12.427434206	-1
12.4395990372	-1
12.4395990372	-1
12.4395990372	-1
12.4395990372	-1
12.4395990372	-1
12.4395990372	-1
12.4395990372	-1
12.4395990372	-1
12.4396381378	1
12.4445500374	-1
12.4445500374	-1
12.4445500374	-1
12.4445500374	-1
12.4445500374	-1
12.4445500374	-1
12.4445500374	-1
12.4527170658	-1
12.4527170658	-1
12.4527170658	-1
12.4527170658	-1
12.4527170658	-1
12.4527170658	-1
12.4527170658	-1
12.4643549919	-1
12.4643549919	-1
12.4695360661	-1
12.4695360661	-1
12.4695360661	-1
12.4695360661	-1
12.4695360661	-1
12.4695360661	-1
12.4695360661	-1
12.4752500057	-1
12.4883401394	-1
12.4883401394	-1
12.4883401394	-1
12.4883401394	-1
12.4883401394	-1
12.4883401394	-1
12.4883401394	-1
12.4936490059	-1
12.5069601536	-1
12.5069601536	-1
12.5069601536	-1
12.5069601536	-1
12.5069601536	-1
12.5069601536	-1
12.5069601536	-1
12.5069601536	-1
12.5163390636	-1
12.5163390636	-1
12.5163390636	-1
12.5163390636	-1
12.5163390636	-1
12.5163390636	-1
12.5163390636	-1
12.5223810673	-1
12.5223810673	-1
12.5223810673	-1
12.5223810673	-1
12.5223810673	-1
12.5223810673	-1
12.5223810673	-1
12.5234730244	1
12.5234730244	1
12.5234730244	1
12.5456781387	-1
12.5456781387	-1
12.5456781387	-1
12.5456781387	-1
12.5456781387	-1
12.5456781387	-1
12.5456781387	-1
12.5456781387	-1
12.5456781387	-1
12.5704581738	-1
12.5704581738	-1
12.5704581738	-1
12.5704581738	-1
12.5704581738	-1
12.5704581738	-1
12.5704581738	-1
12.5810060501	-1
12.5889041424	-1
12.5889041424	-1
12.5889041424	-1
12.5889041424	-1
12.5889041424	-1
12.5889041424	-1
12.5889041424	-1
12.5967941284	-1
12.6127240658	-1
12.6127240658	-1
12.6127240658	-1
12.6127240658	-1
12.6127240658	-1
12.6127240658	-1
12.6127240658	-1
12.6127240658	-1
12.6209561825	-1
12.6209561825	-1
12.6209561825	-1
12.6209561825	-1
12.6209561825	-1
12.6209561825	-1
12.6209561825	-1
12.6288611889	-1
12.6288611889	-1
12.6288611889	-1
12.6288611889	-1
12.6288611889	-1
12.6288611889	-1
12.6288611889	-1
12.646378994	-1
12.646378994	-1
12.6559422016	-1
12.6559422016	-1
12.6559422016	-1
12.6559422016	-1
12.6559422016	-1
12.6559422016	-1
12.6559422016	-1
12.6648290157	-1
12.6725502014	-1
12.6725502014	-1
12.6725502014	-1
12.6725502014	-1
12.6725502014	-1
12.6725502014	-1
12.6725502014	-1
12.6814579964	-1
12.6814579964	-1
12.6814579964	-1
12.6814579964	-1
12.6814579964	-1
12.6814579964	-1
12.6814579964	-1
12.6901211739	-1
12.6901211739	-1
12.6901211739	-1
12.6901211739	-1
12.6901211739	-1
12.6901211739	-1
12.6901211739	-1
12.6901321411	1
12.6901321411	1
12.6987991333	-1
12.7139520645	-1
12.7139520645	-1
12.7139520645	-1
12.7139520645	-1
12.7139520645	-1
12.7139520645	-1
12.7139520645	-1
12.7139520645	-1
12.7434990406	-1
12.7434990406	-1
12.7622270584	-1
12.7622270584	-1
12.7622270584	-1
12.7622270584	-1
12.7622270584	-1
12.7622270584	-1
12.7622270584	-1
12.7622270584	-1
12.7704291344	-1
12.7704291344	-1
12.7704291344	-1
12.7704291344	-1
12.7704291344	-1
12.7704291344	-1
12.7704291344	-1
12.7909181118	-1
12.7909181118	-1
12.7909181118	-1
12.7909181118	-1
12.7909181118	-1
12.7909181118	-1
12.7909181118	-1
12.7909181118	-1
12.8144271374	-1
12.8144271374	-1
12.8144440651	1
12.8252401352	-1
12.8252401352	-1
12.8252401352	-1
12.8252401352	-1
12.8252401352	-1
12.8252401352	-1
12.8252401352	-1
12.8370962143	-1
12.8581750393	-1
12.8581750393	-1
12.8624341488	-1
12.8624341488	-1
12.8624341488	-1
12.8624341488	-1
12.8624341488	-1
12.8624341488	-1
12.8791320324	-1
12.8791320324	-1
12.8791320324	-1
12.8791320324	-1
12.8889200687	-1
12.916036129	-1
12.916036129	-1
12.916036129	-1
12.9181821346	1
12.9181821346	1
12.9181821346	1
12.9295501709	-1
12.9295501709	-1
12.9295899868	1
12.9347929955	-1
12.9347929955	-1
12.9347929955	-1
12.9347929955	-1
12.9347929955	-1
12.9347929955	-1
12.9347929955	-1
12.9359371662	1
12.9359371662	1
12.9359371662	1
12.940939188	-1
12.940939188	-1
12.940939188	-1
12.940939188	-1
12.940939188	-1
12.940939188	-1
12.940939188	-1
12.9464371204	-1
12.9464371204	-1
12.9464371204	-1
12.9464371204	-1
12.9464371204	-1
12.9464371204	-1
12.9464371204	-1
12.9531002045	-1
12.9683802128	-1
12.9683802128	-1
12.9683802128	-1
12.9683802128	-1
12.9683802128	-1
12.9683802128	-1
12.9683802128	-1
12.9683802128	-1
12.9904360771	-1
12.9904360771	-1
12.9904360771	-1
12.9915411472	1
12.9915411472	1
12.9996910095	-1
12.9996910095	-1
12.9996910095	-1
12.9996910095	-1
12.9996910095	-1
12.9996910095	-1
12.9996910095	-1
13.0090150833	-1
13.0090150833	-1
13.0090150833	-1
13.0090150833	-1
13.0090150833	-1
13.0090150833	-1
13.0090150833	-1
13.0163190365	-1
13.0163190365	-1
13.0163190365	-1
13.0163190365	-1
13.0163190365	-1
13.0163190365	-1
13.0163190365	-1
13.0219700336	-1
13.0348989964	-1
13.0348989964	-1
13.0348989964	-1
13.0348989964	-1
13.0348989964	-1
13.0348989964	-1
13.0348989964	-1
13.0348989964	-1
13.0468101501	-1
13.0468101501	-1
13.0468101501	-1
13.0468101501	-1
13.0468490124	1
13.0536501408	-1
13.1049342155	-1
13.1049342155	-1
13.1343231201	1
13.1343231201	1
13.1343231201	1
13.3374631405	-1
13.3387680054	1
13.4248521328	-1
13.4248521328	-1
13.4248521328	-1
13.4248521328	-1
13.4248521328	-1
13.4248521328	-1
13.445084095	-1
13.445084095	-1
13.4533531666	-1
13.4533960819	1
13.4533960819	1
13.4788911343	-1
13.4788911343	-1
13.4788911343	-1
13.4788911343	-1
13.4788911343	-1
13.4788911343	-1
13.4788911343	-1
13.5113680363	-1
13.5173070431	-1
13.5173070431	-1
13.5173070431	-1
13.5587379932	-1
13.5587379932	-1
13.5587379932	-1
13.5587379932	-1
13.5587379932	-1
13.5680110455	1
13.5680110455	1
13.5773091316	-1
13.5773091316	-1
13.5773091316	-1
13.5773091316	-1
13.5773091316	-1
13.5773091316	-1
13.5938191414	-1
13.5938191414	-1
13.5938191414	-1
13.5938191414	-1
13.6040761471	-1
13.6106510162	-1
13.6106510162	-1
13.6106510162	-1
13.6106510162	-1
13.6106510162	-1
13.6106510162	-1
13.6106510162	-1
13.6408760548	-1
13.6697411537	-1
13.6697411537	-1
13.6697411537	-1
13.6697411537	-1
13.6697411537	-1
13.6697411537	-1
13.6697411537	-1
13.6827731133	1
13.7300632	-1
13.7300632	-1
13.7300632	-1
13.7420251369	-1
13.7420251369	-1
13.7972371578	-1
13.797257185	1
13.9119131565	-1
13.9119460583	1
14.0264270306	-1
14.1218900681	-1
14.1218900681	-1
14.1218900681	-1
14.1218900681	-1
14.1218900681	-1
14.1218900681	-1
14.1218900681	-1
14.1218900681	-1
14.1218900681	-1
14.128713131	-1
14.128713131	-1
14.128713131	-1
14.128713131	-1
14.128713131	-1
14.128713131	-1
14.128713131	-1
14.129887104	1
14.132707119	-1
14.1483991146	-1
14.1483991146	-1
14.1483991146	-1
14.1483991146	-1
14.1483991146	-1
14.1483991146	-1
14.2617540359	-1
14.2617540359	-1
14.2617540359	-1
14.2627170086	1
14.2699041367	-1
14.2699041367	-1
14.2699041367	-1
14.2699041367	-1
14.2699041367	-1
14.2964780331	-1
14.4062080383	-1
14.4062080383	-1
14.4062080383	-1
14.4384601116	1
14.6306080818	1
14.7732441425	-1
14.7778491974	-1
14.7778491974	-1
14.7778491974	-1
14.7778491974	-1
14.7778491974	-1
14.8094921112	-1
14.8478860855	-1
14.8478860855	-1
14.8519260883	1
14.8589680195	-1
14.8589680195	-1
14.8589680195	-1
14.8589680195	-1
14.8589680195	-1
14.8589680195	-1
14.8589680195	-1
14.8589680195	-1
14.8653540611	-1
14.8863379955	-1
14.8863379955	-1
14.8863379955	-1
14.9608700275	-1
14.9608700275	-1
14.9608700275	-1
14.9608700275	-1
14.9608700275	-1
14.9608700275	-1
14.9608700275	-1
14.9608700275	-1
14.9608700275	-1
14.965763092	-1
14.965763092	-1
14.965763092	-1
14.965763092	-1
14.965763092	-1
14.965763092	-1
14.965763092	-1
14.965763092	-1
14.9835011959	-1
14.9835011959	-1
14.9835011959	-1
14.9835011959	-1
14.9835011959	-1
14.9835011959	-1
14.9835011959	-1
14.9835011959	-1
14.9880452156	1
14.9944250584	-1
14.9944250584	-1
14.9984951019	-1
14.9984951019	-1
14.9984951019	-1
14.9984951019	-1
14.9984951019	-1
14.9984951019	-1
15.0065732002	-1
15.0065732002	-1
15.0065732002	-1
15.0065732002	-1
15.0065732002	-1
15.0065732002	-1
15.0065732002	-1
15.0065732002	-1
15.0407021046	-1
15.0750341415	-1
15.0750341415	-1
15.0750341415	-1
15.0750341415	-1
15.0750341415	-1
15.0750341415	-1
15.0750341415	-1
15.0750341415	-1
15.0802412033	-1
15.0802412033	-1
15.0802412033	-1
15.0802412033	-1
15.0802412033	-1
15.0802412033	-1
15.0877730846	-1
15.0877730846	-1
15.0877730846	-1
15.0877730846	-1
15.0877730846	-1
15.0877730846	-1
15.0877730846	-1
15.0926311016	-1
15.0972001553	1
15.0972001553	1
15.0972001553	1
15.1041591167	-1
15.1041591167	-1
15.1041591167	-1
15.1041591167	-1
15.1041591167	-1
15.1041591167	-1
15.1041591167	-1
15.1041591167	-1
15.1091361046	-1
15.125936985	-1
15.125936985	-1
15.1895160675	-1
15.2201972008	1
15.248663187	1
15.248663187	1
15.248663187	1
15.2521669865	1
15.2521669865	1
15.2558259964	1
15.2558259964	1
15.2558259964	1
15.3631350994	1
15.4863450527	-1
15.4881150723	1
15.5023691654	1
15.5023691654	1
15.5023691654	1
15.6025681496	-1
15.6466360092	-1
15.6466360092	-1
15.6466360092	-1
15.8318932056	-1
15.8318932056	-1
15.8692882061	-1
15.8692882061	-1
15.8692882061	-1
15.8709671497	1
15.9468781948	-1
15.948018074	1
15.948018074	1
15.948018074	1
15.9996621609	-1
15.9996621609	-1
15.9996621609	-1
15.999710083	1
16.0010390282	1
16.0010390282	1
16.0010390282	1
16.0222480297	-1
16.0222480297	-1
16.0266079903	-1
16.0266079903	-1
16.0266079903	-1
16.0266079903	-1
16.0266079903	-1
16.0266079903	-1
16.0628449917	-1
16.0691950321	1
16.0691950321	1
16.3205080032	1
16.3745350838	-1
16.4123761654	-1
16.4123761654	-1
16.4123761654	-1
16.4123761654	-1
16.4123761654	-1
16.4123761654	-1
16.4450809956	-1
16.4450809956	-1
16.4450809956	-1
16.4450809956	-1
16.4450809956	-1
16.4811530113	-1
16.4811530113	-1
16.4811530113	-1
16.4811530113	-1
16.4811530113	-1
16.5347452164	1
16.5882411003	-1
16.5882411003	-1
16.5882411003	-1
16.5985660553	-1
16.5985660553	-1
16.9280660152	-1
17.0426900387	-1
17.0426900387	-1
17.0437510014	-1
17.0437510014	-1
17.0437510014	-1
17.0437510014	-1
17.0437510014	-1
17.0437510014	-1
17.0614449978	-1
17.0614449978	-1
17.1164832115	-1
17.1164832115	-1
17.1164832115	-1
17.1346960068	-1
17.1346960068	-1
17.1346960068	-1
17.1346960068	-1
17.1346960068	-1
17.1346960068	-1
17.1346960068	-1
17.1346960068	-1
17.1397330761	-1
17.1397330761	-1
17.1397330761	-1
17.1397330761	-1
17.1397330761	-1
17.1397330761	-1
17.1397330761	-1
17.1440131664	-1
17.1500861645	-1
17.1500861645	-1
17.1500861645	-1
17.1500861645	-1
17.1500861645	-1
17.1500861645	-1
17.1500861645	-1
17.1713130474	-1
17.1713130474	-1
17.1713130474	-1
17.1713130474	-1
17.1713130474	-1
17.1713130474	-1
17.1713130474	-1
17.1713130474	-1
17.1713130474	-1
17.2436861992	-1
17.2436861992	-1
17.2452440262	1
17.271985054	-1
17.271985054	-1
17.271985054	-1
17.271985054	-1
17.271985054	-1
17.271985054	-1
17.3984920979	1
19.0187911987	-1
19.144698143	-1
19.144698143	-1
19.144698143	-1
26.0713582039	1
26.1858091354	1
26.540607214	1
26.543598175	1
26.543598175	1
26.543598175	1
26.543598175	1
26.543598175	1
26.543598175	1
26.543598175	1
26.543598175	1
26.5449211597	1
26.545855999	1
26.545855999	1
26.545855999	1
26.545855999	1
26.545855999	1
26.546724081	1
26.546724081	1
26.546724081	1
26.546724081	1
26.5664770603	-1
26.6551921368	1
26.6551921368	1
26.6551921368	1
26.7694160938	1
26.7694160938	1
26.786563158	-1
26.8111891747	-1
26.8111891747	-1
26.8111891747	-1
26.8111891747	-1
26.8111891747	-1
26.8111891747	-1
26.9015741348	1
26.928440094	1
26.928440094	1
26.928440094	1
27.0160520077	-1
27.1489770412	-1
27.1770501137	1
27.291918993	-1
27.4546811581	-1
27.4546811581	-1
27.4546811581	-1
27.4546811581	-1
27.4546811581	-1
27.4546811581	-1
27.4546811581	-1
27.4546811581	-1
27.4851541519	-1
27.4851541519	-1
27.4851541519	-1
27.4851541519	-1
27.4851541519	-1
27.4851541519	-1
27.4851541519	-1
27.4851541519	-1
27.5015380383	-1
27.5015380383	-1
27.5015380383	-1
27.5714941025	-1
27.5714941025	-1
27.5736751556	1
27.6640481949	-1
27.6640481949	-1
27.6640481949	-1
27.6640481949	-1
27.6640481949	-1
27.6640481949	-1
27.6640481949	-1
27.6640481949	-1
27.686702013	-1
27.7006280422	-1
27.7006280422	-1
27.7006280422	-1
27.7006280422	-1
27.7006280422	-1
27.7006280422	-1
27.7006280422	-1
27.7006690502	1
27.7178530693	-1
27.7178530693	-1
27.7178530693	-1
27.7178530693	-1
27.7178530693	-1
27.7178530693	-1
27.7178530693	-1
27.7178530693	-1
27.7555642128	-1
27.7555642128	-1
27.7555642128	-1
27.7555642128	-1
27.7555642128	-1
27.7555642128	-1
27.7555642128	-1
27.7925601006	-1
27.7925601006	-1
27.7925601006	-1
27.8153910637	-1
27.8153910637	-1
27.8153910637	-1
27.8154320717	1
27.8651251793	-1
27.8651251793	-1
27.8651251793	-1
27.8651251793	-1
27.8651251793	-1
27.8651251793	-1
27.8651251793	-1
27.8651251793	-1
27.9301121235	-1
27.9301121235	-1
27.9301540852	1
28.0820322037	1
28.1109809875	-1
28.1226341724	-1
28.1226341724	-1
28.1226341724	-1
28.1226341724	-1
28.1226341724	-1
28.1226341724	-1
28.2373111248	-1
28.2373111248	-1
28.2444550991	1
28.2456882	-1
28.2456882	-1
28.2456882	-1
28.2456882	-1
28.2456882	-1
28.4527680874	-1
28.4527680874	-1
28.4527680874	-1
28.4527680874	-1
28.4527680874	-1
28.4527680874	-1
28.4527680874	-1
28.4690229893	1
28.6018350124	-1
28.6374890804	-1
28.6374890804	-1
28.6374890804	-1
28.6374890804	-1
28.6374890804	-1
28.7584691048	1
28.7631831169	1
28.7631831169	1
28.7631831169	1
29.2727770805	-1
29.2827751637	-1
29.2827751637	-1
29.2827751637	-1
29.2827751637	-1
29.2827751637	-1
29.2827751637	-1
29.3062181473	-1
29.3062181473	-1
29.3062181473	-1
29.3062181473	-1
29.3062181473	-1
29.3062181473	-1
29.3062181473	-1
29.3062181473	-1
29.3973259926	-1
29.4466869831	-1
29.4466869831	-1
29.4466869831	-1
29.4466869831	-1
29.4466869831	-1
29.4466869831	-1
29.4466869831	-1
29.4466869831	-1
29.4721531868	-1
29.4721531868	-1
29.4721531868	-1
29.4721531868	-1
29.4721531868	-1
29.4721531868	-1
29.4721531868	-1
29.4721531868	-1
29.485035181	-1
29.485035181	-1
29.485035181	-1
29.485035181	-1
29.485035181	-1
29.485035181	-1
29.485035181	-1
29.485035181	-1
29.5123560429	-1
29.5123560429	-1
29.5123560429	-1
29.5613431931	-1
29.5613431931	-1
29.6188881397	-1
29.6188881397	-1
29.6188881397	-1
29.6188881397	-1
29.6188881397	-1
29.6188881397	-1
29.6188881397	-1
29.6188881397	-1
29.6188881397	-1
29.6196911335	1
29.6354241371	-1
29.6354241371	-1
29.6354241371	-1
29.6354241371	-1
29.6354241371	-1
29.6354241371	-1
29.6354241371	-1
29.6452400684	-1
29.6586551666	-1
29.6586551666	-1
29.6586551666	-1
29.6586551666	-1
29.6586551666	-1
29.6586551666	-1
29.6586551666	-1
29.6760120392	-1
29.6760120392	-1
29.6760120392	-1
29.6760120392	-1
29.6760120392	-1
29.6760120392	-1
29.6760120392	-1
29.6760120392	-1
29.733656168	-1
29.733656168	-1
29.733656168	-1
29.733656168	-1
29.733656168	-1
29.733656168	-1
29.733656168	-1
29.733656168	-1
29.733656168	-1
29.75020504	-1
29.75020504	-1
29.75020504	-1
29.75020504	-1
29.75020504	-1
29.75020504	-1
29.75020504	-1
29.752199173	-1
29.7533361912	1
29.7732532024	-1
29.7732532024	-1
29.7732532024	-1
29.7732532024	-1
29.8178181648	-1
29.8178181648	-1
29.8178181648	-1
29.8178181648	-1
29.8178181648	-1
29.8178181648	-1
29.8178181648	-1
29.8178181648	-1
29.8178181648	-1
29.8313291073	-1
29.8313291073	-1
29.8313291073	-1
29.8313291073	-1
29.8313291073	-1
29.8313291073	-1
29.8313291073	-1
29.8483691216	-1
29.8483691216	-1
29.8483691216	-1
29.8483691216	-1
29.8483691216	-1
29.8483691216	-1
29.8483691216	-1
29.8733150959	-1
29.8733150959	-1
29.8733401299	1
29.8883550167	-1
29.8883550167	-1
29.8883550167	-1
29.8883550167	-1
29.8883550167	-1
29.8883550167	-1
29.8883550167	-1
29.9432051182	-1
29.9432051182	-1
29.9432051182	-1
29.9432051182	-1
29.9432051182	-1
29.9432051182	-1
29.9432051182	-1
29.9432051182	-1
29.9432051182	-1
29.9579231739	-1
29.9579231739	-1
29.9579231739	-1
29.9579231739	-1
29.9579231739	-1
29.9579231739	-1
29.9579231739	-1
29.9795331955	-1
29.9795331955	-1
29.9795331955	-1
29.9795331955	-1
29.9795331955	-1
29.9795331955	-1
29.9795331955	-1
30.0128591061	-1
30.0128591061	-1
30.0128810406	1
30.0294291973	-1
30.0294291973	-1
30.0294291973	-1
30.0294291973	-1
30.0294291973	-1
30.0294291973	-1
30.0294291973	-1
30.0456800461	-1
30.0778009892	-1
30.0778009892	-1
30.0778009892	-1
30.0778009892	-1
30.0778009892	-1
30.0778009892	-1
30.0778009892	-1
30.1129770279	-1
30.1130771637	-1
30.1130771637	-1
30.1130771637	-1
30.1130771637	-1
30.1130771637	-1
30.1130771637	-1
30.1130771637	-1
30.1655721664	-1
30.1655721664	-1
30.2177500725	1
30.2873702049	1
30.2873702049	1
30.2873702049	1
30.2873702049	1
30.2873702049	1
30.2891972065	1
30.2893822193	1
30.2893822193	1
30.2893822193	1
30.2893822193	1
30.2904701233	1
30.2906382084	1
30.2906382084	1
30.2906382084	1
30.2906382084	1
30.6858050823	-1
30.8004610538	-1
30.8004610538	-1
