0.0	1
0.250562906265	1
0.605293989182	-1
0.606905937195	1
0.829952001572	-1
0.831590890884	1
0.834640026093	1
0.834640026093	1
0.834640026093	1
0.889456987381	1
0.889456987381	1
0.889456987381	1
1.43829703331	-1
1.44000387192	1
1.55465292931	-1
1.5561029911	1
1.58711004257	-1
1.58711004257	-1
1.58711004257	-1
1.67080593109	-1
1.67084693909	1
1.67084693909	1
1.82346987724	1
1.92814207077	-1
2.01535987854	-1
2.01535987854	-1
2.01535987854	-1
2.01535987854	-1
2.03750085831	-1
2.03750085831	-1
2.07982707024	-1
2.1943230629	-1
2.20660805702	1
2.26817393303	-1
2.26817393303	-1
2.26817393303	-1
2.28130793571	-1
2.28130793571	-1
2.28130793571	-1
2.28678393364	-1
2.28678393364	-1
2.28678393364	-1
2.28678393364	-1
2.41993999481	-1
2.41993999481	-1
2.41993999481	-1
2.41993999481	-1
2.41993999481	-1
2.41993999481	-1
2.41993999481	-1
2.42343997955	-1
2.43376088142	-1
2.43376088142	-1
2.43376088142	-1
2.43376088142	-1
2.45766806602	1
2.53814196587	-1
2.54520487785	-1
2.54520487785	-1
2.54520487785	-1
2.54520487785	-1
2.54520487785	-1
2.54520487785	-1
2.55147099495	-1
2.55147099495	-1
2.55355191231	-1
2.55355191231	-1
2.55355191231	-1
2.55746388435	-1
2.55746388435	-1
2.55746388435	-1
2.57242703438	-1
2.57242703438	-1
2.57242703438	-1
2.58223485947	1
2.59330606461	1
2.59330606461	1
2.59330606461	1
2.59986495972	1
2.59986495972	1
2.65982484818	-1
2.67413902283	-1
2.67413902283	-1
2.67413902283	-1
2.69424986839	-1
2.69424986839	-1
2.69424986839	-1
2.70974898338	1
2.82125997543	-1
2.82125997543	-1
2.82125997543	-1
2.82581806183	1
2.92211699486	-1
2.92211699486	-1
2.93591690063	-1
2.93591690063	-1
2.94084000587	1
2.94084000587	1
2.94361495972	-1
2.94361495972	-1
2.94361495972	-1
2.95795798302	1
2.95795798302	1
2.95795798302	1
2.95795798302	1
2.95795798302	1
2.95885300636	1
2.98080587387	-1
2.98080587387	-1
2.98080587387	-1
2.98080587387	-1
2.98080587387	-1
3.05126094818	-1
3.05126094818	-1
3.05126094818	-1
3.05350899696	1
3.05350899696	1
3.05350899696	1
3.05350899696	1
3.05350899696	1
3.05350899696	1
3.05350899696	1
3.05350899696	1
3.07342004776	1
3.10144495964	-1
3.10144495964	-1
3.16580796242	-1
3.16580796242	-1
3.19360995293	-1
3.19360995293	-1
3.19360995293	-1
3.19364905357	1
3.21293401718	-1
3.21293401718	-1
3.23429203033	-1
3.23429203033	-1
3.23429203033	-1
3.23429203033	-1
3.23429203033	-1
3.23429203033	-1
3.28369498253	1
3.28369498253	1
3.28369498253	1
3.28369498253	1
3.28369498253	1
3.28369498253	1
3.28369498253	1
3.28369498253	1
3.3578979969	-1
3.3578979969	-1
3.3578979969	-1
3.39539504051	-1
3.46602296829	1
3.48231101036	-1
3.48231101036	-1
3.48231101036	-1
3.50250291824	-1
3.50250291824	-1
3.52246785164	-1
3.52246785164	-1
3.52246785164	-1
3.53850293159	-1
3.53850293159	-1
3.53850293159	-1
3.54054403305	1
3.54054403305	1
3.54054403305	1
3.61880993843	-1
3.61880993843	-1
3.63255906105	-1
3.63255906105	-1
3.63382792473	1
3.63382792473	1
3.63382792473	1
3.63700985909	-1
3.63700985909	-1
3.64583492279	-1
3.64583492279	-1
3.64583492279	-1
3.65810203552	-1
3.65810203552	-1
3.65810203552	-1
3.75239896774	-1
3.75239896774	-1
3.75657606125	-1
3.75657606125	-1
3.7578458786	-1
3.7578458786	-1
3.7578458786	-1
3.7578458786	-1
3.75803399086	-1
3.75803399086	-1
3.75803399086	-1
3.77217292786	-1
3.77217292786	-1
3.77217292786	-1
3.77217292786	-1
3.77217292786	-1
3.87555193901	1
3.88291287422	-1
3.88291287422	-1
3.88291287422	-1
3.88291287422	-1
3.88706898689	-1
3.88706898689	-1
3.88731503487	-1
3.88731503487	-1
3.88772392273	-1
3.88772392273	-1
3.88772392273	-1
3.90166902542	-1
3.90166902542	-1
4.00597405434	-1
4.00597405434	-1
4.00597405434	-1
4.00597405434	-1
4.00597405434	-1
4.00597405434	-1
4.00838899612	-1
4.00838899612	-1
4.00838899612	-1
4.00850296021	-1
4.00850296021	-1
4.04130196571	-1
4.04130196571	-1
4.04130196571	-1
4.10451006889	-1
4.13937497139	-1
4.13937497139	-1
4.13937497139	-1
4.13937497139	-1
4.13937497139	-1
4.13937497139	-1
4.15818691254	-1
4.15818691254	-1
4.15818691254	-1
4.15818691254	-1
4.15818691254	-1
4.15818691254	-1
4.158452034	-1
4.158452034	-1
4.17621302605	-1
4.17621302605	-1
4.21922802925	-1
4.29772686958	-1
4.29772686958	-1
4.29772686958	-1
4.29886603355	-1
4.29886603355	-1
4.29886603355	-1
4.29886603355	-1
4.29886603355	-1
4.30341887474	-1
4.30341887474	-1
4.30341887474	-1
4.3065469265	-1
4.3065469265	-1
4.3065469265	-1
4.3065469265	-1
4.3065469265	-1
4.3340408802	-1
4.3340408802	-1
4.33528804779	1
4.42611694336	-1
4.42611694336	-1
4.42611694336	-1
4.43204593658	-1
4.43204593658	-1
4.43204593658	-1
4.43724894524	-1
4.43724894524	-1
4.44401693344	-1
4.44401693344	-1
4.44401693344	-1
4.44979405403	1
4.46350193024	-1
4.46350193024	-1
4.46350193024	-1
4.46350193024	-1
4.46577596664	-1
4.46577596664	-1
4.49608206749	1
4.49608206749	1
4.49608206749	1
4.49783587456	1
4.49783587456	1
4.49837398529	1
4.49837398529	1
4.49837398529	1
4.54068493843	-1
4.54068493843	-1
4.54207587242	-1
4.54207587242	-1
4.54207587242	-1
4.54207587242	-1
4.54676485062	-1
4.55886793137	-1
4.55886793137	-1
4.55886793137	-1
4.55886793137	-1
4.55886793137	-1
4.56449890137	1
4.59888386726	-1
4.59888386726	-1
4.59888386726	-1
4.67348790169	-1
4.67348790169	-1
4.67348790169	-1
4.67348790169	-1
4.67348790169	-1
4.67348790169	-1
4.67348790169	-1
4.69052505493	-1
4.69052505493	-1
4.69052505493	-1
4.73889803886	-1
4.73889803886	-1
4.73889803886	-1
4.73889803886	-1
4.73889803886	-1
4.73889803886	-1
4.740473032	-1
4.740473032	-1
4.76068496704	-1
4.76068496704	-1
4.76068496704	-1
4.87876605988	-1
4.87876605988	-1
4.87876605988	-1
4.87876605988	-1
4.87876605988	-1
4.87876605988	-1
4.87876605988	-1
4.87876605988	-1
4.90447187424	-1
4.90447187424	-1
4.90447187424	-1
4.90447187424	-1
4.90447187424	-1
4.90447187424	-1
4.93569898605	-1
4.93569898605	-1
4.93569898605	-1
4.96127605438	-1
4.96127605438	-1
4.96127605438	-1
4.98001098633	-1
4.98001098633	-1
4.98001098633	-1
4.98869585991	-1
4.98869585991	-1
5.00421595573	-1
5.00421595573	-1
5.00421595573	-1
5.01968002319	-1
5.01968002319	-1
5.01968002319	-1
5.04288387299	-1
5.04288387299	-1
5.04288387299	-1
5.04288387299	-1
5.05873394012	-1
5.05873394012	-1
5.05873394012	-1
5.05873394012	-1
5.05873394012	-1
5.09422087669	-1
5.09422087669	-1
5.10004806519	-1
5.10004806519	-1
5.10004806519	-1
5.10004806519	-1
5.10004806519	-1
5.1158080101	-1
5.1158080101	-1
5.1158080101	-1
5.11697602272	1
5.12790298462	-1
5.12790298462	-1
5.13791799545	-1
5.13791799545	-1
5.14039993286	-1
5.14039993286	-1
5.14039993286	-1
5.14039993286	-1
5.14039993286	-1
5.14648199081	-1
5.14648199081	-1
5.15944504738	-1
5.22206902504	-1
5.22206902504	-1
5.22206902504	-1
5.24988389015	-1
5.24988389015	-1
5.24988389015	-1
5.2499229908	1
5.26804304123	-1
5.26804304123	-1
5.26804304123	-1
5.26804304123	-1
5.26804304123	-1
5.26804304123	-1
5.26804304123	-1
5.36054801941	-1
5.36065101624	-1
5.36065101624	-1
5.36065101624	-1
5.36065101624	-1
5.36065101624	-1
5.36065101624	-1
5.36065101624	-1
5.38108587265	-1
5.38108587265	-1
5.38108587265	-1
5.38108587265	-1
5.38108587265	-1
5.38108587265	-1
5.38108587265	-1
5.38108587265	-1
5.38108587265	-1
5.385876894	-1
5.385876894	-1
5.385876894	-1
5.385876894	-1
5.385876894	-1
5.385876894	-1
5.385876894	-1
5.47664189339	-1
5.47664189339	-1
5.48016786575	-1
5.48016786575	-1
5.48016786575	-1
5.48016786575	-1
5.48016786575	-1
5.48016786575	-1
5.48016786575	-1
5.48390984535	-1
5.48390984535	-1
5.48390984535	-1
5.49251198769	-1
5.49715805054	-1
5.51773190498	-1
5.51773190498	-1
5.51773190498	-1
5.51773190498	-1
5.51773190498	-1
5.51773190498	-1
5.58972406387	-1
5.58972406387	-1
5.59399199486	-1
5.59399199486	-1
5.59399199486	-1
5.59399199486	-1
5.59399199486	-1
5.59399199486	-1
5.61288189888	-1
5.62558984756	-1
5.62558984756	-1
5.62558984756	-1
5.62558984756	-1
5.62558984756	-1
5.62558984756	-1
5.62558984756	-1
5.63844394684	-1
5.63854694366	-1
5.63854694366	-1
5.63854694366	-1
5.63854694366	-1
5.63854694366	-1
5.63854694366	-1
5.63854694366	-1
5.66107702255	-1
5.66107702255	-1
5.66351389885	-1
5.66351389885	-1
5.66351389885	-1
5.66351389885	-1
5.66351389885	-1
5.72889304161	1
5.74101901054	-1
5.74101901054	-1
5.74101901054	-1
5.74101901054	-1
5.74101901054	-1
5.74101901054	-1
5.74101901054	-1
5.74101901054	-1
5.7450928688	-1
5.75041794777	-1
5.75041794777	-1
5.75041794777	-1
5.75041794777	-1
5.75041794777	-1
5.75041794777	-1
5.75041794777	-1
5.77238988876	-1
5.77884197235	-1
5.77884197235	-1
5.77884197235	-1
5.77884197235	-1
5.77884197235	-1
5.77884197235	-1
5.77884197235	-1
5.7845389843	-1
5.8854739666	-1
5.8854739666	-1
5.8854739666	-1
5.8854739666	-1
5.8854739666	-1
5.8854739666	-1
5.8854739666	-1
5.90040588379	-1
5.91693091393	-1
5.91693091393	-1
5.91693091393	-1
5.91693091393	-1
5.95810294151	1
6.07168793678	-1
6.09499287605	-1
6.09499287605	-1
6.09499287605	-1
6.09499287605	-1
6.09499287605	-1
6.09499287605	-1
6.12771892548	-1
6.12771892548	-1
6.13214588165	-1
6.13214588165	-1
6.13214588165	-1
6.13214588165	-1
6.13214588165	-1
6.13214588165	-1
6.22003483772	1
6.24850106239	-1
6.24850106239	-1
6.24850106239	-1
6.24850106239	-1
6.24850106239	-1
6.24850106239	-1
6.24850106239	-1
6.24850106239	-1
6.25517702103	-1
6.26691293716	-1
6.26691293716	-1
6.26691293716	-1
6.26691293716	-1
6.26691293716	-1
6.26691293716	-1
6.26691293716	-1
6.27501988411	-1
6.33455085754	1
6.33455085754	1
6.50122690201	-1
6.5272359848	-1
6.5272359848	-1
6.5272359848	-1
6.5272359848	-1
6.5272359848	-1
6.5272359848	-1
6.60213184357	1
6.60584998131	1
6.60584998131	1
6.60584998131	1
6.64174985886	-1
6.656208992	-1
6.656208992	-1
6.656208992	-1
6.656208992	-1
6.656208992	-1
6.656208992	-1
6.656208992	-1
6.71377706528	-1
6.71725702286	-1
6.71725702286	-1
6.71725702286	-1
6.71725702286	-1
6.71725702286	-1
6.71725702286	-1
6.71725702286	-1
6.76757287979	-1
6.76757287979	-1
6.76757287979	-1
6.76757287979	-1
6.76757287979	-1
6.76757287979	-1
6.76757287979	-1
6.76757287979	-1
6.77183103561	-1
6.78321194649	1
6.78321194649	1
6.78321194649	1
6.8463139534	-1
6.8463139534	-1
6.85683989525	-1
6.85683989525	-1
6.85683989525	-1
6.85683989525	-1
6.85683989525	-1
6.85683989525	-1
6.96033906937	-1
6.96033906937	-1
6.96033906937	-1
6.96033906937	-1
6.96033906937	-1
6.96033906937	-1
6.96033906937	-1
6.96033906937	-1
6.96033906937	-1
6.98630404472	-1
6.98630404472	-1
6.98867487907	-1
6.98867487907	-1
6.98867487907	-1
6.98867487907	-1
6.98867487907	-1
7.08723092079	-1
7.08723092079	-1
7.08723092079	-1
7.08723092079	-1
7.08723092079	-1
7.08723092079	-1
7.08723092079	-1
7.08723092079	-1
7.09553599358	-1
7.09553599358	-1
7.09553599358	-1
7.09553599358	-1
7.09553599358	-1
7.09553599358	-1
7.09553599358	-1
7.09553599358	-1
7.09676384926	-1
7.10632801056	-1
7.10632801056	-1
7.10632801056	-1
7.10632801056	-1
7.10632801056	-1
7.26311397552	-1
7.27701807022	-1
7.27701807022	-1
7.27701807022	-1
7.27701807022	-1
7.27701807022	-1
7.27701807022	-1
7.27701807022	-1
7.3968398571	-1
7.3968398571	-1
7.3968398571	-1
7.3968398571	-1
7.3968398571	-1
7.3968398571	-1
7.3968398571	-1
7.3968398571	-1
7.39911293983	-1
7.4101099968	-1
7.4101099968	-1
7.4101099968	-1
7.4101099968	-1
7.4101099968	-1
7.4101099968	-1
7.4101099968	-1
7.43077206612	-1
7.4343149662	-1
7.4343149662	-1
7.4343149662	-1
7.4343149662	-1
7.4343149662	-1
7.4343149662	-1
7.4343149662	-1
7.43683385849	-1
7.57880687714	-1
7.57880687714	-1
7.57880687714	-1
7.57880687714	-1
7.57880687714	-1
7.57880687714	-1
7.57880687714	-1
7.65042996407	-1
7.65042996407	-1
7.65042996407	-1
7.65042996407	-1
7.65042996407	-1
7.65042996407	-1
7.65042996407	-1
7.65042996407	-1
7.70715594292	-1
7.71090006828	-1
7.71090006828	-1
7.71090006828	-1
7.71090006828	-1
7.71090006828	-1
7.71090006828	-1
7.71090006828	-1
7.71152091026	1
7.71558904648	-1
7.71948099136	-1
7.71948099136	-1
7.71948099136	-1
7.71948099136	-1
7.71948099136	-1
7.71948099136	-1
7.71948099136	-1
7.81597900391	-1
7.81597900391	-1
7.81597900391	-1
7.81976604462	-1
7.81976604462	-1
7.81976604462	-1
7.81976604462	-1
7.81976604462	-1
7.83584189415	-1
7.83584189415	-1
7.85757994652	-1
7.85757994652	-1
7.85757994652	-1
7.85757994652	-1
7.85757994652	-1
7.85757994652	-1
7.92590785027	-1
7.92590785027	-1
7.92590785027	-1
7.92590785027	-1
7.92590785027	-1
7.92590785027	-1
7.92590785027	-1
7.92590785027	-1
7.94105005264	-1
7.94105005264	-1
7.94105005264	-1
7.94105005264	-1
7.94105005264	-1
7.94105005264	-1
7.94105005264	-1
7.94105005264	-1
7.96757984161	-1
7.96757984161	-1
7.96757984161	-1
7.96757984161	-1
7.96757984161	-1
7.96757984161	-1
7.96757984161	-1
7.96757984161	-1
8.04724097252	-1
8.04724097252	-1
8.04724097252	-1
8.04724097252	-1
8.04724097252	-1
8.04724097252	-1
8.04724097252	-1
8.04724097252	-1
8.06302905083	-1
8.070114851	-1
8.070114851	-1
8.070114851	-1
8.070114851	-1
8.070114851	-1
8.070114851	-1
8.070114851	-1
8.08327198029	1
8.1565990448	-1
8.1565990448	-1
8.1565990448	-1
8.1565990448	-1
8.1565990448	-1
8.1565990448	-1
8.1565990448	-1
8.1565990448	-1
8.16161584854	-1
8.17724084854	-1
8.17724084854	-1
8.17724084854	-1
8.17724084854	-1
8.17724084854	-1
8.17724084854	-1
8.17724084854	-1
8.18524694443	-1
8.21383786201	-1
8.21383786201	-1
8.21383786201	-1
8.21383786201	-1
8.21383786201	-1
8.21383786201	-1
8.21383786201	-1
8.31219792366	-1
8.31257987022	1
8.3188290596	-1
8.3188290596	-1
8.3188290596	-1
8.3188290596	-1
8.3188290596	-1
8.3188290596	-1
8.3188290596	-1
8.32853484154	-1
8.34144997597	-1
8.34144997597	-1
8.34144997597	-1
8.34144997597	-1
8.34144997597	-1
8.34144997597	-1
8.34144997597	-1
8.40354895592	-1
8.40964889526	-1
8.40964889526	-1
8.40964889526	-1
8.40964889526	-1
8.40964889526	-1
8.40964889526	-1
8.40964889526	-1
8.45606994629	1
8.51787090302	-1
8.51787090302	-1
8.51787090302	-1
8.51787090302	-1
8.51787090302	-1
8.51787090302	-1
8.51787090302	-1
8.51787090302	-1
8.59058785439	1
8.59076404572	1
8.59076404572	1
8.59076404572	1
8.66791200638	-1
8.66791200638	-1
8.66791200638	-1
8.66791200638	-1
8.66791200638	-1
8.66791200638	-1
8.66791200638	-1
8.66791200638	-1
8.68187594414	-1
8.69688606262	-1
8.69688606262	-1
8.69688606262	-1
8.69688606262	-1
8.69688606262	-1
8.69688606262	-1
8.69688606262	-1
8.78777885437	-1
8.78777885437	-1
8.78777885437	-1
8.78777885437	-1
8.78777885437	-1
8.78777885437	-1
8.78777885437	-1
8.78777885437	-1
8.80493092537	-1
8.80493092537	-1
8.80493092537	-1
8.80493092537	-1
8.80493092537	-1
8.80493092537	-1
8.80493092537	-1
8.80493092537	-1
8.81993198395	1
8.89892983437	-1
8.89892983437	-1
8.89892983437	-1
8.89892983437	-1
8.89892983437	-1
8.89892983437	-1
8.89892983437	-1
8.89892983437	-1
8.90894389153	-1
8.91926693916	-1
8.91926693916	-1
8.91926693916	-1
8.91926693916	-1
8.91926693916	-1
8.91926693916	-1
8.91926693916	-1
8.92884802818	-1
9.03030204773	-1
9.03030204773	-1
9.03030204773	-1
9.03030204773	-1
9.03030204773	-1
9.03030204773	-1
9.03030204773	-1
9.05111289024	-1
9.05111289024	-1
9.05111289024	-1
9.05111289024	-1
9.05111289024	-1
9.05111289024	-1
9.05111289024	-1
9.05111289024	-1
9.07211399078	-1
9.07211399078	-1
9.07211399078	-1
9.07211399078	-1
9.07211399078	-1
9.07211399078	-1
9.07211399078	-1
9.07211399078	-1
9.3370308876	-1
9.33775901794	1
9.3605389595	-1
9.3605389595	-1
9.3605389595	-1
9.3605389595	-1
9.3605389595	-1
9.3605389595	-1
9.3605389595	-1
9.3605389595	-1
9.49095988274	1
9.58988499641	1
9.58988499641	1
9.58988499641	1
9.58988499641	1
9.65479397774	-1
9.6806409359	-1
9.6806409359	-1
9.6806409359	-1
9.6806409359	-1
9.6806409359	-1
9.6806409359	-1
9.77318000793	-1
9.77318000793	-1
9.77318000793	-1
9.77318000793	-1
9.77318000793	-1
9.77318000793	-1
9.77318000793	-1
9.77318000793	-1
9.77662086487	-1
9.78582501411	-1
9.78582501411	-1
9.78582501411	-1
9.78582501411	-1
9.78582501411	-1
9.78582501411	-1
9.78582501411	-1
9.90988588333	-1
9.90988588333	-1
9.90988588333	-1
9.90988588333	-1
9.90988588333	-1
9.90988588333	-1
9.90988588333	-1
9.90988588333	-1
9.91489505768	-1
9.93078398705	-1
9.93078398705	-1
9.93078398705	-1
9.93078398705	-1
9.93078398705	-1
9.93078398705	-1
9.93078398705	-1
10.0484209061	-1
10.0484209061	-1
10.0484209061	-1
10.0484209061	-1
10.0484209061	-1
10.0484209061	-1
10.0484209061	-1
10.0484209061	-1
10.0484209061	-1
10.0555179119	-1
10.0555179119	-1
10.0555179119	-1
10.0555179119	-1
10.0555179119	-1
10.0555179119	-1
10.0555179119	-1
10.1148219109	1
10.1726658344	-1
10.1726658344	-1
10.1726658344	-1
10.1726658344	-1
10.1726658344	-1
10.1726658344	-1
10.1726658344	-1
10.1726658344	-1
10.180836916	-1
10.1874759197	-1
10.1874759197	-1
10.1874759197	-1
10.2022359371	-1
10.2022359371	-1
10.2170228958	-1
10.2170228958	-1
10.2282068729	-1
10.2313320637	1
10.3458900452	-1
10.4806778431	1
10.7644100189	-1
10.7657730579	1
10.8788230419	-1
11.0317599773	-1
11.0317599773	-1
11.1463170052	-1
11.1463170052	-1
11.2608969212	-1
11.3753099442	-1
11.4387319088	-1
11.4387319088	-1
11.4387319088	-1
11.4602549076	-1
11.4602549076	-1
11.4602549076	-1
11.489866972	-1
11.5431969166	1
11.5913028717	1
11.5913028717	1
11.5913028717	1
11.6042659283	-1
11.8348050117	1
11.9492149353	1
11.9942879677	-1
12.12409091	-1
12.1253659725	1
12.1541340351	-1
12.1541340351	-1
12.1541340351	-1
12.1675460339	-1
12.1675460339	-1
12.1675460339	-1
12.2400119305	1
12.2958228588	-1
12.2958228588	-1
12.2958228588	-1
12.3068828583	-1
12.3068828583	-1
12.3068828583	-1
12.4507460594	-1
12.4507460594	-1
12.4507460594	-1
12.452368021	1
12.4655199051	-1
12.4655199051	-1
12.4655199051	-1
12.477036953	-1
12.477036953	-1
12.477036953	-1
12.4844489098	-1
12.4844489098	-1
12.5877900124	-1
12.5877900124	-1
12.5877900124	-1
12.5878238678	1
12.6085729599	-1
12.6085729599	-1
12.6085729599	-1
12.6222929955	-1
12.6811108589	-1
12.6811108589	-1
12.6811108589	-1
12.7368710041	-1
12.757860899	-1
12.757860899	-1
12.757860899	-1
12.7808799744	-1
12.7808799744	-1
12.7808799744	-1
12.8197870255	-1
12.8197870255	-1
12.8197870255	-1
12.8514618874	-1
12.9335579872	-1
12.9335579872	-1
12.9335579872	-1
12.9437749386	-1
12.9437749386	-1
12.9437749386	-1
12.9502308369	-1
12.9502308369	-1
12.9659249783	-1
12.9837188721	-1
12.9837188721	-1
12.9837188721	-1
12.9898650646	-1
12.9898650646	-1
12.9898650646	-1
12.9898650646	-1
13.0942180157	1
13.1224019527	-1
13.1224019527	-1
13.1224019527	-1
13.1224019527	-1
13.1224019527	-1
13.1224019527	-1
13.1224019527	-1
13.1305308342	-1
13.1305308342	-1
13.1305308342	-1
13.1305308342	-1
13.1305308342	-1
13.1950199604	-1
13.2292189598	-1
13.2292189598	-1
13.2292189598	-1
13.2292518616	1
13.2292518616	1
13.2696650028	-1
13.2696650028	-1
13.2696650028	-1
13.3011379242	-1
13.3011379242	-1
13.3011379242	-1
13.3011379242	-1
13.3011379242	-1
13.3235640526	-1
13.3235640526	-1
13.3235640526	-1
13.3440010548	-1
13.3810279369	-1
13.3810279369	-1
13.3810279369	-1
13.4009270668	-1
13.4009270668	-1
13.4009270668	-1
13.420181036	-1
13.420181036	-1
13.440310955	-1
13.440310955	-1
13.440310955	-1
13.4618549347	-1
13.4618549347	-1
13.4956429005	-1
13.4956429005	-1
13.5456180573	-1
13.5456180573	-1
13.5456180573	-1
13.5844490528	-1
13.5844490528	-1
13.5844490528	-1
13.5844490528	-1
13.5844490528	-1
13.5844490528	-1
13.5945968628	-1
13.5945968628	-1
13.5945968628	-1
13.5945968628	-1
13.6053709984	-1
13.6948628426	-1
13.6948628426	-1
13.6948628426	-1
13.6948628426	-1
13.6948628426	-1
13.6948628426	-1
13.6955368519	1
13.724905014	-1
13.724905014	-1
13.7529580593	-1
13.7529580593	-1
13.7529580593	-1
13.8379468918	-1
13.8379468918	-1
13.8379468918	-1
13.8379468918	-1
13.8379468918	-1
13.8379468918	-1
13.9161779881	-1
13.9161779881	-1
13.9161779881	-1
13.9224438667	-1
13.9224438667	-1
13.9651379585	-1
13.9651379585	-1
13.9651379585	-1
13.9909808636	-1
13.9909808636	-1
13.9909808636	-1
13.9909808636	-1
13.9909808636	-1
13.9909808636	-1
14.0502889156	-1
14.0583078861	-1
14.0583078861	-1
14.0583078861	-1
14.0590479374	1
14.1066739559	-1
14.1066739559	-1
14.1066739559	-1
14.1153969765	-1
14.1153969765	-1
14.1403610706	-1
14.1403610706	-1
14.1403610706	-1
14.1403610706	-1
14.1943778992	-1
14.1943778992	-1
14.1943778992	-1
14.1943778992	-1
14.1943778992	-1
14.2013909817	-1
14.2426309586	-1
14.2426309586	-1
14.2426309586	-1
14.2426309586	-1
14.2426309586	-1
14.2727508545	-1
14.2727508545	-1
14.2727508545	-1
14.3234319687	-1
14.3234319687	-1
14.3234319687	-1
14.3234319687	-1
14.3889448643	-1
14.3889448643	-1
14.3889448643	-1
14.3889448643	-1
14.3889448643	-1
14.3889448643	-1
14.4444868565	-1
14.4444868565	-1
14.4444868565	-1
14.4816968441	-1
14.4816968441	-1
14.4816968441	-1
14.4985070229	-1
14.4985070229	-1
14.5269088745	-1
14.5269088745	-1
14.5269088745	-1
14.5615799427	-1
14.5615799427	-1
14.5615799427	-1
14.5825140476	-1
14.5825140476	-1
14.5825140476	-1
14.5825140476	-1
14.5825140476	-1
14.5825140476	-1
14.5825140476	-1
14.5833768845	1
14.5920090675	-1
14.6055998802	-1
14.6055998802	-1
14.6055998802	-1
14.6055998802	-1
14.6055998802	-1
14.6055998802	-1
14.6055998802	-1
14.6609230042	-1
14.6609230042	-1
14.6609230042	-1
14.6609230042	-1
14.6609230042	-1
14.6609230042	-1
14.6609230042	-1
14.6609230042	-1
14.6958389282	-1
14.7040429115	-1
14.7040429115	-1
14.7040429115	-1
14.7040429115	-1
14.7040429115	-1
14.7040429115	-1
14.7040429115	-1
14.7040820122	1
14.7147600651	-1
14.7925980091	-1
14.7925980091	-1
14.7925980091	-1
14.7925980091	-1
14.7925980091	-1
14.7925980091	-1
14.7925980091	-1
14.8599338531	-1
14.86003685	-1
14.86003685	-1
14.86003685	-1
14.86003685	-1
14.86003685	-1
14.86003685	-1
14.86003685	-1
14.9625110626	-1
14.9625110626	-1
14.9625110626	-1
14.9625110626	-1
14.9625110626	-1
14.9625110626	-1
14.9625110626	-1
14.9625110626	-1
15.0013279915	-1
15.0024349689	1
15.0174958706	-1
15.0174958706	-1
15.0174958706	-1
15.0174958706	-1
15.0174958706	-1
15.0174958706	-1
15.0174958706	-1
15.0609660149	-1
15.0609660149	-1
15.0706448555	-1
15.0706448555	-1
15.0706448555	-1
15.0706448555	-1
15.0706448555	-1
15.0706448555	-1
15.1323668957	-1
15.1352369785	-1
15.1352369785	-1
15.1352369785	-1
15.1352369785	-1
15.1352369785	-1
15.1352369785	-1
15.1352369785	-1
15.2014770508	-1
15.2014770508	-1
15.2014770508	-1
15.2014770508	-1
15.2014770508	-1
15.2014770508	-1
15.2014770508	-1
15.2014770508	-1
15.3147718906	-1
15.3147718906	-1
15.3147718906	-1
15.3147718906	-1
15.3147718906	-1
15.3147718906	-1
15.3147718906	-1
15.3147718906	-1
15.3220529556	-1
15.3377819061	-1
15.3377819061	-1
15.3377819061	-1
15.3377819061	-1
15.3377819061	-1
15.3377819061	-1
15.3377819061	-1
15.3632638454	1
15.4535009861	-1
15.4535009861	-1
15.4535009861	-1
15.4535009861	-1
15.4535009861	-1
15.4535009861	-1
15.4535009861	-1
15.4535009861	-1
15.4601829052	-1
15.4663050175	-1
15.4663050175	-1
15.4663050175	-1
15.4663050175	-1
15.4663050175	-1
15.4663050175	-1
15.4663050175	-1
15.4757459164	-1
15.4820518494	-1
15.4820518494	-1
15.4820518494	-1
15.4820518494	-1
15.4820518494	-1
15.4820518494	-1
15.4820518494	-1
15.4820840359	1
15.5742468834	-1
15.5742468834	-1
15.596353054	-1
15.596353054	-1
15.596353054	-1
15.596353054	-1
15.596353054	-1
15.596353054	-1
15.596353054	-1
15.6079230309	-1
15.6079230309	-1
15.6079230309	-1
15.6079230309	-1
15.6079230309	-1
15.6079230309	-1
15.6079230309	-1
15.6655650139	-1
15.6655650139	-1
15.6655650139	-1
15.6655650139	-1
15.6655650139	-1
15.6655650139	-1
15.6655650139	-1
15.6655650139	-1
15.7124500275	1
15.7391028404	-1
15.7391028404	-1
15.7391028404	-1
15.7391028404	-1
15.7391028404	-1
15.7391028404	-1
15.7391028404	-1
15.7391028404	-1
15.7467620373	-1
15.7943949699	-1
15.7943949699	-1
15.7943949699	-1
15.7943949699	-1
15.7943949699	-1
15.7943949699	-1
15.7943949699	-1
15.867292881	-1
15.867292881	-1
15.867292881	-1
15.867292881	-1
15.867292881	-1
15.867292881	-1
15.867292881	-1
15.867292881	-1
15.9002280235	-1
15.9083380699	-1
15.9083380699	-1
15.9083380699	-1
15.9083380699	-1
15.9083380699	-1
15.9083380699	-1
15.9083380699	-1
15.921225071	-1
15.921225071	-1
15.921225071	-1
15.921225071	-1
15.921225071	-1
15.921225071	-1
15.921225071	-1
15.9405908585	-1
16.0063290596	-1
16.0063290596	-1
16.0063290596	-1
16.0063290596	-1
16.0063290596	-1
16.0063290596	-1
16.0063290596	-1
16.0063290596	-1
16.0414068699	-1
16.0414068699	-1
16.0414068699	-1
16.0414068699	-1
16.0414068699	-1
16.0414068699	-1
16.0414068699	-1
16.0414068699	-1
16.0564558506	1
16.1149139404	-1
16.1149139404	-1
16.1149139404	-1
16.1149139404	-1
16.1149139404	-1
16.1149139404	-1
16.1149139404	-1
16.1149139404	-1
16.1263928413	-1
16.1372799873	-1
16.1372799873	-1
16.1372799873	-1
16.1372799873	-1
16.1372799873	-1
16.1372799873	-1
16.1372799873	-1
16.146543026	-1
16.1709649563	1
16.2299790382	-1
16.2299790382	-1
16.2299790382	-1
16.2299790382	-1
16.2299790382	-1
16.2299790382	-1
16.2299790382	-1
16.2299790382	-1
16.271914959	-1
16.271914959	-1
16.271914959	-1
16.271914959	-1
16.271914959	-1
16.271914959	-1
16.271914959	-1
16.2857189178	-1
16.2967970371	-1
16.2967970371	-1
16.2967970371	-1
16.2967970371	-1
16.2967970371	-1
16.2967970371	-1
16.2967970371	-1
16.3904058933	-1
16.3905079365	-1
16.3905079365	-1
16.3905079365	-1
16.3905079365	-1
16.3905079365	-1
16.3905079365	-1
16.3905079365	-1
16.4003169537	-1
16.4016270638	1
16.4089579582	-1
16.4089579582	-1
16.4089579582	-1
16.4089579582	-1
16.4089579582	-1
16.4089579582	-1
16.4089579582	-1
16.4295990467	-1
16.4297039509	-1
16.4297039509	-1
16.4297039509	-1
16.4297039509	-1
16.4297039509	-1
16.4297039509	-1
16.4297039509	-1
16.5457139015	-1
16.5457139015	-1
16.5457139015	-1
16.5457139015	-1
16.5457139015	-1
16.5457139015	-1
16.5457139015	-1
16.5457139015	-1
16.566231966	-1
16.5750989914	-1
16.5750989914	-1
16.5750989914	-1
16.5750989914	-1
16.5750989914	-1
16.5750989914	-1
16.5750989914	-1
16.583660841	-1
16.6160559654	-1
16.6160559654	-1
16.6244120598	-1
16.6244120598	-1
16.6244120598	-1
16.6244120598	-1
16.6244120598	-1
16.6913199425	-1
16.6913199425	-1
16.6913199425	-1
16.6913199425	-1
16.6913199425	-1
16.6913199425	-1
16.6913199425	-1
16.6913199425	-1
16.7019870281	-1
16.7031588554	1
16.7115089893	-1
16.7115089893	-1
16.7115089893	-1
16.7115089893	-1
16.7115089893	-1
16.7115089893	-1
16.7115089893	-1
16.7200078964	-1
16.7277870178	-1
16.7277870178	-1
16.7277870178	-1
16.7277870178	-1
16.7277870178	-1
16.7277870178	-1
16.7277870178	-1
16.7390129566	-1
16.7439949512	-1
16.7469239235	-1
16.7469239235	-1
16.7469239235	-1
16.7469239235	-1
16.7469239235	-1
16.7469239235	-1
16.84019804	-1
16.84019804	-1
16.8402328491	1
16.8402578831	-1
16.8402578831	-1
16.8402578831	-1
16.8402578831	-1
16.8402578831	-1
16.8402578831	-1
16.8402578831	-1
16.8622510433	-1
16.8622510433	-1
16.8622510433	-1
16.8622510433	-1
16.8622510433	-1
16.8622510433	-1
16.8622510433	-1
16.8739640713	-1
16.8739640713	-1
16.8739640713	-1
16.8739640713	-1
17.0113899708	1
17.1627118587	1
17.5871360302	1
17.5952219963	-1
17.7016909122	1
17.7016909122	1
17.7567999363	-1
17.8348379135	1
17.8348379135	1
17.8348379135	1
17.8350188732	1
17.8350188732	1
17.8350188732	1
17.8365058899	1
17.8365058899	1
17.8366599083	1
17.8366599083	1
17.8366599083	1
17.8366599083	1
17.8366599083	1
