0.0	1
0.250925064087	1
0.850038051605	-1
0.851331949234	1
1.7500500679	-1
1.7516169548	1
1.75666713715	1
1.75666713715	1
1.75666713715	1
1.75666713715	1
1.75666713715	1
1.75666713715	1
2.1855931282	-1
2.187251091	1
2.32265615463	-1
2.32400298119	1
2.36813616753	-1
2.36813616753	-1
2.36813616753	-1
2.45977902412	-1
2.45982098579	1
2.45982098579	1
2.6320810318	1
2.64326715469	-1
2.64506816864	-1
2.64506816864	-1
2.64506816864	-1
2.64506816864	-1
2.64506816864	-1
2.64506816864	-1
2.64506816864	-1
2.68512415886	-1
2.73550200462	-1
2.73550200462	-1
2.73550200462	-1
2.73555612564	-1
2.73555612564	-1
2.7450671196	-1
2.7450671196	-1
2.7450671196	-1
2.7450671196	-1
2.76754713058	1
2.89025902748	-1
2.89025902748	-1
2.89025902748	-1
2.89044713974	-1
2.89044713974	-1
2.89044713974	-1
2.89044713974	-1
2.89044713974	-1
2.89044713974	-1
2.90414500237	-1
2.90414500237	-1
2.92948412895	-1
2.92948412895	-1
2.92948412895	-1
2.92948412895	-1
2.92948412895	-1
2.92948412895	-1
2.92948412895	-1
2.93371415138	-1
2.94733595848	1
3.11994409561	1
3.15748405457	-1
3.29184103012	1
3.29184103012	1
3.29313397408	-1
3.49263906479	-1
3.49389815331	1
3.62937903404	-1
3.84167504311	-1
3.84167504311	-1
3.84947705269	1
3.91245102882	-1
3.91245102882	-1
3.91245102882	-1
3.91261696815	-1
3.91261696815	-1
3.91261696815	-1
3.94910097122	-1
3.94910097122	-1
3.94920802116	-1
3.94920802116	-1
3.94920802116	-1
3.94920802116	-1
3.94920802116	-1
3.94920802116	-1
3.97612500191	-1
3.97612500191	-1
3.97721004486	1
3.97721004486	1
3.97721004486	1
3.98096299171	1
3.98096299171	1
3.98179411888	-1
3.98179411888	-1
3.98179411888	-1
3.98179411888	-1
3.98179411888	-1
3.98179411888	-1
3.98179411888	-1
3.98503303528	1
4.04073309898	-1
4.04073309898	-1
4.04073309898	-1
4.04073309898	-1
4.0483880043	-1
4.0483880043	-1
4.06192517281	-1
4.06192517281	-1
4.06192517281	-1
4.06192517281	-1
4.06192517281	-1
4.06192517281	-1
4.06192517281	-1
4.1233291626	1
4.12352800369	1
4.12352800369	1
4.12352800369	1
4.12352800369	1
4.12352800369	1
4.12352800369	1
4.12352800369	1
4.25929498672	-1
4.25929498672	-1
4.25931406021	1
4.27898812294	1
4.27898812294	1
4.27898812294	1
4.33687901497	-1
4.33687901497	-1
4.33687901497	-1
4.34023809433	-1
4.34023809433	-1
4.34023809433	-1
4.34023809433	-1
4.34552001953	-1
4.35377311707	-1
4.35377311707	-1
4.35377311707	-1
4.35377311707	-1
4.35377311707	-1
4.35377311707	-1
4.35377311707	-1
4.3558549881	-1
4.38345003128	1
4.38345003128	1
4.38821697235	-1
4.38821697235	-1
4.38821697235	-1
4.39001917839	-1
4.39001917839	-1
4.39001917839	-1
4.39001917839	-1
4.39001917839	-1
4.39001917839	-1
4.39001917839	-1
4.39249706268	-1
4.43120503426	-1
4.43120503426	-1
4.43120503426	-1
4.43120503426	-1
4.43120503426	-1
4.43120503426	-1
4.43120503426	-1
4.43134617805	-1
4.43134617805	-1
4.43154501915	-1
4.43154501915	-1
4.43154501915	-1
4.43154501915	-1
4.43154501915	-1
4.43154501915	-1
4.43154501915	-1
4.48952007294	-1
4.48952007294	-1
4.48952007294	-1
4.48952007294	-1
4.48952007294	-1
4.48952007294	-1
4.48952007294	-1
4.48986816406	-1
4.48986816406	-1
4.48986816406	-1
4.48986816406	-1
4.48986816406	-1
4.49011397362	-1
4.49011397362	-1
4.51966714859	-1
4.51966714859	-1
4.51966714859	-1
4.51976799965	-1
4.51976799965	-1
4.51989102364	-1
4.51989102364	-1
4.51989102364	-1
4.53028607368	1
4.56697106361	-1
4.56697106361	-1
4.56697106361	-1
4.56707406044	-1
4.56707406044	-1
4.56707406044	-1
4.56707406044	-1
4.56707406044	-1
4.58640313148	-1
4.58640313148	-1
4.58640313148	-1
4.58640313148	-1
4.58640313148	-1
4.58681607246	-1
4.58772516251	-1
4.58772516251	-1
4.58772516251	-1
4.58772516251	-1
4.58772516251	-1
4.58772516251	-1
4.58772516251	-1
4.58923101425	1
4.58923101425	1
4.58923101425	1
4.62283396721	-1
4.62537312508	-1
4.62537312508	-1
4.62548303604	-1
4.62548303604	-1
4.62548303604	-1
4.62548303604	-1
4.62548303604	-1
4.62548303604	-1
4.66020917892	-1
4.66020917892	-1
4.670181036	-1
4.670181036	-1
4.670181036	-1
4.670181036	-1
4.670181036	-1
4.670181036	-1
4.670181036	-1
4.670181036	-1
4.67095899582	-1
4.67226910591	-1
4.67226910591	-1
4.67226910591	-1
4.70389103889	-1
4.70389103889	-1
4.70444917679	-1
4.70444917679	-1
4.70444917679	-1
4.70444917679	-1
4.70444917679	-1
4.70444917679	-1
4.70444917679	-1
4.72193217278	-1
4.7267241478	-1
4.7267241478	-1
4.7267241478	-1
4.7267241478	-1
4.74066114426	-1
4.80155110359	1
4.80271697044	-1
4.80271697044	-1
4.80271697044	-1
4.80290102959	-1
4.80290102959	-1
4.80290102959	-1
4.80290102959	-1
4.80290102959	-1
4.80290102959	-1
4.80290102959	-1
4.80630016327	-1
4.80632305145	-1
4.80632305145	-1
4.80632305145	-1
4.80632305145	-1
4.80632305145	-1
4.80632305145	-1
4.80632305145	-1
4.80958008766	-1
4.80969905853	-1
4.80969905853	-1
4.80969905853	-1
4.80969905853	-1
4.80969905853	-1
4.80969905853	-1
4.80969905853	-1
4.80969905853	-1
4.80969905853	-1
4.83369016647	-1
4.83369016647	-1
4.83369016647	-1
4.83380317688	-1
4.83380317688	-1
4.83999705315	-1
4.83999705315	-1
4.83999705315	-1
4.83999705315	-1
4.83999705315	-1
4.83999705315	-1
4.85750508308	-1
4.85750508308	-1
4.85761904716	-1
4.85761904716	-1
4.86466813087	-1
4.86466813087	-1
4.86466813087	-1
4.87315201759	-1
4.87315201759	-1
4.87315201759	-1
4.87315201759	-1
4.87315201759	-1
4.87315201759	-1
4.87622308731	-1
4.87622308731	-1
4.87622308731	-1
4.9043970108	-1
4.92234516144	-1
4.92234516144	-1
4.92234516144	-1
4.92234516144	-1
4.92234516144	-1
4.92234516144	-1
4.92256307602	-1
4.92256307602	-1
4.92256307602	-1
4.92256307602	-1
4.92256307602	-1
4.92256307602	-1
4.92414712906	1
4.92414712906	1
4.92414712906	1
4.94195795059	-1
4.9420170784	-1
4.9420170784	-1
4.9420170784	-1
4.9420170784	-1
4.94517016411	-1
4.94517016411	-1
4.94517016411	-1
4.94527316093	-1
4.94527316093	-1
4.94527316093	-1
4.94527316093	-1
4.94527316093	-1
4.98234295845	-1
4.98234295845	-1
4.98234295845	-1
4.98234295845	-1
4.98337197304	-1
4.9860291481	-1
4.9860291481	-1
4.9860291481	-1
4.9860291481	-1
4.9860291481	-1
4.9860291481	-1
4.9860291481	-1
4.98725914955	-1
5.00877308846	-1
5.00877308846	-1
5.00877308846	-1
5.00877308846	-1
5.00877308846	-1
5.00877308846	-1
5.0214381218	-1
5.0214381218	-1
5.0214381218	-1
5.0214381218	-1
5.0214381218	-1
5.0214381218	-1
5.03356099129	-1
5.03356099129	-1
5.03358411789	-1
5.03358411789	-1
5.03358411789	-1
5.03358411789	-1
5.03358411789	-1
5.03358411789	-1
5.06219005585	-1
5.06219005585	-1
5.0633251667	1
5.0633251667	1
5.0633251667	1
5.06540513039	-1
5.06540513039	-1
5.06560111046	-1
5.06560111046	-1
5.06560111046	-1
5.07670211792	-1
5.07670211792	-1
5.07798409462	-1
5.07798409462	-1
5.07798409462	-1
5.07798409462	-1
5.07798409462	-1
5.07864308357	-1
5.09831809998	-1
5.09831809998	-1
5.09831809998	-1
5.09831809998	-1
5.09831809998	-1
5.09831809998	-1
5.09831809998	-1
5.12998700142	-1
5.13036108017	-1
5.13036108017	-1
5.13036108017	-1
5.13036108017	-1
5.13036108017	-1
5.13036108017	-1
5.13036108017	-1
5.13036108017	-1
5.13672399521	-1
5.1369740963	-1
5.1369740963	-1
5.15239095688	-1
5.15239095688	-1
5.15239095688	-1
5.15243911743	-1
5.15243911743	-1
5.15243911743	-1
5.15243911743	-1
5.15243911743	-1
5.15540099144	-1
5.15540099144	-1
5.15540099144	-1
5.15540099144	-1
5.19715714455	-1
5.1974670887	-1
5.1974670887	-1
5.1974670887	-1
5.1974670887	-1
5.1974670887	-1
5.19893908501	-1
5.19933104515	-1
5.19933104515	-1
5.19933104515	-1
5.19933104515	-1
5.19933104515	-1
5.19933104515	-1
5.19933104515	-1
5.19933104515	-1
5.19970011711	-1
5.19970011711	-1
5.19970011711	-1
5.21555018425	-1
5.2155880928	1
5.2155880928	1
5.2190489769	-1
5.2190489769	-1
5.2190489769	-1
5.2190489769	-1
5.2190489769	-1
5.2190489769	-1
5.2190489769	-1
5.22052502632	-1
5.22052502632	-1
5.22052502632	-1
5.22052502632	-1
5.22052502632	-1
5.22052502632	-1
5.22052502632	-1
5.22412800789	-1
5.22412800789	-1
5.22412800789	-1
5.2611541748	-1
5.2611541748	-1
5.26127409935	-1
5.26127409935	-1
5.26127409935	-1
5.26127409935	-1
5.26127409935	-1
5.26591205597	-1
5.27395915985	-1
5.27395915985	-1
5.27445101738	-1
5.27445101738	-1
5.27445101738	-1
5.27445101738	-1
5.27445101738	-1
5.27445101738	-1
5.27445101738	-1
5.30742502213	-1
5.31622099876	-1
5.31622099876	-1
5.31622099876	-1
5.31622099876	-1
5.31622099876	-1
5.31622099876	-1
5.31622099876	-1
5.31622099876	-1
5.32277417183	-1
5.32277417183	-1
5.32277417183	-1
5.33391308784	-1
5.33391308784	-1
5.33391308784	-1
5.33391308784	-1
5.33391308784	-1
5.33391308784	-1
5.33391308784	-1
5.3345310688	-1
5.34452199936	-1
5.34452199936	-1
5.34462714195	-1
5.34462714195	-1
5.34462714195	-1
5.34462714195	-1
5.34462714195	-1
5.34462714195	-1
5.35095214844	-1
5.35095214844	-1
5.35095214844	-1
5.35095214844	-1
5.35095214844	-1
5.35095214844	-1
5.35095214844	-1
5.35095214844	-1
5.3514251709	-1
5.35144400597	1
5.36619997025	-1
5.36619997025	-1
5.36619997025	-1
5.36631417274	-1
5.36631417274	-1
5.36631417274	-1
5.36863207817	-1
5.36863207817	-1
5.36863207817	-1
5.36863207817	-1
5.36863207817	-1
5.36863207817	-1
5.36863207817	-1
5.36863207817	-1
5.39698696136	-1
5.39698696136	-1
5.39841008186	-1
5.39841008186	-1
5.39841008186	-1
5.39841008186	-1
5.39841008186	-1
5.39841008186	-1
5.39841008186	-1
5.39841008186	-1
5.41005301476	-1
5.41005301476	-1
5.41005301476	-1
5.41441512108	-1
5.41441512108	-1
5.41441512108	-1
5.41441512108	-1
5.42914199829	-1
5.43597912788	-1
5.43597912788	-1
5.43597912788	-1
5.43597912788	-1
5.43597912788	-1
5.43597912788	-1
5.43597912788	-1
5.4454190731	-1
5.45178794861	-1
5.45178794861	-1
5.45178794861	-1
5.45178794861	-1
5.45183706284	-1
5.45183706284	-1
5.45183706284	-1
5.45183706284	-1
5.45183706284	-1
5.45183706284	-1
5.45210814476	-1
5.45210814476	-1
5.45210814476	-1
5.45210814476	-1
5.45210814476	-1
5.45210814476	-1
5.45210814476	-1
5.45250916481	-1
5.45250916481	-1
5.45250916481	-1
5.45250916481	-1
5.45250916481	-1
5.45250916481	-1
5.45250916481	-1
5.45250916481	-1
5.45287799835	-1
5.45287799835	-1
5.48023414612	-1
5.48023414612	-1
5.48023414612	-1
5.48023414612	-1
5.48023414612	-1
5.48023414612	-1
5.48023414612	-1
5.48023414612	-1
5.48058509827	-1
5.48058509827	-1
5.48058509827	-1
5.48058509827	-1
5.48058509827	-1
5.48058509827	-1
5.48058509827	-1
5.48077201843	-1
5.48077201843	-1
5.48077201843	-1
5.48077201843	-1
5.48107600212	-1
5.48107600212	-1
5.48107600212	-1
5.48107600212	-1
5.48107600212	-1
5.48107600212	-1
5.48107600212	-1
5.48107600212	-1
5.48107600212	-1
5.48107600212	-1
5.48144507408	-1
5.48144507408	-1
5.48144507408	-1
5.48144507408	-1
5.48144507408	-1
5.50202298164	-1
5.5020570755	1
5.5020570755	1
5.50209116936	-1
5.50209116936	-1
5.50209116936	-1
5.50209116936	-1
5.50209116936	-1
5.52487707138	-1
5.52487707138	-1
5.52487707138	-1
5.52487707138	-1
5.52487707138	-1
5.52487707138	-1
5.52487707138	-1
5.52487707138	-1
5.53491306305	-1
5.53491306305	-1
5.53491306305	-1
5.53491306305	-1
5.53491306305	-1
5.53491306305	-1
5.53491306305	-1
5.53491306305	-1
5.53514099121	-1
5.53526210785	-1
5.53526210785	-1
5.53526210785	-1
5.53526210785	-1
5.54142403603	-1
5.55952501297	-1
5.55952501297	-1
5.55952501297	-1
5.55952501297	-1
5.55952501297	-1
5.55952501297	-1
5.55952501297	-1
5.55952501297	-1
5.55985808372	-1
5.55985808372	-1
5.55985808372	-1
5.56511807442	-1
5.56511807442	-1
5.5877840519	-1
5.5877840519	-1
5.5877840519	-1
5.5877840519	-1
5.5877840519	-1
5.5877840519	-1
5.5877840519	-1
5.58802008629	-1
5.58805799484	-1
5.58805799484	-1
5.58826112747	-1
5.58826112747	-1
5.58826112747	-1
5.58826112747	-1
5.58826112747	-1
5.5882871151	-1
5.5885951519	1
5.5885951519	1
5.5885951519	1
5.60310697556	-1
5.60310697556	-1
5.60310697556	-1
5.60310697556	-1
5.60531711578	-1
5.60638308525	-1
5.60638308525	-1
5.60638308525	-1
5.60638308525	-1
5.60638308525	-1
5.60638308525	-1
5.60797905922	-1
5.60797905922	-1
5.62030315399	-1
5.62030315399	-1
5.62030315399	-1
5.62030315399	-1
5.62030315399	-1
5.62030315399	-1
5.62030315399	-1
5.62030315399	-1
5.62148404121	1
5.62148404121	1
5.62435603142	1
5.62435603142	1
5.62435603142	1
5.63642716408	-1
5.63642716408	-1
5.63642716408	-1
5.63642716408	-1
5.63642716408	-1
5.63642716408	-1
5.63642716408	-1
5.63642716408	-1
5.64450001717	1
5.64450001717	1
5.64450001717	1
5.64450001717	1
5.6528301239	-1
5.6528301239	-1
5.6528301239	-1
5.65395498276	-1
5.65395498276	-1
5.65395498276	-1
5.65395498276	-1
5.65395498276	-1
5.65395498276	-1
5.65395498276	-1
5.65395498276	-1
5.65395498276	-1
5.66560697556	-1
5.66560697556	-1
5.66779017448	-1
5.66779017448	-1
5.66800904274	-1
5.66800904274	-1
5.66800904274	-1
5.66800904274	-1
5.66800904274	-1
5.66800904274	-1
5.69125914574	-1
5.69125914574	-1
5.69125914574	-1
5.69256997108	1
5.69256997108	1
5.69818305969	-1
5.69818305969	-1
5.70455598831	-1
5.70455598831	-1
5.70455598831	-1
5.70455598831	-1
5.70455598831	-1
5.70455598831	-1
5.70455598831	-1
5.70455598831	-1
5.7086250782	-1
5.7086250782	-1
5.70873618126	-1
5.70873618126	-1
5.70873618126	-1
5.70873618126	-1
5.70873618126	-1
5.73031902313	-1
5.7304251194	-1
5.7304251194	-1
5.7304251194	-1
5.7304251194	-1
5.7304251194	-1
5.7304251194	-1
5.74325013161	-1
5.74325013161	-1
5.74325013161	-1
5.74325013161	-1
5.74325013161	-1
5.74325013161	-1
5.74325013161	-1
5.74325013161	-1
5.75011396408	-1
5.75011396408	-1
5.75057506561	-1
5.75057506561	-1
5.75073814392	-1
5.75073814392	-1
5.75073814392	-1
5.75073814392	-1
5.75073814392	-1
5.75073814392	-1
5.77397108078	1
5.78553104401	-1
5.78553104401	-1
5.78553104401	-1
5.78553104401	-1
5.78553104401	-1
5.78553104401	-1
5.78991317749	-1
5.78991317749	-1
5.79197216034	-1
5.79197216034	-1
5.79197216034	-1
5.79197216034	-1
5.79197216034	-1
5.79197216034	-1
5.79197216034	-1
5.79376316071	-1
5.79376316071	-1
5.79376316071	-1
5.79376316071	-1
5.79376316071	-1
5.79376316071	-1
5.79376316071	-1
5.79807710648	-1
5.79807710648	-1
5.79807710648	-1
5.80345511436	-1
5.80345511436	-1
5.80345511436	-1
5.80345511436	-1
5.80345511436	-1
5.80345511436	-1
5.80345511436	-1
5.80345511436	-1
5.82371115685	-1
5.82371115685	-1
5.82371115685	-1
5.82371115685	-1
5.83062815666	-1
5.83192110062	-1
5.83192110062	-1
5.83192110062	-1
5.83192110062	-1
5.83192110062	-1
5.83192110062	-1
5.83192110062	-1
5.83192110062	-1
5.83192110062	-1
5.83220696449	-1
5.83220696449	-1
5.83220696449	-1
5.83220696449	-1
5.83526110649	-1
5.83585309982	-1
5.83585309982	-1
5.83585309982	-1
5.83585309982	-1
5.83585309982	-1
5.83585309982	-1
5.83585309982	-1
5.83585309982	-1
5.84994912148	-1
5.84994912148	-1
5.8512570858	1
5.8512570858	1
5.8512570858	1
5.86047697067	-1
5.86047697067	-1
5.86047697067	-1
5.86089706421	-1
5.86089706421	-1
5.86089706421	-1
5.86089706421	-1
5.86089706421	-1
5.86089706421	-1
5.86089706421	-1
5.86737418175	-1
5.86742210388	-1
5.86742210388	-1
5.86742210388	-1
5.86742210388	-1
5.86742210388	-1
5.86742210388	-1
5.86742210388	-1
5.86773300171	-1
5.89661407471	-1
5.89661407471	-1
5.89672708511	-1
5.89672708511	-1
5.89672708511	-1
5.89672708511	-1
5.89672708511	-1
5.89672708511	-1
5.89672708511	-1
5.90120005608	-1
5.90120005608	-1
5.9058611393	-1
5.9058611393	-1
5.9058611393	-1
5.9058611393	-1
5.9058611393	-1
5.90810608864	-1
5.90810608864	-1
5.90810608864	-1
5.90810608864	-1
5.90810608864	-1
5.90810608864	-1
5.90810608864	-1
5.90971112251	1
5.91214799881	-1
5.91214799881	-1
5.91214799881	-1
5.91214799881	-1
5.91214799881	-1
5.92005300522	-1
5.92173194885	-1
5.92173194885	-1
5.92173194885	-1
5.92173194885	-1
5.92173194885	-1
5.92173194885	-1
5.92196011543	-1
5.92196011543	-1
5.92201805115	-1
5.92201805115	-1
5.92201805115	-1
5.92201805115	-1
5.92201805115	-1
5.92201805115	-1
5.92943501472	-1
5.92943501472	-1
5.92943501472	-1
5.92943501472	-1
5.92943501472	-1
5.92943501472	-1
5.92943501472	-1
5.92978310585	-1
5.92978310585	-1
5.92978310585	-1
5.92978310585	-1
5.92978310585	-1
5.92978310585	-1
5.92978310585	-1
5.92978310585	-1
5.93002796173	-1
5.94479513168	-1
5.94479513168	-1
5.94489717484	-1
5.94489717484	-1
5.94489717484	-1
5.94489717484	-1
5.94489717484	-1
5.94489717484	-1
5.94489717484	-1
5.94514203072	-1
5.94514203072	-1
5.94514203072	-1
5.94514203072	-1
5.94514203072	-1
5.94514203072	-1
5.95897102356	-1
5.95897102356	-1
5.95897102356	-1
5.95897102356	-1
5.95897102356	-1
5.95897102356	-1
5.95897102356	-1
5.95932912827	-1
5.95932912827	-1
5.95945215225	-1
5.95945215225	-1
5.95945215225	-1
5.96079206467	1
5.96079206467	1
5.96079206467	1
5.96278214455	1
5.96278214455	1
5.96278214455	1
5.96278214455	1
5.96278214455	1
5.96621704102	-1
5.96621704102	-1
5.96621704102	-1
5.96621704102	-1
5.96621704102	-1
5.96621704102	-1
5.96621704102	-1
5.96621704102	-1
5.9664940834	-1
5.9664940834	-1
5.9664940834	-1
5.9664940834	-1
5.9664940834	-1
5.9664940834	-1
5.9664940834	-1
5.9664940834	-1
5.9669470787	-1
5.9669470787	-1
5.9669470787	-1
5.9669470787	-1
5.9669470787	-1
5.9669470787	-1
5.9669470787	-1
5.9669470787	-1
5.99667406082	-1
5.99667406082	-1
5.99667406082	-1
5.99667406082	-1
5.99667406082	-1
5.99667406082	-1
5.99667406082	-1
5.99667406082	-1
5.99667406082	-1
5.99703001976	-1
5.99703001976	-1
5.99703001976	-1
5.99703001976	-1
5.99703001976	-1
5.99703001976	-1
5.99703001976	-1
5.99739909172	-1
5.99739909172	-1
5.99739909172	-1
5.99739909172	-1
5.99739909172	-1
5.99739909172	-1
5.99739909172	-1
6.02144908905	-1
6.02148199081	-1
6.02148199081	-1
6.02148199081	-1
6.02148199081	-1
6.02148199081	-1
6.02148199081	-1
6.02148199081	-1
6.02148199081	-1
6.02181005478	-1
6.02193307877	-1
6.02193307877	-1
6.02205610275	-1
6.02205610275	-1
6.02205610275	-1
6.02205610275	-1
6.02205610275	-1
6.02205610275	-1
6.02205610275	-1
6.02230215073	-1
6.02234506607	-1
6.02234506607	-1
6.02234506607	-1
6.02234506607	-1
6.02254796028	-1
6.02254796028	-1
6.02254796028	-1
6.02254796028	-1
6.02254796028	-1
6.02254796028	-1
6.02254796028	-1
6.03219914436	-1
6.03219914436	-1
6.03219914436	-1
6.03219914436	-1
6.03219914436	-1
6.03243899345	-1
6.03243899345	-1
6.03243899345	-1
6.03243899345	-1
6.03243899345	-1
6.03243899345	-1
6.03243899345	-1
6.03268504143	-1
6.03268504143	-1
6.03268504143	-1
6.03268504143	-1
6.03268504143	-1
6.03268504143	-1
6.03268504143	-1
6.03305315971	-1
6.03305315971	-1
6.03305315971	-1
6.03305315971	-1
6.03305315971	-1
6.03305315971	-1
6.03305315971	-1
6.03305315971	-1
6.0355181694	1
6.0355181694	1
6.0355181694	1
6.03701710701	1
6.03701710701	1
6.03701710701	1
6.05570197105	-1
6.05570197105	-1
6.05570197105	-1
6.05574011803	-1
6.05574011803	-1
6.05574011803	-1
6.05574011803	-1
6.05574011803	-1
6.05574011803	-1
6.05574011803	-1
6.05603909492	-1
6.05619311333	-1
6.05619311333	-1
6.05619311333	-1
6.05619311333	-1
6.05619311333	-1
6.05619311333	-1
6.05619311333	-1
6.05619311333	-1
6.05619311333	-1
6.05648303032	-1
6.05648303032	-1
6.05648303032	-1
6.05648303032	-1
6.08053517342	-1
6.08053517342	-1
6.08053517342	-1
6.08053517342	-1
6.08053517342	-1
6.08053517342	-1
6.08053517342	-1
6.08053517342	-1
6.08053517342	-1
6.08089613914	-1
6.08089613914	-1
6.08089613914	-1
6.08089613914	-1
6.08089613914	-1
6.08089613914	-1
6.08089613914	-1
6.08089613914	-1
6.09506511688	-1
6.09506511688	-1
6.09517908096	-1
6.09517908096	-1
6.09517908096	-1
6.09517908096	-1
6.09517908096	-1
6.09517908096	-1
6.09541511536	-1
6.09541511536	-1
6.09541511536	-1
6.09541511536	-1
6.09541511536	-1
6.09541511536	-1
6.09541511536	-1
6.09541511536	-1
6.09578299522	-1
6.09578299522	-1
6.09590601921	-1
6.09590601921	-1
6.09590601921	-1
6.09590601921	-1
6.09590601921	-1
6.09590601921	-1
6.09615302086	-1
6.09615302086	-1
6.09615302086	-1
6.09615302086	-1
6.09615302086	-1
6.09615302086	-1
6.09615302086	-1
6.10294795036	-1
6.10300207138	-1
6.10300207138	-1
6.10300207138	-1
6.10300207138	-1
6.10300207138	-1
6.10300207138	-1
6.10300207138	-1
6.10300207138	-1
6.10300207138	-1
6.10342216492	-1
6.10342216492	-1
6.10342216492	-1
6.10342216492	-1
6.10342216492	-1
6.10342216492	-1
6.10342216492	-1
6.10574007034	1
6.10574007034	1
6.10574007034	1
6.11353516579	-1
6.11353516579	-1
6.11353516579	-1
6.11353516579	-1
6.11353516579	-1
6.11353516579	-1
6.11367607117	-1
6.11367607117	-1
6.11367607117	-1
6.11367607117	-1
6.11367607117	-1
6.11367607117	-1
6.11367607117	-1
6.11367607117	-1
6.11413216591	-1
6.11413216591	-1
6.11413216591	-1
6.13360404968	-1
6.13360404968	-1
6.13360404968	-1
6.13360404968	-1
6.13360404968	-1
6.13360404968	-1
6.13360404968	-1
6.13360404968	-1
6.13397598267	-1
6.13397598267	-1
6.13397598267	-1
6.13397598267	-1
6.13397598267	-1
6.13397598267	-1
6.13397598267	-1
6.13422107697	-1
6.13422107697	-1
6.13422107697	-1
6.13422107697	-1
6.13422107697	-1
6.13446903229	-1
6.15894317627	-1
6.15894317627	-1
6.15894317627	-1
6.15894317627	-1
6.15894317627	-1
6.15894317627	-1
6.15894317627	-1
6.15894317627	-1
6.15894317627	-1
6.15894317627	-1
6.15928816795	-1
6.15928816795	-1
6.15928816795	-1
6.15928816795	-1
6.15953397751	-1
6.15953397751	-1
6.15953397751	-1
6.15953397751	-1
6.15953397751	-1
6.15953397751	-1
6.15953397751	-1
6.15953397751	-1
6.15983104706	-1
6.15983104706	-1
6.15983104706	-1
6.15983104706	-1
6.15983104706	-1
6.15983104706	-1
6.15983104706	-1
6.15983104706	-1
6.15983104706	-1
6.16027116776	-1
6.16027116776	-1
6.16039609909	-1
6.16039609909	-1
6.16039609909	-1
6.16039609909	-1
6.16039609909	-1
6.16039609909	-1
6.16039609909	-1
6.16039609909	-1
6.16076612473	-1
6.16076612473	-1
6.16076612473	-1
6.16076612473	-1
6.16076612473	-1
6.16076612473	-1
6.16076612473	-1
6.16076612473	-1
6.16076612473	-1
6.16110515594	-1
6.16110515594	-1
6.16110515594	-1
6.16369795799	1
6.16369795799	1
6.17722415924	-1
6.17722415924	-1
6.17776417732	-1
6.17776417732	-1
6.17776417732	-1
6.17776417732	-1
6.17776417732	-1
6.17776417732	-1
6.19126296043	-1
6.19126296043	-1
6.19126296043	-1
6.19126296043	-1
6.19126296043	-1
6.19126296043	-1
6.19149518013	-1
6.19149518013	-1
6.19149518013	-1
6.19149518013	-1
6.19149518013	-1
6.19149518013	-1
6.19149518013	-1
6.19186401367	-1
6.19186401367	-1
6.19186401367	-1
6.19186401367	-1
6.19186401367	-1
6.19186401367	-1
6.19186401367	-1
6.19186401367	-1
6.19186401367	-1
6.1918721199	1
6.19223308563	-1
6.19223308563	-1
6.19223308563	-1
6.19223308563	-1
6.19247817993	-1
6.19247817993	-1
6.19247817993	-1
6.19247817993	-1
6.19247817993	-1
6.19247817993	-1
6.19247817993	-1
6.19247817993	-1
6.19247817993	-1
6.19281816483	-1
6.21671509743	-1
6.21671509743	-1
6.21671509743	-1
6.21671509743	-1
6.21671509743	-1
6.21671509743	-1
6.21695113182	-1
6.21695113182	-1
6.21695113182	-1
6.21695113182	-1
6.21695113182	-1
6.21695113182	-1
6.21695113182	-1
6.2171959877	-1
6.2171959877	-1
6.2171959877	-1
6.2171959877	-1
6.2171959877	-1
6.2171959877	-1
6.2171959877	-1
6.2171959877	-1
6.21756505966	-1
6.23178315163	-1
6.23178315163	-1
6.23178315163	-1
6.23178315163	-1
6.23189997673	-1
6.23202204704	-1
6.23202204704	-1
6.23202204704	-1
6.23202204704	-1
6.23202204704	-1
6.23202204704	-1
6.23227214813	-1
6.23227214813	-1
6.23227214813	-1
6.23227214813	-1
6.23227214813	-1
6.23227214813	-1
6.23227214813	-1
6.23251414299	-1
6.25490307808	-1
6.25490307808	-1
6.25490307808	-1
6.25490307808	-1
6.25490307808	-1
6.25490307808	-1
6.25490307808	-1
6.25490307808	-1
6.25490307808	-1
6.25524997711	-1
6.25524997711	-1
6.25524997711	-1
6.25524997711	-1
6.25537395477	-1
6.25537395477	-1
6.25537395477	-1
6.25537395477	-1
6.25537395477	-1
6.25537395477	-1
6.25537395477	-1
6.25537395477	-1
6.25574207306	-1
6.25798201561	1
6.25798201561	1
6.25798201561	1
6.26886701584	-1
6.26886701584	-1
6.26897096634	-1
6.26897096634	-1
6.26897096634	-1
6.26897096634	-1
6.26897096634	-1
6.26897096634	-1
6.26916599274	-1
6.26916599274	-1
6.26916599274	-1
6.26916599274	-1
6.26916599274	-1
6.26916599274	-1
6.26916599274	-1
6.26939415932	-1
6.26939415932	-1
6.26958608627	-1
6.26958608627	-1
6.26962018013	-1
6.26962018013	-1
6.26962018013	-1
6.26962018013	-1
6.26962018013	-1
6.26962018013	-1
6.27169299126	1
6.27169299126	1
6.31590509415	-1
6.31590509415	-1
6.31590509415	-1
6.31590509415	-1
6.31590509415	-1
6.31590509415	-1
6.31590509415	-1
6.31590509415	-1
6.31590509415	-1
6.3162560463	-1
6.3162560463	-1
6.3162560463	-1
6.3162560463	-1
6.3162560463	-1
6.3162560463	-1
6.32425999641	-1
6.33726596832	-1
6.33726596832	-1
6.33726596832	-1
6.33726596832	-1
6.33726596832	-1
6.33726596832	-1
6.33726596832	-1
6.33726596832	-1
6.34898114204	-1
6.34898114204	-1
6.35092496872	-1
6.35092496872	-1
6.35092496872	-1
6.3531870842	-1
6.3531870842	-1
6.3531870842	-1
6.3531870842	-1
6.3531870842	-1
6.3531870842	-1
6.35726499557	-1
6.35726499557	-1
6.35726499557	-1
6.35726499557	-1
6.35880112648	-1
6.36333799362	-1
6.36333799362	-1
6.36333799362	-1
6.36333799362	-1
6.36333799362	-1
6.36333799362	-1
6.36333799362	-1
6.36333799362	-1
6.36333799362	-1
6.36333799362	-1
6.36425900459	-1
6.36425900459	-1
6.36425900459	-1
6.36425900459	-1
6.36425900459	-1
6.36540412903	-1
6.36652708054	-1
6.36652708054	-1
6.36652708054	-1
6.36652708054	-1
6.36652708054	-1
6.36652708054	-1
6.36652708054	-1
6.36728405952	-1
6.36728405952	-1
6.36728405952	-1
6.36728405952	-1
6.36728405952	-1
6.36728405952	-1
6.36728405952	-1
6.36728405952	-1
6.36916995049	-1
6.36916995049	-1
6.36916995049	-1
6.36916995049	-1
6.36916995049	-1
6.36916995049	-1
6.36916995049	-1
6.36916995049	-1
6.3698861599	-1
6.3698861599	-1
6.3698861599	-1
6.3698861599	-1
6.3698861599	-1
6.3698861599	-1
6.3698861599	-1
6.37105417252	-1
6.37205696106	-1
6.37205696106	-1
6.37205696106	-1
6.37205696106	-1
6.37205696106	-1
6.37205696106	-1
6.37205696106	-1
6.37305903435	-1
6.37305903435	-1
6.37305903435	-1
6.37305903435	-1
6.37305903435	-1
6.37305903435	-1
6.37305903435	-1
6.37305903435	-1
6.37385797501	-1
6.37443208694	-1
6.37443208694	-1
6.37443208694	-1
6.37443208694	-1
6.37443208694	-1
6.37443208694	-1
6.37511610985	1
6.37511610985	1
6.37511610985	1
6.37586903572	-1
6.37586903572	-1
6.37586903572	-1
6.37586903572	-1
6.37586903572	-1
6.37586903572	-1
6.37586903572	-1
6.3785071373	-1
6.3785071373	-1
6.3785071373	-1
6.37875199318	-1
6.37875199318	-1
6.37875199318	-1
6.37875199318	-1
6.37875199318	-1
6.37875199318	-1
6.37875199318	-1
6.37875199318	-1
6.38999509811	-1
6.38999509811	-1
6.38999509811	-1
6.39112401009	-1
6.39112401009	-1
6.39112401009	-1
6.39112401009	-1
6.39112401009	-1
6.39112401009	-1
6.39112401009	-1
6.39112401009	-1
6.39142417908	-1
6.39142417908	-1
6.39142417908	-1
6.39142417908	-1
6.39198303223	-1
6.39198303223	-1
6.39414310455	-1
6.39414310455	-1
6.39414310455	-1
6.39414310455	-1
6.39414310455	-1
6.39414310455	-1
6.39414310455	-1
6.39570903778	-1
6.39570903778	-1
6.39570903778	-1
6.39652895927	-1
6.39652895927	-1
6.39652895927	-1
6.39652895927	-1
6.39652895927	-1
6.39652895927	-1
6.40865516663	-1
6.40865516663	-1
6.40865516663	-1
6.40865516663	-1
6.40865516663	-1
6.40865516663	-1
6.40865516663	-1
6.40865516663	-1
6.40865516663	-1
6.40902018547	-1
6.40902018547	-1
6.40902018547	-1
6.40902018547	-1
6.40902018547	-1
6.40902018547	-1
6.40902018547	-1
6.40955305099	-1
6.40955305099	-1
6.40955305099	-1
6.40981411934	1
6.40981411934	1
6.41008996964	-1
6.41008996964	-1
6.41008996964	-1
6.41008996964	-1
6.41008996964	-1
6.41008996964	-1
6.41008996964	-1
6.41033101082	-1
6.41053509712	-1
6.41053509712	-1
6.42309808731	-1
6.42309808731	-1
6.42309808731	-1
6.42309808731	-1
6.42309808731	-1
6.42309808731	-1
6.42309808731	-1
6.42309808731	-1
6.42309808731	-1
6.42345714569	-1
6.42345714569	-1
6.42345714569	-1
6.42345714569	-1
6.42345714569	-1
6.4476749897	-1
6.4476749897	-1
6.4476749897	-1
6.4476749897	-1
6.4476749897	-1
6.4476749897	-1
6.4476749897	-1
6.4476749897	-1
6.44803214073	-1
6.44803214073	-1
6.44803214073	-1
6.44803214073	-1
6.44803214073	-1
6.44803214073	-1
6.44803214073	-1
6.44803214073	-1
6.4618241787	-1
6.4618241787	-1
6.4618241787	-1
6.4618241787	-1
6.4618241787	-1
6.4618241787	-1
6.4618241787	-1
6.4618241787	-1
6.4618241787	-1
6.46218299866	-1
6.46218299866	-1
6.46218299866	-1
6.46218299866	-1
6.46218299866	-1
6.46218299866	-1
6.46218299866	-1
6.46242904663	-1
6.46242904663	-1
6.46242904663	-1
6.46242904663	-1
6.46242904663	-1
6.46242904663	-1
6.46242904663	-1
6.46242904663	-1
6.46279716492	-1
6.47300815582	-1
6.47300815582	-1
6.47300815582	-1
6.47300815582	-1
6.47300815582	-1
6.47300815582	-1
6.47300815582	-1
6.47300815582	-1
6.47302317619	1
6.47302317619	1
6.47336411476	-1
6.47336411476	-1
6.47336411476	-1
6.47336411476	-1
6.47336411476	-1
6.47336411476	-1
6.47361016273	-1
6.47361016273	-1
6.47361016273	-1
6.47361016273	-1
6.47361016273	-1
6.47361016273	-1
6.47361016273	-1
6.47361016273	-1
6.4739780426	-1
6.4739780426	-1
6.4739780426	-1
6.61254715919	-1
6.61254715919	-1
6.61254715919	-1
6.6125600338	1
6.6125600338	1
6.66161203384	-1
6.66161203384	-1
6.72464108467	-1
6.72464108467	-1
6.72464108467	-1
6.72464108467	-1
6.72464108467	-1
6.72464108467	-1
6.72464108467	-1
6.72464108467	-1
6.72464108467	-1
6.73405909538	-1
6.73405909538	-1
6.73405909538	-1
6.73405909538	-1
6.73405909538	-1
6.73405909538	-1
6.73405909538	-1
6.73405909538	-1
6.73481297493	-1
6.73481297493	-1
6.73481297493	-1
6.73481297493	-1
6.73481297493	-1
6.73481297493	-1
6.73481297493	-1
6.73555397987	-1
6.73555397987	-1
6.73555397987	-1
6.73555397987	-1
6.73555397987	-1
6.73555397987	-1
6.73555397987	-1
6.73555397987	-1
6.73735499382	-1
6.81196117401	1
6.86640715599	1
6.86640715599	1
6.86640715599	1
7.00243711472	-1
7.01145815849	-1
7.01145815849	-1
7.01145815849	-1
7.01145815849	-1
7.01145815849	-1
7.01145815849	-1
7.01145815849	-1
7.01145815849	-1
7.01145815849	-1
7.01181602478	-1
7.01181602478	-1
7.01181602478	-1
7.01181602478	-1
7.02127408981	-1
7.11996102333	1
7.14701294899	-1
7.14701294899	-1
7.3217561245	-1
7.33385396004	1
7.37665104866	1
7.37665104866	1
7.37665104866	1
7.50789499283	1
7.6765460968	-1
7.84959316254	-1
7.84959316254	-1
8.02184009552	-1
9.40128111839	-1
11.058740139	-1
11.1155090332	-1
11.1155090332	-1
11.1155090332	-1
11.479473114	-1
19.7338991165	-1
19.8025050163	-1
19.8025050163	-1
19.8025050163	-1
23.2188971043	-1
43.1460061073	-1
63.356069088	-1
64.6663529873	-1
71.427396059	-1
71.5628211498	-1
