0.0	1
0.249712944031	1
0.748303174973	-1
0.749438047409	1
0.977826118469	-1
0.979199171066	1
0.984341144562	1
0.984341144562	1
0.984341144562	1
0.984341144562	1
0.984341144562	1
0.984341144562	1
1.72732400894	-1
1.72899007797	1
1.92797017097	-1
1.92932701111	1
2.0037791729	-1
2.00498199463	1
2.32983803749	-1
2.32983803749	-1
2.32983803749	-1
2.32983803749	-1
2.32983803749	-1
2.32983803749	-1
2.42648410797	-1
2.42792010307	1
2.53076004982	-1
2.53076004982	-1
2.53076004982	-1
2.54464197159	1
2.60467600822	-1
2.71906113625	-1
2.71906113625	-1
2.71906113625	-1
2.73026204109	-1
2.73370313644	-1
2.73370313644	-1
2.73370313644	-1
2.73370313644	-1
2.794298172	1
2.80445504189	-1
2.93140602112	-1
2.93171310425	-1
2.93171310425	-1
2.93171310425	-1
2.93171310425	-1
2.93171310425	-1
2.93382000923	-1
3.00618910789	-1
3.08018112183	-1
3.14743614197	-1
3.14743614197	-1
3.14743614197	-1
3.14743614197	-1
3.14743614197	-1
3.14743614197	-1
3.37446713448	-1
3.37446713448	-1
3.37446713448	-1
3.5253200531	1
3.61602401733	-1
4.17216897011	-1
4.38919997215	-1
4.3967859745	1
5.19144701958	-1
5.3927359581	-1
5.41370296478	1
5.41591715813	1
5.41591715813	1
5.41591715813	1
5.97837901115	-1
6.18007397652	-1
6.25416517258	-1
6.38000917435	-1
6.52558898926	-1
6.59947705269	-1
7.01369810104	1
7.08840203285	1
7.56828117371	-1
7.78150105476	-1
7.78270697594	1
7.98295211792	-1
8.01525402069	1
8.29027700424	-1
8.49987816811	-1
8.50114703178	1
8.57516312599	1
8.70230507851	-1
8.78390097618	1
9.01557803154	1
9.25494194031	-1
9.25618100166	1
9.47608995438	-1
9.93133306503	-1
9.93256616592	1
10.0066161156	1
10.1857180595	-1
10.1932079792	1
10.5423960686	-1
10.8040101528	-1
10.8052620888	1
11.0057461262	-1
11.3705511093	-1
11.4451770782	-1
11.5725531578	-1
11.5727319717	-1
11.5727319717	-1
11.5727319717	-1
11.5727319717	-1
11.5727319717	-1
11.5727319717	-1
11.6464040279	-1
11.7725880146	-1
11.7727940083	-1
11.7727940083	-1
11.7727940083	-1
11.8654839993	1
11.9392721653	1
11.9392721653	1
11.9415390491	1
11.9415390491	1
11.9415390491	1
11.9423191547	1
11.9423191547	1
11.9423191547	1
