0.0	1
0.342462062836	1
0.47092795372	-1
0.472091913223	1
1.06672906876	-1
1.06752800941	1
1.07299804688	1
1.07299804688	1
1.07299804688	1
1.07318401337	1
1.07318401337	1
1.07318401337	1
1.63520407677	-1
1.6368329525	1
1.80468606949	-1
1.80607104301	1
1.88033103943	-1
1.88033103943	-1
1.88194799423	1
1.99476790428	1
2.04489898682	-1
2.06846904755	1
2.14233398438	-1
2.25254297256	-1
2.25254297256	-1
2.25254297256	-1
2.25293588638	-1
2.25293588638	-1
2.25293588638	-1
2.25293588638	-1
2.25293588638	-1
2.25293588638	-1
2.33864998817	1
2.40045189857	-1
2.40045189857	-1
2.45563793182	-1
2.45563793182	-1
2.45563793182	-1
2.45563793182	-1
2.45563793182	-1
2.45563793182	-1
2.45563793182	-1
2.58873701096	1
2.59265708923	-1
2.65943193436	-1
2.65943193436	-1
2.65943193436	-1
2.65943193436	-1
2.65943193436	-1
2.65943193436	-1
2.65943193436	-1
2.65943193436	-1
2.74080300331	-1
2.74080300331	-1
2.82380390167	-1
2.82398605347	-1
2.82398605347	-1
2.82398605347	-1
2.82398605347	-1
2.82398605347	-1
2.82398605347	-1
2.89807605743	-1
2.89807605743	-1
2.90010309219	1
3.06229686737	-1
3.17267894745	-1
3.17267894745	-1
3.18564891815	1
3.3917388916	-1
3.43690395355	1
3.59654593468	-1
3.60396504402	1
4.05962705612	-1
4.06069302559	1
4.26601409912	-1
4.5497648716	-1
4.62144088745	-1
4.62144088745	-1
4.62144088745	-1
4.64070010185	1
4.64296197891	1
4.64296197891	1
4.64296197891	1
4.75385499001	-1
4.75389099121	-1
4.75389099121	-1
4.75389099121	-1
4.75389099121	-1
4.75389099121	-1
4.78162097931	1
4.78162097931	1
4.78162097931	1
4.78435993195	1
4.78435993195	1
4.82604789734	-1
4.82604789734	-1
4.82604789734	-1
4.82604789734	-1
4.8260910511	1
4.82626891136	-1
4.82626891136	-1
4.86400699615	1
4.86400699615	1
4.86400699615	1
4.86400699615	1
4.86501288414	1
4.86501288414	1
4.86578297615	1
4.86578297615	1
4.86670088768	1
4.86670088768	1
4.93815898895	1
4.96032500267	-1
4.9608130455	-1
4.9608130455	-1
4.9608130455	-1
4.97287201881	1
4.97287201881	1
4.97287201881	1
5.03097391129	1
5.03097391129	1
5.03481888771	1
5.10883188248	1
5.10883188248	1
5.18275809288	1
5.18275809288	1
5.20291900635	-1
5.26302599907	-1
5.26302599907	-1
5.26302599907	-1
5.26397800446	1
5.28017497063	-1
5.28017497063	-1
5.28060793877	-1
5.28060793877	-1
5.28060793877	-1
5.28060793877	-1
5.28060793877	-1
5.28060793877	-1
5.29801702499	1
5.29801702499	1
5.29801702499	1
5.40824794769	-1
5.40824794769	-1
5.40824794769	-1
5.40835309029	-1
5.40835309029	-1
5.40835309029	-1
5.41070604324	1
5.41070604324	1
5.41070604324	1
5.48471593857	-1
5.48471593857	-1
5.48471593857	-1
5.4847509861	1
5.50883889198	-1
5.50883889198	-1
5.52423787117	-1
5.52423787117	-1
5.52423787117	-1
5.52573800087	1
5.52573800087	1
5.52573800087	1
5.52607798576	1
5.52607798576	1
5.53464388847	-1
5.53464388847	-1
5.55929088593	1
5.55929088593	1
5.66668796539	-1
5.66672086716	1
5.68981099129	-1
5.68981099129	-1
5.68981099129	-1
5.70498394966	-1
5.70498394966	-1
5.72517490387	-1
5.72517490387	-1
5.72517490387	-1
5.72698903084	1
5.72698903084	1
5.72698903084	1
5.741065979	-1
5.741065979	-1
5.74110102654	1
5.74319291115	1
5.74319291115	1
5.74319291115	1
5.74395298958	-1
5.74395298958	-1
5.74395298958	-1
5.7454020977	1
5.7454020977	1
5.86858892441	-1
5.86858892441	-1
5.86858892441	-1
5.86858892441	-1
5.86858892441	-1
5.86858892441	-1
5.86858892441	-1
5.86858892441	-1
5.9094619751	-1
5.9094619751	-1
5.9094619751	-1
5.9094619751	-1
5.94905495644	-1
5.94905495644	-1
5.94905495644	-1
5.94905495644	-1
5.94905495644	-1
5.94905495644	-1
5.94905495644	-1
5.94905495644	-1
5.94905495644	-1
5.94905495644	-1
5.98345398903	-1
5.98345398903	-1
6.07329297066	-1
6.07329297066	-1
6.07329297066	-1
6.11256790161	-1
6.11340403557	-1
6.11340403557	-1
6.11340403557	-1
6.14329695702	-1
6.14329695702	-1
6.14329695702	-1
6.14329695702	-1
6.14329695702	-1
6.14329695702	-1
6.14329695702	-1
6.14329695702	-1
6.15475487709	-1
6.15475487709	-1
6.15475487709	-1
6.15475487709	-1
6.15475487709	-1
6.16091609001	1
6.25886297226	-1
6.25886297226	-1
6.25886297226	-1
6.25890207291	1
6.27820110321	-1
6.27820110321	-1
6.27820110321	-1
6.27820110321	-1
6.27820110321	-1
6.27820110321	-1
6.34673309326	-1
6.34673309326	-1
6.34673309326	-1
6.34673309326	-1
6.34673309326	-1
6.34673309326	-1
6.34673309326	-1
6.34673309326	-1
6.34673309326	-1
6.35871291161	-1
6.35871291161	-1
6.35882902145	-1
6.35882902145	-1
6.35882902145	-1
6.39988493919	-1
6.39988493919	-1
6.46415686607	-1
6.46415686607	-1
6.46415686607	-1
6.46415686607	-1
6.46415686607	-1
6.485049963	-1
6.49460697174	1
6.4949529171	-1
6.52423501015	-1
6.52423501015	-1
6.52423501015	-1
6.52759194374	1
6.52759194374	1
6.52759194374	1
6.54178404808	1
6.54178404808	1
6.55159306526	-1
6.55159306526	-1
6.55159306526	-1
6.55159306526	-1
6.55169606209	-1
6.56309103966	1
6.56309103966	1
6.56309103966	1
6.56335186958	-1
6.56335186958	-1
6.56335186958	-1
6.56335186958	-1
6.56764388084	1
6.56764388084	1
6.57021594048	1
6.57021594048	1
6.57021594048	1
6.59840488434	1
6.66862893105	-1
6.66862893105	-1
6.66862893105	-1
6.66862893105	-1
6.66862893105	-1
6.66862893105	-1
6.66862893105	-1
6.66862893105	-1
6.66879796982	-1
6.72860097885	-1
6.72860097885	-1
6.72860097885	-1
6.72860097885	-1
6.72860097885	-1
6.72860097885	-1
6.72860097885	-1
6.74416804314	1
6.75609302521	-1
6.75609302521	-1
6.75609302521	-1
6.75609302521	-1
6.75609302521	-1
6.75609302521	-1
6.76883888245	-1
6.76883888245	-1
6.76886796951	-1
6.76886796951	-1
6.76886796951	-1
6.76886796951	-1
6.8301858902	-1
6.83022093773	1
6.85074305534	-1
6.85074305534	-1
6.85074305534	-1
6.87437391281	-1
6.87437391281	-1
6.87456202507	-1
6.87456202507	-1
6.87456202507	-1
6.88154697418	1
6.88154697418	1
6.88154697418	1
6.89315986633	-1
6.89315986633	-1
6.89315986633	-1
6.90434288979	1
6.90434288979	1
6.96109700203	-1
6.96109700203	-1
6.96109700203	-1
6.96109700203	-1
6.96109700203	-1
6.96109700203	-1
6.96109700203	-1
6.97318887711	-1
6.97328996658	-1
6.97328996658	-1
6.97328996658	-1
6.97328996658	-1
6.97328996658	-1
6.97328996658	-1
6.98020792007	1
7.05526590347	-1
7.05531287193	1
7.05563402176	-1
7.05563402176	-1
7.05563402176	-1
7.05744194984	1
7.05744194984	1
7.05744194984	1
7.12917590141	1
7.12917590141	1
7.14766192436	-1
7.14766192436	-1
7.14766192436	-1
7.14892506599	1
7.14892506599	1
7.14892506599	1
7.16216993332	-1
7.16216993332	-1
7.16354203224	1
7.16354203224	1
7.16409492493	-1
7.16409492493	-1
7.16409492493	-1
7.16409492493	-1
7.20340394974	-1
7.20343899727	1
7.27746105194	-1
7.27750301361	1
7.27750301361	1
7.39064788818	1
7.39064788818	1
7.40858006477	-1
7.40876793861	-1
7.40876793861	-1
7.40876793861	-1
7.40876793861	-1
7.48296308517	-1
7.52420306206	-1
7.52420306206	-1
7.52420306206	-1
7.52473306656	-1
7.52473306656	-1
7.52473306656	-1
7.52473306656	-1
7.52473306656	-1
7.52473306656	-1
7.52519106865	-1
7.52519106865	-1
7.52519106865	-1
7.52519106865	-1
7.52519106865	-1
7.52519106865	-1
7.52519106865	-1
7.52615499496	1
7.56645202637	-1
7.56655597687	-1
7.56655597687	-1
7.56655597687	-1
7.56655597687	-1
7.56655597687	-1
7.56655597687	-1
7.56655597687	-1
7.56655597687	-1
7.59661388397	-1
7.72635006905	-1
7.72653102875	-1
7.72653102875	-1
7.72653102875	-1
7.72653102875	-1
7.72653102875	-1
7.72653102875	-1
7.72745990753	-1
7.72745990753	-1
7.72745990753	-1
7.72745990753	-1
7.72745990753	-1
7.72745990753	-1
7.72745990753	-1
7.72745990753	-1
7.72782588005	-1
7.72782588005	-1
7.72782588005	-1
7.72782588005	-1
7.72782588005	-1
7.72782588005	-1
7.72782588005	-1
7.72866201401	1
7.77238607407	-1
7.77251005173	-1
7.77251005173	-1
7.77251005173	-1
7.77251005173	-1
7.77251005173	-1
7.77251005173	-1
7.77251005173	-1
7.84282803535	1
7.84282803535	1
7.90673589706	-1
7.93077898026	-1
7.93077898026	-1
7.93077898026	-1
7.93081688881	1
7.93081688881	1
7.93109607697	-1
7.93109607697	-1
7.93109607697	-1
7.93265891075	-1
7.93265891075	-1
7.93265891075	-1
7.93265891075	-1
7.93265891075	-1
7.93265891075	-1
7.93265891075	-1
7.93265891075	-1
7.93306398392	-1
7.93306398392	-1
7.9331870079	-1
7.9331870079	-1
7.9331870079	-1
7.9331870079	-1
7.9331870079	-1
7.9331870079	-1
7.93343091011	-1
7.93343091011	-1
7.93681502342	1
7.93681502342	1
7.93681502342	1
7.93922495842	1
7.93922495842	1
7.95996594429	1
7.95996594429	1
7.95996594429	1
7.97149205208	1
7.97149205208	1
7.97669100761	-1
7.97669100761	-1
7.97669100761	-1
7.97669100761	-1
7.97669100761	-1
7.97669100761	-1
8.13540887833	-1
8.13559603691	-1
8.13559603691	-1
8.13559603691	-1
8.13559603691	-1
8.13782501221	-1
8.13782501221	-1
8.13792991638	-1
8.13792991638	-1
8.13792991638	-1
8.13792991638	-1
8.13792991638	-1
8.13792991638	-1
8.13792991638	-1
8.13792991638	-1
8.13829898834	-1
8.13829898834	-1
8.13829898834	-1
8.1384139061	-1
8.1384139061	-1
8.13858604431	-1
8.13858604431	-1
8.13858604431	-1
8.13870000839	-1
8.13870000839	-1
8.14271092415	1
8.15385198593	1
8.15385198593	1
8.15385198593	1
8.17769002914	-1
8.17769002914	-1
8.17769002914	-1
8.20876908302	1
8.20876908302	1
8.33994793892	-1
8.34015798569	-1
8.34015798569	-1
8.34015798569	-1
8.34015798569	-1
8.34032297134	-1
8.34032297134	-1
8.34199404716	1
8.34235692024	-1
8.34235692024	-1
8.34294605255	-1
8.34294605255	-1
8.34294605255	-1
8.34304094315	-1
8.34304094315	-1
8.34304094315	-1
8.34304094315	-1
8.34304094315	-1
8.34304094315	-1
8.34304094315	-1
8.34337306023	-1
8.34337306023	-1
8.34337306023	-1
8.34337306023	-1
8.34337306023	-1
8.34337306023	-1
8.34337306023	-1
8.38662004471	-1
8.38662004471	-1
8.38672709465	-1
8.38672709465	-1
8.38672709465	-1
8.38672709465	-1
8.38672709465	-1
8.38672709465	-1
8.48277401924	1
8.48277401924	1
8.54686594009	-1
8.54703187943	-1
8.54703187943	-1
8.54703187943	-1
8.54703187943	-1
8.54703187943	-1
8.54703187943	-1
8.54703187943	-1
8.54703187943	-1
8.54819893837	-1
8.54830288887	-1
8.54830288887	-1
8.54830288887	-1
8.54830288887	-1
8.54830288887	-1
8.54931402206	-1
8.54931402206	-1
8.54931402206	-1
8.54931402206	-1
8.54931402206	-1
8.54931402206	-1
8.54931402206	-1
8.54931402206	-1
8.55677103996	1
8.55677103996	1
8.58717799187	-1
8.58717799187	-1
8.58717799187	-1
8.58717799187	-1
8.58717799187	-1
8.58717799187	-1
8.58717799187	-1
8.58717799187	-1
8.7497279644	-1
8.74991202354	-1
8.74991202354	-1
8.74991202354	-1
8.74991202354	-1
8.74991202354	-1
8.74991202354	-1
8.74991202354	-1
8.74991202354	-1
8.75012493134	-1
8.75251102448	-1
8.75251102448	-1
8.75251102448	-1
8.75251102448	-1
8.75251102448	-1
8.75341200829	-1
8.75341200829	-1
8.75345993042	-1
8.75345993042	-1
8.75345993042	-1
8.75408792496	-1
8.75408792496	-1
8.75408792496	-1
8.75408792496	-1
8.75408792496	-1
8.75408792496	-1
8.75408792496	-1
8.75408792496	-1
8.75435495377	-1
8.75435495377	-1
8.75435495377	-1
8.75734591484	1
8.75834703445	1
8.75834703445	1
8.75834703445	1
8.79677009583	-1
8.79677009583	-1
8.79687190056	-1
8.79687190056	-1
8.79687190056	-1
8.79687190056	-1
8.79687190056	-1
8.79687190056	-1
8.82259106636	1
8.82259106636	1
8.82259106636	1
8.82420802116	-1
8.90644097328	1
8.90644097328	1
8.95455598831	-1
8.95476508141	-1
8.95476508141	-1
8.95476508141	-1
8.95476508141	-1
8.95476508141	-1
8.95488500595	-1
8.95822095871	-1
8.95822095871	-1
8.95836687088	-1
8.95836687088	-1
8.95836687088	-1
8.959004879	-1
8.959004879	-1
8.959004879	-1
8.959004879	-1
8.959004879	-1
8.959004879	-1
8.959004879	-1
8.959004879	-1
8.95968008041	-1
8.95968008041	-1
8.95980787277	-1
8.95980787277	-1
8.95980787277	-1
8.95980787277	-1
8.95980787277	-1
8.95980787277	-1
8.99730706215	-1
8.99730706215	-1
8.99730706215	-1
8.99734592438	1
8.99734592438	1
8.997371912	-1
8.997371912	-1
8.997371912	-1
8.997371912	-1
8.997371912	-1
8.997371912	-1
9.0025639534	-1
9.0025639534	-1
9.0025639534	-1
9.0025639534	-1
9.0025639534	-1
9.0025639534	-1
9.0025639534	-1
9.10271000862	-1
9.10274410248	1
9.15981388092	-1
9.15981388092	-1
9.15981388092	-1
9.15991687775	-1
9.15991687775	-1
9.15991687775	-1
9.15991687775	-1
9.15991687775	-1
9.17649698257	1
9.17649698257	1
9.2025718689	-1
9.2025718689	-1
9.2025718689	-1
9.20298409462	-1
9.20298409462	-1
9.20298409462	-1
9.20298409462	-1
9.20298409462	-1
9.20298409462	-1
9.20298409462	-1
9.21154093742	-1
9.21164703369	-1
9.21164703369	-1
9.21164703369	-1
9.21164703369	-1
9.21164703369	-1
9.21164703369	-1
9.21778607368	-1
9.21778607368	-1
9.21783709526	-1
9.21783709526	-1
9.21783709526	-1
9.21783709526	-1
9.21783709526	-1
9.21783709526	-1
9.22814798355	-1
9.22814798355	-1
9.22814798355	-1
9.22814798355	-1
9.22814798355	-1
9.22814798355	-1
9.22814798355	-1
9.22814798355	-1
9.22814798355	-1
9.24853301048	-1
9.24858498573	-1
9.24858498573	-1
9.24858498573	-1
9.24858498573	-1
9.24858498573	-1
9.24858498573	-1
9.24858498573	-1
9.25094890594	1
9.25094890594	1
9.34471893311	-1
9.34490203857	-1
9.34490203857	-1
9.34490203857	-1
9.34490203857	-1
9.34490203857	-1
9.34490203857	-1
9.40748095512	-1
9.40748095512	-1
9.40748095512	-1
9.40748095512	-1
9.40748095512	-1
9.40748095512	-1
9.40748095512	-1
9.40748095512	-1
9.40748095512	-1
9.40785098076	-1
9.40785098076	-1
9.40785098076	-1
9.40785098076	-1
9.40785098076	-1
9.40785098076	-1
9.40785098076	-1
9.4082570076	-1
9.4082570076	-1
9.4082570076	-1
9.4082570076	-1
9.4082570076	-1
9.4082570076	-1
9.4082570076	-1
9.4082570076	-1
9.40966200829	1
9.41881489754	-1
9.42249298096	-1
9.42249298096	-1
9.42249298096	-1
9.42249298096	-1
9.42249298096	-1
9.42249298096	-1
9.42249298096	-1
9.42276096344	-1
9.42286896706	-1
9.42286896706	-1
9.42286896706	-1
9.42286896706	-1
9.42286896706	-1
9.42286896706	-1
9.42286896706	-1
9.42286896706	-1
9.43293499947	-1
9.43304109573	-1
9.43304109573	-1
9.43304109573	-1
9.43304109573	-1
9.43304109573	-1
9.43304109573	-1
9.43304109573	-1
9.45669007301	-1
9.4567399025	-1
9.4567399025	-1
9.4567399025	-1
9.4567399025	-1
9.4567399025	-1
9.4567399025	-1
9.4567399025	-1
9.49665498734	1
9.50958704948	-1
9.50958704948	-1
9.50958704948	-1
9.50958704948	-1
9.50958704948	-1
9.50958704948	-1
9.50958704948	-1
9.57081794739	-1
9.57084989548	1
9.62711596489	-1
9.62711596489	-1
9.62711596489	-1
9.62711596489	-1
9.62711596489	-1
9.62711596489	-1
9.62711596489	-1
9.62711596489	-1
9.62711596489	-1
9.62746405602	-1
9.62746405602	-1
9.62746405602	-1
9.62746405602	-1
9.62746405602	-1
9.62746405602	-1
9.64677405357	-1
9.65551710129	-1
9.65551710129	-1
9.65551710129	-1
9.65551710129	-1
9.65551710129	-1
9.65551710129	-1
9.65551710129	-1
9.65551710129	-1
9.66070008278	-1
9.66070008278	-1
9.66070008278	-1
9.66070008278	-1
9.66070008278	-1
9.66070008278	-1
9.67030501366	-1
9.67030501366	-1
9.67030501366	-1
9.67030501366	-1
9.67030501366	-1
9.67030501366	-1
9.67030501366	-1
9.67030501366	-1
9.6728219986	-1
9.6728219986	-1
9.6728219986	-1
9.6728219986	-1
9.6728219986	-1
9.6728219986	-1
9.6728219986	-1
9.6728219986	-1
9.67395091057	1
9.67669200897	-1
9.67830991745	-1
9.67830991745	-1
9.67830991745	-1
9.67830991745	-1
9.67830991745	-1
9.67830991745	-1
9.67830991745	-1
9.67931294441	-1
9.70124602318	-1
9.70124602318	-1
9.70124602318	-1
9.70124602318	-1
9.70124602318	-1
9.70124602318	-1
9.70124602318	-1
9.70147490501	-1
9.70147490501	-1
9.70147490501	-1
9.70147490501	-1
9.70147490501	-1
9.70147490501	-1
9.70147490501	-1
9.70147490501	-1
9.72078609467	-1
9.72088909149	-1
9.72088909149	-1
9.72088909149	-1
9.72088909149	-1
9.72088909149	-1
9.72088909149	-1
9.72088909149	-1
9.72088909149	-1
9.72088909149	-1
9.72971796989	-1
9.7727189064	-1
9.7727189064	-1
9.7727189064	-1
9.7727189064	-1
9.7727189064	-1
9.7727189064	-1
9.7727189064	-1
9.80500507355	1
9.82407999039	-1
9.82407999039	-1
9.82407999039	-1
9.82407999039	-1
9.82407999039	-1
9.82407999039	-1
9.82407999039	-1
9.82559204102	-1
9.82559204102	-1
9.82559204102	-1
9.82559204102	-1
9.82559204102	-1
9.82559204102	-1
9.82559204102	-1
9.82736706734	-1
9.82736706734	-1
9.82736706734	-1
9.82736706734	-1
9.82736706734	-1
9.82736706734	-1
9.82736706734	-1
9.82736706734	-1
9.82986402512	-1
9.82986402512	-1
9.82986402512	-1
9.82986402512	-1
9.82986402512	-1
9.82986402512	-1
9.82986402512	-1
9.82986402512	-1
9.83067798615	-1
9.8312869072	-1
9.8312869072	-1
9.8312869072	-1
9.8312869072	-1
9.8312869072	-1
9.8312869072	-1
9.8312869072	-1
9.83423709869	-1
9.83488893509	-1
9.83488893509	-1
9.83488893509	-1
9.83488893509	-1
9.83488893509	-1
9.83511996269	-1
9.83511996269	-1
9.83511996269	-1
9.83511996269	-1
9.83511996269	-1
9.83511996269	-1
9.83511996269	-1
9.83535408974	-1
9.83569192886	-1
9.83569192886	-1
9.83569192886	-1
9.83569192886	-1
9.83569192886	-1
9.83569192886	-1
9.83569192886	-1
9.8470249176	-1
9.8470249176	-1
9.8470249176	-1
9.8470249176	-1
9.8470249176	-1
9.8470249176	-1
9.8470249176	-1
9.8470249176	-1
9.87920093536	1
9.89837694168	-1
9.89837694168	-1
9.89847898483	-1
9.89847898483	-1
9.89847898483	-1
9.89847898483	-1
9.89847898483	-1
9.89847898483	-1
9.89983892441	-1
9.89983892441	-1
9.89995598793	-1
9.89995598793	-1
9.89995598793	-1
9.90144491196	-1
9.90144491196	-1
9.90144491196	-1
9.90311598778	-1
9.90311598778	-1
9.90311598778	-1
9.90311598778	-1
9.90311598778	-1
9.90311598778	-1
9.90311598778	-1
9.91928887367	-1
9.9193880558	-1
9.9193880558	-1
9.9193880558	-1
9.9193880558	-1
9.9193880558	-1
9.9193880558	-1
9.9193880558	-1
9.9597299099	-1
9.9597299099	-1
9.9597299099	-1
9.9597299099	-1
9.9597299099	-1
9.9597299099	-1
9.9597299099	-1
9.9597299099	-1
9.95976495743	1
9.95976495743	1
9.9755589962	-1
9.99912691116	-1
9.99912691116	-1
9.99912691116	-1
10.0007350445	1
10.0007350445	1
10.0007350445	1
10.0216300488	-1
10.0216300488	-1
10.0217349529	-1
10.0217349529	-1
10.0217349529	-1
10.0218589306	-1
10.0218589306	-1
10.0219819546	-1
10.0219819546	-1
10.0219819546	-1
10.022124052	-1
10.022124052	-1
10.0222070217	-1
10.0222070217	-1
10.0222070217	-1
10.0257849693	1
10.0257849693	1
10.1419999599	1
10.1419999599	1
10.1419999599	1
10.1427130699	1
10.1427130699	1
10.1915779114	1
10.3832519054	-1
10.4586930275	-1
10.4586930275	-1
10.4586930275	-1
10.4586930275	-1
10.5056328773	1
10.5238330364	-1
10.5238330364	-1
10.5238330364	-1
10.5238330364	-1
10.5238330364	-1
10.536303997	-1
10.5671761036	1
10.5671761036	1
10.5671761036	1
10.5706710815	-1
10.5795669556	1
10.5795669556	1
10.6134269238	-1
10.6134269238	-1
10.6134269238	-1
10.6134269238	-1
10.6134269238	-1
10.629584074	-1
10.629693985	-1
10.629693985	-1
10.7400178909	-1
10.7589800358	-1
10.7589800358	-1
10.7589800358	-1
10.7589800358	-1
10.7589800358	-1
10.7589800358	-1
10.7589800358	-1
10.7589800358	-1
10.7775239944	-1
10.7775239944	-1
10.7775239944	-1
10.7775239944	-1
10.7775239944	-1
10.7775239944	-1
10.7775239944	-1
10.7775239944	-1
10.7803609371	-1
10.7920548916	-1
10.7920548916	-1
10.7920548916	-1
10.7920548916	-1
10.7920548916	-1
10.7920548916	-1
10.8022110462	-1
10.8262889385	-1
10.8262889385	-1
10.8262889385	-1
10.8329150677	-1
10.837927103	-1
10.837927103	-1
10.837927103	-1
10.837927103	-1
10.837927103	-1
10.8456690311	-1
10.8457810879	-1
10.8457810879	-1
10.8457810879	-1
10.8457810879	-1
10.8457810879	-1
10.8457810879	-1
10.867027998	-1
10.867027998	-1
10.8671400547	-1
10.8671400547	-1
10.8671400547	-1
10.8671400547	-1
10.8671400547	-1
10.8671400547	-1
10.8671400547	-1
10.9072649479	1
10.9149820805	1
10.9149820805	1
10.9149820805	1
10.9149820805	1
10.9149820805	1
10.9149820805	1
10.9149820805	1
10.967648983	-1
10.967648983	-1
10.967648983	-1
10.967648983	-1
10.967648983	-1
10.967648983	-1
10.967648983	-1
10.967648983	-1
11.0614409447	-1
11.2269330025	-1
11.2306540012	-1
11.2306540012	-1
11.2306540012	-1
11.2307629585	-1
11.2307629585	-1
11.2307629585	-1
11.2307629585	-1
11.2307629585	-1
11.2307629585	-1
11.2316770554	1
11.2452909946	-1
11.2452909946	-1
11.2452909946	-1
11.2452909946	-1
11.2452909946	-1
11.2452909946	-1
11.2452909946	-1
11.2682030201	1
11.2682030201	1
11.2682030201	1
11.2933778763	-1
11.3342568874	-1
11.3342568874	-1
11.3342568874	-1
11.3342568874	-1
11.3342568874	-1
11.3342568874	-1
11.3342940807	1
11.3342940807	1
11.3357810974	-1
11.3357810974	-1
11.3358259201	-1
11.3358259201	-1
11.3358259201	-1
11.3358259201	-1
11.3358259201	-1
11.3358259201	-1
11.3668959141	-1
11.3668959141	-1
11.3668959141	-1
11.3668959141	-1
11.3668959141	-1
11.3668959141	-1
11.3668959141	-1
11.3668959141	-1
11.3956029415	1
11.3956029415	1
11.3956029415	1
11.4501690865	-1
11.4501690865	-1
11.4501690865	-1
11.4501690865	-1
11.4501690865	-1
11.4501690865	-1
11.4501690865	-1
11.4501690865	-1
11.4502220154	1
11.5242040157	1
11.5242040157	1
11.6456980705	1
11.6456980705	1
11.6456980705	1
11.6567130089	-1
11.6567249298	1
11.7593400478	-1
11.7609429359	1
11.8161420822	-1
11.8161420822	-1
11.8161420822	-1
11.8347768784	1
11.8347768784	1
11.9089300632	-1
11.9089300632	-1
11.9089670181	1
11.9089670181	1
12.0194330215	-1
12.0194709301	1
12.0194709301	1
12.0938699245	-1
12.0938699245	-1
12.0939040184	1
12.1211619377	1
12.1211619377	1
12.1211619377	1
12.1679420471	-1
12.1679420471	-1
12.2419099808	-1
12.2419099808	-1
12.2419440746	1
12.2419440746	1
12.2773270607	-1
12.2773270607	-1
12.2773270607	-1
12.2788300514	1
12.2788300514	1
12.2788300514	1
12.323456049	-1
12.323456049	-1
12.323456049	-1
12.3438229561	-1
12.3438229561	-1
12.3438229561	-1
12.3439400196	-1
12.3439400196	-1
12.3521699905	1
12.3521699905	1
12.3521699905	1
12.406993866	1
12.406993866	1
12.406993866	1
12.4679920673	-1
12.4682219028	-1
12.4682219028	-1
12.4682219028	-1
12.4979948997	-1
12.4979948997	-1
12.4979948997	-1
12.4979948997	-1
12.4979948997	-1
12.4997000694	-1
12.4997000694	-1
12.4997000694	-1
12.5091209412	1
12.5091209412	1
12.5091209412	1
12.5107860565	-1
12.5107860565	-1
12.5107860565	-1
12.5107860565	-1
12.5422840118	1
12.5452289581	1
12.5452289581	1
12.5452289581	1
12.5655770302	1
12.5655770302	1
12.579144001	-1
12.579144001	-1
12.579144001	-1
12.579144001	-1
12.579144001	-1
12.5813829899	-1
12.5964000225	1
12.5964000225	1
12.5964000225	1
12.5964000225	1
12.6493310928	-1
12.6493310928	-1
12.6493310928	-1
12.6493310928	-1
12.6539800167	-1
12.6539800167	-1
12.6540899277	-1
12.6540899277	-1
12.6649229527	1
12.6649229527	1
12.6649229527	1
12.6903159618	-1
12.7194728851	-1
12.7194728851	-1
12.7194728851	-1
12.7194728851	-1
12.7194728851	-1
12.7194728851	-1
12.7194728851	-1
12.7437810898	-1
12.7645800114	-1
12.7645800114	-1
12.7646129131	1
12.7745530605	-1
12.7745530605	-1
12.7745530605	-1
12.7745530605	-1
12.7745530605	-1
12.7745530605	-1
12.7781839371	-1
12.7781839371	-1
12.7838060856	-1
12.7838060856	-1
12.7838060856	-1
12.7852509022	-1
12.7852509022	-1
12.8387730122	1
12.8870499134	-1
12.8870499134	-1
12.8870499134	-1
12.8871688843	-1
12.8871688843	-1
12.9127030373	1
12.9127030373	1
12.9228839874	1
12.9228839874	1
12.9228839874	1
12.9275290966	1
12.9275290966	1
12.9377539158	-1
12.9377539158	-1
12.9377539158	-1
12.9460048676	-1
12.9460048676	-1
12.9460048676	-1
12.9858798981	-1
12.9858798981	-1
12.9870040417	1
13.0609328747	-1
13.0949668884	-1
13.0949668884	-1
13.0949668884	-1
13.0949668884	-1
13.1468009949	-1
13.1468009949	-1
13.1571350098	1
13.1618180275	-1
13.1618180275	-1
13.2431929111	-1
13.2431929111	-1
13.2432260513	1
13.3173558712	-1
13.3173558712	-1
13.4369518757	-1
13.4369518757	-1
13.4712090492	-1
13.4712090492	-1
13.4712090492	-1
13.5054709911	-1
13.5054709911	-1
13.5054709911	-1
13.6074869633	-1
13.6074869633	-1
13.6074869633	-1
13.6189758778	-1
13.6930038929	-1
13.6930038929	-1
13.7673010826	-1
13.7673010826	-1
13.9325459003	1
13.9440720081	-1
14.0473001003	1
14.0473001003	1
14.1500868797	-1
14.1637508869	1
14.2773110867	1
14.4240019321	-1
14.7781689167	-1
14.9277000427	1
14.9917600155	-1
15.0014920235	1
15.0659019947	-1
15.0659019947	-1
15.0753130913	1
15.1507198811	1
15.2810530663	1
15.3404390812	-1
15.5860478878	-1
15.5879509449	1
16.2604219913	-1
16.3542289734	-1
16.3542289734	-1
16.3542289734	-1
16.3699738979	-1
16.3699738979	-1
16.3724908829	-1
16.4464249611	-1
16.4464249611	-1
16.4484059811	1
16.5265929699	-1
16.5486090183	-1
16.5486090183	-1
16.5486090183	-1
16.7406358719	-1
16.7406358719	-1
16.7474570274	1
16.8622028828	1
16.8622028828	1
16.920582056	-1
16.9288380146	1
16.9288380146	1
16.9288380146	1
16.9288380146	1
16.9298920631	1
16.9298920631	1
16.9298920631	1
16.9298920631	1
16.9308819771	1
16.9308819771	1
16.9308819771	1
16.9308819771	1
16.9361870289	-1
16.9361870289	-1
16.9361870289	-1
17.1951220036	-1
17.400094986	-1
17.5128269196	-1
17.6441428661	-1
17.6441428661	-1
17.6441428661	-1
17.6441428661	-1
17.6441428661	-1
17.6441428661	-1
17.9419291019	1
18.0560069084	1
18.0560069084	1
18.167263031	-1
18.2411170006	-1
18.3723778725	-1
18.3725838661	-1
18.3725838661	-1
18.3725838661	-1
18.6057019234	1
18.6059570312	1
18.6059570312	1
18.6059570312	1
18.6067159176	1
18.6067159176	1
18.6087698936	1
18.6087698936	1
18.6087698936	1
18.6087698936	1
18.6087698936	1
18.6095938683	1
18.6114389896	1
18.6114389896	1
18.6114389896	1
18.6134049892	1
18.6134049892	1
18.6134049892	1
18.6134049892	1
18.6134049892	1
18.6134049892	1
18.6134049892	1
18.6134049892	1
18.6141269207	1
18.6141269207	1
18.6141269207	1
18.6141269207	1
18.6141269207	1
18.6141269207	1
18.6141269207	1
18.6141269207	1
18.6141269207	1
18.6288778782	-1
18.6801099777	1
18.6801099777	1
18.6831920147	1
18.6831920147	1
18.7027978897	-1
19.0420310497	-1
