0.0	1
0.250635147095	1
0.684098005295	-1
0.68522810936	1
0.960740089417	-1
0.961542129517	1
0.963362216949	1
0.963362216949	1
0.963362216949	1
0.963362216949	1
0.963362216949	1
1.86679816246	-1
1.86850905418	1
2.06192016602	-1
2.06319022179	1
2.21299099922	-1
2.21299099922	-1
2.21431016922	1
2.42855501175	1
2.56686115265	-1
2.78260207176	-1
2.97635006905	-1
2.97849822044	-1
2.97849822044	-1
2.97849822044	-1
2.97849822044	-1
2.97849822044	-1
2.97849822044	-1
2.97849822044	-1
2.99001121521	-1
2.99001121521	-1
2.99078607559	-1
2.99078607559	-1
2.99078607559	-1
2.99078607559	-1
2.99078607559	-1
2.99078607559	-1
2.99078607559	-1
2.99201416969	-1
3.0010330677	1
3.17417621613	-1
3.17417621613	-1
3.17417621613	-1
3.17417621613	-1
3.17417621613	-1
3.17417621613	-1
3.17417621613	-1
3.17417621613	-1
3.25164103508	1
3.50070619583	-1
3.63683009148	-1
3.64832520485	1
3.78689217567	-1
3.78803920746	1
3.98903608322	-1
4.38509917259	-1
4.57575321198	-1
4.58780503273	1
4.73241615295	-1
4.73241615295	-1
4.74101614952	1
4.90065002441	1
5.42285013199	-1
5.42440605164	1
5.83810019493	-1
6.03260302544	-1
6.05953812599	1
6.0617980957	1
6.0617980957	1
6.0617980957	1
6.18371605873	-1
6.36002206802	-1
6.54355120659	-1
6.5502781868	1
6.73997807503	-1
6.79931616783	1
6.95557308197	-1
7.17334604263	-1
7.20332813263	-1
7.20332813263	-1
7.20332813263	-1
7.21462702751	1
7.53682208061	-1
7.53682208061	-1
7.53837513924	1
8.13017320633	-1
8.13791108131	-1
8.13791108131	-1
8.13791108131	-1
8.13791108131	-1
8.13791108131	-1
8.13791108131	-1
8.13791108131	-1
8.13791108131	-1
8.13956809044	-1
8.13956809044	-1
8.13956809044	-1
8.13956809044	-1
8.13956809044	-1
8.13956809044	-1
8.13956809044	-1
8.34298920631	-1
8.34298920631	-1
8.34298920631	-1
8.34298920631	-1
8.34298920631	-1
8.34298920631	-1
8.34298920631	-1
8.34298920631	-1
8.35103106499	-1
8.35219621658	1
8.35330915451	-1
8.35330915451	-1
8.35330915451	-1
8.35330915451	-1
8.35330915451	-1
8.35330915451	-1
8.35467100143	-1
8.35467100143	-1
8.35467100143	-1
8.35467100143	-1
8.35467100143	-1
8.35467100143	-1
8.35467100143	-1
8.49985003471	-1
8.49985003471	-1
8.49985003471	-1
8.49985003471	-1
8.49985003471	-1
8.49985003471	-1
8.49985003471	-1
8.49985003471	-1
8.50022101402	-1
8.50022101402	-1
8.50022101402	-1
8.50022101402	-1
8.50022101402	-1
8.62348103523	1
8.79367303848	1
8.92382311821	1
9.21471619606	1
9.6815931797	-1
9.6832010746	1
9.88379502296	-1
9.88504505157	1
10.3944430351	-1
10.5851871967	-1
10.5915191174	-1
10.5915191174	-1
10.5915191174	-1
10.5915191174	-1
10.5915191174	-1
10.7769742012	-1
10.7769742012	-1
10.7769742012	-1
10.8513691425	-1
10.8608272076	1
10.9444730282	-1
10.9444730282	-1
10.9444730282	-1
10.9444730282	-1
10.9444730282	-1
10.9444730282	-1
10.9816470146	-1
11.1115062237	1
11.1665141582	-1
11.454472065	-1
11.6927351952	-1
11.8696351051	-1
21.9662342072	-1
22.1497910023	-1
22.2988710403	-1
22.2988710403	-1
27.446242094	-1
27.6567730904	-1
60.8857049942	1
61.0312800407	1
61.244631052	1
61.246874094	1
61.246874094	1
61.246874094	1
61.2475421429	1
61.2475421429	1
61.2490432262	1
61.2490432262	1
61.2490432262	1
61.2528262138	1
61.2528262138	1
61.2528262138	1
61.2542481422	1
61.2542481422	1
61.2564110756	1
61.2564110756	1
61.4070491791	1
61.5042860508	1
61.5042860508	1
61.5042860508	1
61.5056540966	1
61.5056540966	1
61.5076711178	1
61.5076711178	1
61.5076711178	1
61.6395540237	-1
62.0755259991	-1
62.0848441124	-1
62.0848441124	-1
62.0848441124	-1
62.0924839973	-1
62.0924839973	-1
62.1036100388	1
62.2307150364	-1
62.2984611988	-1
62.2984611988	-1
62.2984611988	-1
62.3298921585	-1
62.3298921585	-1
62.3549571037	1
62.4270222187	-1
62.4905881882	-1
62.4905881882	-1
62.4905881882	-1
62.8025782108	-1
62.9664921761	-1
62.9676430225	1
63.1969351768	-1
63.7468550205	-1
63.7484481335	-1
63.7484481335	-1
63.7484481335	-1
63.7484481335	-1
63.7484481335	-1
63.7484481335	-1
63.7917251587	1
63.9073190689	-1
63.9254040718	-1
63.9254040718	-1
63.9254040718	-1
63.9254040718	-1
63.9254040718	-1
63.9254040718	-1
63.9254040718	-1
63.9254040718	-1
63.9254040718	-1
63.9572060108	-1
63.9572060108	-1
63.984360218	1
63.9885752201	1
63.9885752201	1
63.9885752201	1
63.9899640083	1
63.9899640083	1
64.070636034	1
64.070636034	1
64.070636034	1
64.3108520508	1
64.4371271133	-1
64.463955164	1
64.463955164	1
64.6330080032	-1
64.6341240406	1
64.686289072	-1
64.686289072	-1
64.686289072	-1
64.7905261517	-1
64.7905611992	1
64.7905611992	1
64.9513041973	-1
64.9513041973	-1
64.9513401985	1
64.9513401985	1
65.1105232239	-1
65.1105561256	1
65.1105561256	1
65.2657721043	-1
65.2822391987	-1
65.2822391987	-1
65.2822391987	-1
65.2835969925	1
65.4354162216	-1
65.4354162216	-1
65.4354162216	-1
65.4358282089	-1
65.4358282089	-1
65.4358282089	-1
65.4358282089	-1
65.4358282089	-1
65.4358282089	-1
65.4664621353	-1
65.4664621353	-1
65.4664621353	-1
65.4664621353	-1
65.4664621353	-1
65.4664621353	-1
65.4664621353	-1
65.4664621353	-1
65.4850311279	1
65.4857602119	-1
65.4857602119	-1
65.4857602119	-1
65.4857602119	-1
65.4857602119	-1
65.4857602119	-1
65.4857602119	-1
65.4857602119	-1
65.6334030628	-1
65.6334030628	-1
65.6334030628	-1
65.6334030628	-1
65.6334030628	-1
65.6334350109	1
65.6410012245	-1
65.6417510509	-1
65.6417510509	-1
65.6655750275	-1
65.6655750275	-1
65.6655750275	-1
65.6655750275	-1
65.6655750275	-1
65.6655750275	-1
65.6655750275	-1
65.6655750275	-1
65.6816711426	-1
65.6816711426	-1
65.6816711426	-1
65.6816711426	-1
65.6816711426	-1
65.6819210052	-1
65.689617157	-1
65.689617157	-1
65.689617157	-1
65.689617157	-1
65.689617157	-1
65.689617157	-1
65.7484321594	-1
65.7484321594	-1
65.7484321594	-1
65.7484321594	-1
65.7484321594	-1
65.7484321594	-1
65.7484321594	-1
65.7484321594	-1
65.7905671597	1
65.8736200333	-1
65.8736200333	-1
65.8736200333	-1
65.8736200333	-1
65.8736200333	-1
65.8736200333	-1
65.8736200333	-1
65.8736200333	-1
65.8736200333	-1
65.8736200333	-1
65.8739681244	-1
65.8739681244	-1
65.8739681244	-1
65.8739681244	-1
65.8739681244	-1
65.8739681244	-1
65.8743371964	-1
65.8749330044	-1
65.8749330044	-1
65.8749330044	-1
65.8749330044	-1
65.8749330044	-1
65.8749330044	-1
65.8889369965	-1
65.8889369965	-1
65.8902070522	-1
65.8902070522	-1
66.1426870823	-1
66.1426870823	-1
66.3453221321	-1
66.4954531193	-1
66.5068001747	1
66.6700360775	-1
66.6716301441	1
66.8304641247	-1
66.8316960335	1
67.0803420544	1
67.0805780888	1
67.0805780888	1
67.0805780888	1
67.0805780888	1
67.0805780888	1
67.0805780888	1
67.0805780888	1
67.0805780888	1
67.080643177	1
67.1401190758	-1
67.465914011	-1
67.6548731327	-1
67.7166371346	-1
67.7166371346	-1
67.7166371346	-1
67.8780910969	-1
67.8919801712	1
68.0459551811	-1
68.0459551811	-1
68.0544002056	1
68.0882000923	1
68.0882000923	1
68.0882000923	1
68.0883719921	1
68.0883719921	1
68.0883719921	1
68.0883719921	1
68.0883719921	1
68.5044741631	-1
68.7359821796	-1
68.7359821796	-1
68.7359821796	-1
68.7419412136	-1
68.7419412136	-1
68.7419412136	-1
68.7419412136	-1
68.7419412136	-1
68.7419412136	-1
68.7419412136	-1
68.7419412136	-1
68.7419412136	-1
68.9421801567	-1
68.94246912	-1
68.94246912	-1
68.94246912	-1
68.94246912	-1
68.94246912	-1
68.94246912	-1
68.94246912	-1
68.942715168	-1
68.942715168	-1
68.942715168	-1
68.942715168	-1
68.942715168	-1
68.942715168	-1
68.942715168	-1
68.942715168	-1
68.9429891109	-1
68.9429891109	-1
68.9432070255	-1
68.9432070255	-1
68.9432070255	-1
68.9432070255	-1
68.9432070255	-1
68.9432070255	-1
68.9432070255	-1
68.9433441162	1
68.9511361122	-1
69.0938930511	-1
69.0938930511	-1
69.0938930511	-1
69.0938930511	-1
69.0938930511	-1
69.0938930511	-1
69.0938930511	-1
69.0938930511	-1
69.0941882133	-1
69.0941882133	-1
69.0941882133	-1
69.0941882133	-1
69.0941882133	-1
69.0943260193	-1
69.095965147	1
69.1560602188	-1
69.1560602188	-1
69.1560602188	-1
69.1560602188	-1
69.1560602188	-1
69.1560602188	-1
69.1560602188	-1
69.1560602188	-1
69.15655303	-1
69.1567161083	-1
69.1567161083	-1
69.1567161083	-1
69.1567161083	-1
69.1567161083	-1
69.1567161083	-1
69.1567161083	-1
69.1569612026	-1
69.1570842266	-1
69.1570842266	-1
69.1570842266	-1
69.1570842266	-1
69.1570842266	-1
69.1570842266	-1
69.1570842266	-1
69.1572780609	-1
69.2549440861	-1
69.379338026	-1
69.379338026	-1
69.379338026	-1
69.379338026	-1
69.379338026	-1
69.379338026	-1
69.379338026	-1
69.379338026	-1
69.379338026	-1
69.3797080517	-1
69.3797080517	-1
69.5347452164	1
69.5370841026	1
69.5370841026	1
69.5370841026	1
69.5378131866	1
69.5378131866	1
69.6944220066	1
69.78215909	1
69.78215909	1
69.78215909	1
69.8615841866	1
70.0899641514	1
70.1868112087	-1
70.1881220341	1
70.1881220341	1
70.1881220341	1
70.2543170452	1
70.3500230312	-1
70.3502321243	-1
70.3502321243	-1
70.3502321243	-1
70.3502321243	-1
70.3502321243	-1
70.3502321243	-1
70.3502321243	-1
70.3563129902	-1
70.3563129902	-1
70.3563129902	-1
70.3563129902	-1
70.3563129902	-1
70.3563129902	-1
70.3563129902	-1
70.46245718	-1
70.46245718	-1
70.46245718	-1
70.46245718	-1
70.46245718	-1
70.46245718	-1
70.46245718	-1
70.46245718	-1
70.46245718	-1
70.5113861561	1
70.5250761509	-1
70.5250761509	-1
70.5250761509	-1
70.5250761509	-1
70.5250761509	-1
70.5250761509	-1
70.5250761509	-1
70.5250761509	-1
70.5255761147	-1
70.5257761478	-1
70.5257761478	-1
70.5257761478	-1
70.5257761478	-1
70.5257761478	-1
70.5257761478	-1
70.5257761478	-1
70.5300312042	-1
70.5300312042	-1
70.5300312042	-1
70.5300312042	-1
70.5300312042	-1
70.5300312042	-1
70.5300312042	-1
70.6662790775	-1
70.7026259899	-1
70.7026259899	-1
70.7026259899	-1
70.7026259899	-1
70.7026259899	-1
70.7026259899	-1
70.7026259899	-1
70.7026259899	-1
70.7026610374	1
70.7028791904	-1
70.7032630444	-1
70.7032630444	-1
70.7032630444	-1
70.7032630444	-1
70.7032630444	-1
70.7032630444	-1
70.7032630444	-1
70.7188241482	-1
70.719135046	-1
70.719135046	-1
70.719135046	-1
70.719135046	-1
70.719135046	-1
70.719135046	-1
70.719135046	-1
70.7195432186	-1
70.7195432186	-1
70.7195432186	-1
70.7195432186	-1
70.7195432186	-1
70.7195432186	-1
70.7195432186	-1
70.7195432186	-1
70.7199141979	-1
70.7199389935	-1
70.7199389935	-1
70.7199389935	-1
70.7199389935	-1
70.7199389935	-1
70.7199389935	-1
70.7199389935	-1
70.8585951328	-1
70.8586461544	-1
70.8586461544	-1
70.8586461544	-1
70.8586461544	-1
70.8586461544	-1
70.8586461544	-1
70.8586461544	-1
70.8589630127	-1
70.8589630127	-1
70.8589630127	-1
70.8589630127	-1
70.8589630127	-1
70.8589630127	-1
70.8589630127	-1
70.8659541607	-1
70.8659541607	-1
70.8672950268	1
70.9101190567	-1
70.9101190567	-1
70.9101190567	-1
70.9112050533	1
70.9112050533	1
70.9112050533	1
71.027007103	1
71.027007103	1
71.1857390404	-1
71.5238251686	-1
71.6629002094	-1
71.6629002094	-1
71.6629002094	-1
71.6712520123	-1
71.6712520123	-1
71.6712520123	-1
71.6712520123	-1
71.6712520123	-1
71.6712520123	-1
71.6712520123	-1
71.6712520123	-1
71.6712520123	-1
71.7065222263	-1
71.7276101112	-1
71.7276101112	-1
71.7276101112	-1
71.7276101112	-1
71.7566671371	-1
71.7566671371	-1
71.7722020149	1
71.9298632145	1
71.9298632145	1
72.0815660954	-1
72.0815660954	-1
72.0951330662	1
72.2573981285	1
72.2573981285	1
72.3913300037	-1
72.4101171494	1
72.711359024	-1
72.9450850487	-1
73.2087001801	-1
73.2216751575	1
73.2929730415	1
73.2929730415	1
73.2929730415	1
73.2929730415	1
73.2969200611	1
73.2969200611	1
73.2969200611	1
73.2969200611	1
73.2969200611	1
73.2969200611	1
73.2969200611	1
73.2969200611	1
73.2969200611	1
73.2971930504	1
73.2971930504	1
73.2971930504	1
73.2971930504	1
73.2971930504	1
73.2971930504	1
73.2971930504	1
73.2971930504	1
73.2972950935	1
73.4552431107	-1
73.8351640701	-1
