0.0	1
0.249567985535	1
0.359384059906	-1
0.411761045456	1
0.612860918045	-1
0.613645076752	1
0.637215137482	1
0.637215137482	1
0.637215137482	1
0.887241125107	1
0.887241125107	1
0.887241125107	1
1.01420593262	-1
1.20737504959	-1
1.20737504959	-1
1.36737799644	-1
1.36737799644	-1
1.36908006668	1
1.36908006668	1
1.36908006668	1
1.5905649662	1
1.80634212494	-1
1.80747008324	1
1.83654403687	-1
1.83654403687	-1
1.83654403687	-1
1.83654403687	-1
1.83687710762	-1
1.83687710762	-1
1.83687710762	-1
1.83687710762	-1
1.83687710762	-1
1.96734309196	-1
1.97972607613	-1
1.97972607613	-1
1.97972607613	-1
1.97972607613	-1
1.97972607613	-1
1.97972607613	-1
1.97972607613	-1
1.97972607613	-1
1.9797949791	1
1.99535608292	-1
1.99535608292	-1
1.99535608292	-1
1.99535608292	-1
2.01010107994	-1
2.01010107994	-1
2.01069402695	-1
2.01069402695	-1
2.01069402695	-1
2.14327812195	-1
2.16181707382	-1
2.16181707382	-1
2.16181707382	-1
2.16181707382	-1
2.16181707382	-1
2.16181707382	-1
2.16182994843	1
2.19475793839	-1
2.19475793839	-1
2.32750296593	-1
2.32754206657	1
2.49651312828	-1
2.49654912949	1
2.69812393188	1
2.71044898033	-1
2.92600798607	-1
2.92600798607	-1
2.92736291885	1
3.09032297134	-1
3.09092307091	1
3.20990896225	-1
3.20990896225	-1
3.20990896225	-1
3.21067404747	-1
3.21067404747	-1
3.21067404747	-1
3.21067404747	-1
3.21067404747	-1
3.21067404747	-1
3.22600412369	-1
3.22600412369	-1
3.22716808319	-1
3.22716808319	-1
3.22716808319	-1
3.22716808319	-1
3.22716808319	-1
3.22716808319	-1
3.23474097252	-1
3.23474097252	-1
3.23474097252	-1
3.23474097252	-1
3.23474097252	-1
3.23474097252	-1
3.23474097252	-1
3.23474097252	-1
3.25528812408	1
3.30860590935	1
3.30860590935	1
3.30860590935	1
3.31391096115	1
3.31391096115	1
3.35990905762	-1
3.35990905762	-1
3.35990905762	-1
3.35990905762	-1
3.35990905762	-1
3.35990905762	-1
3.42283797264	1
3.42283797264	1
3.42410206795	1
3.42410206795	1
3.42410206795	1
3.42410206795	1
3.56274604797	1
3.56274604797	1
3.58560395241	-1
3.587870121	-1
3.587870121	-1
3.587870121	-1
3.58812713623	-1
3.58812713623	-1
3.5882499218	-1
3.5882499218	-1
3.5882499218	-1
3.5882499218	-1
3.5882499218	-1
3.5882499218	-1
3.5882499218	-1
3.58840799332	-1
3.58840799332	-1
3.62428998947	-1
3.62428998947	-1
3.62428998947	-1
3.62428998947	-1
3.62428998947	-1
3.62428998947	-1
3.62428998947	-1
3.62529301643	-1
3.62529301643	-1
3.62529301643	-1
3.62529301643	-1
3.62529301643	-1
3.62529301643	-1
3.62529301643	-1
3.62686896324	-1
3.62686896324	-1
3.74358606339	1
3.7510740757	-1
3.7510740757	-1
3.7511780262	-1
3.7511780262	-1
3.7511780262	-1
3.7511780262	-1
3.7511780262	-1
3.7511780262	-1
3.7511780262	-1
3.75142407417	-1
3.75149607658	-1
3.75149607658	-1
3.75149607658	-1
3.75149607658	-1
3.75149607658	-1
3.75149607658	-1
3.75149607658	-1
3.75175690651	-1
3.7519159317	-1
3.7519159317	-1
3.7519159317	-1
3.7519159317	-1
3.7519159317	-1
3.7519159317	-1
3.7519159317	-1
3.77055191994	1
3.77055191994	1
3.77055191994	1
3.78373599052	-1
3.78373599052	-1
3.78373599052	-1
3.78373599052	-1
3.78373599052	-1
3.78373599052	-1
3.78396391869	-1
3.78525304794	1
3.78525304794	1
3.79090309143	-1
3.79090309143	-1
3.79102110863	-1
3.79102110863	-1
3.79102110863	-1
3.79102110863	-1
3.79333996773	1
3.79333996773	1
3.79333996773	1
3.79333996773	1
3.7941660881	1
3.7941660881	1
3.79476594925	1
3.79476594925	1
3.84466099739	-1
3.84466099739	-1
3.84466099739	-1
3.84466099739	-1
3.84466099739	-1
3.84466099739	-1
3.91418790817	-1
3.91418790817	-1
3.9142229557	1
3.91655898094	1
3.91655898094	1
3.91655898094	1
3.93924999237	-1
3.93924999237	-1
3.93924999237	-1
3.93924999237	-1
3.93924999237	-1
3.93924999237	-1
3.9429371357	-1
3.9429371357	-1
3.9429371357	-1
3.9429371357	-1
3.9429371357	-1
3.9429371357	-1
3.9429371357	-1
3.9429371357	-1
3.95651602745	1
3.95651602745	1
3.95676803589	-1
3.95676803589	-1
3.95676803589	-1
3.95676803589	-1
3.95676803589	-1
3.95676803589	-1
3.95676803589	-1
3.95864701271	-1
3.97107410431	-1
3.97107410431	-1
3.97107410431	-1
3.97107410431	-1
3.97107410431	-1
3.97107410431	-1
3.97107410431	-1
3.97299909592	-1
3.97299909592	-1
3.97299909592	-1
3.97299909592	-1
3.97299909592	-1
3.97299909592	-1
3.97299909592	-1
3.97299909592	-1
3.98723292351	-1
3.98723292351	-1
3.9877641201	-1
3.9877641201	-1
3.9877641201	-1
4.02143096924	-1
4.02143096924	-1
4.02143096924	-1
4.02143096924	-1
4.02143096924	-1
4.02143096924	-1
4.02143096924	-1
4.02143096924	-1
4.08409810066	-1
4.08409810066	-1
4.08409810066	-1
4.08409810066	-1
4.08413290977	1
4.08415603638	-1
4.10046195984	-1
4.10046195984	-1
4.1005179882	-1
4.1005179882	-1
4.1005179882	-1
4.11561608315	-1
4.11561608315	-1
4.11757302284	-1
4.11757302284	-1
4.11757302284	-1
4.11757302284	-1
4.11757302284	-1
4.11757302284	-1
4.11757302284	-1
4.11757302284	-1
4.11757302284	-1
4.11793112755	-1
4.11793112755	-1
4.11793112755	-1
4.11793112755	-1
4.11793112755	-1
4.11793112755	-1
4.11815500259	-1
4.11942791939	1
4.11942791939	1
4.11942791939	1
4.11942791939	1
4.11942791939	1
4.11942791939	1
4.11942791939	1
4.11942791939	1
4.11942791939	1
4.11942791939	1
4.13101410866	-1
4.13101410866	-1
4.13101410866	-1
4.13101410866	-1
4.13101410866	-1
4.13101410866	-1
4.13101410866	-1
4.13101410866	-1
4.13130307198	-1
4.13263702393	-1
4.13263702393	-1
4.13263702393	-1
4.13263702393	-1
4.13263702393	-1
4.13263702393	-1
4.1328599453	-1
4.1328599453	-1
4.1328599453	-1
4.1328599453	-1
4.1328599453	-1
4.1328599453	-1
4.1328599453	-1
4.1328599453	-1
4.13557004929	1
4.13572502136	1
4.13572502136	1
4.13572502136	1
4.13572502136	1
4.13572502136	1
4.13572502136	1
4.14701604843	-1
4.14701604843	-1
4.14778709412	-1
4.14778709412	-1
4.14778709412	-1
4.14778709412	-1
4.14778709412	-1
4.14778709412	-1
4.14778709412	-1
4.14778709412	-1
4.148209095	1
4.148209095	1
4.14874410629	-1
4.14874410629	-1
4.14874410629	-1
4.14874410629	-1
4.14895701408	-1
4.14898896217	-1
4.14898896217	-1
4.14898896217	-1
4.14898896217	-1
4.14898896217	-1
4.14898896217	-1
4.18068099022	-1
4.18068099022	-1
4.18068099022	-1
4.18068099022	-1
4.18068099022	-1
4.18068099022	-1
4.18068099022	-1
4.18068099022	-1
4.21312093735	-1
4.21312093735	-1
4.24449396133	-1
4.24449396133	-1
4.24449396133	-1
4.24449396133	-1
4.24449396133	-1
4.24449396133	-1
4.24449396133	-1
4.26340293884	-1
4.26340293884	-1
4.26340293884	-1
4.26340293884	-1
4.26340293884	-1
4.26340293884	-1
4.26340293884	-1
4.27905392647	-1
4.27905392647	-1
4.27905392647	-1
4.27905392647	-1
4.27905392647	-1
4.27905392647	-1
4.27905392647	-1
4.27905392647	-1
4.2794239521	-1
4.2794239521	-1
4.2794239521	-1
4.2794239521	-1
4.2794239521	-1
4.2794239521	-1
4.2794239521	-1
4.2794239521	-1
4.27979397774	-1
4.27979397774	-1
4.27979397774	-1
4.27979397774	-1
4.27979397774	-1
4.27979397774	-1
4.27979397774	-1
4.27979397774	-1
4.27979397774	-1
4.27979397774	-1
4.28016114235	-1
4.29068207741	1
4.29068207741	1
4.29068207741	1
4.29068207741	1
4.29068207741	1
4.29068207741	1
4.29068207741	1
4.29068207741	1
4.2908039093	1
4.29475998878	-1
4.29475998878	-1
4.29475998878	-1
4.29486608505	-1
4.29486608505	-1
4.29499006271	-1
4.29499006271	-1
4.29499006271	-1
4.29499006271	-1
4.29499006271	-1
4.29513192177	-1
4.2952940464	-1
4.2952940464	-1
4.2952940464	-1
4.2952940464	-1
4.2952940464	-1
4.2952940464	-1
4.2952940464	-1
4.29554104805	-1
4.2956469059	-1
4.2956469059	-1
4.2956469059	-1
4.2956469059	-1
4.2956469059	-1
4.2956469059	-1
4.2956469059	-1
4.2956469059	-1
4.2956469059	-1
4.31122803688	-1
4.31122803688	-1
4.31122803688	-1
4.31126093864	-1
4.31126093864	-1
4.31126093864	-1
4.31126093864	-1
4.31126093864	-1
4.31126093864	-1
4.31126093864	-1
4.31188392639	-1
4.31188392639	-1
4.31200695038	-1
4.31200695038	-1
4.31200695038	-1
4.31200695038	-1
4.31200695038	-1
4.31200695038	-1
4.31200695038	-1
4.31200695038	-1
4.31200695038	-1
4.31200695038	-1
4.31237006187	-1
4.31237006187	-1
4.31237006187	-1
4.31237006187	-1
4.31237006187	-1
4.31282496452	1
4.31282496452	1
4.34327507019	-1
4.34327507019	-1
4.34327507019	-1
4.34327507019	-1
4.34327507019	-1
4.34327507019	-1
4.34327507019	-1
4.34327507019	-1
4.37555909157	-1
4.37555909157	-1
4.37555909157	-1
4.37555909157	-1
4.37555909157	-1
4.37577795982	-1
4.37577795982	-1
4.37577795982	-1
4.37577795982	-1
4.37577795982	-1
4.40698003769	1
4.4070019722	-1
4.4070019722	-1
4.4070019722	-1
4.4070019722	-1
4.42374801636	-1
4.42379593849	-1
4.42379593849	-1
4.42379593849	-1
4.42379593849	-1
4.42379593849	-1
4.42379593849	-1
4.42379593849	-1
4.43910312653	-1
4.43932294846	-1
4.43932294846	-1
4.43932294846	-1
4.43932294846	-1
4.43932294846	-1
4.43932294846	-1
4.43932294846	-1
4.43932294846	-1
4.43969106674	-1
4.43969106674	-1
4.43969106674	-1
4.43969106674	-1
4.43969106674	-1
4.43969106674	-1
4.43987798691	-1
4.43987798691	-1
4.43987798691	-1
4.43987798691	-1
4.43987798691	-1
4.43987798691	-1
4.43987798691	-1
4.43987798691	-1
4.44762706757	-1
4.44762706757	-1
4.44762706757	-1
4.44762706757	-1
4.44762706757	-1
4.44762706757	-1
4.44762706757	-1
4.44762706757	-1
4.45487904549	-1
4.45487904549	-1
4.45487904549	-1
4.45487904549	-1
4.45487904549	-1
4.45487904549	-1
4.45521211624	-1
4.45521211624	-1
4.45533394814	-1
4.45533394814	-1
4.45533394814	-1
4.45533394814	-1
4.45533394814	-1
4.45533394814	-1
4.45533394814	-1
4.45558094978	-1
4.45558094978	-1
4.45558094978	-1
4.45564007759	-1
4.45582699776	-1
4.45582699776	-1
4.45582699776	-1
4.45582699776	-1
4.45582699776	-1
4.45582699776	-1
4.45582699776	-1
4.46121191978	1
4.46121191978	1
4.47161197662	-1
4.47167205811	-1
4.47167205811	-1
4.47167205811	-1
4.47167205811	-1
4.47167205811	-1
4.47167205811	-1
4.47167205811	-1
4.47198009491	-1
4.4721031189	-1
4.4721031189	-1
4.4721031189	-1
4.47222590446	-1
4.47222590446	-1
4.47222590446	-1
4.47229599953	-1
4.47229599953	-1
4.47247195244	-1
4.47247195244	-1
4.47247195244	-1
4.47247195244	-1
4.47247195244	-1
4.47247195244	-1
4.47688102722	1
4.47688102722	1
4.47688102722	1
4.47688102722	1
4.47688102722	1
4.47688102722	1
4.47688102722	1
4.47688102722	1
4.47688102722	1
4.47697901726	1
4.47697901726	1
4.47880506516	-1
4.47880506516	-1
4.47880506516	-1
4.47880506516	-1
4.47880506516	-1
4.47880506516	-1
4.47880506516	-1
4.47880506516	-1
4.48840808868	1
4.48840808868	1
4.48840808868	1
4.50353503227	-1
4.50353503227	-1
4.50353503227	-1
4.50353503227	-1
4.50353503227	-1
4.50353503227	-1
4.50353503227	-1
4.50353503227	-1
4.53591513634	-1
4.53591513634	-1
4.53591513634	-1
4.53591513634	-1
4.53591513634	-1
4.53591513634	-1
4.53591513634	-1
4.53591513634	-1
4.53591513634	-1
4.53591513634	-1
4.58361911774	-1
4.58361911774	-1
4.58364295959	-1
4.58364295959	-1
4.60675406456	-1
4.60675406456	-1
4.60675406456	-1
4.60675406456	-1
4.60679912567	-1
4.60698008537	-1
4.60698008537	-1
4.60698008537	-1
4.60698008537	-1
4.60707998276	-1
4.60707998276	-1
4.60722613335	-1
4.60722613335	-1
4.60735106468	-1
4.60735106468	-1
4.60735106468	-1
4.60735106468	-1
4.60735106468	-1
4.60735106468	-1
4.60759496689	-1
4.60759496689	-1
4.60759496689	-1
4.60759496689	-1
4.60759496689	-1
4.60759496689	-1
4.60759496689	-1
4.60759496689	-1
4.61545610428	-1
4.61545610428	-1
4.61545610428	-1
4.61545610428	-1
4.61545610428	-1
4.61545610428	-1
4.61545610428	-1
4.61545610428	-1
4.62301397324	-1
4.62301397324	-1
4.62301397324	-1
4.62301397324	-1
4.62301397324	-1
4.62301397324	-1
4.62301397324	-1
4.62315106392	-1
4.62336301804	-1
4.62336301804	-1
4.62348604202	-1
4.62348604202	-1
4.62348604202	-1
4.62348604202	-1
4.62348604202	-1
4.62373304367	-1
4.62373304367	-1
4.62373304367	-1
4.62373304367	-1
4.62373304367	-1
4.62385511398	-1
4.62397813797	-1
4.62397813797	-1
4.62401199341	-1
4.62401199341	-1
4.62401199341	-1
4.63171696663	-1
4.63171696663	-1
4.63171696663	-1
4.63183999062	-1
4.63183999062	-1
4.63197112083	-1
4.63197112083	-1
4.63210391998	-1
4.63210391998	-1
4.63210391998	-1
4.63231301308	-1
4.63231301308	-1
4.63899207115	1
4.63899207115	1
4.63899207115	1
4.63956999779	-1
4.63956999779	-1
4.63956999779	-1
4.63956999779	-1
4.63956999779	-1
4.63956999779	-1
4.69510412216	-1
4.69510412216	-1
4.69510412216	-1
4.69510412216	-1
4.69510412216	-1
4.69510412216	-1
4.69510412216	-1
4.69510412216	-1
4.74328708649	-1
4.74328708649	-1
4.74328708649	-1
4.74328708649	-1
4.74328708649	-1
4.74328708649	-1
4.74328708649	-1
4.74328708649	-1
4.76673793793	-1
4.76673793793	-1
4.76673793793	-1
4.76673793793	-1
4.76673793793	-1
4.76673793793	-1
4.76673793793	-1
4.76698303223	-1
4.77534008026	-1
4.77534008026	-1
4.77534008026	-1
4.77534008026	-1
4.77555394173	-1
4.77555394173	-1
4.78295397758	-1
4.78295397758	-1
4.78295397758	-1
4.78295397758	-1
4.78295397758	-1
4.78320193291	-1
4.78320193291	-1
4.78320193291	-1
4.78320193291	-1
4.78320193291	-1
4.78320193291	-1
4.78320193291	-1
4.78346705437	-1
4.79152202606	-1
4.79152202606	-1
4.79152202606	-1
4.79152202606	-1
4.79152202606	-1
4.79152202606	-1
4.79152202606	-1
4.79176807404	-1
4.79189801216	-1
4.79189801216	-1
4.79189801216	-1
4.79189801216	-1
4.79189801216	-1
4.79189801216	-1
4.79189801216	-1
4.79189801216	-1
4.79887199402	1
4.79914999008	1
4.79914999008	1
4.79914999008	1
4.79914999008	1
4.79914999008	1
4.79914999008	1
4.79914999008	1
4.79933691025	-1
4.79933691025	-1
4.79933691025	-1
4.79933691025	-1
4.79933691025	-1
4.79933691025	-1
4.79933691025	-1
4.85571408272	-1
4.85571408272	-1
4.85571408272	-1
4.85571408272	-1
4.85571408272	-1
4.85571408272	-1
4.85571408272	-1
4.85606193542	-1
4.85606193542	-1
4.85606193542	-1
4.85606193542	-1
4.85606193542	-1
4.85606193542	-1
4.85606193542	-1
4.85606193542	-1
4.88780713081	-1
4.88780713081	-1
4.88780713081	-1
4.88780713081	-1
4.88780713081	-1
4.91091108322	-1
4.91091108322	-1
4.91091108322	-1
4.91091108322	-1
4.91091108322	-1
4.91091108322	-1
4.91091108322	-1
4.91968011856	-1
4.91968011856	-1
4.91968011856	-1
4.91968011856	-1
4.91968011856	-1
4.91968011856	-1
4.91968011856	-1
4.91968011856	-1
4.92786812782	-1
4.92786812782	-1
4.92786812782	-1
4.92786812782	-1
4.92786812782	-1
4.92786812782	-1
4.92810797691	-1
4.92823004723	-1
4.92823004723	-1
4.92823004723	-1
4.92823004723	-1
4.92823004723	-1
4.92835211754	-1
4.92847514153	-1
4.92847514153	-1
4.92859697342	-1
4.92859697342	-1
4.92859697342	-1
4.92859697342	-1
4.92859697342	-1
4.92859697342	-1
4.92859697342	-1
4.93522906303	-1
4.93522906303	-1
4.93522906303	-1
4.93522906303	-1
4.93536901474	-1
4.93536901474	-1
4.93536901474	-1
4.93536901474	-1
4.93536901474	-1
4.93536901474	-1
4.94319605827	-1
4.94319605827	-1
4.94319605827	-1
4.94319605827	-1
4.94319605827	-1
4.94319605827	-1
4.94319605827	-1
4.94319605827	-1
4.9435479641	-1
4.9435479641	-1
4.9435479641	-1
4.9435479641	-1
4.9435479641	-1
4.9435479641	-1
4.9435479641	-1
4.9437930584	-1
4.94385194778	-1
4.94385194778	-1
4.94385194778	-1
4.94385194778	-1
4.94385194778	-1
4.94385194778	-1
4.94385194778	-1
4.94385194778	-1
4.95157599449	-1
4.95157599449	-1
4.95157599449	-1
4.95157599449	-1
4.95157599449	-1
4.95157599449	-1
4.95157599449	-1
4.95157599449	-1
4.95186090469	-1
4.95186090469	-1
4.95186090469	-1
4.95186090469	-1
4.95186090469	-1
4.95186090469	-1
4.95186090469	-1
4.95209097862	-1
4.95231199265	-1
4.95231199265	-1
4.95231199265	-1
4.95231199265	-1
4.95233893394	-1
4.95255708694	-1
4.95255708694	-1
4.95255708694	-1
4.95255708694	-1
4.9525821209	-1
4.95280504227	-1
4.95280504227	-1
4.95280504227	-1
4.95955896378	-1
4.95955896378	-1
4.95959496498	1
4.95960307121	1
4.95960307121	1
4.95960307121	1
4.95962309837	-1
4.95962309837	-1
4.95962309837	-1
4.95963597298	1
4.95963597298	1
4.95964312553	1
4.95964312553	1
4.95978808403	-1
4.95978808403	-1
4.95978808403	-1
4.95978808403	-1
4.99162793159	-1
4.99292206764	1
4.99292206764	1
4.99292206764	1
5.01534295082	-1
5.01534295082	-1
5.01534295082	-1
5.01534295082	-1
5.01547312737	-1
5.0155711174	-1
5.0155711174	-1
5.0155711174	-1
5.0155711174	-1
5.0155711174	-1
5.0155711174	-1
5.01581692696	-1
5.01581692696	-1
5.01581692696	-1
5.01581692696	-1
5.01581692696	-1
5.01581692696	-1
5.01581692696	-1
5.01581692696	-1
5.06371903419	-1
5.06371903419	-1
5.06371903419	-1
5.06371903419	-1
5.06371903419	-1
5.06371903419	-1
5.06371903419	-1
5.06371903419	-1
5.06371903419	-1
5.07157707214	-1
5.07157707214	-1
5.07157707214	-1
5.07157707214	-1
5.07157707214	-1
5.07157707214	-1
5.07157707214	-1
5.07192802429	-1
5.07192802429	-1
5.07192802429	-1
5.08673000336	-1
5.08673000336	-1
5.08673000336	-1
5.08673000336	-1
5.08673000336	-1
5.08673000336	-1
5.08673000336	-1
5.08695912361	-1
5.08708190918	-1
5.08708190918	-1
5.08708190918	-1
5.08708190918	-1
5.08708190918	-1
5.08708190918	-1
5.08708190918	-1
5.08708190918	-1
5.08745002747	-1
5.08745002747	-1
5.08745002747	-1
5.08745002747	-1
5.08745002747	-1
5.08745002747	-1
5.08745002747	-1
5.09500408173	-1
5.09500408173	-1
5.09500408173	-1
5.09510993958	-1
5.09523200989	-1
5.09523200989	-1
5.09523200989	-1
5.09523200989	-1
5.09523200989	-1
5.09523200989	-1
5.09523200989	-1
5.09547996521	-1
5.10419893265	-1
5.10419893265	-1
5.10430502892	-1
5.10430502892	-1
5.10430502892	-1
5.10433793068	-1
5.10433793068	-1
5.10433793068	-1
5.10433793068	-1
5.10433793068	-1
5.10433793068	-1
5.10433793068	-1
5.10433793068	-1
5.10479593277	-1
5.10479593277	-1
5.10479593277	-1
5.10479593277	-1
5.10479593277	-1
5.10479593277	-1
5.10479593277	-1
5.10479593277	-1
5.1116039753	-1
5.1116039753	-1
5.1116039753	-1
5.1116039753	-1
5.1116039753	-1
5.1116039753	-1
5.1116039753	-1
5.11175704002	-1
5.11196208	-1
5.11196208	-1
5.11196208	-1
5.11196208	-1
5.11196208	-1
5.11196208	-1
5.11196208	-1
5.11196208	-1
5.11220812798	-1
5.11233210564	-1
5.11233210564	-1
5.11233210564	-1
5.11233210564	-1
5.11233210564	-1
5.11233210564	-1
5.11233210564	-1
5.11257696152	-1
5.1126999855	-1
5.1126999855	-1
5.1126999855	-1
5.11282300949	-1
5.11282300949	-1
5.11282300949	-1
5.11282300949	-1
5.11282300949	-1
5.11282300949	-1
5.11282300949	-1
5.11951112747	-1
5.11951112747	-1
5.11951112747	-1
5.11951112747	-1
5.11951112747	-1
5.11951112747	-1
5.11951112747	-1
5.11951112747	-1
5.11951112747	-1
5.11954593658	1
5.11954593658	1
5.11954593658	1
5.11955499649	1
5.11955499649	1
5.15172505379	-1
5.15172505379	-1
5.15172505379	-1
5.15172505379	-1
5.15172505379	-1
5.15172505379	-1
5.15172505379	-1
5.17609810829	-1
5.17609810829	-1
5.17609810829	-1
5.17632293701	-1
5.17632293701	-1
5.17632293701	-1
5.17632293701	-1
5.17632293701	-1
5.17632293701	-1
5.17632293701	-1
5.17632293701	-1
5.20076394081	-1
5.20076394081	-1
5.20076394081	-1
5.20076394081	-1
5.20076394081	-1
5.20076394081	-1
5.20076394081	-1
5.20076394081	-1
5.20076394081	-1
5.22305512428	-1
5.22305512428	-1
5.22305512428	-1
5.22305512428	-1
5.22305512428	-1
5.22305512428	-1
5.22305512428	-1
5.23206591606	-1
5.23218894005	-1
5.23218894005	-1
5.23218894005	-1
5.23218894005	-1
5.23231196404	-1
5.23243403435	-1
5.23243403435	-1
5.23243403435	-1
5.23243403435	-1
5.23243403435	-1
5.23243403435	-1
5.23243403435	-1
5.23243403435	-1
5.24832606316	-1
5.24832606316	-1
5.24832606316	-1
5.24832606316	-1
5.24832606316	-1
5.24832606316	-1
5.24832606316	-1
5.24857091904	-1
5.24869394302	-1
5.24869394302	-1
5.24869394302	-1
5.24869394302	-1
5.24869394302	-1
5.24869394302	-1
5.248939991	-1
5.248939991	-1
5.24898195267	-1
5.24898195267	-1
5.24898195267	-1
5.24898195267	-1
5.24918603897	-1
5.24918603897	-1
5.24918603897	-1
5.24930810928	-1
5.25015997887	1
5.25015997887	1
5.25015997887	1
5.26694703102	-1
5.26694703102	-1
5.26694703102	-1
5.26706504822	-1
5.26706504822	-1
5.26718711853	-1
5.26718711853	-1
5.26718711853	-1
5.26718711853	-1
5.26817393303	-1
5.26817393303	-1
5.26819610596	-1
5.26819610596	-1
5.26819610596	-1
5.26841592789	-1
5.26841592789	-1
5.26841592789	-1
5.26850295067	-1
5.27872800827	-1
5.27872800827	-1
5.27872800827	-1
5.27872800827	-1
5.27872800827	-1
5.27876400948	-1
5.27896404266	-1
5.27896404266	-1
5.27896404266	-1
5.27896404266	-1
5.27896404266	-1
5.27896404266	-1
5.27918791771	-1
5.28363513947	-1
5.28363513947	-1
5.28363513947	-1
5.28363513947	-1
5.28363513947	-1
5.28474092484	-1
5.28535699844	-1
5.28535699844	-1
5.28582406044	-1
5.28582406044	-1
5.28582406044	-1
5.28582406044	-1
5.28582406044	-1
5.28582406044	-1
5.28582406044	-1
5.28606891632	-1
5.29469513893	-1
5.29469513893	-1
5.29469513893	-1
5.29469513893	-1
5.29469513893	-1
5.29469513893	-1
5.29469513893	-1
5.2949359417	-1
5.2949359417	-1
5.2949359417	-1
5.2949359417	-1
5.2949359417	-1
5.2949359417	-1
5.295181036	-1
5.29633903503	1
5.29633903503	1
5.31315612793	-1
5.31315612793	-1
5.31315612793	-1
5.31316995621	1
5.31483006477	-1
5.31483006477	-1
5.31542396545	-1
5.31542396545	-1
5.31542396545	-1
5.31542396545	-1
5.31542396545	-1
5.31542396545	-1
5.31542396545	-1
5.31568098068	-1
5.31568098068	-1
5.31568098068	-1
5.31568098068	-1
5.31568098068	-1
5.31568098068	-1
5.31568098068	-1
5.33538198471	-1
5.33538198471	-1
5.3355050087	-1
5.3355050087	-1
5.3355050087	-1
5.3355050087	-1
5.3355050087	-1
5.3355050087	-1
5.3355050087	-1
5.335750103	-1
5.335750103	-1
5.335750103	-1
5.335750103	-1
5.335750103	-1
5.335750103	-1
5.335750103	-1
5.335750103	-1
5.35938191414	-1
5.35938191414	-1
5.35938191414	-1
5.35938191414	-1
5.35938191414	-1
5.35938191414	-1
5.35938191414	-1
5.35938191414	-1
5.38342404366	-1
5.38342404366	-1
5.38342404366	-1
5.38342404366	-1
5.38342404366	-1
5.38342404366	-1
5.38342404366	-1
5.39107012749	-1
5.39125204086	-1
5.39125204086	-1
5.39125204086	-1
5.39125204086	-1
5.39125204086	-1
5.39125204086	-1
5.39125204086	-1
5.39125204086	-1
5.39125204086	-1
5.40737891197	-1
5.40737891197	-1
5.40737891197	-1
5.40737891197	-1
5.40737891197	-1
5.41455197334	-1
5.41455197334	-1
5.41455197334	-1
5.41455197334	-1
5.41455197334	-1
5.41455197334	-1
5.41455197334	-1
5.41455197334	-1
5.41490292549	-1
5.41490292549	-1
5.41490292549	-1
5.41490292549	-1
5.41490292549	-1
5.41490292549	-1
5.41490292549	-1
5.41490292549	-1
5.41525697708	-1
5.41525697708	-1
5.41539597511	-1
5.41539597511	-1
5.41539597511	-1
5.41539597511	-1
5.41539597511	-1
5.41539597511	-1
5.41539597511	-1
5.4236369133	-1
5.42368292809	-1
5.42368292809	-1
5.42368292809	-1
5.42368292809	-1
5.42368292809	-1
5.42368292809	-1
5.42368292809	-1
5.42368292809	-1
5.42411994934	-1
5.42411994934	-1
5.42411994934	-1
5.42411994934	-1
5.42411994934	-1
5.42411994934	-1
5.42411994934	-1
5.42436504364	-1
5.42515802383	1
5.42515802383	1
5.42515802383	1
5.431828022	-1
5.431828022	-1
5.431828022	-1
5.431828022	-1
5.431828022	-1
5.431828022	-1
5.431828022	-1
5.43197798729	-1
5.43197798729	-1
5.43218708038	-1
5.43218708038	-1
5.43218708038	-1
5.43218708038	-1
5.43218708038	-1
5.43218708038	-1
5.4387409687	-1
5.4387409687	-1
5.4387409687	-1
5.4387409687	-1
5.4387409687	-1
5.4387409687	-1
5.4387409687	-1
5.4387409687	-1
5.44671010971	-1
5.44671010971	-1
5.44671010971	-1
5.44671010971	-1
5.44693303108	-1
5.44693303108	-1
5.44693303108	-1
5.44705510139	-1
5.44705510139	-1
5.44705510139	-1
5.44705510139	-1
5.44705510139	-1
5.44705510139	-1
5.44705510139	-1
5.44705510139	-1
5.45483899117	-1
5.45483899117	-1
5.45483899117	-1
5.45483899117	-1
5.45483899117	-1
5.45483899117	-1
5.4550819397	-1
5.4550819397	-1
5.45520710945	-1
5.45520710945	-1
5.45520710945	-1
5.45520710945	-1
5.45520710945	-1
5.45520710945	-1
5.45520710945	-1
5.47108697891	1
5.57007813454	-1
5.57007813454	-1
5.57007813454	-1
5.57007813454	-1
5.57007813454	-1
5.57007813454	-1
5.57007813454	-1
5.57007813454	-1
5.57007813454	-1
5.57191205025	-1
5.57191205025	-1
5.57191205025	-1
5.57191205025	-1
5.57191205025	-1
5.57191205025	-1
5.57191205025	-1
5.57494091988	-1
5.57593107224	-1
5.57593107224	-1
5.57593107224	-1
5.57593107224	-1
5.57593107224	-1
5.57593107224	-1
5.57593107224	-1
5.57926297188	-1
5.58025193214	-1
5.58025193214	-1
5.58025193214	-1
5.58025193214	-1
5.58025193214	-1
5.58025193214	-1
5.58025193214	-1
5.5810239315	-1
5.5810239315	-1
5.5810239315	-1
5.5810239315	-1
5.5810239315	-1
5.5810239315	-1
5.5810239315	-1
5.58516001701	-1
5.58516001701	-1
5.58660697937	-1
5.58660697937	-1
5.58660697937	-1
5.58660697937	-1
5.58660697937	-1
5.58660697937	-1
5.58796596527	-1
5.58796596527	-1
5.58796596527	-1
5.58796596527	-1
5.58796596527	-1
5.58796596527	-1
5.59542012215	-1
5.59542012215	-1
5.59542012215	-1
5.59542012215	-1
5.59542012215	-1
5.59542012215	-1
5.59564900398	-1
5.59564900398	-1
5.5957710743	-1
5.5957710743	-1
5.5957710743	-1
5.60989999771	-1
5.61712694168	-1
5.61712694168	-1
5.61712694168	-1
5.61712694168	-1
5.61712694168	-1
5.61712694168	-1
5.61712694168	-1
5.61712694168	-1
5.63186502457	1
5.63186502457	1
5.63412499428	-1
5.63412499428	-1
5.63412499428	-1
5.63412499428	-1
5.63412499428	-1
5.63412499428	-1
5.63412499428	-1
5.63412499428	-1
5.66013407707	-1
5.66234397888	-1
5.66234397888	-1
5.66234397888	-1
5.66234397888	-1
5.66234397888	-1
5.66234397888	-1
5.66234397888	-1
5.67479801178	-1
5.67479801178	-1
5.67479801178	-1
5.67479801178	-1
5.67479801178	-1
5.67479801178	-1
5.67479801178	-1
5.67479801178	-1
5.67514610291	-1
5.67514610291	-1
5.67514610291	-1
5.67514610291	-1
5.67514610291	-1
5.67514610291	-1
5.67514610291	-1
5.67514610291	-1
5.6753411293	-1
5.6753411293	-1
5.67551493645	-1
5.67554712296	-1
5.67554712296	-1
5.67554712296	-1
5.67554712296	-1
5.67554712296	-1
5.67554712296	-1
5.67554712296	-1
5.67588305473	-1
5.69101691246	-1
5.69101691246	-1
5.69101691246	-1
5.69101691246	-1
5.69101691246	-1
5.69101691246	-1
5.69101691246	-1
5.70186305046	-1
5.7019739151	-1
5.7019739151	-1
5.7019739151	-1
5.7019739151	-1
5.7019739151	-1
5.7019739151	-1
5.7019739151	-1
5.71442294121	-1
5.71442294121	-1
5.71442294121	-1
5.71839404106	-1
5.72107601166	-1
5.72107601166	-1
5.72107601166	-1
5.72107601166	-1
5.72107601166	-1
5.72410702705	-1
5.7257039547	-1
5.7257039547	-1
5.7257039547	-1
5.7257039547	-1
5.7257039547	-1
5.7257039547	-1
5.7257039547	-1
5.72713708878	-1
5.72713708878	-1
5.72713708878	-1
5.72713708878	-1
5.72713708878	-1
5.72713708878	-1
5.72713708878	-1
5.73004603386	-1
5.73004603386	-1
5.73004603386	-1
5.7346329689	-1
5.7346329689	-1
5.7346329689	-1
5.7346329689	-1
5.7346329689	-1
5.7346329689	-1
5.7346329689	-1
5.7346329689	-1
5.73500204086	-1
5.73500204086	-1
5.73500204086	-1
5.73500204086	-1
5.73500204086	-1
5.73500204086	-1
5.73500204086	-1
5.73687505722	1
5.73687505722	1
5.73687505722	1
5.82306408882	-1
5.82306408882	-1
5.97718405724	-1
5.98424911499	-1
5.98424911499	-1
5.98424911499	-1
5.98825097084	-1
5.98825097084	-1
5.98825097084	-1
5.98825097084	-1
5.98825097084	-1
5.98965907097	-1
5.98965907097	-1
5.98965907097	-1
5.98965907097	-1
5.98965907097	-1
5.98965907097	-1
5.98965907097	-1
5.99004793167	-1
5.9902100563	-1
5.9902100563	-1
5.9902100563	-1
5.99033308029	-1
5.99033308029	-1
5.99063801765	1
5.99487113953	-1
5.99487113953	-1
5.99487113953	-1
5.99487113953	-1
5.99681806564	-1
5.99681806564	-1
5.99681806564	-1
5.99681806564	-1
5.99681806564	-1
5.99867892265	-1
5.99867892265	-1
6.00537490845	-1
6.00537490845	-1
6.00537490845	-1
6.00537490845	-1
6.00537490845	-1
6.00537490845	-1
6.00537490845	-1
6.00537490845	-1
6.00626993179	-1
6.00626993179	-1
6.00626993179	-1
6.00626993179	-1
6.00626993179	-1
6.00626993179	-1
6.00626993179	-1
6.00655293465	-1
6.00702500343	-1
6.00702500343	-1
6.00702500343	-1
6.00702500343	-1
6.00702500343	-1
6.00702500343	-1
6.00702500343	-1
6.00784492493	-1
6.01967692375	-1
6.01967692375	-1
6.01967692375	-1
6.01967692375	-1
6.01967692375	-1
6.01967692375	-1
6.01967692375	-1
6.01967692375	-1
6.01967692375	-1
6.02191495895	-1
6.02191495895	-1
6.02191495895	-1
6.02191495895	-1
6.02191495895	-1
6.02191495895	-1
6.02191495895	-1
6.02352595329	-1
6.02422308922	-1
6.02422308922	-1
6.02422308922	-1
6.02422308922	-1
6.02422308922	-1
6.02422308922	-1
6.02422308922	-1
6.04230499268	-1
6.04553508759	-1
6.04553508759	-1
6.04553508759	-1
6.04553508759	-1
6.04553508759	-1
6.04553508759	-1
6.04553508759	-1
6.04576992989	-1
6.04584002495	-1
6.04584002495	-1
6.04584002495	-1
6.04584002495	-1
6.04584002495	-1
6.04584002495	-1
6.04584002495	-1
6.0460600853	-1
6.08950710297	-1
6.08950710297	-1
6.08950710297	-1
6.08950710297	-1
6.08950710297	-1
6.08950710297	-1
6.08950710297	-1
6.08950710297	-1
6.08950710297	-1
6.09014201164	-1
6.09014201164	-1
6.09057211876	-1
6.09057211876	-1
6.09085798264	-1
6.09085798264	-1
6.09085798264	-1
6.09098100662	-1
6.09098100662	-1
6.09151506424	-1
6.09151506424	-1
6.09151506424	-1
6.09151506424	-1
6.09151506424	-1
6.09151506424	-1
6.09151506424	-1
6.09151506424	-1
6.09190297127	-1
6.09190297127	-1
6.09190297127	-1
6.09190297127	-1
6.09190297127	-1
6.09190297127	-1
6.09190297127	-1
6.09190297127	-1
6.09227204323	-1
6.09227204323	-1
6.09227204323	-1
6.09227204323	-1
6.09227204323	-1
6.09227204323	-1
6.09227204323	-1
6.09227204323	-1
6.09251713753	-1
6.09262990952	-1
6.09262990952	-1
6.09262990952	-1
6.09262990952	-1
6.09262990952	-1
6.09262990952	-1
6.09262990952	-1
6.09280490875	-1
6.09300899506	-1
6.09300899506	-1
6.09300899506	-1
6.09300899506	-1
6.09313201904	-1
6.09325504303	-1
6.09325504303	-1
6.09325504303	-1
6.09325504303	-1
6.09325504303	-1
6.09325504303	-1
6.09325504303	-1
6.09650993347	1
6.09650993347	1
6.09650993347	1
6.15141391754	-1
6.15850806236	-1
6.15850806236	-1
6.15850806236	-1
6.15850806236	-1
6.15850806236	-1
6.15850806236	-1
6.15850806236	-1
6.1587460041	-1
6.15879297256	-1
6.15879297256	-1
6.15879297256	-1
6.15879297256	-1
6.15879297256	-1
6.15879297256	-1
6.15879297256	-1
6.15911412239	-1
6.15923810005	-1
6.15923810005	-1
6.15923810005	-1
6.15923810005	-1
6.15923810005	-1
6.15923810005	-1
6.15923810005	-1
6.16680312157	-1
6.16681408882	1
6.16683506966	-1
6.16683506966	-1
6.16683506966	-1
6.16683506966	-1
6.16683506966	-1
6.16683506966	-1
6.16683506966	-1
6.1674079895	-1
6.1674079895	-1
6.17472791672	-1
6.17472791672	-1
6.17472791672	-1
6.17472791672	-1
6.17472791672	-1
6.17472791672	-1
6.17472791672	-1
6.17496395111	-1
6.17508792877	-1
6.17508792877	-1
6.17508792877	-1
6.17508792877	-1
6.17508792877	-1
6.17508792877	-1
6.17508792877	-1
6.17533302307	-1
6.17545604706	-1
6.17545604706	-1
6.17545604706	-1
6.17545604706	-1
6.17545604706	-1
6.17545604706	-1
6.17545604706	-1
6.19070100784	-1
6.19070100784	-1
6.19070100784	-1
6.19081497192	-1
6.19093704224	-1
6.19093704224	-1
6.19106006622	-1
6.19106006622	-1
6.19106006622	-1
6.19106006622	-1
6.19106006622	-1
6.19106006622	-1
6.19106006622	-1
6.1913061142	-1
6.1913061142	-1
6.1913061142	-1
6.1913061142	-1
6.1913061142	-1
6.1913061142	-1
6.1913061142	-1
6.19944810867	-1
6.19944810867	-1
6.19944810867	-1
6.19944810867	-1
6.19944810867	-1
6.19944810867	-1
6.19944810867	-1
6.19944810867	-1
6.20680904388	-1
6.20680904388	-1
6.20680904388	-1
6.20680904388	-1
6.20680904388	-1
6.20703911781	-1
6.20716094971	-1
6.20716094971	-1
6.20716094971	-1
6.20716094971	-1
6.20716094971	-1
6.20716094971	-1
6.20716094971	-1
6.2088830471	1
6.2088830471	1
6.2088830471	1
6.227643013	1
6.227643013	1
6.2277700901	1
6.2277700901	1
6.2277700901	1
6.23892211914	-1
6.23902702332	-1
6.23902702332	-1
6.23902702332	-1
6.23902702332	-1
6.23902702332	-1
6.23902702332	-1
6.23902702332	-1
6.23902702332	-1
6.23902702332	-1
6.24679398537	-1
6.24679398537	-1
6.24679398537	-1
6.24679398537	-1
6.24679398537	-1
6.24711608887	-1
6.24711608887	-1
6.24711608887	-1
6.24711608887	-1
6.24723911285	-1
6.24736213684	-1
6.24736213684	-1
6.24736213684	-1
6.24736213684	-1
6.24736213684	-1
6.24736213684	-1
6.24736213684	-1
6.24736213684	-1
6.24773097038	-1
6.24773097038	-1
6.24773097038	-1
6.24773097038	-1
6.24773097038	-1
6.24773097038	-1
6.24773097038	-1
6.24773097038	-1
6.25018596649	-1
6.25018596649	-1
6.25018596649	-1
6.25018596649	-1
6.25018596649	-1
6.25018596649	-1
6.25018596649	-1
6.25018596649	-1
6.25018596649	-1
6.25018596649	-1
6.25055098534	-1
6.25055098534	-1
6.25055098534	-1
6.25055098534	-1
6.25055098534	-1
6.25079703331	-1
6.25079703331	-1
6.25079703331	-1
6.25079703331	-1
6.25102305412	-1
6.25102305412	-1
6.25102305412	-1
6.25102305412	-1
6.25102305412	-1
6.25102305412	-1
6.25102305412	-1
6.25102305412	-1
6.25147414207	-1
6.25147414207	-1
6.25147414207	-1
6.25147414207	-1
6.25147414207	-1
6.25147414207	-1
6.25147414207	-1
6.25147414207	-1
6.31097412109	-1
6.31233692169	-1
6.31233692169	-1
6.31233692169	-1
6.31233692169	-1
6.31233692169	-1
6.31233692169	-1
6.31233692169	-1
6.31255698204	-1
6.31268906593	-1
6.31268906593	-1
6.31268906593	-1
6.31268906593	-1
6.31268906593	-1
6.31268906593	-1
6.31293296814	-1
6.31293296814	-1
6.31293296814	-1
6.31293296814	-1
6.31293296814	-1
6.31293296814	-1
6.31293296814	-1
6.31293296814	-1
6.32736110687	1
6.32736110687	1
6.32739496231	-1
6.32739496231	-1
6.32755613327	-1
6.32755613327	-1
6.32755613327	-1
6.32755613327	-1
6.32755613327	-1
6.32755613327	-1
6.32780194283	-1
6.32780194283	-1
6.32780194283	-1
6.32780194283	-1
6.32780194283	-1
6.32780194283	-1
6.32780194283	-1
6.32780194283	-1
6.33517813683	-1
6.33517813683	-1
6.33521294594	-1
6.33521294594	-1
6.33521294594	-1
6.33521294594	-1
6.33521294594	-1
6.33521294594	-1
6.33521294594	-1
6.33554196358	-1
6.33554196358	-1
6.33554196358	-1
6.33554196358	-1
6.33554196358	-1
6.33554196358	-1
6.33554196358	-1
6.33591008186	-1
6.33591008186	-1
6.3433611393	-1
6.3433611393	-1
6.3433611393	-1
6.3433611393	-1
6.3433611393	-1
6.3433611393	-1
6.35067200661	-1
6.35067200661	-1
6.35067200661	-1
6.35067200661	-1
6.35067200661	-1
6.35067200661	-1
6.35067200661	-1
6.35081100464	-1
6.35102295876	-1
6.35102295876	-1
6.35102295876	-1
6.35102295876	-1
6.35102295876	-1
6.35102295876	-1
6.35102295876	-1
6.35102295876	-1
6.35139298439	-1
6.35139298439	-1
6.35139298439	-1
6.35139298439	-1
6.35139298439	-1
6.35139298439	-1
6.35139298439	-1
6.35190391541	-1
6.35190391541	-1
6.35192894936	-1
6.35192894936	-1
6.35192894936	-1
6.35192894936	-1
6.35192894936	-1
6.35192894936	-1
6.36667108536	-1
6.36667108536	-1
6.36685395241	-1
6.36685395241	-1
6.36685395241	-1
6.36685395241	-1
6.36685395241	-1
6.36685395241	-1
6.36685395241	-1
6.36710000038	-1
6.36710000038	-1
6.36710000038	-1
6.36710000038	-1
6.36710000038	-1
6.36710000038	-1
6.36710000038	-1
6.40676307678	-1
6.40676307678	-1
6.40686893463	-1
6.40686893463	-1
6.40686893463	-1
6.40686893463	-1
6.40686893463	-1
6.40686893463	-1
6.40686893463	-1
6.40711402893	-1
6.40723896027	-1
6.40723896027	-1
6.40723896027	-1
6.40723896027	-1
6.40723896027	-1
6.40723896027	-1
6.40748310089	-1
6.40748310089	-1
6.40760397911	-1
6.40760397911	-1
6.40760397911	-1
6.40760397911	-1
6.40760397911	-1
6.40760397911	-1
6.40783405304	-1
6.40783405304	-1
6.40783405304	-1
6.40783405304	-1
6.40783405304	-1
6.40783405304	-1
6.40783405304	-1
6.40783405304	-1
6.40822005272	-1
6.40822005272	-1
6.40822005272	-1
6.40822005272	-1
6.40822005272	-1
6.40822005272	-1
6.40822005272	-1
6.40822005272	-1
6.40859007835	-1
6.40859007835	-1
6.40859007835	-1
6.40859007835	-1
6.40859007835	-1
6.40859007835	-1
6.40859007835	-1
6.40859007835	-1
6.40894913673	-1
6.40894913673	-1
6.40894913673	-1
6.40894913673	-1
6.40894913673	-1
6.40894913673	-1
6.40894913673	-1
6.41445398331	1
6.41445398331	1
6.41819000244	-1
6.41819000244	-1
6.41819000244	-1
6.41819000244	-1
6.41819000244	-1
6.41819000244	-1
6.41819000244	-1
6.41819000244	-1
6.419039011	-1
6.4713139534	-1
6.4713139534	-1
6.47142791748	-1
6.47142791748	-1
6.47142791748	-1
6.47142791748	-1
6.47142791748	-1
6.47142791748	-1
6.47142791748	-1
6.47166204453	-1
6.47178602219	-1
6.47178602219	-1
6.47178602219	-1
6.47178602219	-1
6.47178602219	-1
6.47178602219	-1
6.47203302383	-1
6.47203302383	-1
6.47203302383	-1
6.47203302383	-1
6.47203302383	-1
6.47203302383	-1
6.47203302383	-1
6.47203302383	-1
6.47230696678	-1
6.47230696678	-1
6.48665094376	-1
6.48665094376	-1
6.48665094376	-1
6.48665094376	-1
6.48665094376	-1
6.48665094376	-1
6.48706293106	-1
6.48706293106	-1
6.48706293106	-1
6.48706293106	-1
6.48706293106	-1
6.48706293106	-1
6.48706293106	-1
6.48730897903	-1
6.48743200302	-1
6.48743200302	-1
6.48743200302	-1
6.49545907974	-1
6.49545907974	-1
6.49545907974	-1
6.49545907974	-1
6.49545907974	-1
6.50255012512	-1
6.50255012512	-1
6.50255012512	-1
6.50255012512	-1
6.50255012512	-1
6.50255012512	-1
6.50277113914	-1
6.50277113914	-1
6.50277113914	-1
6.50277113914	-1
6.50277113914	-1
6.50277113914	-1
6.5030169487	-1
6.50313901901	-1
6.50313901901	-1
6.50313901901	-1
6.50313901901	-1
6.50313901901	-1
6.50360202789	1
6.50360202789	1
6.50360202789	1
6.51064610481	-1
6.51075792313	-1
6.51075792313	-1
6.51075792313	-1
6.51075792313	-1
6.51075792313	-1
6.51075792313	-1
6.51075792313	-1
6.51173591614	-1
6.51173591614	-1
6.51173591614	-1
6.51198101044	-1
6.51198101044	-1
6.51198101044	-1
6.51198101044	-1
6.51198101044	-1
6.51198101044	-1
6.51198101044	-1
6.51222705841	-1
6.51222705841	-1
6.51222705841	-1
6.51222705841	-1
6.51222705841	-1
6.51222705841	-1
6.51222705841	-1
6.51259613037	-1
6.51259613037	-1
6.51259613037	-1
6.51259613037	-1
6.51259613037	-1
6.51259613037	-1
6.51259613037	-1
6.51259613037	-1
6.53456902504	-1
6.53456902504	-1
6.53456902504	-1
6.53456902504	-1
6.53456902504	-1
6.53456902504	-1
6.53456902504	-1
6.53456902504	-1
6.53456902504	-1
6.534938097	-1
6.534938097	-1
6.53506112099	-1
6.53506112099	-1
6.53506112099	-1
6.53506112099	-1
6.53506112099	-1
6.53506112099	-1
6.55943012238	-1
6.55943012238	-1
6.57473897934	-1
6.57473897934	-1
6.57473897934	-1
6.57473897934	-1
6.57473897934	-1
6.57473897934	-1
6.57497406006	-1
6.57497406006	-1
6.57500910759	-1
6.57500910759	-1
6.57500910759	-1
6.57500910759	-1
6.57500910759	-1
6.57500910759	-1
6.57500910759	-1
6.57534193993	-1
6.57534193993	-1
6.57534193993	-1
6.57534193993	-1
6.57534193993	-1
6.57534193993	-1
6.57534193993	-1
6.57571196556	-1
6.57571196556	-1
6.57571196556	-1
6.57571196556	-1
6.57571196556	-1
6.57571196556	-1
6.57571196556	-1
6.57571196556	-1
6.57608008385	-1
6.57608008385	-1
6.57608008385	-1
6.57608008385	-1
6.57608008385	-1
6.57632613182	-1
6.57632613182	-1
6.57632613182	-1
6.578799963	1
6.578799963	1
6.58254408836	-1
6.58254408836	-1
6.58254408836	-1
6.58254408836	-1
6.58254408836	-1
6.58254408836	-1
6.58254408836	-1
6.58254408836	-1
6.58254408836	-1
6.58293008804	-1
6.58293008804	-1
6.58306407928	-1
6.58306407928	-1
6.61497402191	-1
6.61497402191	-1
6.61497402191	-1
6.62342810631	-1
6.62342810631	-1
6.62342810631	-1
6.62363600731	-1
6.62363600731	-1
6.6237590313	-1
6.6237590313	-1
6.6237590313	-1
6.6237590313	-1
6.6237590313	-1
6.62400507927	-1
6.62400507927	-1
6.62400507927	-1
6.62400507927	-1
6.62400507927	-1
6.62400507927	-1
6.62400507927	-1
6.62400507927	-1
6.62400507927	-1
6.6243751049	-1
6.6243751049	-1
6.6243751049	-1
6.6243751049	-1
6.6243751049	-1
6.63928794861	-1
6.63928794861	-1
6.63928794861	-1
6.63928794861	-1
6.63928794861	-1
6.63928794861	-1
6.63928794861	-1
6.63928794861	-1
6.63969111443	-1
6.63969111443	-1
6.63969111443	-1
6.63969111443	-1
6.63969111443	-1
6.63969111443	-1
6.63969111443	-1
6.63969111443	-1
6.63969111443	-1
6.64693808556	-1
6.64693808556	-1
6.64704298973	-1
6.64704298973	-1
6.64704298973	-1
6.64704298973	-1
6.64704298973	-1
6.64704298973	-1
6.64704298973	-1
6.65466213226	-1
6.65466213226	-1
6.65466213226	-1
6.65466213226	-1
6.65466213226	-1
6.65466213226	-1
6.65466213226	-1
6.65503001213	-1
6.65503001213	-1
6.65515303612	-1
6.65515303612	-1
6.65515303612	-1
6.65515303612	-1
6.65515303612	-1
6.65515303612	-1
6.65515303612	-1
6.65522098541	1
6.65522098541	1
6.65522098541	1
6.66332197189	-1
6.66332197189	-1
6.66332197189	-1
6.66332197189	-1
6.66332197189	-1
6.66332197189	-1
6.66332197189	-1
6.66367101669	-1
6.66367101669	-1
6.66379499435	-1
6.66379499435	-1
6.66379499435	-1
6.66379499435	-1
6.66379499435	-1
6.66379499435	-1
6.66379499435	-1
6.66404008865	-1
6.66416692734	-1
6.66416692734	-1
6.66416692734	-1
6.66418910027	-1
6.66418910027	-1
6.66418910027	-1
6.66418910027	-1
6.66418910027	-1
6.66418910027	-1
6.66418910027	-1
6.66453194618	-1
6.66465401649	-1
6.66465401649	-1
6.66465401649	-1
6.66465401649	-1
6.66465401649	-1
6.66465401649	-1
6.66465401649	-1
6.66626596451	1
6.66626596451	1
6.66626596451	1
6.68779611588	-1
6.68783402443	-1
6.68783402443	-1
6.68783402443	-1
6.68783402443	-1
6.68783402443	-1
6.68783402443	-1
6.68783402443	-1
6.68816494942	-1
6.68816494942	-1
6.68816494942	-1
6.68816494942	-1
6.68816494942	-1
6.71148896217	-1
6.71148896217	-1
6.71148896217	-1
6.71148896217	-1
6.71169495583	-1
6.71169495583	-1
6.72736501694	-1
6.72736501694	-1
6.72736501694	-1
6.72736501694	-1
6.72736501694	-1
6.76680994034	1
6.76680994034	1
6.84149193764	1
6.84149193764	1
6.84149193764	1
6.85968899727	-1
6.85968899727	-1
6.85968899727	-1
6.86161494255	-1
6.86161494255	-1
6.86161494255	-1
6.86161494255	-1
6.86405205727	-1
6.86405205727	-1
6.86405205727	-1
6.86405205727	-1
6.86685013771	-1
6.86685013771	-1
6.86685013771	-1
6.86792397499	1
6.86792397499	1
6.87456011772	-1
6.87456011772	-1
6.89746403694	-1
6.89746403694	-1
6.89746403694	-1
6.89871096611	-1
6.89871096611	-1
6.89871096611	-1
6.89871096611	-1
6.89871096611	-1
6.89871096611	-1
6.89871096611	-1
6.90716791153	-1
6.90727996826	-1
6.90727996826	-1
6.90727996826	-1
6.90727996826	-1
6.90727996826	-1
6.90727996826	-1
6.90727996826	-1
6.90799713135	-1
6.90933895111	-1
6.90933895111	-1
6.90933895111	-1
6.90933895111	-1
6.90933895111	-1
6.90933895111	-1
6.91509890556	-1
6.91509890556	-1
6.91612911224	-1
6.91612911224	-1
6.91612911224	-1
6.91612911224	-1
6.91612911224	-1
6.91625809669	1
6.91625809669	1
6.91625809669	1
6.93155407906	-1
6.93155407906	-1
6.93155407906	-1
6.93155407906	-1
6.93155407906	-1
6.93155407906	-1
6.93155407906	-1
6.93155407906	-1
6.93870902061	-1
6.93870902061	-1
6.93870902061	-1
6.93870902061	-1
6.93870902061	-1
6.93870902061	-1
6.93870902061	-1
6.93870902061	-1
6.93870902061	-1
6.93906807899	-1
6.93906807899	-1
6.93906807899	-1
6.93906807899	-1
6.93906807899	-1
6.93906807899	-1
6.93906807899	-1
6.93931412697	-1
6.93978500366	-1
6.93978500366	-1
6.93978500366	-1
6.93978500366	-1
6.93978500366	-1
6.93978500366	-1
6.93978500366	-1
6.94003009796	-1
6.96804308891	-1
6.96804308891	-1
6.96804308891	-1
6.96804308891	-1
6.96804308891	-1
6.96804308891	-1
6.96804308891	-1
6.96804308891	-1
6.9732029438	-1
6.9732029438	-1
6.97443008423	1
6.97443008423	1
6.97517991066	-1
6.97632002831	-1
6.97632002831	-1
6.97632002831	-1
6.97632002831	-1
6.97632002831	-1
6.97777295113	-1
6.98040413857	-1
6.98040413857	-1
6.98040413857	-1
6.98040413857	-1
6.98040413857	-1
6.98181390762	-1
6.98181390762	-1
6.98181390762	-1
6.98181390762	-1
6.98181390762	-1
6.98181390762	-1
6.98181390762	-1
6.98181390762	-1
6.98246598244	-1
6.98246598244	-1
6.98246598244	-1
6.98598408699	-1
6.98598408699	-1
6.98598408699	-1
6.98598408699	-1
6.98598408699	-1
6.98598408699	-1
6.98598408699	-1
6.98598408699	-1
6.98598408699	-1
6.99092006683	-1
6.99092006683	-1
6.99590611458	-1
6.99590611458	-1
6.99590611458	-1
6.99590611458	-1
6.99590611458	-1
6.99590611458	-1
6.99590611458	-1
6.99647212029	-1
6.99647212029	-1
6.99647212029	-1
6.99647212029	-1
6.99647212029	-1
6.99647212029	-1
6.99647212029	-1
6.99683904648	-1
6.99683904648	-1
6.99683904648	-1
6.99683904648	-1
6.99683904648	-1
6.99683904648	-1
6.99683904648	-1
6.99708414078	-1
7.00172305107	-1
7.00172305107	-1
7.00172305107	-1
7.00172305107	-1
7.00172305107	-1
7.00172305107	-1
7.00645399094	-1
7.00645399094	-1
7.00650691986	-1
7.00650691986	-1
7.00911712646	-1
7.00911712646	-1
7.00911712646	-1
7.00911712646	-1
7.00911712646	-1
7.00911712646	-1
7.00911712646	-1
7.00911712646	-1
7.00911712646	-1
7.00915813446	1
7.00915813446	1
7.00915813446	1
7.03339099884	-1
7.03339099884	-1
7.03431105614	-1
7.03431105614	-1
7.03431105614	-1
7.03431105614	-1
7.03431105614	-1
7.03431105614	-1
7.03431105614	-1
7.03542900085	-1
7.03597807884	-1
7.03597807884	-1
7.03597807884	-1
7.03597807884	-1
7.03597807884	-1
7.03597807884	-1
7.03621792793	-1
7.03621792793	-1
7.03621792793	-1
7.03621792793	-1
7.03621792793	-1
7.03621792793	-1
7.03621792793	-1
7.03646397591	-1
7.04462599754	-1
7.04462599754	-1
7.04462599754	-1
7.04462599754	-1
7.04462599754	-1
7.04462599754	-1
7.04462599754	-1
7.04462599754	-1
7.04566192627	-1
7.04566192627	-1
7.04566192627	-1
7.04566192627	-1
7.04582309723	-1
7.04687094688	1
7.04687094688	1
7.06460809708	-1
7.06460809708	-1
7.06460809708	-1
7.06460809708	-1
7.06460809708	-1
7.06460809708	-1
7.06460809708	-1
7.06554794312	-1
7.06554794312	-1
7.06554794312	-1
7.06554794312	-1
7.06554794312	-1
7.06554794312	-1
7.06554794312	-1
7.06679797173	-1
7.06679797173	-1
7.06679797173	-1
7.07376194	-1
7.07376194	-1
7.07376194	-1
7.0745139122	-1
7.0745139122	-1
7.0745139122	-1
7.0745139122	-1
7.0745139122	-1
7.0745139122	-1
7.0745139122	-1
7.08821296692	-1
7.08821296692	-1
7.08821296692	-1
7.08892703056	-1
7.08892703056	-1
7.08892703056	-1
7.08892703056	-1
7.08892703056	-1
7.0894241333	-1
7.0894241333	-1
7.0894241333	-1
7.0894241333	-1
7.0894241333	-1
7.0894241333	-1
7.0894241333	-1
7.08979201317	-1
7.08979201317	-1
7.08979201317	-1
7.08979201317	-1
7.08979201317	-1
7.08979201317	-1
7.08979201317	-1
7.09620308876	-1
7.09620308876	-1
7.09620308876	-1
7.09620308876	-1
7.09620308876	-1
7.09620308876	-1
7.09620308876	-1
7.09620308876	-1
7.09663105011	-1
7.09663105011	-1
7.09663105011	-1
7.09741091728	1
7.09741091728	1
7.09741091728	1
7.10741400719	-1
7.10741400719	-1
7.10864090919	-1
7.10864090919	-1
7.10864090919	-1
7.10864090919	-1
7.10968208313	-1
7.10968208313	-1
7.10988092422	-1
7.10988092422	-1
7.10988092422	-1
7.10988092422	-1
7.10988092422	-1
7.10988092422	-1
7.12786602974	-1
7.12786602974	-1
7.12790203094	-1
7.12790203094	-1
7.12790203094	-1
7.12790203094	-1
7.12810492516	-1
7.12810492516	-1
7.12810492516	-1
7.12810492516	-1
7.12810492516	-1
7.13536310196	-1
7.13536310196	-1
7.13536310196	-1
7.14158797264	1
7.14158797264	1
7.14158797264	1
7.14158797264	1
7.14158797264	1
7.14158797264	1
7.14158797264	1
7.14158797264	1
7.14158797264	1
7.14158797264	1
7.17593598366	-1
7.17593598366	-1
7.17593598366	-1
7.17869591713	-1
7.17869591713	-1
7.17944812775	-1
7.17944812775	-1
7.17944812775	-1
7.17944812775	-1
7.17944812775	-1
7.17944812775	-1
7.18490099907	-1
7.18490099907	-1
7.18555092812	-1
7.18555092812	-1
7.18555092812	-1
7.18555092812	-1
7.18555092812	-1
7.21028804779	-1
7.21554708481	-1
7.21554708481	-1
7.21582102776	-1
7.21582102776	-1
7.21582102776	-1
7.27484703064	-1
7.27484703064	-1
7.27484703064	-1
7.27484703064	-1
7.27484703064	-1
7.27489805222	1
7.27489805222	1
7.27491497993	1
7.27491497993	1
7.27588295937	-1
7.27588295937	-1
7.27588295937	-1
7.27588295937	-1
7.27588295937	-1
7.27588295937	-1
7.27588295937	-1
7.27588295937	-1
7.27612805367	-1
7.28644609451	1
7.28644609451	1
7.28644609451	1
7.28644609451	1
7.28644609451	1
7.28644609451	1
7.28644609451	1
7.29862308502	-1
7.29862308502	-1
7.29862308502	-1
7.29862308502	-1
7.29862308502	-1
7.29862308502	-1
7.29862308502	-1
7.29862308502	-1
7.29937291145	-1
7.29937291145	-1
7.29992294312	-1
7.30062103271	-1
7.30062103271	-1
7.30062103271	-1
7.30062103271	-1
7.30062103271	-1
7.30062103271	-1
7.30062103271	-1
7.30086398125	-1
7.30557799339	-1
7.30557799339	-1
7.30557799339	-1
7.30557799339	-1
7.30557799339	-1
7.30557799339	-1
7.30557799339	-1
7.30557799339	-1
7.30598497391	-1
7.30598497391	-1
7.30598497391	-1
7.30598497391	-1
7.30598497391	-1
7.30598497391	-1
7.30598497391	-1
7.30643796921	-1
7.30643796921	-1
7.32198691368	-1
7.32198691368	-1
7.32198691368	-1
7.32198691368	-1
7.32198691368	-1
7.32198691368	-1
7.32294297218	-1
7.32294297218	-1
7.32294297218	-1
7.32294297218	-1
7.32294297218	-1
7.32294297218	-1
7.32294297218	-1
7.32838392258	-1
7.32838392258	-1
7.32838392258	-1
7.32838392258	-1
7.32838392258	-1
7.32838392258	-1
7.32838392258	-1
7.32838392258	-1
7.35435390472	-1
7.35435390472	-1
7.35435390472	-1
7.35435390472	-1
7.35435390472	-1
7.35435390472	-1
7.35435390472	-1
7.35435390472	-1
7.35439491272	1
7.39258694649	-1
7.39258694649	-1
7.39258694649	-1
7.39262199402	1
7.39435911179	-1
7.39435911179	-1
7.39645004272	-1
7.39645004272	-1
7.39645004272	-1
7.39645004272	-1
7.39645004272	-1
7.39645004272	-1
7.39645004272	-1
7.39699411392	-1
7.41210412979	-1
7.41210412979	-1
7.41210412979	-1
7.41210412979	-1
7.41210412979	-1
7.41210412979	-1
7.41210412979	-1
7.41830801964	-1
7.4192070961	-1
7.4192070961	-1
7.4192070961	-1
7.4192070961	-1
7.4192070961	-1
7.4192070961	-1
7.4192070961	-1
7.42908811569	-1
7.43156909943	1
7.43156909943	1
7.43156909943	1
7.43469905853	-1
7.43469905853	-1
7.43469905853	-1
7.43469905853	-1
7.44660806656	-1
7.47565197945	-1
7.47565197945	-1
7.47565197945	-1
7.47565197945	-1
7.49704813957	-1
7.49704813957	-1
7.49704813957	-1
7.49784612656	1
7.49784612656	1
7.49848103523	-1
7.49888801575	-1
7.49888801575	-1
7.49888801575	-1
7.49888801575	-1
7.49888801575	-1
7.49934196472	-1
7.49967002869	-1
7.49967002869	-1
7.49978995323	-1
7.49978995323	-1
7.49978995323	-1
7.49978995323	-1
7.49978995323	-1
7.49978995323	-1
7.49978995323	-1
7.50003504753	-1
7.5592610836	-1
7.5592610836	-1
7.5592610836	-1
7.55948996544	-1
7.55948996544	-1
7.55948996544	-1
7.55948996544	-1
7.55948996544	-1
7.55948996544	-1
7.55948996544	-1
7.55973505974	-1
7.5598359108	-1
7.5598359108	-1
7.5598359108	-1
7.5598359108	-1
7.5598359108	-1
7.5598359108	-1
7.5598359108	-1
7.56061697006	-1
7.56480312347	-1
7.56480312347	-1
7.56480312347	-1
7.5660610199	-1
7.5660610199	-1
7.5660610199	-1
7.5660610199	-1
7.57683110237	-1
7.57779407501	-1
7.57779407501	-1
7.57779407501	-1
7.57779407501	-1
7.57779407501	-1
7.57966995239	-1
7.57966995239	-1
7.57966995239	-1
7.57966995239	-1
7.58043503761	-1
7.59128808975	-1
7.59128808975	-1
7.59128808975	-1
7.59227204323	-1
7.59227204323	-1
7.59227204323	-1
7.63359999657	-1
7.63359999657	-1
7.63359999657	-1
7.65772294998	-1
7.65772294998	-1
7.65819597244	-1
7.65819597244	-1
7.65819597244	-1
7.65819597244	-1
7.65819597244	-1
7.69308996201	-1
7.69540309906	-1
7.69540309906	-1
7.72534298897	1
7.72534298897	1
7.72534298897	1
7.75456690788	-1
7.75456690788	-1
7.75456690788	-1
7.75462794304	-1
7.75462794304	-1
7.75503897667	-1
7.75503897667	-1
7.75503897667	-1
7.75526595116	-1
7.75526595116	-1
7.75526595116	-1
7.75526595116	-1
7.76226711273	-1
7.79910707474	-1
7.79910707474	-1
7.80402207375	-1
7.80402207375	-1
7.80402207375	-1
7.80402207375	-1
7.80959200859	-1
7.80959200859	-1
7.90714001656	1
7.95518302917	-1
8.12230706215	-1
8.12233996391	1
8.382625103	-1
8.39833402634	-1
8.39833402634	-1
8.39833402634	-1
8.39833402634	-1
8.56087493896	1
8.57152605057	1
8.57152605057	1
8.57152605057	1
8.89418292046	-1
8.96499705315	-1
8.96499705315	-1
8.96499705315	-1
8.96634912491	-1
8.96634912491	-1
8.96634912491	-1
8.96634912491	-1
8.96634912491	-1
8.96634912491	-1
8.96634912491	-1
8.96634912491	-1
8.99393510818	-1
8.99393510818	-1
8.99393510818	-1
8.99393510818	-1
8.99393510818	-1
8.99393510818	-1
8.99393510818	-1
8.99393510818	-1
8.99778413773	-1
8.99778413773	-1
8.99778413773	-1
8.99778413773	-1
8.99778413773	-1
8.99778413773	-1
8.99778413773	-1
8.99778413773	-1
8.998939991	-1
8.998939991	-1
8.998939991	-1
8.998939991	-1
8.998939991	-1
8.998939991	-1
9.00009703636	1
9.02838802338	-1
9.02838802338	-1
9.02838802338	-1
9.03190994263	-1
9.03190994263	-1
9.04903912544	-1
9.04903912544	-1
9.18778300285	1
9.18778300285	1
9.21037697792	1
9.21037697792	1
9.21037697792	1
9.21054410934	1
9.21054410934	1
9.21054410934	1
9.47755599022	-1
9.54589509964	-1
9.54589509964	-1
9.54589509964	-1
9.55754494667	1
9.6512761116	1
9.6512761116	1
9.6512761116	1
9.6512761116	1
9.6512761116	1
9.6512761116	1
9.65477609634	1
9.65477609634	1
9.65477609634	1
9.65477609634	1
9.65477609634	1
9.65477609634	1
9.65477609634	1
9.65477609634	1
9.65477609634	1
9.65489292145	1
9.65489292145	1
9.75810408592	1
9.75810408592	1
9.75810408592	1
9.75810408592	1
9.75810408592	1
9.75810408592	1
9.91504812241	-1
10.0784859657	-1
