0.0	1
0.250097990036	1
0.306296825409	-1
0.364265918732	1
0.621915817261	-1
0.623353004456	1
0.71089887619	-1
0.71089887619	-1
0.71089887619	-1
0.719035863876	-1
0.719035863876	-1
0.74099779129	-1
0.74099779129	-1
0.74099779129	-1
0.741031885147	1
0.845995903015	1
0.845995903015	1
0.845995903015	1
0.855294942856	-1
1.09598183632	1
1.10344982147	-1
1.1046500206	1
1.1046500206	1
1.1046500206	1
1.21902084351	-1
1.41093587875	-1
1.41097688675	1
1.51449894905	-1
1.51449894905	-1
1.51449894905	-1
1.51622581482	1
1.51622581482	1
1.51622581482	1
1.51873493195	-1
1.51873493195	-1
1.52524590492	-1
1.54777288437	-1
1.54777288437	-1
1.54777288437	-1
1.62110686302	-1
1.62110686302	-1
1.65138792992	1
1.72637081146	-1
1.72637081146	-1
1.72637081146	-1
1.73890399933	-1
1.73890399933	-1
1.75372886658	-1
1.75372886658	-1
1.76881980896	-1
1.76881980896	-1
1.76881980896	-1
1.81940484047	-1
1.81940484047	-1
1.83037900925	-1
1.83037900925	-1
1.83037900925	-1
1.8522939682	-1
1.8522939682	-1
1.88305091858	-1
1.88305091858	-1
1.90614080429	1
1.91774392128	-1
1.91774392128	-1
1.91774392128	-1
1.92396688461	-1
1.92396688461	-1
1.94162201881	-1
1.94162201881	-1
1.94162201881	-1
1.97511386871	1
1.97511386871	1
1.97511386871	1
1.99730086327	-1
1.99836301804	1
1.99836301804	1
2.01548790932	-1
2.01548790932	-1
2.01548790932	-1
2.02432990074	-1
2.02432990074	-1
2.02838802338	1
2.02838802338	1
2.02838802338	1
2.03956794739	-1
2.03956794739	-1
2.03956794739	-1
2.07686090469	-1
2.07686090469	-1
2.14264297485	1
2.25691390038	-1
2.27517294884	1
2.30743098259	-1
2.30743098259	-1
2.30743098259	-1
2.31836700439	-1
2.31836700439	-1
2.33864188194	-1
2.33864188194	-1
2.33864188194	-1
2.3894469738	-1
2.41051793098	-1
2.41051793098	-1
2.41051793098	-1
2.41093182564	-1
2.41093182564	-1
2.41113185883	-1
2.41113185883	-1
2.41113185883	-1
2.41138195992	-1
2.41138195992	-1
2.43282580376	-1
2.43282580376	-1
2.43282580376	-1
2.43282580376	-1
2.43282580376	-1
2.50402784348	-1
2.50402784348	-1
2.52395892143	-1
2.52395892143	-1
2.52395892143	-1
2.53262090683	-1
2.53262090683	-1
2.54521393776	-1
2.54521393776	-1
2.54521393776	-1
2.54665279388	1
2.55270195007	-1
2.55270195007	-1
2.56031990051	-1
2.56031990051	-1
2.56031990051	-1
2.58349180222	1
2.58349180222	1
2.58349180222	1
2.64000201225	-1
2.64000201225	-1
2.64000201225	-1
2.65162181854	-1
2.65162181854	-1
2.66521883011	-1
2.66521883011	-1
2.66521883011	-1
2.66522979736	1
2.67557382584	-1
2.67557382584	-1
2.70845079422	-1
2.70845079422	-1
2.70845079422	-1
2.70884990692	-1
2.70884990692	-1
2.74158287048	-1
2.74158287048	-1
2.74158287048	-1
2.78603601456	1
2.78603601456	1
2.78603601456	1
2.86293697357	-1
2.86293697357	-1
2.86293697357	-1
2.94431591034	-1
2.94431591034	-1
2.94431591034	-1
2.94974184036	-1
2.94974184036	-1
3.01463794708	-1
3.01744484901	-1
3.01744484901	-1
3.01744484901	-1
3.02037501335	-1
3.02037501335	-1
3.02577900887	-1
3.02577900887	-1
3.02577900887	-1
3.02815699577	-1
3.02815699577	-1
3.10759401321	-1
3.10759401321	-1
3.10759401321	-1
3.10769701004	-1
3.10769701004	-1
3.11496591568	-1
3.11496591568	-1
3.11496591568	-1
3.13175797462	-1
3.14072680473	-1
3.14072680473	-1
3.14072680473	-1
3.21696996689	-1
3.21696996689	-1
3.22363400459	-1
3.22363400459	-1
3.22363400459	-1
3.22995185852	-1
3.22995185852	-1
3.23464393616	-1
3.23464393616	-1
3.23464393616	-1
3.24009990692	-1
3.24009990692	-1
3.30654501915	-1
3.30654501915	-1
3.30654501915	-1
3.30668902397	-1
3.30668902397	-1
3.30693387985	-1
3.30693387985	-1
3.30693387985	-1
3.34000492096	-1
3.34000492096	-1
3.36058497429	-1
3.36058497429	-1
3.41063499451	-1
3.41063499451	-1
3.41063499451	-1
3.41241693497	-1
3.41241693497	-1
3.43942689896	-1
3.43942689896	-1
3.43942689896	-1
3.43980097771	-1
3.43980097771	-1
3.44075083733	1
3.47551393509	-1
3.51626801491	-1
3.51626801491	-1
3.51626801491	-1
3.52316689491	-1
3.52316689491	-1
3.52718091011	-1
3.52718091011	-1
3.52718091011	-1
3.53856396675	-1
3.53856396675	-1
3.61493301392	-1
3.61493301392	-1
3.61493301392	-1
3.61935400963	-1
3.61935400963	-1
3.62338900566	-1
3.62338900566	-1
3.62338900566	-1
3.62479901314	-1
3.62479901314	-1
3.63057589531	-1
3.63057589531	-1
3.63057589531	-1
3.63069081306	-1
3.63069081306	-1
3.63185095787	1
3.68736386299	-1
3.68736386299	-1
3.68736386299	-1
3.70606684685	-1
3.70606684685	-1
3.74515199661	-1
3.74515199661	-1
3.76812291145	1
3.77025198936	1
3.77025198936	1
3.77025198936	1
3.77058291435	1
3.77058291435	1
4.00557279587	-1
4.03773498535	-1
4.03773498535	-1
4.03773498535	-1
4.10669779778	-1
4.10669779778	-1
4.11207294464	-1
4.11207294464	-1
4.11207294464	-1
4.13852882385	-1
4.13852882385	-1
4.1519408226	-1
4.16161489487	1
4.25122499466	-1
4.25122499466	-1
4.25122499466	-1
4.26633787155	-1
4.35274481773	1
4.40853691101	-1
4.61666083336	-1
4.76891994476	-1
4.79579091072	1
4.79675388336	1
4.79675388336	1
4.79675388336	1
4.79708981514	1
4.79708981514	1
4.90989398956	1
5.11057186127	-1
5.11912202835	1
5.13757991791	-1
5.13757991791	-1
5.13757991791	-1
5.20796489716	-1
5.20796489716	-1
5.21101498604	-1
5.21101498604	-1
5.21101498604	-1
5.2114880085	-1
5.2114880085	-1
5.21218681335	-1
5.21218681335	-1
5.21218681335	-1
5.21230983734	-1
5.21230983734	-1
5.22024393082	-1
5.22024393082	-1
5.22024393082	-1
5.23348093033	-1
5.23352789879	1
5.24062681198	-1
5.24062681198	-1
5.24062681198	-1
5.30626487732	-1
5.30626487732	-1
5.30771589279	-1
5.30771589279	-1
5.30771589279	-1
5.31719589233	-1
5.31719589233	-1
5.31730294228	-1
5.31730294228	-1
5.31730294228	-1
5.31742501259	-1
5.31742501259	-1
5.31749296188	-1
5.31749296188	-1
5.31749296188	-1
5.31767296791	-1
5.31767296791	-1
5.3477499485	-1
5.34779286385	1
5.40503191948	-1
5.40503191948	-1
5.40503191948	-1
5.40527892113	-1
5.40527892113	-1
5.41089892387	-1
5.41089892387	-1
5.41089892387	-1
5.41274881363	-1
5.41274881363	-1
5.41569685936	-1
5.41569685936	-1
5.41569685936	-1
5.42221093178	-1
5.42221093178	-1
5.42225790024	-1
5.42225790024	-1
5.42225790024	-1
5.43804001808	-1
5.43804001808	-1
5.44623088837	-1
5.44623088837	-1
5.44623088837	-1
5.46196484566	1
5.50922679901	-1
5.50922679901	-1
5.50922679901	-1
5.50955581665	-1
5.50955581665	-1
5.51101398468	-1
5.51101398468	-1
5.51101398468	-1
5.51247501373	-1
5.51247501373	-1
5.53797984123	-1
5.53797984123	-1
5.53797984123	-1
5.54765701294	-1
5.54765701294	-1
5.576130867	1
5.576130867	1
5.62646698952	-1
5.62646698952	-1
5.62646698952	-1
5.63617396355	-1
5.63617396355	-1
5.64997792244	-1
5.64997792244	-1
5.64997792244	-1
5.65807890892	-1
5.65807890892	-1
5.66981887817	-1
5.66981887817	-1
5.66981887817	-1
5.67279696465	-1
5.67279696465	-1
5.69041895866	-1
5.69043588638	1
5.7168238163	-1
5.7168238163	-1
5.7168238163	-1
5.72313284874	-1
5.72313284874	-1
5.73523402214	-1
5.73523402214	-1
5.73523402214	-1
5.73967790604	-1
5.73967790604	-1
5.74887299538	-1
5.74887299538	-1
5.74887299538	-1
5.75485301018	-1
5.75485301018	-1
5.76206088066	-1
5.76206088066	-1
5.76206088066	-1
5.80448579788	-1
5.80448579788	-1
5.81689500809	1
5.83903694153	-1
5.83903694153	-1
5.83903694153	-1
5.8482708931	-1
5.8482708931	-1
5.96236085892	1
6.0766890049	-1
6.23699593544	-1
6.24418497086	-1
6.24418497086	-1
6.24418497086	-1
6.31221580505	-1
6.31221580505	-1
6.31559181213	-1
6.31559181213	-1
6.31559181213	-1
6.31635284424	-1
6.31635284424	-1
6.31698799133	-1
6.31698799133	-1
6.31698799133	-1
6.31737589836	-1
6.31737589836	-1
6.35836982727	-1
6.42547082901	1
6.43079185486	1
6.43079185486	1
6.43079185486	1
6.43218779564	-1
6.43218779564	-1
6.43218779564	-1
6.43587398529	-1
6.43587398529	-1
6.43917298317	-1
6.43917298317	-1
6.43917298317	-1
6.44112586975	-1
6.44112586975	-1
6.47290802002	-1
6.47290802002	-1
6.51894497871	-1
6.51894497871	-1
6.51894497871	-1
6.52455592155	-1
6.52455592155	-1
6.5288579464	-1
6.5288579464	-1
6.5288579464	-1
6.55347299576	-1
6.55347299576	-1
6.63315582275	-1
6.70068788528	1
6.70068788528	1
6.74757099152	-1
7.01436686516	-1
7.16498494148	-1
7.17475485802	1
7.2888109684	1
7.427079916	1
7.51494884491	-1
7.60713791847	1
7.6073448658	1
7.6073448658	1
7.6073448658	1
7.6073448658	1
7.61024188995	1
7.61024188995	1
7.61024188995	1
7.61024188995	1
7.61024188995	1
7.61024188995	1
7.61024188995	1
7.61024188995	1
7.61024188995	1
7.61033082008	1
7.61046981812	1
7.61046981812	1
7.61046981812	1
7.61046981812	1
7.904515028	-1
