0.0	1
0.250579118729	1
0.280210018158	-1
0.364705085754	1
0.534924983978	-1
0.536540985107	1
0.650850057602	1
0.660726070404	-1
0.686282157898	-1
0.686282157898	-1
0.686282157898	-1
0.702908039093	-1
0.702908039093	-1
0.702908039093	-1
0.702908039093	-1
0.702908039093	-1
0.705564975739	1
0.705564975739	1
0.705564975739	1
0.953555107117	1
0.987461090088	-1
0.988965988159	1
0.988965988159	1
0.988965988159	1
1.10338807106	-1
1.22096705437	1
1.26279401779	-1
1.3443980217	1
1.37149810791	-1
1.37149810791	-1
1.37149810791	-1
1.37921619415	-1
1.37921619415	-1
1.37921619415	-1
1.37921619415	-1
1.37921619415	-1
1.37921619415	-1
1.37921619415	-1
1.47593712807	-1
1.47593712807	-1
1.47596907616	1
1.52857613564	-1
1.52857613564	-1
1.52857613564	-1
1.52857613564	-1
1.52857613564	-1
1.52857613564	-1
1.52857613564	-1
1.52857613564	-1
1.52857613564	-1
1.62892818451	1
1.62892818451	1
1.6390080452	-1
1.6390080452	-1
1.6476111412	-1
1.6476111412	-1
1.6476111412	-1
1.6476111412	-1
1.6476111412	-1
1.6476111412	-1
1.6476111412	-1
1.75696396828	1
1.78322815895	-1
1.78322815895	-1
1.78322815895	-1
1.78322815895	-1
1.78322815895	-1
1.78322815895	-1
1.78322815895	-1
1.78322815895	-1
1.78322815895	-1
1.98544716835	-1
1.98659896851	1
2.09987902641	-1
2.25085306168	-1
2.25856304169	1
2.37293410301	-1
2.37293410301	-1
2.38660907745	1
2.53690099716	1
2.6589050293	-1
2.81081819534	-1
2.82463312149	1
2.82685399055	1
2.82685399055	1
2.82685399055	1
2.93889307976	-1
3.05312108994	-1
3.05315303802	1
3.16747117043	-1
3.16747117043	-1
3.27881217003	-1
3.27881217003	-1
3.27881217003	-1
3.27963399887	1
3.31891107559	-1
4.00050497055	-1
4.02837705612	-1
4.02837705612	-1
4.02837705612	-1
4.11517620087	-1
4.13094711304	1
4.13687515259	1
4.13687515259	1
4.13687515259	1
4.24494314194	1
4.30880403519	-1
4.32670998573	-1
4.32670998573	-1
4.32670998573	-1
4.3401350975	-1
4.3401350975	-1
4.3401350975	-1
4.3477191925	-1
4.3477191925	-1
4.36852216721	-1
4.36852216721	-1
4.36852216721	-1
4.60231018066	-1
4.62078309059	-1
4.62078309059	-1
4.62078309059	-1
4.63597512245	-1
4.63597512245	-1
4.63597512245	-1
4.65571904182	-1
4.65571904182	-1
4.65717506409	1
4.67558217049	-1
4.67558217049	-1
4.67558217049	-1
4.69429898262	-1
4.69429898262	-1
4.69429898262	-1
4.71559715271	-1
4.71559715271	-1
4.71559715271	-1
4.73867702484	-1
4.73867702484	-1
4.73867702484	-1
4.75528597832	-1
4.75528597832	-1
4.75528597832	-1
4.77492308617	-1
4.77492308617	-1
4.77492308617	-1
4.77496314049	1
4.79042005539	-1
4.79042005539	-1
4.79042005539	-1
4.80873608589	-1
4.8309340477	-1
4.8309340477	-1
4.92886400223	1
4.92886400223	1
4.94225406647	-1
4.94225406647	-1
4.94225406647	-1
4.95939517021	-1
4.95939517021	-1
4.96244215965	1
4.96244215965	1
4.96244215965	1
4.96244215965	1
4.96244215965	1
4.96244215965	1
4.96244215965	1
4.96244215965	1
4.96244215965	1
4.96244215965	1
4.96254205704	1
4.96254205704	1
4.97564601898	-1
4.97564601898	-1
4.97564601898	-1
5.09741997719	-1
5.09741997719	-1
5.10064005852	1
5.10064005852	1
5.10064005852	1
5.10064005852	1
5.10064005852	1
5.10064005852	1
5.10064005852	1
5.10064005852	1
5.10064005852	1
5.10064005852	1
5.10082316399	1
5.10082316399	1
5.10082316399	1
5.13213205338	-1
5.13213205338	-1
5.13213205338	-1
5.13364005089	1
5.14902114868	-1
5.14902114868	-1
5.21506905556	-1
5.21725416183	1
5.21725416183	1
5.21725416183	1
5.21725416183	1
5.21725416183	1
5.21725416183	1
5.27291512489	-1
5.27291512489	-1
5.27291512489	-1
5.28778505325	-1
5.28778505325	-1
5.32962918282	-1
5.32962918282	-1
5.39260411263	-1
5.39260411263	-1
5.39260411263	-1
5.39260411263	-1
5.39260411263	-1
5.39260411263	-1
5.39260411263	-1
5.41768598557	-1
5.43228816986	-1
5.43228816986	-1
5.43228816986	-1
5.43228816986	-1
5.43228816986	-1
5.44049406052	-1
5.45934510231	-1
5.45934510231	-1
5.45934510231	-1
5.47534608841	1
5.47557210922	1
5.47557210922	1
5.47557210922	1
5.47557210922	1
5.47557210922	1
5.47557210922	1
5.47557210922	1
5.47557210922	1
5.47568416595	1
5.47568416595	1
5.47568416595	1
5.47568416595	1
5.48907613754	-1
5.48907613754	-1
5.48907613754	-1
5.50898218155	-1
5.50898218155	-1
5.52550816536	-1
5.52550816536	-1
5.52550816536	-1
5.54329109192	-1
5.54329109192	-1
5.54329109192	-1
5.55834102631	-1
5.57519602776	-1
5.57519602776	-1
5.57519602776	-1
5.59880805016	1
5.61379218102	-1
5.61379218102	-1
5.61379218102	-1
5.63453817368	-1
5.63453817368	-1
5.65274119377	-1
5.65274119377	-1
5.65274119377	-1
5.67031002045	-1
5.67031002045	-1
5.67031002045	-1
5.68944001198	-1
5.7104780674	-1
5.7104780674	-1
5.7104780674	-1
5.73293614388	-1
5.73293614388	-1
5.73375511169	1
5.76353406906	-1
5.76353406906	-1
5.76353406906	-1
5.77958703041	-1
5.77958703041	-1
5.81458497047	-1
5.81458497047	-1
5.81458497047	-1
5.81744813919	1
5.81744813919	1
5.81744813919	1
5.84177899361	-1
5.84177899361	-1
5.84177899361	-1
5.88469815254	1
5.89025211334	-1
5.89025211334	-1
5.89025211334	-1
5.91511201859	-1
5.91511201859	-1
5.91511201859	-1
5.93061518669	-1
5.93061518669	-1
5.93061518669	-1
5.93989014626	-1
5.95602798462	-1
5.97468519211	-1
5.97468519211	-1
5.97468519211	-1
5.98814201355	-1
5.98814201355	-1
6.0027410984	-1
6.0027410984	-1
6.0027410984	-1
6.00278019905	1
6.00278019905	1
6.0172021389	-1
6.0172021389	-1
6.0172021389	-1
6.03405499458	-1
6.03405499458	-1
6.03405499458	-1
6.04961919785	-1
6.04961919785	-1
6.04961919785	-1
6.06335902214	-1
6.08359313011	-1
6.08359313011	-1
6.08359313011	-1
6.08359313011	-1
6.10902619362	-1
6.10902619362	-1
6.10902619362	-1
6.12649512291	-1
6.12649512291	-1
6.12653517723	1
6.12653517723	1
6.14976501465	-1
6.14976501465	-1
6.14976501465	-1
6.14976501465	-1
6.1706969738	-1
6.19092011452	-1
6.19092011452	-1
6.19092011452	-1
6.19092011452	-1
6.20324611664	-1
6.22575616837	-1
6.22575616837	-1
6.22575616837	-1
6.22767019272	1
6.22767019272	1
6.22767019272	1
6.22785305977	1
6.22785305977	1
6.22785305977	1
6.22785305977	1
6.22785305977	1
6.22785305977	1
6.24471712112	-1
6.24471712112	-1
6.2623090744	-1
6.2623090744	-1
6.2623090744	-1
6.26560616493	1
6.26560616493	1
6.26560616493	1
6.26560616493	1
6.27858901024	-1
6.27858901024	-1
6.27858901024	-1
6.28555512428	1
6.28555512428	1
6.2938079834	-1
6.2938079834	-1
6.30889201164	-1
6.30889201164	-1
6.30889201164	-1
6.32879304886	-1
6.32879304886	-1
6.32879304886	-1
6.33364701271	1
6.33364701271	1
6.34625411034	-1
6.34625411034	-1
6.34625411034	-1
6.36701607704	-1
6.36701607704	-1
6.36701607704	-1
6.38417601585	-1
6.38417601585	-1
6.38417601585	-1
6.39216303825	-1
6.40860915184	-1
6.40860915184	-1
6.40860915184	-1
6.42096710205	-1
6.42096710205	-1
6.43770718575	-1
6.43770718575	-1
6.43770718575	-1
6.4539501667	-1
6.4539501667	-1
6.4539501667	-1
6.47086215019	-1
6.47086215019	-1
6.47086215019	-1
6.48843598366	-1
6.48843598366	-1
6.48843598366	-1
6.48846697807	1
6.51022601128	-1
6.51022601128	-1
6.51022601128	-1
6.5224711895	-1
6.55406713486	-1
6.55406713486	-1
6.55406713486	-1
6.58607816696	-1
6.58607816696	-1
6.58607816696	-1
6.60419917107	-1
6.60419917107	-1
6.6050760746	1
6.62222003937	-1
6.62222003937	-1
6.62222003937	-1
6.63858413696	-1
6.63858413696	-1
6.63858413696	-1
6.65550112724	-1
6.65550112724	-1
6.65550112724	-1
6.67034697533	-1
6.67034697533	-1
6.67034697533	-1
6.6867711544	-1
6.6867711544	-1
6.6867711544	-1
6.70641207695	-1
6.70641207695	-1
6.70641207695	-1
6.72209501266	-1
6.72209501266	-1
6.73683905602	-1
6.73683905602	-1
6.73683905602	-1
6.74433398247	-1
6.74433398247	-1
6.75633811951	-1
6.75633811951	-1
6.75633811951	-1
6.77048802376	-1
6.77048802376	-1
6.79420018196	-1
6.79420018196	-1
6.79420018196	-1
6.81625699997	-1
6.81625699997	-1
6.81625699997	-1
6.83493304253	-1
6.83493304253	-1
6.85195708275	-1
6.85195708275	-1
6.85195708275	-1
6.89810299873	-1
6.89810299873	-1
6.90811419487	-1
6.90811419487	-1
6.90811419487	-1
6.92859911919	-1
6.92859911919	-1
6.92859911919	-1
6.96012616158	-1
6.96012616158	-1
6.96012616158	-1
6.96012616158	-1
6.970952034	-1
7.00200510025	-1
7.00200510025	-1
7.00200510025	-1
7.02128815651	-1
7.02128815651	-1
7.02128815651	-1
7.04457211494	-1
7.04457211494	-1
7.04457211494	-1
7.08434104919	-1
7.08434104919	-1
7.08434104919	-1
7.08434104919	-1
7.08541917801	1
7.10009098053	-1
7.13844919205	-1
7.13844919205	-1
7.13844919205	-1
7.13844919205	-1
7.16257309914	-1
7.16257309914	-1
7.16257309914	-1
7.18640899658	-1
7.18640899658	-1
7.18640899658	-1
7.2077691555	-1
7.2077691555	-1
7.20858001709	1
7.22689604759	-1
7.22689604759	-1
7.22689604759	-1
7.23629403114	-1
7.23629403114	-1
7.25579214096	-1
7.25579214096	-1
7.25579214096	-1
7.27675914764	-1
7.29717612267	-1
7.29717612267	-1
7.29717612267	-1
7.31426000595	-1
7.31426000595	-1
7.31426000595	-1
7.33346509933	-1
7.33346509933	-1
7.34200406075	-1
7.34200406075	-1
7.34200406075	-1
7.34200406075	-1
7.35154819489	-1
7.37008118629	-1
7.37008118629	-1
7.37008118629	-1
7.38933110237	-1
7.38933110237	-1
7.38933110237	-1
7.41333198547	-1
7.41333198547	-1
7.41333198547	-1
7.43987298012	-1
7.43987298012	-1
7.43987298012	-1
7.46631097794	-1
7.46631097794	-1
7.46714019775	1
7.49235916138	-1
7.49235916138	-1
7.49235916138	-1
7.50208711624	-1
7.50208711624	-1
7.50208711624	-1
7.54758906364	-1
7.54758906364	-1
7.54758906364	-1
7.56684207916	-1
7.56684207916	-1
7.56684207916	-1
7.5863339901	-1
7.5863339901	-1
7.5863339901	-1
7.6052980423	-1
7.6052980423	-1
7.60610699654	1
7.6175661087	-1
7.6175661087	-1
7.63927102089	-1
7.63927102089	-1
7.63927102089	-1
7.65886998177	-1
7.67270517349	-1
7.67270517349	-1
7.67270517349	-1
7.69231820107	-1
7.69231820107	-1
7.69231820107	-1
7.70331096649	-1
7.70331096649	-1
7.70331096649	-1
7.70331096649	-1
7.70331096649	-1
7.72747898102	-1
7.72747898102	-1
7.72747898102	-1
7.73999214172	-1
7.73999214172	-1
7.74307107925	1
7.773884058	-1
7.773884058	-1
7.773884058	-1
7.7869040966	-1
7.8078751564	-1
7.8078751564	-1
7.8078751564	-1
7.8078751564	-1
7.83566403389	-1
7.83566403389	-1
7.8365881443	1
7.8365881443	1
7.8365881443	1
7.84363913536	1
7.84363913536	1
7.86463904381	-1
7.86463904381	-1
7.90144705772	-1
7.90144705772	-1
7.92165613174	-1
7.92165613174	-1
7.92165613174	-1
7.95301198959	-1
7.95301198959	-1
7.95301198959	-1
7.97973513603	1
7.98022413254	-1
7.98022413254	-1
7.98022413254	-1
8.00290107727	-1
8.00290107727	-1
8.00290107727	-1
8.01398015022	-1
8.03586411476	-1
8.07249999046	-1
8.07249999046	-1
8.07249999046	-1
8.07249999046	-1
8.10207700729	-1
8.10207700729	-1
8.11758518219	1
8.12664413452	-1
8.12664413452	-1
8.13594102859	-1
8.13594102859	-1
8.13594102859	-1
8.14998912811	-1
8.16475605965	-1
8.16475605965	-1
8.16475605965	-1
8.19463300705	-1
8.19463300705	-1
8.19463300705	-1
8.19463300705	-1
8.2043800354	-1
8.20549511909	1
8.20549511909	1
8.20549511909	1
8.22223711014	-1
8.22223711014	-1
8.22223711014	-1
8.23910307884	-1
8.23910307884	-1
8.23914217949	1
8.26013898849	-1
8.26013898849	-1
8.26013898849	-1
8.27804303169	-1
8.27804303169	-1
8.3043050766	-1
8.3043050766	-1
8.3043050766	-1
8.30570197105	1
8.30570197105	1
8.30570197105	1
8.32053399086	-1
8.32053399086	-1
8.32053399086	-1
8.32903313637	-1
8.32903313637	-1
8.35224103928	-1
8.35224103928	-1
8.35224103928	-1
8.35390400887	1
8.35390400887	1
8.3617811203	1
8.3617811203	1
8.3617811203	1
8.3617811203	1
8.36869215965	-1
8.36869215965	-1
8.38324213028	-1
8.38324213028	-1
8.38324213028	-1
8.39113712311	-1
8.39113712311	-1
8.41648602486	-1
8.41648602486	-1
8.41648602486	-1
8.41648602486	-1
8.45093798637	-1
8.45093798637	-1
8.45093798637	-1
8.45204520226	1
8.45204520226	1
8.45204520226	1
8.47873210907	-1
8.47873210907	-1
8.49990701675	-1
8.49990701675	-1
8.49990701675	-1
8.49994707108	1
8.53117799759	-1
8.53117799759	-1
8.53266215324	-1
8.53301906586	1
8.53301906586	1
8.53301906586	1
8.55827212334	-1
8.55827212334	-1
8.55827212334	-1
8.57353496552	1
8.57353496552	1
8.57739710808	-1
8.57739710808	-1
8.59957718849	-1
8.59957718849	-1
8.59957718849	-1
8.61731219292	-1
8.61731219292	-1
8.61731219292	-1
8.63679003716	-1
8.63679003716	-1
8.63679003716	-1
8.64697909355	-1
8.66300010681	-1
8.66300010681	-1
8.66300010681	-1
8.67401409149	-1
8.67401409149	-1
8.67401409149	-1
8.68778610229	-1
8.68778610229	-1
8.70052409172	-1
8.70052409172	-1
8.70052409172	-1
8.71535015106	-1
8.71535015106	-1
8.71535015106	-1
8.72894906998	-1
8.72894906998	-1
8.74657416344	-1
8.74657416344	-1
8.74657416344	-1
8.74660801888	1
8.74660801888	1
8.76121616364	-1
8.77186703682	-1
8.77186703682	-1
8.77186703682	-1
8.79204797745	-1
8.79204797745	-1
8.79204797745	-1
8.7988140583	-1
8.7988140583	-1
8.81225609779	-1
8.81225609779	-1
8.81225609779	-1
8.82474708557	-1
8.82474708557	-1
8.84477519989	-1
8.84477519989	-1
8.84477519989	-1
8.84477519989	-1
8.85288500786	-1
8.88427901268	-1
8.88427901268	-1
8.88427901268	-1
8.88429808617	1
8.88429808617	1
8.90682005882	-1
8.90682005882	-1
8.90682005882	-1
8.92487215996	-1
8.92487215996	-1
8.92487215996	-1
8.93876409531	-1
8.93876409531	-1
8.96286797523	-1
8.96286797523	-1
8.96286797523	-1
8.96286797523	-1
8.96982216835	-1
8.98731899261	-1
8.98731899261	-1
8.98731899261	-1
8.99475312233	-1
8.99475312233	-1
9.01935100555	-1
9.01935100555	-1
9.01935100555	-1
9.04550218582	-1
9.04550218582	-1
9.04550218582	-1
9.04550218582	-1
9.06378698349	-1
9.06378698349	-1
9.08307719231	-1
9.08307719231	-1
9.10679197311	-1
9.10679197311	-1
9.11340713501	-1
9.11340713501	-1
9.11340713501	-1
9.13535904884	-1
9.13535904884	-1
9.14336705208	-1
9.14336705208	-1
9.14336705208	-1
9.15993404388	-1
9.15993404388	-1
9.15993404388	-1
9.16806411743	-1
9.16806411743	-1
9.18692612648	-1
9.18692612648	-1
9.18692612648	-1
9.20218300819	-1
9.20218300819	-1
9.22018408775	-1
9.22018408775	-1
9.22018408775	-1
9.23877716064	-1
9.23877716064	-1
9.23959898949	1
9.24975609779	-1
9.24975609779	-1
9.26906704903	-1
9.26906704903	-1
9.26906704903	-1
9.29347515106	-1
9.29347515106	-1
9.29347515106	-1
9.3164730072	-1
9.3164730072	-1
9.3164730072	-1
9.34200906754	-1
9.34200906754	-1
9.36398601532	-1
9.36398601532	-1
9.36402201653	1
9.38325309753	-1
9.3953371048	-1
9.3953371048	-1
9.3953371048	-1
9.43625211716	-1
9.43625211716	-1
9.43625211716	-1
9.46730709076	-1
9.46730709076	-1
9.46730709076	-1
9.49406409264	-1
9.49406409264	-1
9.49406409264	-1
9.50743699074	-1
9.53928017616	-1
9.53928017616	-1
9.53928017616	-1
9.56346511841	-1
9.56346511841	-1
9.56346511841	-1
9.59088611603	-1
9.59088611603	-1
9.59088611603	-1
9.60169911385	-1
9.60169911385	-1
9.62887501717	-1
9.62887501717	-1
9.65338897705	-1
9.67155599594	-1
9.67155599594	-1
9.67155599594	-1
9.70261907578	-1
9.70261907578	-1
9.70261907578	-1
9.70345497131	1
9.72653698921	-1
9.72653698921	-1
9.75012803078	-1
9.75012803078	-1
9.75012803078	-1
9.76393318176	-1
9.76393318176	-1
9.78570103645	-1
9.81865811348	-1
9.81865811348	-1
9.81865811348	-1
9.84988808632	-1
9.84988808632	-1
9.84988808632	-1
9.89289808273	-1
9.89289808273	-1
9.93091607094	-1
9.93091607094	-1
9.93091607094	-1
9.95377612114	-1
9.95377612114	-1
9.95536017418	1
9.99276518822	-1
9.99276518822	-1
9.99276518822	-1
10.0130660534	-1
10.0130660534	-1
10.0130660534	-1
10.0565390587	-1
10.0565390587	-1
10.0565390587	-1
10.0744509697	-1
10.0744509697	-1
10.0744981766	1
10.0744981766	1
10.0859181881	-1
10.0859181881	-1
10.0859181881	-1
10.0859181881	-1
10.0859181881	-1
10.0859181881	-1
10.1081120968	-1
10.1081120968	-1
10.139247179	-1
10.139247179	-1
10.139247179	-1
10.160708189	-1
10.160708189	-1
10.160708189	-1
10.1952271461	-1
10.1952271461	-1
10.1952271461	-1
10.2080011368	1
10.2174119949	-1
10.2174119949	-1
10.2174119949	-1
10.2391560078	-1
10.2391560078	-1
10.2391560078	-1
10.2630460262	-1
10.2630460262	-1
10.2862169743	-1
10.2993721962	-1
10.2993721962	-1
10.2993721962	-1
10.2993721962	-1
10.2993721962	-1
10.2993721962	-1
10.3233261108	-1
10.3233261108	-1
10.3233261108	-1
10.3233680725	1
10.3233680725	1
10.3441340923	-1
10.3441340923	-1
10.3441340923	-1
10.3634660244	-1
10.3634660244	-1
10.3634660244	-1
10.3725600243	-1
10.4001431465	-1
10.4001431465	-1
10.4001431465	-1
10.4208090305	-1
10.4208090305	-1
10.4208090305	-1
10.4562530518	-1
10.4562530518	-1
10.4562530518	-1
10.4562530518	-1
10.4562849998	1
10.4682130814	-1
10.4962251186	-1
10.4962251186	-1
10.4962251186	-1
10.5154030323	-1
10.5154030323	-1
10.5154030323	-1
10.5350821018	-1
10.5451991558	-1
10.5451991558	-1
10.5451991558	-1
10.5664980412	-1
10.5664980412	-1
10.5664980412	-1
10.5928471088	-1
10.5928471088	-1
10.5936820507	1
10.6283771992	-1
10.6283771992	-1
10.6283771992	-1
10.6364440918	-1
10.6364440918	-1
10.6493849754	-1
10.6778950691	-1
10.6778950691	-1
10.6778950691	-1
10.6778950691	-1
10.6945641041	-1
10.6945641041	-1
10.6945641041	-1
10.7034502029	-1
10.7195870876	-1
10.7195870876	-1
10.7195870876	-1
10.7361130714	-1
10.7361130714	-1
10.7361130714	-1
10.7519021034	-1
10.7519021034	-1
10.7684099674	-1
10.7684099674	-1
10.7693021297	1
10.7921850681	-1
10.7921850681	-1
10.8039190769	-1
10.8039190769	-1
10.8039190769	-1
10.8236470222	-1
10.8236470222	-1
10.8236470222	-1
10.8482410908	-1
10.8482410908	-1
10.9001681805	-1
10.9001681805	-1
10.9001681805	-1
10.9001681805	-1
10.9001681805	-1
10.918035984	-1
10.919465065	1
10.9423890114	-1
10.9423890114	-1
10.9423890114	-1
10.9423890114	-1
10.9423890114	-1
10.9507441521	-1
10.9542691708	1
10.9542691708	1
10.9542691708	1
11.1679451466	-1
11.2208251953	-1
11.2208251953	-1
11.2208251953	-1
11.2346551418	1
11.2409760952	-1
11.2409760952	-1
11.2409760952	-1
11.2409760952	-1
11.2409760952	-1
11.2409760952	-1
11.2409760952	-1
11.2409760952	-1
11.2493910789	-1
11.2493910789	-1
11.2493910789	-1
11.2493910789	-1
11.2493910789	-1
11.2493910789	-1
11.2493910789	-1
11.2607569695	-1
11.2607569695	-1
11.2607569695	-1
11.2607569695	-1
11.2607569695	-1
11.2607569695	-1
11.2607569695	-1
11.2811939716	-1
11.2811939716	-1
11.3188769817	-1
11.3188769817	-1
11.3490691185	-1
11.3490691185	-1
11.3490691185	-1
11.3490691185	-1
11.3490691185	-1
11.3490691185	-1
11.3491079807	1
11.4633769989	-1
11.4660789967	1
11.6165289879	1
11.6165289879	1
11.6537230015	-1
11.6696951389	-1
11.6696951389	-1
11.6696951389	-1
11.7984800339	1
11.9126541615	-1
11.9127011299	1
11.9127011299	1
12.0270349979	-1
12.0270531178	1
12.0270531178	1
12.16603899	-1
12.2698860168	1
12.270263195	1
12.270263195	1
12.270263195	1
12.2708110809	1
12.2708110809	1
12.2708110809	1
12.2708110809	1
12.2708110809	1
12.2713930607	1
12.2713930607	1
12.2713930607	1
12.2713930607	1
12.2713930607	1
12.2713930607	1
12.2732331753	1
12.2732331753	1
12.2732331753	1
12.2732331753	1
12.3267970085	-1
12.4787151814	-1
