0.0	1
0.250096797943	1
0.461126804352	-1
0.462714910507	1
0.745520830154	-1
0.74634885788	1
0.749785900116	1
0.749785900116	1
0.749785900116	1
0.915196895599	1
0.98898601532	1
0.98898601532	1
1.45636701584	-1
1.45805001259	1
1.61570882797	-1
1.6172068119	1
1.6914768219	-1
1.6914768219	-1
1.69289398193	1
1.80625200272	1
2.00535583496	-1
2.11909294128	-1
2.14890980721	-1
2.14890980721	-1
2.14890980721	-1
2.14890980721	-1
2.14890980721	-1
2.14890980721	-1
2.14890980721	-1
2.20551490784	1
2.26709485054	-1
2.26709485054	-1
2.34383487701	-1
2.34383487701	-1
2.34383487701	-1
2.34383487701	-1
2.34383487701	-1
2.34383487701	-1
2.45657396317	1
2.4567937851	-1
2.4567937851	-1
2.53083586693	-1
2.53083586693	-1
2.53566789627	-1
2.53566789627	-1
2.53566789627	-1
2.53566789627	-1
2.53566789627	-1
2.53566789627	-1
2.53566789627	-1
2.67971396446	-1
2.68031382561	1
2.7541949749	-1
2.7839319706	-1
2.7839319706	-1
2.7839319706	-1
2.7839319706	-1
2.7839319706	-1
2.7839319706	-1
2.7839319706	-1
2.93272686005	-1
2.93398690224	1
3.07829189301	-1
3.35926389694	-1
3.60765981674	-1
3.61380791664	1
4.03607583046	-1
4.34006690979	-1
4.35613894463	1
4.35839796066	1
4.35839796066	1
4.35839796066	1
4.95687699318	-1
5.11248397827	-1
5.18755078316	-1
5.18755078316	-1
5.26131296158	-1
6.69432592392	1
6.7681210041	1
7.69359183311	1
8.56362390518	-1
8.71266579628	-1
9.76463198662	-1
20.081140995	-1
20.2285859585	-1
20.3038208485	-1
20.305066824	1
20.3776888847	-1
20.3789579868	1
75.1548838615	1
