0.0	1
0.249897956848	1
0.491797924042	-1
0.493312120438	1
0.744488954544	-1
0.745283126831	1
0.748852014542	1
0.748852014542	1
0.748852014542	1
0.904968976974	1
0.978866100311	1
0.978866100311	1
1.31881904602	-1
1.32048797607	1
1.49513196945	-1
1.4965441227	1
1.63848495483	-1
1.63967394829	1
1.78187608719	-1
1.78299498558	1
1.85699105263	-1
1.96954298019	-1
1.97073793411	1
2.07119703293	-1
2.18186306953	-1
2.21218800545	-1
2.21218800545	-1
2.21218800545	-1
2.21218800545	-1
2.21218800545	-1
2.21218800545	-1
2.21218800545	-1
2.26843309402	1
2.32972407341	-1
2.32972407341	-1
2.3567969799	-1
2.3567969799	-1
2.3567969799	-1
2.3567969799	-1
2.3567969799	-1
2.3567969799	-1
2.3567969799	-1
2.50487613678	-1
2.50487613678	-1
2.513890028	1
2.53559494019	-1
2.53559494019	-1
2.53559494019	-1
2.53559494019	-1
2.53559494019	-1
2.53559494019	-1
2.53559494019	-1
2.53559494019	-1
2.54376292229	-1
2.54376292229	-1
2.54376292229	-1
2.54376292229	-1
2.54376292229	-1
2.54376292229	-1
2.54376292229	-1
2.54376292229	-1
2.61737012863	1
2.67546010017	-1
2.76463794708	1
2.81912112236	-1
2.83836698532	1
3.17751693726	-1
3.43121099472	-1
3.53847408295	-1
3.5459959507	1
3.61236190796	-1
3.61236190796	-1
3.62086796761	1
3.99696707726	-1
4.14093208313	-1
4.16145300865	1
4.16367506981	1
4.16367506981	1
4.16367506981	1
4.78711891174	-1
4.82756209373	-1
4.82756209373	-1
4.82756209373	-1
4.82756209373	-1
4.82756209373	-1
4.84302592278	-1
4.86516404152	1
4.87704610825	1
4.87704610825	1
4.87704610825	1
4.89617991447	-1
4.89617991447	-1
4.89617991447	-1
4.89617991447	-1
4.89617991447	-1
4.89617991447	-1
4.89617991447	-1
4.89877796173	1
4.89877796173	1
4.93880295753	1
4.97284603119	-1
5.02718997002	-1
5.02718997002	-1
5.02718997002	-1
5.02718997002	-1
5.02718997002	-1
5.02718997002	-1
5.02718997002	-1
5.0452580452	1
5.10541605949	1
5.10541605949	1
5.10541605949	1
5.11667990685	1
5.11667990685	1
5.12724113464	1
5.12724113464	1
5.12724113464	1
5.17948913574	-1
5.17952609062	1
5.25357890129	-1
5.25357890129	-1
5.25559902191	1
5.29636907578	1
5.29636907578	1
5.29636907578	1
5.37115907669	1
5.37115907669	1
5.51231312752	1
5.51951408386	-1
5.58612394333	1
5.66491413116	-1
5.66646409035	1
5.69047093391	-1
5.69047093391	-1
5.69047093391	-1
5.73335313797	-1
5.73335313797	-1
5.73546791077	1
5.73546791077	1
5.73546791077	1
5.73922991753	-1
5.73922991753	-1
5.73922991753	-1
5.73922991753	-1
5.74047398567	1
5.74148797989	1
5.74148797989	1
5.74148797989	1
5.74260306358	1
5.74260306358	1
5.81455302238	-1
5.81455302238	-1
5.92821502686	1
5.92821502686	1
5.94047403336	-1
5.94596290588	-1
5.94596290588	-1
5.94596290588	-1
6.08618211746	-1
6.08618211746	-1
6.08618211746	-1
6.08801007271	1
6.12975811958	-1
6.22738194466	-1
6.22738194466	-1
6.22738194466	-1
6.24194192886	-1
6.24194192886	-1
6.28123092651	1
6.31588411331	-1
6.36182498932	-1
6.36182498932	-1
6.36182498932	-1
6.36182498932	-1
6.36185908318	1
6.37111997604	-1
6.37111997604	-1
6.37111997604	-1
6.37111997604	-1
6.37111997604	-1
6.37111997604	-1
6.37111997604	-1
6.42698597908	-1
6.42698597908	-1
6.42698597908	-1
6.42698597908	-1
6.42698597908	-1
6.44492506981	-1
6.44495797157	1
6.44495797157	1
6.50959610939	-1
6.50959610939	-1
6.50959610939	-1
6.50959610939	-1
6.50959610939	-1
6.50959610939	-1
6.50959610939	-1
6.52438402176	-1
6.52443790436	-1
6.52443790436	-1
6.52443790436	-1
6.52443790436	-1
6.52443790436	-1
6.52443790436	-1
6.52443790436	-1
6.54140090942	-1
6.54140090942	-1
6.54140090942	-1
6.54140090942	-1
6.54140090942	-1
6.54140090942	-1
6.54140090942	-1
6.58360409737	-1
6.5964050293	-1
6.5964050293	-1
6.5964050293	-1
6.5964050293	-1
6.5964050293	-1
6.5964050293	-1
6.5964050293	-1
6.5964050293	-1
6.6469271183	-1
6.6534280777	1
6.65356302261	1
6.65356302261	1
6.65356302261	1
6.66382002831	-1
6.66382002831	-1
6.66382002831	-1
6.66382002831	-1
6.66382002831	-1
6.66382002831	-1
6.66382002831	-1
6.68118596077	-1
6.68129301071	-1
6.68129301071	-1
6.68129301071	-1
6.68129301071	-1
6.68129301071	-1
6.68129301071	-1
6.68129301071	-1
6.82732200623	-1
6.82732200623	-1
6.82732200623	-1
6.82732200623	-1
6.82732200623	-1
6.82732200623	-1
6.82732200623	-1
6.83746290207	-1
6.83756494522	-1
6.83756494522	-1
6.83756494522	-1
6.83756494522	-1
6.83756494522	-1
6.83756494522	-1
6.83756494522	-1
6.90910506248	-1
6.90910506248	-1
6.90910506248	-1
6.90910506248	-1
6.90910506248	-1
6.90910506248	-1
6.90910506248	-1
6.90910506248	-1
6.90932607651	1
6.95406413078	-1
6.95406413078	-1
6.95406413078	-1
6.95406413078	-1
6.95406413078	-1
6.95406413078	-1
6.95406413078	-1
6.95406413078	-1
6.98089313507	-1
6.98094201088	-1
6.98094201088	-1
6.98094201088	-1
6.98094201088	-1
6.98094201088	-1
6.98094201088	-1
6.98094201088	-1
7.0245320797	-1
7.06075811386	-1
7.06075811386	-1
7.06075811386	-1
7.06075811386	-1
7.06075811386	-1
7.06075811386	-1
7.06075811386	-1
7.10854411125	-1
7.10854411125	-1
7.10854411125	-1
7.10854411125	-1
7.10854411125	-1
7.10854411125	-1
7.10854411125	-1
7.10854411125	-1
7.12565898895	-1
7.1257610321	-1
7.1257610321	-1
7.1257610321	-1
7.1257610321	-1
7.1257610321	-1
7.1257610321	-1
7.1257610321	-1
7.21373510361	-1
7.21373510361	-1
7.21373510361	-1
7.21373510361	-1
7.21373510361	-1
7.23206305504	-1
7.23241305351	-1
7.23241305351	-1
7.23241305351	-1
7.23241305351	-1
7.23241305351	-1
7.23241305351	-1
7.24061703682	1
7.24267792702	-1
7.24267792702	-1
7.24267792702	-1
7.24267792702	-1
7.24267792702	-1
7.24267792702	-1
7.24267792702	-1
7.24267792702	-1
7.26766204834	-1
7.26766204834	-1
7.26766204834	-1
7.26778507233	-1
7.26778507233	-1
7.26778507233	-1
7.26778507233	-1
7.26778507233	-1
7.26778507233	-1
7.29341697693	-1
7.29341697693	-1
7.29341697693	-1
7.29341697693	-1
7.29341697693	-1
7.29341697693	-1
7.29341697693	-1
7.29341697693	-1
7.29341697693	-1
7.30641913414	-1
7.30641913414	-1
7.30818295479	-1
7.30818295479	-1
7.30818295479	-1
7.30818295479	-1
7.30818295479	-1
7.30818295479	-1
7.30818295479	-1
7.30818295479	-1
7.31840705872	-1
7.31840705872	-1
7.31840705872	-1
7.31840705872	-1
7.31840705872	-1
7.31840705872	-1
7.31840705872	-1
7.31840705872	-1
7.34266710281	1
7.37459611893	-1
7.37459611893	-1
7.37459611893	-1
7.37459611893	-1
7.37459611893	-1
7.37459611893	-1
7.37459611893	-1
7.37459611893	-1
7.38868308067	-1
7.38880896568	-1
7.38880896568	-1
7.38880896568	-1
7.38880896568	-1
7.38880896568	-1
7.38880896568	-1
7.38880896568	-1
7.38905405998	-1
7.38905405998	-1
7.38905405998	-1
7.38905405998	-1
7.38905405998	-1
7.41069793701	-1
7.41080307961	-1
7.41080307961	-1
7.41080307961	-1
7.41080307961	-1
7.41080307961	-1
7.41080307961	-1
7.41080307961	-1
7.41080307961	-1
7.41104912758	-1
7.41104912758	-1
7.41104912758	-1
7.41104912758	-1
7.41104912758	-1
7.4483590126	1
7.44940090179	-1
7.44940090179	-1
7.44940090179	-1
7.44940090179	-1
7.44940090179	-1
7.44940090179	-1
7.44940090179	-1
7.44940090179	-1
7.44940090179	-1
7.44940090179	-1
7.44975304604	-1
7.44975304604	-1
7.44975304604	-1
7.44975304604	-1
7.44975304604	-1
7.44975304604	-1
7.44975304604	-1
7.44975304604	-1
7.4643471241	-1
7.48620295525	-1
7.48620295525	-1
7.48620295525	-1
7.48620295525	-1
7.48620295525	-1
7.48620295525	-1
7.48620295525	-1
7.48620295525	-1
7.48634195328	-1
7.48634195328	-1
7.48634195328	-1
7.48634195328	-1
7.48634195328	-1
7.48634195328	-1
7.52217411995	1
7.52217411995	1
7.52385592461	-1
7.52385592461	-1
7.52385592461	-1
7.52385592461	-1
7.52385592461	-1
7.52385592461	-1
7.52385592461	-1
7.52385592461	-1
7.52385592461	-1
7.52413105965	-1
7.52413105965	-1
7.52413105965	-1
7.52413105965	-1
7.52413105965	-1
7.52413105965	-1
7.52413105965	-1
7.52413105965	-1
7.5615029335	-1
7.5615029335	-1
7.5615029335	-1
7.5615029335	-1
7.5615029335	-1
7.5615029335	-1
7.5615029335	-1
7.5615029335	-1
7.5615029335	-1
7.5618519783	-1
7.5618519783	-1
7.5618519783	-1
7.5618519783	-1
7.56518912315	-1
7.56518912315	-1
7.59640908241	1
7.59772706032	-1
7.59772706032	-1
7.59772706032	-1
7.59772706032	-1
7.59772706032	-1
7.59772706032	-1
7.59772706032	-1
7.63710808754	-1
7.63710808754	-1
7.6452460289	1
7.6452460289	1
7.6452460289	1
7.64553594589	-1
7.64553594589	-1
7.64553594589	-1
7.64553594589	-1
7.64553594589	-1
7.64553594589	-1
7.64553594589	-1
7.64553594589	-1
7.67546606064	-1
7.67546606064	-1
7.67546606064	-1
7.67546606064	-1
7.67546606064	-1
7.67546606064	-1
7.67546606064	-1
7.69025301933	-1
7.69035696983	-1
7.69035696983	-1
7.69035696983	-1
7.69035696983	-1
7.69035696983	-1
7.69035696983	-1
7.69035696983	-1
7.75799703598	-1
7.75799703598	-1
7.75799703598	-1
7.75799703598	-1
7.75799703598	-1
7.75799703598	-1
7.75799703598	-1
7.75799703598	-1
7.75836610794	-1
7.75944590569	1
7.76370811462	-1
7.76370811462	-1
7.76370811462	-1
7.76370811462	-1
7.76370811462	-1
7.76370811462	-1
7.76370811462	-1
7.76370811462	-1
7.77673411369	-1
7.77673411369	-1
7.77673411369	-1
7.77673411369	-1
7.77673411369	-1
7.77673411369	-1
7.77673411369	-1
7.86765909195	-1
7.86765909195	-1
7.86765909195	-1
7.86765909195	-1
7.86765909195	-1
7.86765909195	-1
7.86765909195	-1
7.86765909195	-1
7.87925100327	-1
7.88055896759	-1
7.88055896759	-1
7.88055896759	-1
7.88055896759	-1
7.88055896759	-1
7.88055896759	-1
7.88055896759	-1
7.89016699791	-1
7.89021611214	-1
7.89021611214	-1
7.89021611214	-1
7.89021611214	-1
7.89021611214	-1
7.89021611214	-1
7.89021611214	-1
7.90814495087	-1
7.94013190269	-1
7.94013190269	-1
7.94013190269	-1
7.94013190269	-1
7.94013190269	-1
7.94013190269	-1
7.94013190269	-1
7.99440097809	-1
7.99450612068	-1
7.99450612068	-1
7.99450612068	-1
7.99450612068	-1
7.99450612068	-1
7.99450612068	-1
7.99450612068	-1
8.00468993187	1
8.02813100815	-1
8.02813100815	-1
8.02813100815	-1
8.02813100815	-1
8.02813100815	-1
8.02813100815	-1
8.02813100815	-1
8.02813100815	-1
8.04791998863	-1
8.04791998863	-1
8.04791998863	-1
8.04791998863	-1
8.04791998863	-1
8.04791998863	-1
8.04791998863	-1
8.04791998863	-1
8.04826211929	-1
8.06441712379	-1
8.06441712379	-1
8.06441712379	-1
8.06441712379	-1
8.06441712379	-1
8.06441712379	-1
8.06441712379	-1
8.12149000168	1
8.14934396744	-1
8.14934396744	-1
8.14934396744	-1
8.14934396744	-1
8.14934396744	-1
8.14934396744	-1
8.14934396744	-1
8.14934396744	-1
8.16250610352	-1
8.16250610352	-1
8.16250610352	-1
8.16250610352	-1
8.16250610352	-1
8.16250610352	-1
8.16250610352	-1
8.16250610352	-1
8.22200012207	-1
8.22200012207	-1
8.22200012207	-1
8.22200012207	-1
8.22200012207	-1
8.22200012207	-1
8.22200012207	-1
8.22200012207	-1
8.22218298912	-1
8.2233979702	1
8.2635910511	-1
8.26900911331	-1
8.26900911331	-1
8.26900911331	-1
8.26900911331	-1
8.26900911331	-1
8.26900911331	-1
8.26900911331	-1
8.28715205193	-1
8.28715205193	-1
8.28715205193	-1
8.28715205193	-1
8.28715205193	-1
8.28715205193	-1
8.28715205193	-1
8.28715205193	-1
8.37272500992	-1
8.37272500992	-1
8.37272500992	-1
8.37272500992	-1
8.37272500992	-1
8.37272500992	-1
8.37272500992	-1
8.48437309265	-1
8.48437309265	-1
8.48437309265	-1
8.48437309265	-1
8.48437309265	-1
8.48437309265	-1
8.48437309265	-1
8.48437309265	-1
8.48437309265	-1
8.48480510712	-1
8.48480510712	-1
8.48480510712	-1
8.48480510712	-1
8.48480510712	-1
8.48480510712	-1
8.48480510712	-1
8.48734498024	-1
8.48761105537	-1
8.48761105537	-1
8.48761105537	-1
8.48761105537	-1
8.48761105537	-1
8.48761105537	-1
8.48761105537	-1
8.51105594635	-1
8.51105594635	-1
8.51105594635	-1
8.51105594635	-1
8.51105594635	-1
8.51105594635	-1
8.51105594635	-1
8.51105594635	-1
8.52776908875	-1
8.52907705307	1
8.60277700424	1
8.61200499535	-1
8.61200499535	-1
8.61200499535	-1
8.61200499535	-1
8.61200499535	-1
8.61200499535	-1
8.61200499535	-1
8.61200499535	-1
8.61214900017	-1
8.61234593391	-1
8.61234593391	-1
8.61234593391	-1
8.61234593391	-1
8.61234593391	-1
8.61234593391	-1
8.61234593391	-1
8.64703512192	-1
8.64726305008	-1
8.64726305008	-1
8.64726305008	-1
8.64726305008	-1
8.64726305008	-1
8.64726305008	-1
8.64726305008	-1
8.6552901268	-1
8.65616798401	-1
8.65616798401	-1
8.65616798401	-1
8.65616798401	-1
8.65616798401	-1
8.65616798401	-1
8.77476000786	-1
8.77506995201	-1
8.77506995201	-1
8.77506995201	-1
8.77506995201	-1
8.77506995201	-1
8.77506995201	-1
8.77506995201	-1
8.7758910656	-1
8.7758910656	-1
8.7758910656	-1
8.7758910656	-1
8.7758910656	-1
8.7758910656	-1
8.7758910656	-1
8.7758910656	-1
8.79706311226	-1
8.79706311226	-1
8.79706311226	-1
8.79706311226	-1
8.79706311226	-1
8.79706311226	-1
8.79706311226	-1
8.79706311226	-1
8.79831790924	1
8.90469813347	-1
8.90469813347	-1
8.90469813347	-1
8.90469813347	-1
8.90469813347	-1
8.90469813347	-1
8.90469813347	-1
8.90469813347	-1
8.90487098694	-1
8.90487098694	-1
8.90487098694	-1
8.90487098694	-1
8.90487098694	-1
8.90487098694	-1
8.90487098694	-1
8.90487098694	-1
8.90529513359	-1
8.94109010696	-1
8.94109010696	-1
8.94109010696	-1
8.94109010696	-1
8.94109010696	-1
8.94109010696	-1
8.94109010696	-1
9.02978801727	-1
9.02978801727	-1
9.02978801727	-1
9.02978801727	-1
9.02978801727	-1
9.02978801727	-1
9.02978801727	-1
9.02978801727	-1
9.08421397209	-1
9.08421397209	-1
9.08421397209	-1
9.08421397209	-1
9.08421397209	-1
9.08421397209	-1
9.08421397209	-1
9.08421397209	-1
9.36798000336	-1
9.36864209175	1
9.42647504807	-1
9.42647504807	-1
9.42647504807	-1
9.42647504807	-1
9.42647504807	-1
9.42647504807	-1
9.42647504807	-1
9.42647504807	-1
9.45536994934	-1
9.45536994934	-1
9.45536994934	-1
9.45536994934	-1
9.45536994934	-1
9.45536994934	-1
9.45536994934	-1
9.45606994629	1
9.48657798767	-1
9.48668193817	-1
9.48668193817	-1
9.48668193817	-1
9.48668193817	-1
9.48668193817	-1
9.48668193817	-1
9.48668193817	-1
9.50836801529	-1
9.50836801529	-1
9.50836801529	-1
9.50836801529	-1
9.50836801529	-1
9.50836801529	-1
9.50836801529	-1
9.50836801529	-1
9.51304507256	-1
9.51304507256	-1
9.51304507256	-1
9.51304507256	-1
9.51304507256	-1
9.51304507256	-1
9.51304507256	-1
9.51304507256	-1
9.60295891762	-1
9.61005210876	-1
9.61005210876	-1
9.61005210876	-1
9.61005210876	-1
9.61005210876	-1
9.61005210876	-1
9.61005210876	-1
9.63921499252	-1
9.63921499252	-1
9.63921499252	-1
9.63921499252	-1
9.63921499252	-1
9.63921499252	-1
9.63921499252	-1
9.63921499252	-1
9.65876293182	-1
9.65876293182	-1
9.65876293182	-1
9.65876293182	-1
9.65876293182	-1
9.65876293182	-1
9.65876293182	-1
9.65876293182	-1
9.68605494499	1
9.72478413582	-1
9.72478413582	-1
9.72478413582	-1
9.72478413582	-1
9.72478413582	-1
9.72478413582	-1
9.72478413582	-1
9.72478413582	-1
9.76170492172	1
9.79900097847	-1
9.79900097847	-1
9.79900097847	-1
9.79900097847	-1
9.79900097847	-1
9.79900097847	-1
9.79900097847	-1
9.79900097847	-1
10.072412014	-1
10.0931389332	-1
10.0931389332	-1
10.0931389332	-1
10.0931389332	-1
10.0931389332	-1
10.0931389332	-1
10.0931389332	-1
10.1229329109	-1
10.1230359077	-1
10.1230359077	-1
10.1230359077	-1
10.2398450375	-1
10.6481249332	1
10.6484079361	1
10.6484079361	1
10.6484079361	1
10.6484079361	1
10.6484079361	1
10.6484079361	1
10.6484079361	1
10.6484079361	1
10.6489560604	1
10.7223200798	1
10.9512519836	-1
11.0906710625	-1
11.0909180641	-1
11.0909180641	-1
11.0909180641	-1
11.0909180641	-1
11.1676781178	1
11.2414131165	1
11.2506740093	1
11.2506740093	1
11.2506740093	1
11.2512891293	1
11.2512891293	1
11.2512891293	1
11.3152470589	1
11.499792099	1
11.5735750198	1
11.9941270351	-1
12.0897021294	-1
12.0897021294	-1
12.0897021294	-1
12.0897021294	-1
12.0897021294	-1
12.0915191174	1
12.1376271248	-1
12.1376271248	-1
12.1376271248	-1
12.1376271248	-1
12.1652710438	1
12.2825489044	-1
12.2825489044	-1
12.2825489044	-1
12.2843830585	1
12.3422629833	-1
12.3422629833	-1
12.3422629833	-1
12.3422629833	-1
12.3422629833	-1
12.3422629833	-1
12.3422629833	-1
12.41832304	1
12.4243409634	-1
12.4243409634	-1
12.4243409634	-1
12.4920771122	1
12.7631621361	-1
12.8099370003	-1
12.8099370003	-1
12.8099370003	-1
12.8099370003	-1
12.8825359344	1
12.9566481113	1
13.025329113	-1
13.1425111294	-1
13.1425111294	-1
13.1425111294	-1
13.1425111294	-1
13.1425111294	-1
13.1805160046	-1
13.1805160046	-1
13.1805160046	-1
13.1805160046	-1
13.1805160046	-1
13.1825671196	1
13.2563230991	1
13.3304641247	-1
13.3304641247	-1
13.347151041	-1
13.347151041	-1
13.347151041	-1
13.7106671333	-1
13.7847571373	-1
13.7928769588	-1
13.7928769588	-1
13.7928769588	-1
13.7928769588	-1
13.7928769588	-1
13.7928769588	-1
13.7928769588	-1
13.7928769588	-1
13.8549599648	-1
13.8552279472	-1
13.8552279472	-1
13.8552279472	-1
13.8552279472	-1
13.8552279472	-1
13.8552279472	-1
13.9683930874	-1
13.9986801147	-1
13.9986801147	-1
13.9986801147	-1
13.9986801147	-1
13.9986801147	-1
13.9986801147	-1
13.9986801147	-1
13.9986801147	-1
13.9986801147	-1
14.1080770493	-1
14.1080770493	-1
14.1080770493	-1
14.1080770493	-1
14.1080770493	-1
14.1080770493	-1
14.1080770493	-1
14.1080770493	-1
14.1415979862	-1
14.1415979862	-1
14.1415979862	-1
14.1415979862	-1
14.1415979862	-1
14.2114439011	1
14.2793431282	-1
14.2850139141	-1
14.2850139141	-1
14.2850139141	-1
14.2850139141	-1
14.2850139141	-1
14.2850139141	-1
14.2850139141	-1
14.2850139141	-1
14.3404810429	-1
14.3404810429	-1
14.3404810429	-1
14.3404810429	-1
14.3404810429	-1
14.3404810429	-1
14.3404810429	-1
14.3404810429	-1
14.3958110809	-1
14.3958110809	-1
14.3958110809	-1
14.3958110809	-1
14.3958110809	-1
14.3958110809	-1
14.3958110809	-1
14.3958110809	-1
14.4285719395	-1
14.4285719395	-1
14.4285719395	-1
14.4285719395	-1
14.4285719395	-1
14.4285719395	-1
14.4285719395	-1
14.4285719395	-1
14.4289169312	-1
14.4307069778	1
14.5055980682	1
14.5792889595	1
14.6545960903	1
14.7283360958	1
14.7283360958	1
14.8655390739	-1
14.9977719784	-1
15.0114600658	1
15.2580399513	1
15.6848900318	-1
15.6907041073	1
15.7646970749	-1
15.7646970749	-1
15.7647299767	1
15.8645730019	-1
15.8658289909	1
16.0286250114	-1
16.6507639885	1
16.7245380878	1
16.74801898	-1
16.7926230431	-1
16.7926230431	-1
16.7926230431	-1
16.8220090866	-1
16.8220090866	-1
16.8510069847	1
16.8741080761	1
16.8741080761	1
16.8741080761	1
16.9922540188	1
16.9922540188	1
16.9922540188	1
16.9927740097	1
16.9927740097	1
17.0650939941	1
17.138876915	1
17.2126460075	1
17.2865660191	1
17.5945289135	-1
17.5961771011	1
17.6706030369	-1
17.6706380844	1
17.7208781242	-1
17.7208781242	-1
17.7208781242	-1
17.7416031361	-1
17.7416031361	-1
17.7416031361	-1
17.7416031361	-1
17.7416031361	-1
17.7416031361	-1
17.7416031361	-1
17.7416031361	-1
17.7444810867	1
17.7444810867	1
17.7964880466	-1
17.7964880466	-1
17.7964880466	-1
17.8185949326	1
17.8798940182	-1
17.8798940182	-1
17.8798940182	-1
17.8939359188	1
18.0154421329	-1
18.1255540848	-1
18.1998720169	-1
18.1998720169	-1
18.2205190659	1
18.2727389336	-1
18.2727389336	-1
18.2727389336	-1
18.2727389336	-1
18.2727389336	-1
18.2727389336	-1
18.2727389336	-1
18.2727389336	-1
18.2793300152	-1
18.2793300152	-1
18.2793300152	-1
18.2793300152	-1
18.2793300152	-1
18.2793300152	-1
18.2793300152	-1
18.3252289295	-1
18.3252289295	-1
18.3267080784	1
18.3288469315	-1
18.3288469315	-1
18.3288469315	-1
18.3288469315	-1
18.3288469315	-1
18.3288469315	-1
18.3288469315	-1
18.4104800224	-1
18.4104800224	-1
18.4104800224	-1
18.4104800224	-1
18.4104800224	-1
18.4104800224	-1
18.4104800224	-1
18.4104800224	-1
18.4104800224	-1
18.4376900196	-1
18.4376900196	-1
18.4376900196	-1
18.4376900196	-1
18.4571669102	-1
18.4584150314	-1
18.4584150314	-1
18.4584150314	-1
18.4584150314	-1
18.4702191353	1
18.5351750851	-1
18.5351750851	-1
18.5351750851	-1
18.5351750851	-1
18.5351750851	-1
18.5384280682	-1
18.5817909241	1
18.5976490974	-1
18.5976490974	-1
18.5976490974	-1
18.7443079948	1
18.9926419258	-1
18.9940130711	1
19.0389521122	-1
19.0389521122	-1
19.0389521122	-1
19.0389521122	-1
19.0389521122	-1
19.0389521122	-1
19.0389521122	-1
19.0389521122	-1
19.0694859028	-1
19.0694859028	-1
19.0694859028	-1
19.0694859028	-1
19.0694859028	-1
19.0694859028	-1
19.0694859028	-1
19.0694859028	-1
19.0694999695	1
19.0848910809	-1
19.1123681068	-1
19.1123681068	-1
19.1123681068	-1
19.1123681068	-1
19.1123681068	-1
19.1123681068	-1
19.1123681068	-1
19.1436440945	1
19.2177250385	-1
19.3562920094	-1
19.492317915	-1
19.4937140942	1
19.6083469391	1
19.6368579865	-1
19.6618070602	1
19.6618070602	1
19.6618070602	1
19.6820850372	1
19.6820850372	1
19.914098978	-1
20.0256669521	-1
20.04220891	1
20.0995950699	-1
20.0995950699	-1
20.25750494	-1
20.293462038	1
20.3331959248	-1
20.4394800663	-1
20.4394800663	-1
20.4394800663	-1
20.4606180191	1
20.5352089405	1
20.6623709202	1
20.7845859528	-1
20.7859640121	1
21.0533070564	-1
21.0545680523	1
21.26415205	-1
21.2943410873	-1
21.2943410873	-1
21.2943410873	-1
21.2943410873	-1
21.2943410873	-1
21.2943410873	-1
21.2943410873	-1
21.3071830273	-1
21.3072199821	-1
21.3072199821	-1
21.3072199821	-1
21.3072199821	-1
21.3072199821	-1
21.3072199821	-1
21.3072199821	-1
21.3194050789	-1
21.3194050789	-1
21.3194050789	-1
21.3194050789	-1
21.3194050789	-1
21.3194050789	-1
21.3194050789	-1
21.3194050789	-1
21.3686649799	-1
21.3686649799	-1
21.3686649799	-1
21.3686649799	-1
21.4113540649	-1
21.4113540649	-1
21.4113540649	-1
21.4113540649	-1
21.4113540649	-1
21.4113540649	-1
21.4113540649	-1
21.4113540649	-1
21.4137151241	-1
21.4137151241	-1
21.4137151241	-1
21.4137151241	-1
21.4137151241	-1
21.4137151241	-1
21.4137151241	-1
21.5224199295	1
21.551707983	-1
21.551707983	-1
21.551707983	-1
21.551707983	-1
21.551707983	-1
21.598263979	1
21.662293911	1
21.662293911	1
21.662293911	1
21.9883849621	-1
22.0847570896	-1
22.08553195	-1
22.08553195	-1
22.08553195	-1
22.08553195	-1
22.1586859226	-1
22.2769489288	-1
22.4842779636	-1
22.6668441296	1
22.667979002	1
22.667979002	1
22.667979002	1
22.667979002	1
22.7812559605	-1
23.0017809868	-1
23.0164330006	1
23.0904200077	1
23.3574209213	-1
23.6682989597	1
23.8066749573	-1
23.8932309151	1
23.8933091164	1
23.8933091164	1
23.8933091164	1
23.8944320679	1
23.8944320679	1
23.8944320679	1
23.8948850632	1
23.8948850632	1
23.8948850632	1
23.8951969147	1
23.8951969147	1
23.8951969147	1
23.895537138	1
23.895596981	1
23.895596981	1
23.895596981	1
23.8963470459	1
23.8963470459	1
23.8963470459	1
23.8963470459	1
23.8963470459	1
23.9677200317	1
23.9677200317	1
23.9677200317	1
23.9683771133	1
23.9683771133	1
23.9683771133	1
23.9683771133	1
23.9683771133	1
23.9683771133	1
23.9683771133	1
