0.0	1
0.250704050064	1
0.638753175735	-1
0.639337062836	1
0.884699106216	-1
0.885459184647	1
0.887582063675	1
0.887582063675	1
0.887582063675	1
0.887582063675	1
0.887631177902	1
0.887631177902	1
1.48310422897	-1
1.48479509354	1
1.62198209763	-1
1.62315917015	1
1.76048922539	-1
1.76048922539	-1
1.76211309433	1
1.92855405807	-1
1.92859315872	1
2.06584405899	-1
2.06588602066	1
2.16891717911	-1
2.16891717911	-1
2.16891717911	-1
2.17167806625	-1
2.17167806625	-1
2.17167806625	-1
2.17167806625	-1
2.17167806625	-1
2.17167806625	-1
2.21777915955	1
2.34026408195	-1
2.35897612572	-1
2.35897612572	-1
2.35897612572	-1
2.35897612572	-1
2.35897612572	-1
2.35897612572	-1
2.35897612572	-1
2.35897612572	-1
2.39123106003	-1
2.40266513824	-1
2.40266513824	-1
2.40266513824	-1
2.40266513824	-1
2.40266513824	-1
2.40266513824	-1
2.40266513824	-1
2.40266513824	-1
2.46793818474	1
2.63343214989	-1
2.63343214989	-1
2.71444511414	-1
2.71444511414	-1
2.71444511414	-1
2.71444511414	-1
2.71444511414	-1
2.71444511414	-1
2.71444511414	-1
2.77173805237	1
2.97958111763	-1
2.98070502281	1
3.19835519791	-1
3.20485401154	1
3.44151902199	-1
3.45575213432	1
3.70401406288	-1
3.94531321526	-1
3.95266318321	1
4.13461709023	-1
4.13730812073	1
4.35061001778	-1
4.62846517563	-1
4.80298113823	-1
4.82021522522	1
4.82247018814	1
4.82247018814	1
4.82247018814	1
5.37661004066	-1
5.59097719193	-1
5.59097719193	-1
5.72798109055	-1
5.8650431633	-1
6.00202608109	-1
6.76231217384	1
6.89950799942	1
7.76241922379	1
8.0118830204	-1
8.51463723183	-1
8.60043001175	-1
8.60043001175	-1
8.60043001175	-1
8.60043001175	-1
8.60043001175	-1
8.60043001175	-1
8.60356616974	1
8.67322516441	1
8.67322516441	1
8.67322516441	1
8.67831802368	-1
8.67831802368	-1
8.67831802368	-1
8.67831802368	-1
8.67831802368	-1
8.67831802368	-1
8.67831802368	-1
8.67831802368	-1
8.67831802368	-1
8.74056601524	1
8.74714708328	-1
8.74714708328	-1
8.74719715118	-1
8.74719715118	-1
8.74719715118	-1
8.74719715118	-1
8.74719715118	-1
8.76871109009	1
8.76871109009	1
8.76871109009	1
8.83621120453	-1
8.83621120453	-1
8.83621120453	-1
8.83621120453	-1
8.83621120453	-1
8.88527607918	-1
8.88527607918	-1
8.88527607918	-1
8.88527607918	-1
8.88527607918	-1
8.88527607918	-1
8.88527607918	-1
8.9077641964	-1
8.9077641964	-1
8.9077641964	-1
8.9077641964	-1
8.9077641964	-1
8.9077641964	-1
8.9077641964	-1
8.97389411926	-1
8.9873251915	-1
8.9873251915	-1
8.9873251915	-1
8.9873251915	-1
8.9873251915	-1
8.9873251915	-1
9.0225880146	-1
9.0225880146	-1
9.0225880146	-1
9.0225880146	-1
9.0225880146	-1
9.0225880146	-1
9.0225880146	-1
9.02263116837	1
9.02263116837	1
9.03618121147	-1
9.0586271286	-1
9.0586271286	-1
9.0586271286	-1
9.0586271286	-1
9.0586271286	-1
9.0586271286	-1
9.0586271286	-1
9.07447600365	-1
9.09864211082	-1
9.09864211082	-1
9.09864211082	-1
9.09864211082	-1
9.09864211082	-1
9.09864211082	-1
9.09864211082	-1
9.09887123108	-1
9.09887123108	-1
9.09887123108	-1
9.09887123108	-1
9.09887123108	-1
9.09887123108	-1
9.09887123108	-1
9.09887123108	-1
9.11872005463	-1
9.11889815331	-1
9.11889815331	-1
9.11889815331	-1
9.11889815331	-1
9.11889815331	-1
9.11889815331	-1
9.11889815331	-1
9.1509270668	-1
9.1509270668	-1
9.1509270668	-1
9.1509270668	-1
9.1509270668	-1
9.1509270668	-1
9.1509270668	-1
9.1509270668	-1
9.17352414131	1
9.17352414131	1
9.1735470295	-1
9.1735470295	-1
9.1735470295	-1
9.1735470295	-1
9.1735470295	-1
9.1735470295	-1
9.1735470295	-1
9.1735470295	-1
9.17396521568	-1
9.17396521568	-1
9.17396521568	-1
9.17396521568	-1
9.17396521568	-1
9.17396521568	-1
9.17396521568	-1
9.17396521568	-1
9.20767116547	-1
9.2559170723	-1
9.2559170723	-1
9.2559170723	-1
9.2559170723	-1
9.2559170723	-1
9.25602316856	-1
9.26146006584	-1
9.26146006584	-1
9.26146006584	-1
9.26146006584	-1
9.26146006584	-1
9.26146006584	-1
9.26146006584	-1
9.26146006584	-1
9.28817105293	-1
9.28817105293	-1
9.28817105293	-1
9.28817105293	-1
9.28817105293	-1
9.28817105293	-1
9.28817105293	-1
9.28839921951	-1
9.28839921951	-1
9.28839921951	-1
9.28839921951	-1
9.28839921951	-1
9.28839921951	-1
9.28839921951	-1
9.28839921951	-1
9.28876709938	-1
9.28876709938	-1
9.28876709938	-1
9.28876709938	-1
9.28876709938	-1
9.28876709938	-1
9.28876709938	-1
9.28904700279	-1
9.28904700279	-1
9.28925800323	-1
9.28925800323	-1
9.28925800323	-1
9.28925800323	-1
9.28925800323	-1
9.28925800323	-1
9.28925800323	-1
9.3449780941	1
9.3449780941	1
9.34500622749	-1
9.34500622749	-1
9.34516716003	-1
9.34516716003	-1
9.34516716003	-1
9.34516716003	-1
9.34516716003	-1
9.34516716003	-1
9.34516716003	-1
9.4830300808	-1
9.52304005623	-1
9.52304005623	-1
9.52304005623	-1
9.52304005623	-1
9.52304005623	-1
9.52304005623	-1
9.52304005623	-1
9.52304005623	-1
9.53839111328	-1
9.53839111328	-1
9.53839111328	-1
9.53839111328	-1
9.53839111328	-1
9.53839111328	-1
9.53839111328	-1
9.55148410797	-1
9.55148410797	-1
9.55148410797	-1
9.55148410797	-1
9.55148410797	-1
9.55148410797	-1
9.55148410797	-1
9.55148410797	-1
9.57779407501	-1
9.57779407501	-1
9.57779407501	-1
9.57779407501	-1
9.57779407501	-1
9.57779407501	-1
9.57779407501	-1
9.57779407501	-1
9.57904911041	1
9.61819005013	-1
9.61819005013	-1
9.61819005013	-1
9.61819005013	-1
9.61819005013	-1
9.61819005013	-1
9.61819005013	-1
9.61819005013	-1
9.62595701218	-1
9.62595701218	-1
9.6436111927	-1
9.6436111927	-1
9.6436111927	-1
9.65296006203	-1
9.65296006203	-1
9.65296006203	-1
9.65296006203	-1
9.65296006203	-1
9.65296006203	-1
9.65296006203	-1
9.65296006203	-1
9.65890312195	-1
9.65890312195	-1
9.65890312195	-1
9.65890312195	-1
9.65890312195	-1
9.65890312195	-1
9.65890312195	-1
9.66453313828	-1
9.66453313828	-1
9.66453313828	-1
9.66453313828	-1
9.66453313828	-1
9.66453313828	-1
9.66453313828	-1
9.67565917969	-1
9.67577219009	-1
9.67577219009	-1
9.67577219009	-1
9.67577219009	-1
9.67577219009	-1
9.67577219009	-1
9.69804215431	-1
9.69804215431	-1
9.69804215431	-1
9.69804215431	-1
9.69804215431	-1
9.69804215431	-1
9.69804215431	-1
9.69804215431	-1
9.71441316605	-1
9.71441316605	-1
9.71441316605	-1
9.71441316605	-1
9.71441316605	-1
9.71441316605	-1
9.71441316605	-1
9.71441316605	-1
9.71539902687	1
9.71539902687	1
9.71539902687	1
9.71634817123	-1
9.71634817123	-1
9.71634817123	-1
9.71634817123	-1
9.75033402443	-1
9.75033402443	-1
9.75033402443	-1
9.75033402443	-1
9.75033402443	-1
9.75033402443	-1
9.75033402443	-1
9.75068306923	-1
9.75068306923	-1
9.75068306923	-1
9.75068306923	-1
9.75068306923	-1
9.75068306923	-1
9.75068306923	-1
9.75068306923	-1
9.75105214119	-1
9.75105214119	-1
9.75105214119	-1
9.75105214119	-1
9.75105214119	-1
9.75105214119	-1
9.75105214119	-1
9.75121021271	-1
9.75121021271	-1
9.76342201233	1
9.76342201233	1
9.76342201233	1
9.76421403885	1
9.76421403885	1
9.79032802582	-1
9.79032802582	-1
9.79032802582	-1
9.79032802582	-1
9.79032802582	-1
9.79032802582	-1
9.79032802582	-1
9.7905561924	-1
9.79067802429	-1
9.79067802429	-1
9.79067802429	-1
9.79067802429	-1
9.79067802429	-1
9.79067802429	-1
9.79067802429	-1
9.79087519646	-1
9.79087519646	-1
9.79087519646	-1
9.79087519646	-1
9.79087519646	-1
9.79087519646	-1
9.79087519646	-1
9.79129219055	-1
9.79129219055	-1
9.79129219055	-1
9.79622507095	-1
9.79757499695	1
9.79757499695	1
9.79757499695	1
9.8131210804	-1
9.8131210804	-1
9.8131210804	-1
9.8131210804	-1
9.8131210804	-1
9.8131210804	-1
9.8131210804	-1
9.8131210804	-1
9.8131210804	-1
9.81347107887	-1
9.81347107887	-1
9.81347107887	-1
9.81347107887	-1
9.81347107887	-1
9.81371808052	-1
9.81371808052	-1
9.81371808052	-1
9.81371808052	-1
9.81371808052	-1
9.81371808052	-1
9.81371808052	-1
9.81371808052	-1
9.81371808052	-1
9.81408619881	-1
9.81408619881	-1
9.8142080307	-1
9.8142080307	-1
9.81433200836	-1
9.81433200836	-1
9.81433200836	-1
9.81433200836	-1
9.81786704063	1
9.81786704063	1
9.83169221878	1
9.83169221878	1
9.83169221878	1
9.83169221878	1
9.83169221878	1
9.83169221878	1
9.83169221878	1
9.83169221878	1
9.83523821831	-1
9.83523821831	-1
9.88806509972	1
9.88806509972	1
9.88806509972	1
9.88806509972	1
9.88806509972	1
9.88806509972	1
9.88806509972	1
9.88806509972	1
9.90556621552	-1
9.90556621552	-1
9.90701723099	1
9.9361770153	1
9.9361770153	1
10.0130522251	1
10.0130522251	1
10.0130522251	1
10.0150871277	1
10.0150871277	1
10.0150871277	1
10.2811210155	-1
10.2824752331	1
10.3860490322	-1
10.3860490322	-1
10.3860490322	-1
10.3914391994	-1
10.3914391994	-1
10.3916862011	-1
10.3916862011	-1
10.3916862011	-1
10.3916862011	-1
10.3916862011	-1
10.4200701714	1
10.4370419979	1
10.4370419979	1
10.4370419979	1
10.4882001877	-1
10.4882001877	-1
10.4882001877	-1
10.4899702072	1
10.4899702072	1
10.5072050095	-1
10.5072050095	-1
10.5124812126	-1
10.5124812126	-1
10.5124812126	-1
10.5124812126	-1
10.5124812126	-1
10.5124812126	-1
10.5124812126	-1
10.5210289955	-1
10.5210289955	-1
10.524960041	-1
10.524960041	-1
10.524960041	-1
10.524960041	-1
10.524960041	-1
10.524960041	-1
10.524960041	-1
10.5285830498	-1
10.546197176	-1
10.546197176	-1
10.5559282303	-1
10.5559282303	-1
10.5559282303	-1
10.5559282303	-1
10.5559282303	-1
10.5559282303	-1
10.5559282303	-1
10.5559282303	-1
10.5559282303	-1
10.5572311878	1
10.5741920471	-1
10.5741920471	-1
10.5741920471	-1
10.5741920471	-1
10.5870392323	1
10.5870392323	1
10.5870392323	1
10.6339581013	-1
10.6339581013	-1
10.6441261768	-1
10.6441261768	-1
10.6441261768	-1
10.6441261768	-1
10.6441261768	-1
10.6441261768	-1
10.6441261768	-1
10.6553761959	-1
10.6553761959	-1
10.6553761959	-1
10.6553761959	-1
10.6553761959	-1
10.6553761959	-1
10.6564381123	1
10.6564381123	1
10.6564381123	1
10.6946051121	-1
10.6946051121	-1
10.6950161457	-1
10.6950161457	-1
10.6950161457	-1
10.6950161457	-1
10.7007181644	-1
10.7007181644	-1
10.7035031319	1
10.7035031319	1
10.7035031319	1
10.7035031319	1
10.7035031319	1
10.7035031319	1
10.7035031319	1
10.7050540447	-1
10.7050540447	-1
10.7068572044	-1
10.7068572044	-1
10.7068572044	-1
10.7068572044	-1
10.7068572044	-1
10.7068572044	-1
10.7068572044	-1
10.7086861134	-1
10.7104790211	-1
10.7104790211	-1
10.7104790211	-1
10.7104790211	-1
10.7104790211	-1
10.7104790211	-1
10.7104790211	-1
10.7254421711	-1
10.7254421711	-1
10.7261791229	-1
10.7261791229	-1
10.7261791229	-1
10.7261791229	-1
10.7261791229	-1
10.7261791229	-1
10.7461771965	1
10.7614531517	-1
10.7614531517	-1
10.7627780437	-1
10.7627780437	-1
10.7627780437	-1
10.7627780437	-1
10.7627780437	-1
10.7627780437	-1
10.7627780437	-1
10.7636852264	-1
10.7636852264	-1
10.7636852264	-1
10.7636852264	-1
10.7636852264	-1
10.7636852264	-1
10.7636852264	-1
10.7647020817	-1
10.7647020817	-1
10.7647020817	-1
10.7647020817	-1
10.7647020817	-1
10.7647020817	-1
10.8027729988	-1
10.8027729988	-1
10.8209562302	-1
10.8209562302	-1
10.8209562302	-1
10.8209562302	-1
10.8209562302	-1
10.8209562302	-1
10.8209562302	-1
10.8320140839	1
10.9045550823	-1
10.9045550823	-1
10.9045550823	-1
10.9045550823	-1
10.9045550823	-1
10.9045550823	-1
10.9045550823	-1
10.9045550823	-1
10.9210350513	-1
10.9210350513	-1
10.9210350513	-1
10.9247210026	-1
10.9247210026	-1
10.9247210026	-1
10.9247210026	-1
10.9247210026	-1
10.9247210026	-1
10.9247210026	-1
10.935229063	-1
10.935229063	-1
10.935229063	-1
10.935229063	-1
10.935229063	-1
10.935229063	-1
10.935229063	-1
10.947065115	-1
10.947065115	-1
10.9628100395	-1
10.9628100395	-1
10.9628100395	-1
10.9628100395	-1
10.9628100395	-1
10.9628100395	-1
10.9691340923	1
10.9691340923	1
10.9911150932	-1
10.9911150932	-1
10.9911150932	-1
10.9911150932	-1
10.9911150932	-1
10.9911150932	-1
10.9911150932	-1
10.9911150932	-1
11.0154290199	-1
11.0154290199	-1
11.0154290199	-1
11.0154290199	-1
11.0154290199	-1
11.0154290199	-1
11.0154290199	-1
11.0154290199	-1
11.0273270607	-1
11.0273270607	-1
11.0322630405	-1
11.0508170128	-1
11.0508170128	-1
11.0508170128	-1
11.0508170128	-1
11.0508170128	-1
11.0508170128	-1
11.0508170128	-1
11.0566740036	-1
11.0688171387	-1
11.0688171387	-1
11.0688171387	-1
11.0688171387	-1
11.0688171387	-1
11.0688171387	-1
11.0815341473	-1
11.0815341473	-1
11.0815341473	-1
11.0815341473	-1
11.0815341473	-1
11.1065211296	-1
11.1065602303	1
11.1065602303	1
11.1194720268	-1
11.1194720268	-1
11.1194720268	-1
11.1194720268	-1
11.1194720268	-1
11.1194720268	-1
11.1194720268	-1
11.1194720268	-1
11.1194720268	-1
11.1326210499	-1
11.1326210499	-1
11.1326210499	-1
11.1326210499	-1
11.1326210499	-1
11.1326210499	-1
11.1326210499	-1
11.1326210499	-1
11.1377592087	-1
11.1377592087	-1
11.1377592087	-1
11.1377592087	-1
11.1377592087	-1
11.1377592087	-1
11.1377592087	-1
11.1412630081	-1
11.1446700096	-1
11.1446700096	-1
11.1446700096	-1
11.1446700096	-1
11.1446700096	-1
11.1446700096	-1
11.1446700096	-1
11.1477820873	-1
11.1509571075	-1
11.1509571075	-1
11.1509571075	-1
11.1509571075	-1
11.1509571075	-1
11.1509571075	-1
11.1509571075	-1
11.1535160542	-1
11.1555240154	-1
11.1555240154	-1
11.1555240154	-1
11.1555240154	-1
11.1555240154	-1
11.1555240154	-1
11.1555240154	-1
11.1675450802	-1
11.1676571369	-1
11.1676571369	-1
11.1676571369	-1
11.1729969978	-1
11.1729969978	-1
11.1729969978	-1
11.1729969978	-1
11.1729969978	-1
11.1729969978	-1
11.1729969978	-1
11.1729969978	-1
11.1878499985	-1
11.1878499985	-1
11.1878499985	-1
11.1878499985	-1
11.1878499985	-1
11.1878499985	-1
11.1878499985	-1
11.1878499985	-1
11.1878499985	-1
11.1920111179	-1
11.1920111179	-1
11.1920111179	-1
11.1920111179	-1
11.1951701641	-1
11.2008221149	-1
11.2008221149	-1
11.2008221149	-1
11.2008221149	-1
11.2008221149	-1
11.2008221149	-1
11.2008221149	-1
11.2008221149	-1
11.2321360111	-1
11.2321360111	-1
11.2321360111	-1
11.2321360111	-1
11.2321360111	-1
11.2321360111	-1
11.2321360111	-1
11.2321360111	-1
11.2321360111	-1
11.239262104	-1
11.239262104	-1
11.239262104	-1
11.2404022217	1
11.2404022217	1
11.2404022217	1
11.2441251278	-1
11.2441251278	-1
11.2570981979	-1
11.2570981979	-1
11.2570981979	-1
11.2570981979	-1
11.2570981979	-1
11.2570981979	-1
11.2570981979	-1
11.2621281147	-1
11.2621281147	-1
11.2621281147	-1
11.2621281147	-1
11.2621281147	-1
11.2621281147	-1
11.2621281147	-1
11.2698891163	-1
11.2698891163	-1
11.2698891163	-1
11.2698891163	-1
11.2698891163	-1
11.2750091553	-1
11.2750580311	-1
11.2750580311	-1
11.2750580311	-1
11.2750580311	-1
11.2750580311	-1
11.2750580311	-1
11.2750580311	-1
11.2836310863	-1
11.2870910168	-1
11.2870910168	-1
11.2870910168	-1
11.2870910168	-1
11.2870910168	-1
11.2870910168	-1
11.2870910168	-1
11.350908041	-1
11.354678154	-1
11.354678154	-1
11.354678154	-1
11.354678154	-1
11.354678154	-1
11.354678154	-1
11.354678154	-1
11.3713412285	-1
11.3757240772	-1
11.3757240772	-1
11.3757240772	-1
11.3757240772	-1
11.3757240772	-1
11.3757240772	-1
11.3757240772	-1
11.3813362122	1
11.4025101662	-1
11.4025101662	-1
11.4025101662	-1
11.4025101662	-1
11.4025101662	-1
11.4025101662	-1
11.413036108	-1
11.413036108	-1
11.413036108	-1
11.413036108	-1
11.413036108	-1
11.413036108	-1
11.413036108	-1
11.4239301682	-1
11.4372620583	-1
11.4372620583	-1
11.4372620583	-1
11.4372620583	-1
11.4372620583	-1
11.4372620583	-1
11.4372620583	-1
11.4481961727	-1
11.4481961727	-1
11.4481961727	-1
11.4605250359	-1
11.4649140835	-1
11.4649140835	-1
11.4649140835	-1
11.4649140835	-1
11.4649140835	-1
11.4649140835	-1
11.4649140835	-1
11.4684309959	-1
11.4684309959	-1
11.4684309959	-1
11.4684309959	-1
11.4684309959	-1
11.4684309959	-1
11.4684309959	-1
11.473911047	-1
11.473911047	-1
11.473911047	-1
11.473911047	-1
11.473911047	-1
11.473911047	-1
11.473911047	-1
11.473911047	-1
11.4777591228	-1
11.4777591228	-1
11.4777591228	-1
11.4777591228	-1
11.4777591228	-1
11.4777591228	-1
11.4777591228	-1
11.4777591228	-1
11.482129097	-1
11.482129097	-1
11.482129097	-1
11.4834191799	-1
11.4834191799	-1
11.4834191799	-1
11.4834191799	-1
11.4834191799	-1
11.4834191799	-1
11.4834191799	-1
11.4848520756	-1
11.4861621857	-1
11.4861621857	-1
11.4861621857	-1
11.4861621857	-1
11.4861621857	-1
11.4861621857	-1
11.4861621857	-1
11.4873180389	-1
11.4894361496	-1
11.4894361496	-1
11.4894361496	-1
11.4894361496	-1
11.4894361496	-1
11.4894361496	-1
11.4894361496	-1
11.4894361496	-1
11.4903690815	-1
11.4903690815	-1
11.4903690815	-1
11.4903690815	-1
11.4903690815	-1
11.4903690815	-1
11.4903690815	-1
11.4926922321	-1
11.5186040401	-1
11.5186491013	1
11.5186491013	1
11.5198512077	-1
11.5198512077	-1
11.5198512077	-1
11.5198512077	-1
11.5198512077	-1
11.5198512077	-1
11.5198512077	-1
11.5267951488	-1
11.5267951488	-1
11.5267951488	-1
11.5267951488	-1
11.5267951488	-1
11.5267951488	-1
11.5267951488	-1
11.5267951488	-1
11.5400471687	-1
11.5400471687	-1
11.5400471687	-1
11.5400471687	-1
11.5400471687	-1
11.5400471687	-1
11.5400471687	-1
11.5403931141	-1
11.5403931141	-1
11.5403931141	-1
11.5403931141	-1
11.5403931141	-1
11.5403931141	-1
11.5403931141	-1
11.5403931141	-1
11.5406401157	-1
11.5407640934	-1
11.5407640934	-1
11.5407640934	-1
11.5407640934	-1
11.5407640934	-1
11.5407640934	-1
11.5407640934	-1
11.5407640934	-1
11.5746340752	-1
11.5746340752	-1
11.5746340752	-1
11.5746340752	-1
11.5746340752	-1
11.5746340752	-1
11.5746340752	-1
11.5746340752	-1
11.6021540165	-1
11.6021540165	-1
11.6022031307	-1
11.6022031307	-1
11.6022031307	-1
11.6022031307	-1
11.6022031307	-1
11.6022031307	-1
11.6022031307	-1
11.6022031307	-1
11.6025071144	-1
11.6025071144	-1
11.6025071144	-1
11.6025071144	-1
11.6025071144	-1
11.6025071144	-1
11.6025071144	-1
11.6028752327	-1
11.6028752327	-1
11.605271101	1
11.605271101	1
11.605271101	1
11.6112492085	-1
11.6112492085	-1
11.6112492085	-1
11.611353159	-1
11.611353159	-1
11.611353159	-1
11.611353159	-1
11.611353159	-1
11.611353159	-1
11.611353159	-1
11.611353159	-1
11.6267521381	-1
11.6267521381	-1
11.6267521381	-1
11.6267521381	-1
11.6267521381	-1
11.6267521381	-1
11.6267521381	-1
11.6267521381	-1
11.6275680065	-1
11.6275680065	-1
11.6275680065	-1
11.6275680065	-1
11.6275680065	-1
11.6275680065	-1
11.6275680065	-1
11.6275680065	-1
11.628909111	-1
11.628909111	-1
11.628909111	-1
11.6303880215	-1
11.6303880215	-1
11.6307501793	-1
11.6307501793	-1
11.6307501793	-1
11.6307501793	-1
11.6307501793	-1
11.6307501793	-1
11.6321201324	-1
11.6321201324	-1
11.6321201324	-1
11.6321201324	-1
11.6321201324	-1
11.6321201324	-1
11.6321201324	-1
11.6321201324	-1
11.6341440678	-1
11.6341440678	-1
11.6341440678	-1
11.6369562149	-1
11.6369562149	-1
11.6369562149	-1
11.6369562149	-1
11.6369562149	-1
11.6369562149	-1
11.6560530663	-1
11.6560530663	-1
11.6560931206	1
11.699368	-1
11.699368	-1
11.699368	-1
11.699368	-1
11.699368	-1
11.699368	-1
11.699368	-1
11.699368	-1
11.7001550198	1
11.7001550198	1
11.7001550198	1
11.7031760216	-1
11.7031760216	-1
11.7031760216	-1
11.7031760216	-1
11.7031760216	-1
11.7031760216	-1
11.7031760216	-1
11.7031760216	-1
11.7043020725	-1
11.7043020725	-1
11.7043020725	-1
11.7043020725	-1
11.7043020725	-1
11.7043020725	-1
11.7043020725	-1
11.7051830292	-1
11.7051830292	-1
11.7417252064	-1
11.7417252064	-1
11.7425470352	-1
11.7425470352	-1
11.7425470352	-1
11.7425470352	-1
11.7425470352	-1
11.7425470352	-1
11.7425470352	-1
11.7433831692	-1
11.7433831692	-1
11.7433831692	-1
11.7433831692	-1
11.7433831692	-1
11.7433831692	-1
11.7433831692	-1
11.7445931435	-1
11.7445931435	-1
11.7445931435	-1
11.7445931435	-1
11.7445931435	-1
11.7445931435	-1
11.7445931435	-1
11.7445931435	-1
11.7524921894	-1
11.7524921894	-1
11.7524921894	-1
11.7524921894	-1
11.7524921894	-1
11.7524921894	-1
11.7524921894	-1
11.7553770542	-1
11.7553770542	-1
11.7553770542	-1
11.7553770542	-1
11.7553770542	-1
11.7553770542	-1
11.7553770542	-1
11.7553770542	-1
11.7786841393	-1
11.7786841393	-1
11.7786841393	-1
11.7786841393	-1
11.7786841393	-1
11.7786841393	-1
11.7786841393	-1
11.7786841393	-1
11.7869560719	-1
11.7869560719	-1
11.7909910679	-1
11.7909910679	-1
11.7909910679	-1
11.7909910679	-1
11.7909910679	-1
11.7909910679	-1
11.7909910679	-1
11.7934501171	1
11.8290522099	-1
11.8290522099	-1
11.8290522099	-1
11.8290522099	-1
11.8290522099	-1
11.8290522099	-1
11.8290522099	-1
11.8290522099	-1
11.9009799957	-1
11.9009799957	-1
11.9009799957	-1
11.9009799957	-1
11.9009799957	-1
11.9293060303	-1
11.9305782318	1
11.9640171528	-1
11.9640171528	-1
11.9640171528	-1
11.9640171528	-1
11.9640171528	-1
11.9640171528	-1
11.9640171528	-1
11.9640171528	-1
11.9808490276	-1
11.9905772209	-1
11.9905772209	-1
11.9905772209	-1
11.9905772209	-1
11.9905772209	-1
11.9905772209	-1
11.9905772209	-1
11.9978652	-1
11.9978652	-1
12.0103991032	-1
12.0150690079	-1
12.0150690079	-1
12.0150690079	-1
12.0150690079	-1
12.0150690079	-1
12.0150690079	-1
12.0150690079	-1
12.0339081287	-1
12.0339081287	-1
12.0339081287	-1
12.0339081287	-1
12.0339081287	-1
12.0339081287	-1
12.0339081287	-1
12.0339081287	-1
12.0413620472	-1
12.0413620472	-1
12.0413620472	-1
12.0413620472	-1
12.0413620472	-1
12.0413620472	-1
12.0413620472	-1
12.0413620472	-1
12.0521521568	-1
12.0521521568	-1
12.0521521568	-1
12.0521521568	-1
12.0521521568	-1
12.0521521568	-1
12.0521521568	-1
12.0679671764	1
12.1025321484	-1
12.1025321484	-1
12.1025321484	-1
12.1025321484	-1
12.1025321484	-1
12.1025321484	-1
12.1025321484	-1
12.1025321484	-1
12.1025321484	-1
12.1071741581	-1
12.1071741581	-1
12.1071741581	-1
12.1071741581	-1
12.1071741581	-1
12.1071741581	-1
12.1071741581	-1
12.1122331619	-1
12.1186890602	-1
12.1186890602	-1
12.1186890602	-1
12.1186890602	-1
12.1186890602	-1
12.1186890602	-1
12.1186890602	-1
12.1186890602	-1
12.1251811981	-1
12.1251811981	-1
12.1251811981	-1
12.127821207	-1
12.127821207	-1
12.127821207	-1
12.127821207	-1
12.127821207	-1
12.127821207	-1
12.1339240074	-1
12.1339240074	-1
12.1366481781	-1
12.1366481781	-1
12.1366481781	-1
12.1366481781	-1
12.1366481781	-1
12.1366481781	-1
12.1366481781	-1
12.1458261013	-1
12.1458261013	-1
12.1458261013	-1
12.1458261013	-1
12.1458261013	-1
12.1458261013	-1
12.1458261013	-1
12.1458261013	-1
12.1503901482	-1
12.1503901482	-1
12.1503901482	-1
12.1503901482	-1
12.1503901482	-1
12.1503901482	-1
12.1503901482	-1
12.1631491184	-1
12.1631491184	-1
12.1647250652	1
12.1647250652	1
12.1647250652	1
12.1708891392	-1
12.1708891392	-1
12.1708891392	-1
12.1708891392	-1
12.1708891392	-1
12.1708891392	-1
12.1708891392	-1
12.1708891392	-1
12.1748700142	-1
12.1748700142	-1
12.1748700142	-1
12.1748700142	-1
12.1748700142	-1
12.1748700142	-1
12.1748700142	-1
12.1762092113	1
12.1762092113	1
12.1861422062	-1
12.1862502098	-1
12.1862502098	-1
12.1862502098	-1
12.1862502098	-1
12.1862502098	-1
12.1893801689	-1
12.1929030418	-1
12.1929030418	-1
12.1929030418	-1
12.1929030418	-1
12.1929030418	-1
12.1929030418	-1
12.1929030418	-1
12.2094910145	-1
12.2094910145	-1
12.2094910145	-1
12.2094910145	-1
12.2094910145	-1
12.2094910145	-1
12.2094910145	-1
12.2289061546	-1
12.2289061546	-1
12.2289061546	-1
12.2289061546	-1
12.2289061546	-1
12.2289061546	-1
12.2289061546	-1
12.245249033	-1
12.245249033	-1
12.245249033	-1
12.245249033	-1
12.245249033	-1
12.245249033	-1
12.245249033	-1
12.245249033	-1
12.2497210503	-1
12.2497210503	-1
12.2497210503	-1
12.2497210503	-1
12.2497210503	-1
12.2497210503	-1
12.2497210503	-1
12.2860281467	-1
12.2860281467	-1
12.2860281467	-1
12.2860281467	-1
12.2860281467	-1
12.2860281467	-1
12.2860281467	-1
12.2860281467	-1
12.2980020046	-1
12.2980020046	-1
12.3019530773	-1
12.3019530773	-1
12.3019530773	-1
12.3019530773	-1
12.3056371212	-1
12.3084850311	-1
12.3084850311	-1
12.3084850311	-1
12.3084850311	-1
12.3084850311	-1
12.3084850311	-1
12.3084850311	-1
12.3117210865	-1
12.318582058	-1
12.318582058	-1
12.318582058	-1
12.318582058	-1
12.318582058	-1
12.318582058	-1
12.318582058	-1
12.318582058	-1
12.3208761215	-1
12.3208761215	-1
12.3208761215	-1
12.3208761215	-1
12.3208761215	-1
12.3208761215	-1
12.3208761215	-1
12.3208761215	-1
12.3230051994	-1
12.3230051994	-1
12.3230051994	-1
12.3272030354	-1
12.3272030354	-1
12.3272030354	-1
12.3272030354	-1
12.3272030354	-1
12.3272030354	-1
12.3314011097	-1
12.3314011097	-1
12.3314011097	-1
12.3314011097	-1
12.3314011097	-1
12.3314011097	-1
12.3314011097	-1
12.3314011097	-1
12.3349010944	-1
12.3349010944	-1
12.3367040157	-1
12.3367040157	-1
12.3367040157	-1
12.3367040157	-1
12.3367040157	-1
12.3367040157	-1
12.3367040157	-1
12.3379030228	-1
12.3406560421	-1
12.3406560421	-1
12.3406560421	-1
12.3406560421	-1
12.3406560421	-1
12.3406560421	-1
12.3406560421	-1
12.3406560421	-1
12.3422031403	-1
12.3422031403	-1
12.3422031403	-1
12.3422031403	-1
12.3422031403	-1
12.3422031403	-1
12.3422031403	-1
12.3426451683	1
12.3426451683	1
12.3462190628	-1
12.3462190628	-1
12.3462190628	-1
12.3462190628	-1
12.3462190628	-1
12.3462190628	-1
12.3663220406	-1
12.3663220406	-1
12.3663220406	-1
12.4015250206	-1
12.4015250206	-1
12.4015250206	-1
12.4015250206	-1
12.4015250206	-1
12.4015250206	-1
12.4015250206	-1
12.4015250206	-1
12.4119651318	-1
12.4119651318	-1
12.4157922268	-1
12.4157922268	-1
12.4157922268	-1
12.4157922268	-1
12.4157922268	-1
12.4157922268	-1
12.4157922268	-1
12.4190690517	-1
12.421405077	-1
12.421405077	-1
12.421405077	-1
12.421405077	-1
12.421405077	-1
12.421405077	-1
12.421405077	-1
12.4330360889	-1
12.4372951984	-1
12.4372951984	-1
12.4372951984	-1
12.4372951984	-1
12.4372951984	-1
12.4372951984	-1
12.4372951984	-1
12.4372951984	-1
12.440100193	-1
12.4477391243	-1
12.4477391243	-1
12.4477391243	-1
12.4477391243	-1
12.4477391243	-1
12.4477391243	-1
12.4477391243	-1
12.4477391243	-1
12.4626090527	-1
12.4626090527	-1
12.4626090527	-1
12.4626090527	-1
12.4626090527	-1
12.4626090527	-1
12.4626090527	-1
12.4790580273	-1
12.4798440933	1
12.4835281372	-1
12.4835281372	-1
12.4835281372	-1
12.4835281372	-1
12.4835281372	-1
12.4835281372	-1
12.4835281372	-1
12.4900081158	-1
12.4900081158	-1
12.4900081158	-1
12.4900081158	-1
12.4900081158	-1
12.4900081158	-1
12.4900081158	-1
12.4900081158	-1
12.494246006	-1
12.494246006	-1
12.4957830906	-1
12.4957830906	-1
12.4957830906	-1
12.4957830906	-1
12.4957830906	-1
12.4987711906	-1
12.4987711906	-1
12.4987711906	-1
12.4987711906	-1
12.4987711906	-1
12.4987711906	-1
12.4987711906	-1
12.4987711906	-1
12.5032351017	-1
12.5032351017	-1
12.5032351017	-1
12.5032351017	-1
12.5032351017	-1
12.5032351017	-1
12.5032351017	-1
12.5046281815	-1
12.5061240196	-1
12.5061240196	-1
12.5061240196	-1
12.5061240196	-1
12.5061240196	-1
12.5061240196	-1
12.5061240196	-1
12.5071470737	-1
12.5071470737	-1
12.5071470737	-1
12.5071470737	-1
12.5071470737	-1
12.5071470737	-1
12.5071470737	-1
12.5161790848	-1
12.5161790848	-1
12.5161790848	-1
12.5161790848	-1
12.5161790848	-1
12.5161790848	-1
12.5161790848	-1
12.5161790848	-1
12.5519602299	-1
12.5519602299	-1
12.5519602299	-1
12.5519602299	-1
12.5519602299	-1
12.5519602299	-1
12.5519602299	-1
12.5519602299	-1
12.5656571388	-1
12.601883173	-1
12.601883173	-1
12.601883173	-1
12.601883173	-1
12.601883173	-1
12.601883173	-1
12.601883173	-1
12.601883173	-1
12.6074311733	-1
12.6074311733	-1
12.6074311733	-1
12.6074311733	-1
12.6074311733	-1
12.6074311733	-1
12.6074311733	-1
12.6118140221	-1
12.6170070171	-1
12.617041111	1
12.617041111	1
12.6172440052	-1
12.6172440052	-1
12.6172440052	-1
12.6172440052	-1
12.6172440052	-1
12.6172440052	-1
12.6172440052	-1
12.6195151806	-1
12.6195151806	-1
12.6195151806	-1
12.621972084	-1
12.6290850639	1
12.6290850639	1
12.6290850639	1
12.6304340363	1
12.6304340363	1
12.6565060616	-1
12.6565060616	-1
12.6565060616	-1
12.6565060616	-1
12.6565060616	-1
12.6565060616	-1
12.6565060616	-1
12.6565060616	-1
12.6576061249	1
12.6576061249	1
12.6576061249	1
12.6614761353	-1
12.6614761353	-1
12.6614761353	-1
12.6614761353	-1
12.6614761353	-1
12.6614761353	-1
12.6614761353	-1
12.6631932259	1
12.6631932259	1
12.6650381088	-1
12.6650381088	-1
12.6650381088	-1
12.6650381088	-1
12.6650381088	-1
12.6650381088	-1
12.6650381088	-1
12.6706900597	-1
12.6706900597	-1
12.6706900597	-1
12.6706900597	-1
12.6706900597	-1
12.6706900597	-1
12.6706900597	-1
12.6706900597	-1
12.6763620377	-1
12.6763620377	-1
12.6763620377	-1
12.6763620377	-1
12.6763620377	-1
12.6763620377	-1
12.6763620377	-1
12.6763620377	-1
12.6763620377	-1
12.6799051762	-1
12.6799051762	-1
12.6799051762	-1
12.6799051762	-1
12.6799051762	-1
12.6799051762	-1
12.6799051762	-1
12.6799051762	-1
12.6812570095	-1
12.6812570095	-1
12.6812570095	-1
12.6812570095	-1
12.6812570095	-1
12.6812570095	-1
12.6812570095	-1
12.6829891205	-1
12.6841971874	-1
12.6841971874	-1
12.6841971874	-1
12.6841971874	-1
12.6841971874	-1
12.6841971874	-1
12.6841971874	-1
12.6859681606	-1
12.6870851517	-1
12.6870851517	-1
12.6870851517	-1
12.6870851517	-1
12.6870851517	-1
12.6870851517	-1
12.6870851517	-1
12.6886482239	-1
12.6921532154	-1
12.6921532154	-1
12.6921532154	-1
12.6921532154	-1
12.6921532154	-1
12.6921532154	-1
12.6921532154	-1
12.6921532154	-1
12.6937930584	-1
12.6937930584	-1
12.6937930584	-1
12.6937930584	-1
12.6937930584	-1
12.6937930584	-1
12.6937930584	-1
12.6973891258	-1
12.6973891258	-1
12.697974205	-1
12.697974205	-1
12.697974205	-1
12.697974205	-1
12.697974205	-1
12.697974205	-1
12.697974205	-1
12.6989130974	1
12.6989130974	1
12.6989130974	1
12.7030432224	-1
12.7030432224	-1
12.7030432224	-1
12.7030432224	-1
12.7030432224	-1
12.7030432224	-1
12.7033970356	-1
12.7033970356	-1
12.7033970356	-1
12.7035191059	-1
12.7035191059	-1
12.7035191059	-1
12.7035191059	-1
12.7035191059	-1
12.7035191059	-1
12.7035191059	-1
12.7037642002	-1
12.7037642002	-1
12.7037642002	-1
12.7037642002	-1
12.7037642002	-1
12.7037642002	-1
12.7037642002	-1
12.7041230202	-1
12.7041230202	-1
12.7042660713	-1
12.7042660713	-1
12.7042660713	-1
12.7042660713	-1
12.7042660713	-1
12.7042660713	-1
12.7042660713	-1
12.7045052052	-1
12.7045052052	-1
12.7045052052	-1
12.7045052052	-1
12.7045052052	-1
12.7045052052	-1
12.7045052052	-1
12.7045052052	-1
12.7048740387	-1
12.7048740387	-1
12.7048740387	-1
12.7048740387	-1
12.7048740387	-1
12.7048740387	-1
12.7048740387	-1
12.7048740387	-1
12.7052121162	1
12.7052121162	1
12.7394649982	-1
12.7394649982	-1
12.7394649982	-1
12.7394649982	-1
12.7394649982	-1
12.739700079	-1
12.739700079	-1
12.739700079	-1
12.739700079	-1
12.739700079	-1
12.739700079	-1
12.739700079	-1
12.739700079	-1
12.7400720119	-1
12.7400720119	-1
12.7400720119	-1
12.7401931286	-1
12.7401931286	-1
12.7403171062	-1
12.7403171062	-1
12.7403171062	-1
12.7403171062	-1
12.7403171062	-1
12.7403171062	-1
12.7405622005	-1
12.7405622005	-1
12.7405622005	-1
12.7405622005	-1
12.7405622005	-1
12.7405622005	-1
12.7405622005	-1
12.7545571327	1
12.7545700073	-1
12.7547740936	-1
12.7547740936	-1
12.7548971176	-1
12.7548971176	-1
12.7548971176	-1
12.7548971176	-1
12.7548971176	-1
12.7548971176	-1
12.7548971176	-1
12.7551431656	-1
12.7551431656	-1
12.7551431656	-1
12.7551431656	-1
12.7551431656	-1
12.7551431656	-1
12.7551431656	-1
12.7668762207	-1
12.7668762207	-1
12.7668762207	-1
12.7669990063	-1
12.7669990063	-1
12.7669990063	-1
12.7669990063	-1
12.7669990063	-1
12.7669990063	-1
12.7958030701	1
12.7958030701	1
12.7958030701	1
12.9046621323	-1
12.9047091007	1
12.9436922073	-1
12.9436922073	-1
12.9436922073	-1
12.9475622177	-1
12.9475622177	-1
12.9475622177	-1
12.9475622177	-1
12.9475622177	-1
12.9475622177	-1
12.9538810253	-1
12.9538810253	-1
12.9538810253	-1
12.9538810253	-1
12.9538810253	-1
12.9564490318	-1
12.9564490318	-1
12.9564490318	-1
12.9564490318	-1
12.9564490318	-1
12.9564490318	-1
12.9564490318	-1
12.9589271545	-1
12.9589271545	-1
12.9589271545	-1
12.9589271545	-1
12.9589271545	-1
12.9589271545	-1
12.9589271545	-1
12.9634540081	-1
12.9634540081	-1
12.9634540081	-1
12.9634540081	-1
12.9634540081	-1
12.9674451351	-1
12.9674451351	-1
12.9674451351	-1
12.9674451351	-1
12.9674451351	-1
12.9674451351	-1
12.9711930752	-1
12.9711930752	-1
12.9711930752	-1
12.9711930752	-1
12.9711930752	-1
12.9711930752	-1
12.9711930752	-1
12.9711930752	-1
12.9725852013	-1
12.9725852013	-1
12.9725852013	-1
12.9725852013	-1
12.9725852013	-1
12.9725852013	-1
12.9725852013	-1
12.9740600586	-1
12.9761199951	-1
12.9761199951	-1
12.9761199951	-1
12.9761199951	-1
12.9761199951	-1
12.9761199951	-1
12.9761199951	-1
12.9770560265	-1
12.9824771881	-1
12.9824771881	-1
12.9824771881	-1
12.9824771881	-1
12.9824771881	-1
12.9824771881	-1
13.0383431911	-1
13.0383431911	-1
13.0383431911	-1
13.0383431911	-1
13.0383431911	-1
13.0383431911	-1
13.0383431911	-1
13.0383431911	-1
13.0390250683	-1
13.0390250683	-1
13.0390250683	-1
13.0390250683	-1
13.0390250683	-1
13.0390250683	-1
13.0390250683	-1
13.0395150185	-1
13.0395150185	-1
13.0395150185	-1
13.0395150185	-1
13.0395150185	-1
13.0395150185	-1
13.0395150185	-1
13.0419671535	1
13.0419671535	1
13.0498771667	1
13.0498771667	1
13.0498771667	1
13.1036422253	-1
13.1036422253	-1
13.1036422253	-1
13.1036422253	-1
13.1036422253	-1
13.1036422253	-1
13.1036422253	-1
13.1036422253	-1
13.1171250343	-1
13.1171250343	-1
13.1171250343	-1
13.1171250343	-1
13.1171250343	-1
13.1171250343	-1
13.1171250343	-1
13.1177170277	1
13.1177170277	1
13.1196341515	-1
13.1196341515	-1
13.1196341515	-1
13.1196341515	-1
13.1196341515	-1
13.1196341515	-1
13.1196341515	-1
13.1196341515	-1
13.1211872101	-1
13.1211872101	-1
13.121306181	-1
13.121306181	-1
13.121306181	-1
13.121306181	-1
13.121306181	-1
13.121306181	-1
13.121306181	-1
13.160007	-1
13.1792330742	-1
13.1792860031	1
13.2108821869	-1
13.2108821869	-1
13.2108821869	-1
13.2116980553	-1
13.2116980553	-1
13.2116980553	-1
13.2116980553	-1
13.2116980553	-1
13.2116980553	-1
13.2116980553	-1
13.2116980553	-1
13.2120621204	-1
13.2120621204	-1
13.2120621204	-1
13.2120621204	-1
13.2120621204	-1
13.2120621204	-1
13.2120621204	-1
13.2126150131	-1
13.2128200531	-1
13.2128200531	-1
13.2128200531	-1
13.2128200531	-1
13.2128200531	-1
13.2128200531	-1
13.2128200531	-1
13.2130661011	-1
13.2130990028	-1
13.2130990028	-1
13.2130990028	-1
13.2130990028	-1
13.2130990028	-1
13.2130990028	-1
13.2130990028	-1
13.2144780159	1
13.2144780159	1
13.2144780159	1
13.2158591747	1
13.2158591747	1
13.2158591747	1
13.2766740322	-1
13.2766740322	-1
13.4005711079	-1
13.4005711079	-1
13.4005711079	-1
13.4491050243	-1
13.4491050243	-1
13.6161930561	-1
13.6178221703	1
13.6737391949	-1
13.6737391949	-1
13.6737391949	-1
13.6768271923	-1
13.6768271923	-1
13.6769390106	-1
13.6769390106	-1
13.6769390106	-1
13.6769390106	-1
13.6769390106	-1
13.6769390106	-1
13.6782121658	1
13.6782121658	1
13.6782121658	1
13.6875371933	-1
13.6875371933	-1
13.6875371933	-1
13.6875371933	-1
13.6875371933	-1
13.6910791397	-1
13.6910791397	-1
13.6910791397	-1
13.6910791397	-1
13.6910791397	-1
13.6910791397	-1
13.6910791397	-1
13.6937680244	-1
13.6937680244	-1
13.6937680244	-1
13.6937680244	-1
13.6937680244	-1
13.6937680244	-1
13.6937680244	-1
13.6937680244	-1
13.7000691891	-1
13.7001180649	-1
13.7001180649	-1
13.7001180649	-1
13.7001180649	-1
13.7001180649	-1
13.7001180649	-1
13.7001180649	-1
13.7084040642	-1
13.7084040642	-1
13.7084040642	-1
13.7084040642	-1
13.7084040642	-1
13.7084040642	-1
13.7084040642	-1
13.7084040642	-1
13.721709013	-1
13.721709013	-1
13.721709013	-1
13.721709013	-1
13.721709013	-1
13.721709013	-1
13.721709013	-1
13.7230072021	1
13.7230072021	1
13.7296252251	-1
13.7296252251	-1
13.7296252251	-1
13.7296252251	-1
13.7296252251	-1
13.7296252251	-1
13.7296252251	-1
13.7296252251	-1
13.7296252251	-1
13.7299721241	-1
13.7299721241	-1
13.7299721241	-1
13.7299721241	-1
13.7299721241	-1
13.7514500618	-1
13.7514500618	-1
13.7514500618	-1
13.7514500618	-1
13.7514500618	-1
13.752120018	-1
13.752120018	-1
13.752120018	-1
13.7990150452	1
13.8073801994	-1
13.8073801994	-1
13.8073801994	-1
13.8653402328	-1
13.8653402328	-1
13.8723201752	-1
13.8723201752	-1
13.8723201752	-1
13.8743641376	-1
13.8743641376	-1
13.8743641376	-1
13.9206731319	1
13.9206731319	1
13.9206731319	1
13.9967491627	-1
13.9967491627	-1
13.9967491627	-1
14.0275650024	-1
14.0275650024	-1
14.0804200172	-1
14.0804200172	-1
14.0804200172	-1
14.0804200172	-1
14.0804200172	-1
14.0804200172	-1
14.0804200172	-1
14.1717112064	1
14.1717112064	1
14.1717112064	1
14.2289311886	-1
14.2289311886	-1
14.2289311886	-1
14.2289311886	-1
14.2289311886	-1
14.2289311886	-1
14.243678093	-1
14.243678093	-1
14.243678093	-1
14.243678093	-1
14.243678093	-1
14.243678093	-1
14.3483030796	-1
14.3483030796	-1
14.3785190582	-1
14.3785190582	-1
14.3785190582	-1
14.3785190582	-1
14.3873050213	-1
14.3873050213	-1
14.3874220848	-1
14.3874220848	-1
14.3874220848	-1
14.3874220848	-1
14.3874220848	-1
14.6630570889	-1
14.6630570889	-1
14.6642072201	1
14.7803652287	-1
14.7803652287	-1
14.7803652287	-1
14.8497731686	1
14.8497731686	1
14.8497731686	1
14.8515980244	1
14.8515980244	1
14.9376749992	-1
15.1439611912	-1
15.3418271542	-1
15.4295301437	-1
15.4295301437	-1
15.4295301437	-1
15.4295301437	-1
15.4295301437	-1
15.5620470047	1
15.5624051094	1
15.5624051094	1
15.5624051094	1
15.5677080154	1
15.5677080154	1
15.5677080154	1
15.5678222179	1
15.5678222179	1
15.5720181465	1
15.5720181465	1
15.5720181465	1
15.5764081478	1
15.5764081478	1
15.5764081478	1
15.5844471455	1
15.5844471455	1
15.58893013	1
15.58893013	1
15.6025490761	1
15.6025490761	1
15.6025490761	1
15.6961681843	-1
15.6961681843	-1
15.6995770931	1
15.6995770931	1
15.6995770931	1
15.6995770931	1
15.6995770931	1
15.6995770931	1
15.8466310501	1
15.8466310501	1
15.8466310501	1
15.8466310501	1
15.9730670452	1
16.0230250359	-1
16.0636970997	-1
16.0636970997	-1
16.0636970997	-1
16.0636970997	-1
16.0636970997	-1
16.0636970997	-1
16.0636970997	-1
16.0636970997	-1
16.0659911633	-1
16.0666840076	-1
16.0666840076	-1
16.0666840076	-1
16.0666840076	-1
16.0666840076	-1
16.0666840076	-1
16.0666840076	-1
16.069819212	-1
16.0699851513	-1
16.0699851513	-1
16.0699851513	-1
16.0699851513	-1
16.0699851513	-1
16.0699851513	-1
16.0699851513	-1
16.0743660927	-1
16.0752241611	-1
16.0752241611	-1
16.075330019	-1
16.075330019	-1
16.075330019	-1
16.075330019	-1
16.075330019	-1
16.075330019	-1
16.130521059	-1
16.130521059	-1
16.1305580139	1
16.1305580139	1
16.1308891773	-1
16.1308891773	-1
16.1308891773	-1
16.1442790031	-1
16.1442790031	-1
16.199611187	-1
16.199611187	-1
16.199611187	-1
16.199611187	-1
16.199611187	-1
16.199611187	-1
16.199611187	-1
16.199611187	-1
16.2010860443	-1
16.2010860443	-1
16.2010860443	-1
16.2010860443	-1
16.2019720078	-1
16.2019720078	-1
16.2019720078	-1
16.2019720078	-1
16.2019720078	-1
16.2019720078	-1
16.2019720078	-1
16.2073130608	-1
16.2073130608	-1
16.2074170113	-1
16.2074170113	-1
16.2074170113	-1
16.2077240944	-1
16.2077240944	-1
16.2077240944	-1
16.2077240944	-1
16.2077240944	-1
16.2077240944	-1
16.2099142075	1
16.2099142075	1
16.2099142075	1
16.2382240295	1
16.2382240295	1
16.2522051334	-1
16.2593531609	-1
16.2593531609	-1
16.2593531609	-1
16.2593531609	-1
16.2593531609	-1
16.2593531609	-1
16.2626039982	-1
16.2626039982	-1
16.2651050091	1
16.2651050091	1
16.2651050091	1
16.3085591793	-1
16.3085591793	-1
16.3085591793	-1
16.3085591793	-1
16.3085591793	-1
16.3085591793	-1
16.3085591793	-1
16.3085591793	-1
16.3085591793	-1
16.323415041	-1
16.323415041	-1
16.3288800716	-1
16.3288800716	-1
16.3288800716	-1
16.3288800716	-1
16.3288800716	-1
16.3288800716	-1
16.3288800716	-1
16.3288800716	-1
16.344545126	-1
16.344545126	-1
16.344545126	-1
16.344545126	-1
16.3505740166	-1
16.3505740166	-1
16.3505740166	-1
16.3505740166	-1
16.3505740166	-1
16.3505740166	-1
16.3505740166	-1
16.3505740166	-1
16.3529751301	-1
16.3529751301	-1
16.3529751301	-1
16.3529751301	-1
16.3529751301	-1
16.3529751301	-1
16.3529751301	-1
16.3529942036	1
16.3529942036	1
16.3529942036	1
16.3541140556	1
16.3541140556	1
16.3543171883	-1
16.3612511158	-1
16.3612511158	-1
16.3612511158	-1
16.3612511158	-1
16.3612511158	-1
16.365571022	-1
16.365571022	-1
16.3656251431	-1
16.3656251431	-1
16.3656251431	-1
16.3656251431	-1
16.3656251431	-1
16.3656251431	-1
16.4386641979	-1
16.4386641979	-1
16.438970089	-1
16.438970089	-1
16.438970089	-1
16.4815552235	1
16.4815552235	1
16.4844970703	1
16.4844970703	1
16.4844970703	1
16.4914371967	-1
16.4914371967	-1
16.4914371967	-1
16.4914371967	-1
16.4914371967	-1
16.4914371967	-1
16.4914371967	-1
16.4914371967	-1
16.4965960979	-1
16.4965960979	-1
16.4965960979	-1
16.4965960979	-1
16.4965960979	-1
16.4965960979	-1
16.5035400391	1
16.5035400391	1
16.5035400391	1
16.5035400391	1
16.6322541237	1
16.6322541237	1
16.6322541237	1
16.6374940872	1
16.6374940872	1
16.6374940872	1
16.7560031414	-1
16.7838470936	1
16.7838470936	1
16.7838470936	1
16.7973661423	-1
16.7973661423	-1
16.7973661423	-1
16.7973661423	-1
16.7973661423	-1
16.7973661423	-1
16.7973661423	-1
16.7973661423	-1
16.8558790684	1
16.8558790684	1
16.8932001591	-1
16.8932151794	1
16.8932151794	1
16.8973851204	-1
16.8973851204	-1
16.8973851204	-1
16.8973851204	-1
16.9175131321	-1
16.9175131321	-1
16.9211950302	1
16.9211950302	1
16.9211950302	1
16.9333732128	-1
16.9333732128	-1
16.9333732128	-1
16.9333732128	-1
16.9333732128	-1
16.9333732128	-1
16.9333732128	-1
16.9333732128	-1
16.9518961906	-1
16.9518961906	-1
16.9518961906	-1
17.0106770992	-1
17.0106770992	-1
17.0106770992	-1
17.0106770992	-1
17.0106770992	-1
17.0109591484	-1
17.0109591484	-1
17.0109591484	-1
17.0109591484	-1
17.0109591484	-1
17.0109591484	-1
17.0109591484	-1
17.0109591484	-1
17.0129210949	1
17.0129210949	1
17.0305011272	1
17.0355319977	-1
17.0355319977	-1
17.0355319977	-1
17.0355319977	-1
17.0355319977	-1
17.0355319977	-1
17.0355319977	-1
17.0355319977	-1
17.0513100624	1
17.0513100624	1
17.0513100624	1
17.0739841461	-1
17.0755581856	-1
17.0755581856	-1
17.0791900158	-1
17.0791900158	-1
17.0791900158	-1
17.0813250542	1
17.0813250542	1
17.0955991745	1
17.0955991745	1
17.0955991745	1
17.1048531532	-1
17.1048531532	-1
17.1048531532	-1
17.1048531532	-1
17.1048531532	-1
17.1048531532	-1
17.1048531532	-1
17.106262207	-1
17.1065120697	-1
17.1065120697	-1
17.1065120697	-1
17.1082692146	-1
17.1082692146	-1
17.1091520786	1
17.1091520786	1
17.1178331375	-1
17.1178331375	-1
17.1178331375	-1
17.1178331375	-1
17.1350960732	-1
17.1354269981	-1
17.1354269981	-1
17.1354269981	-1
17.1354269981	-1
17.1354269981	-1
17.1354269981	-1
17.1354269981	-1
17.1421251297	-1
17.1593971252	1
17.1593971252	1
17.1593971252	1
17.1677000523	-1
17.1677532196	1
17.304926157	-1
17.3049740791	1
17.3756651878	-1
17.3756651878	-1
17.3756651878	-1
17.5106301308	1
17.5438141823	-1
17.5438141823	-1
17.5438141823	-1
17.5447621346	-1
17.5447621346	-1
17.5455560684	-1
17.5455560684	-1
17.5455560684	-1
17.5455560684	-1
17.5455560684	-1
17.5455560684	-1
17.5455560684	-1
17.5625500679	-1
17.5625500679	-1
17.5697669983	-1
17.5697669983	-1
17.5698020458	-1
17.5698020458	-1
17.5698020458	-1
17.5698020458	-1
17.5698020458	-1
17.5698020458	-1
17.5698020458	-1
17.5704200268	1
17.5704200268	1
17.5704200268	1
17.5842761993	-1
17.5842761993	-1
17.5842761993	-1
17.5843250751	-1
17.5843250751	-1
17.5843250751	-1
17.5843250751	-1
17.5843250751	-1
17.5843250751	-1
17.5857150555	1
17.5857150555	1
17.5876541138	-1
17.5876541138	-1
17.5876541138	-1
17.5876541138	-1
17.5876541138	-1
17.5876541138	-1
17.5876541138	-1
17.5876541138	-1
17.5884170532	-1
17.5884170532	-1
17.5884442329	-1
17.5884442329	-1
17.5884442329	-1
17.602943182	-1
17.602943182	-1
17.602943182	-1
17.602943182	-1
17.602943182	-1
17.602943182	-1
17.602943182	-1
17.602943182	-1
17.6039760113	-1
17.6039760113	-1
17.6039760113	-1
17.6039760113	-1
17.6053190231	-1
17.6061332226	1
17.6061332226	1
17.6061332226	1
17.607845068	1
17.607845068	1
17.6118900776	-1
17.6118900776	-1
17.6118900776	-1
17.6118900776	-1
17.6118900776	-1
17.6118900776	-1
17.6396310329	-1
17.6396310329	-1
17.6396310329	-1
17.6396310329	-1
17.6396310329	-1
17.6396310329	-1
17.6396310329	-1
17.6396310329	-1
17.642496109	-1
17.642496109	-1
17.642496109	-1
17.642496109	-1
17.642496109	-1
17.642496109	-1
17.642496109	-1
17.642496109	-1
17.6466932297	-1
17.6466932297	-1
17.6466932297	-1
17.6466932297	-1
17.6466932297	-1
17.6466932297	-1
17.6466932297	-1
17.6466932297	-1
17.6523251534	-1
17.6523251534	-1
17.6523251534	-1
17.6523251534	-1
17.6523251534	-1
17.6523251534	-1
17.6523251534	-1
17.6523251534	-1
17.6523251534	-1
17.6523611546	1
17.6523611546	1
17.6824769974	-1
17.6824769974	-1
17.6824769974	-1
17.6824769974	-1
17.6824769974	-1
17.7167921066	-1
17.7167921066	-1
17.7184531689	-1
17.7184531689	-1
17.7184531689	-1
17.7211740017	-1
17.7211740017	-1
17.7211740017	-1
17.7211740017	-1
17.7211740017	-1
17.7211740017	-1
17.7211740017	-1
17.7211740017	-1
17.7221000195	-1
17.7221000195	-1
17.7221000195	-1
17.7221000195	-1
17.7221000195	-1
17.7221000195	-1
17.7221000195	-1
17.7221000195	-1
17.7259261608	-1
17.726031065	-1
17.726031065	-1
17.726031065	-1
17.726031065	-1
17.726031065	-1
17.726031065	-1
17.726031065	-1
17.8194291592	1
17.8194291592	1
17.8211941719	-1
17.8225970268	-1
17.8225970268	-1
17.8225970268	-1
17.8225970268	-1
17.8225970268	-1
17.8257911205	-1
17.8257911205	-1
17.8257911205	-1
17.8257911205	-1
17.8257911205	-1
17.8257911205	-1
17.8257911205	-1
17.8257911205	-1
17.8273761272	-1
17.8273761272	-1
17.8273761272	-1
17.8273761272	-1
17.8293230534	-1
17.8293230534	-1
17.8293230534	-1
17.8293230534	-1
17.8293230534	-1
17.8293230534	-1
17.8293230534	-1
17.8293230534	-1
17.8673951626	-1
17.8673951626	-1
17.8673951626	-1
17.8673951626	-1
17.8798630238	-1
17.8798630238	-1
17.8853321075	-1
17.8853321075	-1
17.8853321075	-1
17.8853321075	-1
17.8853321075	-1
17.8853321075	-1
17.9030861855	-1
17.9030861855	-1
17.9075222015	-1
17.9075222015	-1
17.9075222015	-1
17.9075222015	-1
17.9075222015	-1
17.9075222015	-1
17.9075222015	-1
17.9106352329	-1
17.9106352329	-1
17.9106352329	-1
17.9106352329	-1
17.9947800636	1
17.9947800636	1
18.0690660477	-1
18.0690660477	-1
18.0690660477	-1
18.0691711903	-1
18.0691711903	-1
18.0691711903	-1
18.0691711903	-1
18.0691711903	-1
18.0691711903	-1
18.0691711903	-1
18.0788490772	-1
18.0789041519	-1
18.0789041519	-1
18.0789041519	-1
18.0789041519	-1
18.0789041519	-1
18.0789041519	-1
18.0789041519	-1
18.0792062283	-1
18.0792062283	-1
18.0793280602	-1
18.0793280602	-1
18.0826790333	-1
18.0826790333	-1
18.0826790333	-1
18.0955891609	-1
18.0955891609	-1
18.1002960205	-1
18.1002960205	-1
18.1002960205	-1
18.1002960205	-1
18.1002960205	-1
18.1002960205	-1
18.1002960205	-1
18.1002960205	-1
18.1223511696	-1
18.1223511696	-1
18.1223511696	-1
18.1223511696	-1
18.1223511696	-1
18.1223511696	-1
18.1223511696	-1
18.1223511696	-1
18.1331510544	-1
18.1331691742	1
18.1473960876	-1
18.1473960876	-1
18.1473960876	-1
18.1772940159	-1
18.1772940159	-1
18.1772940159	-1
18.1948311329	-1
18.1948311329	-1
18.2054140568	-1
18.2054140568	-1
18.2054140568	-1
18.3234431744	-1
18.3234431744	-1
18.3234431744	-1
18.5839540958	-1
18.5986640453	-1
18.5986640453	-1
18.5986640453	-1
18.7291371822	1
18.7445240021	1
18.7445240021	1
18.7445240021	1
18.8589100838	-1
18.8589100838	-1
18.8859732151	1
19.033547163	-1
19.3226861954	-1
19.3848462105	-1
19.3848462105	-1
19.3848462105	-1
19.3848462105	-1
19.3848462105	-1
19.3848462105	-1
19.3848462105	-1
19.3848462105	-1
19.388874054	-1
19.388874054	-1
19.388874054	-1
19.3889222145	-1
19.3889222145	-1
19.3889222145	-1
19.3889222145	-1
19.3889222145	-1
19.3889222145	-1
19.3984780312	-1
19.3984780312	-1
19.3984780312	-1
19.3984780312	-1
19.3984780312	-1
19.3984780312	-1
19.3984780312	-1
19.3984780312	-1
19.4002799988	-1
19.4002799988	-1
19.400329113	-1
19.400329113	-1
19.400329113	-1
19.400329113	-1
19.400329113	-1
19.400329113	-1
19.400329113	-1
19.4024112225	-1
19.402515173	-1
19.402515173	-1
19.402515173	-1
19.402515173	-1
19.402515173	-1
19.402515173	-1
19.4064462185	-1
19.4064462185	-1
19.4064462185	-1
19.4064462185	-1
19.4064462185	-1
19.4064462185	-1
19.4064462185	-1
19.4064462185	-1
19.4076590538	1
19.4086351395	-1
19.4086351395	-1
19.4086351395	-1
19.4086351395	-1
19.4086351395	-1
19.4086351395	-1
19.4086351395	-1
19.4086351395	-1
19.4132020473	-1
19.4132020473	-1
19.4132020473	-1
19.4132020473	-1
19.4132020473	-1
19.4132020473	-1
19.4132020473	-1
19.4132020473	-1
19.4198160172	-1
19.4198160172	-1
19.4198160172	-1
19.4198160172	-1
19.4198160172	-1
19.4198160172	-1
19.4198160172	-1
19.4198160172	-1
19.4198160172	-1
19.4198160172	-1
19.4201672077	-1
19.4201672077	-1
19.4201672077	-1
19.4201672077	-1
19.4201672077	-1
19.4204142094	-1
19.4204142094	-1
19.4204142094	-1
19.4204142094	-1
19.4204142094	-1
19.4204142094	-1
19.4204142094	-1
19.4204142094	-1
19.4276192188	-1
19.4276192188	-1
19.4276192188	-1
19.4276192188	-1
19.4276192188	-1
19.4276192188	-1
19.4276192188	-1
19.4276192188	-1
19.4988281727	-1
19.5481982231	-1
19.5481982231	-1
19.5481982231	-1
19.5481982231	-1
19.5481982231	-1
19.5482342243	1
19.5482342243	1
19.8511211872	-1
19.8511211872	-1
20.5929210186	-1
20.7301671505	-1
20.7301671505	-1
20.8673541546	-1
22.9207031727	-1
23.1387619972	-1
23.1556141376	-1
23.1556141376	-1
23.1556141376	-1
28.0960071087	-1
28.7478802204	1
28.7508511543	-1
28.8559470177	1
28.8559470177	1
28.8559470177	1
28.85612607	1
28.85612607	1
28.85612607	1
28.8567130566	1
28.8567130566	1
28.8581991196	1
28.8581991196	1
28.8581991196	1
28.8588261604	1
28.8588261604	1
28.8601460457	1
28.8601460457	1
28.8601460457	1
28.8612220287	1
28.8612220287	1
28.8619420528	1
28.8619420528	1
28.8849060535	1
28.9933650494	1
28.9933650494	1
28.9933650494	1
28.9933650494	1
28.9933650494	1
28.9933650494	1
28.9933650494	1
28.9933650494	1
28.9933650494	1
28.9935181141	1
28.9935181141	1
28.9935181141	1
28.9955830574	1
28.9955830574	1
28.9955830574	1
28.9955830574	1
28.9955830574	1
28.9955830574	1
28.9955830574	1
28.9955830574	1
29.1167662144	1
29.1167662144	1
29.1167662144	1
29.1780021191	1
29.1780021191	1
29.1780021191	1
29.1852161884	1
29.1852161884	1
29.289427042	-1
29.3181140423	1
29.3181140423	1
29.4744670391	-1
29.4867081642	-1
29.4867081642	-1
29.4867081642	-1
29.5086901188	-1
29.5086901188	-1
29.5086901188	-1
29.5086901188	-1
29.5086901188	-1
29.5397970676	-1
29.5397970676	-1
29.5397970676	-1
29.5397970676	-1
29.5397970676	-1
29.5397970676	-1
29.5397970676	-1
29.5397970676	-1
29.5458190441	-1
29.5458190441	-1
29.5740380287	-1
29.6241641045	-1
29.6241641045	-1
29.6241641045	-1
29.6241641045	-1
29.6241641045	-1
29.6241641045	-1
29.6241641045	-1
29.6691191196	-1
29.6691191196	-1
29.6691191196	-1
29.6691191196	-1
29.6691191196	-1
29.6691191196	-1
29.6691191196	-1
29.6771612167	-1
29.6771612167	-1
29.6771612167	-1
29.6771612167	-1
29.6771612167	-1
29.6771612167	-1
29.6771612167	-1
29.6978991032	-1
29.6978991032	-1
29.6978991032	-1
29.6978991032	-1
29.6979510784	-1
29.6996841431	1
29.711258173	-1
29.711258173	-1
29.711258173	-1
29.7576220036	-1
29.7576220036	-1
29.7576220036	-1
29.7576220036	-1
29.7576220036	-1
29.7576220036	-1
29.7576220036	-1
29.7576220036	-1
29.8064241409	-1
29.8064241409	-1
29.8064241409	-1
29.8064241409	-1
29.8064241409	-1
29.8064241409	-1
29.8064241409	-1
29.814674139	-1
29.814674139	-1
29.814674139	-1
29.814674139	-1
29.814674139	-1
29.814674139	-1
29.814674139	-1
29.814674139	-1
29.8240170479	-1
29.8240170479	-1
29.8240170479	-1
29.8746809959	1
29.9155142307	-1
29.9155142307	-1
29.9155142307	-1
29.9220860004	-1
29.9220860004	-1
29.9399561882	-1
29.9399561882	-1
29.9399561882	-1
29.9399561882	-1
29.9624080658	-1
29.9624080658	-1
29.9624080658	-1
29.9743690491	-1
29.9743690491	-1
29.9863891602	-1
29.9863891602	-1
29.9863891602	-1
30.0816571712	-1
30.2191090584	-1
30.5634601116	-1
30.7724440098	-1
30.7724440098	-1
30.7724440098	-1
30.7724440098	-1
30.7724440098	-1
30.7855410576	1
30.7876331806	1
30.7876331806	1
30.7876331806	1
30.7882020473	1
30.7882020473	1
30.7882020473	1
30.7886860371	1
30.7886860371	1
30.7922821045	1
30.7922821045	1
30.8036491871	1
30.8036491871	1
30.8036491871	1
30.8113701344	1
30.8113701344	1
30.8254539967	1
30.8254539967	1
30.8254539967	1
30.836482048	1
30.836482048	1
30.9140570164	1
30.9140570164	1
30.9140570164	1
30.9226610661	1
30.9226610661	1
30.9271712303	1
30.9271712303	1
30.9271712303	1
30.9294881821	1
30.9294881821	1
30.9306490421	1
30.9306490421	1
30.9306490421	1
30.9311900139	1
30.9311900139	1
30.9409680367	1
30.9409680367	1
30.9409680367	1
30.9409680367	1
30.9853432178	1
30.9853432178	1
31.0256462097	-1
31.1969220638	1
31.2817180157	-1
31.2897241116	-1
31.2897241116	-1
31.2897241116	-1
31.2897241116	-1
31.296077013	-1
31.296077013	-1
31.296077013	-1
31.296077013	-1
31.2985610962	-1
31.2985610962	-1
31.2985610962	-1
31.2985610962	-1
31.2985610962	-1
31.3001971245	-1
31.3024492264	-1
31.3024492264	-1
31.3024492264	-1
31.3024492264	-1
31.304374218	-1
31.304374218	-1
31.304374218	-1
31.3065781593	-1
31.3079490662	-1
31.3079490662	-1
31.3079490662	-1
31.3079490662	-1
31.3079490662	-1
31.3129580021	1
31.3129580021	1
31.3129580021	1
31.3163361549	1
31.3163361549	1
31.3163361549	1
31.3311061859	-1
31.3311061859	-1
31.3311061859	-1
31.3311061859	-1
31.3311061859	-1
31.3312191963	-1
31.3349480629	1
31.3349480629	1
31.3655660152	-1
31.3655660152	-1
31.3655660152	-1
31.3655660152	-1
31.3655660152	-1
31.3655660152	-1
31.365814209	-1
31.365814209	-1
31.4337930679	-1
31.4337930679	-1
31.4337930679	-1
31.4337930679	-1
31.4337930679	-1
31.4337930679	-1
31.4337930679	-1
31.4337930679	-1
31.4341340065	-1
31.4341340065	-1
31.4843411446	-1
31.4843411446	-1
31.4843411446	-1
31.4843411446	-1
31.4843411446	-1
31.4843411446	-1
31.4843411446	-1
31.4843411446	-1
31.4860231876	-1
31.4860231876	-1
31.4860231876	-1
31.4860231876	-1
31.4860231876	-1
31.4860231876	-1
31.4860231876	-1
31.5127232075	-1
31.5127232075	-1
31.5127232075	-1
31.5127232075	-1
31.5127232075	-1
31.5127232075	-1
31.5127232075	-1
31.5127232075	-1
31.5140450001	1
31.5285730362	-1
31.5285730362	-1
31.5285730362	-1
31.5285730362	-1
31.5285730362	-1
31.5285730362	-1
31.5285730362	-1
31.5285730362	-1
31.5678110123	-1
31.5678110123	-1
31.5678110123	-1
31.5678110123	-1
31.5678110123	-1
31.5678110123	-1
31.5678110123	-1
31.5680401325	-1
31.5681622028	-1
31.5681622028	-1
31.5681622028	-1
31.5681622028	-1
31.5681622028	-1
31.5681622028	-1
31.5681622028	-1
31.5804300308	-1
31.5805521011	-1
31.5805521011	-1
31.5805521011	-1
31.5805521011	-1
31.5805521011	-1
31.5805521011	-1
31.5805521011	-1
31.5808031559	-1
31.6218640804	-1
31.6218640804	-1
31.6218640804	-1
31.6218640804	-1
31.6218640804	-1
31.6218640804	-1
31.6218640804	-1
31.6218640804	-1
31.6639180183	-1
31.6639521122	1
31.6650760174	-1
31.6650760174	-1
31.6650760174	-1
31.6650760174	-1
31.6650760174	-1
31.6650760174	-1
31.6650760174	-1
31.6660850048	-1
31.6660850048	-1
31.6660850048	-1
31.6660850048	-1
31.6660850048	-1
31.6660850048	-1
31.6660850048	-1
31.7240231037	-1
31.7240231037	-1
31.7240231037	-1
31.7240231037	-1
31.7240231037	-1
31.7240231037	-1
31.7240231037	-1
31.7240231037	-1
31.7823882103	-1
31.7891662121	-1
31.7891662121	-1
31.7891662121	-1
31.7891662121	-1
31.7891662121	-1
31.7891662121	-1
31.7891662121	-1
31.7891662121	-1
31.8091650009	-1
31.8091650009	-1
31.8091650009	-1
31.8091650009	-1
31.8091650009	-1
31.8091650009	-1
31.8091650009	-1
31.8105080128	1
31.8236720562	-1
31.8236720562	-1
31.8236720562	-1
31.8236720562	-1
31.8236720562	-1
31.8236720562	-1
31.8236720562	-1
31.8558790684	-1
31.8807370663	1
31.8807370663	1
31.8807370663	1
31.8851490021	1
31.8851490021	1
31.8898761272	1
31.8898761272	1
31.8898761272	1
31.9331610203	-1
31.9331610203	-1
31.9331610203	-1
31.9331610203	-1
31.9331610203	-1
31.9331610203	-1
31.9998161793	-1
31.9998161793	-1
31.9998161793	-1
31.9998161793	-1
31.9998161793	-1
31.9998161793	-1
31.9998161793	-1
31.9998161793	-1
31.9998161793	-1
31.9998581409	1
31.9998581409	1
32.0182871819	-1
32.0303862095	-1
32.0303862095	-1
32.0303862095	-1
32.0303862095	-1
32.0303862095	-1
32.0360851288	-1
32.0406470299	-1
32.0406470299	-1
32.0406470299	-1
32.0406470299	-1
32.0444130898	-1
32.0528130531	-1
32.0528130531	-1
32.0528130531	-1
32.0548050404	-1
32.0548050404	-1
32.0548050404	-1
32.0548050404	-1
32.0548050404	-1
32.0548050404	-1
32.0548050404	-1
32.0609722137	1
32.0609722137	1
32.0609722137	1
32.0641341209	-1
32.0641341209	-1
32.0641341209	-1
32.0641341209	-1
32.0641341209	-1
32.0641341209	-1
32.0641341209	-1
32.0673000813	-1
32.0673000813	-1
32.0673000813	-1
32.0673000813	-1
32.0702280998	-1
32.0702280998	-1
32.0702280998	-1
32.0702280998	-1
32.0702280998	-1
32.0702280998	-1
32.0702280998	-1
32.0712521076	1
32.0712521076	1
32.0728971958	-1
32.0728971958	-1
32.081346035	1
32.081346035	1
32.081346035	1
32.0814011097	-1
32.0814011097	-1
32.0814011097	-1
32.0814011097	-1
32.0814011097	-1
32.0814011097	-1
32.0814011097	-1
32.0814011097	-1
32.0814011097	-1
32.0899801254	1
32.0899801254	1
32.0934181213	-1
32.0934181213	-1
32.0934181213	-1
32.0934181213	-1
32.0934181213	-1
32.0934181213	-1
32.0934181213	-1
32.0937700272	-1
32.0937700272	-1
32.0937700272	-1
32.0937700272	-1
32.0937700272	-1
32.0937700272	-1
32.0937700272	-1
32.100164175	1
32.100164175	1
32.100164175	1
32.1071581841	1
32.1071581841	1
32.1164281368	1
32.1164281368	1
32.1164281368	1
32.1164281368	1
32.1201171875	1
32.1239762306	1
32.1239762306	1
32.1239762306	1
32.1278672218	1
32.1278672218	1
32.1278672218	1
32.1328501701	-1
32.1328501701	-1
32.1328501701	-1
32.1328501701	-1
32.1328501701	-1
32.1328501701	-1
32.1328501701	-1
32.1328501701	-1
32.1328501701	-1
32.1460621357	-1
32.1462321281	-1
32.1462321281	-1
32.1462321281	-1
32.1462321281	-1
32.1462321281	-1
32.1462321281	-1
32.1462321281	-1
32.1462321281	-1
32.1819241047	-1
32.1819241047	-1
32.1819241047	-1
32.1819241047	-1
32.1821320057	-1
32.1822550297	-1
32.1822550297	-1
32.1822550297	-1
32.1823790073	-1
32.1823790073	-1
32.1823790073	-1
32.1823790073	-1
32.1825020313	-1
32.1826241016	-1
32.1826241016	-1
32.1826241016	-1
32.1826241016	-1
32.1826241016	-1
32.1826241016	-1
32.1826241016	-1
32.2074592113	-1
32.2075431347	-1
32.2075431347	-1
32.2075431347	-1
32.2075431347	-1
32.2075431347	-1
32.2075431347	-1
32.2075431347	-1
32.2078151703	-1
32.2078151703	-1
32.2078151703	-1
32.2078151703	-1
32.2078151703	-1
32.2078151703	-1
32.2078151703	-1
32.2078151703	-1
32.2081820965	-1
32.2081820965	-1
32.2081820965	-1
32.2081820965	-1
32.2081820965	-1
32.2081820965	-1
32.2081820965	-1
32.2084360123	1
32.2084360123	1
32.2084360123	1
32.2084360123	1
32.2084360123	1
32.2084741592	-1
32.2084741592	-1
32.2084741592	-1
32.2084741592	-1
32.2084741592	-1
32.2084741592	-1
32.2084741592	-1
32.2084741592	-1
32.2084741592	-1
32.2188491821	-1
32.2188491821	-1
32.2188491821	-1
32.2188491821	-1
32.2188491821	-1
32.2188491821	-1
32.2188491821	-1
32.2189850807	-1
32.2191991806	-1
32.2191991806	-1
32.2191991806	-1
32.2191991806	-1
32.2191991806	-1
32.2191991806	-1
32.2191991806	-1
32.2198221684	1
32.2198221684	1
32.2198221684	1
32.2198221684	1
32.2198221684	1
32.2198221684	1
32.2198221684	1
32.2198221684	1
32.2199070454	1
32.2274501324	-1
32.2275550365	-1
32.2275550365	-1
32.2275550365	-1
32.2275550365	-1
32.2275550365	-1
32.2275550365	-1
32.2275550365	-1
32.2277991772	-1
32.2446300983	1
32.2446300983	1
32.2446300983	1
32.2446300983	1
32.2700970173	-1
32.2700970173	-1
32.2702190876	-1
32.2702190876	-1
32.2702190876	-1
32.2702190876	-1
32.2702190876	-1
32.2702190876	-1
32.2702190876	-1
32.2704582214	-1
32.2704582214	-1
32.2704582214	-1
32.2704582214	-1
32.2704582214	-1
32.2704582214	-1
32.2704582214	-1
32.2707300186	-1
32.2707300186	-1
32.2707300186	-1
32.2707300186	-1
32.2707300186	-1
32.2745411396	1
32.3187232018	1
32.3187232018	1
32.4119231701	-1
32.4878561497	1
32.4878561497	1
32.4878561497	1
32.4901721478	-1
32.4901721478	-1
32.4901721478	-1
32.5720441341	-1
32.5720441341	-1
32.5867261887	-1
32.6307790279	-1
32.6307790279	-1
32.6307790279	-1
32.6341981888	-1
32.6341981888	-1
32.6341981888	-1
32.648594141	-1
32.648594141	-1
32.6504671574	1
32.7238781452	-1
32.7248589993	1
32.7248589993	1
32.7248589993	1
32.7357242107	-1
32.7357242107	-1
32.7357242107	-1
32.7378151417	1
32.7378151417	1
32.7411761284	-1
32.7411761284	-1
32.7411761284	-1
32.7411761284	-1
32.7411761284	-1
32.7411761284	-1
32.7411761284	-1
32.7697980404	-1
32.7706260681	-1
32.7706260681	-1
32.7706260681	-1
32.79925704	-1
32.79925704	-1
32.7999711037	-1
32.7999711037	-1
32.7999711037	-1
32.8176851273	-1
32.8176851273	-1
32.8622472286	-1
32.87915802	-1
32.87915802	-1
32.87915802	-1
32.87915802	-1
32.87915802	-1
32.87915802	-1
32.87915802	-1
32.87915802	-1
32.87915802	-1
32.8795161247	-1
32.8795161247	-1
32.8795161247	-1
32.8795161247	-1
32.8795161247	-1
32.8858580589	1
32.8858580589	1
32.8858580589	1
32.8858580589	1
32.8858580589	1
32.887622118	-1
32.887622118	-1
32.887622118	-1
32.887622118	-1
32.887622118	-1
32.8903441429	-1
32.8956511021	-1
32.8956511021	-1
32.9187171459	-1
32.9187171459	-1
32.9293031693	-1
32.9293031693	-1
32.9293031693	-1
32.9294550419	-1
32.9294550419	-1
32.9294550419	-1
32.9294550419	-1
32.9294550419	-1
32.9294550419	-1
32.9294550419	-1
32.9294550419	-1
32.9298241138	-1
32.9298241138	-1
32.9298241138	-1
32.9469292164	-1
32.9469292164	-1
32.9579091072	-1
32.9579091072	-1
32.9579091072	-1
32.9594202042	-1
32.9594202042	-1
32.9594202042	-1
32.9594202042	-1
32.9594202042	-1
32.9594202042	-1
32.9594202042	-1
32.9605250359	-1
32.9605250359	-1
32.9605250359	-1
32.9605250359	-1
32.9605250359	-1
32.9605250359	-1
32.9705030918	-1
33.016505003	-1
33.0597770214	-1
33.0597770214	-1
33.0597770214	-1
33.0998802185	-1
33.0998802185	-1
33.0998802185	-1
33.0998921394	1
33.1908400059	-1
33.2377281189	-1
33.2377281189	-1
33.2377281189	-1
33.2377560139	1
33.2377560139	1
33.2603840828	-1
33.2603840828	-1
33.2603840828	-1
33.2661950588	-1
33.2661950588	-1
33.2661950588	-1
33.2661950588	-1
33.2661950588	-1
33.2661950588	-1
33.2661950588	-1
33.2928571701	-1
33.2946720123	-1
33.2946720123	-1
33.2946720123	-1
33.2946720123	-1
33.2946720123	-1
33.2946720123	-1
33.2946720123	-1
33.3013381958	-1
33.3123960495	-1
33.3123960495	-1
33.3478081226	-1
33.3478081226	-1
33.3478081226	-1
33.3478081226	-1
33.3478081226	-1
33.3478081226	-1
33.3478081226	-1
33.3484082222	-1
33.3645350933	-1
33.3645350933	-1
33.3645350933	-1
33.3645350933	-1
33.3752031326	-1
33.3752241135	1
33.3752241135	1
33.3871240616	-1
33.3871240616	-1
33.3871240616	-1
33.3871240616	-1
33.3871240616	-1
33.3886990547	-1
33.3886990547	-1
33.3901121616	-1
33.3951711655	-1
33.3951711655	-1
33.3951711655	-1
33.3951711655	-1
33.3951711655	-1
33.3951711655	-1
33.3951711655	-1
33.4020760059	1
33.4020760059	1
33.4020760059	1
33.4446601868	-1
33.4449691772	-1
33.4449691772	-1
33.4449691772	-1
33.4449691772	-1
33.4449691772	-1
33.4449691772	-1
33.4449691772	-1
33.5125501156	1
33.6499390602	-1
33.6499390602	-1
33.756496191	-1
33.756496191	-1
33.756496191	-1
33.8079471588	1
33.8268280029	-1
33.850467205	1
33.850467205	1
33.850467205	1
33.8559961319	1
33.8559961319	1
33.8637690544	1
33.8637690544	1
33.8637690544	1
33.897383213	-1
33.897383213	-1
33.897383213	-1
33.897383213	-1
33.9623410702	-1
33.9623410702	-1
33.9623410702	-1
33.9623410702	-1
33.9623770714	1
34.034307003	-1
34.034307003	-1
34.034307003	-1
34.034307003	-1
34.034307003	-1
34.034307003	-1
34.034307003	-1
34.034307003	-1
34.2111542225	-1
34.2111542225	-1
34.2111542225	-1
34.2169601917	1
34.2274560928	-1
34.2274560928	-1
34.2274560928	-1
34.2274560928	-1
34.2274560928	-1
34.2274560928	-1
34.2274560928	-1
34.2571091652	-1
34.2586550713	-1
34.2586550713	-1
34.2586550713	-1
34.2586550713	-1
34.2586550713	-1
34.2586550713	-1
34.2586550713	-1
34.3572571278	-1
34.3572571278	-1
34.3572571278	-1
34.3572571278	-1
34.3572571278	-1
34.3572571278	-1
34.3572690487	1
34.3703620434	-1
34.3703620434	-1
34.3703620434	-1
34.3703620434	-1
34.3703620434	-1
34.3703620434	-1
34.3703620434	-1
34.3703620434	-1
34.3703620434	-1
34.3707211018	-1
34.3707211018	-1
34.3707211018	-1
34.3707211018	-1
34.3707211018	-1
34.3736410141	-1
34.3736410141	-1
34.3736410141	-1
34.3736410141	-1
34.3736410141	-1
34.3736410141	-1
34.3736410141	-1
34.3743360043	-1
34.3743360043	-1
34.38362813	-1
34.3851640224	-1
34.3851640224	-1
34.3851640224	-1
34.3852832317	-1
34.3852832317	-1
34.3852832317	-1
34.3852832317	-1
34.3852832317	-1
34.3852832317	-1
34.3944032192	-1
34.3944032192	-1
34.3944032192	-1
34.3944032192	-1
34.3944032192	-1
34.3944032192	-1
34.3944032192	-1
34.3944032192	-1
34.4023141861	-1
34.4023141861	-1
34.4023141861	-1
34.4023141861	-1
34.4023141861	-1
34.4023141861	-1
34.4023141861	-1
34.4023141861	-1
34.403660059	-1
34.403660059	-1
34.403660059	-1
34.403660059	-1
34.403660059	-1
34.403660059	-1
34.403660059	-1
34.403660059	-1
34.415512085	-1
34.415512085	-1
34.4155430794	-1
34.4155430794	-1
34.4155430794	-1
34.4155430794	-1
34.4155430794	-1
34.4155430794	-1
34.4319221973	-1
34.4319221973	-1
34.4319221973	-1
34.4319221973	-1
34.4319221973	-1
34.4319221973	-1
34.4319221973	-1
34.4319221973	-1
34.4331710339	1
34.4331710339	1
34.4331710339	1
34.4425032139	-1
34.4425032139	-1
34.4425032139	-1
34.4453911781	1
34.4453911781	1
34.4682672024	-1
34.4682672024	-1
34.4682672024	-1
34.4682672024	-1
34.4682672024	-1
34.476044178	-1
34.47777915	1
34.47777915	1
34.47777915	1
34.47777915	1
34.47777915	1
34.47777915	1
34.47777915	1
34.47777915	1
34.47777915	1
34.4778981209	1
34.4778981209	1
34.4778981209	1
34.561412096	-1
34.561412096	-1
34.561412096	-1
34.561412096	-1
34.561412096	-1
34.561412096	-1
34.561412096	-1
34.561412096	-1
34.561412096	-1
34.561412096	-1
34.5617530346	-1
34.6612942219	-1
34.6612942219	-1
34.6612942219	-1
34.6625030041	1
34.6625030041	1
34.6625030041	1
34.8101119995	1
34.8101119995	1
34.8101119995	1
34.9475491047	-1
34.9818291664	-1
34.9818291664	-1
34.9818291664	-1
34.9946870804	1
35.1143100262	-1
35.1143100262	-1
35.1675121784	-1
35.1675121784	-1
35.1675121784	-1
35.1675121784	-1
35.1675121784	-1
35.1675121784	-1
35.1675121784	-1
35.1675121784	-1
35.167550087	1
35.167550087	1
35.1688661575	-1
35.1692922115	-1
35.1692922115	-1
35.1692922115	-1
35.1692922115	-1
35.172355175	-1
35.1724090576	-1
35.1724090576	-1
35.1745221615	-1
35.1745221615	-1
35.1745221615	-1
35.1750080585	1
35.1750080585	1
35.1750080585	1
35.1750080585	1
35.1817080975	1
35.1817080975	1
35.1937820911	-1
35.1937820911	-1
35.1939020157	-1
35.1939020157	-1
35.1939020157	-1
35.1939020157	-1
35.1939020157	-1
35.1939020157	-1
35.2385370731	-1
35.2385370731	-1
35.2386481762	-1
35.2386481762	-1
35.2386481762	-1
35.2463591099	-1
35.2463591099	-1
35.2464711666	-1
35.2464711666	-1
35.2464711666	-1
35.2464711666	-1
35.2464711666	-1
35.2464711666	-1
35.2473750114	-1
35.2473750114	-1
35.2473750114	-1
35.2473750114	-1
35.2473750114	-1
35.2473750114	-1
35.2473750114	-1
35.2515251637	1
35.2515251637	1
35.3202002048	-1
35.3202002048	-1
35.3202002048	-1
35.3202002048	-1
35.3379130363	-1
35.3379130363	-1
35.3404431343	-1
35.3404431343	-1
35.3404431343	-1
35.3404431343	-1
35.3425381184	-1
35.344135046	-1
35.344135046	-1
35.344135046	-1
35.344135046	-1
35.344135046	-1
35.344135046	-1
35.344135046	-1
35.3552970886	-1
35.3565051556	-1
35.3565051556	-1
35.3565051556	-1
35.3565051556	-1
35.3565051556	-1
35.3565051556	-1
35.3565051556	-1
35.3583471775	-1
35.3583471775	-1
35.3583471775	-1
35.3583471775	-1
35.3646759987	-1
35.3646759987	-1
35.3646759987	-1
35.3653590679	-1
35.3653590679	-1
35.3653590679	-1
35.3653590679	-1
35.3653590679	-1
35.3653590679	-1
35.3895270824	-1
35.3895270824	-1
35.3895270824	-1
35.3895270824	-1
35.3895270824	-1
35.4011042118	1
35.4011042118	1
35.4011042118	1
35.4011480808	-1
35.4011480808	-1
35.4304890633	1
35.4304890633	1
35.4317660332	1
35.4317660332	1
35.4317660332	1
35.4646570683	-1
35.4646570683	-1
35.4646570683	-1
35.4646570683	-1
35.4646570683	-1
35.4646570683	-1
35.4646570683	-1
35.4646570683	-1
35.4665780067	-1
35.4665780067	-1
35.4665780067	-1
35.4665780067	-1
35.4665780067	-1
35.4665780067	-1
35.4665780067	-1
35.4948441982	-1
35.4948441982	-1
35.5175750256	-1
35.5175750256	-1
35.5175750256	-1
35.5175750256	-1
35.5175750256	-1
35.5175750256	-1
35.5175750256	-1
35.5273191929	-1
35.5425350666	-1
35.5425350666	-1
35.5425350666	-1
35.5425350666	-1
35.5425350666	-1
35.5425350666	-1
35.5425350666	-1
35.5481040478	-1
35.5481040478	-1
35.5481040478	-1
35.5481040478	-1
35.6102850437	-1
35.6102850437	-1
35.6102850437	-1
35.6102850437	-1
35.6102850437	-1
35.6102850437	-1
35.6102850437	-1
35.6102850437	-1
35.6102850437	-1
35.6103010178	1
35.6103010178	1
35.6242930889	-1
35.6242930889	-1
35.6242930889	-1
35.6242930889	-1
35.6242930889	-1
35.6242930889	-1
35.6242930889	-1
35.6242930889	-1
35.6312081814	-1
35.6312081814	-1
35.6352322102	-1
35.6352322102	-1
35.6352322102	-1
35.6493551731	-1
35.6493551731	-1
35.6564180851	-1
35.6564180851	-1
35.6564180851	-1
35.6564180851	-1
35.6613721848	-1
35.6613721848	-1
35.6613721848	-1
35.6613721848	-1
35.6613721848	-1
35.6613721848	-1
35.6613721848	-1
35.6613721848	-1
35.6650981903	-1
35.6650981903	-1
35.6650981903	-1
35.6650981903	-1
35.6650981903	-1
35.6686410904	-1
35.6686410904	-1
35.6722660065	-1
35.6722660065	-1
35.6722660065	-1
35.6722660065	-1
35.6743950844	-1
35.6782431602	-1
35.6782431602	-1
35.6782431602	-1
35.6782431602	-1
35.6862120628	-1
35.6881420612	-1
35.6881420612	-1
35.6881420612	-1
35.6881420612	-1
35.6881420612	-1
35.6881420612	-1
35.6881420612	-1
35.6904489994	-1
35.7229790688	-1
35.7229790688	-1
35.7229790688	-1
35.7229790688	-1
35.7229790688	-1
35.7256331444	-1
35.7428400517	-1
35.7765710354	-1
35.7765710354	-1
35.7765710354	-1
35.7766170502	1
35.7766170502	1
35.7783181667	-1
35.7783181667	-1
35.7783181667	-1
35.7783181667	-1
35.7783181667	-1
35.7783181667	-1
35.7783181667	-1
35.7845602036	-1
35.784799099	-1
35.784799099	-1
35.784799099	-1
35.784799099	-1
35.784799099	-1
35.784799099	-1
35.7965641022	-1
35.7965641022	-1
35.7965641022	-1
35.7965641022	-1
35.7965641022	-1
35.7965641022	-1
35.8666870594	1
35.8666870594	1
35.8666870594	1
35.8762910366	1
35.8762910366	1
35.8824031353	1
35.8824031353	1
35.8824031353	1
35.8824031353	1
35.8824031353	1
35.8824031353	1
35.8824031353	1
35.8824031353	1
35.8839681149	1
35.8842329979	1
35.8842329979	1
35.8842329979	1
35.8842329979	1
35.8842329979	1
35.8842329979	1
35.8842329979	1
35.8842329979	1
35.9401011467	-1
35.9401011467	-1
35.9401011467	-1
35.9401011467	-1
35.9401011467	-1
35.9401011467	-1
35.9664661884	-1
35.9664661884	-1
35.9664661884	-1
35.9664661884	-1
35.9664661884	-1
35.9664661884	-1
35.9756581783	-1
35.9756581783	-1
35.9756581783	-1
35.9756581783	-1
35.9756581783	-1
35.9756581783	-1
35.9756581783	-1
35.9756581783	-1
35.98280406	-1
35.98280406	-1
35.9881300926	-1
35.9881300926	-1
35.9881300926	-1
35.9881300926	-1
35.9906890392	-1
35.9932870865	-1
35.9932870865	-1
35.9932870865	-1
35.9932870865	-1
35.9932870865	-1
35.9932870865	-1
35.9932870865	-1
35.9954600334	-1
35.9954600334	-1
35.9954600334	-1
35.9954600334	-1
35.9954600334	-1
35.9954600334	-1
35.9954600334	-1
36.0064380169	-1
36.0064380169	-1
36.0064380169	-1
36.0064380169	-1
36.0064380169	-1
36.0064380169	-1
36.0064380169	-1
36.0064380169	-1
36.0116581917	-1
36.0116581917	-1
36.0116581917	-1
36.0116581917	-1
36.0138401985	-1
36.0161631107	-1
36.0161631107	-1
36.0161631107	-1
36.0161631107	-1
36.0161631107	-1
36.0161631107	-1
36.0161631107	-1
36.0179760456	-1
36.0179760456	-1
36.0179760456	-1
36.0179760456	-1
36.0179760456	-1
36.0179760456	-1
36.0179760456	-1
36.0308392048	-1
36.0308392048	-1
36.0308392048	-1
36.0308392048	-1
36.0308392048	-1
36.0308392048	-1
36.0308392048	-1
36.0308392048	-1
36.0342581272	-1
36.0382781029	-1
36.0382781029	-1
36.0382781029	-1
36.0382781029	-1
36.0382781029	-1
36.0382781029	-1
36.0382781029	-1
36.0426630974	-1
36.0463070869	-1
36.0463070869	-1
36.0463070869	-1
36.0463070869	-1
36.0463070869	-1
36.0463070869	-1
36.0463070869	-1
36.0569150448	1
36.0569150448	1
36.0569150448	1
36.077529192	-1
36.077529192	-1
36.077529192	-1
36.077529192	-1
36.077529192	-1
36.077529192	-1
36.077529192	-1
36.0778691769	-1
36.0778691769	-1
36.0778691769	-1
36.0778691769	-1
36.0778691769	-1
36.0778691769	-1
36.0778691769	-1
36.0932250023	-1
36.0932831764	-1
36.0932831764	-1
36.0932831764	-1
36.0932831764	-1
36.0934522152	-1
36.0955550671	1
36.0955550671	1
36.0955550671	1
36.1130812168	-1
36.1130812168	-1
36.1130812168	-1
36.1130812168	-1
36.1130812168	-1
36.1130812168	-1
36.1130812168	-1
36.1132252216	-1
36.1132252216	-1
36.1132252216	-1
36.1132252216	-1
36.1132252216	-1
36.1132252216	-1
36.1132252216	-1
36.1136651039	-1
36.1136651039	-1
36.1136651039	-1
36.1136651039	-1
36.1136651039	-1
36.1136651039	-1
36.1136651039	-1
36.1136651039	-1
36.1140332222	-1
36.1140332222	-1
36.1140332222	-1
36.1140332222	-1
36.1140332222	-1
36.1140332222	-1
36.1140332222	-1
36.1140332222	-1
36.1280660629	-1
36.1280660629	-1
36.1280660629	-1
36.1281340122	-1
36.1281340122	-1
36.1281340122	-1
36.1281340122	-1
36.1281340122	-1
36.1281340122	-1
36.1310081482	1
36.1310081482	1
36.3192121983	-1
36.3192121983	-1
36.3192121983	-1
36.3192121983	-1
36.3192121983	-1
36.3192121983	-1
36.3192121983	-1
36.3192121983	-1
36.3894181252	-1
36.3894181252	-1
36.3894181252	-1
36.3894650936	1
36.3904850483	-1
36.3904850483	-1
36.4678971767	-1
36.4678971767	-1
36.4678971767	-1
36.4680221081	-1
36.4680221081	-1
36.4761781693	-1
36.5068061352	1
36.5068061352	1
36.5068061352	1
36.6137502193	-1
36.6205720901	-1
36.6205720901	-1
36.6205720901	-1
36.6205720901	-1
36.6205720901	-1
36.6205720901	-1
36.6205720901	-1
36.6205720901	-1
36.6246371269	-1
36.6246371269	-1
36.6246371269	-1
36.6246371269	-1
36.6246371269	-1
36.6246371269	-1
36.6246371269	-1
36.6246371269	-1
36.6290881634	-1
36.6291940212	-1
36.6291940212	-1
36.6291940212	-1
36.6291940212	-1
36.6291940212	-1
36.6291940212	-1
36.6291940212	-1
36.6406290531	-1
36.6406290531	-1
36.6406290531	-1
36.6406290531	-1
36.6406290531	-1
36.6406290531	-1
36.6406290531	-1
36.6406290531	-1
36.6409702301	-1
36.6474990845	-1
36.6474990845	-1
36.6474990845	-1
36.6474990845	-1
36.6474990845	-1
36.6474990845	-1
36.6474990845	-1
36.6885402203	-1
36.6886432171	-1
36.6886432171	-1
36.6886432171	-1
36.6886432171	-1
36.6886432171	-1
36.758038044	-1
36.7580780983	1
36.8955900669	-1
36.8955900669	-1
36.8956561089	1
37.0328941345	-1
37.0328941345	-1
37.033891201	-1
37.033891201	-1
37.033891201	-1
37.033891201	-1
37.033891201	-1
37.033891201	-1
37.147821188	-1
37.147821188	-1
37.147821188	-1
37.147821188	-1
37.147821188	-1
37.147821188	-1
37.147821188	-1
37.147821188	-1
37.16685009	1
37.1709160805	-1
37.2919340134	1
37.2919340134	1
37.2919340134	1
37.2922701836	1
37.2922701836	1
37.3035240173	1
37.3035240173	1
37.3035240173	1
37.3035240173	1
37.3035240173	1
37.3043460846	1
37.3044950962	1
37.3044950962	1
37.3044950962	1
37.3053531647	1
37.3053531647	1
37.3066310883	1
37.3066310883	1
37.3078520298	1
37.3078520298	1
37.3078520298	1
37.3078520298	1
37.3096210957	1
37.3096210957	1
37.3096210957	1
37.3096210957	1
37.3096210957	1
37.3096210957	1
37.3508059978	-1
37.3513901234	1
37.3513901234	1
37.3513901234	1
37.3513901234	1
37.3513901234	1
37.3513901234	1
37.3513901234	1
37.3513901234	1
37.3514821529	1
37.3782231808	-1
37.3782231808	-1
37.3782231808	-1
37.3782231808	-1
37.3782231808	-1
37.3782231808	-1
37.3782231808	-1
37.4428911209	1
37.4428911209	1
37.4428911209	1
37.4428911209	1
37.4428911209	1
37.4428911209	1
37.4428911209	1
37.4428911209	1
37.4431180954	1
37.4431180954	1
37.4431180954	1
37.4431180954	1
37.4431180954	1
37.4431180954	1
37.4431180954	1
37.4431180954	1
37.443308115	1
37.443308115	1
37.443308115	1
37.443308115	1
37.443308115	1
37.443308115	1
37.443308115	1
37.443308115	1
37.4434950352	1
37.4434950352	1
37.4434950352	1
37.4434950352	1
37.4434950352	1
37.4434950352	1
37.4434950352	1
37.4434950352	1
37.4893820286	1
37.4893820286	1
37.4893820286	1
37.4893820286	1
37.4893820286	1
37.4893820286	1
37.4893820286	1
37.4893820286	1
37.4895532131	1
37.4895532131	1
37.4895532131	1
37.4895532131	1
37.4895532131	1
37.4895532131	1
37.4895532131	1
37.4895532131	1
37.4897780418	1
37.4897780418	1
37.4897780418	1
37.4897780418	1
37.4897780418	1
37.4897780418	1
37.4897780418	1
37.4897780418	1
37.5877752304	1
37.5877752304	1
37.5877752304	1
37.5877752304	1
37.5877752304	1
37.5877752304	1
37.5877752304	1
37.5877752304	1
37.587870121	1
37.587870121	1
37.587870121	1
37.587870121	1
37.587870121	1
37.587870121	1
37.6265511513	-1
37.7794132233	-1
37.8981010914	-1
37.8981010914	-1
37.8981010914	-1
37.9036791325	-1
37.9036791325	-1
38.0959761143	-1
38.2332241535	-1
38.2332241535	-1
38.3705739975	-1
