0.0	1
0.251055002213	1
0.734275817871	-1
0.735132932663	1
0.849871873856	-1
0.85112285614	1
0.857929944992	1
0.857929944992	1
0.857929944992	1
0.857929944992	1
0.857929944992	1
0.857929944992	1
1.43747186661	-1
1.43913388252	1
1.55397081375	-1
1.55397081375	-1
1.55579686165	1
1.67055487633	-1
1.67058682442	1
1.78529596329	-1
1.78532981873	1
1.90005588531	-1
2.05305504799	-1
2.05305504799	-1
2.06991481781	-1
2.06991481781	-1
2.06991481781	-1
2.06991481781	-1
2.06991481781	-1
2.06991481781	-1
2.06991481781	-1
2.16777586937	-1
2.17549586296	-1
2.17549586296	-1
2.17549586296	-1
2.17549586296	-1
2.17549586296	-1
2.17549586296	-1
2.17549586296	-1
2.17549586296	-1
2.22433781624	-1
2.24102783203	-1
2.24102783203	-1
2.24102783203	-1
2.28248691559	-1
2.28335881233	1
2.28585481644	-1
2.28585481644	-1
2.28585481644	-1
2.28585481644	-1
2.34954285622	-1
2.34954285622	-1
2.34954285622	-1
2.34954285622	-1
2.34954285622	-1
2.34954285622	-1
2.36015081406	-1
2.39723682404	-1
2.39723682404	-1
2.72881889343	1
2.85547304153	-1
2.85714793205	1
3.45518493652	-1
3.45561599731	1
3.74355792999	1
3.85806584358	1
3.86647701263	-1
4.01237297058	1
4.03737282753	-1
4.11325001717	1
4.11325001717	1
4.11325001717	1
4.11519789696	1
4.11519789696	1
4.37253594398	-1
4.37542200089	1
4.48708796501	-1
4.48999285698	1
4.70244383812	-1
4.73852396011	-1
4.73852396011	-1
4.73852396011	-1
4.83493590355	-1
4.83493590355	-1
4.96741104126	-1
4.96809601784	1
5.49762582779	-1
5.65690398216	-1
5.65926790237	1
6.30294704437	-1
6.56273984909	1
6.67719984055	1
6.79188489914	1
6.94861602783	-1
6.9503660202	1
7.28051590919	-1
7.43379282951	-1
7.43531298637	1
7.56314587593	1
7.82017302513	-1
19.916852951	-1
19.9182219505	1
19.9811439514	-1
19.9811439514	-1
19.9811439514	-1
19.9826328754	1
19.9826328754	1
19.9826328754	1
32.7163889408	1
32.7163889408	1
