0.0	1
0.250594139099	1
1.22888112068	-1
1.22974395752	1
1.3594930172	-1
1.36014103889	1
1.36576509476	1
1.36576509476	1
1.36576509476	1
1.36576509476	1
1.36576509476	1
1.36576509476	1
2.18648004532	-1
2.18810796738	1
2.34135699272	-1
2.34283399582	1
2.48432207108	-1
2.48553395271	1
2.59961605072	-1
2.60074210167	1
2.86405706406	-1
2.91982793808	-1
2.91982793808	-1
2.91982793808	-1
2.91982793808	-1
2.91982793808	-1
2.91982793808	-1
2.91982793808	-1
2.96329808235	-1
2.97659611702	1
3.01758408546	-1
3.01758408546	-1
3.09043598175	1
3.15935897827	-1
3.15935897827	-1
3.15935897827	-1
3.16494703293	-1
3.16494703293	-1
3.16494703293	-1
3.22572612762	1
3.27844595909	-1
3.27844595909	-1
3.27844595909	-1
3.27844595909	-1
3.39781117439	-1
3.41863894463	-1
3.41863894463	-1
3.41863894463	-1
3.41863894463	-1
3.41863894463	-1
3.41863894463	-1
3.41863894463	-1
3.51216506958	-1
3.63821005821	-1
3.64376115799	-1
3.64376115799	-1
3.64376115799	-1
3.75231695175	-1
3.77527403831	-1
3.77527403831	-1
3.77527403831	-1
3.77527403831	-1
3.86772108078	1
3.98089909554	-1
3.98220896721	1
4.26955008507	-1
4.30788016319	-1
4.30788016319	-1
4.30788016319	-1
4.31525397301	-1
4.31525397301	-1
4.31525397301	-1
4.38448214531	1
4.38802909851	1
4.38802909851	1
4.38802909851	1
4.38802909851	1
4.38963294029	1
4.38963294029	1
4.42200899124	-1
4.44480395317	-1
4.44480395317	-1
4.44480395317	-1
4.45753097534	1
4.45753097534	1
4.49838900566	1
4.58013701439	1
4.58013701439	1
4.58013701439	1
4.58203911781	1
4.58203911781	1
4.726801157	1
4.82662796974	-1
4.84080600739	1
4.99692511559	-1
5.00439310074	1
5.43302202225	-1
5.53150415421	-1
5.53150415421	-1
5.53150415421	-1
5.53150415421	-1
5.53150415421	-1
5.53625607491	-1
5.53625607491	-1
5.58730602264	-1
5.58874106407	1
5.64931511879	-1
5.64931511879	-1
5.64931511879	-1
5.64931511879	-1
5.64931511879	-1
5.64931511879	-1
5.7026860714	1
5.70601916313	-1
5.70601916313	-1
5.70601916313	-1
5.70601916313	-1
5.71204304695	-1
5.71204304695	-1
5.71204304695	-1
5.72047996521	-1
5.7527179718	-1
5.7527179718	-1
5.7527179718	-1
5.7527179718	-1
5.7527179718	-1
5.7527179718	-1
5.7527179718	-1
5.76930594444	-1
5.76930594444	-1
5.76930594444	-1
5.8454041481	-1
5.8454041481	-1
5.8454041481	-1
5.84776902199	1
5.856580019	-1
5.856580019	-1
5.856580019	-1
5.856580019	-1
5.856580019	-1
5.87754702568	-1
5.87952113152	1
5.87952113152	1
5.87952113152	1
5.88037896156	1
5.88037896156	1
5.89694809914	-1
5.89694809914	-1
5.89694809914	-1
5.89694809914	-1
5.89694809914	-1
5.89694809914	-1
5.89694809914	-1
5.92024707794	-1
5.92035198212	-1
5.92035198212	-1
5.92035198212	-1
5.92035198212	-1
5.92035198212	-1
5.92035198212	-1
5.92035198212	-1
5.92179894447	1
5.92179894447	1
5.92179894447	1
5.9569940567	-1
5.9569940567	-1
5.9569940567	-1
5.9569940567	-1
5.9569940567	-1
5.9569940567	-1
5.9569940567	-1
5.9569940567	-1
5.97242808342	-1
5.97242808342	-1
5.97242808342	-1
5.99485111237	-1
6.01596212387	-1
6.01596212387	-1
6.01596212387	-1
6.0457611084	-1
6.0457611084	-1
6.0457611084	-1
6.0457611084	-1
6.0457611084	-1
6.0457611084	-1
6.0457611084	-1
6.0457611084	-1
6.05574607849	-1
6.05574607849	-1
6.05574607849	-1
6.05574607849	-1
6.05574607849	-1
6.05574607849	-1
6.05574607849	-1
6.06794714928	1
6.06794714928	1
6.06794714928	1
6.0688970089	1
6.0688970089	1
6.0704331398	1
6.0704331398	1
6.0704331398	1
6.07133793831	-1
6.07133793831	-1
6.07133793831	-1
6.07133793831	-1
6.07133793831	-1
6.07133793831	-1
6.07133793831	-1
6.08669710159	-1
6.08669710159	-1
6.08673715591	1
6.13988614082	-1
6.13988614082	-1
6.13988614082	-1
6.13988614082	-1
6.13988614082	-1
6.13988614082	-1
6.13988614082	-1
6.13988614082	-1
6.15460515022	-1
6.18581199646	-1
6.18581199646	-1
6.24112606049	1
6.27293014526	-1
6.27293014526	-1
6.27293014526	-1
6.27293014526	-1
6.27293014526	-1
6.5525841713	-1
6.64324712753	-1
6.64324712753	-1
6.64324712753	-1
6.64324712753	-1
6.64324712753	-1
6.64324712753	-1
6.64885902405	-1
6.64885902405	-1
6.64885902405	-1
6.64885902405	-1
6.64885902405	-1
6.64885902405	-1
6.66446304321	-1
6.66446304321	-1
6.66446304321	-1
6.66446304321	-1
6.66446304321	-1
6.66446304321	-1
6.66446304321	-1
6.66446304321	-1
6.67621707916	-1
6.67621707916	-1
6.67621707916	-1
6.78057694435	-1
6.80208015442	-1
6.80208015442	-1
6.80208015442	-1
6.80208015442	-1
6.80208015442	-1
6.80208015442	-1
6.81371116638	-1
6.81371116638	-1
6.81371116638	-1
6.81371116638	-1
6.81371116638	-1
6.81371116638	-1
6.81371116638	-1
6.82061004639	-1
6.86298108101	-1
6.86298108101	-1
6.86298108101	-1
6.86298108101	-1
6.87041401863	-1
6.87041401863	-1
6.87041401863	-1
6.87041401863	-1
6.87041401863	-1
6.87041401863	-1
6.87041401863	-1
6.8767220974	-1
6.8767220974	-1
6.89496707916	-1
6.91935896873	-1
6.91935896873	-1
6.91935896873	-1
6.93178915977	-1
6.93178915977	-1
6.93178915977	-1
6.94905209541	-1
6.94905209541	-1
6.94905209541	-1
6.94905209541	-1
6.94905209541	-1
6.94905209541	-1
6.94905209541	-1
6.94905209541	-1
6.95851612091	-1
6.95851612091	-1
6.95851612091	-1
6.95851612091	-1
6.95851612091	-1
6.95851612091	-1
6.95851612091	-1
6.95851612091	-1
6.98640394211	-1
6.98640394211	-1
6.98640394211	-1
6.98640394211	-1
6.98640394211	-1
6.98640394211	-1
6.98640394211	-1
6.98640394211	-1
6.98906993866	1
6.98921608925	1
6.98921608925	1
6.98921608925	1
6.98921608925	1
7.00378203392	-1
7.00378203392	-1
7.00378203392	-1
7.00378203392	-1
7.00378203392	-1
7.00378203392	-1
7.00378203392	-1
7.00378203392	-1
7.04607915878	-1
7.04607915878	-1
7.04607915878	-1
7.04607915878	-1
7.04607915878	-1
7.04607915878	-1
7.04607915878	-1
7.04607915878	-1
7.04607915878	-1
7.04643106461	-1
7.04643106461	-1
7.04643106461	-1
7.04643106461	-1
7.06359314919	-1
7.06584215164	-1
7.06584215164	-1
7.06584215164	-1
7.08544015884	-1
7.08544015884	-1
7.08544015884	-1
7.08544015884	-1
7.08544015884	-1
7.08544015884	-1
7.08544015884	-1
7.08544015884	-1
7.10170197487	-1
7.10170197487	-1
7.10170197487	-1
7.10170197487	-1
7.10170197487	-1
7.10170197487	-1
7.10170197487	-1
7.10170197487	-1
7.10457801819	1
7.10457801819	1
7.10475707054	1
7.10475707054	1
7.10475707054	1
7.10475707054	1
7.10475707054	1
7.10475707054	1
7.11177897453	-1
7.11177897453	-1
7.11177897453	-1
7.11393904686	1
7.11393904686	1
7.11393904686	1
7.12780094147	-1
7.12780094147	-1
7.12780094147	-1
7.12780094147	-1
7.12780094147	-1
7.12780094147	-1
7.12780094147	-1
7.12780094147	-1
7.14961910248	-1
7.14961910248	-1
7.14961910248	-1
7.14961910248	-1
7.14961910248	-1
7.14961910248	-1
7.14961910248	-1
7.14961910248	-1
7.16049599648	-1
7.16049599648	-1
7.16049599648	-1
7.16049599648	-1
7.16049599648	-1
7.16049599648	-1
7.16049599648	-1
7.16049599648	-1
7.17790102959	-1
7.17790102959	-1
7.17790102959	-1
7.17790102959	-1
7.17790102959	-1
7.17790102959	-1
7.17790102959	-1
7.17790102959	-1
7.19987797737	-1
7.19987797737	-1
7.19987797737	-1
7.19987797737	-1
7.19987797737	-1
7.19987797737	-1
7.19987797737	-1
7.19987797737	-1
7.20756411552	-1
7.20761013031	-1
7.20761013031	-1
7.20761013031	-1
7.20761013031	-1
7.20761013031	-1
7.20761013031	-1
7.20761013031	-1
7.21916508675	-1
7.22835898399	-1
7.22835898399	-1
7.22835898399	-1
7.22835898399	-1
7.22835898399	-1
7.22835898399	-1
7.22835898399	-1
7.22839903831	1
7.24177312851	-1
7.25103497505	-1
7.25103497505	-1
7.25103497505	-1
7.25103497505	-1
7.25103497505	-1
7.25103497505	-1
7.25103497505	-1
7.26388096809	-1
7.26931715012	-1
7.26931715012	-1
7.26931715012	-1
7.26931715012	-1
7.26931715012	-1
7.26931715012	-1
7.26931715012	-1
7.27820515633	-1
7.27820515633	-1
7.27820515633	-1
7.27820515633	-1
7.27820515633	-1
7.27820515633	-1
7.27820515633	-1
7.29641103745	-1
7.29641103745	-1
7.30711698532	-1
7.30711698532	-1
7.30711698532	-1
7.30711698532	-1
7.30711698532	-1
7.30711698532	-1
7.30711698532	-1
7.31555008888	-1
7.33780503273	-1
7.33780503273	-1
7.33780503273	-1
7.33780503273	-1
7.33780503273	-1
7.33780503273	-1
7.33780503273	-1
7.3467259407	-1
7.3467669487	1
7.3467669487	1
7.3573141098	-1
7.3573141098	-1
7.3573141098	-1
7.3573141098	-1
7.36632609367	-1
7.37664794922	-1
7.37664794922	-1
7.37664794922	-1
7.37664794922	-1
7.37664794922	-1
7.37664794922	-1
7.37664794922	-1
7.3872320652	-1
7.39870095253	-1
7.39870095253	-1
7.39870095253	-1
7.39870095253	-1
7.39870095253	-1
7.39870095253	-1
7.39870095253	-1
7.41947007179	-1
7.41947007179	-1
7.42809009552	-1
7.42809009552	-1
7.42809009552	-1
7.42809009552	-1
7.43812203407	-1
7.44753313065	-1
7.44753313065	-1
7.44753313065	-1
7.46861696243	-1
7.46861696243	-1
7.46861696243	-1
7.46861696243	-1
7.46865797043	1
7.47938108444	-1
7.488945961	-1
7.488945961	-1
7.488945961	-1
7.49855494499	1
7.49855494499	1
7.49855494499	1
7.49855494499	1
7.50456309319	-1
7.50988507271	1
7.50988507271	1
7.51165008545	-1
7.51165008545	-1
7.51165008545	-1
7.53505706787	-1
7.53505706787	-1
7.53505706787	-1
7.53505706787	-1
7.54355406761	1
7.54355406761	1
7.56380105019	-1
7.58069515228	-1
7.58069515228	-1
7.58069515228	-1
7.59089303017	-1
7.59089303017	-1
7.59089303017	-1
7.59089303017	-1
7.59089303017	-1
7.73786902428	-1
7.90546607971	-1
8.21874713898	-1
8.29714012146	-1
8.29714012146	-1
8.29714012146	-1
8.29714012146	-1
8.29714012146	-1
8.29714012146	-1
8.30392694473	-1
8.30392694473	-1
8.30392694473	-1
8.30392694473	-1
8.30392694473	-1
8.32248210907	-1
8.32248210907	-1
8.32248210907	-1
8.32248210907	-1
8.32248210907	-1
8.32248210907	-1
8.32248210907	-1
8.32248210907	-1
8.32366299629	1
8.34660005569	-1
8.35462498665	-1
8.35462498665	-1
8.35462498665	-1
8.35462498665	-1
8.35462498665	-1
8.37221908569	-1
8.37221908569	-1
8.37221908569	-1
8.40952706337	-1
8.48222994804	-1
8.48222994804	-1
8.48222994804	-1
8.48222994804	-1
8.48222994804	-1
8.48222994804	-1
8.48222994804	-1
8.48222994804	-1
8.48222994804	-1
8.49123811722	-1
8.49123811722	-1
8.49123811722	-1
8.49123811722	-1
8.49123811722	-1
8.49123811722	-1
8.49123811722	-1
8.50076007843	-1
8.50907516479	-1
8.50907516479	-1
8.50907516479	-1
8.50907516479	-1
8.50907516479	-1
8.61122298241	-1
8.61122298241	-1
8.61122298241	-1
8.62995004654	-1
8.62995004654	-1
8.62995004654	-1
8.62995004654	-1
8.62995004654	-1
8.64888596535	-1
8.64888596535	-1
8.64888596535	-1
8.64888596535	-1
8.65924596786	-1
8.66846203804	-1
8.66846203804	-1
8.66846203804	-1
8.66846203804	-1
8.66846203804	-1
8.66846203804	-1
8.66846203804	-1
8.67631101608	-1
8.67631101608	-1
8.67631101608	-1
8.67631101608	-1
8.67631101608	-1
8.67631101608	-1
8.67631101608	-1
8.67665505409	1
8.68670797348	-1
8.68670797348	-1
8.68670797348	-1
8.68670797348	-1
8.68670797348	-1
8.68670797348	-1
8.68670797348	-1
8.70378708839	-1
8.70378708839	-1
8.70378708839	-1
8.70378708839	-1
8.70378708839	-1
8.71211910248	-1
8.72218394279	-1
8.72218394279	-1
8.72218394279	-1
8.72218394279	-1
8.72218394279	-1
8.72218394279	-1
8.76614403725	-1
8.76614403725	-1
8.76614403725	-1
8.76614403725	-1
8.76614403725	-1
8.76614403725	-1
8.76614403725	-1
8.76614403725	-1
8.78034210205	-1
8.78034210205	-1
8.78034210205	-1
8.78034210205	-1
8.78034210205	-1
8.78034210205	-1
8.78034210205	-1
8.78034210205	-1
8.80841112137	-1
8.80841112137	-1
8.80841112137	-1
8.80968809128	1
8.83687615395	-1
8.83687615395	-1
8.83687615395	-1
8.83687615395	-1
8.86718702316	-1
8.86718702316	-1
8.86718702316	-1
8.86718702316	-1
8.86718702316	-1
8.86718702316	-1
8.86718702316	-1
8.86718702316	-1
8.87911605835	-1
8.87911605835	-1
8.87911605835	-1
8.87911605835	-1
8.87911605835	-1
8.87911605835	-1
8.87911605835	-1
8.89149403572	-1
8.9126060009	-1
8.9126060009	-1
8.9126060009	-1
8.9126060009	-1
8.9126060009	-1
8.9126060009	-1
8.9126060009	-1
8.9126060009	-1
8.93231606483	-1
8.93231606483	-1
8.94361901283	-1
8.94361901283	-1
8.94361901283	-1
8.94361901283	-1
8.94361901283	-1
8.94361901283	-1
8.9442551136	1
8.96515417099	-1
8.96515417099	-1
8.96515417099	-1
8.96515417099	-1
8.96515417099	-1
8.96515417099	-1
8.96515417099	-1
8.96515417099	-1
8.9767241478	-1
8.98634910583	-1
8.98634910583	-1
8.98634910583	-1
8.98634910583	-1
8.98634910583	-1
9.00584697723	-1
9.00584697723	-1
9.00584697723	-1
9.00584697723	-1
9.00584697723	-1
9.00584697723	-1
9.00584697723	-1
9.01256203651	-1
9.02151107788	-1
9.02151107788	-1
9.02151107788	-1
9.02151107788	-1
9.02151107788	-1
9.02151107788	-1
9.02151107788	-1
9.02749204636	-1
9.02749204636	-1
9.02749204636	-1
9.02749204636	-1
9.02749204636	-1
9.02749204636	-1
9.02749204636	-1
9.05124902725	-1
9.05124902725	-1
9.06126093864	-1
9.06126093864	-1
9.06126093864	-1
9.07109308243	-1
9.07109308243	-1
9.07109308243	-1
9.07109308243	-1
9.07109308243	-1
9.07109308243	-1
9.10087203979	1
9.10867905617	1
9.10867905617	1
9.10867905617	1
9.1090259552	1
9.1090259552	1
9.49468612671	1
10.2972710133	-1
10.3118400574	-1
10.3118400574	-1
10.3118400574	-1
10.3118400574	-1
10.3118400574	-1
10.3118400574	-1
10.3118400574	-1
10.3118400574	-1
10.3193321228	-1
10.3193321228	-1
10.3193321228	-1
10.3193321228	-1
10.3205440044	1
10.3543450832	-1
10.3543450832	-1
10.4248940945	-1
10.4248940945	-1
10.4344191551	1
10.4344191551	1
10.5398600101	-1
10.5398600101	-1
10.5970971584	-1
10.5970971584	-1
10.5970971584	-1
10.693572998	-1
10.8077011108	-1
11.2055389881	-1
11.3790380955	-1
11.4951720238	1
11.4952230453	-1
11.4955840111	1
11.4955840111	1
11.4955840111	1
11.5034739971	-1
11.5034739971	-1
11.5034739971	-1
11.7052190304	1
11.7052190304	1
11.7052190304	1
11.7054240704	1
11.7054240704	1
11.7054240704	1
11.7054240704	1
11.7072851658	1
11.7075841427	1
11.7075841427	1
11.7075841427	1
11.7075841427	1
11.7075841427	1
11.7075841427	1
11.7075841427	1
11.7090511322	1
11.7092690468	1
11.7092690468	1
11.7092690468	1
11.7092690468	1
11.7092690468	1
11.7092690468	1
12.0213201046	-1
