0.0	1
0.298640966415	1
0.599816083908	-1
0.600953102112	1
0.958003997803	-1
0.958797931671	1
0.964440107346	1
0.964440107346	1
0.964440107346	1
0.964440107346	1
0.964440107346	1
0.964440107346	1
1.59327793121	-1
1.59501791	1
1.66912794113	-1
1.66912794113	-1
1.67095899582	1
1.7827630043	-1
1.78279590607	1
1.8965959549	1
2.14030909538	-1
2.14176511765	1
2.19636702538	-1
2.19636702538	-1
2.19636702538	-1
2.37764596939	-1
2.37781500816	-1
2.37781500816	-1
2.37781500816	-1
2.37781500816	-1
2.37781500816	-1
2.37781500816	-1
2.40332603455	-1
2.40332603455	-1
2.40357494354	-1
2.40357494354	-1
2.40357494354	-1
2.40357494354	-1
2.40357494354	-1
2.40357494354	-1
2.40357494354	-1
2.41663312912	1
2.56226110458	-1
2.56226110458	-1
2.57687091827	-1
2.57687091827	-1
2.57687091827	-1
2.57687091827	-1
2.57687091827	-1
2.57687091827	-1
2.57687091827	-1
2.66645598412	1
2.74374294281	-1
2.79727506638	-1
2.79727506638	-1
2.79727506638	-1
2.79727506638	-1
2.79727506638	-1
2.79727506638	-1
2.79727506638	-1
2.79727506638	-1
2.99305105209	-1
2.99429607391	1
3.0896730423	-1
3.08971405029	1
3.11656713486	1
3.11656713486	1
3.11656713486	1
3.13422298431	1
3.13422298431	1
3.13422298431	1
3.13422298431	1
3.13422298431	1
3.16362214088	-1
3.40966200829	-1
