0.0	1
0.250179052353	1
0.361351966858	-1
0.412596940994	1
0.755065917969	1
0.809633016586	-1
0.812209129333	1
0.812209129333	1
0.812209129333	1
0.812209129333	1
0.868109941483	-1
0.868109941483	-1
0.868109941483	-1
0.868109941483	-1
0.868109941483	-1
0.868109941483	-1
0.868109941483	-1
0.868109941483	-1
0.868109941483	-1
1.00886201859	1
1.00886201859	1
1.00886201859	1
1.47712993622	-1
1.47878503799	1
1.63416099548	-1
1.63416099548	-1
1.64460396767	1
1.64460396767	1
1.80177807808	-1
1.80297708511	1
1.92710900307	-1
1.92710900307	-1
1.92710900307	-1
1.92814302444	-1
1.92814302444	-1
1.92814302444	-1
1.92814302444	-1
1.92814302444	-1
1.92814302444	-1
1.97702813148	1
2.07091403008	-1
2.07091403008	-1
2.07091403008	-1
2.07101202011	-1
2.07101202011	-1
2.07101202011	-1
2.07101202011	-1
2.07101202011	-1
2.07101202011	-1
2.10252809525	-1
2.10252809525	-1
2.14123106003	-1
2.14123106003	-1
2.14123106003	-1
2.14123106003	-1
2.14123106003	-1
2.14123106003	-1
2.14123106003	-1
2.2270181179	1
2.23434305191	-1
2.29145097733	-1
2.29145097733	-1
2.29145097733	-1
2.29145097733	-1
2.29145097733	-1
2.29145097733	-1
2.29145097733	-1
2.29145097733	-1
2.45727801323	-1
2.45848894119	1
2.62139391899	-1
2.81803202629	-1
3.01665306091	-1
3.02415800095	1
3.38741898537	-1
3.63019299507	-1
3.65027403831	1
4.02551293373	-1
4.19676208496	1
4.19676208496	1
4.19676208496	1
4.56086492538	-1
4.85491800308	-1
4.9086971283	-1
4.9086971283	-1
4.9086971283	-1
6.63731312752	1
6.79082393646	1
7.63751411438	1
9.02947211266	-1
10.365680933	1
10.5167570114	1
10.5167570114	1
10.6885011196	-1
10.6903369427	1
12.9766271114	-1
12.9795260429	1
13.3689470291	1
13.4258840084	-1
13.5395960808	1
13.6359591484	-1
13.6995859146	1
14.054074049	-1
14.0570061207	1
14.5523331165	-1
19.5518240929	-1
19.5531740189	1
19.6376860142	1
19.6376860142	1
19.6376860142	1
19.7038190365	-1
19.7038190365	-1
20.2394740582	-1
20.3635249138	1
20.5574710369	1
20.5574710369	1
20.7315180302	-1
20.7333910465	1
20.9131281376	-1
20.9144361019	1
21.0750761032	-1
21.0779590607	1
21.4401221275	-1
21.7796559334	-1
21.7922041416	1
21.9367690086	-1
21.9441199303	1
22.0981080532	-1
22.0981080532	-1
22.0981559753	1
22.3528659344	1
22.7360291481	-1
22.7373330593	1
23.052726984	-1
24.1505739689	-1
24.1621830463	-1
24.1621830463	-1
24.1621830463	-1
24.1621830463	-1
24.1621830463	-1
24.1621830463	-1
24.1621830463	-1
24.2847049236	-1
24.2853491306	-1
24.2853491306	-1
24.2853491306	-1
24.2853491306	-1
24.2853491306	-1
24.2853491306	-1
24.2853491306	-1
24.3149831295	-1
24.3186271191	1
24.3301100731	1
24.3301100731	1
24.3301100731	1
24.3301100731	1
24.3314800262	1
24.3314800262	1
24.4932990074	-1
24.5774059296	1
24.5774059296	1
24.5774059296	1
24.5814061165	1
24.5814061165	1
24.6739931107	1
24.699516058	-1
24.7020289898	1
24.7020289898	1
24.7020289898	1
24.7020289898	1
24.7020289898	1
24.7020289898	1
24.7020289898	1
24.7020289898	1
25.0185170174	-1
25.0313560963	1
25.0639560223	-1
25.0639560223	-1
25.0639560223	-1
25.0639560223	-1
25.0639560223	-1
25.0639560223	-1
25.0639560223	-1
25.0639560223	-1
25.0639560223	-1
25.0643069744	-1
25.0643069744	-1
25.0643069744	-1
25.0643069744	-1
25.0643069744	-1
25.0643069744	-1
25.0643069744	-1
25.2443521023	-1
25.2443521023	-1
25.2443521023	-1
25.2443521023	-1
25.2443521023	-1
25.2443521023	-1
25.2443521023	-1
25.2443521023	-1
25.2592020035	-1
25.2710180283	-1
25.2710180283	-1
25.2710180283	-1
25.2710180283	-1
25.2710180283	-1
25.2710180283	-1
25.2710180283	-1
25.2712430954	-1
25.2730500698	-1
25.2730500698	-1
25.2730500698	-1
25.2730500698	-1
25.2730500698	-1
25.2730500698	-1
25.2730500698	-1
25.2730500698	-1
25.2744851112	1
25.2749819756	-1
25.2749819756	-1
25.2749819756	-1
25.3554620743	-1
25.3571529388	1
25.3571529388	1
25.3571529388	1
25.3571529388	1
25.3571529388	1
25.3571529388	1
25.3571529388	1
25.3571529388	1
25.3571529388	1
25.3571529388	1
25.4453749657	-1
25.4453749657	-1
25.4453749657	-1
25.4514961243	-1
25.4514961243	-1
25.4536659718	1
25.4536659718	1
25.4536659718	1
25.51613307	-1
25.51613307	-1
25.5210011005	1
25.5210011005	1
25.5210011005	1
25.7785179615	-1
25.7794239521	-1
25.7794239521	-1
25.7794239521	-1
25.7798149586	1
25.7798409462	-1
25.7798409462	-1
25.7798409462	-1
25.7798409462	-1
25.7798409462	-1
25.7798409462	-1
25.7798409462	-1
25.7807810307	-1
25.7807810307	-1
25.7807810307	-1
25.7807810307	-1
25.7807810307	-1
25.7807810307	-1
25.7807810307	-1
25.7920360565	-1
25.7920360565	-1
25.7920360565	-1
25.7920360565	-1
25.7920360565	-1
25.7920360565	-1
25.7920360565	-1
25.7920360565	-1
25.9348139763	-1
25.9738869667	1
25.9867680073	-1
25.9867680073	-1
25.9867680073	-1
25.9867680073	-1
25.9867680073	-1
25.9867680073	-1
25.9867680073	-1
25.9867680073	-1
26.1637020111	-1
26.1637020111	-1
26.1637020111	-1
26.1637020111	-1
26.1637020111	-1
26.1637020111	-1
26.1637020111	-1
26.1637020111	-1
26.1637020111	-1
26.1637380123	1
26.164055109	-1
26.164055109	-1
26.164055109	-1
26.164055109	-1
26.164055109	-1
26.2924940586	-1
26.2924940586	-1
26.3550410271	-1
26.3550410271	-1
26.3550410271	-1
26.3550410271	-1
26.3550410271	-1
26.3550410271	-1
26.3550410271	-1
26.3550510406	1
26.3573129177	-1
26.3573360443	-1
26.3573360443	-1
26.3573360443	-1
26.3573360443	-1
26.3573360443	-1
26.3573360443	-1
26.3573360443	-1
26.4881250858	-1
26.5467550755	-1
26.5467550755	-1
26.5467550755	-1
26.5467550755	-1
26.5467550755	-1
26.5467550755	-1
26.5467550755	-1
26.5467550755	-1
26.5467550755	-1
26.5467870235	1
26.5471050739	-1
26.5471050739	-1
26.5471050739	-1
26.5471050739	-1
26.5471050739	-1
26.5471050739	-1
26.7220909595	-1
26.7220909595	-1
26.7220909595	-1
26.7220909595	-1
26.7220909595	-1
26.7220909595	-1
26.7220909595	-1
26.7220909595	-1
26.7220909595	-1
26.722440958	-1
26.722440958	-1
26.722440958	-1
26.722440958	-1
26.722440958	-1
26.722440958	-1
26.722440958	-1
26.7234499454	1
26.8773031235	-1
26.8823781013	-1
26.8823781013	-1
26.8823781013	-1
26.8823781013	-1
26.8823781013	-1
26.8823781013	-1
26.8823781013	-1
26.8849050999	-1
26.8849050999	-1
26.8849050999	-1
26.8849050999	-1
26.8849050999	-1
26.8849050999	-1
26.8849050999	-1
26.8849050999	-1
27.0505900383	-1
27.05458498	-1
27.05458498	-1
27.05458498	-1
27.05458498	-1
27.05458498	-1
27.05458498	-1
27.05458498	-1
27.05458498	-1
27.0548110008	-1
27.0548110008	-1
27.0548110008	-1
27.0548110008	-1
27.0548110008	-1
27.0548110008	-1
27.0548110008	-1
27.2209439278	-1
27.2209439278	-1
27.2209439278	-1
27.2209439278	-1
27.2209439278	-1
27.2209439278	-1
27.2209439278	-1
27.2209439278	-1
27.2315189838	-1
27.2315680981	-1
27.2315680981	-1
27.2315680981	-1
27.2315680981	-1
27.2315680981	-1
27.2315680981	-1
27.2324199677	-1
27.2324199677	-1
27.2324199677	-1
27.2324199677	-1
27.2324199677	-1
27.2324199677	-1
27.2324199677	-1
27.2328591347	1
27.3871319294	1
27.4352841377	-1
27.4352841377	-1
27.4352841377	-1
27.4352841377	-1
27.4352841377	-1
27.4352841377	-1
27.4352841377	-1
27.4352841377	-1
27.4475820065	-1
27.4475820065	-1
27.4475820065	-1
27.4475820065	-1
27.4475820065	-1
27.4475820065	-1
27.4475820065	-1
27.4475820065	-1
27.4797830582	-1
27.4840810299	-1
27.4840810299	-1
27.4840810299	-1
27.4840810299	-1
27.4840810299	-1
27.4840810299	-1
27.4840810299	-1
27.6229109764	-1
27.6229109764	-1
27.6229109764	-1
27.6229109764	-1
27.6229109764	-1
27.6229109764	-1
27.6229109764	-1
27.6229109764	-1
27.6229109764	-1
27.6232559681	-1
27.6232559681	-1
27.6232559681	-1
27.6232559681	-1
27.6232559681	-1
27.6232559681	-1
27.6232559681	-1
27.7991061211	-1
27.7991061211	-1
27.7991061211	-1
27.7991061211	-1
27.7991061211	-1
27.7991061211	-1
27.7991061211	-1
27.7991061211	-1
27.8070931435	-1
27.8082220554	1
27.8153650761	-1
27.8153650761	-1
27.8153650761	-1
27.8153650761	-1
27.8153650761	-1
27.8153650761	-1
27.8153650761	-1
27.8153650761	-1
27.8156580925	-1
27.8156580925	-1
27.8156580925	-1
27.8156580925	-1
27.8156580925	-1
27.8156580925	-1
27.8156580925	-1
27.9638750553	-1
27.9638750553	-1
27.9638750553	-1
27.9638750553	-1
27.9638750553	-1
27.9638750553	-1
27.9638750553	-1
27.9638750553	-1
27.983134985	-1
27.983134985	-1
27.983134985	-1
27.983134985	-1
27.983134985	-1
27.983134985	-1
27.983134985	-1
27.983134985	-1
28.3238511086	-1
28.3297080994	-1
28.3297080994	-1
28.3297080994	-1
28.3297080994	-1
28.3297080994	-1
28.3297080994	-1
28.3297080994	-1
28.3297080994	-1
28.3298690319	-1
28.3298690319	-1
28.3298690319	-1
28.3298690319	-1
28.3298690319	-1
28.3298690319	-1
28.3308980465	1
28.3406641483	-1
28.3406641483	-1
28.3406641483	-1
28.3406641483	-1
28.3406641483	-1
28.3406641483	-1
28.3406641483	-1
28.3406641483	-1
28.4918351173	-1
28.4918351173	-1
28.4918351173	-1
28.4918351173	-1
28.4918351173	-1
28.4918351173	-1
28.4918351173	-1
28.4918351173	-1
28.4918351173	-1
28.4918689728	1
28.4921021461	-1
28.4921021461	-1
28.4921021461	-1
28.4921021461	-1
28.4921021461	-1
28.4921021461	-1
28.4921021461	-1
28.6824710369	-1
28.6824710369	-1
28.6824710369	-1
28.6824710369	-1
28.6824710369	-1
28.6824710369	-1
28.6824710369	-1
28.6824710369	-1
28.6848580837	-1
28.685115099	-1
28.685115099	-1
28.685115099	-1
28.685115099	-1
28.685115099	-1
28.685115099	-1
28.685115099	-1
29.0799441338	-1
29.0819680691	-1
29.0819680691	-1
29.0819680691	-1
29.0819680691	-1
29.0819680691	-1
29.0819680691	-1
29.0819680691	-1
29.0819680691	-1
29.0821311474	-1
29.0821311474	-1
29.0821311474	-1
29.0821311474	-1
29.0821311474	-1
29.0821311474	-1
29.0821311474	-1
29.0831880569	1
29.2427680492	-1
29.244385004	-1
29.244385004	-1
29.244385004	-1
29.244385004	-1
29.244385004	-1
29.244385004	-1
29.244385004	-1
29.4647231102	-1
29.4647231102	-1
29.4647231102	-1
29.4647231102	-1
29.4647231102	-1
29.4647231102	-1
29.4647231102	-1
29.4647231102	-1
29.5074341297	-1
29.5142719746	-1
29.5142719746	-1
29.5142719746	-1
29.5142719746	-1
29.5142719746	-1
29.5142719746	-1
29.6264970303	-1
29.6264970303	-1
29.6264970303	-1
29.6264970303	-1
29.6264970303	-1
29.6264970303	-1
29.6264970303	-1
29.6264970303	-1
29.7887511253	-1
29.7887511253	-1
29.7887511253	-1
29.7887511253	-1
29.7887511253	-1
29.7887511253	-1
29.7887511253	-1
29.7887511253	-1
29.9046239853	1
30.2490470409	-1
30.2498860359	-1
30.2498860359	-1
30.2498860359	-1
30.2498860359	-1
30.2498860359	-1
30.2498860359	-1
30.2498860359	-1
30.2498860359	-1
30.2501149178	-1
30.2501149178	-1
30.2501149178	-1
30.2501149178	-1
30.2501149178	-1
30.2501149178	-1
30.2501149178	-1
30.2511911392	1
30.4413371086	1
30.4416429996	1
30.4416429996	1
30.4416429996	1
30.4574580193	-1
30.4574580193	-1
30.4574580193	-1
30.4574580193	-1
30.4574580193	-1
30.4574580193	-1
30.4574580193	-1
30.4574580193	-1
30.6158931255	1
30.630975008	-1
30.630975008	-1
30.630975008	-1
30.630975008	-1
30.630975008	-1
30.630975008	-1
30.630975008	-1
30.630975008	-1
30.6315710545	-1
30.6315710545	-1
30.6315710545	-1
30.6315710545	-1
30.6315710545	-1
30.6315710545	-1
30.6315710545	-1
30.6315710545	-1
30.8088829517	-1
30.8088829517	-1
30.8088829517	-1
30.8088829517	-1
30.8088829517	-1
30.8088829517	-1
30.8088829517	-1
30.8088829517	-1
31.00020504	-1
31.00020504	-1
31.00020504	-1
31.00020504	-1
31.00020504	-1
31.00020504	-1
31.00020504	-1
31.00020504	-1
31.00020504	-1
31.0005540848	-1
31.0005540848	-1
31.0005540848	-1
31.0005540848	-1
31.0005540848	-1
31.0005540848	-1
31.0016801357	1
31.1903169155	-1
31.1903169155	-1
31.1903169155	-1
31.1903169155	-1
31.1903169155	-1
31.1903169155	-1
31.1903169155	-1
31.1903169155	-1
32.1113729477	-1
32.1141180992	-1
32.1141180992	-1
32.1141180992	-1
32.1141180992	-1
32.1141180992	-1
32.1141180992	-1
32.1141180992	-1
32.1141180992	-1
32.114346981	-1
32.114346981	-1
32.114346981	-1
32.114346981	-1
32.114346981	-1
32.114346981	-1
32.114346981	-1
32.2718839645	1
32.4916279316	-1
32.4925501347	-1
32.4925501347	-1
32.4925501347	-1
32.4925501347	-1
32.4925501347	-1
32.4925501347	-1
32.4925501347	-1
32.6679420471	-1
32.6679420471	-1
32.6679420471	-1
32.6679420471	-1
32.6679420471	-1
32.6679420471	-1
32.6679420471	-1
32.6679420471	-1
32.667994976	1
32.8617799282	-1
32.8617799282	-1
32.8617799282	-1
32.8617799282	-1
32.8617799282	-1
32.8617799282	-1
32.8617799282	-1
32.8617799282	-1
32.9927430153	-1
32.9927430153	-1
32.9927430153	-1
32.9927430153	-1
32.9927430153	-1
32.9927430153	-1
32.9927430153	-1
32.9927430153	-1
32.9927430153	-1
32.9930830002	-1
32.9930830002	-1
32.9930830002	-1
32.9930830002	-1
32.9930830002	-1
33.1508901119	-1
33.1508901119	-1
33.1508901119	-1
33.1508901119	-1
33.1508901119	-1
33.1508901119	-1
33.1508901119	-1
33.1508901119	-1
33.1508901119	-1
33.1512410641	-1
33.1512410641	-1
33.1512410641	-1
33.1512410641	-1
33.1512410641	-1
33.1512410641	-1
33.1512410641	-1
33.2963440418	1
33.3115689754	-1
33.3115689754	-1
33.3115689754	-1
33.3115689754	-1
33.3115689754	-1
33.3115689754	-1
33.3115689754	-1
33.4940021038	-1
33.4940021038	-1
33.4940021038	-1
33.4940021038	-1
33.4940021038	-1
33.4940021038	-1
33.4940021038	-1
33.4940021038	-1
33.4940021038	-1
33.494353056	-1
33.494353056	-1
33.494353056	-1
33.494353056	-1
33.494353056	-1
33.6493899822	-1
33.6493899822	-1
33.6493899822	-1
33.6493899822	-1
33.6493899822	-1
33.6493899822	-1
33.6493899822	-1
33.6493899822	-1
33.6493899822	-1
33.6497321129	-1
33.6497321129	-1
33.6497321129	-1
33.6497321129	-1
33.6497321129	-1
33.6497321129	-1
33.6497321129	-1
33.6926720142	-1
33.6926720142	-1
33.6926720142	-1
33.6926720142	-1
33.6926720142	-1
33.6926720142	-1
33.6926720142	-1
33.6926720142	-1
33.802726984	-1
33.8038449287	-1
33.8038449287	-1
33.8038449287	-1
33.8038449287	-1
33.8038449287	-1
33.8038449287	-1
33.8038449287	-1
33.8038449287	-1
33.8041160107	-1
33.8041160107	-1
33.8041160107	-1
33.8041160107	-1
33.8041160107	-1
33.8041160107	-1
33.8041160107	-1
33.8478469849	1
33.9703741074	-1
33.9703741074	-1
33.9703741074	-1
33.9703741074	-1
33.9703741074	-1
33.9703741074	-1
33.9703741074	-1
33.9703741074	-1
33.9765911102	-1
33.9765911102	-1
33.9765911102	-1
33.9765911102	-1
33.9765911102	-1
33.9765911102	-1
33.9765911102	-1
33.9765911102	-1
34.0451331139	1
34.1303241253	-1
34.1303241253	-1
34.1303241253	-1
34.1303241253	-1
34.1303241253	-1
34.1303241253	-1
34.1303241253	-1
34.1303241253	-1
34.1594500542	-1
34.1605701447	-1
34.1605701447	-1
34.1605701447	-1
34.1605701447	-1
34.1605701447	-1
34.1605701447	-1
34.1605701447	-1
34.1605701447	-1
34.1608850956	-1
34.1608850956	-1
34.1608850956	-1
34.1608850956	-1
34.2068650723	1
34.3184819221	-1
34.3184819221	-1
34.3184819221	-1
34.3184819221	-1
34.3184819221	-1
34.3184819221	-1
34.3184819221	-1
34.3184819221	-1
34.3518400192	-1
34.3561460972	-1
34.3561460972	-1
34.3561460972	-1
34.3561460972	-1
34.3561460972	-1
34.3561460972	-1
34.3561460972	-1
34.3561460972	-1
34.3564910889	-1
34.3564910889	-1
34.3564910889	-1
34.3564910889	-1
34.3564910889	-1
34.3564910889	-1
34.3564910889	-1
34.3672101498	1
34.5508921146	-1
34.5529420376	-1
34.5529420376	-1
34.5529420376	-1
34.5529420376	-1
34.5529420376	-1
34.5529420376	-1
34.5529420376	-1
34.5529420376	-1
34.5530819893	-1
34.5530819893	-1
34.5530819893	-1
34.5530819893	-1
34.5530819893	-1
34.5530819893	-1
34.5530819893	-1
34.7100739479	-1
34.7100739479	-1
34.7100739479	-1
34.7100739479	-1
34.7100739479	-1
34.7100739479	-1
34.7100739479	-1
34.7100739479	-1
34.7271330357	-1
34.7271330357	-1
34.7271330357	-1
34.7271330357	-1
34.7271330357	-1
34.7271330357	-1
34.7271330357	-1
34.7271330357	-1
34.7276821136	-1
34.7276821136	-1
34.7276821136	-1
34.7276821136	-1
34.7276821136	-1
34.7276821136	-1
34.7276821136	-1
34.7276821136	-1
34.7287111282	1
34.7291369438	-1
34.7291369438	-1
34.7291369438	-1
34.7291369438	-1
34.7291369438	-1
34.7291369438	-1
34.7291369438	-1
34.9028410912	-1
34.9028410912	-1
34.9028410912	-1
34.9028410912	-1
34.9028410912	-1
34.9028410912	-1
34.9028410912	-1
34.9028410912	-1
34.9051830769	-1
34.9051830769	-1
34.9051830769	-1
34.9051830769	-1
34.9051830769	-1
34.9051830769	-1
34.9051830769	-1
34.9051830769	-1
34.9063200951	1
34.9180541039	-1
34.9181580544	-1
34.9181580544	-1
34.9181580544	-1
34.9181580544	-1
34.9181580544	-1
34.9181580544	-1
34.9181580544	-1
35.0798959732	-1
35.0798959732	-1
35.0798959732	-1
35.0798959732	-1
35.0798959732	-1
35.0798959732	-1
35.0798959732	-1
35.0798959732	-1
35.0798959732	-1
35.2430341244	-1
35.2441430092	1
35.4037261009	-1
35.4037261009	-1
35.6016130447	-1
35.6016130447	-1
36.0578761101	-1
36.2182440758	-1
36.2948760986	-1
36.2948760986	-1
36.2948760986	-1
36.3922560215	1
37.5417580605	-1
37.5417580605	-1
37.5417580605	-1
37.5417580605	-1
37.5902299881	-1
37.7124559879	1
37.7236039639	1
37.7236039639	1
37.7236039639	1
37.8702869415	1
37.9785571098	1
37.9785571098	1
37.9785571098	1
38.20104599	-1
38.4303660393	-1
40.0620670319	-1
40.0636219978	1
40.0793910027	-1
40.0793910027	-1
40.0793910027	-1
40.2182679176	-1
40.2203741074	1
40.2203741074	1
40.2203741074	1
40.2673170567	1
40.3814709187	-1
40.4292459488	1
40.4292459488	1
40.7545499802	-1
40.7883810997	-1
40.7883810997	-1
40.7883810997	-1
40.7883810997	-1
40.7883810997	-1
40.9195430279	1
40.9295790195	-1
40.9295790195	-1
40.9295790195	-1
40.9295790195	-1
40.9494841099	-1
40.9494841099	-1
40.9621200562	-1
40.9621200562	-1
40.9776849747	-1
40.9776849747	-1
40.9776849747	-1
40.9776849747	-1
40.9777350426	-1
40.9777350426	-1
40.9926199913	1
40.9926199913	1
40.9926199913	1
41.0226130486	-1
41.0226130486	-1
41.0266590118	1
41.0266590118	1
41.2419791222	-1
41.2419791222	-1
41.5691070557	-1
41.6669371128	-1
41.6669371128	-1
41.6669371128	-1
41.6669371128	-1
41.6669371128	-1
41.6669371128	-1
41.6669371128	-1
41.6669371128	-1
41.6812710762	-1
41.6812710762	-1
41.6812710762	-1
41.6812710762	-1
41.6812710762	-1
41.6812710762	-1
41.6812710762	-1
41.7788701057	-1
41.7788701057	-1
41.7801189423	1
41.7811131477	-1
41.7811131477	-1
41.7811131477	-1
41.7811131477	-1
41.7811131477	-1
41.7811131477	-1
41.7811131477	-1
41.8351650238	-1
41.8351650238	-1
41.8351650238	-1
41.8351650238	-1
41.8496999741	-1
41.8496999741	-1
41.8496999741	-1
41.8496999741	-1
41.8496999741	-1
41.8496999741	-1
41.8496999741	-1
41.9986460209	-1
41.9986460209	-1
41.9986460209	-1
41.9986460209	-1
41.9986460209	-1
41.9986460209	-1
41.9986460209	-1
41.9986460209	-1
42.0000181198	-1
42.018805027	-1
42.018805027	-1
42.018805027	-1
42.018805027	-1
42.018805027	-1
42.018805027	-1
42.0943441391	-1
42.0943441391	-1
42.0943441391	-1
42.0943441391	-1
42.0943441391	-1
42.0943441391	-1
42.0943441391	-1
42.1735129356	-1
42.1735129356	-1
42.1735129356	-1
42.1735129356	-1
42.1735129356	-1
42.1735129356	-1
42.1735129356	-1
42.3260819912	-1
42.3272719383	1
42.4766421318	-1
42.4766421318	-1
42.4766421318	-1
42.4766421318	-1
42.4766421318	-1
42.4766421318	-1
42.4766421318	-1
42.4766421318	-1
42.4766421318	-1
42.4769880772	-1
42.4769880772	-1
42.4769880772	-1
42.4769880772	-1
42.4769880772	-1
42.4769880772	-1
42.4894239902	-1
42.5374009609	-1
42.5374009609	-1
42.5374009609	-1
42.5374009609	-1
42.5374009609	-1
42.5374009609	-1
42.5374009609	-1
42.6460850239	-1
42.6461141109	-1
42.6461141109	-1
42.6461141109	-1
42.6461141109	-1
42.6461141109	-1
42.6461141109	-1
42.6461141109	-1
42.7583711147	-1
42.7583711147	-1
42.7583711147	-1
42.7583711147	-1
42.7583711147	-1
42.7583711147	-1
42.7583711147	-1
42.7583711147	-1
42.8286249638	-1
42.8286249638	-1
42.8286249638	-1
42.8286249638	-1
42.8286249638	-1
42.8286249638	-1
42.8286249638	-1
42.8286249638	-1
43.005480051	-1
43.005480051	-1
43.005480051	-1
43.005480051	-1
43.005480051	-1
43.005480051	-1
43.005480051	-1
43.005480051	-1
43.005480051	-1
43.0057740211	-1
43.0057740211	-1
43.0057740211	-1
43.0057740211	-1
43.0057740211	-1
43.0057740211	-1
43.0057740211	-1
43.0068831444	1
43.181043148	-1
43.181043148	-1
43.181043148	-1
43.181043148	-1
43.181043148	-1
43.181043148	-1
43.181043148	-1
43.181043148	-1
43.1881089211	-1
43.1884300709	1
43.1921410561	-1
43.1921410561	-1
43.1921410561	-1
43.1921410561	-1
43.1921410561	-1
43.1921410561	-1
43.1921410561	-1
43.291793108	-1
43.2925269604	-1
43.2925269604	-1
43.2925269604	-1
43.2925269604	-1
43.2925269604	-1
43.2925269604	-1
43.2925269604	-1
43.3714749813	-1
43.3714749813	-1
43.3714749813	-1
43.3714749813	-1
43.3714749813	-1
43.3714749813	-1
43.3714749813	-1
43.3714749813	-1
43.3714749813	-1
43.3718440533	-1
43.3718440533	-1
43.3718440533	-1
43.3718440533	-1
43.3718440533	-1
43.5698099136	-1
43.5698099136	-1
43.5698099136	-1
43.5698099136	-1
43.5698099136	-1
43.5698099136	-1
43.5698099136	-1
43.5698099136	-1
43.5698099136	-1
43.5701580048	-1
43.5701580048	-1
43.5701580048	-1
43.5701580048	-1
43.5701580048	-1
43.5701580048	-1
43.5701580048	-1
43.6659591198	-1
43.6671669483	1
43.668514967	-1
43.668514967	-1
43.668514967	-1
43.668514967	-1
43.668514967	-1
43.668514967	-1
43.668514967	-1
43.9851670265	-1
43.9858779907	-1
43.9858779907	-1
43.9858779907	-1
43.9858779907	-1
43.9858779907	-1
44.2782621384	1
44.2836771011	1
44.2836771011	1
44.2836771011	1
44.2848241329	1
44.2848241329	1
44.2851250172	1
44.2851250172	1
44.2851250172	1
44.2851250172	1
44.2882771492	1
44.2882771492	1
44.438174963	1
44.438174963	1
44.438174963	1
44.438174963	1
44.438174963	1
44.7731831074	1
44.934773922	-1
44.9376149178	1
44.9376149178	1
44.9376149178	1
44.9376149178	1
44.9376149178	1
44.9376149178	1
44.9376149178	1
44.9376149178	1
44.9484100342	-1
44.9484100342	-1
44.9484100342	-1
44.9484100342	-1
44.9484100342	-1
44.9484100342	-1
44.9484100342	-1
44.9484100342	-1
44.9615371227	-1
44.9969360828	-1
44.9969360828	-1
44.9969360828	-1
44.9969360828	-1
44.9973580837	-1
45.0469801426	-1
45.0469801426	-1
45.0469801426	-1
45.0469801426	-1
45.0469801426	-1
45.0469801426	-1
45.1046440601	1
45.149613142	-1
45.149613142	-1
45.149613142	-1
45.149613142	-1
45.149613142	-1
45.149613142	-1
45.149613142	-1
45.149613142	-1
45.1694350243	-1
45.1744530201	-1
45.1744530201	-1
45.1744530201	-1
45.1744530201	-1
45.1744530201	-1
45.1744530201	-1
45.1744530201	-1
45.2306871414	-1
45.2307341099	-1
45.2307341099	-1
45.2307341099	-1
45.2307341099	-1
45.2307341099	-1
45.2307341099	-1
45.2953000069	-1
45.2953000069	-1
45.2953000069	-1
45.2953000069	-1
45.2953000069	-1
45.2964439392	-1
45.3007669449	-1
45.3007669449	-1
45.3010101318	1
45.3092031479	-1
45.3092031479	-1
45.3092031479	-1
45.3092031479	-1
45.3092031479	-1
45.3092031479	-1
45.4976549149	1
45.4976549149	1
45.5732049942	-1
45.5732049942	-1
45.5732049942	-1
45.5732049942	-1
45.5732049942	-1
45.5732049942	-1
45.5732049942	-1
45.5732049942	-1
45.5778050423	-1
45.5778050423	-1
45.5778050423	-1
45.5778050423	-1
45.5778050423	-1
45.5778050423	-1
45.5778050423	-1
45.5890040398	-1
45.5890040398	-1
45.5890040398	-1
45.5899281502	-1
45.5899281502	-1
45.5899281502	-1
45.5899281502	-1
45.5899281502	-1
45.5899281502	-1
45.5899281502	-1
45.5914180279	-1
45.5914180279	-1
45.5914180279	-1
45.6555809975	-1
45.6555809975	-1
45.6555809975	-1
45.6555809975	-1
45.6555809975	-1
45.6567659378	-1
45.658864975	1
45.658864975	1
45.658864975	1
45.6719400883	-1
45.6719400883	-1
45.6719400883	-1
45.7818861008	-1
45.8380510807	-1
45.8380510807	-1
45.8380510807	-1
45.8380510807	-1
45.8380510807	-1
45.8380510807	-1
45.8380510807	-1
45.8380510807	-1
45.8434360027	-1
45.8507261276	-1
45.8507261276	-1
45.9855461121	-1
46.2027499676	-1
46.2038240433	-1
46.2038240433	-1
46.2038240433	-1
46.2038240433	-1
46.2038240433	-1
46.2038240433	-1
46.2042651176	-1
46.2042651176	-1
46.2042651176	-1
46.2042651176	-1
46.2042651176	-1
46.2042651176	-1
46.2042651176	-1
46.2047359943	-1
46.4279489517	1
46.442759037	-1
46.442759037	-1
46.442759037	-1
46.442759037	-1
46.442759037	-1
46.442759037	-1
46.442759037	-1
46.442759037	-1
46.582597971	1
46.5895879269	-1
46.5895879269	-1
46.5895879269	-1
46.5895879269	-1
46.5895879269	-1
46.5895879269	-1
46.5895879269	-1
46.5895879269	-1
46.60277915	-1
46.60277915	-1
46.60277915	-1
46.7263259888	-1
46.7263259888	-1
46.7684690952	-1
46.7684690952	-1
46.7684690952	-1
46.7684690952	-1
46.7684690952	-1
46.7684690952	-1
46.7684690952	-1
46.7731001377	-1
46.7731001377	-1
46.7731001377	-1
46.7731001377	-1
46.7731001377	-1
46.7731001377	-1
46.7731001377	-1
46.9611699581	-1
46.9611699581	-1
46.9611699581	-1
46.9611699581	-1
46.9611699581	-1
46.9611699581	-1
46.9611699581	-1
46.9611699581	-1
46.9611699581	-1
46.9759459496	-1
46.9759459496	-1
46.9759459496	-1
46.9759459496	-1
46.9759459496	-1
46.9759459496	-1
46.9759459496	-1
46.9773180485	1
47.1401159763	-1
47.1401159763	-1
47.1401159763	-1
47.1401159763	-1
47.1401159763	-1
47.1401159763	-1
47.1401159763	-1
47.1401159763	-1
47.1401159763	-1
47.1404659748	-1
47.1404659748	-1
47.1404659748	-1
47.1404659748	-1
47.1404659748	-1
47.1404659748	-1
47.1404659748	-1
47.3119270802	1
47.3143680096	-1
47.3143680096	-1
47.3143680096	-1
47.3143680096	-1
47.3143680096	-1
47.3143680096	-1
47.3143680096	-1
47.3143680096	-1
47.3143680096	-1
47.3147211075	-1
47.3147211075	-1
47.3147211075	-1
47.3147211075	-1
47.3147211075	-1
47.3147211075	-1
47.3147211075	-1
47.4732210636	1
47.5068900585	-1
47.5068900585	-1
47.5068900585	-1
47.5068900585	-1
47.5068900585	-1
47.5068900585	-1
47.5068900585	-1
47.5068900585	-1
47.6929371357	-1
47.6929371357	-1
47.6929371357	-1
47.6929371357	-1
47.6929371357	-1
47.6929371357	-1
47.7346420288	1
47.8627021313	1
47.8627021313	1
47.8627021313	1
48.0684120655	-1
48.2078521252	1
48.2078521252	1
48.3336610794	-1
48.3349659443	-1
48.3349659443	-1
48.3349659443	-1
48.3349659443	-1
48.3349659443	-1
48.3349659443	-1
48.3737919331	1
48.4726440907	-1
48.4726440907	-1
48.4846630096	-1
48.4846630096	-1
48.4846630096	-1
48.4846630096	-1
48.4846630096	-1
48.4846630096	-1
48.4846630096	-1
48.5501549244	-1
48.5501549244	-1
48.5501549244	-1
48.5501549244	-1
48.5501549244	-1
48.5501549244	-1
48.5501549244	-1
48.5501549244	-1
50.5727291107	-1
50.5734460354	-1
50.5734460354	-1
50.5734460354	-1
50.5734460354	-1
50.5734460354	-1
50.5734460354	-1
50.5734460354	-1
50.5747029781	-1
50.5747029781	-1
50.5885570049	-1
50.5885570049	-1
50.5888440609	-1
50.5888440609	-1
50.5888440609	-1
50.5888440609	-1
50.5888440609	-1
50.5888440609	-1
50.5888440609	-1
50.5902929306	1
50.6136159897	1
50.6136159897	1
50.6136159897	1
50.7380390167	1
50.7380390167	1
50.7587740421	-1
50.7587740421	-1
50.7587740421	-1
50.7587740421	-1
50.7587740421	-1
50.7587740421	-1
50.7587740421	-1
50.7587740421	-1
50.9313969612	-1
50.9313969612	-1
50.9313969612	-1
50.9313969612	-1
50.9313969612	-1
50.9313969612	-1
50.9313969612	-1
50.9313969612	-1
50.9342160225	-1
51.0644021034	-1
51.0663239956	1
51.2130739689	-1
51.2130739689	-1
51.2130739689	-1
51.2148609161	1
51.2148609161	1
51.2148609161	1
51.225053072	-1
51.443557024	-1
51.5979530811	-1
51.5979530811	-1
51.5979530811	-1
51.6105520725	1
51.6141860485	1
51.6141860485	1
51.6141860485	1
51.7881410122	1
51.8801209927	-1
52.0315279961	-1
52.0315279961	-1
52.0315279961	-1
52.0315279961	-1
52.0315279961	-1
52.0315279961	-1
52.1074719429	1
52.158591032	-1
52.158591032	-1
52.158591032	-1
52.158591032	-1
52.2386860847	-1
52.2386860847	-1
52.2390339375	-1
52.2390339375	-1
52.2390339375	-1
52.2473399639	1
52.2473399639	1
52.2473399639	1
52.2690010071	1
52.2690010071	1
52.4253461361	-1
52.4314501286	-1
52.4314501286	-1
52.4314501286	-1
52.5987000465	-1
52.6615669727	-1
52.6615669727	-1
52.6615669727	-1
52.6615669727	-1
52.6615669727	-1
52.6615669727	-1
52.6615669727	-1
52.6615669727	-1
52.6615669727	-1
52.7076430321	-1
52.7076430321	-1
52.7076430321	-1
52.7076430321	-1
52.7076430321	-1
52.7076430321	-1
52.7076430321	-1
52.7398679256	1
52.8790540695	-1
52.8790540695	-1
52.8790540695	-1
52.8790540695	-1
52.8790540695	-1
52.9906029701	1
52.9906029701	1
52.9906029701	1
53.0767641068	-1
53.0770001411	-1
53.0770001411	-1
53.0775570869	-1
53.0775570869	-1
53.0775570869	-1
53.0775570869	-1
53.0775570869	-1
53.0775570869	-1
53.0775570869	-1
53.0775570869	-1
53.2129580975	-1
53.2129580975	-1
53.2129580975	-1
53.2129580975	-1
53.2129580975	-1
53.2129580975	-1
53.2129580975	-1
53.2129580975	-1
53.212996006	1
53.212996006	1
53.212996006	1
53.2175171375	1
53.2175171375	1
53.3736729622	-1
53.3736729622	-1
53.3736729622	-1
53.3736729622	-1
53.3748581409	-1
53.3748581409	-1
53.3748581409	-1
53.3748581409	-1
53.3748581409	-1
53.3748581409	-1
53.3748581409	-1
53.5025451183	-1
53.5025451183	-1
53.5025451183	-1
53.5025451183	-1
53.5025451183	-1
53.5025451183	-1
53.5025451183	-1
53.5025451183	-1
53.5086050034	-1
53.5107150078	1
53.5107150078	1
53.5107150078	1
53.5362420082	1
53.6079950333	-1
53.6079950333	-1
53.6079950333	-1
53.6079950333	-1
53.6079950333	-1
53.7046101093	1
54.1060740948	-1
54.1080601215	1
54.1216931343	-1
54.1216931343	-1
54.1216931343	-1
54.261605978	-1
54.262387991	1
54.262387991	1
54.262387991	1
54.2675609589	1
54.7239530087	-1
54.7239530087	-1
54.7239530087	-1
54.8626151085	-1
54.8647649288	1
54.917894125	-1
54.917894125	-1
54.917894125	-1
54.917894125	-1
54.917894125	-1
54.917894125	-1
55.0278570652	1
55.0278570652	1
55.0278570652	1
55.0278661251	1
55.0765180588	-1
55.0925679207	-1
55.0925679207	-1
55.0925679207	-1
55.1798520088	-1
55.1798520088	-1
55.1798520088	-1
55.1798520088	-1
55.1798520088	-1
55.1885409355	1
55.1885409355	1
55.1885409355	1
55.1885471344	1
55.1974749565	1
55.1974749565	1
55.1974749565	1
55.2443370819	-1
55.2443370819	-1
55.2443370819	-1
55.2443370819	-1
55.3478541374	1
55.3478541374	1
55.3478541374	1
55.347878933	1
55.347878933	1
55.3563139439	1
55.4333751202	-1
55.4333751202	-1
55.4333751202	-1
55.4333751202	-1
55.4333751202	-1
55.4333751202	-1
55.4333751202	-1
55.5170609951	1
55.5170609951	1
55.5170609951	1
55.6118559837	-1
55.7727520466	-1
56.0290369987	-1
56.0306930542	-1
56.0306930542	-1
56.0306930542	-1
56.0312831402	-1
56.0312831402	-1
56.0312831402	-1
56.0314021111	-1
56.0314021111	-1
56.0314021111	-1
56.0315759182	-1
56.0315759182	-1
56.0315759182	-1
56.0315759182	-1
56.0315759182	-1
56.0317320824	-1
56.0317320824	-1
56.0331950188	1
56.1922209263	-1
56.1922209263	-1
56.1922209263	-1
56.2295689583	1
56.2295689583	1
56.2295689583	1
56.2361080647	1
56.2361080647	1
56.255988121	1
56.255988121	1
56.3055770397	-1
56.3055770397	-1
56.3055770397	-1
56.3055770397	-1
56.3055770397	-1
56.4127240181	-1
56.4127240181	-1
56.4127240181	-1
56.4127240181	-1
56.4127240181	-1
56.4127240181	-1
56.4127240181	-1
56.455491066	1
56.504445076	-1
56.5045499802	-1
56.5045499802	-1
56.5045499802	-1
56.5045499802	-1
56.5045499802	-1
56.5045499802	-1
56.6133430004	1
56.6133430004	1
56.6946101189	-1
56.7025980949	-1
56.7025980949	-1
56.7025980949	-1
56.7025980949	-1
56.7025980949	-1
56.7025980949	-1
56.7025980949	-1
56.7452630997	-1
56.7452630997	-1
56.7452630997	-1
56.7452630997	-1
56.7452630997	-1
56.7452630997	-1
56.7452630997	-1
56.8020000458	1
56.8580520153	-1
56.8580520153	-1
56.8580520153	-1
56.8580520153	-1
56.8580520153	-1
56.8580520153	-1
56.8580520153	-1
56.8580520153	-1
56.8580520153	-1
57.0356450081	-1
57.0356450081	-1
57.0356450081	-1
57.0356450081	-1
57.0356450081	-1
57.0356450081	-1
57.0356450081	-1
57.0356450081	-1
57.0356450081	-1
57.0359909534	-1
57.0359909534	-1
57.0359909534	-1
57.0359909534	-1
57.0359909534	-1
57.085488081	1
57.085611105	1
57.085611105	1
57.085611105	1
57.6145329475	-1
57.6224169731	-1
57.6224169731	-1
57.6224169731	-1
57.6224169731	-1
57.6224169731	-1
57.6224169731	-1
57.6224169731	-1
57.6224169731	-1
57.6315281391	-1
58.0407600403	1
58.2166900635	1
59.1285190582	-1
59.1294801235	-1
59.1294801235	-1
59.1294801235	-1
59.1468780041	-1
59.1468780041	-1
59.1468780041	-1
59.1468780041	-1
59.1468780041	-1
59.1468780041	-1
59.1468780041	-1
59.1487951279	1
59.1598279476	-1
59.1598279476	-1
59.2319281101	1
59.2319281101	1
59.2319281101	1
59.3073771	1
59.4615199566	1
59.4615199566	1
59.830737114	-1
60.0126030445	-1
60.0126030445	-1
60.0126030445	-1
60.0126030445	-1
60.0302259922	-1
60.0459201336	1
60.1745669842	-1
60.1745669842	-1
60.1745669842	-1
60.1745669842	-1
60.1922810078	-1
60.2078671455	1
60.2078671455	1
60.2460200787	1
60.2460200787	1
60.2460200787	1
60.2460200787	1
60.2460200787	1
60.246833086	1
60.2469770908	1
60.2469770908	1
60.2469770908	1
60.3850491047	-1
60.5915300846	-1
60.6014931202	1
60.7527661324	-1
60.7673470974	1
60.8686339855	-1
60.8686339855	-1
60.8686339855	-1
61.0469601154	-1
61.0469601154	-1
61.0469601154	-1
61.0469601154	-1
61.0469601154	-1
61.0469601154	-1
61.2483670712	-1
61.4142649174	-1
61.6124560833	-1
61.8555190563	-1
61.8555190563	-1
61.8699729443	1
62.2459261417	1
62.4030520916	1
62.7543029785	-1
63.0760641098	-1
63.0766980648	1
63.2358050346	1
63.2358050346	1
63.2418551445	1
63.2418551445	1
63.2418551445	1
63.2418551445	1
63.243142128	1
63.243142128	1
63.243142128	1
63.243142128	1
63.2437090874	1
63.2437090874	1
63.2437090874	1
63.2874660492	-1
63.3957750797	1
63.3957750797	1
63.4038369656	1
63.4038369656	1
63.4038369656	1
63.4038369656	1
63.4038369656	1
63.4038369656	1
63.4038369656	1
63.4038369656	1
63.4038369656	1
63.403883934	1
63.403883934	1
63.403883934	1
63.403883934	1
63.403883934	1
63.403883934	1
63.403883934	1
63.403883934	1
63.5685939789	1
63.5685939789	1
63.5685939789	1
63.5685939789	1
63.5685939789	1
