0.0	-1
0.0	-1
0.00135397911072	1
0.177500963211	1
0.320000171661	-1
0.321787118912	1
0.508042097092	-1
0.51086306572	1
1.29110097885	-1
1.29493999481	1
1.29518699646	1
1.29518699646	1
1.29518699646	1
1.29518699646	1
1.29518699646	1
1.29518699646	1
1.29518699646	1
1.29518699646	1
1.63874602318	-1
1.64010500908	1
1.81990718842	-1
1.82121300697	1
1.95069718361	-1
1.95069718361	-1
1.95069718361	-1
1.95851516724	1
1.98228406906	-1
1.98228406906	-1
1.98228406906	-1
2.04070115089	-1
2.04070115089	-1
2.04070115089	-1
2.04853200912	1
2.04853200912	1
2.04853200912	1
2.04962205887	-1
2.04962205887	-1
2.04962205887	-1
2.04962205887	-1
2.04962205887	-1
2.05046510696	1
2.05046510696	1
2.09607505798	-1
2.17703819275	-1
2.17703819275	-1
2.17703819275	-1
2.17703819275	-1
2.17703819275	-1
2.17703819275	-1
2.17703819275	-1
2.17703819275	-1
2.20825695992	-1
2.22308206558	-1
2.22308206558	-1
2.23347401619	-1
2.24922299385	-1
2.24922299385	-1
2.24922299385	-1
2.24922299385	-1
2.24922299385	-1
2.24922299385	-1
2.28849315643	-1
2.28849315643	-1
2.28849315643	-1
2.28849315643	-1
2.28849315643	-1
2.28849315643	-1
2.28849315643	-1
2.28849315643	-1
2.32886099815	-1
2.32886099815	-1
2.32886099815	-1
2.3289129734	-1
2.3289129734	-1
2.3289129734	-1
2.3289129734	-1
2.3289129734	-1
2.3289129734	-1
2.38674211502	-1
2.38674211502	-1
2.38674211502	-1
2.38674211502	-1
2.38674211502	-1
2.38674211502	-1
2.38674211502	-1
2.38709402084	-1
2.38709402084	-1
2.38709402084	-1
2.38709402084	-1
2.38722014427	-1
2.38722014427	-1
2.42596912384	-1
2.42596912384	-1
2.42596912384	-1
2.42596912384	-1
2.44820404053	-1
2.44820404053	-1
2.44820404053	-1
2.44820404053	-1
2.44820404053	-1
2.44820404053	-1
2.4511961937	1
2.46621704102	-1
2.47996711731	-1
2.47996711731	-1
2.47996711731	-1
2.47996711731	-1
2.47996711731	-1
2.47996711731	-1
2.51901912689	-1
2.51901912689	-1
2.51901912689	-1
2.51901912689	-1
2.51901912689	-1
2.51901912689	-1
2.54150915146	-1
2.54150915146	-1
2.54150915146	-1
2.55565500259	-1
2.55565500259	-1
2.55565500259	-1
2.55971002579	-1
2.55971002579	-1
2.58481812477	-1
2.58481812477	-1
2.58481812477	-1
2.58481812477	-1
2.58932209015	-1
2.58932209015	-1
2.5893611908	1
2.6061360836	-1
2.6061360836	-1
2.61242103577	-1
2.61242103577	-1
2.62303900719	-1
2.62303900719	-1
2.62303900719	-1
2.62303900719	-1
2.62303900719	-1
2.62303900719	-1
2.65704512596	-1
2.65704512596	-1
2.65932607651	-1
2.65932607651	-1
2.65932607651	-1
2.65932607651	-1
2.65932607651	-1
2.66220808029	-1
2.66220808029	-1
2.66220808029	-1
2.66220808029	-1
2.66220808029	-1
2.66220808029	-1
2.69331812859	-1
2.69331812859	-1
2.69331812859	-1
2.69331812859	-1
2.69331812859	-1
2.69331812859	-1
2.69331812859	-1
2.69331812859	-1
2.69354295731	-1
2.69368505478	-1
2.69368505478	-1
2.69368505478	-1
2.69368505478	-1
2.69368505478	-1
2.69368505478	-1
2.69368505478	-1
2.71935796738	1
2.71935796738	1
2.71935796738	1
2.73859119415	-1
2.73963499069	-1
2.73963499069	-1
2.73963499069	-1
2.73963499069	-1
2.73963499069	-1
2.73963499069	-1
2.73963499069	-1
2.75005817413	-1
2.7501809597	-1
2.7501809597	-1
2.7501809597	-1
2.7501809597	-1
2.7501809597	-1
2.7501809597	-1
2.7501809597	-1
2.750426054	-1
2.79681396484	-1
2.79681396484	-1
2.79681396484	-1
2.79681396484	-1
2.79681396484	-1
2.79681396484	-1
2.79681396484	-1
2.84923815727	-1
2.84923815727	-1
2.84923815727	-1
2.84923815727	-1
2.84923815727	-1
2.84923815727	-1
2.84923815727	-1
2.84923815727	-1
2.85155105591	-1
2.85370397568	-1
2.85370397568	-1
2.85370397568	-1
2.85744905472	-1
2.85744905472	-1
2.85744905472	-1
2.85744905472	-1
2.85744905472	-1
2.85744905472	-1
2.85744905472	-1
2.87098813057	1
2.87098813057	1
2.87098813057	1
2.87414097786	-1
2.87414097786	-1
2.87414097786	-1
2.87414097786	-1
2.87414097786	-1
2.87414097786	-1
2.87414097786	-1
2.87414097786	-1
2.91346716881	1
2.92506098747	-1
2.92506098747	-1
2.92506098747	-1
2.92506098747	-1
2.92506098747	-1
2.92506098747	-1
2.92506098747	-1
2.92506098747	-1
2.93328619003	-1
2.93328619003	-1
2.93328619003	-1
2.93328619003	-1
2.93328619003	-1
2.93328619003	-1
2.93328619003	-1
2.93328619003	-1
2.93400216103	-1
2.97511911392	-1
2.98056912422	-1
2.98056912422	-1
2.98056912422	-1
2.98056912422	-1
2.98056912422	-1
2.98056912422	-1
3.02113604546	-1
3.02113604546	-1
3.0302901268	-1
3.0302901268	-1
3.0302901268	-1
3.0302901268	-1
3.0302901268	-1
3.0302901268	-1
3.06280899048	-1
3.06280899048	-1
3.06284809113	1
3.06284809113	1
3.06324410439	-1
3.06324410439	-1
3.06324410439	-1
3.06324410439	-1
3.06324410439	-1
3.06324410439	-1
3.06803202629	-1
3.06803202629	-1
3.06803202629	-1
3.06803202629	-1
3.06803202629	-1
3.06803202629	-1
3.06803202629	-1
3.06803202629	-1
3.08115816116	-1
3.08115816116	-1
3.08115816116	-1
3.08240818977	-1
3.08240818977	-1
3.08240818977	-1
3.08240818977	-1
3.08240818977	-1
3.08240818977	-1
3.08364295959	-1
3.08364295959	-1
3.08364295959	-1
3.08364295959	-1
3.08364295959	-1
3.08364295959	-1
3.08364295959	-1
3.15633606911	-1
3.15633606911	-1
3.15633606911	-1
3.15633606911	-1
3.15633606911	-1
3.15633606911	-1
3.15633606911	-1
3.15633606911	-1
3.21396517754	-1
3.21400499344	1
3.22252297401	-1
3.22252297401	-1
3.22252297401	-1
3.22252297401	-1
3.22252297401	-1
3.22252297401	-1
3.22252297401	-1
3.23904800415	-1
3.24992418289	-1
3.25916409492	-1
3.25916409492	-1
3.25916409492	-1
3.25916409492	-1
3.25916409492	-1
3.25916409492	-1
3.2705271244	-1
3.2705271244	-1
3.2705271244	-1
3.2705271244	-1
3.2705271244	-1
3.2705271244	-1
3.2705271244	-1
3.2705271244	-1
3.27835011482	-1
3.27835011482	-1
3.27835011482	-1
3.27835011482	-1
3.27835011482	-1
3.27835011482	-1
3.27835011482	-1
3.27835011482	-1
3.28447318077	-1
3.28447318077	-1
3.28447318077	-1
3.28447318077	-1
3.28447318077	-1
3.28447318077	-1
3.28447318077	-1
3.28447318077	-1
3.29630899429	-1
3.30452108383	-1
3.30452108383	-1
3.30452108383	-1
3.30452108383	-1
3.30452108383	-1
3.30452108383	-1
3.30452108383	-1
3.30771517754	-1
3.30771517754	-1
3.30771517754	-1
3.30771517754	-1
3.30771517754	-1
3.30771517754	-1
3.30771517754	-1
3.35172104836	-1
3.35172104836	-1
3.35176110268	1
3.36022114754	-1
3.36022114754	-1
3.36022114754	-1
3.36022114754	-1
3.36022114754	-1
3.36022114754	-1
3.36022114754	-1
3.38749909401	-1
3.38760399818	-1
3.38760399818	-1
3.38760399818	-1
3.38760399818	-1
3.38760399818	-1
3.38760399818	-1
3.38760399818	-1
3.39672899246	-1
3.39672899246	-1
3.39672899246	-1
3.39672899246	-1
3.39672899246	-1
3.39672899246	-1
3.39672899246	-1
3.39672899246	-1
3.40885615349	-1
3.40885615349	-1
3.40885615349	-1
3.40885615349	-1
3.40885615349	-1
3.40885615349	-1
3.40885615349	-1
3.40885615349	-1
3.40910100937	-1
3.44868898392	-1
3.44868898392	-1
3.44868898392	-1
3.44868898392	-1
3.44868898392	-1
3.44868898392	-1
3.44868898392	-1
3.46001410484	-1
3.47043704987	-1
3.47043704987	-1
3.47043704987	-1
3.47043704987	-1
3.47043704987	-1
3.47043704987	-1
3.47043704987	-1
3.48245811462	-1
3.49198007584	-1
3.49198007584	-1
3.49198007584	-1
3.49198007584	-1
3.49198007584	-1
3.49198007584	-1
3.49198007584	-1
3.49201917648	1
3.50647902489	-1
3.51147603989	-1
3.51147603989	-1
3.51147603989	-1
3.51147603989	-1
3.51147603989	-1
3.51147603989	-1
3.51147603989	-1
3.51819396019	-1
3.52608108521	-1
3.52608108521	-1
3.52608108521	-1
3.52608108521	-1
3.52608108521	-1
3.52608108521	-1
3.52608108521	-1
3.53729915619	-1
3.53729915619	-1
3.53729915619	-1
3.53729915619	-1
3.53729915619	-1
3.54113316536	1
3.54113316536	1
3.54113316536	1
3.54113316536	1
3.54819417	-1
3.54819417	-1
3.55127000809	1
3.55127000809	1
3.55127000809	1
3.55154109001	1
3.55878210068	-1
3.55878210068	-1
3.55878210068	-1
3.55878210068	-1
3.55878210068	-1
3.64244008064	-1
3.64244008064	-1
3.64244008064	-1
3.64244008064	-1
3.65120506287	-1
3.65120506287	-1
3.66310214996	-1
3.69410800934	-1
3.69410800934	-1
3.69410800934	-1
3.71038818359	-1
3.71038818359	-1
3.71038818359	-1
3.71038818359	-1
3.73481702805	-1
3.75105714798	-1
3.75105714798	-1
3.75105714798	-1
3.77122807503	-1
3.77122807503	-1
3.77122807503	-1
3.77122807503	-1
3.77122807503	-1
3.77122807503	-1
3.8015229702	1
3.96378707886	-1
3.99257302284	-1
3.99257302284	-1
3.99257302284	-1
3.99257302284	-1
3.99257302284	-1
3.99257302284	-1
3.99257302284	-1
4.02852106094	-1
4.04219412804	-1
4.04219412804	-1
4.04219412804	-1
4.04219412804	-1
4.04219412804	-1
4.04219412804	-1
4.04369807243	-1
4.04369807243	-1
4.04369807243	-1
4.04369807243	-1
4.04369807243	-1
4.04369807243	-1
4.04690718651	1
4.0632121563	-1
4.0632121563	-1
4.0632121563	-1
4.0632121563	-1
4.0632121563	-1
4.0632121563	-1
4.06581497192	-1
4.07006597519	1
4.07006597519	1
4.07006597519	1
4.07655215263	-1
4.07655215263	-1
4.07655215263	-1
4.07655215263	-1
4.07655215263	-1
4.07999110222	-1
4.08407211304	-1
4.08407211304	-1
4.21699118614	-1
4.21699118614	-1
4.21699118614	-1
4.21699118614	-1
4.26736617088	-1
4.26780414581	-1
4.26780414581	-1
4.26780414581	-1
4.26780414581	-1
4.26780414581	-1
4.28157615662	-1
4.39749503136	1
4.40528702736	-1
4.40528702736	-1
4.54348397255	-1
4.54353117943	1
4.68099308014	-1
4.6810259819	1
4.81867003441	-1
4.81867003441	-1
4.81870317459	1
4.96214103699	-1
4.96217608452	1
4.96217608452	1
5.07780718803	-1
5.07780718803	-1
5.07780718803	-1
5.09965515137	1
5.09965515137	1
5.14737606049	-1
5.14737606049	-1
5.14737606049	-1
5.14737606049	-1
5.14737606049	-1
5.14737606049	-1
5.18489313126	-1
5.18489313126	-1
5.19879698753	-1
5.19879698753	-1
5.19879698753	-1
5.19879698753	-1
5.19879698753	-1
5.19879698753	-1
5.19879698753	-1
5.22738218307	-1
5.22738218307	-1
5.22738218307	-1
5.22738218307	-1
5.26107096672	-1
5.26107096672	-1
5.26107096672	-1
5.26107096672	-1
5.26107096672	-1
5.26107096672	-1
5.26107096672	-1
5.26801419258	-1
5.27440309525	-1
5.27440309525	-1
5.27440309525	-1
5.27440309525	-1
5.27440309525	-1
5.27974009514	-1
5.28388404846	-1
5.28388404846	-1
5.29255199432	-1
5.29255199432	-1
5.29255199432	-1
5.29255199432	-1
5.29255199432	-1
5.29255199432	-1
5.29255199432	-1
5.29904007912	-1
5.29914212227	-1
5.29914212227	-1
5.29914212227	-1
5.30411911011	-1
5.30411911011	-1
5.30411911011	-1
5.3091750145	-1
5.3091750145	-1
5.3091750145	-1
5.3091750145	-1
5.3091750145	-1
5.3091750145	-1
5.31003308296	1
5.31376218796	-1
5.31376218796	-1
5.31609606743	-1
5.31609606743	-1
5.31609606743	-1
5.31609606743	-1
5.31609606743	-1
5.32844495773	-1
5.32844495773	-1
5.32844495773	-1
5.32844495773	-1
5.32844495773	-1
5.33634996414	-1
5.33634996414	-1
5.33634996414	-1
5.34409403801	-1
5.34409403801	-1
5.34409403801	-1
5.34409403801	-1
5.34409403801	-1
5.34409403801	-1
5.34409403801	-1
5.36483311653	-1
5.36483311653	-1
5.36495614052	-1
5.36495614052	-1
5.36507916451	-1
5.36507916451	-1
5.37472510338	-1
5.37472510338	-1
5.37472510338	-1
5.37472510338	-1
5.37472510338	-1
5.37472510338	-1
5.39207410812	-1
5.39207410812	-1
5.39207410812	-1
5.39207410812	-1
5.39207410812	-1
5.39207410812	-1
5.39207410812	-1
5.39207410812	-1
5.39223814011	-1
5.4117500782	-1
5.4117500782	-1
5.4117500782	-1
5.4117500782	-1
5.4117500782	-1
5.4117500782	-1
5.4119951725	-1
5.4119951725	-1
5.4119951725	-1
5.4119951725	-1
5.4119951725	-1
5.41224098206	-1
5.41224098206	-1
5.41224098206	-1
5.41557407379	1
5.41557407379	1
5.41557407379	1
5.43007111549	-1
5.43007111549	-1
5.43018102646	-1
5.43018102646	-1
5.43719315529	-1
5.43719315529	-1
5.43719315529	-1
5.51238203049	-1
5.59167718887	-1
5.59167718887	-1
5.59167718887	-1
5.60041213036	-1
5.60041213036	-1
5.60041213036	-1
5.60041213036	-1
5.6066300869	-1
5.62129116058	1
5.62129116058	1
5.64976811409	-1
5.64976811409	-1
5.64976811409	-1
5.6660130024	1
5.6660130024	1
5.6660130024	1
5.68779301643	-1
5.68779301643	-1
5.68779301643	-1
5.68779301643	-1
5.68779301643	-1
5.68779301643	-1
5.68779301643	-1
5.78740906715	1
5.92983698845	1
5.94727110863	-1
6.10525012016	1
6.13915395737	-1
6.24046516418	-1
6.24046516418	-1
6.24046516418	-1
6.24215197563	1
6.24215197563	1
6.24215197563	1
6.42043113708	-1
6.42043113708	-1
6.42043113708	-1
6.42047309875	1
6.48004603386	-1
6.48004603386	-1
6.48211598396	1
6.48211598396	1
6.48211598396	1
6.55807900429	-1
6.55807900429	-1
6.58126807213	-1
6.58126807213	-1
6.58126807213	-1
6.66300201416	-1
6.66300201416	-1
6.66300201416	-1
6.66429805756	-1
6.66429805756	-1
6.66429805756	-1
6.66429805756	-1
6.66429805756	-1
6.66429805756	-1
6.66429805756	-1
6.66544318199	-1
6.69210505486	-1
6.69210505486	-1
6.69210505486	-1
6.69210505486	-1
6.69633507729	1
6.7209379673	-1
6.7209379673	-1
6.7209379673	-1
6.7209379673	-1
6.7209379673	-1
6.7209379673	-1
6.7209379673	-1
6.7209379673	-1
6.72234201431	-1
6.72234201431	-1
6.72234201431	-1
6.72234201431	-1
6.72370314598	-1
6.72370314598	-1
6.72370314598	-1
6.74327397346	-1
6.74546504021	-1
6.74546504021	-1
6.74546504021	-1
6.76587104797	-1
6.76587104797	-1
6.76587104797	-1
6.76587104797	-1
6.76587104797	-1
6.76587104797	-1
6.77497696877	-1
6.77497696877	-1
6.79482102394	-1
6.79482102394	-1
6.79482102394	-1
6.79482102394	-1
6.79482102394	-1
6.79482102394	-1
6.79482102394	-1
6.79482102394	-1
6.81611514091	-1
6.81611514091	-1
6.81611514091	-1
6.81611514091	-1
6.81611514091	-1
6.81611514091	-1
6.81611514091	-1
6.81760907173	-1
6.82137703896	-1
6.82137703896	-1
6.82137703896	-1
6.82137703896	-1
6.82137703896	-1
6.82137703896	-1
6.83397507668	-1
6.83399105072	1
6.85257506371	-1
6.85257506371	-1
6.85257506371	-1
6.85257506371	-1
6.85257506371	-1
6.85257506371	-1
6.86072707176	-1
6.86072707176	-1
6.86072707176	-1
6.86072707176	-1
6.86072707176	-1
6.86072707176	-1
6.86072707176	-1
6.86072707176	-1
6.87816905975	-1
6.87816905975	-1
6.87816905975	-1
6.90043401718	-1
6.90043401718	-1
6.90043401718	-1
6.90043401718	-1
6.90043401718	-1
6.90043401718	-1
6.90043401718	-1
6.90043401718	-1
6.91883897781	-1
6.91883897781	-1
6.92373299599	-1
6.92373299599	-1
6.92373299599	-1
6.92373299599	-1
6.92373299599	-1
6.92879009247	-1
6.93235397339	-1
6.93235397339	-1
6.93235397339	-1
6.93235397339	-1
6.93235397339	-1
6.93235397339	-1
6.94660806656	-1
6.94660806656	-1
6.94660806656	-1
6.94660806656	-1
6.94660806656	-1
6.94660806656	-1
6.94660806656	-1
6.94660806656	-1
6.95598602295	-1
6.95598602295	-1
6.95598602295	-1
6.95598602295	-1
6.95598602295	-1
6.95598602295	-1
6.95598602295	-1
6.95598602295	-1
6.95956897736	-1
6.95956897736	-1
6.95956897736	-1
6.96069598198	1
6.96069598198	1
6.96069598198	1
6.96475100517	-1
6.96475100517	-1
6.96666908264	-1
6.96666908264	-1
6.96666908264	-1
6.96666908264	-1
6.96666908264	-1
6.96666908264	-1
6.96666908264	-1
6.96856999397	-1
6.96856999397	-1
6.96856999397	-1
6.96856999397	-1
6.96856999397	-1
6.96856999397	-1
6.96856999397	-1
6.97168707848	-1
6.97168707848	-1
6.97168707848	-1
6.97168707848	-1
6.97168707848	-1
6.97168707848	-1
6.97168707848	-1
7.003688097	-1
7.003688097	-1
7.003688097	-1
7.0049161911	-1
7.0049161911	-1
7.0049161911	-1
7.0049161911	-1
7.0049161911	-1
7.0049161911	-1
7.0049161911	-1
7.00647211075	-1
7.00788497925	-1
7.00788497925	-1
7.00788497925	-1
7.00788497925	-1
7.00788497925	-1
7.00788497925	-1
7.01865696907	-1
7.01865696907	-1
7.01865696907	-1
7.01865696907	-1
7.01865696907	-1
7.01865696907	-1
7.01865696907	-1
7.01865696907	-1
7.03799009323	-1
7.03799009323	-1
7.03799009323	-1
7.03799009323	-1
7.03799009323	-1
7.03799009323	-1
7.03799009323	-1
7.03799009323	-1
7.05378198624	-1
7.05378198624	-1
7.05378198624	-1
7.05378198624	-1
7.05378198624	-1
7.05378198624	-1
7.05378198624	-1
7.05378198624	-1
7.07672715187	-1
7.07672715187	-1
7.07672715187	-1
7.07672715187	-1
7.07672715187	-1
7.07672715187	-1
7.07672715187	-1
7.07672715187	-1
7.11013007164	-1
7.11017203331	1
7.11017203331	1
7.18567705154	-1
7.18567705154	-1
7.18567705154	-1
7.18567705154	-1
7.18567705154	-1
7.18567705154	-1
7.18567705154	-1
7.18567705154	-1
7.19675397873	-1
7.19675397873	-1
7.19675397873	-1
7.19675397873	-1
7.19675397873	-1
7.19675397873	-1
7.19675397873	-1
7.21158003807	-1
7.21158003807	-1
7.21158003807	-1
7.21158003807	-1
7.21158003807	-1
7.21158003807	-1
7.21158003807	-1
7.21158003807	-1
7.22360110283	-1
7.22360110283	-1
7.22763514519	-1
7.22763514519	-1
7.22763514519	-1
7.22763514519	-1
7.22763514519	-1
7.22763514519	-1
7.23494505882	-1
7.23494505882	-1
7.23494505882	-1
7.23494505882	-1
7.23494505882	-1
7.23494505882	-1
7.23494505882	-1
7.23494505882	-1
7.24189901352	-1
7.24189901352	-1
7.24189901352	-1
7.24189901352	-1
7.24189901352	-1
7.24189901352	-1
7.24189901352	-1
7.24189901352	-1
7.24512410164	1
7.24512410164	1
7.24512410164	1
7.24773716927	-1
7.24777817726	1
7.24848103523	-1
7.24848103523	-1
7.24848103523	-1
7.24848103523	-1
7.24848103523	-1
7.24848103523	-1
7.24848103523	-1
7.2540230751	-1
7.2540230751	-1
7.26386213303	-1
7.26386213303	-1
7.26386213303	-1
7.26386213303	-1
7.26386213303	-1
7.26386213303	-1
7.26450800896	1
7.26450800896	1
7.26450800896	1
7.27254414558	-1
7.27254414558	-1
7.27254414558	-1
7.27254414558	-1
7.27254414558	-1
7.27254414558	-1
7.27254414558	-1
7.27254414558	-1
7.27606701851	-1
7.27606701851	-1
7.27606701851	-1
7.27606701851	-1
7.27606701851	-1
7.27606701851	-1
7.27606701851	-1
7.27606701851	-1
7.28173112869	-1
7.28173112869	-1
7.28173112869	-1
7.28173112869	-1
7.28173112869	-1
7.28173112869	-1
7.28173112869	-1
7.28173112869	-1
7.30498313904	-1
7.30498313904	-1
7.31047606468	-1
7.31047606468	-1
7.31047606468	-1
7.31047606468	-1
7.31047606468	-1
7.31047606468	-1
7.34210205078	-1
7.34210205078	-1
7.34210205078	-1
7.34210205078	-1
7.34210205078	-1
7.34210205078	-1
7.34210205078	-1
7.34686303139	-1
7.35982513428	-1
7.35982513428	-1
7.35982513428	-1
7.35982513428	-1
7.35982513428	-1
7.35982513428	-1
7.37954497337	-1
7.37954497337	-1
7.37954497337	-1
7.37954497337	-1
7.37954497337	-1
7.37954497337	-1
7.37954497337	-1
7.37954497337	-1
7.38544297218	1
7.40508317947	-1
7.40508317947	-1
7.40508317947	-1
7.40508317947	-1
7.40508317947	-1
7.40508317947	-1
7.40508317947	-1
7.40508317947	-1
7.41882205009	-1
7.42459797859	-1
7.42459797859	-1
7.42459797859	-1
7.42459797859	-1
7.42459797859	-1
7.42459797859	-1
7.42459797859	-1
7.43016695976	-1
7.44470906258	-1
7.44470906258	-1
7.44470906258	-1
7.44470906258	-1
7.44470906258	-1
7.44470906258	-1
7.44470906258	-1
7.45673203468	-1
7.46928596497	-1
7.46928596497	-1
7.46928596497	-1
7.46928596497	-1
7.46928596497	-1
7.46928596497	-1
7.46928596497	-1
7.47583699226	-1
7.47583699226	-1
7.47583699226	-1
7.47583699226	-1
7.47699809074	1
7.47699809074	1
7.47699809074	1
7.48439598083	-1
7.48439598083	-1
7.49521613121	-1
7.49521613121	-1
7.49521613121	-1
7.49521613121	-1
7.49521613121	-1
7.49521613121	-1
7.50622606277	-1
7.50622606277	-1
7.50622606277	-1
7.50622606277	-1
7.50622606277	-1
7.50622606277	-1
7.50622606277	-1
7.50622606277	-1
7.50624608994	1
7.50624608994	1
7.51428198814	-1
7.51428198814	-1
7.51428198814	-1
7.51428198814	-1
7.51428198814	-1
7.51428198814	-1
7.51428198814	-1
7.51428198814	-1
7.51986503601	-1
7.51986503601	-1
7.51986503601	-1
7.51986503601	-1
7.51986503601	-1
7.51986503601	-1
7.51986503601	-1
7.51986503601	-1
7.52303910255	-1
7.52308297157	1
7.52977705002	-1
7.52977705002	-1
7.52977705002	-1
7.52977705002	-1
7.52977705002	-1
7.52977705002	-1
7.52977705002	-1
7.53753209114	-1
7.53764414787	-1
7.53764414787	-1
7.53764414787	-1
7.53764414787	-1
7.53764414787	-1
7.53764414787	-1
7.53764414787	-1
7.54130601883	-1
7.54130601883	-1
7.54130601883	-1
7.54130601883	-1
7.55273413658	-1
7.56412100792	-1
7.56412100792	-1
7.56412100792	-1
7.56412100792	-1
7.56412100792	-1
7.56412100792	-1
7.56412100792	-1
7.56897211075	-1
7.57630395889	-1
7.57630395889	-1
7.57630395889	-1
7.57630395889	-1
7.57630395889	-1
7.57630395889	-1
7.57630395889	-1
7.58212018013	-1
7.58723306656	-1
7.58723306656	-1
7.58723306656	-1
7.58723306656	-1
7.58723306656	-1
7.58723306656	-1
7.58723306656	-1
7.59331417084	-1
7.61180019379	-1
7.61180019379	-1
7.61180019379	-1
7.61180019379	-1
7.61180019379	-1
7.61180019379	-1
7.61180019379	-1
7.61640810966	-1
7.62070798874	-1
7.62070798874	-1
7.62070798874	-1
7.62070798874	-1
7.62070798874	-1
7.62070798874	-1
7.62070798874	-1
7.62380099297	-1
7.62491297722	1
7.62491297722	1
7.62491297722	1
7.63283109665	-1
7.63283109665	-1
7.63283109665	-1
7.63283109665	-1
7.63283109665	-1
7.63283109665	-1
7.63283109665	-1
7.63306903839	-1
7.63312005997	-1
7.63312005997	-1
7.63312005997	-1
7.63312005997	-1
7.63312005997	-1
7.63312005997	-1
7.63312005997	-1
7.64405608177	-1
7.64405608177	-1
7.64556503296	-1
7.64556503296	-1
7.64556503296	-1
7.64556503296	-1
7.65188908577	-1
7.65399003029	-1
7.65399003029	-1
7.65399003029	-1
7.65399003029	-1
7.65399003029	-1
7.65399003029	-1
7.66069412231	-1
7.66686010361	-1
7.66686010361	-1
7.66686010361	-1
7.66686010361	-1
7.66686010361	-1
7.66686010361	-1
7.66686010361	-1
7.69536614418	-1
7.69536614418	-1
7.69536614418	-1
7.69536614418	-1
7.69536614418	-1
7.69536614418	-1
7.69536614418	-1
7.69536614418	-1
7.70900511742	-1
7.70900511742	-1
7.73984599113	-1
7.73984599113	-1
7.78295516968	-1
7.78295516968	-1
7.78295516968	-1
7.78459811211	1
7.78459811211	1
7.78459811211	1
7.78492617607	1
7.78492617607	1
7.9355840683	-1
7.9355840683	-1
7.93562698364	1
8.00219798088	-1
8.00219798088	-1
8.00219798088	-1
8.00421404839	1
8.00421404839	1
8.00421404839	1
8.07334303856	-1
8.21083307266	-1
8.21083307266	-1
8.21086502075	1
8.2433950901	-1
8.2433950901	-1
8.2433950901	-1
8.2433950901	-1
8.2433950901	-1
8.25048112869	-1
8.25048112869	-1
8.25674915314	-1
8.26644301414	-1
8.26644301414	-1
8.26644301414	-1
8.26644301414	-1
8.26644301414	-1
8.26644301414	-1
8.26644301414	-1
8.26644301414	-1
8.27855706215	-1
8.29038596153	-1
8.29038596153	-1
8.29038596153	-1
8.30001807213	-1
8.30001807213	-1
8.30001807213	-1
8.30001807213	-1
8.30001807213	-1
8.3087041378	-1
8.3087041378	-1
8.3202021122	-1
8.3202021122	-1
8.3202021122	-1
8.3202021122	-1
8.3202021122	-1
8.34275698662	-1
8.34275698662	-1
8.34275698662	-1
8.34275698662	-1
8.34804105759	-1
8.3481900692	1
8.3481900692	1
8.35604000092	-1
8.35604000092	-1
8.35604000092	-1
8.36256718636	-1
8.36256718636	-1
8.36256718636	-1
8.36256718636	-1
8.36256718636	-1
8.36256718636	-1
8.37738800049	-1
8.37738800049	-1
8.37738800049	-1
8.37738800049	-1
8.37738800049	-1
8.40227007866	-1
8.40227007866	-1
8.40227007866	-1
8.40227007866	-1
8.40227007866	-1
8.40227007866	-1
8.41240501404	-1
8.41240501404	-1
8.41240501404	-1
8.42397809029	-1
8.44887804985	-1
8.44887804985	-1
8.44887804985	-1
8.46207809448	-1
8.46207809448	-1
8.46207809448	-1
8.4716501236	-1
8.4716501236	-1
8.4716501236	-1
8.4716501236	-1
8.4716501236	-1
8.4716501236	-1
8.4716501236	-1
8.4832470417	-1
8.48578715324	1
8.48782896996	-1
8.48782896996	-1
8.48782896996	-1
8.48782896996	-1
8.49870300293	-1
8.49870300293	-1
8.49870300293	-1
8.50171208382	-1
8.51061415672	-1
8.51061415672	-1
8.51061415672	-1
8.51061415672	-1
8.51277112961	-1
8.51891517639	-1
8.51891517639	-1
8.51891517639	-1
8.51891517639	-1
8.51891517639	-1
8.51891517639	-1
8.52700400352	-1
8.52700400352	-1
8.52700400352	-1
8.52700400352	-1
8.52700400352	-1
8.52700400352	-1
8.53433513641	-1
8.53433513641	-1
8.53433513641	-1
8.53433513641	-1
8.53433513641	-1
8.53433513641	-1
8.53433513641	-1
8.53433513641	-1
8.54843616486	-1
8.54843616486	-1
8.56019997597	-1
8.56019997597	-1
8.56019997597	-1
8.56019997597	-1
8.57273507118	-1
8.58287906647	-1
8.58287906647	-1
8.58287906647	-1
8.58287906647	-1
8.58287906647	-1
8.58664703369	-1
8.5905380249	-1
8.5905380249	-1
8.5905380249	-1
8.5905380249	-1
8.5905380249	-1
8.5905380249	-1
8.5905380249	-1
8.59410405159	-1
8.59410405159	-1
8.59410405159	-1
8.59410405159	-1
8.60119915009	-1
8.60119915009	-1
8.60119915009	-1
8.60119915009	-1
8.60119915009	-1
8.60119915009	-1
8.61510300636	-1
8.61510300636	-1
8.61510300636	-1
8.6196501255	-1
8.62326598167	-1
8.62326598167	-1
8.62331104279	1
8.62927603722	-1
8.62927603722	-1
8.62927603722	-1
8.62927603722	-1
8.63673019409	-1
8.63673019409	-1
8.63673019409	-1
8.63673019409	-1
8.63673019409	-1
8.64926815033	-1
8.64926815033	-1
8.66583514214	-1
8.66583514214	-1
8.66583514214	-1
8.67443418503	-1
8.67443418503	-1
8.67443418503	-1
8.67950296402	-1
8.67950296402	-1
8.67950296402	-1
8.67950296402	-1
8.67950296402	-1
8.67950296402	-1
8.67950296402	-1
8.67950296402	-1
8.68487906456	-1
8.68487906456	-1
8.69075918198	-1
8.69075918198	-1
8.69075918198	-1
8.69075918198	-1
8.69075918198	-1
8.69075918198	-1
8.70456314087	-1
8.70456314087	-1
8.7077190876	-1
8.7077190876	-1
8.7077190876	-1
8.7607460022	-1
8.76075601578	1
8.76075601578	1
8.78301715851	-1
8.78301715851	-1
8.78301715851	-1
8.78301715851	-1
8.78301715851	-1
8.78301715851	-1
8.78301715851	-1
8.78301715851	-1
8.78481006622	-1
8.78872013092	-1
8.78872013092	-1
8.78872013092	-1
8.78872013092	-1
8.78872013092	-1
8.78872013092	-1
8.78872013092	-1
8.81779408455	-1
8.81883907318	-1
8.81883907318	-1
8.81883907318	-1
8.81883907318	-1
8.81883907318	-1
8.81883907318	-1
8.81883907318	-1
8.81971001625	-1
8.81971001625	-1
8.82090711594	-1
8.83078408241	-1
8.83078408241	-1
8.83078408241	-1
8.83078408241	-1
8.83078408241	-1
8.83078408241	-1
8.83557701111	-1
8.83557701111	-1
8.83557701111	-1
8.83557701111	-1
8.83557701111	-1
8.83557701111	-1
8.83557701111	-1
8.83557701111	-1
8.8417069912	-1
8.8417069912	-1
8.8417069912	-1
8.8417069912	-1
8.8417069912	-1
8.8417069912	-1
8.8417069912	-1
8.8417069912	-1
8.8417069912	-1
8.88280200958	-1
8.88280200958	-1
8.88467502594	-1
8.88467502594	-1
8.88467502594	-1
8.88467502594	-1
8.88865709305	-1
8.89299917221	-1
8.89299917221	-1
8.89299917221	-1
8.89299917221	-1
8.89299917221	-1
8.89299917221	-1
8.89299917221	-1
8.89465117455	-1
8.89837813377	-1
8.89837813377	-1
8.89841914177	1
8.89841914177	1
8.90172815323	-1
8.90172815323	-1
8.90172815323	-1
8.9037129879	-1
8.9037129879	-1
8.9037129879	-1
8.9037129879	-1
8.9037129879	-1
8.90784406662	-1
8.90784406662	-1
8.90784406662	-1
8.90784406662	-1
8.90784406662	-1
8.91071200371	-1
8.91427397728	-1
8.91427397728	-1
8.91959905624	-1
8.91959905624	-1
8.91959905624	-1
8.92451500893	-1
8.92451500893	-1
8.92463612556	-1
8.92463612556	-1
8.92463612556	-1
8.92463612556	-1
8.92463612556	-1
8.92463612556	-1
8.92463612556	-1
8.92848706245	-1
8.92848706245	-1
8.92848706245	-1
8.92848706245	-1
8.92848706245	-1
8.92848706245	-1
8.92848706245	-1
8.92848706245	-1
8.94024205208	-1
8.94024205208	-1
8.94329619408	-1
8.94329619408	-1
8.94938397408	-1
8.94938397408	-1
8.94938397408	-1
8.94938397408	-1
8.9529671669	-1
8.95308113098	-1
8.95308113098	-1
8.95308113098	-1
8.95308113098	-1
8.95308113098	-1
8.95308113098	-1
8.95308113098	-1
8.95651006699	-1
8.95651006699	-1
8.9580271244	-1
8.9580271244	-1
8.9580271244	-1
8.9580271244	-1
8.9580271244	-1
8.9580271244	-1
8.961384058	-1
8.961384058	-1
8.961384058	-1
8.961384058	-1
8.961384058	-1
8.97346115112	-1
8.97346115112	-1
8.97346115112	-1
8.97346115112	-1
8.97346115112	-1
8.97346115112	-1
8.9883081913	-1
8.99146103859	-1
8.99146103859	-1
8.99146103859	-1
9.00244402885	-1
9.00244402885	-1
9.00244402885	-1
9.00244402885	-1
9.00244402885	-1
9.00244402885	-1
9.00244402885	-1
9.0056810379	-1
9.03607296944	-1
9.03609609604	1
9.03609609604	1
9.05302810669	-1
9.05302810669	-1
9.05302810669	-1
9.05302810669	-1
9.05302810669	-1
9.05302810669	-1
9.05302810669	-1
9.17483901978	1
9.3124229908	-1
9.32749795914	-1
9.32749795914	-1
9.32749795914	-1
9.32749795914	-1
9.32749795914	-1
9.32749795914	-1
9.32749795914	-1
9.32749795914	-1
9.32749795914	-1
9.33619809151	-1
9.33619809151	-1
9.33619809151	-1
9.33998799324	-1
9.33998799324	-1
9.33998799324	-1
9.34316205978	-1
9.35036706924	-1
9.35036706924	-1
9.35036706924	-1
9.3758251667	-1
9.3758251667	-1
9.3758251667	-1
9.39616107941	-1
9.39616107941	-1
9.41084313393	-1
9.41084313393	-1
9.41084313393	-1
9.41222214699	1
9.4300839901	-1
9.4300839901	-1
9.44332408905	-1
9.44332408905	-1
9.44332408905	-1
9.44332408905	-1
9.44332408905	-1
9.45677614212	-1
9.58920311928	1
9.58920311928	1
9.60209298134	-1
9.76511001587	1
10.0615491867	-1
10.0644600391	1
10.1988830566	-1
10.2812781334	1
10.2812781334	1
10.6450581551	-1
10.7825701237	-1
10.7849700451	1
11.1854121685	-1
11.4563291073	1
11.4702591896	1
11.4702591896	1
11.4702591896	1
11.5173900127	1
11.5173900127	1
11.5173900127	1
11.5352611542	1
11.5352611542	1
11.5936529636	1
11.7309491634	1
11.7558581829	1
11.7558581829	1
11.7558581829	1
11.7819709778	1
11.7819709778	1
11.8246619701	-1
11.8682901859	1
11.9034621716	-1
11.9034621716	-1
11.9034621716	-1
11.9130151272	-1
11.9130151272	-1
11.9143669605	1
11.9143669605	1
11.9143669605	1
11.984208107	1
11.984208107	1
12.0279340744	-1
12.0279340744	-1
12.0279340744	-1
12.027960062	1
12.0291509628	1
12.0291509628	1
12.0291509628	1
12.1249990463	1
12.1249990463	1
12.1249990463	1
12.1249990463	1
12.1925389767	-1
12.1925389767	-1
12.1925389767	-1
12.2143740654	-1
12.2143740654	-1
12.2153670788	1
12.2153670788	1
12.2153670788	1
12.3276391029	-1
12.3276391029	-1
12.3276391029	-1
12.3276391029	-1
12.3276391029	-1
12.3276391029	-1
12.3276391029	-1
12.3276391029	-1
12.3627591133	-1
12.3627591133	-1
12.3627591133	-1
12.3627591133	-1
12.3627591133	-1
12.3627591133	-1
12.3627591133	-1
12.3627591133	-1
12.3653171062	-1
12.3653171062	-1
12.3653171062	-1
12.3653171062	-1
12.3856129646	-1
12.3856129646	-1
12.3856129646	-1
12.3856129646	-1
12.3857331276	-1
12.4307739735	1
12.4307739735	1
12.4307739735	1
12.4437460899	1
12.4437460899	1
12.465211153	-1
12.465211153	-1
12.4652221203	1
12.4652221203	1
12.4652380943	-1
12.4652380943	-1
12.4652380943	-1
12.4652380943	-1
12.4652380943	-1
12.4652380943	-1
12.4655790329	-1
12.4655790329	-1
12.4655790329	-1
12.4655790329	-1
12.4655790329	-1
12.4655790329	-1
12.4655790329	-1
12.500535965	-1
12.500660181	-1
12.500660181	-1
12.500660181	-1
12.500660181	-1
12.500660181	-1
12.500660181	-1
12.500660181	-1
12.500660181	-1
12.5010480881	-1
12.5010480881	-1
12.5010480881	-1
12.5232791901	-1
12.5232791901	-1
12.5232791901	-1
12.5233960152	-1
12.5233960152	-1
12.5233960152	-1
12.5233960152	-1
12.5233960152	-1
12.5233960152	-1
12.5233960152	-1
12.5236389637	-1
12.5237631798	-1
12.5237631798	-1
12.5238859653	-1
12.5238859653	-1
12.5238859653	-1
12.5535161495	1
12.5535161495	1
12.5535161495	1
12.6140441895	-1
12.6140441895	-1
12.6140441895	-1
12.6140441895	-1
12.6140441895	-1
12.6140441895	-1
12.6142811775	-1
12.6142811775	-1
12.6144039631	-1
12.6144039631	-1
12.6144039631	-1
12.6144039631	-1
12.6144039631	-1
12.6144039631	-1
12.6386699677	-1
12.6386699677	-1
12.6386699677	-1
12.6386699677	-1
12.6386699677	-1
12.6386699677	-1
12.6386699677	-1
12.6386699677	-1
12.6390171051	-1
12.6390171051	-1
12.6390171051	-1
12.6390171051	-1
12.6390171051	-1
12.6390171051	-1
12.6390171051	-1
12.6392631531	-1
12.6393921375	-1
12.6393921375	-1
12.6461720467	1
12.6461720467	1
12.6461720467	1
12.657610178	-1
12.657610178	-1
12.657610178	-1
12.6615409851	-1
12.6615409851	-1
12.6615409851	-1
12.6615409851	-1
12.6615409851	-1
12.6615409851	-1
12.6615409851	-1
12.6617701054	-1
12.6618931293	-1
12.6618931293	-1
12.6618931293	-1
12.6618931293	-1
12.662017107	-1
12.6621630192	-1
12.6621630192	-1
12.6621630192	-1
12.6621630192	-1
12.6621630192	-1
12.6621630192	-1
12.6869971752	1
12.6869971752	1
12.6960840225	1
12.6960840225	1
12.6960840225	1
12.7408139706	-1
12.7408139706	-1
12.7438600063	1
12.7438600063	1
12.7807979584	-1
12.7807979584	-1
12.7807979584	-1
12.9106521606	-1
12.9106521606	-1
12.9106521606	-1
12.9106740952	1
12.9106740952	1
12.9273371696	-1
12.9273371696	-1
12.9273371696	-1
12.9293620586	-1
12.9293620586	-1
12.9293620586	-1
12.9293620586	-1
12.9293620586	-1
12.9293620586	-1
12.9621040821	-1
12.9621040821	-1
12.9642901421	1
12.9642901421	1
12.9642901421	1
12.9698991776	-1
12.9698991776	-1
12.9698991776	-1
12.9698991776	-1
12.9698991776	-1
12.9698991776	-1
12.9698991776	-1
12.9810671806	-1
12.9925401211	-1
12.9925401211	-1
12.9925401211	-1
12.9925401211	-1
12.9925401211	-1
12.9925401211	-1
12.9925401211	-1
12.9989461899	-1
13.0110809803	-1
13.0110809803	-1
13.0110809803	-1
13.0110809803	-1
13.0110809803	-1
13.0235409737	-1
13.0248100758	1
13.0248100758	1
13.0271451473	-1
13.0271451473	-1
13.0271451473	-1
13.0647599697	1
13.186207056	-1
13.186207056	-1
13.186207056	-1
13.2517580986	-1
13.2517580986	-1
13.2517580986	-1
13.2950520515	-1
13.2950520515	-1
13.4498250484	-1
13.4498250484	-1
13.4498250484	-1
13.4599051476	-1
13.4599051476	-1
13.4599051476	-1
13.4627740383	-1
13.4627740383	-1
13.4627740383	-1
13.4627740383	-1
13.4627740383	-1
13.4627740383	-1
13.4627740383	-1
13.4664371014	-1
13.4664371014	-1
13.4664371014	-1
13.4664371014	-1
13.4664371014	-1
13.4664371014	-1
13.4664371014	-1
13.472383976	-1
13.472383976	-1
13.472383976	-1
13.472383976	-1
13.472383976	-1
13.472383976	-1
13.472383976	-1
13.472383976	-1
13.4791049957	-1
13.4791049957	-1
13.4804680347	-1
13.4804680347	-1
13.4804680347	-1
13.4804680347	-1
13.4804680347	-1
13.4804680347	-1
13.4862980843	-1
13.4862980843	-1
13.4862980843	-1
13.4862980843	-1
13.4862980843	-1
13.4862980843	-1
13.4862980843	-1
13.4862980843	-1
13.5025510788	-1
13.5025510788	-1
13.5025510788	-1
13.5025510788	-1
13.5025510788	-1
13.5025510788	-1
13.5025510788	-1
13.502767086	-1
13.502767086	-1
13.502767086	-1
13.502767086	-1
13.502767086	-1
13.502767086	-1
13.502767086	-1
13.503136158	-1
13.503136158	-1
13.503136158	-1
13.503136158	-1
13.5032570362	-1
13.505382061	1
13.5784089565	-1
13.5784089565	-1
13.5785160065	-1
13.5785160065	-1
13.5785160065	-1
13.609858036	-1
13.609858036	-1
13.6810860634	1
17.0858559608	-1
17.1468770504	-1
17.1468770504	-1
17.1468770504	-1
17.1468770504	-1
17.1468770504	-1
17.1468770504	-1
17.1468770504	-1
17.1861560345	-1
17.1862061024	-1
17.1862061024	-1
17.1862061024	-1
17.1862061024	-1
17.1862061024	-1
17.1862061024	-1
17.1862061024	-1
17.2112231255	-1
17.2112231255	-1
17.2112231255	-1
17.2112231255	-1
17.2112231255	-1
18.1426379681	-1
19.2484190464	-1
22.5523540974	1
22.6897730827	1
22.6897730827	1
22.8509590626	-1
22.9957611561	-1
23.0392529964	1
23.0451140404	1
23.0451140404	1
23.0451140404	1
23.0452461243	1
23.0452461243	1
23.0464739799	1
23.0464739799	1
23.0464739799	1
23.0475161076	1
23.0475161076	1
23.0476841927	1
23.0476841927	1
23.0476841927	1
23.0479931831	1
23.0479931831	1
23.1969001293	-1
23.1976361275	1
23.1976361275	1
23.1976361275	1
23.1976361275	1
23.1976361275	1
23.1976361275	1
23.1976361275	1
23.1976361275	1
23.1976361275	1
23.2001039982	1
23.2001039982	1
23.2731909752	-1
23.2731909752	-1
23.2731909752	-1
23.2812991142	-1
23.2812991142	-1
23.2812991142	-1
23.2812991142	-1
23.2812991142	-1
23.2812991142	-1
23.287913084	-1
23.287913084	-1
23.287913084	-1
23.3344500065	1
23.3694629669	1
23.3694629669	1
23.3694629669	1
23.4426691532	1
23.4426691532	1
23.472107172	-1
23.472107172	-1
23.5075559616	-1
23.5075559616	-1
23.5075559616	-1
23.5075559616	-1
23.5905101299	-1
23.5905101299	-1
23.5970571041	-1
23.5970571041	-1
23.5970571041	-1
23.5970571041	-1
23.6023609638	-1
23.6023609638	-1
23.6023609638	-1
23.6023609638	-1
23.6023609638	-1
23.6023609638	-1
23.6023609638	-1
23.6095080376	-1
23.6095399857	1
23.6095399857	1
23.6193389893	-1
23.6193389893	-1
23.6193389893	-1
23.6193389893	-1
23.6193389893	-1
23.6193389893	-1
23.6193389893	-1
23.6371459961	-1
23.6371459961	-1
23.6371459961	-1
23.6372611523	-1
23.7284150124	-1
23.7284150124	-1
23.7284150124	-1
23.7284150124	-1
23.7284150124	-1
23.7399950027	-1
23.7399950027	-1
23.7399950027	-1
23.74010396	-1
23.74010396	-1
23.74010396	-1
23.74010396	-1
23.7402281761	-1
23.7402951717	-1
23.7402951717	-1
23.7402951717	-1
23.7402951717	-1
23.7402951717	-1
23.7402951717	-1
23.740596056	-1
23.740596056	-1
23.740596056	-1
23.740596056	-1
23.740596056	-1
23.740596056	-1
23.740596056	-1
23.740596056	-1
23.7429201603	1
23.7429201603	1
23.7429201603	1
23.7548639774	-1
23.7548639774	-1
23.7548639774	-1
23.7548639774	-1
23.7548639774	-1
23.7548639774	-1
23.7548639774	-1
23.7548639774	-1
23.768625021	-1
23.768625021	-1
23.768625021	-1
23.768625021	-1
23.768625021	-1
23.768625021	-1
23.787386179	-1
23.787386179	-1
23.7875890732	-1
23.7875890732	-1
23.7875890732	-1
23.7875890732	-1
23.7875890732	-1
23.8778381348	-1
23.8778381348	-1
23.8778381348	-1
23.8778381348	-1
23.8778381348	-1
23.8778381348	-1
23.8778381348	-1
23.8778381348	-1
23.8778381348	-1
23.8782069683	-1
23.8782069683	-1
23.8782069683	-1
23.8782069683	-1
23.8782069683	-1
23.8782069683	-1
23.8782069683	-1
23.8784291744	-1
23.8875119686	-1
23.8875119686	-1
23.8875119686	-1
23.8875119686	-1
23.8875119686	-1
23.8877520561	-1
23.8877520561	-1
23.8877520561	-1
23.8878281116	-1
23.8878281116	-1
23.8903391361	1
23.8903391361	1
23.8903391361	1
23.899515152	1
23.899515152	1
23.9019260406	-1
23.9019260406	-1
23.9019260406	-1
23.9019260406	-1
23.9019260406	-1
23.9019260406	-1
23.9019260406	-1
23.9022510052	-1
23.9024381638	-1
23.9024381638	-1
23.9024381638	-1
23.9024381638	-1
23.9024381638	-1
23.9024381638	-1
23.9024381638	-1
23.9144849777	1
23.9144849777	1
23.9144849777	1
23.9211330414	1
23.9211330414	1
23.9211330414	1
23.9248011112	-1
23.9249191284	-1
23.9249191284	-1
23.9249191284	-1
23.9249191284	-1
23.9249191284	-1
23.9249191284	-1
23.9249191284	-1
23.9251639843	-1
23.9251639843	-1
23.9251639843	-1
23.925287962	-1
23.9254100323	-1
23.9254100323	-1
23.9254100323	-1
23.9254100323	-1
23.9254100323	-1
23.9254100323	-1
23.9254100323	-1
23.9283020496	1
23.9283020496	1
23.9485299587	-1
23.9485850334	-1
23.9485850334	-1
23.9485850334	-1
23.9485850334	-1
23.9485850334	-1
23.9485850334	-1
24.0249531269	-1
24.0249531269	-1
24.0249531269	-1
24.0249531269	-1
24.0249531269	-1
24.0249531269	-1
24.0249531269	-1
24.0249531269	-1
24.0254120827	-1
24.0254120827	-1
24.0254120827	-1
24.0254120827	-1
24.0254120827	-1
24.0254120827	-1
24.0254120827	-1
24.0254120827	-1
24.0257689953	-1
24.0257689953	-1
24.0257689953	-1
24.0257689953	-1
24.0257689953	-1
24.0257689953	-1
24.0257689953	-1
24.0257689953	-1
24.0393950939	-1
24.0393950939	-1
24.0393950939	-1
24.0394370556	1
24.0394370556	1
24.0394690037	-1
24.0394690037	-1
24.0396251678	-1
24.0396251678	-1
24.0396251678	-1
24.0397481918	-1
24.0397481918	-1
24.0397481918	-1
24.0397481918	-1
24.0398709774	-1
24.0399930477	-1
24.0399930477	-1
24.0399930477	-1
24.0399930477	-1
24.0399930477	-1
24.0399930477	-1
24.040241003	-1
24.040241003	-1
24.040241003	-1
24.040241003	-1
24.040241003	-1
24.040241003	-1
24.040241003	-1
24.0524001122	-1
24.0525670052	-1
24.0525670052	-1
24.0525670052	-1
24.0525670052	-1
24.0525670052	-1
24.0525670052	-1
24.0528120995	-1
24.0528120995	-1
24.0528120995	-1
24.0528120995	-1
24.0528120995	-1
24.0528120995	-1
24.0528120995	-1
24.0528120995	-1
24.0528120995	-1
24.0860309601	-1
24.0860309601	-1
24.0860309601	-1
24.0860309601	-1
24.0860309601	-1
24.0862751007	-1
24.086397171	-1
24.086397171	-1
24.086397171	-1
24.086397171	-1
24.086397171	-1
24.086397171	-1
24.086397171	-1
24.086397171	-1
24.0867669582	-1
24.0867669582	-1
24.0867669582	-1
24.0867669582	-1
24.08685112	-1
24.087927103	1
24.087927103	1
24.087927103	1
24.1604270935	1
24.1604270935	1
24.1704671383	1
24.1704671383	1
24.1704671383	1
24.2129900455	1
24.2255480289	-1
24.2555580139	-1
24.2555580139	-1
24.2555580139	-1
24.2555580139	-1
24.2555580139	-1
24.2555580139	-1
24.2555580139	-1
24.2555580139	-1
24.3025960922	-1
24.3025960922	-1
24.3025960922	-1
24.3180379868	-1
24.3180379868	-1
24.3180379868	-1
24.3180379868	-1
24.3180379868	-1
24.3180379868	-1
24.3180379868	-1
24.3180379868	-1
24.3310220242	-1
24.3310220242	-1
24.3310220242	-1
24.3379600048	-1
24.3379600048	-1
24.3410220146	1
24.3410220146	1
24.3410220146	1
24.3489329815	-1
24.3489329815	-1
24.3489329815	-1
24.3506281376	1
24.3506281376	1
24.3595070839	1
24.3595070839	1
24.3595070839	1
24.3595070839	1
24.3728010654	1
24.3890171051	1
24.3890171051	1
24.3929181099	-1
24.4597210884	-1
24.4597210884	-1
24.4597210884	-1
24.4688441753	-1
24.4688441753	-1
24.4688441753	-1
24.4825341702	-1
24.4825341702	-1
24.4825341702	-1
24.4825341702	-1
24.4825341702	-1
24.4825341702	-1
24.483451128	1
24.483451128	1
24.483451128	1
24.5116951466	-1
24.5116951466	-1
24.5116951466	-1
24.5116951466	-1
24.5116951466	-1
24.5116951466	-1
24.5116951466	-1
24.5116951466	-1
24.5202350616	-1
24.5202350616	-1
24.5327880383	-1
24.5327880383	-1
24.567948103	1
24.567948103	1
24.567948103	1
24.6123280525	-1
24.6123280525	-1
24.6123280525	-1
24.6140730381	1
24.6140730381	1
24.6727399826	1
24.690639019	-1
24.690639019	-1
24.690639019	-1
24.7088041306	-1
24.7088041306	-1
24.7088041306	-1
24.7088041306	-1
24.7088041306	-1
24.7193300724	-1
24.7266991138	-1
24.7266991138	-1
24.7266991138	-1
24.7266991138	-1
24.7372341156	-1
24.7597541809	-1
24.7597541809	-1
24.7597541809	-1
24.7597541809	-1
24.7597541809	-1
24.7597541809	-1
24.7597541809	-1
24.7597541809	-1
24.7630701065	-1
24.7630701065	-1
24.7630701065	-1
24.7683341503	-1
24.7683341503	-1
24.7683341503	-1
24.7683341503	-1
24.7683341503	-1
24.7683341503	-1
24.7683341503	-1
24.7683341503	-1
24.7724170685	1
24.7724170685	1
24.7724170685	1
24.7801580429	-1
24.7801580429	-1
24.7801580429	-1
24.7801580429	-1
24.7801580429	-1
24.7801580429	-1
24.7801580429	-1
24.7801580429	-1
24.7855160236	-1
24.7855160236	-1
24.7855160236	-1
24.7855160236	-1
24.7855160236	-1
24.7855160236	-1
24.7881159782	-1
24.7881159782	-1
24.7881159782	-1
24.7881159782	-1
24.7881159782	-1
24.7881159782	-1
24.7881159782	-1
24.7909421921	-1
24.7924289703	-1
24.7924289703	-1
24.7924289703	-1
24.7924289703	-1
24.7924289703	-1
24.7924289703	-1
24.7924289703	-1
24.7940540314	-1
24.7951200008	-1
24.7951200008	-1
24.7951200008	-1
24.7951200008	-1
24.7951200008	-1
24.7951200008	-1
24.7951200008	-1
24.7965121269	-1
24.7965121269	-1
24.7965121269	-1
24.7965121269	-1
24.8047711849	1
24.8047711849	1
24.8318591118	-1
24.8318591118	-1
24.8318591118	-1
24.8318591118	-1
24.8318591118	-1
24.8318591118	-1
24.8318591118	-1
24.8318591118	-1
24.831895113	1
24.831895113	1
24.8322100639	-1
24.8322100639	-1
24.8322100639	-1
24.8322100639	-1
24.8322100639	-1
24.8322100639	-1
24.8322100639	-1
24.8324611187	-1
24.8325800896	-1
24.8325800896	-1
24.8325800896	-1
24.8325800896	-1
24.8325800896	-1
24.8325800896	-1
24.8325800896	-1
24.8328251839	-1
24.8328251839	-1
24.8328251839	-1
24.8328251839	-1
24.8328251839	-1
24.8328251839	-1
24.8328251839	-1
24.8328251839	-1
24.8504941463	-1
24.8504941463	-1
24.8505990505	-1
24.8505990505	-1
24.8505990505	-1
24.8505990505	-1
24.8505990505	-1
24.8505990505	-1
24.8505990505	-1
24.8854110241	-1
24.8854110241	-1
24.8854110241	-1
24.8854110241	-1
24.8854110241	-1
24.8854110241	-1
24.8854110241	-1
24.8955581188	1
24.8955581188	1
24.8955581188	1
24.9176111221	-1
24.9176111221	-1
24.9176111221	-1
24.9176111221	-1
24.9176111221	-1
24.9176111221	-1
24.9178311825	-1
24.9309251308	-1
24.9309251308	-1
24.9309251308	-1
24.9309251308	-1
24.9309251308	-1
24.9309251308	-1
24.9309251308	-1
24.9456870556	-1
24.9456870556	-1
24.9456870556	-1
24.9456870556	-1
24.9456870556	-1
24.9456870556	-1
24.9456870556	-1
24.9612541199	1
24.9612541199	1
24.9800930023	-1
24.9800930023	-1
24.9801080227	1
24.9801080227	1
25.0177061558	-1
25.0177061558	-1
25.0177061558	-1
25.0177061558	-1
25.0177061558	-1
25.0177061558	-1
25.0177061558	-1
25.0312709808	-1
25.032818079	-1
25.032818079	-1
25.032818079	-1
25.032818079	-1
25.032818079	-1
25.032818079	-1
25.032818079	-1
25.0828480721	-1
25.0828480721	-1
25.0951120853	-1
25.0951120853	-1
25.0951120853	-1
25.0951120853	-1
25.1553840637	1
25.1837689877	-1
25.1837689877	-1
25.1837689877	-1
25.1837689877	-1
25.1837689877	-1
25.1947200298	-1
25.202917099	-1
25.202917099	-1
25.202917099	-1
25.202917099	-1
25.202917099	-1
25.202917099	-1
25.202917099	-1
25.2737181187	-1
25.2798290253	-1
25.2798290253	-1
25.2798290253	-1
25.2929141521	1
25.3037481308	-1
25.3037481308	-1
25.3037481308	-1
25.3037481308	-1
25.3037481308	-1
25.3037481308	-1
25.3037481308	-1
25.3037481308	-1
25.396433115	-1
25.396433115	-1
25.396433115	-1
25.4136791229	-1
25.4136791229	-1
25.4193980694	-1
25.4193980694	-1
25.4193980694	-1
25.4193980694	-1
25.4193980694	-1
25.4193980694	-1
25.4193980694	-1
25.4236700535	-1
25.4236700535	-1
25.4236700535	-1
25.4236700535	-1
25.4236700535	-1
25.4236700535	-1
25.4236700535	-1
25.4302220345	-1
25.4302620888	1
25.4302620888	1
25.4353430271	-1
25.4353430271	-1
25.4353430271	-1
25.4353430271	-1
25.4353430271	-1
25.4353430271	-1
25.4394180775	-1
25.4394180775	-1
25.4433510303	-1
25.4433510303	-1
25.4433510303	-1
25.4433510303	-1
25.4433510303	-1
25.4433510303	-1
25.4433510303	-1
25.4450910091	-1
25.4471180439	-1
25.4471180439	-1
25.4471180439	-1
25.4471180439	-1
25.4471180439	-1
25.4471180439	-1
25.4471180439	-1
25.4617550373	-1
25.4617550373	-1
25.4617550373	-1
25.4617550373	-1
25.4617550373	-1
25.4617550373	-1
25.4617550373	-1
25.4617550373	-1
25.4652631283	-1
25.4652631283	-1
25.4703409672	-1
25.4703409672	-1
25.4724049568	-1
25.4724049568	-1
25.4724049568	-1
25.4724049568	-1
25.4724049568	-1
25.4724049568	-1
25.4756031036	-1
25.4756031036	-1
25.4756031036	-1
25.4756031036	-1
25.4756031036	-1
25.4756031036	-1
25.4756031036	-1
25.4756031036	-1
25.4775290489	-1
25.4775290489	-1
25.4775290489	-1
25.4775290489	-1
25.4775290489	-1
25.4775290489	-1
25.4775290489	-1
25.4789831638	-1
25.567909956	1
25.6992959976	-1
25.6992959976	-1
25.6992959976	-1
25.6992959976	-1
25.6992959976	-1
25.6992959976	-1
25.6992959976	-1
25.6992959976	-1
25.7011370659	-1
25.7053351402	-1
25.7053351402	-1
25.707873106	-1
25.707873106	-1
25.707873106	-1
25.707873106	-1
25.707873106	-1
25.707873106	-1
25.707873106	-1
25.7093470097	-1
25.7093470097	-1
25.7093470097	-1
25.7093470097	-1
25.7093470097	-1
25.7093470097	-1
25.7093470097	-1
25.7097260952	1
25.7124190331	-1
25.7124190331	-1
25.7124190331	-1
25.7124190331	-1
25.7124190331	-1
25.7124190331	-1
25.7124190331	-1
25.7124190331	-1
25.7163710594	-1
25.7163710594	-1
25.7163710594	-1
25.722782135	-1
25.722782135	-1
25.722782135	-1
25.722782135	-1
25.722782135	-1
25.722782135	-1
25.722782135	-1
25.722782135	-1
25.7260611057	-1
25.7260611057	-1
25.7260611057	-1
25.7260611057	-1
25.7260611057	-1
25.7260611057	-1
25.7260611057	-1
25.7277569771	-1
25.7312061787	-1
25.7312061787	-1
25.7312061787	-1
25.7312061787	-1
25.7312061787	-1
25.7312061787	-1
25.7312061787	-1
25.7533171177	-1
25.7533171177	-1
25.7533171177	-1
25.7533171177	-1
25.7533171177	-1
25.7533171177	-1
25.7533171177	-1
25.7533171177	-1
25.785367012	-1
25.785367012	-1
25.7957971096	-1
25.7957971096	-1
25.7957971096	-1
25.7957971096	-1
25.7957971096	-1
25.7957971096	-1
25.7957971096	-1
25.7957971096	-1
25.8015830517	-1
25.8015830517	-1
25.8189799786	-1
25.8189799786	-1
25.8189799786	-1
25.8189799786	-1
25.8189799786	-1
25.8189799786	-1
25.8189799786	-1
25.8370351791	-1
25.8383760452	-1
25.8383760452	-1
25.8383760452	-1
25.8418240547	-1
25.8418240547	-1
25.8453671932	-1
25.8453671932	-1
25.8453671932	-1
25.8453671932	-1
25.8453671932	-1
25.8453671932	-1
25.8453671932	-1
25.8453671932	-1
25.8479061127	-1
25.8479061127	-1
25.8479061127	-1
25.8479411602	1
25.8479411602	1
25.8491821289	-1
25.8491821289	-1
25.8491821289	-1
25.8491821289	-1
25.8491821289	-1
25.8491821289	-1
25.8491821289	-1
25.8795461655	-1
25.884032011	-1
25.884032011	-1
25.884032011	-1
25.884032011	-1
26.159058094	-1
26.160061121	1
26.2964949608	-1
26.5856339931	-1
27.3461689949	-1
27.4836800098	-1
27.4836800098	-1
27.4848330021	1
27.6220669746	1
27.7592661381	1
28.0590851307	1
28.0666460991	1
28.0666460991	1
28.0666460991	1
28.1963751316	1
28.2219581604	-1
28.3520600796	-1
28.3520600796	-1
28.3520600796	-1
28.5389780998	-1
28.5389780998	-1
28.5389780998	-1
28.7138121128	-1
28.8511021137	-1
29.465567112	-1
30.3129689693	-1
31.2867729664	-1
34.3968441486	-1
36.2915179729	-1
37.5108590126	1
37.6847481728	1
37.6847481728	1
37.9456291199	-1
38.0744869709	1
38.0773839951	1
38.0773839951	1
38.0773839951	1
38.0773839951	1
38.0773839951	1
38.0801420212	1
38.0803129673	1
38.0803129673	1
38.0803129673	1
38.0809080601	1
38.0809080601	1
38.0817210674	1
38.0817210674	1
38.0817210674	1
38.0837850571	1
38.0837850571	1
38.1893091202	1
38.1893091202	1
38.1937789917	-1
38.2118370533	1
38.2120420933	1
38.2120420933	1
38.2120420933	1
38.217867136	1
38.217867136	1
38.217867136	1
38.217867136	1
38.217867136	1
38.217867136	1
38.3490011692	1
38.4457981586	1
38.4457981586	1
38.4457981586	1
38.4863131046	1
38.4902760983	-1
38.6593301296	-1
38.6593301296	-1
38.6593301296	-1
38.696087122	-1
38.696087122	-1
38.696087122	-1
38.696087122	-1
38.696087122	-1
38.696087122	-1
38.696087122	-1
38.696087122	-1
38.7124941349	-1
38.7367069721	-1
38.7367069721	-1
38.7367069721	-1
38.7367069721	-1
38.7367069721	-1
38.7367069721	-1
38.7367069721	-1
38.7563180923	-1
38.7564210892	-1
38.7564210892	-1
38.7564210892	-1
38.7564210892	-1
38.7564210892	-1
38.7564210892	-1
38.7564210892	-1
38.8152220249	-1
38.8152220249	-1
38.8152220249	-1
38.8152220249	-1
38.8152220249	-1
38.8152220249	-1
38.8152220249	-1
38.8152220249	-1
38.8459351063	-1
38.8459839821	-1
38.8459839821	-1
38.8459839821	-1
38.8459839821	-1
38.8459839821	-1
38.8459839821	-1
38.8459839821	-1
38.8904130459	-1
38.890515089	-1
38.890515089	-1
38.890515089	-1
38.890515089	-1
38.890515089	-1
38.890515089	-1
38.890515089	-1
38.8907601833	-1
38.8924200535	1
38.9071111679	-1
38.9071111679	-1
38.9071111679	-1
38.9071111679	-1
38.9071111679	-1
38.9071111679	-1
38.9073531628	-1
38.9073531628	-1
38.9073531628	-1
38.9073531628	-1
38.9697930813	-1
38.9697930813	-1
38.9697930813	-1
38.9699060917	-1
38.9699060917	-1
38.9699060917	-1
38.9699060917	-1
38.9699060917	-1
38.9699060917	-1
38.9699060917	-1
38.9842309952	-1
38.9842309952	-1
38.9842309952	-1
38.9842309952	-1
38.9842309952	-1
38.9842309952	-1
38.9842309952	-1
38.9845900536	-1
38.9845900536	-1
38.9847121239	-1
38.9847121239	-1
38.9847121239	-1
38.9847121239	-1
38.9848341942	-1
38.9848341942	-1
38.9848341942	-1
38.9848341942	-1
38.9848341942	-1
38.9848341942	-1
38.9848341942	-1
39.0448579788	1
39.0451030731	-1
39.0451030731	-1
39.0451030731	-1
39.0451030731	-1
39.0451030731	-1
39.0451030731	-1
39.0451030731	-1
39.0453481674	-1
39.0453481674	-1
39.0454711914	-1
39.0454711914	-1
39.0454711914	-1
39.0454711914	-1
39.0454711914	-1
39.0454711914	-1
39.0454711914	-1
39.0457181931	-1
39.0458400249	-1
39.0458400249	-1
39.0458400249	-1
39.0459029675	-1
39.0459029675	-1
39.0460860729	-1
39.0460860729	-1
39.0460860729	-1
39.0460860729	-1
39.0460860729	-1
39.0460860729	-1
39.0918040276	1
39.0918040276	1
39.0918040276	1
39.1217961311	-1
39.1217961311	-1
39.1217961311	-1
39.1217961311	-1
39.1217961311	-1
39.1217961311	-1
39.1217961311	-1
39.122164011	-1
39.122164011	-1
39.122164011	-1
39.122164011	-1
39.122164011	-1
39.122287035	-1
39.151540041	-1
39.151540041	-1
39.1516530514	-1
39.1516530514	-1
39.1516530514	-1
39.1517760754	-1
39.1517760754	-1
39.1518781185	-1
39.1518781185	-1
39.1548509598	1
39.1548509598	1
39.1568791866	1
39.1568791866	1
39.1568791866	1
39.1568791866	1
39.2894799709	-1
39.2894799709	-1
39.4528300762	1
39.4528300762	1
40.2342631817	-1
40.2565410137	-1
40.2565410137	-1
40.2565410137	-1
40.2565410137	-1
40.2565410137	-1
40.2565410137	-1
40.2565410137	-1
40.2845761776	-1
40.2846040726	-1
40.2846040726	-1
40.2846040726	-1
40.2846040726	-1
40.2846040726	-1
40.2846040726	-1
40.2846040726	-1
40.3259840012	-1
40.3259840012	-1
40.3272631168	1
40.371680975	-1
40.371680975	-1
40.371680975	-1
40.371680975	-1
40.371680975	-1
40.371680975	-1
40.3905191422	-1
40.3905191422	-1
40.3905191422	-1
40.3905191422	-1
40.3905191422	-1
40.3905191422	-1
40.3905191422	-1
40.3905191422	-1
40.4220180511	-1
40.4220180511	-1
40.4221279621	-1
40.4222500324	-1
40.4222500324	-1
40.4222500324	-1
40.4222500324	-1
40.4222500324	-1
40.4222500324	-1
40.4222500324	-1
40.4224970341	-1
40.4226191044	-1
40.4226191044	-1
40.4226191044	-1
40.4226191044	-1
40.4226191044	-1
40.4226191044	-1
40.4226191044	-1
40.4457650185	-1
40.4458880424	-1
40.4458880424	-1
40.4458880424	-1
40.4458880424	-1
40.4460110664	-1
40.4460110664	-1
40.4460110664	-1
40.4460110664	-1
40.4645991325	1
40.4645991325	1
40.473596096	-1
40.473596096	-1
40.473596096	-1
40.5232770443	-1
40.5232770443	-1
40.5232770443	-1
40.5232770443	-1
40.5232770443	-1
40.5232770443	-1
40.5232770443	-1
40.5232770443	-1
40.5236251354	-1
40.5236251354	-1
40.5236251354	-1
40.5422990322	-1
40.5422990322	-1
40.5422990322	-1
40.5422990322	-1
40.5422990322	-1
40.5422990322	-1
40.5422990322	-1
40.5425281525	-1
40.5602221489	-1
40.5602221489	-1
40.5602221489	-1
40.5909371376	-1
40.5909371376	-1
40.5909371376	-1
40.5909371376	-1
40.6406970024	1
40.6406970024	1
40.7780041695	1
41.5945780277	-1
41.6360461712	-1
41.6360461712	-1
41.6360461712	-1
41.6372101307	-1
41.6372101307	-1
41.6372101307	-1
41.6372101307	-1
41.6372101307	-1
41.6372101307	-1
41.6372101307	-1
41.6394851208	-1
41.6877140999	-1
41.6877140999	-1
41.6877140999	-1
41.6877140999	-1
41.6877140999	-1
41.6877140999	-1
41.6877140999	-1
41.6877140999	-1
41.6877140999	-1
41.7036449909	-1
41.7036449909	-1
41.7320091724	-1
41.7320091724	-1
41.7320091724	-1
41.7320091724	-1
41.7320091724	-1
41.7320091724	-1
41.7320091724	-1
41.7322351933	-1
41.7747550011	-1
41.7747550011	-1
41.7747550011	-1
41.7747550011	-1
41.7747550011	-1
41.7749731541	-1
41.7749731541	-1
41.7749731541	-1
41.7749731541	-1
41.7749731541	-1
41.7749731541	-1
41.7749731541	-1
41.7752189636	-1
41.7752189636	-1
41.7752189636	-1
41.7752189636	-1
41.7774281502	1
41.9404170513	-1
41.9416530132	1
42.0792851448	-1
42.7478940487	-1
42.8852200508	-1
42.8970181942	1
43.0942771435	1
43.3282971382	-1
43.5031270981	-1
43.5031270981	-1
48.6185190678	-1
48.7558369637	-1
49.0466940403	-1
49.2814180851	-1
52.5447750092	-1
52.9006171227	1
53.0378911495	1
53.1036350727	1
53.1036350727	1
53.1036350727	1
53.1036350727	1
53.1036350727	1
53.1036350727	1
53.1047260761	1
53.1047260761	1
53.1066000462	1
53.1066000462	1
53.1066000462	1
53.1066000462	1
53.1076550484	1
53.1094009876	1
53.1094009876	1
53.1094009876	1
53.1099200249	1
53.1099200249	1
53.1099200249	1
53.1099200249	1
53.1099200249	1
53.1099200249	1
53.2412831783	1
53.2412831783	1
53.2412831783	1
53.2412831783	1
53.2454710007	-1
53.2477869987	1
53.2477869987	1
53.2492921352	1
53.2492921352	1
53.2530531883	1
53.2530531883	1
53.2530531883	1
53.3486261368	1
53.3829441071	-1
53.4280731678	-1
53.4280731678	-1
53.4280731678	-1
53.4280731678	-1
53.4280731678	-1
53.4280731678	-1
53.4280731678	-1
53.4280731678	-1
53.492868185	1
53.492868185	1
53.492868185	1
53.5015749931	1
53.5015749931	1
53.5023620129	1
53.5023620129	1
53.5023620129	1
53.524641037	1
53.5589840412	-1
53.607334137	-1
53.607334137	-1
53.607334137	-1
53.6077411175	-1
53.6077411175	-1
53.6077411175	-1
53.6077411175	-1
53.6077411175	-1
53.6077411175	-1
53.6077411175	-1
53.6305341721	-1
53.6619491577	1
53.6619491577	1
53.6743140221	-1
53.6743140221	-1
53.6743140221	-1
53.6765811443	1
53.6765811443	1
53.6765811443	1
53.7053120136	-1
53.7053120136	-1
53.7053120136	-1
53.7068271637	1
53.7068271637	1
53.8178880215	1
53.8264300823	-1
53.8264300823	-1
53.8923490047	-1
53.8923490047	-1
53.8923490047	-1
53.8923490047	-1
53.8923490047	-1
53.8923490047	-1
53.8923490047	-1
53.9124610424	-1
53.9418680668	-1
53.9418680668	-1
53.9418680668	-1
53.9624900818	-1
53.9624900818	-1
53.9625301361	1
53.9799170494	-1
53.9816169739	1
53.9816169739	1
53.9816169739	1
54.0118041039	-1
54.0118041039	-1
54.0118041039	-1
54.0133969784	1
54.0133969784	1
54.1191341877	-1
54.1191821098	1
54.2926871777	1
54.2973949909	-1
54.3324561119	-1
54.3324561119	-1
54.3324561119	-1
54.3324561119	-1
54.3324561119	-1
54.3324561119	-1
54.3324561119	-1
54.3638100624	-1
54.3638350964	-1
54.3638350964	-1
54.3638350964	-1
54.3638350964	-1
54.3983139992	-1
54.3983139992	-1
54.3983139992	-1
54.3983139992	-1
54.3983139992	-1
54.3983139992	-1
54.3983139992	-1
54.3983139992	-1
54.4238820076	-1
54.4238820076	-1
54.4238820076	-1
54.4699981213	-1
54.4699981213	-1
54.4778850079	1
54.5289530754	-1
54.5289530754	-1
54.5289530754	-1
54.5289530754	-1
54.5289530754	-1
54.5289530754	-1
54.5289530754	-1
54.5289530754	-1
54.5656280518	-1
54.5656280518	-1
54.5656280518	-1
54.5656280518	-1
54.5656280518	-1
54.5885441303	-1
54.5958900452	1
54.5958900452	1
54.5958900452	1
54.6015250683	-1
54.6015250683	-1
54.6015250683	-1
54.6015250683	-1
54.6175880432	-1
54.6175880432	-1
54.6175880432	-1
54.6175880432	-1
54.6175880432	-1
54.6397919655	-1
54.6621201038	-1
54.6621201038	-1
54.6621201038	-1
54.6621201038	-1
54.6621201038	-1
54.739593029	-1
54.739593029	-1
54.739593029	-1
54.7425620556	-1
54.7425620556	-1
54.7425620556	-1
54.7452030182	-1
54.7476811409	-1
54.7476811409	-1
54.7476811409	-1
54.7476811409	-1
54.7476811409	-1
54.7476811409	-1
54.760543108	-1
54.760543108	-1
54.760543108	-1
54.760543108	-1
54.7605750561	1
54.7816951275	-1
54.792386055	-1
54.792386055	-1
54.792386055	-1
54.792386055	-1
54.792386055	-1
54.792386055	-1
54.792386055	-1
54.7995541096	-1
54.7996020317	-1
54.7996020317	-1
54.7996020317	-1
54.7996020317	-1
54.7996020317	-1
54.7996020317	-1
54.7996020317	-1
54.7999050617	-1
54.7999050617	-1
54.7999050617	-1
54.8309261799	-1
54.8576331139	-1
54.8576331139	-1
54.8576791286	-1
54.8576791286	-1
54.8576791286	-1
54.8576791286	-1
54.8576791286	-1
54.8576791286	-1
54.8852391243	-1
54.8852391243	-1
54.8852391243	-1
54.8852391243	-1
54.8852391243	-1
54.8853740692	-1
54.8853740692	-1
54.8853740692	-1
54.8853740692	-1
54.885586977	-1
54.8857111931	-1
54.8857111931	-1
54.8857111931	-1
54.8857111931	-1
54.8857111931	-1
54.8858389854	-1
54.9565429688	1
54.9565429688	1
55.0244300365	-1
55.1708540916	-1
55.1708540916	-1
55.1708540916	-1
55.1708540916	-1
55.1708540916	-1
55.1960821152	-1
55.2075719833	-1
55.2075719833	-1
55.2075719833	-1
55.2075719833	-1
55.2075719833	-1
55.2075719833	-1
55.3019030094	-1
55.3019030094	-1
55.3019030094	-1
55.3019030094	-1
55.3019030094	-1
55.3019030094	-1
55.3366069794	-1
55.3383281231	1
55.5526030064	1
55.5962650776	-1
55.8405811787	-1
55.9153170586	-1
55.9153170586	-1
55.9153170586	-1
56.030821085	1
56.0415141582	1
56.0415141582	1
56.0415141582	1
56.3056330681	1
56.4031281471	-1
56.482927084	-1
56.482927084	-1
56.482927084	-1
56.482927084	-1
56.482927084	-1
56.482927084	-1
56.482927084	-1
56.482927084	-1
56.5486700535	-1
56.5486700535	-1
56.5486700535	-1
56.5550069809	-1
56.5550069809	-1
56.5564861298	1
56.5614061356	-1
56.5614061356	-1
56.5614061356	-1
56.5614061356	-1
56.5614061356	-1
56.5614061356	-1
56.5614061356	-1
56.5614061356	-1
56.7215809822	-1
56.7215809822	-1
56.7215809822	-1
56.7950751781	-1
57.0108811855	-1
57.148250103	-1
57.2857329845	-1
57.2857329845	-1
57.2915489674	1
57.2982480526	1
57.2982480526	1
57.2982480526	1
57.4487400055	1
57.7812671661	-1
57.8809790611	-1
57.8809790611	-1
57.8809790611	-1
57.8809790611	-1
57.8809790611	-1
57.8809790611	-1
57.8809790611	-1
57.8809790611	-1
57.8809790611	-1
57.9134600163	-1
57.9134600163	-1
57.9143149853	-1
57.9143149853	-1
57.9143149853	-1
57.9143149853	-1
57.9143149853	-1
57.9143149853	-1
57.9501571655	-1
57.9501571655	-1
57.9501571655	-1
57.9501571655	-1
57.9501571655	-1
57.9501571655	-1
57.9501571655	-1
57.9501571655	-1
58.0029101372	-1
58.0029101372	-1
58.0029611588	-1
58.0029611588	-1
58.0029611588	-1
58.0029611588	-1
58.0029611588	-1
58.0029611588	-1
58.0029611588	-1
58.0029611588	-1
58.0029611588	-1
58.0043091774	1
58.0188980103	-1
58.0188980103	-1
58.0188980103	-1
58.0191071033	-1
58.0191071033	-1
58.0192301273	-1
58.0192301273	-1
58.0193531513	-1
58.0193531513	-1
58.0193531513	-1
58.0193531513	-1
58.0193531513	-1
58.0193531513	-1
58.0193531513	-1
58.0517580509	-1
58.0519771576	-1
58.0519771576	-1
58.0519771576	-1
58.0519771576	-1
58.0519771576	-1
58.0519771576	-1
58.0522210598	-1
58.0522210598	-1
58.0522210598	-1
58.0523440838	-1
58.0523440838	-1
58.0874900818	-1
58.1112771034	1
58.1112771034	1
58.1112771034	1
58.5686790943	-1
58.75912714	-1
58.75912714	-1
61.3409471512	-1
61.4784650803	-1
63.9757750034	-1
64.3477261066	-1
64.8239400387	-1
68.0999341011	1
68.1228201389	1
68.1228201389	1
68.1228201389	1
68.1234400272	1
68.1234400272	1
68.1250221729	1
68.1250221729	1
68.1250221729	1
68.1250221729	1
68.1260330677	1
68.1260330677	1
68.1260330677	1
68.1263561249	1
68.1283650398	1
68.1283650398	1
68.1283650398	1
68.1285791397	1
68.1285791397	1
68.1285791397	1
68.1285791397	1
68.1285791397	1
68.1285791397	1
68.1285791397	1
68.3746881485	1
68.5120050907	1
68.9708859921	-1
69.0017101765	-1
69.0017101765	-1
69.0017101765	-1
69.108232975	-1
69.2456030846	-1
69.3619840145	1
69.3635849953	1
69.3635849953	1
69.3635849953	1
69.3639051914	1
69.3639051914	1
69.3641350269	1
69.3641350269	1
69.3641350269	1
69.3643980026	1
69.3643980026	1
69.3645851612	1
69.3645851612	1
69.3645851612	1
69.3648190498	1
69.3648190498	1
69.3653190136	1
69.3653190136	1
69.3653190136	1
69.3927481174	-1
69.5010840893	1
69.5010840893	1
69.5010840893	1
69.5010840893	1
69.5010840893	1
69.5010840893	1
69.5302619934	-1
69.7607619762	-1
