0.0	1
0.328423976898	1
0.826595783234	-1
0.827648878098	1
2.98879480362	-1
2.98962593079	1
2.99383497238	1
2.99383497238	1
2.99383497238	1
2.99560189247	1
2.99560189247	1
2.99560189247	1
3.47745490074	-1
3.47923398018	1
3.65279078484	-1
3.65399098396	1
3.78934788704	-1
3.79054379463	1
4.30721187592	-1
4.30853390694	1
4.59561085701	-1
4.59676790237	1
4.73223900795	-1
4.81757879257	-1
4.81757879257	-1
4.81757879257	-1
4.8197658062	-1
4.8197658062	-1
4.8197658062	-1
4.8197658062	-1
4.8197658062	-1
4.8197658062	-1
4.90495896339	-1
4.90495896339	-1
4.90495896339	-1
4.90495896339	-1
4.90495896339	-1
4.90495896339	-1
4.90495896339	-1
4.917937994	1
4.98523283005	-1
4.98523283005	-1
4.98523283005	-1
4.99836301804	-1
4.99836301804	-1
4.99836301804	-1
4.99836301804	-1
4.99836301804	-1
4.99836301804	-1
4.99836301804	-1
4.99836301804	-1
5.11367297173	-1
5.11367297173	-1
5.11367297173	-1
5.11367297173	-1
5.11367297173	-1
5.11367297173	-1
5.1688349247	1
5.2131819725	-1
5.30488991737	-1
5.30488991737	-1
5.30488991737	-1
5.30488991737	-1
5.30488991737	-1
5.30488991737	-1
5.30488991737	-1
5.30494499207	1
5.30494499207	1
5.30730080605	-1
5.347427845	-1
5.347427845	-1
5.347427845	-1
5.347427845	-1
5.347427845	-1
5.347427845	-1
5.347427845	-1
5.347427845	-1
5.47430300713	1
5.47430300713	1
5.47430300713	1
5.48445987701	-1
5.50263690948	-1
5.50263690948	-1
5.50263690948	-1
5.50263690948	-1
5.50263690948	-1
5.50263690948	-1
5.50263690948	-1
5.52789878845	-1
5.52800178528	-1
5.52800178528	-1
5.52800178528	-1
5.52800178528	-1
5.52800178528	-1
5.53205394745	-1
5.54875898361	1
5.54875898361	1
5.54875898361	1
5.54969191551	1
5.54969191551	1
5.69586586952	-1
5.69586586952	-1
5.69586586952	-1
5.69586586952	-1
5.69586586952	-1
5.69586586952	-1
5.69586586952	-1
5.71218585968	-1
5.71228981018	-1
5.71228981018	-1
5.71228981018	-1
5.71228981018	-1
5.71228981018	-1
5.71228981018	-1
5.77382493019	-1
5.77386593819	1
5.94597482681	1
5.94597482681	1
5.95109581947	-1
6.08563184738	1
6.1248729229	-1
6.1248729229	-1
6.22257995605	1
6.22257995605	1
6.26065993309	-1
6.38656401634	1
6.39617085457	-1
6.39617085457	-1
6.48556494713	-1
6.48556494713	-1
6.48556494713	-1
6.48556494713	-1
6.48739600182	1
6.48739600182	1
6.48739600182	1
6.52734899521	1
6.67695593834	1
6.67695593834	1
6.67730593681	-1
6.67730593681	-1
6.67730593681	-1
6.67730593681	-1
6.67730593681	-1
6.67730593681	-1
6.67730593681	-1
6.70425081253	-1
6.7767868042	-1
6.7767868042	-1
6.7767868042	-1
6.79884696007	1
6.79884696007	1
6.79884696007	1
6.80105686188	1
6.80105686188	1
6.81762194633	-1
6.81762194633	-1
6.81762194633	-1
6.82355999947	-1
6.82355999947	-1
6.82355999947	-1
6.82355999947	-1
6.82355999947	-1
6.82355999947	-1
6.82355999947	-1
6.82355999947	-1
6.98997497559	1
7.04859995842	-1
7.08075499535	-1
7.08075499535	-1
7.08075499535	-1
7.08075499535	-1
7.08075499535	-1
7.08075499535	-1
7.08486795425	-1
7.08486795425	-1
7.08486795425	-1
7.08486795425	-1
7.08486795425	-1
7.08486795425	-1
7.08486795425	-1
7.08486795425	-1
7.08680486679	-1
7.08680486679	-1
7.08680486679	-1
7.08680486679	-1
7.08680486679	-1
7.08680486679	-1
7.08680486679	-1
7.15119695663	-1
7.15130281448	-1
7.15130281448	-1
7.15130281448	-1
7.15142679214	-1
7.15142679214	-1
7.15369701385	1
7.20045900345	-1
7.20045900345	-1
7.20045900345	-1
7.20045900345	-1
7.20045900345	-1
7.20045900345	-1
7.21615695953	-1
7.22438979149	-1
7.22438979149	-1
7.22438979149	-1
7.22438979149	-1
7.22438979149	-1
7.22438979149	-1
7.22438979149	-1
7.23264098167	-1
7.23268985748	-1
7.23268985748	-1
7.23268985748	-1
7.23268985748	-1
7.23268985748	-1
7.23268985748	-1
7.23268985748	-1
7.26115584373	-1
7.26115584373	-1
7.26115584373	-1
7.26115584373	-1
7.26115584373	-1
7.26115584373	-1
7.26137590408	-1
7.2614979744	-1
7.2614979744	-1
7.2614979744	-1
7.30440282822	-1
7.30440282822	-1
7.30444192886	1
7.30447101593	-1
7.30447101593	-1
7.30447101593	-1
7.30462694168	-1
7.30462694168	-1
7.30474996567	-1
7.30474996567	-1
7.30474996567	-1
7.30474996567	-1
7.30474996567	-1
7.30474996567	-1
7.34807682037	-1
7.34807682037	-1
7.35506391525	-1
7.35506391525	-1
7.35506391525	-1
7.35506391525	-1
7.35506391525	-1
7.36824798584	-1
7.36824798584	-1
7.36824798584	-1
7.36824798584	-1
7.36824798584	-1
7.36849594116	-1
7.39653396606	-1
7.39653396606	-1
7.39653396606	-1
7.39653396606	-1
7.39653396606	-1
7.39653396606	-1
7.39653396606	-1
7.39677596092	-1
7.4115228653	-1
7.4115228653	-1
7.4115228653	-1
7.42389392853	-1
7.42389392853	-1
7.42389392853	-1
7.42389392853	-1
7.42389392853	-1
7.42389392853	-1
7.42389392853	-1
7.42411899567	-1
7.42411899567	-1
7.42411899567	-1
7.42411899567	-1
7.43914890289	-1
7.43914890289	-1
7.4464609623	-1
7.4464609623	-1
7.4464609623	-1
7.44649386406	1
7.44649386406	1
7.44651985168	-1
7.44651985168	-1
7.44651985168	-1
7.44651985168	-1
7.44651985168	-1
7.48100590706	-1
7.48100590706	-1
7.48100590706	-1
7.48100590706	-1
7.48100590706	-1
7.48100590706	-1
7.51694583893	-1
7.51694583893	-1
7.51694583893	-1
7.51694583893	-1
7.51694583893	-1
7.51694583893	-1
7.51694583893	-1
7.51694583893	-1
7.52138996124	-1
7.52138996124	-1
7.52138996124	-1
7.58407688141	-1
7.58407688141	-1
7.58407688141	-1
7.58407688141	-1
7.58407688141	-1
7.58407688141	-1
7.58407688141	-1
7.58407688141	-1
7.59093689919	-1
7.59093689919	-1
7.59093689919	-1
7.59926986694	-1
7.59926986694	-1
7.59931778908	-1
7.59931778908	-1
7.59931778908	-1
7.59931778908	-1
7.59931778908	-1
7.59931778908	-1
7.63424682617	-1
7.63424682617	-1
7.63424682617	-1
7.63424682617	-1
7.6403298378	-1
7.64721083641	-1
7.64721083641	-1
7.64721083641	-1
7.64721083641	-1
7.64721083641	-1
7.64721083641	-1
7.64721083641	-1
7.66433000565	-1
7.66433000565	-1
7.66433000565	-1
7.66433000565	-1
7.66433000565	-1
7.66433000565	-1
7.66433000565	-1
7.66433000565	-1
7.66637897491	-1
7.66637897491	-1
7.66637897491	-1
7.70220398903	-1
7.70220398903	-1
7.70220398903	-1
7.70220398903	-1
7.70220398903	-1
7.70220398903	-1
7.70220398903	-1
7.70220398903	-1
7.70220398903	-1
7.72752690315	-1
7.72752690315	-1
7.72752690315	-1
7.72752690315	-1
7.72752690315	-1
7.72752690315	-1
7.72752690315	-1
7.72882986069	-1
7.72973179817	-1
7.72973179817	-1
7.72973179817	-1
7.72973179817	-1
7.72973179817	-1
7.72973179817	-1
7.72973179817	-1
7.73760390282	-1
7.73866701126	-1
7.73866701126	-1
7.73866701126	-1
7.73866701126	-1
7.73866701126	-1
7.73875999451	1
7.77638983727	-1
7.77638983727	-1
7.77638983727	-1
7.91404485703	1
7.91404485703	1
7.94020700455	-1
7.94020700455	-1
7.94020700455	-1
7.94020700455	-1
7.94020700455	-1
7.94020700455	-1
7.94020700455	-1
7.94020700455	-1
7.95261788368	-1
7.95261788368	-1
7.95261788368	-1
7.95264387131	-1
7.95264387131	-1
7.95264387131	-1
7.95264387131	-1
7.95264387131	-1
7.95264387131	-1
7.95264387131	-1
7.95295500755	-1
7.9774479866	-1
7.9774479866	-1
7.9774479866	-1
7.9774479866	-1
7.9774479866	-1
8.02096796036	-1
8.07066297531	-1
8.07066297531	-1
8.08210492134	1
13.8183097839	-1
13.8183097839	-1
14.3216049671	1
14.4572529793	-1
14.4572529793	-1
14.4572529793	-1
14.4572529793	-1
14.4572529793	-1
14.8216059208	1
14.8216059208	1
14.8216059208	1
14.8216059208	1
14.8216059208	1
14.8216059208	1
14.8216059208	1
14.8216059208	1
14.9573149681	-1
14.9573149681	-1
14.9575099945	-1
14.9575099945	-1
14.9575099945	-1
15.9100418091	-1
15.9100418091	-1
15.9100418091	-1
16.0456628799	-1
16.0456628799	-1
16.0456628799	-1
16.0456628799	-1
16.0456628799	-1
16.0456628799	-1
16.0456628799	-1
17.6413638592	-1
17.641450882	-1
17.641450882	-1
17.6415889263	-1
17.6415889263	-1
17.6415889263	-1
18.8532538414	-1
18.8532538414	-1
18.8532538414	-1
18.8532538414	-1
18.8532538414	-1
18.8532538414	-1
18.8533070087	1
18.8533070087	1
18.8533070087	1
18.8533158302	1
18.8533158302	1
18.8534739017	-1
18.8535997868	-1
18.8535997868	-1
18.8535997868	-1
18.8535997868	-1
18.8535997868	-1
18.988866806	-1
21.5096127987	1
21.5096127987	1
21.5096127987	1
21.9976119995	1
21.9976119995	1
21.9976119995	1
22.2674238682	-1
22.2759649754	-1
22.2759649754	-1
22.2759649754	-1
24.6256139278	1
24.6256139278	1
24.7613828182	1
24.7613828182	1
24.7613918781	1
24.7613918781	1
24.7613918781	1
24.7613918781	1
25.0484428406	1
25.0484428406	1
25.0484428406	1
25.0484428406	1
25.0484428406	1
25.0484428406	1
25.2078487873	-1
25.2096569538	1
25.3589739799	-1
25.5330159664	-1
25.5330159664	-1
25.6671488285	-1
25.6671488285	-1
25.6671488285	-1
25.6702618599	1
25.8038599491	-1
26.2016057968	1
26.2016057968	1
26.7198708057	-1
26.7409558296	-1
26.7409558296	-1
26.7409558296	-1
26.7409558296	-1
26.7409558296	-1
26.884968996	-1
26.884968996	-1
26.884968996	-1
26.91482687	-1
26.91482687	-1
26.91482687	-1
26.9148797989	-1
26.9148797989	-1
26.9148797989	-1
26.9148797989	-1
27.4148638248	-1
27.4148638248	-1
27.4148638248	-1
27.431306839	-1
27.431306839	-1
27.431306839	-1
27.431306839	-1
27.431306839	-1
27.431306839	-1
27.4799239635	-1
27.4799239635	-1
27.4808559418	-1
27.4808559418	-1
27.4808559418	-1
27.4808559418	-1
27.4808559418	-1
27.4808559418	-1
27.5512039661	1
27.6856257915	-1
27.764321804	-1
27.764321804	-1
27.764321804	-1
27.764321804	-1
29.1096148491	1
