0.0	1
0.250482797623	1
0.896450996399	-1
0.897310972214	1
1.01143789291	-1
1.01215195656	1
1.01944684982	1
1.01944684982	1
1.01944684982	1
1.01944684982	1
1.01944684982	1
1.01944684982	1
1.79792094231	-1
1.79969501495	1
1.91476893425	-1
1.91594982147	1
2.03116989136	-1
2.03116989136	-1
2.03273487091	1
2.18753194809	1
2.19926691055	-1
2.30240797997	1
2.35222196579	-1
2.4951748848	-1
2.62105679512	-1
2.62711787224	-1
2.62711787224	-1
2.62711787224	-1
2.62711787224	-1
2.62711787224	-1
2.62711787224	-1
2.62711787224	-1
2.73635292053	-1
2.74927592278	1
2.81701779366	-1
2.81701779366	-1
2.81701779366	-1
2.81701779366	-1
2.81701779366	-1
2.81701779366	-1
2.81701779366	-1
2.85154485703	-1
2.99923181534	1
3.00546193123	-1
3.00546193123	-1
3.00546193123	-1
3.00546193123	-1
3.00546193123	-1
3.00546193123	-1
3.00546193123	-1
3.00546193123	-1
3.00546193123	-1
3.00546193123	-1
3.00581002235	-1
3.00581002235	-1
3.00581002235	-1
3.01952886581	-1
3.02364397049	-1
3.02364397049	-1
3.02364397049	-1
3.02364397049	-1
3.11416983604	1
3.50343894958	-1
3.50468397141	1
3.90080499649	-1
4.09711694717	-1
4.20587182045	-1
4.20587182045	-1
4.20587182045	-1
4.20587182045	-1
4.20587182045	-1
4.20587182045	-1
4.20587182045	-1
4.21200895309	1
4.2537958622	1
4.2537958622	1
4.2537958622	1
4.2543888092	1
4.2543888092	1
4.25565600395	1
4.25565600395	1
4.25565600395	1
4.3644618988	-1
4.3644618988	-1
4.40437793732	-1
4.40437793732	-1
4.40437793732	-1
4.47937083244	1
4.48103189468	1
4.48103189468	1
4.48103189468	1
4.49726986885	1
4.49726986885	1
4.49726986885	1
4.50156998634	1
4.50156998634	1
4.59443902969	-1
4.59443902969	-1
4.59448289871	1
4.59448289871	1
4.74715995789	1
4.74715995789	1
4.74715995789	1
4.86219191551	1
4.86219191551	1
4.90106797218	-1
5.0036239624	-1
5.0036239624	-1
5.0036239624	-1
5.0036239624	-1
5.0036239624	-1
5.0036239624	-1
5.05234003067	-1
5.19534492493	-1
5.19874191284	-1
5.19874191284	-1
5.19874191284	-1
5.19874191284	-1
5.19874191284	-1
5.19874191284	-1
5.31058192253	-1
5.31058192253	-1
5.31327486038	1
5.31349492073	1
5.31349492073	1
5.31349492073	1
5.31349492073	1
5.50367999077	-1
5.58739089966	1
5.61120581627	-1
5.61120581627	-1
5.61120581627	-1
5.61120581627	-1
5.61120581627	-1
5.61120581627	-1
5.61120581627	-1
5.65828084946	1
5.65828084946	1
5.65828084946	1
5.79348301888	-1
5.90283989906	-1
5.90283989906	-1
5.90283989906	-1
5.90283989906	-1
5.90283989906	-1
5.90283989906	-1
5.90283989906	-1
5.90283989906	-1
5.90283989906	-1
5.90283989906	-1
5.90318894386	-1
5.90318894386	-1
5.90318894386	-1
5.90318894386	-1
5.90318894386	-1
5.90567088127	1
5.9074048996	-1
5.9074048996	-1
5.9074048996	-1
5.9074048996	-1
5.9074048996	-1
5.9074048996	-1
5.9074048996	-1
5.9074048996	-1
5.94852590561	-1
5.94852590561	-1
5.94852590561	-1
5.94852590561	-1
6.01819801331	-1
6.01819801331	-1
6.01819801331	-1
6.01819801331	-1
6.01819801331	-1
6.02165699005	-1
6.02583479881	-1
6.02583479881	-1
6.17829799652	-1
6.1982858181	-1
6.1982858181	-1
6.1982858181	-1
6.1982858181	-1
6.1982858181	-1
6.1982858181	-1
6.1982858181	-1
6.1982858181	-1
6.1982858181	-1
6.1986348629	-1
6.1986348629	-1
6.1986348629	-1
6.1986348629	-1
6.1986348629	-1
6.1986348629	-1
6.20158290863	-1
6.20158290863	-1
6.20158290863	-1
6.20158290863	-1
6.20158290863	-1
6.20158290863	-1
6.20158290863	-1
6.20158290863	-1
6.20271492004	1
6.24258589745	1
6.24258589745	1
6.24258589745	1
6.2438929081	1
6.2438929081	1
6.24451780319	1
6.24451780319	1
6.24451780319	1
6.24501395226	1
6.24501395226	1
6.25117588043	1
6.25117588043	1
6.25117588043	1
6.25117588043	1
6.25117588043	1
6.25203299522	1
6.25217294693	1
6.25217294693	1
6.25217294693	1
6.25217294693	1
6.31357502937	-1
6.31357502937	-1
6.31357502937	-1
6.31357502937	-1
6.31357502937	-1
6.31357502937	-1
6.31357502937	-1
6.31357502937	-1
6.31357502937	-1
6.35436487198	1
6.35552787781	1
7.03323984146	1
7.09010791779	-1
7.1480679512	1
7.19680380821	-1
7.19680380821	-1
7.19680380821	-1
7.19680380821	-1
7.19680380821	-1
7.19680380821	-1
7.19680380821	-1
7.19680380821	-1
7.19680380821	-1
7.19705700874	-1
7.19705700874	-1
7.19705700874	-1
7.19705700874	-1
7.19705700874	-1
7.19705700874	-1
7.21858000755	-1
7.21858000755	-1
7.21858000755	-1
7.21858000755	-1
7.21858000755	-1
7.21858000755	-1
7.26303291321	1
7.26303291321	1
7.31192302704	-1
7.31192302704	-1
7.31192302704	-1
7.31192302704	-1
7.31192302704	-1
7.31192302704	-1
7.31192302704	-1
7.31192302704	-1
7.31192302704	-1
7.31226301193	-1
7.31226301193	-1
7.31226301193	-1
7.31226301193	-1
7.31226301193	-1
7.31226301193	-1
7.31250882149	-1
7.31250882149	-1
7.31250882149	-1
7.31250882149	-1
7.31250882149	-1
7.31250882149	-1
7.31250882149	-1
7.31250882149	-1
7.33370280266	-1
7.33370280266	-1
7.33370280266	-1
7.33370280266	-1
7.33370280266	-1
7.33370280266	-1
7.33370280266	-1
7.33370280266	-1
7.41536879539	1
7.47431898117	-1
7.49870085716	-1
7.49870085716	-1
7.49870085716	-1
7.49870085716	-1
7.49870085716	-1
7.49870085716	-1
7.49870085716	-1
7.51776385307	-1
7.51781201363	-1
7.51781201363	-1
7.51781201363	-1
7.51781201363	-1
7.51781201363	-1
7.51781201363	-1
7.51781201363	-1
7.72028684616	-1
7.72028684616	-1
7.72028684616	-1
7.72028684616	-1
7.72028684616	-1
7.72028684616	-1
7.72028684616	-1
7.72028684616	-1
7.80499887466	-1
7.80499887466	-1
7.80499887466	-1
7.80499887466	-1
7.80499887466	-1
7.80499887466	-1
7.80499887466	-1
7.80499887466	-1
7.80499887466	-1
7.80534791946	-1
7.80534791946	-1
7.80534791946	-1
7.80534791946	-1
7.80534791946	-1
7.80534791946	-1
7.8064789772	1
7.80989289284	-1
7.80989289284	-1
7.80989289284	-1
7.80989289284	-1
7.80989289284	-1
7.80989289284	-1
7.80989289284	-1
7.80989289284	-1
7.82652497292	-1
7.82652497292	-1
7.82652497292	-1
7.82652497292	-1
7.82652497292	-1
7.82652497292	-1
7.82652497292	-1
7.82652497292	-1
7.82652497292	-1
7.89739894867	-1
7.89739894867	-1
7.89739894867	-1
7.89739894867	-1
7.89739894867	-1
7.89739894867	-1
7.89739894867	-1
7.89739894867	-1
7.89739894867	-1
7.90950202942	-1
7.90950202942	-1
7.90950202942	-1
7.90950202942	-1
7.90950202942	-1
7.90950202942	-1
7.90972781181	-1
7.90972781181	-1
7.90972781181	-1
7.90972781181	-1
7.90972781181	-1
7.90972781181	-1
7.90972781181	-1
7.90972781181	-1
7.92176699638	1
7.92179083824	-1
7.92179083824	-1
7.92179083824	-1
7.92179083824	-1
7.92179083824	-1
7.92179083824	-1
7.92179083824	-1
7.92179083824	-1
7.92179083824	-1
7.99434494972	-1
7.99584984779	-1
7.99584984779	-1
7.99584984779	-1
7.99584984779	-1
7.99584984779	-1
7.99584984779	-1
7.99584984779	-1
7.99584984779	-1
7.99615001678	-1
7.99615001678	-1
7.99615001678	-1
7.99615001678	-1
7.99615001678	-1
8.00108098984	-1
8.00108098984	-1
8.00108098984	-1
8.00108098984	-1
8.00108098984	-1
8.00108098984	-1
8.00108098984	-1
8.00108098984	-1
8.02458882332	-1
8.02458882332	-1
8.02458882332	-1
8.02458882332	-1
8.02458882332	-1
8.02458882332	-1
8.02458882332	-1
8.02458882332	-1
8.02458882332	-1
8.10650587082	-1
8.10650587082	-1
8.10650587082	-1
8.10650587082	-1
8.10650587082	-1
8.10650587082	-1
8.10650587082	-1
8.10650587082	-1
8.10650587082	-1
8.10685491562	-1
8.10685491562	-1
8.10685491562	-1
8.10685491562	-1
8.10685491562	-1
8.10685491562	-1
8.11059999466	-1
8.11059999466	-1
8.11059999466	-1
8.11059999466	-1
8.11059999466	-1
8.11059999466	-1
8.11059999466	-1
8.11059999466	-1
8.11172580719	1
8.1134660244	-1
8.1134660244	-1
8.1134660244	-1
8.1134660244	-1
8.1134660244	-1
8.1134660244	-1
8.20156693459	-1
8.20156693459	-1
8.20156693459	-1
8.20156693459	-1
8.20156693459	-1
8.20156693459	-1
8.20156693459	-1
8.20156693459	-1
8.20156693459	-1
8.20477986336	-1
8.20477986336	-1
8.20477986336	-1
8.20477986336	-1
8.20477986336	-1
8.20477986336	-1
8.20477986336	-1
8.20477986336	-1
8.20477986336	-1
8.20922493935	-1
8.20922493935	-1
8.20922493935	-1
8.20922493935	-1
8.20922493935	-1
8.20922493935	-1
8.20922493935	-1
8.20922493935	-1
8.22241401672	-1
8.22241401672	-1
8.22241401672	-1
8.22241401672	-1
8.22241401672	-1
8.22241401672	-1
8.26338601112	1
8.3060529232	-1
8.3060529232	-1
8.3060529232	-1
8.3060529232	-1
8.3060529232	-1
8.3060529232	-1
8.3060529232	-1
8.3060529232	-1
8.3060529232	-1
8.40067887306	-1
8.40067887306	-1
8.40071392059	1
8.40305685997	-1
8.40305685997	-1
8.40305685997	-1
8.40305685997	-1
8.40305685997	-1
8.40305685997	-1
8.40305685997	-1
8.40305685997	-1
8.40328383446	-1
8.40328383446	-1
8.40328383446	-1
8.40328383446	-1
8.40831184387	-1
8.40831184387	-1
8.40831184387	-1
8.40831184387	-1
8.40831184387	-1
8.40831184387	-1
8.40831184387	-1
8.40831184387	-1
8.42678785324	-1
8.42678785324	-1
8.42678785324	-1
8.42678785324	-1
8.42678785324	-1
8.42678785324	-1
8.42678785324	-1
8.42678785324	-1
8.42678785324	-1
8.49260997772	-1
8.49260997772	-1
8.49260997772	-1
8.49260997772	-1
8.49260997772	-1
8.49260997772	-1
8.49260997772	-1
8.49260997772	-1
8.49260997772	-1
8.4933218956	-1
8.4933218956	-1
8.4933218956	-1
8.4933218956	-1
8.4933218956	-1
8.4933218956	-1
8.49596786499	-1
8.49596786499	-1
8.49596786499	-1
8.49596786499	-1
8.49596786499	-1
8.49596786499	-1
8.49596786499	-1
8.49596786499	-1
8.51584386826	-1
8.51728701591	-1
8.51728701591	-1
8.51728701591	-1
8.51728701591	-1
8.62201595306	-1
8.62201595306	-1
8.62201595306	-1
8.62201595306	-1
8.62201595306	-1
8.62201595306	-1
8.62201595306	-1
8.62201595306	-1
8.62201595306	-1
8.62238383293	-1
8.62238383293	-1
8.62238383293	-1
8.62238383293	-1
8.62238383293	-1
8.62350797653	1
8.63032102585	-1
8.63032102585	-1
8.63032102585	-1
8.63032102585	-1
8.63032102585	-1
8.63032102585	-1
8.63032102585	-1
8.63032102585	-1
8.63615489006	-1
8.63615489006	-1
8.63615489006	-1
8.63615489006	-1
8.63615489006	-1
8.63615489006	-1
8.63615489006	-1
8.63615489006	-1
8.64222288132	-1
8.69258999825	-1
8.69258999825	-1
8.69258999825	-1
8.69258999825	-1
8.69258999825	-1
8.69258999825	-1
8.69258999825	-1
8.69258999825	-1
8.69258999825	-1
8.69294881821	-1
8.69294881821	-1
8.69294881821	-1
8.69294881821	-1
8.69294881821	-1
8.69294881821	-1
8.69553780556	-1
8.69553780556	-1
8.69553780556	-1
8.69553780556	-1
8.69553780556	-1
8.69553780556	-1
8.69553780556	-1
8.69553780556	-1
8.71110200882	-1
8.71110200882	-1
8.71110200882	-1
8.77198982239	1
8.79520893097	-1
8.79520893097	-1
8.79520893097	-1
8.79520893097	-1
8.79520893097	-1
8.79520893097	-1
8.79520893097	-1
8.79520893097	-1
8.79520893097	-1
8.79555082321	-1
8.79555082321	-1
8.79555082321	-1
8.79555082321	-1
8.79555082321	-1
8.80005502701	-1
8.80005502701	-1
8.80005502701	-1
8.80005502701	-1
8.80005502701	-1
8.80005502701	-1
8.80005502701	-1
8.80005502701	-1
8.82307291031	-1
8.82307291031	-1
8.82307291031	-1
8.82307291031	-1
8.82307291031	-1
8.82307291031	-1
8.82307291031	-1
8.82307291031	-1
8.82307291031	-1
8.88708496094	1
8.88928079605	-1
8.88928079605	-1
8.88928079605	-1
8.88928079605	-1
8.88928079605	-1
8.88928079605	-1
8.88928079605	-1
8.88928079605	-1
8.88928079605	-1
8.88965082169	-1
8.88965082169	-1
8.88965082169	-1
8.88965082169	-1
8.88965082169	-1
8.88965082169	-1
8.89123892784	-1
8.89123892784	-1
8.89123892784	-1
8.89123892784	-1
8.89123892784	-1
8.89123892784	-1
8.91387701035	-1
8.9875369072	-1
8.9875369072	-1
8.9875369072	-1
8.98946285248	-1
8.98946285248	-1
8.98946285248	-1
8.98946285248	-1
8.98946285248	-1
8.98946285248	-1
8.98946285248	-1
8.98946285248	-1
8.98979187012	-1
8.98979187012	-1
8.98979187012	-1
8.98979187012	-1
8.98979187012	-1
8.99125599861	-1
8.99125599861	-1
8.99125599861	-1
8.99125599861	-1
8.99125599861	-1
8.99125599861	-1
8.99125599861	-1
8.99125599861	-1
9.00113296509	-1
9.00208687782	1
9.00208687782	1
9.00250983238	-1
9.00250983238	-1
9.00250983238	-1
9.00250983238	-1
9.00250983238	-1
9.00250983238	-1
9.00250983238	-1
9.00250983238	-1
9.09058380127	-1
9.0949678421	-1
9.0949678421	-1
9.0949678421	-1
9.0949678421	-1
9.0949678421	-1
9.0949678421	-1
9.0949678421	-1
9.0949678421	-1
9.09527397156	-1
9.09527397156	-1
9.09527397156	-1
9.09527397156	-1
9.09527397156	-1
9.09527397156	-1
9.09881091118	-1
9.09881091118	-1
9.09881091118	-1
9.09881091118	-1
9.09881091118	-1
9.09881091118	-1
9.09881091118	-1
9.09881091118	-1
9.11724686623	1
9.11724686623	1
9.19974279404	-1
9.19974279404	-1
9.19974279404	-1
9.2023229599	-1
9.2023229599	-1
9.2023229599	-1
9.2023229599	-1
9.2023229599	-1
9.2023229599	-1
9.2023229599	-1
9.2023229599	-1
9.20260882378	-1
9.20260882378	-1
9.20260882378	-1
9.20260882378	-1
9.20260882378	-1
9.20260882378	-1
9.20887589455	-1
9.20887589455	-1
9.20887589455	-1
9.20887589455	-1
9.20887589455	-1
9.20887589455	-1
9.20887589455	-1
9.20887589455	-1
9.2129099369	-1
9.2129099369	-1
9.2129099369	-1
9.2129099369	-1
9.2129099369	-1
9.2129099369	-1
9.2129099369	-1
9.2129099369	-1
9.23009991646	1
9.23009991646	1
9.23009991646	1
9.23240685463	-1
9.23242497444	1
9.3048210144	-1
9.3048210144	-1
9.3048210144	-1
9.3048210144	-1
9.3048210144	-1
9.3048210144	-1
9.3048210144	-1
9.3048210144	-1
9.3048210144	-1
9.30517792702	-1
9.30517792702	-1
9.30517792702	-1
9.30517792702	-1
9.30517792702	-1
9.30517792702	-1
9.308770895	-1
9.308770895	-1
9.308770895	-1
9.308770895	-1
9.308770895	-1
9.34747481346	1
9.39520382881	-1
9.39520382881	-1
9.39520382881	-1
9.39520382881	-1
9.39520382881	-1
9.39520382881	-1
9.39520382881	-1
9.39520382881	-1
9.39520382881	-1
9.39557480812	-1
9.39557480812	-1
9.39557480812	-1
9.39557480812	-1
9.39557480812	-1
9.39557480812	-1
9.39718794823	-1
9.39718794823	-1
9.39718794823	-1
9.39718794823	-1
9.39718794823	-1
9.39718794823	-1
9.39718794823	-1
9.39718794823	-1
9.42242002487	-1
9.42242002487	-1
9.42242002487	-1
9.42242002487	-1
9.42242002487	-1
9.42242002487	-1
9.42242002487	-1
9.42242002487	-1
9.42242002487	-1
9.46253490448	1
9.49700284004	-1
9.49700284004	-1
9.49700284004	-1
9.49700284004	-1
9.49700284004	-1
9.49700284004	-1
9.49700284004	-1
9.49700284004	-1
9.49700284004	-1
9.49735403061	-1
9.49735403061	-1
9.49735403061	-1
9.49735403061	-1
9.49735403061	-1
9.49735403061	-1
9.4993789196	-1
9.4993789196	-1
9.4993789196	-1
9.4993789196	-1
9.4993789196	-1
9.4993789196	-1
9.4993789196	-1
9.4993789196	-1
9.50511193275	-1
9.50511193275	-1
9.50511193275	-1
9.50511193275	-1
9.57799696922	1
9.61860585213	-1
9.61860585213	-1
9.61860585213	-1
9.61860585213	-1
9.61860585213	-1
9.61860585213	-1
9.61860585213	-1
9.61860585213	-1
9.61860585213	-1
9.6189558506	-1
9.6189558506	-1
9.6189558506	-1
9.6189558506	-1
9.6189558506	-1
9.6189558506	-1
9.62614297867	-1
9.62614297867	-1
9.62614297867	-1
9.62614297867	-1
9.62614297867	-1
9.62614297867	-1
9.62614297867	-1
9.62614297867	-1
9.63019895554	-1
9.63019895554	-1
9.63019895554	-1
9.63019895554	-1
9.63019895554	-1
9.63019895554	-1
9.63019895554	-1
9.63019895554	-1
9.69186091423	-1
9.69186091423	-1
9.69299602509	1
9.69443702698	-1
9.69443702698	-1
9.69443702698	-1
9.69443702698	-1
9.69443702698	-1
9.69443702698	-1
9.69443702698	-1
9.69443702698	-1
9.69459986687	-1
9.69459986687	-1
9.69459986687	-1
9.69459986687	-1
9.69459986687	-1
9.69459986687	-1
9.70228290558	-1
9.70228290558	-1
9.70228290558	-1
9.70228290558	-1
9.70228290558	-1
9.70228290558	-1
9.70228290558	-1
9.70228290558	-1
9.70587396622	-1
9.70587396622	-1
9.70587396622	-1
9.70587396622	-1
9.70587396622	-1
9.70587396622	-1
9.70587396622	-1
9.78608393669	-1
9.78608393669	-1
9.78608393669	-1
9.78608393669	-1
9.78608393669	-1
9.78608393669	-1
9.78608393669	-1
9.78608393669	-1
9.78608393669	-1
9.78643083572	-1
9.78643083572	-1
9.78643083572	-1
9.78643083572	-1
9.78643083572	-1
9.78643083572	-1
9.7891638279	-1
9.7891638279	-1
9.7891638279	-1
9.7891638279	-1
9.7891638279	-1
9.7891638279	-1
9.7891638279	-1
9.7891638279	-1
9.80819392204	1
9.80819392204	1
9.82062792778	-1
9.82062792778	-1
9.82062792778	-1
9.82062792778	-1
9.82062792778	-1
9.82062792778	-1
9.82062792778	-1
9.82062792778	-1
9.82062792778	-1
9.89926600456	-1
9.89926600456	-1
9.89926600456	-1
9.89926600456	-1
9.89926600456	-1
9.89926600456	-1
9.89926600456	-1
9.89926600456	-1
9.89926600456	-1
9.89961600304	-1
9.89961600304	-1
9.89961600304	-1
9.89961600304	-1
9.89961600304	-1
9.89961600304	-1
9.92101597786	-1
9.9233880043	1
9.9249048233	-1
9.9249048233	-1
9.9249048233	-1
9.9249048233	-1
9.9249048233	-1
9.9249048233	-1
9.99518680573	-1
9.99518680573	-1
9.99518680573	-1
9.99518680573	-1
9.99518680573	-1
9.99518680573	-1
9.99518680573	-1
9.99518680573	-1
9.99518680573	-1
9.99551892281	-1
9.99551892281	-1
9.99551892281	-1
10.0015509129	-1
10.0015509129	-1
10.0015509129	-1
10.0015509129	-1
10.0015509129	-1
10.0015509129	-1
10.0015509129	-1
10.0015509129	-1
10.0064139366	-1
10.0064139366	-1
10.0064139366	-1
10.0064139366	-1
10.0064139366	-1
10.0064139366	-1
10.0064139366	-1
10.0064139366	-1
10.0385899544	-1
10.0386509895	1
10.0975608826	-1
10.0975608826	-1
10.0975608826	-1
10.0975608826	-1
10.0975608826	-1
10.0975608826	-1
10.0975608826	-1
10.0975608826	-1
10.0975608826	-1
10.0979099274	-1
10.0979099274	-1
10.0979099274	-1
10.0979099274	-1
10.0979099274	-1
10.0979099274	-1
10.1025378704	-1
10.1025378704	-1
10.1025378704	-1
10.1025378704	-1
10.1025378704	-1
10.1025378704	-1
10.1025378704	-1
10.1025378704	-1
10.1161158085	-1
10.1161158085	-1
10.1161158085	-1
10.1161158085	-1
10.1161158085	-1
10.1161158085	-1
10.1161158085	-1
10.1161158085	-1
10.1161158085	-1
10.1537938118	1
10.1905629635	-1
10.1905629635	-1
10.1905629635	-1
10.1905629635	-1
10.1905629635	-1
10.1905629635	-1
10.1905629635	-1
10.1905629635	-1
10.1905629635	-1
10.1909039021	-1
10.1909039021	-1
10.1909039021	-1
10.1909039021	-1
10.1909039021	-1
10.1909039021	-1
10.194893837	-1
10.194893837	-1
10.194893837	-1
10.194893837	-1
10.194893837	-1
10.194893837	-1
10.194893837	-1
10.194893837	-1
10.2069578171	-1
10.2069578171	-1
10.2069578171	-1
10.2069578171	-1
10.2069578171	-1
10.2069578171	-1
10.2069578171	-1
10.2069578171	-1
10.2069578171	-1
10.2912299633	-1
10.2912299633	-1
10.2912299633	-1
10.2912299633	-1
10.2912299633	-1
10.2912299633	-1
10.2912299633	-1
10.2912299633	-1
10.2912299633	-1
10.2915768623	-1
10.2915768623	-1
10.2915768623	-1
10.2915768623	-1
10.2915768623	-1
10.2915768623	-1
10.316505909	-1
10.316505909	-1
10.316505909	-1
10.316505909	-1
10.316505909	-1
10.3857610226	1
10.3963649273	-1
10.3963649273	-1
10.3963649273	-1
10.3963649273	-1
10.3963649273	-1
10.3963649273	-1
10.3963649273	-1
10.3963649273	-1
10.3963649273	-1
10.3967149258	-1
10.3967149258	-1
10.3967149258	-1
10.3967149258	-1
10.3967149258	-1
10.3967149258	-1
10.3989038467	-1
10.3989038467	-1
10.3989038467	-1
10.3989038467	-1
10.3989038467	-1
10.3989038467	-1
10.3989038467	-1
10.3989038467	-1
10.417735815	-1
10.417735815	-1
10.417735815	-1
10.417735815	-1
10.417735815	-1
10.417735815	-1
10.417735815	-1
10.417735815	-1
10.417735815	-1
10.4937720299	-1
10.4961559772	-1
10.4961559772	-1
10.4961559772	-1
10.4961559772	-1
10.4961559772	-1
10.4961559772	-1
10.4961559772	-1
10.4961559772	-1
10.496462822	-1
10.496462822	-1
10.496462822	-1
10.496462822	-1
10.496462822	-1
10.496462822	-1
10.5258858204	-1
10.5258858204	-1
10.5258858204	-1
10.5258858204	-1
10.5258858204	-1
10.5258858204	-1
10.5258858204	-1
10.5258858204	-1
10.5259189606	1
10.5259189606	1
10.6112070084	-1
10.6145308018	-1
10.6145308018	-1
10.6145308018	-1
10.6145308018	-1
10.6145308018	-1
10.6145308018	-1
10.6145308018	-1
10.6145308018	-1
10.6148748398	-1
10.6148748398	-1
10.6148748398	-1
10.6148748398	-1
10.6148748398	-1
10.6148748398	-1
10.6176760197	-1
10.6176760197	-1
10.6176760197	-1
10.6176760197	-1
10.6176760197	-1
10.6176760197	-1
10.6176760197	-1
10.6176760197	-1
10.6223239899	-1
10.6223239899	-1
10.6223239899	-1
10.6223239899	-1
10.6223239899	-1
10.6223239899	-1
10.6223239899	-1
10.6223239899	-1
10.6259109974	-1
10.6992349625	1
10.7054498196	-1
10.7054498196	-1
10.7054498196	-1
10.7054498196	-1
10.7054498196	-1
10.7054498196	-1
10.7054498196	-1
10.7054498196	-1
10.7054498196	-1
10.7057678699	-1
10.7057678699	-1
10.7057678699	-1
10.7057678699	-1
10.7057678699	-1
10.7057678699	-1
10.7214639187	-1
10.7305757999	-1
10.8127429485	-1
10.8127429485	-1
10.8127429485	-1
10.8127429485	-1
10.8127429485	-1
10.8127429485	-1
10.8127429485	-1
10.8127429485	-1
10.8127429485	-1
10.8130857944	-1
10.8130857944	-1
10.8130857944	-1
10.8130857944	-1
10.8130857944	-1
10.8204698563	1
10.8204698563	1
10.820966959	-1
10.820966959	-1
10.820966959	-1
10.820966959	-1
10.820966959	-1
10.820966959	-1
10.820966959	-1
10.820966959	-1
10.8312058449	-1
10.8312058449	-1
10.8312058449	-1
10.8312058449	-1
10.8312058449	-1
10.9034759998	-1
10.9034759998	-1
10.9034759998	-1
11.0755159855	-1
11.798391819	-1
11.9937398434	-1
12.1025648117	-1
12.1025648117	-1
12.1025648117	-1
12.1025648117	-1
12.2235720158	-1
12.3924818039	-1
12.5075290203	-1
12.5075290203	-1
12.6224749088	-1
13.2919418812	-1
13.9955918789	-1
15.2990148067	-1
15.4140198231	-1
15.6017730236	-1
15.901943922	-1
16.0171608925	-1
16.0171608925	-1
19.3667650223	1
19.5190649033	1
21.0489349365	1
21.0491118431	1
21.0491118431	1
21.0491118431	1
21.1640739441	1
21.1640739441	1
21.3008978367	1
21.4051089287	-1
21.4157588482	1
21.706166029	-1
21.8102788925	-1
21.8102788925	-1
21.8102788925	-1
21.8102788925	-1
21.8281369209	-1
21.8281369209	-1
21.8281369209	-1
21.9065699577	-1
21.9065699577	-1
21.9065699577	-1
21.9065699577	-1
21.9065699577	-1
21.9065699577	-1
21.9065699577	-1
21.9754998684	-1
23.0107388496	-1
23.195253849	-1
23.6196258068	-1
23.6209788322	1
23.7346358299	-1
23.7346358299	-1
23.9044640064	-1
25.5969250202	-1
25.7967529297	-1
25.8005800247	-1
25.8005800247	-1
25.8005800247	-1
25.8005800247	-1
25.9320688248	1
26.0469989777	1
26.0899908543	1
26.0899908543	1
26.0899908543	1
26.2767000198	1
26.2767000198	1
26.391728878	1
26.391728878	1
27.3150868416	-1
27.5004098415	-1
27.6180000305	-1
27.7330079079	-1
27.7330079079	-1
27.7343869209	1
27.8997869492	-1
28.1112480164	-1
28.1170070171	-1
28.1170070171	-1
28.1170070171	-1
28.1170070171	-1
28.1170070171	-1
28.1170070171	-1
28.1170070171	-1
28.2329778671	1
28.2341248989	1
28.2341248989	1
28.2341248989	1
28.2344679832	1
28.2344679832	1
28.3479099274	1
28.3479099274	1
29.0487380028	1
29.1635708809	1
29.1635708809	1
29.3116078377	-1
29.4090847969	-1
29.4090847969	-1
29.4090847969	-1
29.4090847969	-1
29.4090847969	-1
29.4090847969	-1
29.4090847969	-1
29.4327578545	-1
29.4328079224	-1
29.4328079224	-1
29.4328079224	-1
29.4328079224	-1
29.4328079224	-1
29.4328079224	-1
29.4328079224	-1
29.4384989738	1
29.5478518009	-1
29.5478518009	-1
29.5478518009	-1
29.5478518009	-1
29.5478518009	-1
29.5478518009	-1
29.5478518009	-1
29.5478518009	-1
29.5478518009	-1
29.5480999947	-1
29.5480999947	-1
29.5480999947	-1
29.5694098473	-1
29.5694098473	-1
29.5694098473	-1
29.5694098473	-1
29.5694098473	-1
29.5694098473	-1
29.5694098473	-1
29.5694098473	-1
29.5694417953	1
29.6284918785	-1
29.6284918785	-1
29.6284918785	-1
29.6284918785	-1
29.6284918785	-1
29.6284918785	-1
29.6630778313	-1
29.6630778313	-1
29.6630778313	-1
29.6630778313	-1
29.7019908428	-1
29.7019908428	-1
29.7019908428	-1
29.7019908428	-1
29.7019908428	-1
29.7019908428	-1
29.7019908428	-1
29.7020277977	1
29.7510919571	1
29.7510919571	1
29.7510919571	1
29.8548028469	1
30.0118298531	-1
30.4066989422	-1
30.5040559769	-1
30.5040559769	-1
30.5040559769	-1
30.6365118027	-1
30.7514629364	-1
30.8665089607	-1
30.9814708233	-1
31.0103487968	1
31.0648498535	1
31.0648498535	1
31.0648498535	1
31.0670478344	1
31.0670478344	1
31.1799008846	1
31.2918388844	1
31.2918388844	1
31.2918388844	1
31.4094769955	1
31.4094769955	1
31.7924280167	-1
31.8859968185	-1
31.8859968185	-1
31.8859968185	-1
31.8859968185	-1
31.8923788071	1
31.9201128483	-1
31.9201128483	-1
31.9201128483	-1
31.9201128483	-1
31.9201128483	-1
31.9462709427	1
31.9462709427	1
31.9462709427	1
31.9473659992	1
31.9473659992	1
32.0614569187	-1
32.1219148636	1
32.1971578598	-1
32.1971578598	-1
32.1971578598	-1
32.2145299911	1
32.2145299911	1
32.2145299911	1
32.3903439045	-1
32.4948070049	-1
32.4948070049	-1
32.4948070049	-1
32.4964439869	1
32.6546638012	1
32.6964628696	-1
32.8102807999	-1
32.8102807999	-1
32.8102807999	-1
32.8102807999	-1
32.8102807999	-1
32.8102807999	-1
32.8566169739	1
32.9263789654	-1
32.9263789654	-1
32.9263789654	-1
33.0106809139	1
33.0110869408	-1
33.0110869408	-1
33.0110869408	-1
33.0110869408	-1
33.0110869408	-1
33.0110869408	-1
33.0110869408	-1
33.0978000164	-1
33.0978000164	-1
33.0978000164	-1
33.0978000164	-1
33.0978000164	-1
33.0978000164	-1
33.0978000164	-1
33.0978000164	-1
33.1224308014	-1
33.1224308014	-1
33.1224308014	-1
33.1224308014	-1
33.1224308014	-1
33.1224308014	-1
33.1224308014	-1
33.1224308014	-1
33.1224308014	-1
33.1564619541	1
33.2080819607	-1
33.2080819607	-1
33.2080819607	-1
33.2080819607	-1
33.213547945	-1
33.213547945	-1
33.213547945	-1
33.213547945	-1
33.213547945	-1
33.2981519699	1
33.3223338127	-1
33.3223338127	-1
33.3223338127	-1
33.3223338127	-1
33.3223338127	-1
33.3223338127	-1
33.3223338127	-1
33.4084579945	-1
33.4084579945	-1
33.4084579945	-1
33.4084579945	-1
33.4084579945	-1
33.4084579945	-1
33.4084579945	-1
33.4084579945	-1
33.4084579945	-1
33.4087669849	-1
33.4087669849	-1
33.4087669849	-1
33.4087669849	-1
33.4901578426	-1
33.492910862	-1
33.492910862	-1
33.492910862	-1
33.5241878033	1
33.629914999	-1
33.629914999	-1
33.629914999	-1
33.629914999	-1
33.629914999	-1
33.629914999	-1
33.629914999	-1
33.629914999	-1
33.629914999	-1
33.6302628517	-1
33.6302628517	-1
33.6302628517	-1
33.6302628517	-1
33.6302628517	-1
33.6302628517	-1
33.7132208347	-1
33.7132208347	-1
33.7132208347	-1
33.7132208347	-1
33.7132208347	-1
33.7132208347	-1
33.7132208347	-1
33.7132208347	-1
33.8036730289	-1
33.8036730289	-1
33.8036730289	-1
33.8036730289	-1
33.8036730289	-1
33.8036730289	-1
33.8036730289	-1
33.8232908249	-1
33.8234138489	-1
33.8234138489	-1
33.8234138489	-1
33.8234138489	-1
33.824461937	1
33.9056708813	-1
33.9056708813	-1
33.9056708813	-1
33.9056708813	-1
33.9056708813	-1
33.9056708813	-1
33.9056708813	-1
33.9056708813	-1
33.9056708813	-1
33.9060277939	-1
33.9060277939	-1
33.9060277939	-1
33.9188787937	-1
33.9188787937	-1
33.9188787937	-1
33.9188787937	-1
33.9188787937	-1
33.9964678288	-1
33.9964950085	1
34.0019259453	-1
34.0019259453	-1
34.0019259453	-1
34.0019259453	-1
34.0019259453	-1
34.0019259453	-1
34.0289258957	-1
34.0289258957	-1
34.0289258957	-1
34.0289258957	-1
34.0289258957	-1
34.0289258957	-1
34.0985879898	-1
34.0985879898	-1
34.0985879898	-1
34.0985879898	-1
34.0985879898	-1
34.0985879898	-1
34.1228349209	-1
34.1228349209	-1
34.1228349209	-1
34.1228349209	-1
34.1228349209	-1
34.1228349209	-1
34.1228349209	-1
34.2121398449	-1
34.2121398449	-1
34.2121398449	-1
34.2121398449	-1
34.222219944	-1
34.222219944	-1
34.222219944	-1
34.222219944	-1
34.3140869141	-1
34.3140869141	-1
34.3140869141	-1
34.3140869141	-1
34.3140869141	-1
34.3140869141	-1
34.3140869141	-1
34.8045928478	-1
34.8996708393	-1
34.8996708393	-1
34.8996708393	-1
34.8996708393	-1
34.9250710011	-1
34.9250710011	-1
34.9250710011	-1
34.9250710011	-1
34.9250710011	-1
34.9250710011	-1
34.9250710011	-1
34.9250710011	-1
34.9917039871	-1
34.9928958416	1
34.9957358837	-1
34.9957358837	-1
34.9957358837	-1
34.9957358837	-1
34.9957358837	-1
35.0172219276	-1
35.0172219276	-1
35.0172219276	-1
35.1050298214	-1
35.1050298214	-1
35.1050298214	-1
35.1050298214	-1
35.1050298214	-1
35.1050298214	-1
35.1050298214	-1
35.1050298214	-1
35.1050298214	-1
35.1067290306	-1
35.1067290306	-1
35.1067290306	-1
35.1067290306	-1
35.1067290306	-1
35.1067290306	-1
35.1133439541	-1
35.1133439541	-1
35.1133439541	-1
35.1133439541	-1
35.1133439541	-1
35.1133439541	-1
35.1133439541	-1
35.1506438255	1
35.2645409107	-1
35.2896938324	-1
35.2896938324	-1
35.2896938324	-1
35.2896938324	-1
35.2896938324	-1
35.2896938324	-1
35.2896938324	-1
38.2936189175	-1
38.8035140038	-1
40.7921569347	-1
42.2865228653	-1
43.0502538681	1
43.2416408062	1
43.6875259876	-1
43.802738905	-1
44.0634038448	1
44.0649759769	1
44.0649759769	1
44.0649759769	1
44.0666258335	1
44.0666258335	1
44.0678999424	1
44.0678999424	1
44.0678999424	1
44.128068924	1
44.128068924	1
44.1497650146	1
44.1497650146	1
44.1497650146	1
44.1625440121	1
44.1625440121	1
44.2414298058	1
44.2414298058	1
44.2414298058	1
44.2438409328	1
44.2438409328	1
44.2930510044	1
44.4022798538	1
44.4022798538	1
44.4022798538	1
44.4079558849	1
44.4851899147	1
44.4851899147	1
44.4851899147	1
44.4956758022	1
44.4956758022	1
44.5228738785	1
44.921448946	-1
45.0364379883	-1
45.1131699085	-1
45.1131699085	-1
45.1131699085	-1
45.1131699085	-1
45.1131699085	-1
45.1131699085	-1
45.1131699085	-1
45.1131699085	-1
45.1131699085	-1
45.1135179996	-1
45.1135179996	-1
45.1135179996	-1
45.1135179996	-1
45.1135179996	-1
45.1135179996	-1
45.1161129475	1
45.1216349602	-1
45.1216349602	-1
45.1216349602	-1
45.1216349602	-1
45.1216349602	-1
45.1216349602	-1
45.1216349602	-1
45.1216349602	-1
45.1364300251	-1
45.1364300251	-1
45.1364300251	-1
45.1364300251	-1
45.1364300251	-1
45.1364300251	-1
45.1364300251	-1
45.1364300251	-1
45.2284498215	-1
45.2284498215	-1
45.2284498215	-1
45.2284498215	-1
45.2284498215	-1
45.2284498215	-1
45.2284498215	-1
45.2284498215	-1
45.2284498215	-1
45.2284498215	-1
45.2289140224	-1
45.2289140224	-1
45.2289140224	-1
45.2289140224	-1
45.2289140224	-1
45.2289140224	-1
45.2309749126	1
45.2309749126	1
45.2331688404	1
45.2331688404	1
45.2331688404	1
45.2375249863	-1
45.2375249863	-1
45.2375249863	-1
45.2375249863	-1
45.2375249863	-1
45.2375249863	-1
45.2375249863	-1
45.2375249863	-1
45.237694025	-1
45.237694025	-1
45.237694025	-1
45.237694025	-1
45.237694025	-1
45.237694025	-1
45.237694025	-1
45.237694025	-1
45.238863945	1
45.238863945	1
45.2884628773	-1
45.318669796	-1
45.318669796	-1
45.318669796	-1
45.318669796	-1
45.318669796	-1
45.318669796	-1
45.318669796	-1
45.318669796	-1
45.318669796	-1
45.3440430164	-1
45.3440430164	-1
45.3440430164	-1
45.3440430164	-1
45.3440430164	-1
45.3440430164	-1
45.344178915	-1
45.344178915	-1
45.344178915	-1
45.344178915	-1
45.344178915	-1
45.344178915	-1
45.344178915	-1
45.344178915	-1
45.3446400166	-1
45.3446400166	-1
45.3446400166	-1
45.3446400166	-1
45.3446400166	-1
45.3446400166	-1
45.3446400166	-1
45.3446400166	-1
45.3449139595	-1
45.3557169437	1
45.3557169437	1
45.4263749123	-1
45.4263749123	-1
45.4263749123	-1
45.4263749123	-1
45.4263749123	-1
45.4263749123	-1
45.4263749123	-1
45.4981667995	-1
45.4981667995	-1
45.4981667995	-1
45.4981667995	-1
45.4981667995	-1
45.4981667995	-1
45.4981667995	-1
45.5050678253	-1
45.5050678253	-1
45.5050678253	-1
45.5050678253	-1
45.5050678253	-1
45.5050678253	-1
45.5050678253	-1
45.5050678253	-1
45.5128488541	-1
45.5128488541	-1
45.5128488541	-1
45.5128488541	-1
45.5128488541	-1
45.5128488541	-1
45.5128488541	-1
45.5128488541	-1
45.5242538452	-1
45.5242538452	-1
45.5242538452	-1
45.5242538452	-1
45.5242538452	-1
45.5242538452	-1
45.5242538452	-1
45.5242538452	-1
45.5257999897	1
45.6120688915	-1
45.6120688915	-1
45.6167619228	-1
45.6167619228	-1
45.6167619228	-1
45.6167619228	-1
45.6167619228	-1
45.6167619228	-1
45.6167619228	-1
45.6167619228	-1
45.6169848442	-1
45.6169848442	-1
45.6169848442	-1
45.6169848442	-1
45.6169848442	-1
45.6169848442	-1
45.6240270138	-1
45.6240270138	-1
45.6240270138	-1
45.6240270138	-1
45.6240270138	-1
45.6240270138	-1
45.6240270138	-1
45.6240270138	-1
45.6336128712	-1
45.6336128712	-1
45.6336128712	-1
45.6336128712	-1
45.6336128712	-1
45.6336128712	-1
45.6336128712	-1
45.6336128712	-1
45.640267849	-1
45.6775898933	1
45.6941668987	-1
45.6941668987	-1
45.6941668987	-1
45.6941668987	-1
45.6941668987	-1
45.6941668987	-1
45.6941668987	-1
45.6941668987	-1
45.6941668987	-1
45.6944890022	-1
45.6944890022	-1
45.6944890022	-1
45.6944890022	-1
45.6944890022	-1
45.6944890022	-1
45.7197639942	-1
45.7197639942	-1
45.7197639942	-1
45.7197639942	-1
45.7197639942	-1
45.7197639942	-1
45.7197639942	-1
45.7197639942	-1
45.7201149464	-1
45.7319488525	-1
45.7319488525	-1
45.7319488525	-1
45.7319488525	-1
45.7319488525	-1
45.7319488525	-1
45.7319488525	-1
45.7319488525	-1
45.7894449234	1
45.7894449234	1
45.7894449234	1
45.7965278625	-1
45.7965278625	-1
45.7965278625	-1
45.7965278625	-1
45.7965278625	-1
45.7965278625	-1
45.7965278625	-1
45.8196408749	-1
45.8197438717	-1
45.8197438717	-1
45.8197438717	-1
45.8197438717	-1
45.8197438717	-1
45.8197438717	-1
45.8269898891	1
45.8269898891	1
45.8269898891	1
45.8274958134	1
45.8274958134	1
45.8498899937	1
45.8498899937	1
45.8498899937	1
45.8504989147	1
45.8504989147	1
45.9115688801	1
45.9115688801	1
45.9650769234	-1
46.0486769676	1
46.0486769676	1
46.0662779808	1
46.0662779808	1
46.0662779808	1
46.0662779808	1
46.1205329895	-1
46.1773688793	1
46.1928529739	-1
46.1928529739	-1
46.1928529739	-1
46.1928529739	-1
46.1928529739	-1
46.1928529739	-1
46.1928529739	-1
46.2306249142	-1
46.2307288647	-1
46.2307288647	-1
46.2307288647	-1
46.2307288647	-1
46.2307288647	-1
46.2307288647	-1
46.2307288647	-1
46.3296778202	1
46.3953979015	-1
46.4035680294	-1
46.4035680294	-1
46.4035680294	-1
46.4035680294	-1
46.4035680294	-1
46.4035680294	-1
46.4035680294	-1
46.4324848652	-1
46.4325339794	-1
46.4325339794	-1
46.4325339794	-1
46.4325339794	-1
46.4325339794	-1
46.4325339794	-1
46.4325339794	-1
46.4901518822	1
46.5178468227	-1
46.5178468227	-1
46.5178468227	-1
46.5178468227	-1
46.5178468227	-1
46.5178468227	-1
46.6080369949	-1
46.6080369949	-1
46.6080369949	-1
46.6080369949	-1
46.6080369949	-1
46.6080369949	-1
46.6150720119	-1
46.6150720119	-1
46.6150720119	-1
46.6150720119	-1
46.6150720119	-1
46.7873358727	-1
46.7912898064	-1
46.7912898064	-1
46.7912898064	-1
46.7912898064	-1
46.7912898064	-1
46.7912898064	-1
46.7912898064	-1
46.9025518894	-1
46.9911239147	-1
46.9911239147	-1
46.9911239147	-1
46.9911239147	-1
46.9911239147	-1
46.9911239147	-1
46.9911239147	-1
46.9911239147	-1
46.9911239147	-1
46.9914698601	-1
46.9914698601	-1
46.9914698601	-1
46.9914698601	-1
46.9914698601	-1
46.9914698601	-1
46.992759943	1
46.9962198734	-1
46.9962198734	-1
46.9962198734	-1
46.9962198734	-1
46.9962198734	-1
46.9962198734	-1
46.9962198734	-1
46.9962198734	-1
47.0168688297	-1
47.0168688297	-1
47.0168688297	-1
47.0168688297	-1
47.0168688297	-1
47.0168688297	-1
47.0168688297	-1
47.0168688297	-1
47.0168688297	-1
47.0938420296	-1
47.0938420296	-1
47.0938420296	-1
47.0938420296	-1
47.0938420296	-1
47.0938420296	-1
47.0938420296	-1
47.1234509945	-1
47.1234829426	1
47.1235070229	-1
47.1235070229	-1
47.1235070229	-1
47.1235070229	-1
47.1928129196	-1
47.1928129196	-1
47.1928129196	-1
47.1928129196	-1
47.1928129196	-1
47.1928129196	-1
47.1928129196	-1
47.2258038521	-1
47.2259089947	-1
47.2259089947	-1
47.2259089947	-1
47.2259089947	-1
47.2259089947	-1
47.2259089947	-1
47.2259089947	-1
47.2259089947	-1
47.3634419441	-1
47.3897788525	-1
47.3897788525	-1
47.3897788525	-1
47.3897788525	-1
47.3897788525	-1
47.3897788525	-1
47.3897788525	-1
47.3897788525	-1
47.3897788525	-1
47.3901298046	-1
47.3901298046	-1
47.3901298046	-1
47.3901298046	-1
47.3901298046	-1
47.4235680103	-1
47.4235680103	-1
47.4235680103	-1
47.4235680103	-1
47.4235680103	-1
47.4235680103	-1
47.5048270226	-1
47.5069928169	1
48.6207299232	-1
48.776432991	-1
48.8000998497	-1
48.8000998497	-1
48.8000998497	-1
48.8000998497	-1
48.8000998497	-1
48.8000998497	-1
48.9081459045	-1
48.9081459045	-1
48.9081459045	-1
48.9081459045	-1
48.9081459045	-1
48.9081459045	-1
48.9081459045	-1
49.0008468628	-1
49.0054819584	-1
49.0054819584	-1
49.0054819584	-1
49.0054819584	-1
49.0054819584	-1
49.0054819584	-1
49.0054819584	-1
49.0083239079	1
49.0817239285	1
49.0817239285	1
49.0817239285	1
49.1212689877	-1
49.1231729984	1
50.1142339706	-1
50.4168298244	-1
50.5317978859	-1
50.5317978859	-1
54.9930849075	-1
55.1919989586	-1
55.3069438934	-1
57.9909448624	-1
58.1058619022	-1
59.0183959007	1
59.0909659863	1
59.0909659863	1
59.0909659863	1
59.0926859379	1
59.0926859379	1
59.0926859379	1
59.0946829319	1
59.0946829319	1
59.0946829319	1
59.0946829319	1
59.0946829319	1
59.0946829319	1
59.0950109959	1
59.0950109959	1
59.0950109959	1
59.0950109959	1
59.0956528187	1
59.0956528187	1
59.0956528187	1
59.0972778797	1
59.0972778797	1
59.0972778797	1
59.0987160206	1
59.0987160206	1
59.1332600117	1
59.1332600117	1
59.1332600117	1
59.1332600117	1
59.1332688332	1
59.1332688332	1
59.2059829235	1
59.2059829235	1
59.2059929371	1
59.2059929371	1
59.2059929371	1
59.2059929371	1
59.2059929371	1
59.2059929371	1
59.2059929371	1
59.2059929371	1
59.2059929371	1
59.2097070217	1
59.2097070217	1
59.2097070217	1
59.210105896	1
59.210105896	1
59.210105896	1
59.210105896	1
59.210105896	1
59.210105896	1
59.2963428497	-1
59.3893909454	1
59.3893909454	1
59.3893909454	1
59.4596250057	1
60.0037999153	-1
60.2042248249	-1
60.5000579357	-1
60.6149849892	-1
60.6155929565	1
60.7298748493	-1
60.7305388451	1
60.7305388451	1
60.8457188606	-1
61.0002679825	-1
61.0189068317	-1
61.0189068317	-1
61.0189068317	-1
61.0189068317	-1
61.0189068317	-1
61.1060028076	-1
61.1131868362	1
61.2060639858	-1
61.2060639858	-1
61.2060639858	-1
61.2060639858	-1
61.2060639858	-1
61.2060639858	-1
61.2683758736	1
61.3834028244	-1
61.4072029591	-1
61.4072029591	-1
61.4072029591	-1
61.4072029591	-1
61.4072029591	-1
61.4072029591	-1
61.4072029591	-1
61.5244028568	1
61.6171998978	-1
61.6171998978	-1
61.6171998978	-1
61.6171998978	-1
61.6171998978	-1
61.6171998978	-1
61.6171998978	-1
61.6559419632	1
61.6559419632	1
61.6559419632	1
61.7323379517	1
61.7711889744	-1
62.4935510159	-1
62.4952468872	1
62.6049787998	-1
62.6049787998	-1
62.6049787998	-1
62.6101579666	1
62.6101579666	1
62.6101579666	1
62.7236509323	-1
62.7236509323	-1
62.7254350185	1
62.7987539768	-1
62.7987539768	-1
62.7987539768	-1
62.7987539768	-1
62.7987539768	-1
62.7987539768	-1
62.7987539768	-1
62.8406839371	-1
62.9924528599	-1
63.0115208626	-1
63.0115208626	-1
63.0115208626	-1
63.0115208626	-1
63.0115208626	-1
63.0115208626	-1
63.0115208626	-1
63.0203850269	-1
63.0203850269	-1
63.0203850269	-1
63.0203850269	-1
63.1073589325	-1
63.2121179104	-1
63.2121179104	-1
63.2121179104	-1
63.2121179104	-1
63.2121179104	-1
63.2121179104	-1
63.2121179104	-1
63.3108959198	-1
63.3108959198	-1
63.3108959198	-1
63.3189640045	-1
63.3189640045	-1
63.3189640045	-1
63.3189640045	-1
63.3189640045	-1
63.3189640045	-1
63.3189640045	-1
63.3189640045	-1
63.3271958828	-1
63.3271958828	-1
63.3271958828	-1
63.3936309814	-1
63.3936309814	-1
63.3936309814	-1
63.3936309814	-1
63.3936309814	-1
63.4576768875	1
63.608891964	1
64.0961380005	1
64.3919038773	-1
64.3965499401	-1
64.3965499401	-1
64.3965499401	-1
64.3965499401	-1
64.3965499401	-1
64.3965499401	-1
64.3965499401	-1
64.3965499401	-1
64.3967778683	-1
64.3967778683	-1
64.3967778683	-1
64.3967778683	-1
64.3967778683	-1
64.3967778683	-1
64.4428668022	1
64.5026779175	-1
64.5026779175	-1
64.5026779175	-1
64.5109028816	1
64.5109028816	1
64.5109028816	1
64.5118708611	-1
64.5118708611	-1
64.5118708611	-1
64.5118708611	-1
64.5118708611	-1
64.5118708611	-1
64.5118708611	-1
64.5118708611	-1
64.5121428967	-1
64.5121428967	-1
64.5135509968	1
64.5135509968	1
64.5135509968	1
64.5455648899	1
64.5455648899	1
64.5455648899	1
64.6272189617	-1
64.7062158585	-1
64.7062158585	-1
64.7062158585	-1
64.7062158585	-1
64.7062158585	-1
64.7062158585	-1
64.7062158585	-1
64.7127189636	-1
64.7127189636	-1
64.7127189636	-1
64.7127189636	-1
64.7127189636	-1
64.7127189636	-1
64.7127189636	-1
64.7127189636	-1
64.7237570286	-1
64.7237570286	-1
64.7237570286	-1
64.7237570286	-1
64.7237570286	-1
64.7237570286	-1
64.7237570286	-1
64.7237570286	-1
64.7806079388	-1
64.7806079388	-1
64.7806079388	-1
64.7806079388	-1
64.8213799	-1
64.8213799	-1
64.8213799	-1
64.8213799	-1
64.8213799	-1
64.8213799	-1
64.8213799	-1
64.8213799	-1
64.8213799	-1
64.8217289448	-1
64.8217289448	-1
64.8217289448	-1
64.8217289448	-1
64.8217289448	-1
64.8217289448	-1
64.8280959129	-1
64.8280959129	-1
64.8280959129	-1
64.8280959129	-1
64.8280959129	-1
64.8964669704	1
65.1047189236	-1
65.3243160248	-1
65.4764709473	-1
65.4764709473	-1
65.5090818405	-1
65.5090818405	-1
65.5090818405	-1
65.5090818405	-1
65.5090818405	-1
65.5090818405	-1
65.5090818405	-1
65.5090818405	-1
65.5090818405	-1
65.5094239712	-1
65.5094239712	-1
65.5094239712	-1
65.5094239712	-1
65.5094239712	-1
65.5094239712	-1
65.5176348686	-1
65.5176348686	-1
65.5176348686	-1
65.5176348686	-1
65.5176348686	-1
65.5176348686	-1
65.5176348686	-1
65.5176348686	-1
65.5250668526	-1
65.5250668526	-1
65.5250668526	-1
65.5250668526	-1
65.5250668526	-1
65.5250668526	-1
65.5250668526	-1
65.5250668526	-1
65.5720398426	1
65.5721929073	1
65.5721929073	1
65.5721929073	1
65.6241598129	-1
65.6241598129	-1
65.6316659451	-1
65.6316659451	-1
65.6316659451	-1
65.6316659451	-1
65.6316659451	-1
65.6316659451	-1
65.6316659451	-1
65.6316659451	-1
65.6318848133	-1
65.6318848133	-1
65.6318848133	-1
65.6318848133	-1
65.6318848133	-1
65.6318848133	-1
65.6430230141	-1
65.6430230141	-1
65.6430230141	-1
65.6430230141	-1
65.6430230141	-1
65.6430230141	-1
65.6430230141	-1
65.6869649887	1
65.8603508472	1
65.8605289459	1
65.8605289459	1
65.8605289459	1
65.9503159523	1
65.9503159523	1
65.9503159523	1
65.9503159523	1
65.9515678883	1
65.9533469677	1
65.9533469677	1
65.9533469677	1
65.9533469677	1
65.9533469677	1
65.954654932	1
65.954654932	1
65.954654932	1
65.954654932	1
65.954654932	1
65.954654932	1
65.954654932	1
65.954654932	1
65.9547419548	1
65.9553208351	1
65.9553208351	1
65.9553208351	1
65.9553208351	1
65.9553208351	1
65.9553208351	1
65.9753170013	1
65.9753170013	1
66.5926499367	-1
66.7089569569	-1
66.7164609432	-1
66.7164609432	-1
66.7164609432	-1
66.7164609432	-1
66.7164609432	-1
66.7164609432	-1
66.7164609432	-1
66.7164609432	-1
66.7166810036	-1
66.7166810036	-1
66.7166810036	-1
66.7166810036	-1
66.7166810036	-1
66.7166810036	-1
66.731197834	-1
66.731197834	-1
66.731197834	-1
66.731197834	-1
66.731197834	-1
66.731197834	-1
66.731197834	-1
66.731197834	-1
66.7539060116	-1
66.7539060116	-1
66.7539060116	-1
66.7539060116	-1
66.7539060116	-1
66.7539060116	-1
66.7539060116	-1
66.7539060116	-1
66.83167696	-1
66.8318519592	-1
66.8318519592	-1
66.8318519592	-1
66.8318519592	-1
66.8318519592	-1
66.8318519592	-1
66.8318519592	-1
66.8318519592	-1
66.8318519592	-1
66.8322198391	-1
66.8322198391	-1
66.8322198391	-1
66.8322198391	-1
66.8322198391	-1
66.8463289738	-1
66.8463289738	-1
66.8463289738	-1
66.9016008377	-1
66.9016008377	-1
66.9016008377	-1
66.9016008377	-1
66.9016008377	-1
66.9016008377	-1
66.9016008377	-1
66.9016008377	-1
66.9016008377	-1
66.916203022	-1
66.916203022	-1
66.916203022	-1
66.916203022	-1
66.916203022	-1
66.916203022	-1
66.9164288044	-1
66.9164288044	-1
66.9164288044	-1
66.9164288044	-1
66.9164288044	-1
66.9164288044	-1
66.9164288044	-1
66.9164288044	-1
66.9469828606	-1
66.9469828606	-1
66.9469828606	-1
66.9469828606	-1
66.9469828606	-1
66.9469828606	-1
66.9469828606	-1
66.9469828606	-1
66.947453022	-1
67.0146279335	-1
67.0146279335	-1
67.0146279335	-1
67.0146279335	-1
67.0146279335	-1
67.0146279335	-1
67.0146279335	-1
67.0146279335	-1
67.0146279335	-1
67.0149710178	-1
67.0149710178	-1
67.0149710178	-1
67.0149710178	-1
67.0149710178	-1
67.0149710178	-1
67.021420002	-1
67.021420002	-1
67.021420002	-1
67.021420002	-1
67.021420002	-1
67.021420002	-1
67.021420002	-1
67.021420002	-1
67.0225908756	1
67.0315577984	-1
67.0315577984	-1
67.0315577984	-1
67.0315577984	-1
67.0315577984	-1
67.0315577984	-1
67.0315577984	-1
67.0315577984	-1
67.0628888607	-1
67.2282958031	-1
