0.0	1
0.250559091568	1
0.428831100464	-1
0.430027961731	1
0.668972015381	-1
0.669648170471	1
0.671216964722	1
0.671216964722	1
0.671216964722	1
0.861045122147	1
0.861045122147	1
0.861045122147	1
1.24771213531	-1
1.24932098389	1
1.36448001862	-1
1.36448001862	-1
1.36608910561	1
1.48112511635	-1
1.48115706444	1
1.59664702415	-1
1.59664702415	-1
1.59667897224	1
1.71178102493	-1
1.71181511879	1
1.72099208832	-1
1.72099208832	-1
1.72099208832	-1
1.72099208832	-1
1.72099208832	-1
1.72099208832	-1
1.72099208832	-1
1.82711195946	-1
1.84003901482	1
1.86309313774	-1
1.86309313774	-1
1.86309313774	-1
1.86309313774	-1
1.86309313774	-1
1.86309313774	-1
1.88338708878	-1
1.88338708878	-1
1.88338708878	-1
1.95518612862	-1
1.95522594452	1
2.02929902077	-1
2.02929902077	-1
2.02929902077	-1
2.02929902077	-1
2.02929902077	-1
2.02929902077	-1
2.02929902077	-1
2.02929902077	-1
2.08942198753	1
2.1065030098	-1
2.1065030098	-1
2.1065030098	-1
2.11326694489	-1
2.11326694489	-1
2.11326694489	-1
2.11326694489	-1
2.11326694489	-1
2.11326694489	-1
2.19138717651	-1
2.19138717651	-1
2.20446801186	1
2.31945896149	-1
2.31950116158	1
2.31950116158	1
2.43483614922	-1
2.59098911285	-1
2.59098911285	-1
2.59964394569	1
2.92368197441	-1
2.96097302437	-1
2.96097302437	-1
2.96097302437	-1
2.96097302437	-1
2.96097302437	-1
2.98265814781	-1
3.00122308731	1
3.00284695625	1
3.00284695625	1
3.00284695625	1
3.00494098663	1
3.00494098663	1
3.07495808601	-1
3.25037503242	1
3.36528110504	1
3.40216708183	-1
3.51738214493	-1
3.58102703094	-1
3.58102703094	-1
3.58102703094	-1
3.63144898415	-1
3.63144898415	-1
3.67095017433	-1
3.67295098305	1
3.78652715683	-1
3.78652715683	-1
3.78841900826	1
3.78841900826	1
3.78841900826	1
4.09543895721	-1
4.12235999107	-1
4.12235999107	-1
4.12235999107	-1
4.12235999107	-1
4.12235999107	-1
4.12235999107	-1
4.12235999107	-1
4.13624310493	-1
4.23751115799	-1
4.23751115799	-1
4.24707913399	1
4.3255879879	-1
4.3255879879	-1
4.3255879879	-1
4.3255879879	-1
4.3255879879	-1
4.3255879879	-1
4.3255879879	-1
4.3255879879	-1
4.38919711113	-1
4.38919711113	-1
4.38919711113	-1
4.44275808334	-1
4.44275808334	-1
4.44275808334	-1
4.44275808334	-1
4.44275808334	-1
4.44275808334	-1
4.44275808334	-1
4.44275808334	-1
4.49205994606	-1
4.49205994606	-1
4.49205994606	-1
4.49717998505	1
4.55560302734	-1
4.55560302734	-1
4.55560302734	-1
4.55560302734	-1
4.55560302734	-1
4.55560302734	-1
4.55560302734	-1
4.55560302734	-1
4.58214497566	-1
4.58214497566	-1
4.58214497566	-1
4.67055010796	-1
4.67202711105	1
4.79833507538	-1
4.99605894089	-1
5.0252430439	-1
5.0252430439	-1
5.0252430439	-1
5.0252430439	-1
5.0252430439	-1
5.14797306061	1
5.15401411057	1
5.15401411057	1
5.15401411057	1
5.52406001091	-1
5.6736600399	-1
5.6736600399	-1
5.6736600399	-1
5.6736600399	-1
5.6736600399	-1
5.6736600399	-1
5.6736600399	-1
5.6736600399	-1
5.688174963	1
5.70054602623	-1
5.70054602623	-1
5.70054602623	-1
5.70054602623	-1
5.70054602623	-1
5.70054602623	-1
5.70054602623	-1
5.70054602623	-1
5.70537614822	-1
5.70537614822	-1
5.70537614822	-1
5.70537614822	-1
5.70537614822	-1
5.70537614822	-1
5.70537614822	-1
5.78215312958	-1
5.78215312958	-1
5.78215312958	-1
5.78215312958	-1
5.78215312958	-1
5.78215312958	-1
5.78215312958	-1
5.78215312958	-1
5.80205702782	-1
5.89916801453	-1
5.89916801453	-1
5.89916801453	-1
5.89916801453	-1
5.89916801453	-1
5.89916801453	-1
5.89916801453	-1
5.91812205315	1
5.94852304459	-1
5.94852304459	-1
5.94852304459	-1
5.94852304459	-1
5.94852304459	-1
5.94852304459	-1
5.94852304459	-1
5.98276305199	-1
5.98286509514	-1
5.98286509514	-1
5.98286509514	-1
5.98286509514	-1
5.98286509514	-1
5.98286509514	-1
5.98286509514	-1
6.02166795731	-1
6.02166795731	-1
6.02166795731	-1
6.02166795731	-1
6.02166795731	-1
6.02166795731	-1
6.02166795731	-1
6.02166795731	-1
6.07194495201	-1
6.07194495201	-1
6.07194495201	-1
6.07194495201	-1
6.07194495201	-1
6.07194495201	-1
6.07194495201	-1
6.07194495201	-1
6.07194495201	-1
6.09801602364	-1
6.09801602364	-1
6.09801602364	-1
6.09801602364	-1
6.10114598274	-1
6.11433696747	-1
6.11433696747	-1
6.11433696747	-1
6.11433696747	-1
6.11433696747	-1
6.11433696747	-1
6.11433696747	-1
6.13504815102	-1
6.13504815102	-1
6.13504815102	-1
6.13504815102	-1
6.13504815102	-1
6.13504815102	-1
6.13504815102	-1
6.14699912071	-1
6.14947605133	-1
6.14947605133	-1
6.14947605133	-1
6.14947605133	-1
6.14947605133	-1
6.14947605133	-1
6.14947605133	-1
6.18697500229	-1
6.18697500229	-1
6.18697500229	-1
6.18697500229	-1
6.18697500229	-1
6.18697500229	-1
6.18722105026	-1
6.21306395531	-1
6.21306395531	-1
6.21306395531	-1
6.21306395531	-1
6.21306395531	-1
6.22906208038	-1
6.22906208038	-1
6.22906208038	-1
6.22906208038	-1
6.22906208038	-1
6.22906208038	-1
6.22906208038	-1
6.23028516769	1
6.35631895065	1
6.35631895065	1
6.35631895065	1
6.35699415207	1
6.35699415207	1
6.35699415207	1
6.35740399361	1
6.35740399361	1
6.35781311989	1
6.35781311989	1
6.38136005402	1
