0.0	1
0.250648975372	1
0.603059768677	-1
0.604606866837	1
0.895302772522	-1
0.896777868271	1
0.899917840958	1
0.899917840958	1
0.899917840958	1
0.923635959625	1
0.923635959625	1
0.923635959625	1
1.61774897575	-1
1.619399786	1
1.75409984589	-1
1.75409984589	-1
1.75887680054	1
1.83200097084	-1
1.83200097084	-1
1.83200097084	-1
1.8933339119	1
1.8933339119	1
2.07056999207	1
2.83713579178	-1
2.94996976852	-1
2.94996976852	-1
2.94996976852	-1
2.94996976852	-1
2.94996976852	-1
2.94996976852	-1
2.94996976852	-1
3.01852297783	-1
3.01852297783	-1
3.01852297783	-1
3.01969099045	1
3.04697585106	-1
3.04697585106	-1
3.07810878754	-1
3.07810878754	-1
3.07810878754	-1
3.08813977242	-1
3.08813977242	-1
3.08813977242	-1
3.1038877964	-1
3.1038877964	-1
3.1314098835	-1
3.1314098835	-1
3.14322495461	-1
3.14322495461	-1
3.14322495461	-1
3.14322495461	-1
3.14322495461	-1
3.14322495461	-1
3.15303397179	-1
3.15303397179	-1
3.15303397179	-1
3.15303397179	-1
3.15303397179	-1
3.15303397179	-1
3.15303397179	-1
3.27070879936	1
3.44858288765	-1
3.44858288765	-1
3.46163892746	1
3.58263683319	-1
3.59597396851	1
3.73032283783	1
3.90257382393	-1
4.25208091736	-1
4.25326180458	1
4.43633198738	-1
4.60870099068	-1
4.60870099068	-1
4.61647176743	1
5.30818581581	-1
5.34912490845	-1
5.34912490845	-1
5.34912490845	-1
5.3535490036	1
5.43028187752	-1
5.43028187752	-1
5.43028187752	-1
5.44738578796	-1
5.44738578796	-1
5.45268392563	1
5.45268392563	1
5.45268392563	1
5.4651157856	-1
5.4651157856	-1
5.4651157856	-1
5.47738194466	-1
5.47738194466	-1
5.47738194466	-1
5.50470089912	-1
5.50470089912	-1
5.50470089912	-1
5.50470089912	-1
5.50881695747	-1
5.50881695747	-1
5.57884979248	-1
5.57884979248	-1
5.57884979248	-1
5.58309197426	-1
5.58309197426	-1
5.58309197426	-1
5.58943986893	-1
5.61203193665	-1
5.61203193665	-1
5.61203193665	-1
5.62546181679	-1
5.62546181679	-1
5.62546181679	-1
5.62546181679	-1
5.62546181679	-1
5.62546181679	-1
5.62546181679	-1
5.65806484222	-1
5.65811991692	-1
5.65811991692	-1
5.65811991692	-1
5.65811991692	-1
5.65811991692	-1
5.65811991692	-1
5.65811991692	-1
5.6986207962	-1
5.6986207962	-1
5.6986207962	-1
5.69874000549	-1
5.69874000549	-1
5.69874000549	-1
5.69874000549	-1
5.69874000549	-1
5.69874000549	-1
5.69874000549	-1
5.69961285591	1
5.74647283554	-1
5.74647283554	-1
5.74647283554	-1
5.74647283554	-1
5.74647283554	-1
5.74647283554	-1
5.74647283554	-1
5.74647283554	-1
5.74684095383	-1
5.74684095383	-1
5.74684095383	-1
5.74684095383	-1
5.74684095383	-1
5.74684095383	-1
5.74770498276	1
5.74770498276	1
5.74770498276	1
5.79269194603	-1
5.79269194603	-1
5.79279589653	-1
5.79279589653	-1
5.79279589653	-1
5.79279589653	-1
5.79279589653	-1
5.79279589653	-1
5.79279589653	-1
5.79279589653	-1
5.82908177376	-1
5.82908177376	-1
5.82908177376	-1
5.82908177376	-1
5.82908177376	-1
5.82908177376	-1
5.82908177376	-1
5.8340549469	-1
5.83407092094	1
5.90954780579	-1
5.90954780579	-1
5.90954780579	-1
5.90954780579	-1
5.92590999603	1
5.92590999603	1
5.92590999603	1
5.92823386192	1
5.92823386192	1
5.99852490425	-1
5.99852490425	-1
5.99852490425	-1
5.99852490425	-1
6.00765681267	-1
6.00765681267	-1
6.02111077309	-1
6.02111077309	-1
6.02111077309	-1
6.03302979469	-1
6.03302979469	-1
6.03302979469	-1
6.04943299294	-1
6.06286597252	-1
6.06286597252	-1
6.09724283218	-1
6.09724283218	-1
6.09724283218	-1
6.14581799507	-1
6.14581799507	-1
6.14585185051	1
6.15138697624	-1
6.15138697624	-1
6.15138697624	-1
6.23156881332	-1
6.23495197296	1
6.23495197296	1
6.23495197296	1
6.36663985252	-1
6.36663985252	-1
6.46747493744	1
6.46747493744	1
6.54096484184	-1
6.54096484184	-1
6.65611100197	1
6.71304583549	-1
6.83449888229	1
6.84746193886	-1
6.87613296509	-1
6.87613296509	-1
6.87613296509	-1
6.88835883141	-1
6.88835883141	-1
7.01027798653	1
7.01027798653	1
7.1445889473	-1
7.18929696083	-1
7.18929696083	-1
7.18929696083	-1
7.24034786224	-1
7.24034786224	-1
7.26504397392	-1
7.26504397392	-1
7.26504397392	-1
7.32361578941	-1
7.42281293869	-1
7.42281293869	-1
7.42281293869	-1
7.45121479034	-1
7.45121479034	-1
7.4925429821	-1
7.4925429821	-1
7.4925429821	-1
7.50298595428	-1
7.50298595428	-1
7.50298595428	-1
7.50298595428	-1
7.51547980309	-1
7.53818678856	-1
7.53818678856	-1
7.53818678856	-1
7.53818678856	-1
7.53818678856	-1
7.53818678856	-1
7.55688595772	-1
7.55688595772	-1
7.55688595772	-1
7.57470178604	-1
7.57470178604	-1
7.57470178604	-1
7.61864995956	-1
7.61864995956	-1
7.61864995956	-1
7.62331986427	-1
7.62331986427	-1
7.63464379311	-1
7.63464379311	-1
7.63681197166	-1
7.63681197166	-1
7.63681197166	-1
7.63681197166	-1
7.6867787838	-1
7.68786692619	1
7.69652700424	-1
7.69652700424	-1
7.69652700424	-1
7.74205088615	-1
7.74205088615	-1
7.74205088615	-1
7.76013684273	-1
7.76013684273	-1
7.77660298347	-1
7.77660298347	-1
7.77660298347	-1
7.79339599609	-1
7.79339599609	-1
7.79339599609	-1
7.79339599609	-1
7.79339599609	-1
7.79339599609	-1
7.79339599609	-1
7.8049249649	-1
7.8049249649	-1
7.8049249649	-1
7.8049249649	-1
7.8049249649	-1
7.8049249649	-1
7.8049249649	-1
7.82161188126	-1
7.85046696663	-1
7.85046696663	-1
7.85046696663	-1
7.85046696663	-1
7.85049891472	1
7.85656785965	-1
7.85656785965	-1
7.89214277267	-1
7.89214277267	-1
7.89214277267	-1
7.89214277267	-1
7.89214277267	-1
7.89214277267	-1
7.89214277267	-1
7.89214277267	-1
7.91247677803	-1
7.91247677803	-1
7.91247677803	-1
7.91247677803	-1
7.91247677803	-1
7.91247677803	-1
7.91247677803	-1
7.92115998268	-1
7.93684697151	-1
7.93684697151	-1
7.93684697151	-1
7.93684697151	-1
7.93684697151	-1
7.93684697151	-1
7.93684697151	-1
7.95322680473	-1
7.98210382462	-1
7.98210382462	-1
7.98210382462	-1
7.98210382462	-1
7.98210382462	-1
7.98210382462	-1
7.98210382462	-1
8.01963877678	-1
8.01963877678	-1
8.02089095116	1
8.02977991104	-1
8.02977991104	-1
8.02977991104	-1
8.02977991104	-1
8.02977991104	-1
8.02977991104	-1
8.03751897812	-1
8.03751897812	-1
8.03751897812	-1
8.03751897812	-1
8.03751897812	-1
8.03751897812	-1
8.03751897812	-1
8.04450082779	-1
8.04450082779	-1
8.04450082779	-1
8.04450082779	-1
8.04450082779	-1
8.04450082779	-1
8.05683088303	-1
8.05683088303	-1
8.05683088303	-1
8.05683088303	-1
8.05683088303	-1
8.05683088303	-1
8.05683088303	-1
8.05683088303	-1
8.05683088303	-1
8.07145380974	-1
8.07145380974	-1
8.07145380974	-1
8.07145380974	-1
8.07145380974	-1
8.07145380974	-1
8.07145380974	-1
8.08758997917	-1
8.08758997917	-1
8.08758997917	-1
8.11679387093	-1
8.11679387093	-1
8.11679387093	-1
8.11679387093	-1
8.11679387093	-1
8.11679387093	-1
8.11679387093	-1
8.11701989174	-1
8.11701989174	-1
8.11701989174	-1
8.11701989174	-1
8.11701989174	-1
8.11701989174	-1
8.11701989174	-1
8.11740779877	-1
8.11740779877	-1
8.11740779877	-1
8.11740779877	-1
8.11740779877	-1
8.11740779877	-1
8.11740779877	-1
8.11740779877	-1
8.1177778244	-1
8.1177778244	-1
8.1177778244	-1
8.1177778244	-1
8.1177778244	-1
8.1177778244	-1
8.1177778244	-1
8.1177778244	-1
8.17196393013	-1
8.17196393013	-1
8.17196393013	-1
8.17196393013	-1
8.17196393013	-1
8.17196393013	-1
8.17196393013	-1
8.17196393013	-1
8.17196393013	-1
8.17199778557	1
8.17199778557	1
8.17231082916	-1
8.17231082916	-1
8.17231082916	-1
8.17231082916	-1
8.17231082916	-1
8.17231082916	-1
8.17231082916	-1
8.1726808548	-1
8.1726808548	-1
8.1726808548	-1
8.1726808548	-1
8.1726808548	-1
8.1726808548	-1
8.1726808548	-1
8.1726808548	-1
8.17292499542	-1
8.17304897308	-1
8.17304897308	-1
8.17304897308	-1
8.17304897308	-1
8.17304897308	-1
8.17304897308	-1
8.17304897308	-1
8.17304897308	-1
8.19147992134	-1
8.19147992134	-1
8.19147992134	-1
8.19147992134	-1
8.19147992134	-1
8.19147992134	-1
8.19147992134	-1
8.19147992134	-1
8.19184780121	-1
8.19184780121	-1
8.19184780121	-1
8.19184780121	-1
8.19184780121	-1
8.19184780121	-1
8.19184780121	-1
8.19990086555	-1
8.22201681137	-1
8.22201681137	-1
8.22201681137	-1
8.22201681137	-1
8.22201681137	-1
8.22201681137	-1
8.2514898777	-1
8.2514898777	-1
8.2514898777	-1
8.2514898777	-1
8.2514898777	-1
8.2514898777	-1
8.83403086662	1
9.18660879135	1
9.32066392899	1
9.45498394966	1
9.66364789009	-1
9.68437194824	-1
9.68437194824	-1
9.68437194824	-1
9.75437092781	-1
9.75437092781	-1
9.75437092781	-1
9.7643327713	-1
9.7643327713	-1
9.79784178734	-1
9.79871797562	1
9.80182385445	-1
9.80182385445	-1
9.80182385445	-1
9.84356880188	-1
9.84356880188	-1
9.84356880188	-1
9.84577488899	-1
9.84577488899	-1
9.87035489082	-1
9.87035489082	-1
9.87035489082	-1
9.89364886284	-1
9.89364886284	-1
9.89364886284	-1
9.93216991425	-1
9.95721387863	-1
9.95721387863	-1
9.95721387863	-1
9.96769881248	-1
9.96769881248	-1
9.96769881248	-1
9.97666883469	-1
9.97666883469	-1
10.0111927986	-1
10.0111927986	-1
10.0111927986	-1
10.0111927986	-1
10.0207128525	-1
10.0263857841	-1
10.0263857841	-1
10.0263857841	-1
10.0263857841	-1
10.2008450031	-1
10.2024447918	1
10.3353657722	-1
10.3746628761	1
10.8311388493	1
11.1299188137	-1
11.1732509136	-1
11.1732509136	-1
11.1732509136	-1
11.1732509136	-1
11.1732509136	-1
11.1953527927	1
11.2420377731	-1
11.3294959068	1
11.3294959068	1
11.46397686	1
11.8315198421	1
11.9657409191	1
12.0426898003	-1
12.0667159557	-1
12.0667159557	-1
12.0667159557	-1
12.1031019688	-1
12.1031019688	-1
12.2018098831	-1
12.2018098831	-1
12.3361949921	-1
12.3361949921	-1
12.3376989365	1
12.5104758739	1
14.1495559216	-1
14.320650816	-1
14.320650816	-1
14.3348939419	1
14.4690518379	1
14.6031248569	1
15.4954109192	-1
15.4971218109	1
15.737610817	-1
15.7388927937	1
15.8266029358	-1
15.8266029358	-1
15.8266029358	-1
15.8328168392	-1
15.8328168392	-1
15.8621008396	-1
15.8621008396	-1
15.8621008396	-1
15.9622237682	-1
15.9622237682	-1
15.9622237682	-1
16.0076208115	-1
16.0973038673	-1
16.0973038673	-1
16.0973038673	-1
16.1420288086	-1
16.2764899731	-1
16.4106807709	-1
16.4526247978	-1
16.4526247978	-1
16.4526247978	-1
16.4977228642	-1
16.4977228642	-1
16.4977228642	-1
16.5140178204	1
16.542350769	-1
16.542350769	-1
16.6864008904	1
16.6864008904	1
17.0660009384	-1
17.3451299667	1
17.3735468388	-1
17.4466397762	-1
17.4466397762	-1
17.4466397762	-1
17.4666638374	-1
17.4666638374	-1
17.4666638374	-1
17.5296318531	-1
17.5296318531	-1
17.5296318531	-1
17.5399007797	-1
17.5399007797	-1
17.5399007797	-1
17.5523309708	-1
17.5523309708	-1
17.5624690056	-1
17.5624690056	-1
17.5624690056	-1
17.5810828209	-1
17.5810828209	-1
17.5810828209	-1
17.581196785	-1
17.581196785	-1
17.581196785	-1
17.6011888981	-1
17.6084148884	-1
17.6084148884	-1
17.6084148884	-1
17.6421718597	-1
17.6421718597	-1
17.6421718597	-1
17.6430618763	1
17.6639437675	-1
17.6639437675	-1
17.6639437675	-1
17.6639437675	-1
17.8777298927	1
17.8780319691	1
17.8780319691	1
17.8780319691	1
17.8782417774	1
17.8782417774	1
17.9111537933	-1
18.018917799	1
18.018917799	1
