0.0	1
0.250413894653	1
0.472072839737	-1
0.472921848297	1
0.72825884819	-1
0.729043960571	1
0.730479001999	1
0.730479001999	1
0.730479001999	1
0.869758844376	1
0.869758844376	1
0.869758844376	1
1.25791883469	-1
1.25954079628	1
1.37534999847	-1
1.37677788734	1
1.45258498192	-1
1.45377278328	1
1.52843880653	-1
1.52843880653	-1
1.52988290787	1
1.60439395905	-1
1.60442900658	1
1.77472400665	-1
1.88636279106	-1
1.94653201103	-1
1.94653201103	-1
1.94653201103	-1
1.94653201103	-1
1.94653201103	-1
1.94653201103	-1
1.94653201103	-1
1.97386193275	1
2.03594088554	-1
2.03594088554	-1
2.04112100601	-1
2.04112100601	-1
2.04112100601	-1
2.04112100601	-1
2.04112100601	-1
2.04112100601	-1
2.04881596565	-1
2.04881596565	-1
2.04881596565	-1
2.04881596565	-1
2.04881596565	-1
2.04881596565	-1
2.04881596565	-1
2.04881596565	-1
2.19187378883	-1
2.19187378883	-1
2.19187378883	-1
2.22503399849	1
2.22635698318	-1
2.36312389374	-1
2.36327195168	-1
2.36327195168	-1
2.36327195168	-1
2.36327195168	-1
2.36327195168	-1
2.36327195168	-1
2.36327195168	-1
2.43953084946	1
2.57852196693	-1
2.92434287071	-1
2.93896579742	1
3.1353328228	-1
3.18960881233	1
3.38640189171	-1
3.39404797554	1
3.61924600601	-1
3.62053799629	1
3.79124689102	-1
3.96295690536	-1
4.29535198212	-1
4.31097483635	1
4.31559300423	1
4.31559300423	1
4.31559300423	1
4.75089478493	-1
4.8349609375	-1
4.8349609375	-1
4.8349609375	-1
4.8349609375	-1
4.8349609375	-1
4.8349609375	-1
4.8349609375	-1
4.8349609375	-1
4.8349609375	-1
4.85730981827	1
4.86947083473	-1
4.86947083473	-1
4.86947083473	-1
4.86947083473	-1
4.90255689621	1
4.90255689621	1
4.90255689621	1
4.90255689621	1
4.92344784737	-1
4.92344784737	-1
4.93010401726	-1
4.93010401726	-1
4.94081282616	-1
4.94081282616	-1
4.94081282616	-1
4.94081282616	-1
4.94081282616	-1
4.94081282616	-1
4.94081282616	-1
5.00617384911	1
5.02549886703	-1
5.02549886703	-1
5.02549886703	-1
5.02549886703	-1
5.02549886703	-1
5.02549886703	-1
5.02549886703	-1
5.02549886703	-1
5.02891087532	-1
5.02891087532	-1
5.03358101845	-1
5.03837490082	-1
5.03837490082	-1
5.03837490082	-1
5.03837490082	-1
5.03837490082	-1
5.03837490082	-1
5.05092692375	-1
5.05092692375	-1
5.09187698364	-1
5.09187698364	-1
5.09187698364	-1
5.09187698364	-1
5.09187698364	-1
5.09187698364	-1
5.09187698364	-1
5.10382199287	-1
5.10392785072	-1
5.10392785072	-1
5.10392785072	-1
5.10392785072	-1
5.10392785072	-1
5.10392785072	-1
5.10392785072	-1
5.10507488251	-1
5.10507488251	-1
5.10507488251	-1
5.10507488251	-1
5.10507488251	-1
5.10507488251	-1
5.10507488251	-1
5.10626888275	1
5.11952996254	-1
5.11952996254	-1
5.11952996254	-1
5.11952996254	-1
5.1704390049	-1
5.1704390049	-1
5.1704390049	-1
5.1704390049	-1
5.1704390049	-1
5.1704390049	-1
5.1704390049	-1
5.1704390049	-1
5.17061400414	-1
5.17949199677	-1
5.17949199677	-1
5.17996501923	-1
5.17996501923	-1
5.17996501923	-1
5.17996501923	-1
5.17996501923	-1
5.17996501923	-1
5.18739581108	-1
5.18739581108	-1
5.18750095367	-1
5.18750095367	-1
5.18750095367	-1
5.18750095367	-1
5.18750095367	-1
5.18750095367	-1
5.18750095367	-1
5.19464087486	1
5.22139382362	-1
5.22139382362	-1
5.22139382362	-1
5.22139382362	-1
5.22139382362	-1
5.22139382362	-1
5.22139382362	-1
5.26655292511	-1
5.26666593552	-1
5.26666593552	-1
5.26666593552	-1
5.26666593552	-1
5.26666593552	-1
5.26666593552	-1
5.26666593552	-1
5.27330589294	-1
5.27330589294	-1
5.27330589294	-1
5.27334094048	1
5.29150795937	1
5.29150795937	1
5.29150795937	1
5.31266379356	1
5.31266379356	1
5.31270885468	1
5.31270885468	1
5.31270885468	1
5.31270885468	1
5.34713101387	-1
5.34713101387	-1
5.34713101387	-1
5.34737801552	-1
5.34737801552	-1
5.34737801552	-1
5.34737801552	-1
5.34737801552	-1
5.34737801552	-1
5.35882282257	-1
5.35882282257	-1
5.35882282257	-1
5.44471096992	-1
5.44471096992	-1
5.44471096992	-1
5.44474697113	1
5.44495797157	-1
5.44495797157	-1
5.44495797157	-1
5.44495797157	-1
5.44495797157	-1
5.44495797157	-1
5.44520497322	-1
5.44520497322	-1
5.44520497322	-1
5.44520497322	-1
5.44520497322	-1
5.44520497322	-1
5.44520497322	-1
5.44520497322	-1
5.44705796242	1
5.44705796242	1
5.44705796242	1
5.45490884781	-1
5.45490884781	-1
5.45490884781	-1
5.45490884781	-1
5.45490884781	-1
5.45490884781	-1
5.45490884781	-1
5.45490884781	-1
5.49752497673	-1
5.52182888985	1
5.53129291534	-1
5.53129291534	-1
5.53129291534	-1
5.53129291534	-1
5.53129291534	-1
5.54273581505	1
5.54273581505	1
5.54273581505	1
5.57880496979	-1
5.57979893684	-1
5.57979893684	-1
5.57979893684	-1
5.57979893684	-1
5.57979893684	-1
5.57979893684	-1
5.57979893684	-1
5.57979893684	-1
5.58009195328	-1
5.58009195328	-1
5.58009195328	-1
5.58009195328	-1
5.58009195328	-1
5.58009195328	-1
5.58009195328	-1
5.580316782	-1
5.58248496056	1
5.58248496056	1
5.59665894508	1
5.61136579514	-1
5.61136579514	-1
5.61136579514	-1
5.61136579514	-1
5.61136579514	-1
5.61136579514	-1
5.61136579514	-1
5.61136579514	-1
5.6450138092	-1
5.64511680603	-1
5.64511680603	-1
5.64511680603	-1
5.67363786697	1
5.67381882668	1
5.67381882668	1
5.67381882668	1
5.67381882668	1
5.67381882668	1
5.67381882668	1
5.74843001366	-1
5.74843001366	-1
5.86420583725	1
5.86420583725	1
5.86456489563	-1
5.91486096382	-1
5.91486096382	-1
5.91486096382	-1
5.91489100456	-1
5.91489100456	-1
5.91489100456	-1
5.91489100456	-1
5.91489100456	-1
5.91489100456	-1
5.91489100456	-1
5.91489100456	-1
5.91674685478	1
5.91674685478	1
5.91674685478	1
5.93949389458	1
5.94802379608	-1
5.94802379608	-1
5.94802379608	-1
5.94802379608	-1
5.94802379608	-1
5.94802379608	-1
5.94802379608	-1
5.94802379608	-1
5.96976280212	-1
5.96976280212	-1
5.96976280212	-1
5.96976280212	-1
6.02248001099	1
6.02248001099	1
6.04114890099	-1
6.04114890099	-1
6.04114890099	-1
6.04125595093	-1
6.04125595093	-1
6.04125595093	-1
6.04125595093	-1
6.04125595093	-1
6.04125595093	-1
6.04125595093	-1
6.04125595093	-1
6.04158592224	-1
6.04158592224	-1
6.04158592224	-1
6.04158592224	-1
6.04158592224	-1
6.04158592224	-1
6.04158592224	-1
6.06461787224	-1
6.06461787224	-1
6.06461787224	-1
6.06461787224	-1
6.06461787224	-1
6.06461787224	-1
6.06461787224	-1
6.06461787224	-1
6.06488800049	-1
6.06501078606	-1
6.06501078606	-1
6.06501078606	-1
6.06501078606	-1
6.06501078606	-1
6.06501078606	-1
6.06501078606	-1
6.06525588036	-1
6.06606197357	1
6.06606197357	1
6.06606197357	1
6.07891178131	-1
6.07891178131	-1
6.08453083038	1
6.08453083038	1
6.10495781898	1
6.10495781898	1
6.10495781898	1
6.10495781898	1
6.10495781898	1
6.10495781898	1
6.10495781898	1
6.10495781898	1
6.11669778824	-1
6.11669778824	-1
6.11669778824	-1
6.11669778824	-1
6.11669778824	-1
6.11669778824	-1
6.11669778824	-1
6.11669778824	-1
6.11669778824	-1
6.11704683304	-1
6.11704683304	-1
6.11704683304	-1
6.11704683304	-1
6.11704683304	-1
6.11704683304	-1
6.11704683304	-1
6.11704683304	-1
6.11739301682	-1
6.11739301682	-1
6.11739301682	-1
6.11739301682	-1
6.11739301682	-1
6.11739301682	-1
6.11739301682	-1
6.16453480721	-1
6.16453480721	-1
6.16453480721	-1
6.16453480721	-1
6.16453480721	-1
6.16453480721	-1
6.16453480721	-1
6.16453480721	-1
6.16476297379	-1
6.21311187744	-1
6.21311187744	-1
6.21311187744	-1
6.21311187744	-1
6.21311187744	-1
6.21311187744	-1
6.21311187744	-1
6.21311187744	-1
6.21345996857	-1
6.21345996857	-1
6.21345996857	-1
6.21345996857	-1
6.21345996857	-1
6.21345996857	-1
6.21345996857	-1
6.21345996857	-1
6.21382880211	-1
6.21382880211	-1
6.21382880211	-1
6.21382880211	-1
6.21382880211	-1
6.21382880211	-1
6.21382880211	-1
6.21407389641	-1
6.21641492844	1
6.23650884628	-1
6.23650884628	-1
6.23650884628	-1
6.23650884628	-1
6.23650884628	-1
6.23650884628	-1
6.23650884628	-1
6.23650884628	-1
6.23998785019	-1
6.23998785019	-1
6.23998785019	-1
6.23998785019	-1
6.23998785019	-1
6.23998785019	-1
6.23998785019	-1
6.28800082207	-1
6.28800082207	-1
6.28800082207	-1
6.28800082207	-1
6.28800082207	-1
6.28800082207	-1
6.28800082207	-1
6.28800082207	-1
6.28800082207	-1
6.28835082054	-1
6.28835082054	-1
6.28835082054	-1
6.28835082054	-1
6.28835082054	-1
6.28835082054	-1
6.28835082054	-1
6.28835082054	-1
6.28871893883	-1
6.28871893883	-1
6.28871893883	-1
6.28871893883	-1
6.28871893883	-1
6.28871893883	-1
6.28871893883	-1
6.28871893883	-1
6.28909492493	-1
6.28909492493	-1
6.28909492493	-1
6.28909492493	-1
6.28909492493	-1
6.28909492493	-1
6.28909492493	-1
6.28909492493	-1
6.28947782516	-1
6.28947782516	-1
6.28947782516	-1
6.28947782516	-1
6.28947782516	-1
6.28947782516	-1
6.28947782516	-1
6.28947782516	-1
6.31374192238	-1
6.31377792358	1
6.31377792358	1
6.36561489105	-1
6.36561489105	-1
6.36561489105	-1
6.36561489105	-1
6.36561489105	-1
6.36561489105	-1
6.36561489105	-1
6.38447499275	-1
6.38458991051	-1
6.38458991051	-1
6.38458991051	-1
6.38458991051	-1
6.38458991051	-1
6.38458991051	-1
6.38458991051	-1
6.38482379913	-1
6.38482379913	-1
6.38482379913	-1
6.38482379913	-1
6.38482379913	-1
6.38482379913	-1
6.38482379913	-1
6.38482379913	-1
6.38519501686	-1
6.38519501686	-1
6.38519501686	-1
6.38519501686	-1
6.38519501686	-1
6.38519501686	-1
6.38519501686	-1
6.38519501686	-1
6.38519501686	-1
6.38556289673	-1
6.38559293747	-1
6.38559293747	-1
6.38559293747	-1
6.38559293747	-1
6.38559293747	-1
6.38559293747	-1
6.38559293747	-1
6.38559293747	-1
6.3885269165	-1
6.3885269165	-1
6.44033479691	-1
6.44033479691	-1
6.44033479691	-1
6.44033479691	-1
6.44033479691	-1
6.44033479691	-1
6.44033479691	-1
6.44033479691	-1
6.45495700836	1
6.45920181274	-1
6.45920181274	-1
6.45920181274	-1
6.45920181274	-1
6.45920181274	-1
6.45920181274	-1
6.45920181274	-1
6.45920181274	-1
6.45955300331	-1
6.45955300331	-1
6.45955300331	-1
6.45955300331	-1
6.45955300331	-1
6.45955300331	-1
6.45955300331	-1
6.45955300331	-1
6.45992088318	-1
6.45992088318	-1
6.45992088318	-1
6.45992088318	-1
6.45992088318	-1
6.45992088318	-1
6.45992088318	-1
6.45992088318	-1
6.46028900146	-1
6.46028900146	-1
6.46028900146	-1
6.46028900146	-1
6.46028900146	-1
6.46028900146	-1
6.46028900146	-1
6.46028900146	-1
6.46065688133	-1
6.46065688133	-1
6.46065688133	-1
6.46065688133	-1
6.46065688133	-1
6.46065688133	-1
6.46065688133	-1
6.46065688133	-1
6.46102690697	-1
6.46102690697	-1
6.46102690697	-1
6.46102690697	-1
6.46102690697	-1
6.46102690697	-1
6.46102690697	-1
6.46102690697	-1
6.46377491951	1
6.46377491951	1
6.46377491951	1
6.47693991661	1
6.47693991661	1
6.47693991661	1
6.48047685623	1
6.48047685623	1
6.53481078148	-1
6.53481078148	-1
6.53481078148	-1
6.53481078148	-1
6.53481078148	-1
6.53481078148	-1
6.53481078148	-1
6.53481078148	-1
6.53481078148	-1
6.53516483307	-1
6.53516483307	-1
6.53516483307	-1
6.53516483307	-1
6.53516483307	-1
6.53516483307	-1
6.53516483307	-1
6.54732179642	-1
6.54742598534	-1
6.54742598534	-1
6.54742598534	-1
6.54742598534	-1
6.54742598534	-1
6.54742598534	-1
6.54742598534	-1
6.55692696571	-1
6.55697894096	-1
6.55697894096	-1
6.55697894096	-1
6.55697894096	-1
6.55697894096	-1
6.55697894096	-1
6.55697894096	-1
6.55697894096	-1
6.55739879608	-1
6.55739879608	-1
6.55739879608	-1
6.55739879608	-1
6.55739879608	-1
6.55739879608	-1
6.55739879608	-1
6.55766582489	-1
6.55766582489	-1
6.55766582489	-1
6.55766582489	-1
6.55766582489	-1
6.55766582489	-1
6.55766582489	-1
6.55766582489	-1
6.55800485611	-1
6.55800485611	-1
6.55800485611	-1
6.55800485611	-1
6.55800485611	-1
6.55800485611	-1
6.55800485611	-1
6.55800485611	-1
6.60944700241	1
6.60988688469	-1
6.60988688469	-1
6.60988688469	-1
6.60988688469	-1
6.60988688469	-1
6.60988688469	-1
6.60988688469	-1
6.60988688469	-1
6.6101307869	-1
6.6101307869	-1
6.6101307869	-1
6.6101307869	-1
6.6101307869	-1
6.6101307869	-1
6.6101307869	-1
6.6101307869	-1
6.61049985886	-1
6.61049985886	-1
6.61049985886	-1
6.61049985886	-1
6.61049985886	-1
6.61049985886	-1
6.61049985886	-1
6.61049985886	-1
6.61086988449	-1
6.61086988449	-1
6.61086988449	-1
6.61086988449	-1
6.61086988449	-1
6.61086988449	-1
6.65387392044	-1
6.65397691727	-1
6.65397691727	-1
6.65397691727	-1
6.65397691727	-1
6.65397691727	-1
6.65397691727	-1
6.65397691727	-1
6.65397691727	-1
6.67973780632	-1
6.67973780632	-1
6.67973780632	-1
6.67973780632	-1
6.67973780632	-1
6.67973780632	-1
6.67973780632	-1
6.67987585068	-1
6.67987585068	-1
6.67987585068	-1
6.67987585068	-1
6.67987585068	-1
6.67987585068	-1
6.67987585068	-1
6.67987585068	-1
6.68456292152	1
6.68456292152	1
6.68457484245	-1
6.68457484245	-1
6.68457484245	-1
6.68457484245	-1
6.68457484245	-1
6.68457484245	-1
6.68457484245	-1
6.68457484245	-1
6.73009681702	-1
6.73019790649	-1
6.73019790649	-1
6.73019790649	-1
6.73019790649	-1
6.73019790649	-1
6.73019790649	-1
6.73019790649	-1
6.73019790649	-1
6.73056697845	-1
6.73056697845	-1
6.73056697845	-1
6.73056697845	-1
6.73056697845	-1
6.73056697845	-1
6.73056697845	-1
6.73085284233	-1
6.73085284233	-1
6.73085284233	-1
6.73085284233	-1
6.73085284233	-1
6.73085284233	-1
6.73085284233	-1
6.73085284233	-1
6.73119282722	-1
6.73119282722	-1
6.73119282722	-1
6.73119282722	-1
6.73119282722	-1
6.73119282722	-1
6.73119282722	-1
6.73119282722	-1
6.75931501389	1
6.76689386368	-1
6.76689386368	-1
6.76689386368	-1
6.76689386368	-1
6.76689386368	-1
6.76689386368	-1
6.76689386368	-1
6.76689386368	-1
6.76689386368	-1
6.76724290848	-1
6.76724290848	-1
6.76724290848	-1
6.76724290848	-1
6.76724290848	-1
6.76724290848	-1
6.76724290848	-1
6.76750993729	-1
6.76750993729	-1
6.76750993729	-1
6.76750993729	-1
6.76750993729	-1
6.76750993729	-1
6.76750993729	-1
6.76750993729	-1
6.80650687218	-1
6.80650687218	-1
6.80650687218	-1
6.80650687218	-1
6.80650687218	-1
6.80650687218	-1
6.80650687218	-1
6.80650687218	-1
6.82501482964	-1
6.82506585121	-1
6.82506585121	-1
6.82506585121	-1
6.82506585121	-1
6.82506585121	-1
6.82506585121	-1
6.82506585121	-1
6.82506585121	-1
6.83402490616	1
6.83402490616	1
6.8516228199	-1
6.8516228199	-1
6.8516228199	-1
6.8516228199	-1
6.8516228199	-1
6.8516228199	-1
6.8516228199	-1
6.85202598572	-1
6.85214781761	-1
6.85214781761	-1
6.85214781761	-1
6.85214781761	-1
6.85214781761	-1
6.85214781761	-1
6.85214781761	-1
6.85214781761	-1
6.85239291191	-1
6.85239291191	-1
6.85239291191	-1
6.85239291191	-1
6.85239291191	-1
6.85239291191	-1
6.85239291191	-1
6.90225791931	-1
6.90225791931	-1
6.90225791931	-1
6.90225791931	-1
6.90225791931	-1
6.90225791931	-1
6.90225791931	-1
6.90225791931	-1
6.90225791931	-1
6.90262794495	-1
6.90281200409	-1
6.90281200409	-1
6.90281200409	-1
6.90281200409	-1
6.90281200409	-1
6.90281200409	-1
6.90281200409	-1
6.90281200409	-1
6.90318393707	-1
6.90318393707	-1
6.90318393707	-1
6.90318393707	-1
6.90318393707	-1
6.90318393707	-1
7.10946393013	-1
7.10964894295	-1
7.10964894295	-1
7.10964894295	-1
7.10964894295	-1
7.10964894295	-1
7.10964894295	-1
7.10964894295	-1
7.10982179642	-1
7.10982179642	-1
7.10982179642	-1
7.10982179642	-1
7.10982179642	-1
7.10982179642	-1
7.10982179642	-1
7.10982179642	-1
7.10982179642	-1
7.11026000977	-1
7.11026000977	-1
7.11026000977	-1
7.11026000977	-1
7.11026000977	-1
7.11026000977	-1
7.11026000977	-1
7.11059880257	-1
7.11059880257	-1
7.11059880257	-1
7.11059880257	-1
7.11059880257	-1
7.11059880257	-1
7.11059880257	-1
7.11059880257	-1
7.11099982262	-1
7.11099982262	-1
7.11099982262	-1
7.11099982262	-1
7.11099982262	-1
7.11099982262	-1
7.11099982262	-1
7.11099982262	-1
7.1113679409	-1
7.1113679409	-1
7.1113679409	-1
7.1113679409	-1
7.1113679409	-1
7.1113679409	-1
7.1113679409	-1
7.1113679409	-1
7.11173796654	-1
7.11173796654	-1
7.11173796654	-1
7.11173796654	-1
7.11173796654	-1
7.11173796654	-1
7.11173796654	-1
7.11173796654	-1
7.11386084557	1
7.18455290794	-1
7.18455290794	-1
7.18455290794	-1
7.18455290794	-1
7.18455290794	-1
7.18455290794	-1
7.18455290794	-1
7.18455290794	-1
7.1848449707	-1
7.1848449707	-1
7.1848449707	-1
7.1848449707	-1
7.1848449707	-1
7.1848449707	-1
7.1848449707	-1
7.1848449707	-1
7.18523383141	-1
7.18523383141	-1
7.18523383141	-1
7.18523383141	-1
7.18523383141	-1
7.18523383141	-1
7.18523383141	-1
7.18523383141	-1
7.18560886383	-1
7.18560886383	-1
7.18560886383	-1
7.18560886383	-1
7.18560886383	-1
7.18560886383	-1
7.18560886383	-1
7.18560886383	-1
7.18597078323	-1
7.18597078323	-1
7.18597078323	-1
7.18597078323	-1
7.18597078323	-1
7.18597078323	-1
7.18597078323	-1
7.18597078323	-1
7.18623685837	-1
7.18623685837	-1
7.18623685837	-1
7.18623685837	-1
7.18623685837	-1
7.18623685837	-1
7.18623685837	-1
7.18623685837	-1
7.22899794579	1
7.28159189224	-1
7.28159189224	-1
7.28159189224	-1
7.28159189224	-1
7.28159189224	-1
7.28159189224	-1
7.28159189224	-1
7.28159189224	-1
7.28159189224	-1
7.28203201294	-1
7.28203201294	-1
7.28203201294	-1
7.28203201294	-1
7.28203201294	-1
7.28203201294	-1
7.28203201294	-1
7.28203201294	-1
7.28203201294	-1
7.28239989281	-1
7.28239989281	-1
7.28239989281	-1
7.28239989281	-1
7.28239989281	-1
7.28239989281	-1
7.28264498711	-1
7.28264498711	-1
7.28264498711	-1
7.28264498711	-1
7.28264498711	-1
7.28264498711	-1
7.28264498711	-1
7.28264498711	-1
7.28300189972	-1
7.28300189972	-1
7.28300189972	-1
7.28300189972	-1
7.28300189972	-1
7.28300189972	-1
7.28300189972	-1
7.28300189972	-1
7.28338384628	-1
7.2835059166	-1
7.2835059166	-1
7.2835059166	-1
7.2835059166	-1
7.2835059166	-1
7.2835059166	-1
7.2835059166	-1
7.28375291824	-1
7.28375291824	-1
7.28375291824	-1
7.28375291824	-1
7.28375291824	-1
7.28375291824	-1
7.28375291824	-1
7.28375291824	-1
7.28610396385	1
7.28610396385	1
7.28610396385	1
7.33527994156	-1
7.33527994156	-1
7.33527994156	-1
7.33527994156	-1
7.33527994156	-1
7.33527994156	-1
7.33527994156	-1
7.33527994156	-1
7.35815382004	-1
7.35815382004	-1
7.35815382004	-1
7.35815382004	-1
7.35815382004	-1
7.35815382004	-1
7.35815382004	-1
7.35815382004	-1
7.35850286484	-1
7.35850286484	-1
7.35850286484	-1
7.35850286484	-1
7.35850286484	-1
7.35850286484	-1
7.35850286484	-1
7.35850286484	-1
7.45787596703	-1
7.45787596703	-1
7.45787596703	-1
7.45787596703	-1
7.45787596703	-1
7.45787596703	-1
7.45787596703	-1
7.45787596703	-1
7.45787596703	-1
7.45823287964	-1
7.45823287964	-1
7.45823287964	-1
7.45823287964	-1
7.45823287964	-1
7.45823287964	-1
7.45823287964	-1
7.4584980011	-1
7.4584980011	-1
7.4584980011	-1
7.4584980011	-1
7.4584980011	-1
7.4584980011	-1
7.4584980011	-1
7.4584980011	-1
7.45890784264	-1
7.45929694176	-1
7.45929694176	-1
7.45929694176	-1
7.45929694176	-1
7.45929694176	-1
7.45929694176	-1
7.45929694176	-1
7.45974683762	-1
7.45974683762	-1
7.45974683762	-1
7.45974683762	-1
7.45974683762	-1
7.45974683762	-1
7.45974683762	-1
7.45974683762	-1
7.46011590958	-1
7.46011590958	-1
7.46011590958	-1
7.46011590958	-1
7.46011590958	-1
7.46011590958	-1
7.46011590958	-1
7.46011590958	-1
7.46048593521	-1
7.46048593521	-1
7.46048593521	-1
7.46048593521	-1
7.46048593521	-1
7.46048593521	-1
7.46048593521	-1
7.46048593521	-1
7.46384978294	1
7.47522592545	1
7.47522592545	1
7.47522592545	1
7.47522592545	1
7.53279280663	-1
7.53279280663	-1
7.53279280663	-1
7.53279280663	-1
7.53279280663	-1
7.53279280663	-1
7.53279280663	-1
7.53279280663	-1
7.53279280663	-1
7.53314495087	-1
7.53314495087	-1
7.53314495087	-1
7.53314495087	-1
7.53314495087	-1
7.53314495087	-1
7.53314495087	-1
7.53314495087	-1
7.53351283073	-1
7.53351283073	-1
7.53351283073	-1
7.53351283073	-1
7.53351283073	-1
7.53351283073	-1
7.53351283073	-1
7.53351283073	-1
7.53388190269	-1
7.53388190269	-1
7.53388190269	-1
7.53388190269	-1
7.53388190269	-1
7.53388190269	-1
7.53388190269	-1
7.53388190269	-1
7.53585982323	1
7.53585982323	1
7.62519288063	-1
7.62519288063	-1
7.62519288063	-1
7.62519288063	-1
7.62519288063	-1
7.62519288063	-1
7.62519288063	-1
7.62542295456	-1
7.62554883957	-1
7.62554883957	-1
7.62554883957	-1
7.62554883957	-1
7.62554883957	-1
7.62554883957	-1
7.62554883957	-1
7.62578892708	-1
7.62578892708	-1
7.62578892708	-1
7.62578892708	-1
7.62578892708	-1
7.62578892708	-1
7.62578892708	-1
7.62578892708	-1
7.62615799904	-1
7.62615799904	-1
7.62615799904	-1
7.62615799904	-1
7.62615799904	-1
7.62615799904	-1
7.62615799904	-1
7.62615799904	-1
7.62615799904	-1
7.62645697594	-1
7.62665200233	-1
7.62665200233	-1
7.62665200233	-1
7.62665200233	-1
7.62665200233	-1
7.62665200233	-1
7.62665200233	-1
7.62665200233	-1
7.62704086304	-1
7.62704086304	-1
7.62704086304	-1
7.62704086304	-1
7.62704086304	-1
7.62704086304	-1
7.62718701363	-1
7.62718701363	-1
7.62718701363	-1
7.62718701363	-1
7.62718701363	-1
7.62718701363	-1
7.62718701363	-1
7.62718701363	-1
7.62756490707	-1
7.62756490707	-1
7.62756490707	-1
7.62756490707	-1
7.62756490707	-1
7.62756490707	-1
7.62756490707	-1
7.62756490707	-1
7.62951993942	1
7.70015788078	-1
7.70015788078	-1
7.70015788078	-1
7.70015788078	-1
7.70015788078	-1
7.70015788078	-1
7.70015788078	-1
7.70015788078	-1
7.70015788078	-1
7.70051693916	-1
7.70051693916	-1
7.70051693916	-1
7.70051693916	-1
7.70051693916	-1
7.70051693916	-1
7.70051693916	-1
7.70051693916	-1
7.70080900192	-1
7.70080900192	-1
7.70080900192	-1
7.70080900192	-1
7.70080900192	-1
7.70080900192	-1
7.74410581589	1
7.79769182205	-1
7.79769182205	-1
7.79769182205	-1
7.79769182205	-1
7.79769182205	-1
7.79769182205	-1
7.79769182205	-1
7.79769182205	-1
7.79769182205	-1
7.79805183411	-1
7.79805183411	-1
7.79805183411	-1
7.79805183411	-1
7.79805183411	-1
7.79805183411	-1
7.79805183411	-1
7.79831886292	-1
7.79831886292	-1
7.79831886292	-1
7.79831886292	-1
7.79831886292	-1
7.79831886292	-1
7.79831886292	-1
7.79831886292	-1
7.79868578911	-1
7.79868578911	-1
7.79868578911	-1
7.79868578911	-1
7.79868578911	-1
7.79868578911	-1
7.79868578911	-1
7.79868578911	-1
7.79905486107	-1
7.79905486107	-1
7.79905486107	-1
7.79905486107	-1
7.79905486107	-1
7.79905486107	-1
7.79905486107	-1
7.79905486107	-1
7.79942297935	-1
7.79956579208	-1
7.79956579208	-1
7.79956579208	-1
7.79956579208	-1
7.79956579208	-1
7.79956579208	-1
7.79956579208	-1
7.79977893829	-1
7.79977893829	-1
7.79977893829	-1
7.79977893829	-1
7.79977893829	-1
7.79977893829	-1
7.79977893829	-1
7.79977893829	-1
7.80018091202	-1
7.80018091202	-1
7.80018091202	-1
7.80018091202	-1
7.80018091202	-1
7.80018091202	-1
7.80018091202	-1
7.80018091202	-1
7.84947991371	1
7.87274885178	-1
7.87274885178	-1
7.87274885178	-1
7.87274885178	-1
7.87274885178	-1
7.87274885178	-1
7.87274885178	-1
7.87274885178	-1
7.87290978432	-1
7.87290978432	-1
7.87290978432	-1
7.87290978432	-1
7.87290978432	-1
7.87290978432	-1
7.87290978432	-1
7.87290978432	-1
7.87335181236	-1
7.87335181236	-1
7.87335181236	-1
7.87335181236	-1
7.87335181236	-1
7.87335181236	-1
7.87335181236	-1
7.87335181236	-1
7.92420196533	1
7.96907281876	-1
7.96907281876	-1
7.96907281876	-1
7.96907281876	-1
7.96907281876	-1
7.96907281876	-1
7.96907281876	-1
7.96907281876	-1
7.96907281876	-1
7.96942090988	-1
7.96942090988	-1
7.96942090988	-1
7.96942090988	-1
7.96942090988	-1
7.96942090988	-1
7.96942090988	-1
7.9696688652	-1
7.96978998184	-1
7.96978998184	-1
7.96978998184	-1
7.96978998184	-1
7.96978998184	-1
7.96978998184	-1
7.96978998184	-1
7.97003698349	-1
7.97003698349	-1
7.97003698349	-1
7.97003698349	-1
7.97003698349	-1
7.97003698349	-1
7.97003698349	-1
7.97003698349	-1
7.97040486336	-1
7.97040486336	-1
7.97040486336	-1
7.97040486336	-1
7.97040486336	-1
7.97040486336	-1
7.97040486336	-1
7.97040486336	-1
7.97079396248	-1
7.97079396248	-1
7.97079396248	-1
7.97079396248	-1
7.97079396248	-1
7.97079396248	-1
7.97079396248	-1
7.97079396248	-1
7.97116279602	-1
7.97116279602	-1
7.97128486633	-1
7.97128486633	-1
7.97128486633	-1
7.97128486633	-1
7.97128486633	-1
7.97128486633	-1
7.97128486633	-1
7.97128486633	-1
7.97165489197	-1
7.97165489197	-1
7.97165489197	-1
7.97165489197	-1
7.97165489197	-1
7.97165489197	-1
7.99884486198	1
8.1132068634	1
8.13961791992	-1
8.13978481293	-1
8.13978481293	-1
8.13978481293	-1
8.13978481293	-1
8.13978481293	-1
8.13978481293	-1
8.13978481293	-1
8.14093399048	-1
8.14093399048	-1
8.14093399048	-1
8.14093399048	-1
8.14093399048	-1
8.14093399048	-1
8.14093399048	-1
8.14093399048	-1
8.14093399048	-1
8.14129900932	-1
8.14129900932	-1
8.14129900932	-1
8.14129900932	-1
8.14129900932	-1
8.14129900932	-1
8.14129900932	-1
8.14166784286	-1
8.14166784286	-1
8.14166784286	-1
8.14166784286	-1
8.14166784286	-1
8.14166784286	-1
8.14166784286	-1
8.14166784286	-1
8.14198184013	-1
8.14198184013	-1
8.14198184013	-1
8.14198184013	-1
8.14198184013	-1
8.14198184013	-1
8.14198184013	-1
8.14198184013	-1
8.14240694046	-1
8.14240694046	-1
8.14240694046	-1
8.14240694046	-1
8.14240694046	-1
8.14240694046	-1
8.14240694046	-1
8.14240694046	-1
8.14240694046	-1
8.14272379875	-1
8.14272379875	-1
8.14272379875	-1
8.14272379875	-1
8.14272379875	-1
8.14272379875	-1
8.14272379875	-1
8.14314293861	-1
8.14314293861	-1
8.14314293861	-1
8.14314293861	-1
8.14314293861	-1
8.14314293861	-1
8.14314293861	-1
8.14314293861	-1
8.21434092522	1
8.21434092522	1
8.21555900574	-1
8.21555900574	-1
8.21555900574	-1
8.21555900574	-1
8.21555900574	-1
8.21555900574	-1
8.21555900574	-1
8.21555900574	-1
8.2162759304	-1
8.2162759304	-1
8.2162759304	-1
8.2162759304	-1
8.2162759304	-1
8.2162759304	-1
8.2162759304	-1
8.2162759304	-1
8.21663498878	-1
8.21663498878	-1
8.21663498878	-1
8.21663498878	-1
8.21663498878	-1
8.21663498878	-1
8.21663498878	-1
8.21663498878	-1
8.21700286865	-1
8.21700286865	-1
8.21700286865	-1
8.21700286865	-1
8.21700286865	-1
8.21700286865	-1
8.21700286865	-1
8.21700286865	-1
8.29050087929	1
8.31188893318	-1
8.31188893318	-1
8.31188893318	-1
8.31188893318	-1
8.31188893318	-1
8.31188893318	-1
8.31188893318	-1
8.31188893318	-1
8.31277084351	-1
8.31297183037	-1
8.31297183037	-1
8.31297183037	-1
8.31297183037	-1
8.31297183037	-1
8.31297183037	-1
8.31297183037	-1
8.31297183037	-1
8.31336092949	-1
8.31336092949	-1
8.31336092949	-1
8.31336092949	-1
8.31336092949	-1
8.31336092949	-1
8.31336092949	-1
8.3148868084	-1
8.3148868084	-1
8.3148868084	-1
8.3148868084	-1
8.3148868084	-1
8.3148868084	-1
8.3148868084	-1
8.3148868084	-1
8.31557393074	-1
8.31557393074	-1
8.31557393074	-1
8.31557393074	-1
8.31557393074	-1
8.31557393074	-1
8.31557393074	-1
8.31557393074	-1
8.3160238266	-1
8.3160238266	-1
8.3160238266	-1
8.3160238266	-1
8.3160238266	-1
8.3160238266	-1
8.3160238266	-1
8.3160238266	-1
8.31886601448	-1
8.31897187233	-1
8.31897187233	-1
8.31897187233	-1
8.31897187233	-1
8.31897187233	-1
8.31897187233	-1
8.31897187233	-1
8.31936001778	-1
8.31936001778	-1
8.31936001778	-1
8.31936001778	-1
8.31936001778	-1
8.31936001778	-1
8.31936001778	-1
8.31936001778	-1
8.36511492729	1
8.36511492729	1
8.40308094025	1
8.40308094025	1
8.40308094025	1
8.40380883217	1
8.40380883217	1
8.47769093513	1
8.47769093513	1
8.49025893211	-1
8.60114383698	1
8.60114383698	1
8.60237979889	-1
8.60237979889	-1
8.80166578293	1
8.88556981087	-1
8.9404938221	-1
8.9404938221	-1
8.9404938221	-1
8.9404938221	-1
8.9404938221	-1
8.94279694557	1
8.94297790527	1
8.94297790527	1
8.94297790527	1
8.94297790527	1
8.94297790527	1
8.94297790527	1
8.94416689873	-1
8.9474298954	1
8.9474298954	1
8.9474298954	1
8.9474298954	1
8.9474298954	1
8.9474298954	1
8.9474298954	1
8.9474298954	1
8.9474298954	1
8.94754600525	1
8.94754600525	1
8.94754600525	1
8.96018791199	-1
8.97916078568	-1
8.97916078568	-1
8.97916078568	-1
8.97940778732	-1
8.97940778732	-1
8.97940778732	-1
8.97940778732	-1
8.97940778732	-1
8.97940778732	-1
9.01925992966	-1
9.01925992966	-1
9.01925992966	-1
9.01925992966	-1
9.01925992966	-1
9.01925992966	-1
9.01925992966	-1
9.01925992966	-1
9.0200548172	-1
9.0200548172	-1
9.0200548172	-1
9.0200548172	-1
9.0200548172	-1
9.0200548172	-1
9.0200548172	-1
9.02075791359	-1
9.0212469101	-1
9.0212469101	-1
9.0212469101	-1
9.0212469101	-1
9.0212469101	-1
9.0212469101	-1
9.0212469101	-1
9.02171993256	-1
9.09502696991	-1
9.09502696991	-1
9.09502696991	-1
9.09502696991	-1
9.09502696991	-1
9.09502696991	-1
9.09502696991	-1
9.09502696991	-1
9.095058918	1
9.11384701729	-1
9.1138958931	-1
9.1138958931	-1
9.1138958931	-1
9.1138958931	-1
9.1138958931	-1
9.1138958931	-1
9.1138958931	-1
9.1138958931	-1
9.11432099342	-1
9.11432099342	-1
9.11432099342	-1
9.11432099342	-1
9.11444497108	-1
9.14873600006	-1
9.14873600006	-1
9.14873600006	-1
9.14873600006	-1
9.14873600006	-1
9.14873600006	-1
9.14873600006	-1
9.14873600006	-1
9.14873600006	-1
9.14873600006	-1
9.16984200478	1
9.16984200478	1
9.18163180351	-1
9.18163180351	-1
9.18163180351	-1
9.18163180351	-1
9.18163180351	-1
9.18163180351	-1
9.18163180351	-1
9.18163180351	-1
9.18163180351	-1
9.18198084831	-1
9.18198084831	-1
9.18214583397	-1
9.18214583397	-1
9.18214583397	-1
9.18214583397	-1
9.18214583397	-1
9.18214583397	-1
9.18214583397	-1
9.18863582611	-1
9.22135400772	1
9.22135400772	1
9.22135400772	1
9.24446678162	1
9.31921887398	1
9.39055395126	-1
9.43723082542	1
9.50237679482	-1
9.50237679482	-1
9.55135393143	-1
9.55135393143	-1
9.55135393143	-1
9.55145788193	-1
9.55145788193	-1
9.55218887329	1
9.56251382828	-1
9.56251382828	-1
9.56251382828	-1
9.56301999092	-1
9.56301999092	-1
9.56329393387	-1
9.56329393387	-1
9.56329393387	-1
9.56329393387	-1
9.56329393387	-1
9.56329393387	-1
9.56329393387	-1
9.57686090469	-1
9.57697486877	-1
9.57697486877	-1
9.57697486877	-1
9.57697486877	-1
9.57697486877	-1
9.57697486877	-1
9.57697486877	-1
9.57722187042	-1
9.57722187042	-1
9.57722187042	-1
9.57722187042	-1
9.57722187042	-1
9.57722187042	-1
9.57722187042	-1
9.5945649147	-1
9.5945649147	-1
9.5945649147	-1
9.5945649147	-1
9.5945649147	-1
9.5945649147	-1
9.5945649147	-1
9.5945649147	-1
9.5945649147	-1
9.59532785416	-1
9.59532785416	-1
9.59532785416	-1
9.59532785416	-1
9.59532785416	-1
9.59532785416	-1
9.59532785416	-1
9.59532785416	-1
9.62610197067	-1
9.62610197067	-1
9.62610197067	-1
9.62610197067	-1
9.62610197067	-1
9.62610197067	-1
9.62610197067	-1
9.62610197067	-1
9.62610197067	-1
9.63765597343	-1
9.63765597343	-1
9.63765597343	-1
9.63765597343	-1
9.63765597343	-1
9.6376888752	1
9.63787794113	-1
9.63787794113	-1
9.63787794113	-1
9.63787794113	-1
9.63787794113	-1
9.63787794113	-1
9.63787794113	-1
9.63787794113	-1
9.63787794113	-1
9.6846909523	-1
9.6846909523	-1
9.6846909523	-1
9.6846909523	-1
9.6846909523	-1
9.6846909523	-1
9.6846909523	-1
9.6846909523	-1
9.72394585609	-1
9.72398090363	1
9.73387384415	-1
9.73387384415	-1
9.73387384415	-1
9.73387384415	-1
9.73387384415	-1
9.73387384415	-1
9.73387384415	-1
9.73480582237	-1
9.73492693901	-1
9.73492693901	-1
9.73492693901	-1
9.73492693901	-1
9.73492693901	-1
9.73492693901	-1
9.73517179489	-1
9.73517179489	-1
9.73517179489	-1
9.73517179489	-1
9.73517179489	-1
9.73517179489	-1
9.73517179489	-1
9.73517179489	-1
9.7485499382	-1
9.7485499382	-1
9.7485499382	-1
9.7485499382	-1
9.7485499382	-1
9.7485499382	-1
9.7485499382	-1
9.7485499382	-1
9.7485499382	-1
9.74890899658	-1
9.74890899658	-1
9.74890899658	-1
9.74890899658	-1
9.74890899658	-1
9.74890899658	-1
9.76611495018	-1
9.76611495018	-1
9.76611495018	-1
9.76611495018	-1
9.76611495018	-1
9.76611495018	-1
9.76611495018	-1
9.76611495018	-1
9.76670789719	-1
9.76684784889	-1
9.76684784889	-1
9.76684784889	-1
9.76684784889	-1
9.76684784889	-1
9.76684784889	-1
9.76684784889	-1
9.76684784889	-1
9.76760792732	-1
9.76760792732	-1
9.76760792732	-1
9.76760792732	-1
9.76760792732	-1
9.76760792732	-1
9.76760792732	-1
9.77308392525	1
9.77308392525	1
9.77308392525	1
9.79883599281	-1
9.79883599281	-1
9.79883599281	-1
9.79883599281	-1
9.79883599281	-1
9.79883599281	-1
9.79883599281	-1
9.79883599281	-1
9.80979394913	-1
9.80993485451	-1
9.80993485451	-1
9.80993485451	-1
9.80993485451	-1
9.80993485451	-1
9.80993485451	-1
9.80993485451	-1
9.85454893112	-1
9.85454893112	-1
9.85454893112	-1
9.85454893112	-1
9.85454893112	-1
9.85454893112	-1
9.85454893112	-1
9.85454893112	-1
9.89447689056	-1
9.89450001717	1
9.89451694489	-1
9.89451694489	-1
9.89451694489	-1
9.89451694489	-1
9.89451694489	-1
9.89451694489	-1
9.89451694489	-1
9.90692996979	-1
9.90704488754	-1
9.90704488754	-1
9.90704488754	-1
9.90704488754	-1
9.90704488754	-1
9.90704488754	-1
9.90704488754	-1
9.90745592117	-1
9.90757679939	-1
9.90757679939	-1
9.90757679939	-1
9.90757679939	-1
9.90757679939	-1
9.90757679939	-1
9.90757679939	-1
9.90757679939	-1
9.90794801712	-1
9.90794801712	-1
9.90794801712	-1
9.92202401161	-1
9.92202401161	-1
9.92202401161	-1
9.92202401161	-1
9.92202401161	-1
9.94893479347	1
9.94893479347	1
9.94893479347	1
9.97467589378	1
9.97467589378	1
9.97519397736	1
9.97519397736	1
9.97519397736	1
10.0133109093	1
10.0133109093	1
10.079944849	-1
10.0801568031	-1
10.0801568031	-1
10.0801568031	-1
10.0801568031	-1
10.1462328434	1
10.1462328434	1
10.220790863	1
10.2437009811	-1
10.2437009811	-1
10.2437009811	-1
10.2437009811	-1
10.2437009811	-1
10.2437009811	-1
10.2437009811	-1
10.2437009811	-1
10.2437009811	-1
10.2437009811	-1
10.258482933	-1
10.2585380077	-1
10.2585380077	-1
10.2585380077	-1
10.2585380077	-1
10.2585380077	-1
10.2585380077	-1
10.2585380077	-1
10.260024786	-1
10.2601408958	-1
10.2601408958	-1
10.2601408958	-1
10.2601408958	-1
10.2601408958	-1
10.2601408958	-1
10.2601408958	-1
10.3329730034	1
10.3329730034	1
10.4483809471	-1
10.4501709938	1
10.4810509682	1
10.4810509682	1
10.4810509682	1
10.5232110023	-1
10.5245699883	1
10.5245699883	1
10.5993888378	1
10.622220993	-1
10.6228690147	-1
10.6228690147	-1
10.6228690147	-1
10.6229698658	-1
10.6229698658	-1
10.6229698658	-1
10.6229698658	-1
10.6229698658	-1
10.6229698658	-1
10.6229698658	-1
10.6229698658	-1
10.6233608723	-1
10.6233608723	-1
10.6233608723	-1
10.6233608723	-1
10.6233608723	-1
10.6443808079	-1
10.6444327831	-1
10.6444327831	-1
10.6444327831	-1
10.6444327831	-1
10.6444327831	-1
10.6444327831	-1
10.6444327831	-1
10.6556859016	-1
10.6975769997	-1
10.6975769997	-1
10.6975769997	-1
10.6975769997	-1
10.6975769997	-1
10.6975769997	-1
10.6975769997	-1
10.6976149082	1
10.7746939659	-1
10.7752599716	-1
10.7752599716	-1
10.7752599716	-1
10.7752599716	-1
10.7752599716	-1
10.7752599716	-1
10.7752599716	-1
10.7752599716	-1
10.7755029202	-1
10.7755029202	-1
10.7755029202	-1
10.7755029202	-1
10.7755029202	-1
10.7755029202	-1
10.7755029202	-1
10.776640892	1
10.8088779449	-1
10.8088779449	-1
10.8088779449	-1
10.8088779449	-1
10.8088779449	-1
10.8088779449	-1
10.8088779449	-1
10.8088779449	-1
10.8092308044	-1
10.8092308044	-1
10.8092308044	-1
10.8092308044	-1
10.8092308044	-1
10.8092308044	-1
10.8092308044	-1
10.8092308044	-1
10.8498048782	-1
10.8790178299	1
10.8790178299	1
10.8790178299	1
10.8861927986	-1
10.8861927986	-1
10.8861927986	-1
10.8861927986	-1
10.8861927986	-1
10.8861927986	-1
10.8861927986	-1
10.8861927986	-1
10.8862309456	1
10.9296469688	-1
10.9296469688	-1
10.9296469688	-1
10.9296469688	-1
10.9296469688	-1
10.9296469688	-1
10.9296469688	-1
10.9296469688	-1
10.9299578667	-1
10.9302248955	-1
10.9302248955	-1
10.9302248955	-1
10.9302248955	-1
10.9302248955	-1
10.9302248955	-1
10.9302248955	-1
10.9304759502	-1
10.9305570126	-1
10.9305570126	-1
10.9305570126	-1
10.9305570126	-1
10.9305570126	-1
10.9305570126	-1
10.9655678272	-1
10.9655678272	-1
10.9655678272	-1
10.9655678272	-1
10.9655678272	-1
10.9655678272	-1
10.9655678272	-1
10.9655678272	-1
10.9657948017	-1
10.9670197964	1
11.0155589581	-1
11.0155589581	-1
11.0155589581	-1
11.0155589581	-1
11.0155589581	-1
11.0155589581	-1
11.0155589581	-1
11.0155589581	-1
11.025138855	-1
11.025138855	-1
11.025138855	-1
11.025138855	-1
11.025138855	-1
11.025138855	-1
11.025138855	-1
11.025138855	-1
11.0258150101	-1
11.0258150101	-1
11.0258150101	-1
11.0258150101	-1
11.0258150101	-1
11.0258150101	-1
11.0258150101	-1
11.049161911	-1
11.049161911	-1
11.049161911	-1
11.049161911	-1
11.049161911	-1
11.049161911	-1
11.049161911	-1
11.049161911	-1
11.0493879318	-1
11.141685009	-1
11.141685009	-1
11.141685009	-1
11.141685009	-1
11.141685009	-1
11.141685009	-1
11.141685009	-1
11.141685009	-1
11.1532149315	-1
11.1532649994	-1
11.1532649994	-1
11.1532649994	-1
11.1532649994	-1
11.1532649994	-1
11.1532649994	-1
11.1532649994	-1
11.1546449661	1
11.1707019806	-1
11.1708278656	-1
11.1708278656	-1
11.1708278656	-1
11.1708278656	-1
11.1708278656	-1
11.1708278656	-1
11.1708278656	-1
11.1708278656	-1
11.2180998325	1
11.2180998325	1
11.2180998325	1
11.262116909	1
11.262116909	1
11.3418638706	-1
11.419934988	1
11.4542899132	-1
11.4944589138	1
11.5139648914	-1
11.5139648914	-1
11.5139648914	-1
11.5664718151	-1
11.5664718151	-1
11.5782058239	1
11.5782058239	1
11.5782058239	1
11.6552679539	-1
11.6861479282	-1
11.6861479282	-1
11.6861479282	-1
11.6861479282	-1
11.7708690166	1
11.8575959206	-1
11.8576300144	1
11.8576300144	1
11.9326519966	-1
12.145198822	-1
12.2584447861	-1
12.3438088894	-1
12.3438088894	-1
12.3438088894	-1
12.3438088894	-1
12.3707737923	-1
12.3707737923	-1
12.3707737923	-1
12.386548996	1
12.4189448357	1
12.4189448357	1
12.4189448357	1
12.4935948849	1
12.5655219555	-1
12.6703720093	-1
12.6703720093	-1
12.6703720093	-1
12.6703720093	-1
12.6703720093	-1
12.6703720093	-1
12.6703720093	-1
12.6705548763	-1
12.6707239151	-1
12.6707239151	-1
12.6707239151	-1
12.6707239151	-1
12.6707239151	-1
12.6707239151	-1
12.6707239151	-1
12.7040019035	-1
12.7040019035	-1
12.7040019035	-1
12.7040019035	-1
12.7040019035	-1
12.7040019035	-1
12.7040019035	-1
12.7040019035	-1
12.7040019035	-1
12.7372348309	-1
12.7372348309	-1
12.7372348309	-1
12.7372348309	-1
12.7372348309	-1
12.7372348309	-1
12.7372348309	-1
12.7742269039	-1
12.7742269039	-1
12.7742269039	-1
12.7742269039	-1
12.7742269039	-1
12.7742269039	-1
12.7742269039	-1
12.7742269039	-1
12.7745709419	-1
12.7745709419	-1
12.7745709419	-1
12.7745709419	-1
12.7745709419	-1
12.7745709419	-1
12.7745709419	-1
12.8067688942	1
12.8078579903	-1
12.8078579903	-1
12.8078579903	-1
12.8078579903	-1
12.8078579903	-1
12.8078579903	-1
12.8078579903	-1
12.8078579903	-1
12.8078579903	-1
12.8779509068	-1
12.8779509068	-1
12.8779509068	-1
12.8779509068	-1
12.8779509068	-1
12.8779509068	-1
12.8779509068	-1
12.8779509068	-1
12.8783109188	-1
12.8783109188	-1
12.8783109188	-1
12.8783109188	-1
12.8783109188	-1
12.8783109188	-1
12.8783109188	-1
12.8783109188	-1
12.8786787987	-1
12.8786787987	-1
12.8786787987	-1
12.8786787987	-1
12.8786787987	-1
12.8786787987	-1
12.8786787987	-1
12.8812208176	1
12.8943769932	-1
12.8943769932	-1
12.8943769932	-1
12.8943769932	-1
12.8943769932	-1
12.8943769932	-1
12.8943769932	-1
12.8943769932	-1
12.8945958614	-1
12.908949852	-1
12.908949852	-1
12.9951019287	1
12.9951019287	1
13.0797798634	-1
13.1785078049	-1
13.2908937931	-1
13.2911059856	-1
13.2911059856	-1
13.2911059856	-1
13.3667118549	-1
13.4241228104	-1
13.4241228104	-1
13.4241228104	-1
13.4241228104	-1
13.4242389202	-1
13.4242389202	-1
13.4242389202	-1
13.4242389202	-1
13.4242389202	-1
13.4242389202	-1
13.4242389202	-1
13.4572248459	-1
13.4572248459	-1
13.4572248459	-1
13.4572248459	-1
13.4572248459	-1
13.4572248459	-1
13.4629158974	-1
13.4629158974	-1
13.4809110165	1
13.4880058765	1
13.4880058765	1
13.4880058765	1
13.4880058765	1
13.5908379555	-1
13.5908379555	-1
13.5908379555	-1
13.5909519196	-1
13.5909519196	-1
13.5909519196	-1
13.634652853	-1
13.634652853	-1
13.634652853	-1
13.8200228214	-1
13.8947408199	-1
14.0490908623	-1
14.0490908623	-1
14.0490908623	-1
14.049202919	-1
14.049202919	-1
14.049202919	-1
14.049202919	-1
14.049202919	-1
14.049202919	-1
14.049202919	-1
14.0494480133	-1
14.0494480133	-1
14.0494480133	-1
14.0494480133	-1
14.0494480133	-1
14.0494480133	-1
14.0494480133	-1
14.0815019608	-1
14.0815019608	-1
14.0815019608	-1
14.0815019608	-1
14.0815019608	-1
14.0815019608	-1
14.0815019608	-1
14.0815019608	-1
14.0817379951	-1
14.0844910145	-1
14.0844910145	-1
14.0844910145	-1
14.0844910145	-1
14.0844910145	-1
14.0844910145	-1
14.0844910145	-1
14.0844910145	-1
14.0848498344	-1
14.0848498344	-1
14.084954977	-1
14.084954977	-1
14.084954977	-1
14.084954977	-1
14.084954977	-1
14.084954977	-1
14.0852189064	-1
14.0852189064	-1
14.0852189064	-1
14.0852189064	-1
14.0852189064	-1
14.0852189064	-1
14.0852189064	-1
14.0861449242	1
14.1182439327	-1
14.1183547974	-1
14.1183547974	-1
14.1183547974	-1
14.1183547974	-1
14.1183547974	-1
14.1183547974	-1
14.1183547974	-1
14.118598938	-1
14.120775938	-1
14.120775938	-1
14.120775938	-1
14.120775938	-1
14.120775938	-1
14.120775938	-1
14.120775938	-1
14.120775938	-1
14.1280310154	-1
14.1280310154	-1
14.1280310154	-1
14.1280310154	-1
14.1280310154	-1
14.1280310154	-1
14.1280310154	-1
14.1280310154	-1
14.1280310154	-1
14.1283888817	-1
14.1283888817	-1
14.1283888817	-1
14.1283888817	-1
14.1283888817	-1
14.1283888817	-1
14.1564509869	-1
14.1564509869	-1
14.1564509869	-1
14.1564509869	-1
14.1564509869	-1
14.1564509869	-1
14.1564509869	-1
14.1564509869	-1
14.1564509869	-1
14.1621809006	1
14.1635158062	1
14.1635158062	1
14.1635158062	1
14.164744854	1
14.164744854	1
14.164744854	1
14.1952908039	1
14.1952908039	1
14.222247839	-1
14.222247839	-1
14.222247839	-1
14.222247839	-1
14.222247839	-1
14.222247839	-1
14.222247839	-1
14.222247839	-1
14.2309470177	-1
14.311205864	-1
14.311205864	-1
14.311205864	-1
14.311205864	-1
14.311205864	-1
14.311205864	-1
14.4150729179	1
14.4222598076	-1
14.4882829189	1
14.4882829189	1
14.4882829189	1
14.4882829189	1
14.4882829189	1
14.4882829189	1
14.4882829189	1
14.6161007881	-1
14.6501278877	1
14.7247309685	-1
14.7247309685	-1
14.7258708477	1
14.7549748421	-1
14.7549748421	-1
14.7549748421	-1
14.8005459309	-1
14.8005897999	1
14.8755548	-1
14.8755548	-1
14.8755698204	1
14.8755698204	1
14.9506499767	-1
14.9506499767	-1
14.9506649971	1
14.9506649971	1
15.0256648064	-1
15.0256648064	-1
15.0257029533	1
15.0257029533	1
15.140280962	1
15.2038068771	-1
15.3143508434	-1
15.3157808781	1
15.3833680153	-1
15.3833680153	-1
15.3833680153	-1
15.3834679127	-1
15.3834679127	-1
15.3834679127	-1
15.3886668682	-1
15.3886668682	-1
15.3886668682	-1
15.3886668682	-1
15.4389929771	1
15.4467878342	1
15.4467878342	1
15.4467878342	1
15.4649899006	-1
15.4649899006	-1
15.4819889069	1
15.4819889069	1
15.4819889069	1
15.4821529388	1
15.4821529388	1
15.482298851	1
15.482298851	1
15.482298851	1
15.4993128777	-1
15.4993128777	-1
15.4993128777	-1
15.4993128777	-1
15.4993128777	-1
15.4993128777	-1
15.5654788017	-1
15.5654788017	-1
15.5654788017	-1
15.572565794	1
15.572565794	1
15.572565794	1
15.6095709801	1
15.6095709801	1
15.6095709801	1
15.7379279137	-1
15.7384459972	-1
15.7384459972	-1
15.7384459972	-1
15.7384459972	-1
15.7384459972	-1
15.7661709785	-1
15.7672557831	1
15.7828578949	1
15.7828578949	1
15.7828578949	1
15.8555588722	-1
15.8555588722	-1
15.8555588722	-1
15.8555588722	-1
15.8555948734	1
15.9354188442	-1
15.9354188442	-1
15.9354188442	-1
15.9441859722	1
16.0100388527	-1
16.0255379677	1
16.0255379677	1
16.0255379677	1
16.0581200123	1
16.0581200123	1
16.1064779758	-1
16.1066718102	-1
16.1066718102	-1
16.1066718102	-1
16.1814408302	-1
16.2786560059	-1
16.2786560059	-1
16.2786560059	-1
16.3042068481	1
16.3968458176	-1
16.3968880177	1
16.4714579582	-1
16.4954469204	1
16.5706110001	-1
16.5706110001	-1
16.5706458092	1
16.5706458092	1
16.5739178658	1
16.5739178658	1
16.5739178658	1
16.5739178658	1
16.5739178658	1
16.5739178658	1
16.5739178658	1
16.5739178658	1
16.7046298981	-1
16.8183808327	-1
16.8183808327	-1
17.2445209026	-1
17.4565849304	-1
17.531088829	-1
17.6280748844	-1
17.7993369102	-1
17.8740749359	-1
17.9706339836	-1
18.1426439285	-1
18.3144519329	-1
18.3893108368	-1
18.489317894	-1
18.4901328087	-1
18.4901328087	-1
18.4901328087	-1
18.6607928276	-1
18.7906198502	-1
18.8652229309	-1
18.8652229309	-1
19.0153667927	-1
19.1138319969	-1
19.1717169285	-1
19.1717169285	-1
19.1717169285	-1
19.2340319157	1
19.3085179329	1
19.3433859348	-1
19.5111179352	1
19.511961937	1
19.511961937	1
19.511961937	1
19.5856478214	1
19.5856478214	1
19.7916779518	-1
19.9009919167	-1
19.9632999897	-1
19.9632999897	-1
19.9632999897	-1
19.9632999897	-1
19.9632999897	-1
20.1224968433	-1
20.1348249912	-1
20.1348249912	-1
20.1348249912	-1
20.1348249912	-1
20.1759939194	1
20.2714078426	-1
20.3077998161	-1
20.3077998161	-1
20.3077998161	-1
20.3207848072	1
20.4345638752	1
20.5108959675	1
20.5193958282	-1
20.6246979237	1
20.6972417831	-1
20.6994268894	1
20.9891028404	-1
20.9904489517	1
21.2023508549	-1
21.3156969547	-1
21.3580629826	1
21.4325799942	1
21.4327340126	-1
21.451654911	-1
21.451654911	-1
21.451654911	-1
21.455644846	1
21.455644846	1
21.455644846	1
21.455644846	1
21.4575119019	1
21.4575119019	1
21.4575119019	1
21.4575119019	1
21.4602899551	1
21.4602899551	1
21.4602899551	1
21.4602899551	1
21.4602899551	1
21.4619197845	1
21.4619197845	1
21.4619197845	1
21.4619197845	1
21.4619197845	1
21.4619197845	1
21.4619197845	1
21.4619197845	1
21.4620099068	1
21.5322778225	1
21.5322778225	1
21.5322778225	1
21.5322778225	1
21.5322778225	1
21.5322778225	1
21.5322778225	1
21.5322778225	1
21.535877943	1
21.535877943	1
21.535877943	1
21.535877943	1
21.535877943	1
21.535877943	1
21.617347002	-1
21.7185299397	-1
21.7185299397	-1
21.7185299397	-1
