0.0	1
0.250555038452	1
0.711361885071	-1
0.711879968643	1
1.12011694908	-1
1.12141299248	1
1.12588787079	1
1.12588787079	1
1.12588787079	1
1.12588787079	1
1.12588787079	1
1.9232070446	-1
1.92479991913	1
2.04488706589	-1
2.04582691193	1
2.12022805214	-1
2.12148690224	1
2.75605487823	-1
2.82141900063	-1
2.82141900063	-1
2.82141900063	-1
2.82141900063	-1
2.82141900063	-1
2.82141900063	-1
2.82141900063	-1
2.82141900063	-1
2.86266589165	1
2.88335108757	-1
2.88335108757	-1
2.93648695946	1
3.01064109802	-1
3.01064109802	-1
3.06161093712	-1
3.06161093712	-1
3.06161093712	-1
3.06161093712	-1
3.06161093712	-1
3.06161093712	-1
3.06161093712	-1
3.11321091652	1
3.48111891747	-1
3.4825720787	1
3.82081890106	-1
4.2269718647	-1
4.41326594353	-1
4.42080903053	1
4.4892539978	-1
4.50164103508	1
4.7517619133	1
5.26001906395	-1
5.37122797966	-1
5.39411997795	1
5.46802306175	1
5.73587489128	-1
5.92335486412	-1
5.99761295319	-1
6.07150101662	-1
6.07244491577	-1
6.07244491577	-1
6.07244491577	-1
6.07244491577	-1
6.07244491577	-1
6.07244491577	-1
6.07244491577	-1
6.14708399773	1
6.22103095055	1
6.22103095055	1
6.40276098251	-1
6.57210087776	-1
6.73312306404	-1
7.12216091156	1
7.25352692604	-1
7.40141391754	-1
7.47580099106	-1
7.55138587952	-1
7.57872200012	1
7.62529802322	-1
7.6384909153	1
7.6384909153	1
7.6384909153	1
7.65259790421	1
7.68251609802	-1
7.68251609802	-1
7.68251609802	-1
7.68261909485	-1
7.68261909485	-1
7.68261909485	-1
7.68261909485	-1
7.68261909485	-1
7.70074009895	-1
7.70074009895	-1
7.70074009895	-1
7.70074009895	-1
7.70074009895	-1
7.70074009895	-1
7.70074009895	-1
7.70074009895	-1
7.7564599514	1
7.7564599514	1
7.75839304924	-1
7.75839304924	-1
7.75839304924	-1
7.75839304924	-1
7.75839304924	-1
7.75839304924	-1
7.75839304924	-1
7.75839304924	-1
7.80612301826	-1
7.80994701385	-1
7.80994701385	-1
7.80994701385	-1
7.80994701385	-1
7.80994701385	-1
7.80994701385	-1
7.80994701385	-1
7.81410288811	-1
7.85344195366	-1
7.85344195366	-1
7.85344195366	-1
7.85344195366	-1
7.85344195366	-1
7.85344195366	-1
7.85344195366	-1
7.85344195366	-1
7.85344195366	-1
7.95121693611	-1
7.95121693611	-1
7.95121693611	-1
7.95121693611	-1
7.95121693611	-1
7.95121693611	-1
7.95121693611	-1
7.95121693611	-1
7.9721019268	1
8.04187393188	-1
8.04187393188	-1
8.04187393188	-1
8.04187393188	-1
8.04187393188	-1
8.04187393188	-1
8.04187393188	-1
8.08634495735	1
8.08634495735	1
8.10345292091	-1
8.10345292091	-1
8.10345292091	-1
8.10345292091	-1
8.10345292091	-1
8.10345292091	-1
8.10345292091	-1
8.10345292091	-1
8.11012792587	-1
8.11012792587	-1
8.11012792587	-1
8.11012792587	-1
8.11012792587	-1
8.11012792587	-1
8.11012792587	-1
8.11012792587	-1
8.1544239521	-1
8.16958594322	1
8.16958594322	1
8.17983603477	-1
8.17983603477	-1
8.17983603477	-1
8.17983603477	-1
8.17983603477	-1
8.17983603477	-1
8.17983603477	-1
8.23140287399	-1
8.23150801659	-1
8.23150801659	-1
8.23150801659	-1
8.23150801659	-1
8.23150801659	-1
8.23150801659	-1
8.23150801659	-1
8.23390007019	-1
8.23390007019	-1
8.23390007019	-1
8.23390007019	-1
8.23390007019	-1
8.23390007019	-1
8.29566597939	-1
8.29566597939	-1
8.29566597939	-1
8.29566597939	-1
8.29566597939	-1
8.2965400219	1
8.31303596497	-1
8.31313610077	-1
8.31313610077	-1
8.31313610077	-1
8.31313610077	-1
8.31313610077	-1
8.31313610077	-1
8.31313610077	-1
8.37163996696	-1
8.37163996696	-1
8.37163996696	-1
8.37163996696	-1
8.37163996696	-1
8.37163996696	-1
8.37163996696	-1
8.37163996696	-1
8.39363408089	-1
8.39373993874	-1
8.39373993874	-1
8.39373993874	-1
8.39373993874	-1
8.39373993874	-1
8.43113088608	-1
8.44502305984	-1
8.44502305984	-1
8.44502305984	-1
8.44502305984	-1
8.44502305984	-1
8.44502305984	-1
8.44502305984	-1
8.44502305984	-1
8.44502305984	-1
8.44536590576	-1
8.44536590576	-1
8.44536590576	-1
8.44536590576	-1
8.44536590576	-1
8.44536590576	-1
8.52456903458	1
8.52555203438	1
8.52555203438	1
8.52555203438	1
8.54287600517	-1
8.54287600517	-1
8.54287600517	-1
8.54287600517	-1
8.59520101547	1
8.59520101547	1
8.5966398716	1
8.5966398716	1
8.5966398716	1
8.65389704704	-1
8.65389704704	-1
8.77348208427	1
8.77545690536	1
8.77545690536	1
8.77545690536	1
8.80341100693	-1
8.80482196808	1
8.80482196808	1
8.80494809151	1
8.80494809151	1
8.80494809151	1
8.84733295441	1
8.84733295441	1
8.84733295441	1
8.85887598991	1
9.12227988243	1
9.14959287643	-1
9.19670796394	1
9.26444602013	-1
9.26444602013	-1
9.26678204536	1
9.26678204536	1
9.26678204536	1
9.26678204536	1
9.26678204536	1
9.33893704414	-1
9.40767002106	1
9.45125102997	-1
9.50277900696	-1
9.50277900696	-1
9.50277900696	-1
9.50281405449	1
9.52647089958	1
9.52647089958	1
9.52647089958	1
10.0888838768	-1
10.0901238918	1
10.1642200947	-1
10.1642200947	-1
10.1656908989	1
10.2396829128	-1
10.2403709888	1
10.314344883	-1
10.3154959679	1
10.3855040073	-1
10.3855040073	-1
10.3855040073	-1
10.3896489143	1
10.4597048759	-1
10.4597048759	-1
10.4597048759	-1
10.4637589455	-1
10.4637999535	1
10.4637999535	1
10.5376689434	-1
10.5376689434	-1
10.5376689434	-1
10.5378110409	1
10.6041810513	-1
10.6041810513	-1
10.6041810513	-1
10.6042859554	-1
10.6042859554	-1
10.6042859554	-1
10.6042859554	-1
10.6042859554	-1
10.6117360592	1
10.6809220314	-1
10.6809220314	-1
10.6809220314	-1
10.6809220314	-1
10.6809220314	-1
10.6809220314	-1
10.6809220314	-1
10.6809220314	-1
10.6866528988	1
10.8006870747	1
10.8006870747	1
10.8011050224	-1
10.8017139435	-1
10.8017139435	-1
10.8017139435	-1
10.8017139435	-1
10.8017139435	-1
10.8017139435	-1
10.8017139435	-1
10.8131110668	-1
10.8131110668	-1
10.8131110668	-1
10.8131110668	-1
10.8131110668	-1
10.8131110668	-1
10.8311059475	-1
10.831332922	-1
10.831332922	-1
10.831332922	-1
10.831332922	-1
10.831332922	-1
10.831332922	-1
10.831332922	-1
10.8516700268	-1
10.8555169106	-1
10.8555169106	-1
10.8555169106	-1
10.8555169106	-1
10.8555169106	-1
10.8555169106	-1
10.8555169106	-1
10.8820610046	1
10.9499659538	-1
10.9499659538	-1
10.9499659538	-1
10.9499659538	-1
10.9499659538	-1
10.9499659538	-1
10.9499659538	-1
10.9499659538	-1
11.0050308704	-1
11.0050308704	-1
11.0050308704	-1
11.0050308704	-1
11.0050308704	-1
11.0050308704	-1
11.0057270527	1
11.0299758911	-1
11.0299758911	-1
11.0300979614	-1
11.0300979614	-1
11.0300979614	-1
11.0300979614	-1
11.0300979614	-1
11.0300979614	-1
11.0678870678	-1
11.0678870678	-1
11.0678870678	-1
11.0678870678	-1
11.0678870678	-1
11.0678870678	-1
11.0678870678	-1
11.0678870678	-1
11.0678870678	-1
11.06822896	-1
11.06822896	-1
11.06822896	-1
11.06822896	-1
11.06822896	-1
11.1178889275	-1
11.1178889275	-1
11.1178889275	-1
11.1178889275	-1
11.1178889275	-1
11.1178889275	-1
11.1178889275	-1
11.1178889275	-1
11.1178889275	-1
11.141972065	-1
11.1794490814	-1
11.1794490814	-1
11.1794490814	-1
11.1795520782	-1
11.1795520782	-1
11.1795520782	-1
11.1795520782	-1
11.1795520782	-1
11.1813499928	1
11.2063958645	-1
11.2063958645	-1
11.2063958645	-1
11.2063958645	-1
11.2063958645	-1
11.2063958645	-1
11.2063958645	-1
11.2063958645	-1
11.2066249847	-1
11.2239890099	-1
11.2239890099	-1
11.2239890099	-1
11.2239890099	-1
11.2239890099	-1
11.2239890099	-1
11.2239890099	-1
11.2413229942	-1
11.2413470745	-1
11.2413470745	-1
11.2413470745	-1
11.2413470745	-1
11.2413470745	-1
11.2413470745	-1
11.2413470745	-1
11.2537710667	1
11.2537710667	1
11.2537710667	1
11.2730629444	-1
11.2730629444	-1
11.3489789963	1
11.3775610924	-1
11.3775610924	-1
11.3775610924	-1
11.3775610924	-1
11.3775610924	-1
11.3775610924	-1
11.3775610924	-1
11.3775610924	-1
11.3775610924	-1
11.3917500973	-1
11.3917500973	-1
11.3917500973	-1
11.3917500973	-1
11.3917500973	-1
11.3917500973	-1
11.3917500973	-1
11.4325830936	-1
11.4325830936	-1
11.4325830936	-1
11.4325830936	-1
11.4325830936	-1
11.4325830936	-1
11.4325830936	-1
11.4325830936	-1
11.4375178814	-1
11.4564409256	-1
11.4564409256	-1
11.4564409256	-1
11.4564409256	-1
11.4564409256	-1
11.4564409256	-1
11.4564409256	-1
11.4575779438	1
11.5346269608	-1
11.5346269608	-1
11.5346269608	-1
11.5346269608	-1
11.5346269608	-1
11.5346269608	-1
11.5346269608	-1
11.5346269608	-1
11.5416219234	-1
11.5416219234	-1
11.5416219234	-1
11.5416219234	-1
11.5416219234	-1
11.5416219234	-1
11.5416219234	-1
11.5431499481	1
11.5511338711	-1
11.5511338711	-1
11.5511338711	-1
11.5511338711	-1
11.5605828762	-1
11.5605828762	-1
11.5605828762	-1
11.5605828762	-1
11.5605828762	-1
11.5605828762	-1
11.5605828762	-1
11.5739870071	-1
11.5739870071	-1
11.5739870071	-1
11.5739870071	-1
11.5739870071	-1
11.5739870071	-1
11.5739870071	-1
11.5739870071	-1
11.6073689461	-1
11.6476819515	1
11.6476819515	1
11.6556789875	-1
11.6556789875	-1
11.6556789875	-1
11.6556789875	-1
11.6556789875	-1
11.6556789875	-1
11.6556789875	-1
11.6941800117	-1
11.6942830086	-1
11.6942830086	-1
11.6942830086	-1
11.6942830086	-1
11.6942830086	-1
11.6942830086	-1
11.6942830086	-1
11.7043130398	-1
11.7043130398	-1
11.7043130398	-1
11.7043130398	-1
11.7043130398	-1
11.7043130398	-1
11.7043130398	-1
11.7120959759	-1
11.7120959759	-1
11.7120959759	-1
11.7120959759	-1
11.7120959759	-1
11.7120959759	-1
11.7120959759	-1
11.7222919464	-1
11.723541975	1
11.7604060173	-1
11.7604060173	-1
11.7604060173	-1
11.7604060173	-1
11.7604060173	-1
11.7604060173	-1
11.7604060173	-1
11.7777330875	-1
11.7778348923	-1
11.7778348923	-1
11.7778348923	-1
11.7778348923	-1
11.7778348923	-1
11.863339901	-1
11.863339901	-1
11.863339901	-1
11.863339901	-1
11.863339901	-1
11.863339901	-1
11.863339901	-1
11.863339901	-1
11.8990569115	-1
11.9019160271	1
11.9114649296	-1
11.9114649296	-1
11.9114649296	-1
11.9114649296	-1
11.9244799614	-1
11.9244799614	-1
11.9244799614	-1
11.9244799614	-1
11.9244799614	-1
11.9244799614	-1
11.9244799614	-1
11.9352278709	-1
11.9352278709	-1
11.9352278709	-1
11.9352278709	-1
11.9352278709	-1
11.9390850067	1
11.9390850067	1
11.9390850067	1
11.9390850067	1
11.9390850067	1
11.9390850067	1
11.9504129887	-1
11.9504129887	-1
11.9504129887	-1
11.9504129887	-1
11.9504129887	-1
11.9504129887	-1
11.9504129887	-1
11.9524610043	1
11.9524610043	1
11.9524610043	1
11.9524610043	1
11.9672460556	-1
11.9672460556	-1
11.9672460556	-1
11.9672460556	-1
11.9672460556	-1
11.9672460556	-1
11.9672460556	-1
11.9857809544	-1
11.9990229607	-1
11.9990229607	-1
11.9990229607	-1
11.9990229607	-1
11.9990229607	-1
11.9990229607	-1
11.9990229607	-1
12.0320990086	-1
12.0320990086	-1
12.0320990086	-1
12.0320990086	-1
12.0320990086	-1
12.0320990086	-1
12.0320990086	-1
12.0320990086	-1
12.0582470894	-1
12.0582470894	-1
12.0603098869	1
12.0721700191	-1
12.0721700191	-1
12.0721700191	-1
12.0721700191	-1
12.097454071	-1
12.097454071	-1
12.097454071	-1
12.097454071	-1
12.097454071	-1
12.097454071	-1
12.097454071	-1
12.097454071	-1
12.1050601006	-1
12.1050601006	-1
12.1050601006	-1
12.1050601006	-1
12.1050601006	-1
12.1050601006	-1
12.1050601006	-1
12.2095050812	-1
12.2095050812	-1
12.2095050812	-1
12.2095050812	-1
12.2095050812	-1
12.2095050812	-1
12.2095050812	-1
12.2507660389	-1
12.2508709431	-1
12.2508709431	-1
12.2508709431	-1
12.2508709431	-1
12.2508709431	-1
12.2520680428	1
12.2539100647	1
12.2539100647	1
12.2539100647	1
12.2539100647	1
12.2539100647	1
12.2539100647	1
12.2539100647	1
12.2721459866	-1
12.2721459866	-1
12.2721459866	-1
12.2721459866	-1
12.2721459866	-1
12.2721459866	-1
12.2721459866	-1
12.2899129391	-1
12.2899599075	-1
12.2899599075	-1
12.2899599075	-1
12.2899599075	-1
12.2899599075	-1
12.2899599075	-1
12.2899599075	-1
12.3047480583	-1
12.3047480583	-1
12.3047480583	-1
12.3047480583	-1
12.3047480583	-1
12.3047480583	-1
12.3047480583	-1
12.3047480583	-1
12.3449480534	-1
12.3449480534	-1
12.3449480534	-1
12.3449480534	-1
12.3449480534	-1
12.3449480534	-1
12.3449480534	-1
12.3703439236	-1
12.3703439236	-1
12.3703439236	-1
12.3710570335	-1
12.3710570335	-1
12.3710570335	-1
12.3710570335	-1
12.3710570335	-1
12.3710570335	-1
12.3963580132	-1
12.3963580132	-1
12.3963580132	-1
12.3963580132	-1
12.3963580132	-1
12.3963580132	-1
12.3963580132	-1
12.3963580132	-1
12.4099769592	-1
12.4099769592	-1
12.4099769592	-1
12.4099769592	-1
12.4099769592	-1
12.4099769592	-1
12.4099769592	-1
12.4100050926	1
12.4106059074	-1
12.4923329353	-1
12.4923329353	-1
12.4923329353	-1
12.4923329353	-1
12.5085630417	-1
12.5085630417	-1
12.5086779594	-1
12.5086779594	-1
12.5086779594	-1
12.5086779594	-1
12.5086779594	-1
12.5086779594	-1
12.5285360813	-1
12.5285360813	-1
12.5285360813	-1
12.5285360813	-1
12.5285360813	-1
12.5285360813	-1
12.5285360813	-1
12.546628952	-1
12.546628952	-1
12.546628952	-1
12.546628952	-1
12.546628952	-1
12.546628952	-1
12.546628952	-1
12.546628952	-1
12.547798872	1
12.6118118763	-1
12.6118118763	-1
12.6118118763	-1
12.6118118763	-1
12.6118118763	-1
12.6118118763	-1
12.6118118763	-1
12.6118118763	-1
12.6119470596	-1
12.6282680035	-1
12.6282680035	-1
12.6282680035	-1
12.6282680035	-1
12.6282680035	-1
12.6282680035	-1
12.6282680035	-1
12.6282680035	-1
12.6727740765	-1
12.6727740765	-1
12.6740500927	1
12.71398592	-1
12.71398592	-1
12.71398592	-1
12.71398592	-1
12.7394728661	-1
12.7394728661	-1
12.7394728661	-1
12.7394728661	-1
12.7394728661	-1
12.7394728661	-1
12.7394728661	-1
12.755409956	-1
12.755409956	-1
12.755409956	-1
12.755409956	-1
12.755409956	-1
12.755409956	-1
12.755409956	-1
12.755409956	-1
12.7802689075	-1
12.7802689075	-1
12.7802689075	-1
12.7802689075	-1
12.7802689075	-1
12.7802689075	-1
12.7802689075	-1
12.7802689075	-1
12.8164300919	-1
12.8164300919	-1
12.8164300919	-1
12.8164300919	-1
12.8164300919	-1
12.8164300919	-1
12.8164300919	-1
12.8164300919	-1
12.8170650005	1
12.8336720467	-1
12.8360860348	-1
12.8360860348	-1
12.8360860348	-1
12.8360860348	-1
12.8360860348	-1
12.8360860348	-1
12.8890841007	-1
12.8890841007	-1
12.8890841007	-1
12.8890841007	-1
12.8890841007	-1
12.8890841007	-1
12.8890841007	-1
12.8890841007	-1
12.8959190845	-1
12.8959190845	-1
12.8959190845	-1
12.8959190845	-1
12.8959190845	-1
12.8959190845	-1
12.8959190845	-1
12.9079260826	-1
12.9079260826	-1
12.9079260826	-1
12.9079260826	-1
12.9079260826	-1
12.9079260826	-1
12.9079260826	-1
12.9079260826	-1
12.9214630127	-1
12.9214630127	-1
12.9300150871	-1
12.9300150871	-1
12.9300150871	-1
12.9300150871	-1
12.9300150871	-1
12.9300150871	-1
12.9300150871	-1
12.9595150948	-1
12.9909689426	-1
12.9909689426	-1
12.9909689426	-1
12.9947578907	-1
12.9947578907	-1
12.9947578907	-1
12.9947578907	-1
12.9947578907	-1
12.9947578907	-1
12.9947578907	-1
13.0043170452	-1
13.0054960251	-1
13.0054960251	-1
13.0054960251	-1
13.0054960251	-1
13.0054960251	-1
13.0054960251	-1
13.0054960251	-1
13.0054960251	-1
13.0057160854	-1
13.0057160854	-1
13.0057160854	-1
13.0057160854	-1
13.0393569469	1
13.0657770634	-1
13.0657770634	-1
13.0657770634	-1
13.0819768906	-1
13.0819768906	-1
13.0819768906	-1
13.0819768906	-1
13.0819768906	-1
13.0819768906	-1
13.0819768906	-1
13.0819768906	-1
13.0844049454	-1
13.0844049454	-1
13.0844049454	-1
13.0844049454	-1
13.0844049454	-1
13.0844049454	-1
13.0844049454	-1
13.1557130814	1
13.1557130814	1
13.1770980358	-1
13.1770980358	-1
13.1770980358	-1
13.1770980358	-1
13.1770980358	-1
13.1770980358	-1
13.1770980358	-1
13.1770980358	-1
13.1770980358	-1
13.1945540905	-1
13.1945540905	-1
13.1945540905	-1
13.1945540905	-1
13.1945540905	-1
13.1945540905	-1
13.1945540905	-1
13.2133250237	-1
13.2135920525	-1
13.2135920525	-1
13.2135920525	-1
13.2135920525	-1
13.2135920525	-1
13.2135920525	-1
13.2135920525	-1
13.264991045	-1
13.264991045	-1
13.264991045	-1
13.264991045	-1
13.264991045	-1
13.264991045	-1
13.264991045	-1
13.2894430161	-1
13.2958750725	-1
13.2958750725	-1
13.2958750725	-1
13.3004190922	-1
13.3004190922	-1
13.3004190922	-1
13.3004190922	-1
13.3004190922	-1
13.3004190922	-1
13.3004190922	-1
13.3073010445	-1
13.3084499836	1
13.3264689445	-1
13.3264689445	-1
13.3264689445	-1
13.3264689445	-1
13.3264689445	-1
13.3264689445	-1
13.3264689445	-1
13.3264689445	-1
13.3431799412	-1
13.3431799412	-1
13.3431799412	-1
13.3431799412	-1
13.3431799412	-1
13.3431799412	-1
13.3431799412	-1
13.3431799412	-1
13.3657479286	-1
13.3864779472	-1
13.3864779472	-1
13.3864779472	-1
13.3864779472	-1
13.3864779472	-1
13.3864779472	-1
13.3864779472	-1
13.4087910652	-1
13.4095759392	-1
13.4095759392	-1
13.4095759392	-1
13.4095759392	-1
13.4095759392	-1
13.4095759392	-1
13.4095759392	-1
13.4258980751	-1
13.4258980751	-1
13.4258980751	-1
13.4258980751	-1
13.4258980751	-1
13.4258980751	-1
13.4258980751	-1
13.4258980751	-1
13.4455699921	-1
13.4459590912	-1
13.4459590912	-1
13.4459590912	-1
13.4459590912	-1
13.4459590912	-1
13.4459590912	-1
13.4459590912	-1
13.4468319416	1
13.4672808647	-1
13.4889659882	-1
13.4889659882	-1
13.4889659882	-1
13.4889659882	-1
13.4889659882	-1
13.4889659882	-1
13.4889659882	-1
13.5110609531	-1
13.5110609531	-1
13.5110609531	-1
13.5110609531	-1
13.5110609531	-1
13.5110609531	-1
13.5263600349	-1
13.5263600349	-1
13.5263600349	-1
13.5263600349	-1
13.5263600349	-1
13.5263600349	-1
13.5263600349	-1
13.5886778831	-1
13.5886778831	-1
13.5886778831	-1
13.6068398952	-1
13.6068398952	-1
13.6068398952	-1
13.6068398952	-1
13.6068398952	-1
13.6068398952	-1
13.6254968643	-1
13.6254968643	-1
13.6254968643	-1
13.6254968643	-1
13.6254968643	-1
13.6254968643	-1
13.6254968643	-1
13.6254968643	-1
13.6579768658	-1
13.6579768658	-1
13.6579768658	-1
13.6579768658	-1
13.6579768658	-1
13.6579768658	-1
13.663752079	1
13.6688718796	-1
13.6688718796	-1
13.6688718796	-1
13.6688718796	-1
13.6688718796	-1
13.6688718796	-1
13.6688718796	-1
13.6841990948	-1
13.6841990948	-1
13.6841990948	-1
13.6841990948	-1
13.6841990948	-1
13.6841990948	-1
13.6841990948	-1
13.6841990948	-1
13.7008969784	-1
13.7008969784	-1
13.7008969784	-1
13.7008969784	-1
13.7008969784	-1
13.7008969784	-1
13.7008969784	-1
13.7008969784	-1
13.7012789249	-1
13.7012789249	-1
13.7012789249	-1
13.7012789249	-1
13.7012789249	-1
13.7012789249	-1
13.7012789249	-1
13.7598190308	-1
13.7598190308	-1
13.7598190308	-1
13.7598190308	-1
13.7598190308	-1
13.7598190308	-1
13.7598509789	1
13.7598509789	1
13.7929000854	-1
13.7929000854	-1
13.7929000854	-1
13.7929000854	-1
13.7929000854	-1
13.7929000854	-1
13.7929000854	-1
13.7929000854	-1
13.8216710091	-1
13.8216710091	-1
13.8216710091	-1
13.8216710091	-1
13.8216710091	-1
13.8216710091	-1
13.8216710091	-1
13.8352510929	1
13.8496160507	-1
13.8496160507	-1
13.8496160507	-1
13.8496160507	-1
13.8496160507	-1
13.8496160507	-1
13.8496160507	-1
13.8496160507	-1
13.8617179394	-1
13.8811519146	-1
13.8811519146	-1
13.8811519146	-1
13.8811519146	-1
13.8811519146	-1
13.8811519146	-1
13.8811519146	-1
13.8811519146	-1
13.909414053	-1
13.9094538689	1
13.9123408794	-1
13.9123408794	-1
13.9123408794	-1
13.9123408794	-1
13.9123408794	-1
13.9123408794	-1
13.9123408794	-1
13.9495830536	-1
13.9495830536	-1
13.9776279926	-1
13.9776279926	-1
13.983438015	1
13.983438015	1
13.9843640327	-1
13.9843640327	-1
13.9843640327	-1
13.9843640327	-1
13.9843640327	-1
13.9843640327	-1
14.0633940697	-1
14.0633940697	-1
14.0633940697	-1
14.0633940697	-1
14.1180920601	-1
14.1180920601	-1
14.121119976	-1
14.121119976	-1
14.121119976	-1
14.121119976	-1
14.121119976	-1
14.121119976	-1
14.121119976	-1
14.121119976	-1
14.1214659214	-1
14.1214659214	-1
14.1214659214	-1
14.1214659214	-1
14.1214659214	-1
14.1373500824	-1
14.1543250084	-1
14.1543250084	-1
14.1543250084	-1
14.1543250084	-1
14.1543250084	-1
14.1543250084	-1
14.1543250084	-1
14.1543250084	-1
14.1549708843	1
14.1813910007	-1
14.1820430756	-1
14.1820430756	-1
14.1820430756	-1
14.1820430756	-1
14.1820430756	-1
14.2283051014	-1
14.2504429817	-1
14.2504429817	-1
14.2504429817	-1
14.2504429817	-1
14.2504429817	-1
14.2504429817	-1
14.2504429817	-1
14.2717828751	1
14.2904000282	-1
14.2905030251	-1
14.2905030251	-1
14.2905030251	-1
14.2905030251	-1
14.2905030251	-1
14.2905030251	-1
14.2905030251	-1
14.2988479137	-1
14.2988479137	-1
14.2988479137	-1
14.3147280216	-1
14.3174729347	-1
14.3174729347	-1
14.3174729347	-1
14.3174729347	-1
14.3174729347	-1
14.3174729347	-1
14.3174729347	-1
14.3329749107	-1
14.3329749107	-1
14.3329749107	-1
14.3329749107	-1
14.3329749107	-1
14.3329749107	-1
14.3329749107	-1
14.3329749107	-1
14.3452010155	-1
14.3597829342	-1
14.3597829342	-1
14.3597829342	-1
14.3597829342	-1
14.359801054	1
14.3645339012	-1
14.3646519184	-1
14.3646519184	-1
14.3646519184	-1
14.3646519184	-1
14.3646519184	-1
14.3646519184	-1
14.3895668983	-1
14.3895668983	-1
14.3895668983	-1
14.3895668983	-1
14.3895668983	-1
14.3895668983	-1
14.3895668983	-1
14.4108610153	-1
14.4108610153	-1
14.4108610153	-1
14.4108610153	-1
14.4108610153	-1
14.4108610153	-1
14.4108610153	-1
14.4108610153	-1
14.4334540367	-1
14.4358789921	-1
14.4358789921	-1
14.4358789921	-1
14.4358789921	-1
14.4358789921	-1
14.4358789921	-1
14.4358789921	-1
14.4359130859	1
14.5300290585	-1
14.5300290585	-1
14.5300290585	-1
14.5300290585	-1
14.5300290585	-1
14.5300290585	-1
14.5300290585	-1
14.5300700665	1
14.5646510124	-1
14.5646510124	-1
14.5646510124	-1
14.5646510124	-1
14.5646510124	-1
14.5646510124	-1
14.5646510124	-1
14.5646510124	-1
14.5760760307	-1
14.5770180225	-1
14.5770180225	-1
14.5770180225	-1
14.5770180225	-1
14.5770180225	-1
14.5770180225	-1
14.5901310444	-1
14.5901310444	-1
14.5901310444	-1
14.5901310444	-1
14.5901310444	-1
14.5901310444	-1
14.5901310444	-1
14.5901310444	-1
14.6225619316	-1
14.6225619316	-1
14.6225619316	-1
14.6225619316	-1
14.6225619316	-1
14.6225619316	-1
14.6225619316	-1
14.6225619316	-1
14.6363940239	-1
14.6363940239	-1
14.6363940239	-1
14.6363940239	-1
14.6363940239	-1
14.6363940239	-1
14.6363940239	-1
14.6363940239	-1
14.6532649994	-1
14.6532649994	-1
14.6532649994	-1
14.6532649994	-1
14.6532649994	-1
14.6532649994	-1
14.6532649994	-1
14.6532649994	-1
14.6685640812	-1
14.6687998772	-1
14.6687998772	-1
14.6687998772	-1
14.6687998772	-1
14.6687998772	-1
14.6687998772	-1
14.6687998772	-1
14.6737039089	-1
14.6738169193	-1
14.6738169193	-1
14.6738169193	-1
14.6738169193	-1
14.6738169193	-1
14.6738169193	-1
14.6738169193	-1
14.6750059128	1
14.7068719864	-1
14.7069780827	-1
14.7069780827	-1
14.7069780827	-1
14.7069780827	-1
14.7069780827	-1
14.7069780827	-1
14.7069780827	-1
14.7235810757	-1
14.7235810757	-1
14.7235810757	-1
14.7235810757	-1
14.7235810757	-1
14.7235810757	-1
14.7235810757	-1
14.7235810757	-1
14.7811498642	-1
14.7811839581	1
14.7812130451	-1
14.7812130451	-1
14.7812130451	-1
14.7812130451	-1
14.8357260227	-1
14.8357260227	-1
14.8357260227	-1
14.8357260227	-1
14.8357260227	-1
14.8357260227	-1
14.8357260227	-1
14.8357260227	-1
14.849034071	-1
14.8491399288	-1
14.8491399288	-1
14.8491399288	-1
14.8491399288	-1
14.8491399288	-1
14.8491399288	-1
14.8607280254	-1
14.8611009121	-1
14.8611009121	-1
14.8611009121	-1
14.8611009121	-1
14.8611009121	-1
14.8611009121	-1
14.8842849731	-1
14.8842849731	-1
14.8842849731	-1
14.8842849731	-1
14.8842849731	-1
14.8842849731	-1
14.8842849731	-1
14.8842849731	-1
14.8842849731	-1
14.9054229259	-1
14.9054229259	-1
14.9054229259	-1
14.9054229259	-1
14.9054229259	-1
14.9054229259	-1
14.9054229259	-1
14.9054229259	-1
14.9197700024	-1
14.9197700024	-1
14.9197700024	-1
14.9197700024	-1
14.9197700024	-1
14.9197700024	-1
14.9197700024	-1
14.9428489208	-1
14.9428489208	-1
14.9428489208	-1
14.9428489208	-1
14.9428489208	-1
14.9428489208	-1
14.9428489208	-1
14.9428489208	-1
14.958411932	-1
14.9587209225	-1
14.9587209225	-1
14.9587209225	-1
14.9587209225	-1
14.9587209225	-1
14.9587209225	-1
14.9587209225	-1
14.9596610069	1
15.0233659744	-1
15.0233659744	-1
15.0233659744	-1
15.0233659744	-1
15.0233659744	-1
15.0233659744	-1
15.0233659744	-1
15.0233659744	-1
15.0605349541	-1
15.0612030029	-1
15.0612030029	-1
15.0612030029	-1
15.0612030029	-1
15.0612030029	-1
15.0612030029	-1
15.0612030029	-1
15.0620439053	1
15.0709149837	-1
15.0710220337	-1
15.0710220337	-1
15.0710220337	-1
15.0710220337	-1
15.0710220337	-1
15.0710220337	-1
15.102355957	-1
15.102355957	-1
15.102355957	-1
15.102355957	-1
15.102355957	-1
15.102355957	-1
15.102355957	-1
15.102355957	-1
15.1540460587	-1
15.1540789604	1
15.1541039944	-1
15.1541039944	-1
15.1541039944	-1
15.1541039944	-1
15.1541039944	-1
15.1541039944	-1
15.1544160843	-1
15.1544160843	-1
15.1544160843	-1
15.1544160843	-1
15.1544160843	-1
15.1544160843	-1
15.1544160843	-1
15.1713280678	-1
15.1713280678	-1
15.1713280678	-1
15.1713280678	-1
15.1864230633	-1
15.1864230633	-1
15.1864230633	-1
15.1864230633	-1
15.1864230633	-1
15.1864230633	-1
15.1864230633	-1
15.1864230633	-1
15.2078430653	-1
15.2079460621	-1
15.2079460621	-1
15.2079460621	-1
15.2079460621	-1
15.2079460621	-1
15.2079460621	-1
15.2079460621	-1
15.2195560932	-1
15.2457230091	1
15.2607569695	-1
15.2607569695	-1
15.2607569695	-1
15.2607569695	-1
15.2607569695	-1
15.2607569695	-1
15.2607569695	-1
15.2607569695	-1
15.2607569695	-1
15.2611079216	-1
15.2611079216	-1
15.2611079216	-1
15.2611079216	-1
15.2611079216	-1
15.2711229324	1
15.2711229324	1
15.2711229324	1
15.2711229324	1
15.2711229324	1
15.319756031	-1
15.4774880409	-1
15.4789509773	-1
15.4789509773	-1
15.4789509773	-1
15.4789509773	-1
15.4789509773	-1
15.4789509773	-1
15.4789509773	-1
15.4802269936	-1
15.4802269936	-1
15.4814329147	1
15.4851078987	-1
15.4851078987	-1
15.4851078987	-1
15.4851078987	-1
15.4851078987	-1
15.4851078987	-1
15.4851078987	-1
15.4851078987	-1
15.4876520634	-1
15.4876520634	-1
15.4876520634	-1
15.4876520634	-1
15.4876520634	-1
15.4876520634	-1
15.4876520634	-1
15.4891209602	-1
15.4891209602	-1
15.4891209602	-1
15.4891209602	-1
15.4891209602	-1
15.4891209602	-1
15.4891209602	-1
15.4904830456	1
15.4904830456	1
15.4904830456	1
15.4904830456	1
15.4939789772	-1
15.4939789772	-1
15.4958178997	-1
15.4958178997	-1
15.4958178997	-1
15.4958178997	-1
15.4958178997	-1
15.4958178997	-1
15.4958178997	-1
15.4958178997	-1
15.496655941	-1
15.496655941	-1
15.496655941	-1
15.496655941	-1
15.496655941	-1
15.496655941	-1
15.496655941	-1
15.5534200668	-1
15.5732820034	-1
15.5732820034	-1
15.5732820034	-1
15.5732820034	-1
15.5732820034	-1
15.5732820034	-1
15.5732820034	-1
15.5793640614	-1
15.5923280716	-1
15.5923280716	-1
15.5923280716	-1
15.5926580429	-1
15.5926580429	-1
15.5926580429	-1
15.5926580429	-1
15.5926580429	-1
15.5926580429	-1
15.601320982	-1
15.601320982	-1
15.601320982	-1
15.601320982	-1
15.601320982	-1
15.601320982	-1
15.601320982	-1
15.6153759956	-1
15.615473032	-1
15.615473032	-1
15.615473032	-1
15.615473032	-1
15.615473032	-1
15.615473032	-1
15.6198940277	-1
15.6198940277	-1
15.6198940277	-1
15.6198940277	-1
15.6198940277	-1
15.6198940277	-1
15.6198940277	-1
15.6198940277	-1
15.6364469528	1
15.7178659439	-1
15.7179219723	1
15.7181310654	-1
15.7181310654	-1
15.7181310654	-1
15.7181310654	-1
15.7181310654	-1
15.7181310654	-1
15.7268869877	-1
15.7268869877	-1
15.7268869877	-1
15.7268869877	-1
15.7268869877	-1
15.7268869877	-1
15.7268869877	-1
15.7401640415	-1
15.7403299809	-1
15.7403299809	-1
15.7403299809	-1
15.7403299809	-1
15.7403299809	-1
15.7403299809	-1
15.7403299809	-1
15.7492890358	-1
15.7493360043	-1
15.7493360043	-1
15.7493360043	-1
15.7493360043	-1
15.7493360043	-1
15.7493360043	-1
15.7493360043	-1
15.7689020634	-1
15.7690200806	-1
15.7690200806	-1
15.7690200806	-1
15.7690200806	-1
15.7690200806	-1
15.7690200806	-1
15.788779974	-1
15.788779974	-1
15.788779974	-1
15.788779974	-1
15.788779974	-1
15.788779974	-1
15.7900319099	1
15.7900319099	1
15.7900319099	1
15.8891010284	-1
15.8893740177	-1
15.8893740177	-1
15.8893740177	-1
15.8893740177	-1
15.8893740177	-1
15.8893740177	-1
15.8893740177	-1
15.8893740177	-1
15.8896188736	-1
15.8896188736	-1
15.8896188736	-1
15.8896188736	-1
15.8896188736	-1
15.8898670673	-1
15.8898670673	-1
15.8979110718	-1
15.8979110718	-1
15.8979110718	-1
15.8979110718	-1
15.8979110718	-1
15.8980660439	-1
15.8980660439	-1
15.8980660439	-1
15.8980660439	-1
15.8980660439	-1
15.8980660439	-1
15.8980660439	-1
15.8992669582	1
15.9226260185	-1
15.9229590893	-1
15.9229590893	-1
15.9229590893	-1
15.9229590893	-1
15.9229590893	-1
15.9229590893	-1
15.9618189335	-1
15.9618189335	-1
15.9618189335	-1
15.9618189335	-1
15.9618189335	-1
15.9618189335	-1
15.9618189335	-1
15.9618189335	-1
16.0126860142	1
16.0126860142	1
16.0603859425	-1
16.0634179115	-1
16.0634179115	-1
16.0634179115	-1
16.0634179115	-1
16.0634179115	-1
16.0634179115	-1
16.0634179115	-1
16.072551012	-1
16.072551012	-1
16.072551012	-1
16.072551012	-1
16.072551012	-1
16.072551012	-1
16.072551012	-1
16.072551012	-1
16.0782330036	-1
16.0782330036	-1
16.0782330036	-1
16.0782330036	-1
16.0782330036	-1
16.0782330036	-1
16.0782330036	-1
16.0819740295	-1
16.0819740295	-1
16.0819740295	-1
16.0819740295	-1
16.0819740295	-1
16.0819740295	-1
16.0819740295	-1
16.1208729744	-1
16.1208729744	-1
16.1234090328	-1
16.1234090328	-1
16.1234090328	-1
16.1234090328	-1
16.1234090328	-1
16.1234090328	-1
16.1234090328	-1
16.1455049515	-1
16.1455049515	-1
16.1455049515	-1
16.1455049515	-1
16.1455049515	-1
16.1455049515	-1
16.1455049515	-1
16.1455049515	-1
16.1478939056	-1
16.1532819271	-1
16.1532819271	-1
16.2088398933	-1
16.2088398933	-1
16.2096979618	1
16.2225179672	-1
16.2225179672	-1
16.2225179672	-1
16.2225179672	-1
16.2225179672	-1
16.2225179672	-1
16.2225179672	-1
16.2527239323	-1
16.2528378963	-1
16.2528378963	-1
16.2528378963	-1
16.2528378963	-1
16.2528378963	-1
16.2528378963	-1
16.2528378963	-1
16.2638869286	-1
16.2638869286	-1
16.2638869286	-1
16.2638869286	-1
16.2638869286	-1
16.2638869286	-1
16.2638869286	-1
16.2638869286	-1
16.2744739056	1
16.2744739056	1
16.2744739056	1
16.2744739056	1
16.30163908	-1
16.30163908	-1
16.30163908	-1
16.30163908	-1
16.30163908	-1
16.30163908	-1
16.30163908	-1
16.30163908	-1
16.3068060875	-1
16.3085050583	-1
16.3085050583	-1
16.3085050583	-1
16.3085050583	-1
16.3085050583	-1
16.3085050583	-1
16.3085050583	-1
16.309773922	-1
16.309773922	-1
16.309773922	-1
16.309773922	-1
16.309773922	-1
16.309773922	-1
16.309773922	-1
16.3579640388	-1
16.3619160652	-1
16.3619160652	-1
16.3619160652	-1
16.3619160652	-1
16.3619160652	-1
16.3619160652	-1
16.3619160652	-1
16.3619160652	-1
16.3625600338	1
16.3999249935	-1
16.4002330303	-1
16.4002330303	-1
16.4002330303	-1
16.4002330303	-1
16.4002330303	-1
16.4002330303	-1
16.4002330303	-1
16.4004790783	-1
16.4219169617	-1
16.4219169617	-1
16.4219169617	-1
16.4219169617	-1
16.4219169617	-1
16.4219169617	-1
16.4219169617	-1
16.4449589252	-1
16.4449589252	-1
16.4449589252	-1
16.4449589252	-1
16.4449589252	-1
16.4449589252	-1
16.4449589252	-1
16.4449589252	-1
16.4452240467	-1
16.4452240467	-1
16.4452240467	-1
16.4452240467	-1
16.4452240467	-1
16.4452240467	-1
16.4452240467	-1
16.4455928802	-1
16.4455928802	-1
16.4455928802	-1
16.4455928802	-1
16.4455928802	-1
16.4455928802	-1
16.4455928802	-1
16.4455928802	-1
16.4472420216	1
16.5123519897	-1
16.5123519897	-1
16.5190889835	-1
16.5190889835	-1
16.5608229637	1
16.5928308964	-1
16.5928308964	-1
16.5928308964	-1
16.5928308964	-1
16.5928308964	-1
16.5928308964	-1
16.5928308964	-1
16.5928308964	-1
16.6842689514	-1
16.6842689514	-1
16.6842689514	-1
16.6842689514	-1
16.6842689514	-1
16.6842689514	-1
16.6842689514	-1
16.6842689514	-1
16.7102360725	-1
16.7102360725	-1
16.7102360725	-1
16.7102360725	-1
16.7102360725	-1
16.7102360725	-1
16.7102360725	-1
16.7651019096	-1
16.7652039528	-1
16.7652039528	-1
16.7652039528	-1
16.7652039528	-1
16.7652039528	-1
16.7652039528	-1
16.7787320614	1
16.7883579731	-1
16.7883579731	-1
16.7883579731	-1
16.7883579731	-1
16.7883579731	-1
16.7883579731	-1
16.7883579731	-1
16.7883579731	-1
16.8264820576	-1
16.8324439526	-1
16.8324439526	-1
16.8324439526	-1
16.8324439526	-1
16.8324439526	-1
16.8324439526	-1
16.8324439526	-1
16.8795750141	-1
16.8795750141	-1
16.8795750141	-1
16.8795750141	-1
16.8795750141	-1
16.8795750141	-1
16.8795750141	-1
16.8795750141	-1
16.8821539879	-1
16.9097669125	-1
16.9097669125	-1
16.9097669125	-1
16.9097669125	-1
16.9097669125	-1
16.9097669125	-1
16.9097669125	-1
16.9256238937	-1
16.9263250828	-1
16.9263250828	-1
16.9263250828	-1
16.9263250828	-1
16.9263250828	-1
16.9263250828	-1
16.9263250828	-1
16.9533920288	-1
16.9533920288	-1
16.9533920288	-1
16.9533920288	-1
16.9533920288	-1
16.9533920288	-1
16.9533920288	-1
16.9533920288	-1
16.9869098663	-1
16.9869098663	-1
16.9869098663	-1
16.9869098663	-1
16.9869098663	-1
16.9869098663	-1
16.9869098663	-1
16.9869098663	-1
16.9882099628	1
16.9997220039	-1
17.0489859581	-1
17.0489859581	-1
17.0489859581	-1
17.0489859581	-1
17.0489859581	-1
17.0489859581	-1
17.0489859581	-1
17.0489859581	-1
17.0489859581	-1
17.0493440628	-1
17.0493440628	-1
17.0493440628	-1
17.0493440628	-1
17.112197876	1
17.2737169266	1
17.3101360798	-1
17.3306159973	-1
17.3306159973	-1
17.3306159973	-1
17.3306159973	-1
17.3306159973	-1
17.3306159973	-1
17.3374359608	-1
17.3374359608	-1
17.3374359608	-1
17.3374359608	-1
17.3374359608	-1
17.3374359608	-1
17.3374359608	-1
17.3374359608	-1
17.4045670033	-1
17.4115269184	-1
17.4115269184	-1
17.4115269184	-1
17.4115269184	-1
17.4115269184	-1
17.4115269184	-1
17.4115269184	-1
17.4305920601	-1
17.4305920601	-1
17.4305920601	-1
17.4305920601	-1
17.4305920601	-1
17.4305920601	-1
17.4305920601	-1
17.4305920601	-1
17.4433920383	-1
17.4433920383	-1
17.4433920383	-1
17.4433920383	-1
17.4433920383	-1
17.4433920383	-1
17.4433920383	-1
17.4445569515	1
17.4560530186	-1
17.4560530186	-1
17.4560530186	-1
17.4560530186	-1
17.4560530186	-1
17.4560530186	-1
17.4560530186	-1
17.4876079559	-1
17.504338026	-1
17.504338026	-1
17.504338026	-1
17.504338026	-1
17.504338026	-1
17.504338026	-1
17.504338026	-1
17.504338026	-1
17.5084519386	-1
17.5148830414	-1
17.5148830414	-1
17.5195310116	-1
17.5195310116	-1
17.5195310116	-1
17.5195310116	-1
17.5195310116	-1
17.5195310116	-1
17.5195310116	-1
17.526309967	-1
17.5327680111	-1
17.5327680111	-1
17.5327680111	-1
17.5327680111	-1
17.5327680111	-1
17.5327680111	-1
17.5327680111	-1
17.5430729389	-1
17.5430729389	-1
17.5430729389	-1
17.5430729389	-1
17.5430729389	-1
17.5430729389	-1
17.5430729389	-1
17.5430729389	-1
17.5610818863	-1
17.5610818863	-1
17.5624160767	1
17.5665080547	-1
17.5665080547	-1
17.5665080547	-1
17.5665080547	-1
17.5665080547	-1
17.5724270344	-1
17.5724270344	-1
17.5724270344	-1
17.5724270344	-1
17.575948	-1
17.575948	-1
17.575948	-1
17.575948	-1
17.575948	-1
17.575948	-1
17.575948	-1
17.6913900375	-1
17.6913900375	-1
17.6922230721	1
17.7122659683	-1
17.7122659683	-1
17.7122659683	-1
17.7122659683	-1
17.7122659683	-1
17.7122659683	-1
17.7122659683	-1
17.7122659683	-1
17.7314450741	-1
17.7314450741	-1
17.7314450741	-1
17.7314450741	-1
17.7314450741	-1
17.7314450741	-1
17.7314450741	-1
17.7314450741	-1
17.7385499477	-1
17.73873806	-1
17.73873806	-1
17.7550978661	-1
17.7550978661	-1
17.7550978661	-1
17.7550978661	-1
17.7550978661	-1
17.7550978661	-1
17.7550978661	-1
17.7711930275	-1
17.7711930275	-1
17.7711930275	-1
17.7711930275	-1
17.7711930275	-1
17.7711930275	-1
17.7711930275	-1
17.7711930275	-1
17.7712249756	1
17.7782170773	-1
17.7782170773	-1
17.7782170773	-1
17.7782170773	-1
17.7782170773	-1
17.7782170773	-1
17.7782170773	-1
17.8396949768	-1
17.8696260452	-1
17.8696260452	-1
17.8696260452	-1
17.8696260452	-1
17.8696260452	-1
17.8696260452	-1
17.8696260452	-1
17.8696260452	-1
17.869658947	1
17.8778178692	-1
17.8823108673	-1
17.8823108673	-1
17.8823108673	-1
17.8823108673	-1
17.8823108673	-1
17.8823108673	-1
17.8823108673	-1
17.9354519844	-1
17.9375119209	-1
17.9375119209	-1
17.9375119209	-1
18.0178189278	-1
18.0178189278	-1
18.0189919472	1
18.0922160149	-1
18.2181608677	-1
18.3708899021	-1
18.3721818924	1
18.4461889267	-1
18.456225872	-1
18.456225872	-1
18.456225872	-1
18.456225872	-1
18.456225872	-1
18.456225872	-1
18.456225872	-1
18.4646019936	-1
18.4646508694	-1
18.4646508694	-1
18.4646508694	-1
18.4646508694	-1
18.4646508694	-1
18.4646508694	-1
18.4646508694	-1
18.475413084	-1
18.475413084	-1
18.475413084	-1
18.475413084	-1
18.475413084	-1
18.475413084	-1
18.475413084	-1
18.475413084	-1
18.4939320087	-1
18.4939320087	-1
18.4939320087	-1
18.4939320087	-1
18.4939320087	-1
18.5173819065	-1
18.5173819065	-1
18.5173819065	-1
18.5173819065	-1
18.5173819065	-1
18.5173819065	-1
18.5173819065	-1
18.5173819065	-1
18.5173819065	-1
18.5173819065	-1
18.5178480148	-1
18.5178480148	-1
18.5178480148	-1
18.5178480148	-1
18.5178480148	-1
18.5179700851	-1
18.5184180737	1
18.5437500477	-1
18.5437500477	-1
18.5437500477	-1
18.5437500477	-1
18.5437500477	-1
18.5437500477	-1
18.5437500477	-1
18.5437500477	-1
18.5973739624	-1
18.5974059105	1
18.613214016	-1
18.613214016	-1
18.6176769733	-1
18.6306018829	-1
18.6306018829	-1
18.6306018829	-1
18.6306018829	-1
18.6306018829	-1
18.6306018829	-1
18.6306018829	-1
18.6306018829	-1
18.6306018829	-1
18.6309509277	-1
18.6309509277	-1
18.6309509277	-1
18.6309509277	-1
18.6309509277	-1
18.650783062	-1
18.650783062	-1
18.650783062	-1
18.650783062	-1
18.650783062	-1
18.650783062	-1
18.650783062	-1
18.650783062	-1
18.650783062	-1
18.6916389465	1
18.6919169426	-1
18.6919169426	-1
18.6919169426	-1
18.6919169426	-1
18.6919169426	-1
18.6919169426	-1
18.6919169426	-1
18.730864048	-1
18.7309689522	-1
18.7309689522	-1
18.7309689522	-1
18.7309689522	-1
18.7309689522	-1
18.7309689522	-1
18.7309689522	-1
18.7309689522	-1
18.7309689522	-1
18.7313380241	-1
18.7313380241	-1
18.7313380241	-1
18.7313380241	-1
18.7313380241	-1
18.7657389641	-1
18.7657790184	1
18.7800118923	-1
18.7800118923	-1
18.7800118923	-1
18.7800118923	-1
18.7800118923	-1
18.7800118923	-1
18.7800118923	-1
18.7800118923	-1
18.7801890373	-1
18.7801890373	-1
18.7801890373	-1
18.7801890373	-1
18.7801890373	-1
18.7801890373	-1
18.7801890373	-1
18.824532032	-1
18.824532032	-1
18.824532032	-1
18.824532032	-1
18.824532032	-1
18.824532032	-1
18.824532032	-1
18.824532032	-1
18.8262319565	-1
18.8262319565	-1
18.8262319565	-1
18.8262319565	-1
18.8262319565	-1
18.8262319565	-1
18.8262319565	-1
18.840280056	1
18.8539609909	-1
18.8539609909	-1
18.8539609909	-1
18.8539609909	-1
18.8539609909	-1
18.8539609909	-1
18.8539609909	-1
18.8539609909	-1
18.8977079391	-1
18.897808075	-1
18.897808075	-1
18.897808075	-1
18.897808075	-1
18.897808075	-1
18.897808075	-1
18.897808075	-1
18.8980538845	-1
18.8980538845	-1
18.8980538845	-1
18.8981769085	-1
18.9142920971	1
18.9142920971	1
18.9198629856	-1
18.9198629856	-1
18.9198629856	-1
18.9198629856	-1
18.9198629856	-1
18.9198629856	-1
18.9198629856	-1
19.048222065	-1
19.048222065	-1
19.048222065	-1
19.1961638927	-1
19.2749319077	1
19.4560329914	-1
19.6498670578	-1
19.651556015	1
19.83730793	-1
19.8589160442	-1
19.8589160442	-1
19.8589160442	-1
19.8589160442	-1
19.8589160442	-1
19.8589160442	-1
19.8589160442	-1
19.8589160442	-1
19.8589160442	-1
19.863161087	-1
19.863161087	-1
19.863161087	-1
19.863161087	-1
19.863161087	-1
19.863161087	-1
19.863161087	-1
19.8693959713	-1
19.8731620312	-1
19.8731620312	-1
19.8731620312	-1
19.8731620312	-1
19.8731620312	-1
19.8731620312	-1
19.8731620312	-1
19.8781509399	-1
19.8810050488	-1
19.8810050488	-1
19.8810050488	-1
19.8810050488	-1
19.8810050488	-1
19.8810050488	-1
19.8810050488	-1
19.8816640377	1
19.8849160671	-1
19.9161689281	1
19.9161689281	1
19.9161689281	1
19.9261770248	-1
19.9261770248	-1
19.9261770248	-1
19.9261770248	-1
19.9261770248	-1
19.9261770248	-1
19.9261770248	-1
19.9261770248	-1
19.9261770248	-1
19.9261770248	-1
19.9265348911	-1
19.9265348911	-1
19.9265348911	-1
19.9265348911	-1
19.9265348911	-1
19.9270670414	-1
19.9671170712	1
19.9671170712	1
19.9695360661	1
19.9695360661	1
19.9695360661	1
19.9695799351	-1
19.9695799351	-1
19.9695799351	-1
19.9695799351	-1
19.9695799351	-1
19.9695799351	-1
19.9695799351	-1
19.9695799351	-1
19.9836099148	-1
19.9836099148	-1
19.9836099148	-1
19.9836099148	-1
19.9836099148	-1
19.9836099148	-1
19.9836099148	-1
19.9836099148	-1
20.0019140244	-1
20.0020329952	-1
20.0020329952	-1
20.0020329952	-1
20.0020329952	-1
20.0020329952	-1
20.0020329952	-1
20.0020329952	-1
20.0022768974	-1
20.0022768974	-1
20.0022768974	-1
20.0022768974	-1
20.0435400009	1
20.1141080856	1
20.1141080856	1
20.1141080856	1
20.1614649296	1
20.1614649296	1
20.1663100719	1
20.2420969009	1
20.2420969009	1
20.316215992	1
20.39179492	1
20.6010560989	-1
20.752448082	-1
20.7532000542	1
20.8265280724	-1
20.8265280724	-1
20.8279368877	1
20.9022789001	-1
20.9022789001	-1
20.9023160934	1
20.9023160934	1
20.9768989086	-1
20.9768989086	-1
20.9769330025	1
21.1322898865	1
21.1322898865	1
21.2062349319	1
21.3569829464	-1
21.3875179291	-1
21.3875179291	-1
21.3875179291	-1
21.3875179291	-1
21.3875179291	-1
21.3875179291	-1
21.3875179291	-1
21.3875179291	-1
21.3875179291	-1
21.504101038	-1
21.504101038	-1
21.504101038	-1
21.5210580826	-1
21.5210580826	-1
21.5210580826	-1
21.5210580826	-1
21.5210580826	-1
21.5210580826	-1
21.5412230492	-1
21.5412230492	-1
21.5412230492	-1
21.5412230492	-1
21.5412230492	-1
21.5412230492	-1
21.5412230492	-1
21.5412230492	-1
21.5758209229	-1
21.5758209229	-1
21.5758209229	-1
21.5758209229	-1
21.5758209229	-1
21.5758209229	-1
21.5758209229	-1
21.5758209229	-1
21.5758209229	-1
21.5769050121	1
21.6498708725	-1
21.651460886	1
21.6675899029	-1
21.6675899029	-1
21.6675899029	-1
21.6675899029	-1
21.6675899029	-1
21.6675899029	-1
21.6675899029	-1
21.6675899029	-1
21.6677160263	-1
21.6741979122	-1
21.6741979122	-1
21.6741979122	-1
21.6741979122	-1
21.6741979122	-1
21.6741979122	-1
21.6741979122	-1
21.6741979122	-1
21.6741979122	-1
21.6745040417	-1
21.6745040417	-1
21.6745040417	-1
21.7279410362	1
21.8417758942	1
22.0423538685	-1
22.0437910557	1
22.0446960926	-1
22.0446960926	-1
22.0446960926	-1
22.0456860065	-1
22.0456860065	-1
22.0480048656	-1
22.0480048656	-1
22.0480048656	-1
22.050714016	-1
22.050714016	-1
22.050714016	-1
22.050714016	-1
22.050714016	-1
22.050714016	-1
22.050714016	-1
22.0521860123	-1
22.0521860123	-1
22.0541319847	-1
22.0541319847	-1
22.0547599792	-1
22.0547599792	-1
22.0547599792	-1
22.0547599792	-1
22.0556268692	1
22.0556268692	1
22.0556268692	1
22.0741899014	-1
22.1066200733	1
22.1066200733	1
22.1180729866	-1
22.1181199551	1
22.1888659	-1
22.1888659	-1
22.1888659	-1
22.1888659	-1
22.1888659	-1
22.1926949024	1
22.3062140942	1
22.3062140942	1
22.3802959919	1
22.5451478958	-1
22.6940538883	-1
22.6942210197	-1
22.6942210197	-1
22.6942210197	-1
22.7679860592	-1
22.7793469429	1
22.809484005	-1
22.809484005	-1
22.809484005	-1
22.809484005	-1
22.8426089287	-1
22.851984024	1
22.851984024	1
22.851984024	1
22.8531620502	1
22.8531620502	1
22.8643820286	-1
22.8643820286	-1
22.8643820286	-1
22.8643820286	-1
22.8643820286	-1
22.8643820286	-1
22.8643820286	-1
22.8643820286	-1
22.8643820286	-1
22.9166998863	-1
22.9618339539	-1
22.9618339539	-1
22.9618339539	-1
22.9618339539	-1
22.9618339539	-1
22.9618339539	-1
22.9618339539	-1
22.9618339539	-1
22.9618339539	-1
23.0257909298	-1
23.0257909298	-1
23.0257909298	-1
23.0257909298	-1
23.0257909298	-1
23.0257909298	-1
23.0257909298	-1
23.0271780491	1
23.1101429462	-1
23.1101429462	-1
23.1101429462	-1
23.1101429462	-1
23.1101429462	-1
23.1101429462	-1
23.1101429462	-1
23.1101429462	-1
23.1102979183	-1
23.1102979183	-1
23.1102979183	-1
23.1102979183	-1
23.1102979183	-1
23.1102979183	-1
23.1102979183	-1
23.1392819881	-1
23.1748130322	-1
23.1748130322	-1
23.1748130322	-1
23.2131500244	-1
23.2590410709	-1
23.2590410709	-1
23.2590410709	-1
23.2590410709	-1
23.2590410709	-1
23.2590410709	-1
23.2590410709	-1
23.2833530903	1
23.2901279926	1
23.2901279926	1
23.2901279926	1
23.3262798786	-1
23.3262798786	-1
23.3262798786	-1
23.3262798786	-1
23.3262798786	-1
23.3262798786	-1
23.3262798786	-1
23.3262798786	-1
23.3267219067	-1
23.3293778896	1
23.3293778896	1
23.3643670082	1
23.3686609268	-1
23.3686609268	-1
23.3686609268	-1
23.4383718967	1
23.5134270191	-1
23.702037096	-1
23.9013330936	-1
23.9081718922	-1
23.9081718922	-1
23.9081718922	-1
23.9081718922	-1
23.9081718922	-1
23.9081718922	-1
23.9081718922	-1
23.912391901	-1
23.912391901	-1
23.912391901	-1
23.912391901	-1
23.912391901	-1
23.912391901	-1
23.912391901	-1
23.9822459221	-1
23.9937839508	1
24.0419330597	-1
24.0419330597	-1
24.0419330597	-1
24.0419330597	-1
24.0419330597	-1
24.0419330597	-1
24.0419330597	-1
24.0419330597	-1
24.0720570087	-1
24.0720570087	-1
24.0720570087	-1
24.0720570087	-1
24.0720570087	-1
24.0720570087	-1
24.0720570087	-1
24.0721039772	1
24.0721039772	1
24.0740499496	-1
24.1026480198	1
24.1026480198	1
24.1026480198	1
24.1463348866	-1
24.1463348866	-1
24.1823809147	-1
24.1823809147	-1
24.1823809147	-1
24.1823809147	-1
24.1823809147	-1
24.1823809147	-1
24.1991798878	1
24.1991798878	1
24.1991798878	1
24.2206258774	-1
24.2206568718	1
24.2253248692	-1
24.2253248692	-1
24.2253248692	-1
24.2253248692	-1
24.2253248692	-1
24.2253248692	-1
24.2253248692	-1
24.2253248692	-1
24.2264699936	-1
24.2276489735	-1
24.2276489735	-1
24.2426378727	1
24.2426378727	1
24.2426378727	1
24.294960022	1
24.3689870834	1
24.4152450562	-1
24.4826619625	1
24.4826619625	1
24.4826619625	1
24.8560659885	-1
24.892334938	1
24.9300749302	-1
24.9300749302	-1
24.9662978649	1
24.9662978649	1
25.0404150486	-1
25.0420160294	1
25.1162130833	-1
25.1176679134	1
25.1894829273	-1
25.1894829273	-1
25.1894829273	-1
25.1916558743	1
25.1916558743	1
25.1916558743	1
25.1916840076	-1
25.2658078671	1
25.2658078671	1
25.2887580395	-1
25.379101038	1
25.3996520042	-1
25.3996520042	-1
25.452933073	1
25.452933073	1
25.4881870747	-1
25.5618679523	1
25.6841609478	-1
25.7600190639	-1
25.7616648674	1
25.8299510479	-1
25.8299510479	-1
25.8299510479	-1
25.8299510479	-1
25.8340859413	-1
25.884114027	1
25.9632229805	-1
25.9632670879	1
25.9632670879	1
25.9666450024	-1
25.9666450024	-1
25.9666450024	-1
25.9853420258	-1
25.9853420258	-1
25.9853420258	-1
25.9853420258	-1
25.9959008694	1
25.9959008694	1
25.9959008694	1
26.0035669804	-1
26.0400369167	1
26.0400369167	1
26.0400369167	1
26.1113960743	1
26.1361660957	-1
26.1426870823	-1
26.1426870823	-1
26.1426870823	-1
26.1426870823	-1
26.1426870823	-1
26.1426870823	-1
26.2323250771	1
26.3154149055	-1
26.3154499531	1
26.3154499531	1
26.349091053	-1
26.349091053	-1
26.349091053	-1
26.349091053	-1
26.349091053	-1
26.349091053	-1
26.4026079178	1
26.442054987	-1
26.442054987	-1
26.442054987	-1
26.4774229527	-1
26.477463007	1
26.477463007	1
26.487539053	1
26.487539053	1
26.487539053	1
26.5489420891	-1
26.5489420891	-1
26.5489420891	-1
26.5489420891	-1
26.5489420891	-1
26.5489420891	-1
26.5489420891	-1
26.5489420891	-1
26.5489420891	-1
26.567262888	1
26.567262888	1
26.567262888	1
26.5728890896	1
26.5728890896	1
26.5728890896	1
26.5797200203	-1
26.5797200203	-1
26.5797200203	-1
26.5797200203	-1
26.6259579659	-1
26.640996933	1
26.640996933	1
26.640996933	1
26.7275869846	-1
26.7276210785	-1
26.7276210785	-1
26.7276210785	-1
26.7276210785	-1
26.7276210785	-1
26.7276210785	-1
26.8754239082	-1
26.8766930103	-1
26.8766930103	-1
26.8766930103	-1
27.0235900879	-1
27.0235900879	-1
27.0255739689	-1
27.0255739689	-1
27.0255739689	-1
27.0255739689	-1
27.0983550549	-1
27.1145589352	1
27.2024068832	-1
27.2024419308	1
27.2025740147	-1
27.2025740147	-1
27.2025740147	-1
27.2765190601	-1
27.2765190601	-1
27.290088892	1
27.2986118793	1
27.2986118793	1
27.2986118793	1
27.2986118793	1
27.2986118793	1
27.2986118793	1
27.2986118793	1
27.2986118793	1
27.2986118793	1
27.2992119789	1
27.2992119789	1
27.3506610394	-1
27.3506610394	-1
27.3654909134	-1
27.3654909134	-1
27.3654909134	-1
27.3718469143	-1
27.3718469143	-1
27.3718469143	-1
27.390748024	1
27.390748024	1
27.390748024	1
27.390748024	1
27.517594099	-1
27.5199279785	-1
27.5199279785	-1
27.5199279785	-1
27.7192270756	-1
27.7192270756	-1
27.8655090332	-1
27.9262270927	-1
27.9262270927	-1
27.9262270927	-1
27.9397630692	-1
27.9397630692	-1
27.9907748699	-1
27.9907748699	-1
27.9907748699	-1
27.9907748699	-1
28.013958931	-1
28.0532970428	-1
28.0532970428	-1
28.0532970428	-1
28.1617350578	-1
28.2029139996	-1
28.2029139996	-1
28.2029139996	-1
28.203594923	1
28.3031260967	1
28.3031260967	1
28.3031260967	1
28.3512609005	-1
28.3512609005	-1
28.3512609005	-1
28.3714699745	-1
28.4072508812	1
28.4810500145	1
28.5180149078	-1
28.6143910885	-1
28.6143910885	-1
28.6143910885	-1
28.7228689194	-1
28.7970409393	-1
28.7970409393	-1
29.0729439259	-1
29.2218749523	-1
29.3762569427	-1
29.4118010998	1
29.4860138893	-1
29.4860138893	-1
29.4912278652	1
29.662735939	1
30.2990489006	1
30.3547260761	-1
30.3564519882	1
30.3564519882	1
30.3564519882	1
30.7351748943	-1
30.8875179291	-1
30.9382219315	1
30.9614329338	-1
31.0121669769	1
31.0611178875	1
31.0611178875	1
31.0611178875	1
31.0611178875	1
31.063131094	1
31.063131094	1
31.063131094	1
31.063131094	1
31.0859599113	1
31.0859599113	1
31.0859599113	1
31.0859599113	1
31.0859599113	1
31.0859599113	1
31.1351509094	1
31.1351509094	1
31.1351509094	1
31.137034893	1
31.137034893	1
31.137034893	1
31.137034893	1
31.1370389462	1
31.1370389462	1
31.1370389462	1
31.1370389462	1
31.1370389462	1
31.1370389462	1
31.1370389462	1
31.1370389462	1
31.160089016	1
31.160089016	1
31.160089016	1
31.160089016	1
31.160089016	1
31.160089016	1
31.160089016	1
31.160089016	1
