0.0	1
0.129884004593	1
0.374027967453	-1
0.375108957291	1
0.569756984711	-1
0.570996999741	1
0.574024915695	1
0.574024915695	1
0.574024915695	1
0.609439849854	1
0.609439849854	1
0.609439849854	1
1.10255599022	-1
1.10430598259	1
1.29544186592	-1
1.29687786102	1
1.45448088646	-1
1.45448088646	-1
1.45610880852	1
1.61112189293	-1
1.61112189293	-1
1.61116695404	1
1.80770683289	1
1.90370082855	-1
1.99921298027	-1
1.99921298027	-1
1.99921298027	-1
1.99921298027	-1
1.99921298027	-1
1.99921298027	-1
1.99921298027	-1
2.09951686859	-1
2.11265587807	1
2.20296096802	-1
2.20296096802	-1
2.20296096802	-1
2.20296096802	-1
2.20296096802	-1
2.20296096802	-1
2.20296096802	-1
2.20296096802	-1
2.2517747879	-1
2.2517747879	-1
2.30432486534	-1
2.30432486534	-1
2.30432486534	-1
2.30432486534	-1
2.30432486534	-1
2.30432486534	-1
2.30432486534	-1
2.36302495003	1
2.40487480164	-1
2.40702080727	-1
2.40702080727	-1
2.40702080727	-1
2.40702080727	-1
2.40702080727	-1
2.40702080727	-1
2.40702080727	-1
2.56319284439	-1
2.56319284439	-1
2.75458693504	-1
2.75567388535	1
2.91315579414	-1
3.40754795074	-1
3.56685090065	-1
3.57424783707	1
4.12641787529	-1
4.21133685112	-1
4.21133685112	-1
4.21133685112	-1
4.21133685112	-1
4.21133685112	-1
4.21133685112	-1
4.21133685112	-1
4.31465697289	-1
4.31523895264	-1
4.31523895264	-1
4.31523895264	-1
4.31523895264	-1
4.31523895264	-1
4.31523895264	-1
4.31523895264	-1
4.35178995132	1
4.35633897781	-1
4.35633897781	-1
4.35633897781	-1
4.35633897781	-1
4.35633897781	-1
4.35942292213	1
4.35942292213	1
4.35942292213	1
4.37429189682	1
4.37429189682	1
4.41278386116	-1
4.41356086731	-1
4.41356086731	-1
4.41356086731	-1
4.41356086731	-1
4.5067358017	1
4.5067358017	1
4.5067358017	1
4.5136179924	-1
4.5136179924	-1
4.5136179924	-1
4.5136179924	-1
4.5136179924	-1
4.5136179924	-1
4.5136179924	-1
4.55832290649	-1
4.66020488739	-1
4.66024184227	1
4.66024184227	1
4.66230797768	1
4.66230797768	1
4.66230797768	1
4.66230797768	1
4.66230797768	1
4.66230797768	1
4.96479392052	1
4.96479392052	1
5.01002192497	-1
5.19951200485	-1
5.20105981827	1
5.20121192932	1
5.20121192932	1
5.20121192932	1
5.20121192932	1
5.20907282829	-1
5.20907282829	-1
5.20907282829	-1
5.20907282829	-1
5.20907282829	-1
5.35232996941	1
5.35232996941	1
5.35232996941	1
5.35232996941	1
5.51060986519	-1
5.62133097649	-1
5.62133097649	-1
5.62133097649	-1
5.62133097649	-1
5.62133097649	-1
5.62133097649	-1
5.62133097649	-1
5.62133097649	-1
5.66668200493	1
5.76629900932	-1
5.76629900932	-1
5.76629900932	-1
5.76629900932	-1
5.76629900932	-1
5.76629900932	-1
5.76629900932	-1
5.80686593056	-1
5.80696988106	-1
5.80696988106	-1
5.80696988106	-1
5.80696988106	-1
5.80696988106	-1
5.80696988106	-1
5.80911779404	1
5.80911779404	1
5.80911779404	1
5.81921386719	-1
5.82006597519	-1
5.82006597519	-1
5.82006597519	-1
5.82006597519	-1
5.82006597519	-1
5.82006597519	-1
5.82006597519	-1
5.82006597519	-1
5.85009694099	-1
5.85099697113	-1
5.85099697113	-1
5.85099697113	-1
5.91307282448	-1
5.91307282448	-1
5.91307282448	-1
5.91307282448	-1
5.91307282448	-1
5.91307282448	-1
5.91307282448	-1
5.91307282448	-1
5.91307282448	-1
5.91341781616	-1
5.91341781616	-1
5.91341781616	-1
5.96141695976	-1
5.96160578728	-1
5.96160578728	-1
5.97534799576	1
5.97534799576	1
6.01425290108	-1
6.01425290108	-1
6.01425290108	-1
6.01425290108	-1
6.01425290108	-1
6.01425290108	-1
6.01425290108	-1
6.01425290108	-1
6.01425290108	-1
6.01460385323	-1
6.01460385323	-1
6.01460385323	-1
6.01460385323	-1
6.12777280807	1
6.16716694832	-1
6.16716694832	-1
6.16716694832	-1
6.16716694832	-1
6.16716694832	-1
6.16716694832	-1
6.16716694832	-1
6.16716694832	-1
6.1984000206	-1
6.19850182533	-1
6.19850182533	-1
6.19850182533	-1
6.19850182533	-1
6.19850182533	-1
6.19850182533	-1
6.19850182533	-1
6.19850182533	-1
6.24195790291	-1
6.24195790291	-1
6.24195790291	-1
6.24195790291	-1
6.24195790291	-1
6.24195790291	-1
6.24195790291	-1
6.2874917984	1
6.36594295502	-1
6.36594295502	-1
6.36594295502	-1
6.36594295502	-1
6.36594295502	-1
6.36594295502	-1
6.36594295502	-1
6.36594295502	-1
6.36594295502	-1
6.36628293991	-1
6.36628293991	-1
6.36628293991	-1
6.36628293991	-1
6.36634993553	-1
6.36634993553	-1
6.36634993553	-1
6.39564681053	-1
6.39603996277	-1
6.39603996277	-1
6.39603996277	-1
6.39603996277	-1
6.39603996277	-1
6.39603996277	-1
6.39603996277	-1
6.42896485329	-1
6.42923593521	-1
6.42923593521	-1
6.42923593521	-1
6.42923593521	-1
6.42923593521	-1
6.42923593521	-1
6.42923593521	-1
6.42923593521	-1
6.44495296478	1
6.45660281181	1
6.45660281181	1
6.45660281181	1
6.4707429409	-1
6.4707429409	-1
6.4707429409	-1
6.4707429409	-1
6.4707429409	-1
6.4707429409	-1
6.4707429409	-1
6.50891685486	-1
6.5224108696	-1
6.5224108696	-1
6.5224108696	-1
6.5224108696	-1
6.5224108696	-1
6.5224108696	-1
6.5224108696	-1
6.5224108696	-1
6.52263784409	-1
6.52263784409	-1
6.52263784409	-1
6.52263784409	-1
6.52263784409	-1
6.52263784409	-1
6.52370882034	1
6.52370882034	1
6.55538892746	-1
6.55538892746	-1
6.55538892746	-1
6.55640697479	-1
6.55640697479	-1
6.55640697479	-1
6.55640697479	-1
6.55640697479	-1
6.55712985992	1
6.55712985992	1
6.55712985992	1
6.59736180305	-1
6.59736180305	-1
6.59736180305	-1
6.59736180305	-1
6.59736180305	-1
6.59736180305	-1
6.59736180305	-1
6.59736180305	-1
6.59736180305	-1
6.60219192505	-1
6.60219192505	-1
6.60219192505	-1
6.60219192505	-1
6.60219192505	-1
6.60219192505	-1
6.60219192505	-1
6.6024389267	-1
6.6024389267	-1
6.63661789894	1
6.63661789894	1
6.63661789894	1
6.63837695122	-1
6.63837695122	-1
6.63837695122	-1
6.63837695122	-1
6.63837695122	-1
6.63837695122	-1
6.67991900444	-1
6.67991900444	-1
6.67991900444	-1
6.67991900444	-1
6.67991900444	-1
6.67991900444	-1
6.67991900444	-1
6.67991900444	-1
6.74237179756	-1
6.74237179756	-1
6.74237179756	-1
6.74237179756	-1
6.74237179756	-1
6.74237179756	-1
6.74237179756	-1
6.74237179756	-1
6.74489593506	1
6.74489593506	1
6.74502801895	1
6.74502801895	1
6.74502801895	1
6.74502801895	1
6.76496386528	-1
6.76496386528	-1
6.76496386528	-1
6.76496386528	-1
6.76496386528	-1
6.76496386528	-1
6.76496386528	-1
6.76496386528	-1
6.76527094841	-1
6.76527094841	-1
6.76527094841	-1
6.82459282875	-1
6.82459282875	-1
6.82459282875	-1
6.82459282875	-1
6.82459282875	-1
6.82459282875	-1
6.82459282875	-1
6.82459282875	-1
6.82459282875	-1
6.82494401932	-1
6.82494401932	-1
6.82494401932	-1
6.82494401932	-1
6.85764980316	-1
6.85844492912	-1
6.85844492912	-1
6.85844492912	-1
6.85844492912	-1
6.85844492912	-1
6.85844492912	-1
6.85844492912	-1
6.85965180397	-1
6.92577695847	-1
6.92577695847	-1
6.92577695847	-1
6.92577695847	-1
6.92577695847	-1
6.92577695847	-1
6.92577695847	-1
6.94232487679	-1
6.94237589836	-1
6.94237589836	-1
6.94237589836	-1
6.94237589836	-1
6.94237589836	-1
6.94237589836	-1
6.94237589836	-1
6.94268894196	1
6.96323990822	-1
6.96323990822	-1
6.96323990822	-1
6.96323990822	-1
6.96323990822	-1
6.96323990822	-1
6.96323990822	-1
6.96323990822	-1
7.02719187737	-1
7.02719187737	-1
7.02719187737	-1
7.02719187737	-1
7.02719187737	-1
7.02719187737	-1
7.02719187737	-1
7.02719187737	-1
7.02719187737	-1
7.02753901482	-1
7.02753901482	-1
7.02753901482	-1
7.02753901482	-1
7.02753901482	-1
7.02753901482	-1
7.02753901482	-1
7.15173888206	-1
7.15173888206	-1
7.15173888206	-1
7.15173888206	-1
7.15173888206	-1
7.15173888206	-1
7.15173888206	-1
7.19165301323	-1
7.19175696373	-1
7.19175696373	-1
7.19175696373	-1
7.19175696373	-1
7.19175696373	-1
7.19175696373	-1
7.19175696373	-1
7.19202280045	-1
7.19202280045	-1
7.19202280045	-1
7.19202280045	-1
7.19202280045	-1
7.19202280045	-1
7.19202280045	-1
7.19202280045	-1
7.23228383064	-1
7.23228383064	-1
7.23228383064	-1
7.23228383064	-1
7.23228383064	-1
7.23228383064	-1
7.23228383064	-1
7.23228383064	-1
7.23228383064	-1
7.23266100883	-1
7.23353695869	1
7.45647883415	1
7.50331687927	-1
7.50448894501	-1
7.50448894501	-1
7.50448894501	-1
7.50448894501	-1
7.50448894501	-1
7.57775783539	-1
7.57847380638	-1
7.57847380638	-1
7.57847380638	-1
7.57847380638	-1
7.57847380638	-1
7.57847380638	-1
7.57847380638	-1
7.61816191673	-1
7.61928200722	1
7.62198901176	-1
7.62198901176	-1
7.62198901176	-1
7.62217783928	-1
7.62217783928	-1
7.62217783928	-1
7.62217783928	-1
7.65766501427	-1
7.65766501427	-1
7.65766501427	-1
7.65766501427	-1
7.65766501427	-1
7.65766501427	-1
7.65766501427	-1
7.65766501427	-1
7.65766501427	-1
7.65799379349	-1
7.65799379349	-1
7.65799379349	-1
7.65799379349	-1
7.65799379349	-1
7.65799379349	-1
7.72299289703	-1
7.72299289703	-1
7.72778201103	-1
7.72778201103	-1
7.72778201103	-1
7.72778201103	-1
7.72778201103	-1
7.72778201103	-1
7.72778201103	-1
7.73994898796	-1
7.74508786201	-1
7.74508786201	-1
7.74508786201	-1
7.74508786201	-1
7.74508786201	-1
7.74508786201	-1
7.74508786201	-1
7.74508786201	-1
7.74538779259	-1
7.74538779259	-1
7.74538779259	-1
7.74538779259	-1
7.75391292572	-1
7.75391292572	-1
7.75391292572	-1
7.77177882195	-1
7.77234196663	-1
7.77234196663	-1
7.77234196663	-1
7.77234196663	-1
7.77234196663	-1
7.77234196663	-1
7.77234196663	-1
7.8201918602	-1
7.8201918602	-1
7.8201918602	-1
7.8201918602	-1
7.8201918602	-1
7.8201918602	-1
7.8201918602	-1
7.8201918602	-1
7.82023286819	1
7.85015487671	-1
7.85015487671	-1
7.85015487671	-1
7.85015487671	-1
7.85015487671	-1
7.85015487671	-1
7.85015487671	-1
7.85015487671	-1
7.87193584442	-1
7.87220287323	-1
7.87220287323	-1
7.87220287323	-1
7.87220287323	-1
7.87220287323	-1
7.87220287323	-1
7.87220287323	-1
7.87220287323	-1
7.87257099152	-1
7.87257099152	-1
7.87257099152	-1
7.88404583931	-1
7.88404583931	-1
7.88404583931	-1
7.92241191864	-1
7.92241191864	-1
7.92241191864	-1
7.92241191864	-1
7.92241191864	-1
7.92241191864	-1
7.92241191864	-1
7.92241191864	-1
7.93210887909	-1
7.93210887909	-1
7.93210887909	-1
7.93210887909	-1
7.93210887909	-1
7.93210887909	-1
7.93210887909	-1
7.93210887909	-1
7.93210887909	-1
7.93246889114	-1
7.93246889114	-1
7.93246889114	-1
7.93246889114	-1
7.93246889114	-1
7.93271493912	-1
7.93271493912	-1
7.98161482811	-1
7.98161482811	-1
7.98161482811	-1
7.98161482811	-1
7.98161482811	-1
7.98161482811	-1
7.98161482811	-1
7.98161482811	-1
7.98382687569	-1
7.98382687569	-1
7.98382687569	-1
7.98382687569	-1
7.98382687569	-1
7.98382687569	-1
7.98382687569	-1
7.98382687569	-1
7.98385882378	1
8.04219079018	-1
8.04219079018	-1
8.04219079018	-1
8.04219079018	-1
8.04219079018	-1
8.04219079018	-1
8.04219079018	-1
8.04219079018	-1
8.04311800003	-1
8.04311800003	-1
8.04323983192	-1
8.04323983192	-1
8.04323983192	-1
8.04323983192	-1
8.04323983192	-1
8.04323983192	-1
8.07589793205	-1
8.07594680786	-1
8.07594680786	-1
8.07594680786	-1
8.07594680786	-1
8.07594680786	-1
8.07594680786	-1
8.07594680786	-1
8.07594680786	-1
8.09030485153	-1
8.09030485153	-1
8.09030485153	-1
8.09030485153	-1
8.09052300453	-1
8.09052300453	-1
8.09052300453	-1
8.12232589722	-1
8.12249088287	-1
8.12249088287	-1
8.12249088287	-1
8.12249088287	-1
8.12249088287	-1
8.12249088287	-1
8.12249088287	-1
8.12249088287	-1
8.12285900116	-1
8.12285900116	-1
8.12285900116	-1
8.12409186363	1
8.12409186363	1
8.12409186363	1
8.13795185089	-1
8.13795185089	-1
8.13795185089	-1
8.13795185089	-1
8.13795185089	-1
8.13795185089	-1
8.13795185089	-1
8.13795185089	-1
8.13795185089	-1
8.14223194122	-1
8.14223194122	-1
8.14223194122	-1
8.16213583946	-1
8.16213583946	-1
8.16213583946	-1
8.16213583946	-1
8.16213583946	-1
8.16213583946	-1
8.16213583946	-1
8.16213583946	-1
8.175344944	-1
8.175344944	-1
8.175344944	-1
8.175344944	-1
8.23503994942	-1
8.23503994942	-1
8.23503994942	-1
8.23503994942	-1
8.23503994942	-1
8.23503994942	-1
8.23503994942	-1
8.23503994942	-1
8.23503994942	-1
8.23538899422	-1
8.23538899422	-1
8.23538899422	-1
8.27140879631	-1
8.27151489258	-1
8.27151489258	-1
8.27151489258	-1
8.27151489258	-1
8.27151489258	-1
8.27151489258	-1
8.28775191307	-1
8.28775191307	-1
8.28775191307	-1
8.28775191307	-1
8.28775191307	-1
8.28775191307	-1
8.28775191307	-1
8.32582783699	1
8.3386619091	-1
8.3386619091	-1
8.3386619091	-1
8.3386619091	-1
8.3386619091	-1
8.3386619091	-1
8.3386619091	-1
8.3386619091	-1
8.3386619091	-1
8.33911395073	-1
8.33911395073	-1
8.33911395073	-1
8.33911395073	-1
8.33911395073	-1
8.33911395073	-1
8.33911395073	-1
8.33911395073	-1
8.3869099617	-1
8.3869099617	-1
8.3869099617	-1
8.3869099617	-1
8.3869099617	-1
8.44119691849	-1
8.44119691849	-1
8.44119691849	-1
8.44119691849	-1
8.44119691849	-1
8.44119691849	-1
8.44119691849	-1
8.44119691849	-1
8.44119691849	-1
8.44154691696	-1
8.44154691696	-1
8.44329690933	-1
8.44329690933	-1
8.44329690933	-1
8.44329690933	-1
8.44329690933	-1
8.44329690933	-1
8.44329690933	-1
8.44329690933	-1
8.48660993576	1
8.48798179626	-1
8.48798179626	-1
8.48798179626	-1
8.48798179626	-1
8.53759694099	-1
8.53759694099	-1
8.53759694099	-1
8.53759694099	-1
8.53759694099	-1
8.53759694099	-1
8.53759694099	-1
8.53759694099	-1
8.53759694099	-1
8.537940979	-1
8.537940979	-1
8.537940979	-1
8.53830099106	-1
8.53830099106	-1
8.53830099106	-1
8.53830099106	-1
8.53830099106	-1
8.53830099106	-1
8.53830099106	-1
8.53830099106	-1
8.58141589165	-1
8.58324790001	-1
8.58324790001	-1
8.58324790001	-1
8.58324790001	-1
8.58324790001	-1
8.64716982841	-1
8.64716982841	-1
8.64716982841	-1
8.64716982841	-1
8.64716982841	-1
8.64716982841	-1
8.64716982841	-1
8.64716982841	-1
8.64716982841	-1
8.64801502228	-1
8.64801502228	-1
8.64801502228	-1
8.64801502228	-1
8.64801502228	-1
8.64801502228	-1
8.64801502228	-1
8.64801502228	-1
8.64801502228	-1
8.65002894402	1
8.7336359024	-1
8.7336359024	-1
8.7336359024	-1
8.73482489586	-1
8.73482489586	-1
8.73482489586	-1
8.73482489586	-1
8.73482489586	-1
8.73482489586	-1
8.73482489586	-1
8.73482489586	-1
8.73511695862	-1
8.73511695862	-1
8.73511695862	-1
8.73511695862	-1
8.73511695862	-1
8.75974392891	-1
8.76578497887	-1
8.76578497887	-1
8.76578497887	-1
8.76578497887	-1
8.76578497887	-1
8.76578497887	-1
8.80296492577	1
8.80296492577	1
8.83596801758	-1
8.83596801758	-1
8.83596801758	-1
8.83596801758	-1
8.83596801758	-1
8.83596801758	-1
8.83596801758	-1
8.83596801758	-1
8.83697199821	-1
8.83697199821	-1
8.83697199821	-1
8.83697199821	-1
8.83697199821	-1
8.83697199821	-1
8.83697199821	-1
8.83697199821	-1
8.88177394867	-1
8.88210701942	-1
8.88210701942	-1
8.88210701942	-1
8.88210701942	-1
8.88210701942	-1
8.88210701942	-1
8.94368195534	-1
8.94368195534	-1
8.94368195534	-1
8.94368195534	-1
8.94368195534	-1
8.94368195534	-1
8.94368195534	-1
8.94368195534	-1
8.94368195534	-1
8.94473695755	-1
8.94473695755	-1
8.94473695755	-1
8.94473695755	-1
8.94473695755	-1
8.94473695755	-1
8.94473695755	-1
8.94473695755	-1
8.95561099052	1
8.97890496254	-1
8.97890496254	-1
8.97890496254	-1
9.03939890862	-1
9.03939890862	-1
9.03939890862	-1
9.03939890862	-1
9.03939890862	-1
9.03939890862	-1
9.03939890862	-1
9.03939890862	-1
9.03939890862	-1
9.03974986076	-1
9.03974986076	-1
9.03974986076	-1
9.03974986076	-1
9.08676600456	-1
9.08735799789	-1
9.08735799789	-1
9.08735799789	-1
9.14492797852	-1
9.14492797852	-1
9.14492797852	-1
9.14492797852	-1
9.17007493973	-1
9.17007493973	-1
9.17007493973	-1
9.17007493973	-1
9.17007493973	-1
9.17007493973	-1
9.17007493973	-1
9.17007493973	-1
9.17007493973	-1
9.23931193352	-1
9.23956179619	-1
9.23956179619	-1
9.23956179619	-1
9.23956179619	-1
9.23956179619	-1
9.23956179619	-1
9.23956179619	-1
9.23956179619	-1
9.2399289608	-1
9.2399289608	-1
9.2399289608	-1
9.2399289608	-1
9.2399289608	-1
9.2399289608	-1
9.2415869236	1
9.25854301453	-1
9.25854301453	-1
9.25854301453	-1
9.25854301453	-1
9.25854301453	-1
9.33661580086	-1
9.33661580086	-1
9.33661580086	-1
9.33661580086	-1
9.33661580086	-1
9.33661580086	-1
9.33661580086	-1
9.33661580086	-1
9.33661580086	-1
9.33695578575	-1
9.33695578575	-1
9.37293601036	-1
9.37293601036	-1
9.37293601036	-1
9.37293601036	-1
9.37293601036	-1
9.37293601036	-1
9.43756890297	-1
9.43756890297	-1
9.43756890297	-1
9.43756890297	-1
9.43756890297	-1
9.43756890297	-1
9.43756890297	-1
9.43756890297	-1
9.43756890297	-1
9.43760180473	1
9.43836784363	-1
9.43836784363	-1
9.43836784363	-1
9.43836784363	-1
9.43836784363	-1
9.43836784363	-1
9.43836784363	-1
9.43836784363	-1
9.43836784363	-1
9.47543001175	-1
9.4939827919	-1
9.53844499588	-1
9.53844499588	-1
9.53844499588	-1
9.53844499588	-1
9.53844499588	-1
9.5422577858	-1
9.54237699509	-1
9.54237699509	-1
9.54237699509	-1
9.54237699509	-1
9.54237699509	-1
9.54237699509	-1
9.54237699509	-1
9.5552778244	-1
9.55588984489	-1
9.55588984489	-1
9.55588984489	-1
9.55588984489	-1
9.55588984489	-1
9.64501285553	-1
9.64501285553	-1
9.64501285553	-1
9.64501285553	-1
9.64501285553	-1
9.64501285553	-1
9.64501285553	-1
9.64501285553	-1
9.64501285553	-1
9.64504694939	1
9.6522758007	-1
9.6522758007	-1
9.6522758007	-1
9.6522758007	-1
9.6522758007	-1
9.6522758007	-1
9.6522758007	-1
9.6522758007	-1
9.6522758007	-1
9.70716691017	-1
9.70716691017	-1
9.70716691017	-1
9.70716691017	-1
9.73989892006	-1
9.73989892006	-1
9.73989892006	-1
9.73989892006	-1
9.73989892006	-1
9.73989892006	-1
9.73989892006	-1
9.73989892006	-1
9.73989892006	-1
9.74025797844	-1
9.74025797844	-1
9.74025797844	-1
9.78271198273	-1
9.78368902206	-1
9.78368902206	-1
9.78368902206	-1
9.84888100624	-1
9.84888100624	-1
9.84888100624	-1
9.84888100624	-1
9.84888100624	-1
9.84888100624	-1
9.84888100624	-1
9.84888100624	-1
9.84888100624	-1
9.84891486168	1
9.84922981262	-1
9.84922981262	-1
9.84922981262	-1
9.89698386192	-1
9.89698386192	-1
9.89698386192	-1
9.89698386192	-1
9.94613385201	-1
9.94613385201	-1
9.94613385201	-1
9.94613385201	-1
9.94613385201	-1
9.94613385201	-1
9.94613385201	-1
9.94613385201	-1
9.94613385201	-1
9.9464828968	-1
9.9464828968	-1
9.9464828968	-1
9.97252893448	-1
9.97322487831	-1
9.97322487831	-1
9.97322487831	-1
9.97322487831	-1
9.97322487831	-1
9.97322487831	-1
9.97322487831	-1
10.035602808	-1
10.0356388092	1
10.0356388092	1
10.0359590054	-1
10.0359590054	-1
10.0359590054	-1
10.0359590054	-1
10.0359590054	-1
10.0359590054	-1
10.0359590054	-1
10.0359590054	-1
10.0363218784	-1
10.0363218784	-1
10.0363218784	-1
10.0363218784	-1
10.0363218784	-1
10.0363218784	-1
10.0363218784	-1
10.0775430202	-1
10.0775430202	-1
10.0775430202	-1
10.0775430202	-1
10.1404139996	-1
10.1404139996	-1
10.1404139996	-1
10.1404139996	-1
10.1404139996	-1
10.1404139996	-1
10.1404139996	-1
10.1404139996	-1
10.1404139996	-1
10.1407628059	-1
10.1407628059	-1
10.1407628059	-1
10.1562869549	-1
10.1569588184	-1
10.1569588184	-1
10.1569588184	-1
10.1569588184	-1
10.2439329624	-1
10.2439329624	-1
10.2439329624	-1
10.2439329624	-1
10.2439329624	-1
10.2439329624	-1
10.2439329624	-1
10.2439329624	-1
10.2439329624	-1
10.2851839066	-1
10.2851839066	-1
10.2863349915	-1
10.2863349915	-1
10.2863349915	-1
10.2863349915	-1
10.2863349915	-1
10.2863349915	-1
10.2863349915	-1
10.2863349915	-1
10.3452718258	-1
10.3452718258	-1
10.3452718258	-1
10.3452718258	-1
10.3452718258	-1
10.3452718258	-1
10.3452718258	-1
10.3452718258	-1
10.3452718258	-1
10.3456118107	-1
10.3456118107	-1
10.3456118107	-1
10.3456118107	-1
10.3456118107	-1
10.3456118107	-1
10.3468489647	1
10.3662538528	-1
10.3662538528	-1
10.3662538528	-1
10.4622969627	-1
10.4622969627	-1
10.4622969627	-1
10.4622969627	-1
10.4622969627	-1
10.4622969627	-1
10.4622969627	-1
10.4622969627	-1
10.4622969627	-1
10.4626460075	-1
10.4626460075	-1
10.4626460075	-1
10.4626460075	-1
10.4635949135	1
10.4635949135	1
10.4635949135	1
10.4939959049	-1
10.5228099823	-1
10.541672945	-1
10.541672945	-1
10.541672945	-1
10.541672945	-1
10.541672945	-1
10.541672945	-1
10.541672945	-1
10.541672945	-1
10.541672945	-1
10.5421099663	-1
10.5421099663	-1
10.5421099663	-1
10.5421099663	-1
10.5421099663	-1
10.6390860081	-1
10.6390860081	-1
10.6390860081	-1
10.6390860081	-1
10.6390860081	-1
10.6390860081	-1
10.6390860081	-1
10.6390860081	-1
10.6390860081	-1
10.6390860081	-1
10.6394019127	-1
10.6394019127	-1
10.6394019127	-1
10.6394019127	-1
10.6394019127	-1
10.6394019127	-1
10.6692759991	-1
10.6698508263	-1
10.6698508263	-1
10.69647789	1
10.7002649307	1
10.7002649307	1
10.7002649307	1
10.7007598877	1
10.7007598877	1
10.7469739914	-1
10.7469739914	-1
10.7469739914	-1
10.7469739914	-1
10.7469739914	-1
10.7469739914	-1
10.7469739914	-1
10.7469739914	-1
10.7469739914	-1
10.7473199368	-1
10.7473199368	-1
10.7473199368	-1
10.7473199368	-1
10.748169899	-1
10.7487709522	-1
10.7487709522	-1
10.7487709522	-1
10.7487709522	-1
10.7487709522	-1
10.7487709522	-1
10.7487709522	-1
10.7948069572	-1
10.8418250084	-1
10.8435668945	-1
10.8435668945	-1
10.8435668945	-1
10.8435668945	-1
10.8435668945	-1
10.8435668945	-1
10.8435668945	-1
10.8435668945	-1
10.8435668945	-1
10.843916893	-1
10.843916893	-1
10.843916893	-1
10.843916893	-1
10.843916893	-1
10.8450388908	1
10.8450388908	1
10.8450388908	1
10.8898308277	-1
10.8898308277	-1
10.8898308277	-1
10.8898308277	-1
10.8898308277	-1
10.9392437935	-1
10.9394929409	-1
10.9394929409	-1
10.9394929409	-1
10.9394929409	-1
10.9394929409	-1
10.9394929409	-1
10.9394929409	-1
10.9394929409	-1
10.9612998962	-1
10.9612998962	-1
10.9668610096	1
10.9668610096	1
10.9668610096	1
10.9696338177	-1
10.9696338177	-1
10.9696338177	-1
10.9696338177	-1
10.9696338177	-1
11.0570459366	-1
11.0570459366	-1
11.0570459366	-1
11.0570459366	-1
11.0570459366	-1
11.0570459366	-1
11.0570459366	-1
11.0570459366	-1
11.0570459366	-1
11.0988957882	-1
11.0988957882	-1
11.0996308327	-1
11.0996308327	-1
11.0996308327	-1
11.154984951	-1
11.154984951	-1
11.154984951	-1
11.154984951	-1
11.154984951	-1
11.154984951	-1
11.154984951	-1
11.154984951	-1
11.154984951	-1
11.1553368568	-1
11.1553368568	-1
11.1553368568	-1
11.1954948902	-1
11.1954948902	-1
11.1954948902	-1
11.1954948902	-1
11.1954948902	-1
11.1954948902	-1
11.1955268383	1
11.2521858215	-1
11.2521858215	-1
11.2521858215	-1
11.2521858215	-1
11.2521858215	-1
11.2521858215	-1
11.2521858215	-1
11.2521858215	-1
11.2521858215	-1
11.2979068756	-1
11.2979068756	-1
11.2983808517	-1
11.2983808517	-1
11.2983808517	-1
11.2983808517	-1
11.2983808517	-1
11.2983808517	-1
11.2983808517	-1
11.3463788033	-1
11.3463788033	-1
11.3463788033	-1
11.3463788033	-1
11.3463788033	-1
11.3463788033	-1
11.3463788033	-1
11.3463788033	-1
11.3517730236	-1
11.3517730236	-1
11.3517730236	-1
11.3517730236	-1
11.3517730236	-1
11.3517730236	-1
11.3517730236	-1
11.3517730236	-1
11.3775269985	-1
11.3787269592	-1
11.3787269592	-1
11.3787269592	-1
11.3787269592	-1
11.3787269592	-1
11.3792419434	1
11.448570013	-1
11.448570013	-1
11.448570013	-1
11.448570013	-1
11.448570013	-1
11.448570013	-1
11.448570013	-1
11.448570013	-1
11.448570013	-1
11.4577438831	-1
11.4577438831	-1
11.4579088688	-1
11.4579088688	-1
11.4579088688	-1
11.4579088688	-1
11.4579088688	-1
11.4579088688	-1
11.4579088688	-1
11.4579088688	-1
11.5684709549	-1
11.5684709549	-1
11.5684709549	-1
11.5684709549	-1
11.5684709549	-1
11.5684709549	-1
11.5684709549	-1
11.5684709549	-1
11.5684709549	-1
11.568502903	1
11.5688250065	-1
11.5688250065	-1
11.5688250065	-1
11.5688250065	-1
11.5688250065	-1
11.5688250065	-1
11.6102049351	-1
11.6102049351	-1
11.6102049351	-1
11.6102049351	-1
11.6488888264	-1
11.6495828629	-1
11.6495828629	-1
11.6495828629	-1
11.6495828629	-1
11.6495828629	-1
11.6495828629	-1
11.6495828629	-1
11.6495828629	-1
11.6498448849	-1
11.6498448849	-1
11.6571829319	-1
11.6571829319	-1
11.6571829319	-1
11.6571829319	-1
11.6571829319	-1
11.7467768192	-1
11.7467768192	-1
11.7467768192	-1
11.7467768192	-1
11.7467768192	-1
11.7467768192	-1
11.7467768192	-1
11.7467768192	-1
11.7467768192	-1
11.7468078136	1
11.7471308708	-1
11.7471308708	-1
11.7972509861	-1
11.7972509861	-1
11.7972509861	-1
11.7972509861	-1
11.7972509861	-1
11.7972509861	-1
11.8504619598	-1
11.8504619598	-1
11.8504619598	-1
11.8504619598	-1
11.8504619598	-1
11.8504619598	-1
11.8504619598	-1
11.8504619598	-1
11.8504619598	-1
11.8508729935	-1
11.8508729935	-1
11.8508729935	-1
11.8508729935	-1
11.8508729935	-1
11.8508729935	-1
11.8508729935	-1
11.8508729935	-1
11.8508729935	-1
11.896848917	-1
11.9926218987	-1
12.090408802	-1
12.090408802	-1
12.090408802	-1
12.090408802	-1
12.090408802	-1
12.090408802	-1
12.1303617954	-1
12.1303617954	-1
12.1303617954	-1
12.1303617954	-1
12.1303617954	-1
12.1303617954	-1
12.1303617954	-1
12.1303617954	-1
12.1303617954	-1
12.1307139397	-1
12.1307139397	-1
12.1307139397	-1
12.1307139397	-1
12.1307139397	-1
12.1307139397	-1
12.1309788227	-1
12.1311028004	-1
12.1311028004	-1
12.1311028004	-1
12.1311028004	-1
12.1311028004	-1
12.1311028004	-1
12.1311028004	-1
12.1311028004	-1
12.1314849854	1
12.173101902	-1
12.173101902	-1
12.173101902	-1
12.173101902	-1
12.173101902	-1
12.173101902	-1
12.173101902	-1
12.173101902	-1
12.173101902	-1
12.1734538078	-1
12.1734538078	-1
12.1734538078	-1
12.1734538078	-1
12.1734538078	-1
12.2167189121	-1
12.2167189121	-1
12.2167189121	-1
12.2173969746	-1
12.2173969746	-1
12.2173969746	-1
12.2173969746	-1
12.2173969746	-1
12.2173969746	-1
12.2173969746	-1
12.2173969746	-1
12.2177479267	-1
12.2177479267	-1
12.2177479267	-1
12.2177479267	-1
12.2177479267	-1
12.2177479267	-1
12.2177479267	-1
12.2179658413	-1
12.2736339569	-1
12.2736339569	-1
12.2736339569	-1
12.2736339569	-1
12.2736339569	-1
12.2736339569	-1
12.2736339569	-1
12.2736339569	-1
12.2736339569	-1
12.2739698887	-1
12.2739698887	-1
12.2739698887	-1
12.2739698887	-1
12.2739698887	-1
12.2906398773	-1
12.2906398773	-1
12.2906398773	-1
12.2906398773	-1
12.2906589508	1
12.2906589508	1
12.3557808399	-1
12.3557808399	-1
12.3557808399	-1
12.3557808399	-1
12.3557808399	-1
12.3557808399	-1
12.3557808399	-1
12.3557808399	-1
12.3557808399	-1
12.3561220169	-1
12.3561220169	-1
12.3561220169	-1
12.4039800167	-1
12.4039800167	-1
12.4039800167	-1
12.4039800167	-1
12.4662349224	-1
12.4663589001	-1
12.4663589001	-1
12.4663589001	-1
12.4663589001	-1
12.4663589001	-1
12.4663589001	-1
12.4663589001	-1
12.4663589001	-1
12.4667298794	-1
12.4667298794	-1
12.4667298794	-1
12.4679968357	1
12.5085008144	-1
12.5085008144	-1
12.5085008144	-1
12.5085008144	-1
12.5085008144	-1
12.5085008144	-1
12.5584909916	-1
12.5584909916	-1
12.5584909916	-1
12.5584909916	-1
12.5584909916	-1
12.5584909916	-1
12.5584909916	-1
12.5584909916	-1
12.5584909916	-1
12.7115068436	-1
12.7128958702	1
12.7195808887	-1
12.7195808887	-1
12.7195808887	-1
12.7195808887	-1
12.7195808887	-1
12.7195808887	-1
12.7195808887	-1
12.7195808887	-1
12.7468109131	-1
12.7469158173	-1
12.7469158173	-1
12.7469158173	-1
12.7469158173	-1
12.8023109436	-1
12.8102970123	-1
12.8102970123	-1
12.8102970123	-1
12.8117928505	-1
12.8117928505	-1
12.8117928505	-1
12.8117928505	-1
12.8117928505	-1
12.8117928505	-1
12.8117928505	-1
12.8370218277	-1
12.8513569832	-1
12.8513569832	-1
12.852055788	-1
12.852055788	-1
12.852055788	-1
12.852055788	-1
12.852055788	-1
12.8865828514	-1
12.8865828514	-1
12.8865828514	-1
12.8865828514	-1
12.8865828514	-1
12.8865828514	-1
12.8865828514	-1
12.8866138458	1
12.9567358494	-1
12.9568479061	-1
12.9568479061	-1
12.9568479061	-1
12.9568479061	-1
12.9568479061	-1
12.9568479061	-1
12.9568479061	-1
12.9568479061	-1
12.9956068993	-1
12.9963879585	-1
12.9963879585	-1
12.9963879585	-1
12.9963879585	-1
13.0606470108	-1
13.0606470108	-1
13.0606470108	-1
13.0606470108	-1
13.0606470108	-1
13.0606470108	-1
13.0606470108	-1
13.0606470108	-1
13.0606470108	-1
13.0606808662	1
13.060997963	-1
13.060997963	-1
13.1004638672	-1
13.1004638672	-1
13.1004638672	-1
13.1004638672	-1
13.1004638672	-1
13.2873899937	-1
13.2873899937	-1
13.2873899937	-1
13.4158709049	-1
13.4158709049	-1
13.4158709049	-1
13.4158709049	-1
13.4158709049	-1
13.4158709049	-1
13.4158709049	-1
13.4158709049	-1
13.4158709049	-1
13.4162209034	-1
13.4162209034	-1
13.4162209034	-1
13.4162209034	-1
13.4171099663	-1
13.4171099663	-1
13.417965889	1
13.4469199181	-1
13.4469199181	-1
13.4469199181	-1
13.4469199181	-1
13.4469199181	-1
13.4469199181	-1
13.4469199181	-1
13.4469199181	-1
13.4784309864	-1
13.4784309864	-1
13.4784309864	-1
13.4784309864	-1
13.4784309864	-1
13.4784309864	-1
13.4784309864	-1
13.4784309864	-1
13.5130088329	-1
13.5130088329	-1
13.5130088329	-1
13.5130088329	-1
13.5130088329	-1
13.5130088329	-1
13.5130088329	-1
13.5130088329	-1
13.5130088329	-1
13.5133528709	-1
13.5133528709	-1
13.5166208744	1
13.5166208744	1
13.5166208744	1
13.6097350121	1
13.7173960209	-1
13.8538689613	-1
13.8538689613	-1
13.8538689613	-1
13.8538689613	-1
13.8664228916	1
13.87129879	1
13.87129879	1
13.87129879	1
13.8796749115	1
13.8796749115	1
13.8796749115	1
14.1785669327	1
14.2623989582	-1
14.3722438812	-1
14.3722438812	-1
14.3722438812	-1
14.3722438812	-1
14.3722438812	-1
14.3722438812	-1
14.3722438812	-1
14.4109508991	-1
14.4110529423	-1
14.4110529423	-1
14.4110529423	-1
14.4695558548	-1
14.4695558548	-1
14.4695558548	-1
14.4695558548	-1
14.4695558548	-1
14.4695558548	-1
14.4695558548	-1
14.4695558548	-1
14.4695558548	-1
14.4699068069	-1
14.4699068069	-1
14.4699068069	-1
14.4699068069	-1
14.4699068069	-1
14.4699068069	-1
14.5173859596	-1
14.5173859596	-1
14.5173859596	-1
14.5173859596	-1
14.5173859596	-1
14.5173859596	-1
14.5177419186	1
14.5658438206	-1
14.5675878525	-1
14.5675878525	-1
14.5675878525	-1
14.5675878525	-1
14.5675878525	-1
14.5675878525	-1
14.5675878525	-1
14.5675878525	-1
14.5678169727	-1
14.6008768082	-1
14.6008768082	-1
14.6008768082	-1
14.6008768082	-1
14.6008768082	-1
14.6008768082	-1
14.6008768082	-1
14.6008768082	-1
14.6178939342	-1
14.6178939342	-1
14.6178939342	-1
14.6634409428	-1
14.6634409428	-1
14.6634409428	-1
14.6634409428	-1
14.6634409428	-1
14.6634409428	-1
14.6634409428	-1
14.6634409428	-1
14.6634409428	-1
14.6637790203	-1
14.6637790203	-1
14.6637790203	-1
14.6637790203	-1
14.712212801	-1
14.7196648121	-1
14.7196648121	-1
14.7196648121	-1
14.7196648121	-1
14.7717399597	-1
14.78125	-1
14.78125	-1
14.78125	-1
14.78125	-1
14.78125	-1
14.78125	-1
14.78125	-1
14.78125	-1
14.7813808918	-1
14.7813808918	-1
14.7831039429	1
14.8143379688	-1
14.8143379688	-1
14.8143379688	-1
14.8750629425	-1
14.8750629425	-1
14.8750629425	-1
14.8750629425	-1
14.8750629425	-1
14.8750629425	-1
14.8750629425	-1
14.8750629425	-1
14.8750629425	-1
14.8754038811	-1
14.8754038811	-1
14.8754038811	-1
14.8754038811	-1
14.9181969166	-1
14.9189658165	-1
14.9189658165	-1
14.9189658165	-1
14.9849169254	-1
14.9849169254	-1
14.9849169254	-1
14.9849169254	-1
14.9849169254	-1
14.9849169254	-1
14.9849169254	-1
14.9849169254	-1
14.9849169254	-1
14.9849438667	1
14.9852688313	-1
14.9852688313	-1
14.9852688313	-1
15.0190548897	-1
15.0190548897	-1
15.0190548897	-1
15.0190548897	-1
15.0190548897	-1
15.0190548897	-1
15.0781998634	-1
15.0783159733	-1
15.0783159733	-1
15.0783159733	-1
15.0783159733	-1
15.0783159733	-1
15.0783159733	-1
15.0783159733	-1
15.0783159733	-1
15.0785529613	-1
15.0948729515	-1
15.0948729515	-1
15.0948729515	-1
15.0948729515	-1
15.0948729515	-1
15.0948729515	-1
15.0948729515	-1
15.1640179157	-1
15.1640179157	-1
15.1640179157	-1
15.1640179157	-1
15.1640179157	-1
15.1640179157	-1
15.1640179157	-1
15.1640179157	-1
15.1640598774	1
15.1640598774	1
15.2053539753	-1
15.2058289051	-1
15.2058289051	-1
15.2058289051	-1
15.2058289051	-1
15.2058289051	-1
15.266646862	-1
15.266646862	-1
15.266646862	-1
15.266646862	-1
15.266646862	-1
15.266646862	-1
15.266646862	-1
15.266646862	-1
15.266646862	-1
15.2973639965	-1
15.3049819469	-1
15.3049819469	-1
15.3049819469	-1
15.3049819469	-1
15.3049819469	-1
15.3733808994	-1
15.374341011	-1
15.374341011	-1
15.4132540226	-1
15.4132540226	-1
15.4132540226	-1
15.4464199543	1
15.4783558846	1
15.4783558846	1
15.4783558846	1
15.7714428902	1
15.7853310108	-1
15.9932320118	-1
16.0838708878	-1
16.0838708878	-1
16.0838708878	-1
16.0838708878	-1
16.0838708878	-1
16.0838708878	-1
16.0838708878	-1
16.1254818439	-1
16.1255857944	-1
16.1255857944	-1
16.1255857944	-1
16.1255857944	-1
16.1255857944	-1
16.1255857944	-1
16.177230835	-1
16.177230835	-1
16.177230835	-1
16.177230835	-1
16.177230835	-1
16.177230835	-1
16.177230835	-1
16.177230835	-1
16.177230835	-1
16.1784329414	1
16.2210569382	-1
16.2210569382	-1
16.2210569382	-1
16.2210569382	-1
16.2813229561	-1
16.2813229561	-1
16.2813229561	-1
16.2813229561	-1
16.316259861	-1
16.316259861	-1
16.316259861	-1
16.316259861	-1
16.316259861	-1
16.316259861	-1
16.316259861	-1
16.316259861	-1
16.3854658604	-1
16.3854658604	-1
16.3854658604	-1
16.3854658604	-1
16.3854658604	-1
16.3854658604	-1
16.3854658604	-1
16.3854658604	-1
16.3855059147	1
16.3855059147	1
16.4321379662	-1
16.4321379662	-1
16.4321379662	-1
16.4321379662	-1
16.4321379662	-1
16.4321379662	-1
16.4321379662	-1
16.4820649624	-1
16.482175827	-1
16.482175827	-1
16.482175827	-1
16.482175827	-1
16.482175827	-1
16.482175827	-1
16.482175827	-1
16.482175827	-1
16.526391983	-1
16.5264978409	-1
16.5264978409	-1
16.5264978409	-1
16.5264978409	-1
16.5264978409	-1
16.5264978409	-1
16.5264978409	-1
16.5438477993	1
16.5438477993	1
16.5857019424	-1
16.5857019424	-1
16.5857019424	-1
16.5857019424	-1
16.6803908348	-1
16.6803908348	-1
16.6803908348	-1
16.6803908348	-1
16.6803908348	-1
16.6990988255	1
16.6990988255	1
16.9819169044	-1
17.0790698528	-1
17.0790698528	-1
17.0790698528	-1
17.0790698528	-1
17.1888449192	1
17.2825269699	-1
17.2825269699	-1
17.2825269699	-1
17.2825269699	-1
17.2825269699	-1
17.3494198322	1
17.3494198322	1
17.5852189064	-1
17.590749979	1
17.7424168587	1
17.9806208611	-1
18.2296259403	-1
18.382147789	-1
18.5185759068	1
18.5188817978	1
18.5188817978	1
18.5188817978	1
18.5188817978	1
18.5193789005	1
18.5193789005	1
18.5193789005	1
18.5193789005	1
18.5193789005	1
18.5195097923	1
18.5195097923	1
18.5195097923	1
18.5487148762	-1
18.6774249077	1
18.6774249077	1
18.6774249077	1
18.6774249077	1
18.6774249077	1
18.6774249077	1
18.6774249077	1
18.6774249077	1
18.6774249077	1
18.6774249077	1
