0.0	1
0.24996304512	1
0.706743001938	-1
0.708029031754	1
0.90882897377	-1
0.909678936005	1
0.911624908447	1
0.911624908447	1
0.911624908447	1
0.911624908447	1
0.911624908447	1
0.911624908447	1
1.70978593826	-1
1.71140503883	1
1.90707612038	-1
1.90825796127	1
2.02296113968	-1
2.02415204048	1
2.13866710663	-1
2.1398730278	1
2.25421309471	-1
2.25493502617	1
2.36933708191	-1
2.51002693176	-1
2.51002693176	-1
2.51002693176	-1
2.51002693176	-1
2.51002693176	-1
2.63648104668	-1
2.71243691444	-1
2.71243691444	-1
2.71243691444	-1
2.71243691444	-1
2.7265920639	1
2.80813407898	-1
2.80813407898	-1
2.80813407898	-1
2.80813407898	-1
2.80813407898	-1
2.80813407898	-1
2.80813407898	-1
2.90683913231	-1
2.90700602531	-1
2.90700602531	-1
2.90700602531	-1
2.90700602531	-1
2.90700602531	-1
2.90700602531	-1
2.90700602531	-1
2.97710204124	1
3.0061841011	-1
3.0061841011	-1
3.0061841011	-1
3.10822892189	-1
3.10822892189	-1
3.10822892189	-1
3.10822892189	-1
3.10822892189	-1
3.10822892189	-1
3.10822892189	-1
3.12305998802	1
3.13702201843	-1
3.14713811874	-1
3.27541303635	1
3.30914402008	-1
3.30945301056	-1
3.30945301056	-1
3.30945301056	-1
3.30945301056	-1
3.30945301056	-1
3.30945301056	-1
3.30945301056	-1
3.30945301056	-1
3.30969810486	-1
3.30969810486	-1
3.30969810486	-1
3.30969810486	-1
3.30969810486	-1
3.32956194878	-1
3.32961297035	-1
3.32961297035	-1
3.32961297035	-1
3.42383408546	1
3.52742600441	-1
3.52742600441	-1
3.52742600441	-1
3.53920793533	1
3.69139003754	1
3.69139003754	1
3.8433611393	1
3.8433611393	1
4.91295099258	-1
4.91336107254	-1
4.91336107254	-1
4.91336107254	-1
4.91336107254	-1
4.91336107254	-1
4.91336107254	-1
4.91336107254	-1
4.91336107254	-1
4.91360592842	-1
4.91360592842	-1
4.91360592842	-1
4.91360592842	-1
4.91360592842	-1
4.92818903923	-1
4.92824101448	-1
4.92824101448	-1
4.92824101448	-1
4.92824101448	-1
4.92824101448	-1
4.92824101448	-1
4.92941594124	1
5.02779507637	-1
5.02779507637	-1
5.02779507637	-1
5.02779507637	-1
5.02779507637	-1
5.02779507637	-1
5.02779507637	-1
5.02779507637	-1
5.02779507637	-1
5.02814102173	-1
5.02814102173	-1
5.02814102173	-1
5.02814102173	-1
5.02814102173	-1
5.02814102173	-1
5.02814102173	-1
5.02814102173	-1
5.04260802269	-1
5.04260802269	-1
5.04260802269	-1
5.04260802269	-1
5.04260802269	-1
5.04260802269	-1
5.04260802269	-1
5.04260802269	-1
5.04307198524	-1
5.04307198524	-1
5.04307198524	-1
5.04307198524	-1
5.04307198524	-1
5.04307198524	-1
5.04307198524	-1
5.10650801659	-1
5.10857105255	1
5.14240694046	-1
5.14240694046	-1
5.14240694046	-1
5.14240694046	-1
5.14240694046	-1
5.14240694046	-1
5.33927297592	1
5.33927297592	1
5.61067795753	-1
5.72488808632	-1
5.80765414238	-1
5.80765414238	-1
5.80765414238	-1
5.80765414238	-1
5.80765414238	-1
5.80765414238	-1
5.80839204788	1
5.91542196274	-1
5.91542196274	-1
5.91542196274	-1
5.91542196274	-1
5.91542196274	-1
6.00697994232	-1
6.00697994232	-1
6.00697994232	-1
6.00697994232	-1
6.00697994232	-1
6.00697994232	-1
6.00697994232	-1
6.0304069519	-1
6.1165599823	-1
6.12104392052	-1
6.12104392052	-1
6.12104392052	-1
6.12104392052	-1
6.12104392052	-1
6.12104392052	-1
6.12104392052	-1
6.21069407463	-1
6.21101212502	-1
6.21101212502	-1
6.21101212502	-1
6.21101212502	-1
6.21101212502	-1
6.21101212502	-1
6.21101212502	-1
6.32960605621	-1
6.32960605621	-1
6.32960605621	-1
6.33005309105	-1
6.33005309105	-1
6.33005309105	-1
6.51016306877	-1
6.51096200943	-1
6.51096200943	-1
6.51096200943	-1
6.51096200943	-1
6.51096200943	-1
6.51096200943	-1
6.51096200943	-1
6.51096200943	-1
6.51115393639	-1
6.51115393639	-1
6.51115393639	-1
6.51115393639	-1
6.5273411274	-1
6.5273411274	-1
6.5273411274	-1
6.5273411274	-1
6.5273411274	-1
6.5273411274	-1
6.5273411274	-1
6.5273411274	-1
6.5273411274	-1
6.52847695351	1
6.62490200996	-1
6.62502002716	-1
6.62502002716	-1
6.62502002716	-1
6.64260292053	1
6.70919203758	-1
6.70919203758	-1
6.70919203758	-1
6.70919203758	-1
6.70919203758	-1
6.70919203758	-1
6.70919203758	-1
6.72596406937	-1
6.73923301697	-1
6.81049799919	-1
6.81049799919	-1
6.81049799919	-1
6.81049799919	-1
6.81049799919	-1
6.81049799919	-1
6.81049799919	-1
6.82886695862	-1
6.85339999199	-1
6.90988302231	-1
6.90988302231	-1
6.90988302231	-1
6.90988302231	-1
7.0102660656	-1
7.0102660656	-1
7.0102660656	-1
7.0102660656	-1
7.23563694954	-1
11.9103240967	-1
14.5057871342	-1
14.7095811367	-1
15.1555409431	1
15.2696819305	1
15.8194639683	-1
16.0082149506	-1
16.1227910519	-1
17.0371789932	1
17.038490057	1
17.038490057	1
17.038490057	1
17.0397160053	1
17.0397160053	1
17.0397160053	1
17.0397160053	1
17.0403010845	1
17.0479340553	1
17.0479340553	1
17.0479340553	1
17.0511379242	1
17.0511379242	1
17.0543301105	1
17.0543301105	1
17.0543301105	1
17.1514480114	1
17.289276123	1
17.3038020134	1
17.3038020134	1
17.3038020134	1
17.9066281319	-1
18.1125221252	-1
18.1139609814	-1
18.1139609814	-1
18.1139609814	-1
18.1139609814	-1
18.1143569946	1
18.2174739838	-1
18.2174739838	-1
18.2174739838	-1
18.2174739838	-1
18.2174739838	-1
18.2174739838	-1
18.2174739838	-1
18.2174739838	-1
18.2174739838	-1
18.2200639248	1
18.2200639248	1
18.2200639248	1
18.3146820068	-1
18.3146820068	-1
18.3146820068	-1
18.3146820068	-1
18.3146820068	-1
18.3167500496	-1
18.3167500496	-1
18.3167500496	-1
18.3167500496	-1
18.3428211212	-1
18.4090719223	-1
18.4090719223	-1
18.4090719223	-1
18.4090719223	-1
18.4090719223	-1
18.4090719223	-1
18.4090719223	-1
18.4098920822	-1
18.4098920822	-1
18.4098920822	-1
18.4098920822	-1
18.4570639133	-1
18.4597330093	1
18.6107461452	1
18.8113129139	-1
19.0082969666	-1
19.009100914	-1
19.009100914	-1
19.009100914	-1
19.009100914	-1
19.009100914	-1
19.009100914	-1
19.009100914	-1
19.1308150291	1
19.2153270245	-1
19.2153270245	-1
19.2153270245	-1
19.2153270245	-1
19.2153270245	-1
19.2153270245	-1
19.2153270245	-1
19.2153270245	-1
19.2153270245	-1
19.2156629562	-1
19.2156629562	-1
19.2156629562	-1
19.2156629562	-1
19.2156629562	-1
19.2156629562	-1
19.2159099579	-1
19.2159099579	-1
19.2159099579	-1
19.3351409435	-1
19.3351409435	-1
19.3351409435	-1
19.3355400562	-1
19.3355400562	-1
19.3355400562	-1
19.3355400562	-1
19.3355400562	-1
19.3355400562	-1
19.3909780979	1
19.4075939655	-1
19.4075939655	-1
19.4075939655	-1
19.4075939655	-1
19.4075939655	-1
19.4075939655	-1
19.4075939655	-1
19.4278740883	-1
19.5040960312	-1
19.5098149776	-1
19.5098149776	-1
19.5098149776	-1
19.5098149776	-1
19.5098149776	-1
19.5098149776	-1
19.5098149776	-1
19.5264661312	-1
19.5265719891	-1
19.5265719891	-1
19.5265719891	-1
19.6077051163	-1
19.6077051163	-1
19.6077051163	-1
19.6077051163	-1
19.6077051163	-1
19.6077051163	-1
19.6077051163	-1
19.619590044	1
19.6260309219	-1
19.6260309219	-1
19.6260309219	-1
19.6260309219	-1
19.7068219185	-1
19.7068219185	-1
19.7068219185	-1
19.7068219185	-1
19.7068219185	-1
19.7068219185	-1
19.7068219185	-1
19.7329909801	-1
19.7329909801	-1
19.8186769485	-1
19.8186769485	-1
19.8186769485	-1
19.8186769485	-1
19.8186769485	-1
19.8186769485	-1
19.8186769485	-1
19.8386030197	-1
19.8387060165	-1
19.8387060165	-1
19.8387060165	-1
19.8387060165	-1
19.8387060165	-1
19.9131660461	-1
19.9131660461	-1
19.9131660461	-1
19.9131660461	-1
19.9131660461	-1
19.9131660461	-1
19.9131660461	-1
20.0090460777	-1
20.0090460777	-1
20.0090460777	-1
20.0093541145	-1
20.0093541145	-1
20.0093541145	-1
20.0093541145	-1
20.0093541145	-1
20.0093541145	-1
20.0330469608	-1
20.0330469608	-1
20.1089780331	-1
20.1089780331	-1
20.1089780331	-1
20.1089780331	-1
20.1089780331	-1
20.1089780331	-1
20.1089780331	-1
20.125795126	-1
20.1269869804	1
20.1912031174	-1
20.2132360935	-1
20.2132360935	-1
20.2132360935	-1
20.2132360935	-1
20.3106751442	-1
20.3106751442	-1
20.3106751442	-1
20.3106751442	-1
20.3106751442	-1
20.3106751442	-1
20.3367190361	1
21.2123141289	-1
21.4085569382	-1
21.416877985	1
21.418307066	1
21.418307066	1
21.418307066	1
21.5310199261	1
22.1104640961	-1
22.2620460987	-1
22.4075260162	-1
22.5217869282	-1
22.5217869282	-1
22.5226840973	1
22.5361580849	1
22.5361580849	1
22.5361580849	1
22.6082680225	-1
22.6082680225	-1
22.6082680225	-1
22.6082680225	-1
22.6082680225	-1
22.6082680225	-1
22.6082680225	-1
22.6277530193	-1
22.6278560162	-1
22.6278560162	-1
22.6278560162	-1
22.6278560162	-1
22.6278560162	-1
22.7128429413	-1
22.7128429413	-1
22.7128429413	-1
22.7128429413	-1
22.7128429413	-1
22.8089470863	-1
22.8089470863	-1
22.8089470863	-1
22.8089470863	-1
22.8089470863	-1
22.8089470863	-1
22.8089470863	-1
22.8261699677	-1
22.8654270172	-1
22.9082081318	-1
22.9082081318	-1
22.9082081318	-1
22.9082081318	-1
22.9082081318	-1
22.9082081318	-1
22.9082081318	-1
22.926885128	-1
22.9269869328	-1
22.9269869328	-1
22.9269869328	-1
22.9269869328	-1
22.9269869328	-1
23.0114679337	-1
23.0114679337	-1
23.0114679337	-1
23.0114679337	-1
23.0114679337	-1
23.0114679337	-1
23.0114679337	-1
23.1135060787	-1
23.1136100292	-1
23.1136100292	-1
23.1136100292	-1
23.1136100292	-1
23.1136100292	-1
23.1136100292	-1
23.1147699356	1
23.2123999596	-1
23.2123999596	-1
23.2123999596	-1
23.2123999596	-1
23.2123999596	-1
23.2123999596	-1
23.2123999596	-1
23.2123999596	-1
23.2324080467	-1
23.2324080467	-1
23.2324080467	-1
23.2324080467	-1
23.2324080467	-1
23.3925061226	-1
23.4108359814	-1
23.4108359814	-1
23.4108359814	-1
23.4108359814	-1
23.4585790634	1
23.5069000721	-1
23.5069000721	-1
23.5069000721	-1
23.5069000721	-1
23.5194950104	1
23.5194950104	1
23.5194950104	1
23.6106069088	1
24.506565094	-1
24.6660559177	-1
24.6770789623	1
24.791216135	1
25.6088309288	-1
25.7184100151	-1
25.7184100151	-1
25.7184100151	-1
25.7184100151	-1
25.816587925	-1
25.816587925	-1
25.816587925	-1
25.816587925	-1
25.816587925	-1
25.816587925	-1
25.816587925	-1
25.9292359352	1
25.9337370396	1
25.9337370396	1
25.9337370396	1
26.1763720512	1
26.1809680462	1
26.1809680462	1
26.1809680462	1
26.6064081192	-1
26.6081221104	1
26.7206749916	-1
26.722424984	1
26.722424984	1
26.836894989	-1
26.8385169506	1
26.9529459476	-1
26.954267025	1
27.0686061382	-1
27.2145450115	-1
27.2145450115	-1
27.2145450115	-1
27.221971035	-1
27.2236261368	1
27.3744380474	1
27.4078171253	-1
27.5619580746	-1
27.6125869751	-1
27.6125869751	-1
27.6125869751	-1
27.6125869751	-1
27.6125869751	-1
27.6125869751	-1
27.6215131283	1
27.7147650719	-1
27.7147650719	-1
27.7147650719	-1
27.7147650719	-1
27.7147650719	-1
27.7147650719	-1
27.7147650719	-1
27.7328231335	-1
27.7328231335	-1
27.7328231335	-1
27.7328231335	-1
27.7489879131	1
27.7489879131	1
27.7489879131	1
27.7535669804	1
27.7535669804	1
27.8056349754	-1
27.8056349754	-1
27.8056349754	-1
27.8056349754	-1
27.805670023	1
27.90970397	-1
27.90970397	-1
27.90970397	-1
27.90970397	-1
28.0086641312	-1
28.0086641312	-1
28.0086641312	-1
28.0086641312	-1
28.0126409531	1
28.1074690819	-1
28.1074690819	-1
28.1074690819	-1
28.1074690819	-1
28.1074690819	-1
28.2063679695	1
28.2098419666	-1
28.2218821049	-1
28.4135639668	-1
28.5053169727	-1
28.5053169727	-1
28.5053169727	-1
28.5053169727	-1
28.5053169727	-1
28.5053169727	-1
28.5053169727	-1
28.5662930012	-1
28.6091959476	-1
28.6091959476	-1
28.6091959476	-1
28.6091959476	-1
28.6091959476	-1
28.6091959476	-1
28.6091959476	-1
28.711261034	-1
28.711261034	-1
28.711261034	-1
28.711261034	-1
28.711261034	-1
28.711261034	-1
28.711261034	-1
28.7286269665	-1
28.7955899239	-1
28.9101309776	-1
28.9101309776	-1
28.921708107	1
29.0248110294	-1
29.035877943	1
29.2107350826	-1
29.4260070324	-1
29.7065250874	-1
29.9051029682	-1
29.9133200645	1
29.9198360443	1
29.9198360443	1
29.9198360443	1
30.0342490673	1
30.5081391335	-1
30.7621400356	-1
30.8765931129	-1
30.9908399582	-1
31.1050701141	-1
31.1146559715	1
31.1921839714	1
31.1921839714	1
31.1921839714	1
31.194270134	1
31.194270134	1
31.1944921017	1
31.1944921017	1
31.1944921017	1
31.1944921017	1
31.1944921017	1
31.1962609291	1
31.1976649761	1
31.1976649761	1
31.1976649761	1
31.1976649761	1
31.1976649761	1
31.1976649761	1
31.1976649761	1
31.1976649761	1
31.2195141315	-1
31.2195141315	-1
31.2291479111	1
31.2291479111	1
31.2291479111	1
31.2291479111	1
31.2291479111	1
31.2291479111	1
