0.0	1
0.000319957733154	1
0.000319957733154	1
0.000319957733154	1
0.000319957733154	1
0.372685909271	-1
0.382020950317	1
0.577701091766	-1
0.611212968826	1
0.725332021713	-1
0.725332021713	-1
0.815195083618	-1
0.815195083618	-1
0.815195083618	-1
0.826086997986	1
0.835850954056	-1
0.835850954056	-1
0.835850954056	-1
0.944717884064	-1
0.944717884064	-1
0.944717884064	-1
0.944717884064	-1
0.984980106354	-1
0.984980106354	-1
1.00021195412	1
1.04559898376	-1
1.04559898376	-1
1.04559898376	-1
1.16051888466	-1
1.16051888466	-1
1.16051888466	-1
1.16051888466	-1
1.19666695595	-1
1.19666695595	-1
1.24994897842	1
1.25197792053	-1
1.25197792053	-1
1.25197792053	-1
1.37139010429	-1
1.37139010429	-1
1.37139010429	-1
1.37139010429	-1
1.37139010429	-1
1.57025790215	-1
1.76173996925	1
2.01103687286	1
2.0552110672	-1
2.1248550415	1
2.1248550415	1
2.31014800072	-1
2.56723999977	-1
2.72777104378	-1
2.84159207344	-1
5.61099910736	1
5.72477006912	1
7.22941303253	1
7.47730088234	1
7.53117799759	-1
7.78388404846	-1
7.83483290672	1
8.08323407173	1
8.12778306007	-1
8.3817589283	-1
17.6119990349	1
17.666877985	-1
17.7258999348	1
17.8148989677	-1
