0.0	1
0.250089883804	1
0.462815999985	-1
0.463762998581	1
0.619374990463	-1
0.61993098259	1
0.621438026428	1
0.621438026428	1
0.621438026428	1
0.85062289238	1
0.924350976944	1
0.924350976944	1
1.07223391533	-1
1.07381701469	1
1.18742799759	-1
1.18894100189	1
1.26299500465	-1
1.26413202286	1
1.36250090599	-1
1.36374306679	1
1.50955605507	-1
1.64336705208	-1
1.64336705208	-1
1.64336705208	-1
1.64342403412	-1
1.64342403412	-1
1.64342403412	-1
1.64342403412	-1
1.64342403412	-1
1.64342403412	-1
1.64342403412	-1
1.64469003677	1
1.64717102051	-1
1.72406888008	-1
1.72410488129	1
1.72410488129	1
1.73510885239	-1
1.73510885239	-1
1.73510885239	-1
1.73510885239	-1
1.73510885239	-1
1.73510885239	-1
1.73510885239	-1
1.73510885239	-1
1.8041009903	-1
1.8041009903	-1
1.8041009903	-1
1.8041009903	-1
1.8041009903	-1
1.8041009903	-1
1.8041009903	-1
1.8041009903	-1
1.8241288662	-1
1.8241288662	-1
1.8241288662	-1
1.82423305511	-1
1.82423305511	-1
1.82423305511	-1
1.82423305511	-1
1.8483569622	-1
1.8484749794	-1
1.8484749794	-1
1.8484749794	-1
1.8484749794	-1
1.8484749794	-1
1.8484749794	-1
1.8484749794	-1
1.86783003807	1
1.87491607666	1
1.87491607666	1
1.87491607666	1
1.87817907333	-1
1.94424390793	1
1.94424390793	1
2.11918997765	1
2.12372207642	-1
2.12507486343	1
2.12507486343	1
2.12507486343	1
2.15804004669	-1
2.15804004669	-1
2.15804004669	-1
2.15804004669	-1
2.15804004669	-1
2.15804004669	-1
2.19644999504	-1
2.19644999504	-1
2.19786095619	-1
2.23787903786	-1
2.23787903786	-1
2.23787903786	-1
2.26908898354	-1
2.26908898354	-1
2.26908898354	-1
2.26908898354	-1
2.28439903259	-1
2.30343103409	-1
2.30343103409	-1
2.30343103409	-1
2.3035390377	-1
2.3035390377	-1
2.3035390377	-1
2.3035390377	-1
2.3035390377	-1
2.3035390377	-1
2.3035390377	-1
2.30378293991	-1
2.30570006371	1
2.31850290298	-1
2.31850290298	-1
2.31850290298	-1
2.31850290298	-1
2.31850290298	-1
2.31850290298	-1
2.31850290298	-1
2.31850290298	-1
2.31850290298	-1
2.3375749588	-1
2.3375749588	-1
2.3375749588	-1
2.3375749588	-1
2.3375749588	-1
2.3375749588	-1
2.38538789749	-1
2.38538789749	-1
2.38549089432	-1
2.38549089432	-1
2.38549089432	-1
2.38549089432	-1
2.38662385941	-1
2.38676095009	-1
2.38676095009	-1
2.38676095009	-1
2.38676095009	-1
2.43746399879	-1
2.43746399879	-1
2.43746399879	-1
2.43885993958	1
2.45316505432	-1
2.45316505432	-1
2.50635504723	-1
2.50774407387	1
2.50774407387	1
2.50774407387	1
2.51277184486	1
2.51277184486	1
2.55279302597	1
2.55279302597	1
2.5808160305	-1
2.5808160305	-1
2.69420194626	-1
2.69868397713	1
2.76401996613	-1
2.76401996613	-1
2.76401996613	-1
2.77248501778	1
2.80554199219	1
2.80554199219	1
2.80554199219	1
2.84283804893	-1
2.84283804893	-1
2.8711810112	-1
2.8711810112	-1
2.8711810112	-1
2.87273597717	-1
2.87273597717	-1
2.87273597717	-1
2.8748459816	-1
2.8748459816	-1
2.8748459816	-1
2.8748459816	-1
2.8748459816	-1
2.8748459816	-1
2.88092803955	1
2.88092803955	1
2.88092803955	1
2.88969302177	-1
2.88979792595	-1
2.88979792595	-1
2.88979792595	-1
2.89107584953	-1
2.89107584953	-1
2.89107584953	-1
2.89119100571	-1
2.89119100571	-1
2.89119100571	-1
2.94521188736	-1
2.94524884224	1
2.94524884224	1
3.01948904991	-1
3.01953101158	1
3.02545404434	-1
3.02545404434	-1
3.02545404434	-1
3.02545404434	-1
3.02545404434	-1
3.02545404434	-1
3.03965902328	-1
3.03965902328	-1
3.09449791908	-1
3.09449791908	-1
3.09453105927	1
3.16842889786	-1
3.18412995338	1
3.18640398979	1
3.18640398979	1
3.18640398979	1
3.18640398979	1
3.25833106041	-1
3.30753803253	-1
3.30753803253	-1
3.30753803253	-1
3.30916404724	-1
3.30916404724	-1
3.30916404724	-1
3.30916404724	-1
3.30916404724	-1
3.30916404724	-1
3.31837296486	-1
3.31837296486	-1
3.32879805565	-1
3.32879805565	-1
3.32879805565	-1
3.3327589035	1
3.38275694847	-1
3.38275694847	-1
3.38275694847	-1
3.38275694847	-1
3.38275694847	-1
3.38275694847	-1
3.39635491371	-1
3.39635491371	-1
3.3964600563	-1
3.3964600563	-1
3.3964600563	-1
3.3964600563	-1
3.3964600563	-1
3.3964600563	-1
3.40685892105	-1
3.40760302544	-1
3.40760302544	-1
3.40760302544	-1
3.40760302544	-1
3.40760302544	-1
3.40760302544	-1
3.40760302544	-1
3.44173789024	-1
3.44184088707	-1
3.44184088707	-1
3.44184088707	-1
3.44184088707	-1
3.45596790314	-1
3.45596790314	-1
3.4560739994	-1
3.4560739994	-1
3.4560739994	-1
3.4560739994	-1
3.4560739994	-1
3.4560739994	-1
3.45631885529	-1
3.45631885529	-1
3.45631885529	-1
3.45631885529	-1
3.45631885529	-1
3.45631885529	-1
3.45631885529	-1
3.45631885529	-1
3.47785997391	-1
3.47785997391	-1
3.47785997391	-1
3.47785997391	-1
3.47785997391	-1
3.47785997391	-1
3.47785997391	-1
3.47785997391	-1
3.47915887833	1
3.49876785278	-1
3.49876785278	-1
3.49876785278	-1
3.49876785278	-1
3.49926304817	-1
3.49926304817	-1
3.50036501884	-1
3.50036501884	-1
3.50036501884	-1
3.5322329998	-1
3.5322329998	-1
3.5322329998	-1
3.5322329998	-1
3.5322329998	-1
3.54216194153	-1
3.54216194153	-1
3.5428378582	-1
3.5428378582	-1
3.54306697845	-1
3.54306697845	-1
3.54306697845	-1
3.54341602325	-1
3.54341602325	-1
3.54341602325	-1
3.54364085197	-1
3.54364085197	-1
3.54427886009	-1
3.54427886009	-1
3.54427886009	-1
3.54500794411	-1
3.54500794411	-1
3.54500794411	-1
3.54746603966	-1
3.54746603966	-1
3.54751205444	-1
3.54751205444	-1
3.57262992859	1
3.5764439106	-1
3.5764439106	-1
3.5764439106	-1
3.57655000687	-1
3.57655000687	-1
3.57655000687	-1
3.61017489433	-1
3.61017489433	-1
3.61017489433	-1
3.61184597015	-1
3.61184597015	-1
3.61184597015	-1
3.61377596855	-1
3.61586499214	-1
3.61586499214	-1
3.61586499214	-1
3.61875391006	-1
3.61875391006	-1
3.61875391006	-1
3.61900186539	-1
3.61900186539	-1
3.62125301361	-1
3.62125301361	-1
3.62125301361	-1
3.62284803391	-1
3.62284803391	-1
3.62284803391	-1
3.62284803391	-1
3.62284803391	-1
3.62284803391	-1
3.62284803391	-1
3.62330198288	-1
3.62390685081	-1
3.62390685081	-1
3.62401890755	-1
3.62401890755	-1
3.62401890755	-1
3.64682888985	-1
3.69239592552	-1
3.69239592552	-1
3.69239592552	-1
3.69249987602	-1
3.69249987602	-1
3.69249987602	-1
3.69313597679	-1
3.69313597679	-1
3.69313597679	-1
3.69313597679	-1
3.69313597679	-1
3.69313597679	-1
3.69313597679	-1
3.69894790649	-1
3.71545290947	1
3.74631500244	-1
3.74631500244	-1
3.82870388031	1
3.8359670639	-1
4.0455288887	-1
4.18380188942	-1
4.18533492088	-1
4.18533492088	-1
4.18533492088	-1
4.18544507027	-1
4.18544507027	-1
4.18544507027	-1
4.18544507027	-1
4.18544507027	-1
4.18544507027	-1
4.18544507027	-1
4.19238495827	-1
4.19248604774	-1
4.19248604774	-1
4.19248604774	-1
4.19248604774	-1
4.19248604774	-1
4.19248604774	-1
4.19248604774	-1
4.19272994995	-1
4.19441390038	1
4.19556188583	-1
4.19556188583	-1
4.19556188583	-1
4.19556188583	-1
4.19556188583	-1
4.22010087967	-1
4.22010087967	-1
4.22010087967	-1
4.22010087967	-1
4.22010087967	-1
4.22010087967	-1
4.22010087967	-1
4.22010087967	-1
4.22010087967	-1
4.34275507927	-1
4.37398505211	1
4.52761507034	1
4.88261294365	-1
4.89348602295	1
4.96723484993	1
5.01518988609	1
5.01518988609	1
5.01518988609	1
5.01518988609	1
5.01518988609	1
5.01518988609	1
5.01518988609	1
5.01807999611	1
5.01809692383	1
5.01809692383	1
5.01809692383	1
5.01809692383	1
5.01809692383	1
5.01809692383	1
5.01809692383	1
5.01809692383	1
5.01824402809	1
5.01824402809	1
5.01824402809	1
5.01824402809	1
5.01824402809	1
