0.0	-1
0.0	-1
0.000327110290527	1
0.150949001312	1
0.262075185776	-1
0.262376070023	1
0.373217105865	-1
0.37327003479	1
0.485154151917	-1
0.485603094101	-1
0.485603094101	-1
0.485603094101	-1
0.485603094101	-1
0.485603094101	-1
0.485603094101	-1
0.485603094101	-1
0.485603094101	-1
0.4858481884	-1
0.4858481884	-1
0.4858481884	-1
0.4858481884	-1
0.4858481884	-1
0.4858481884	-1
0.4858481884	-1
0.4858481884	-1
0.486127138138	-1
0.486127138138	-1
0.486127138138	-1
0.486127138138	-1
0.486127138138	-1
0.486127138138	-1
0.486127138138	-1
0.486127138138	-1
0.596397161484	-1
0.596397161484	-1
0.596397161484	-1
0.596397161484	-1
0.596397161484	-1
0.596397161484	-1
0.596397161484	-1
0.596397161484	-1
0.596823215485	-1
0.596823215485	-1
0.596823215485	-1
0.596823215485	-1
0.596823215485	-1
0.596823215485	-1
0.596823215485	-1
0.597273111343	-1
0.597273111343	-1
0.597273111343	-1
0.597273111343	-1
0.597273111343	-1
0.597273111343	-1
0.597273111343	-1
0.597273111343	-1
0.59764122963	-1
0.59764122963	-1
0.59764122963	-1
0.59764122963	-1
0.59764122963	-1
0.59764122963	-1
0.59764122963	-1
0.59764122963	-1
0.707343101501	-1
0.707343101501	-1
0.707343101501	-1
0.707343101501	-1
0.707343101501	-1
0.707343101501	-1
0.707343101501	-1
0.707343101501	-1
0.707640171051	1
0.70779800415	-1
0.70779800415	-1
0.70779800415	-1
0.70779800415	-1
0.70779800415	-1
0.70779800415	-1
0.70779800415	-1
0.70779800415	-1
0.708165168762	-1
0.708165168762	-1
0.708165168762	-1
0.708165168762	-1
0.708165168762	-1
0.708165168762	-1
0.708165168762	-1
0.708165168762	-1
0.708448171616	-1
0.708448171616	-1
0.708448171616	-1
0.708448171616	-1
0.708448171616	-1
0.708448171616	-1
0.708448171616	-1
0.708448171616	-1
0.818157196045	-1
0.818157196045	-1
0.818157196045	-1
0.818157196045	-1
0.818157196045	-1
0.818157196045	-1
0.818157196045	-1
0.818157196045	-1
0.818524122238	-1
0.818524122238	-1
0.818524122238	-1
0.818524122238	-1
0.818524122238	-1
0.818524122238	-1
0.818524122238	-1
0.818674087524	-1
0.818674087524	-1
0.818674087524	-1
0.818674087524	-1
0.818674087524	-1
0.818674087524	-1
0.818674087524	-1
0.818674087524	-1
0.819046020508	-1
0.819046020508	-1
0.819046020508	-1
0.819046020508	-1
0.819046020508	-1
0.819046020508	-1
0.819046020508	-1
0.819046020508	-1
0.81950712204	-1
0.81950712204	-1
0.81950712204	-1
0.81950712204	-1
0.81950712204	-1
0.81950712204	-1
0.81950712204	-1
0.81950712204	-1
0.819876194	-1
0.819876194	-1
0.819876194	-1
0.819876194	-1
0.819876194	-1
0.819876194	-1
0.819876194	-1
0.819876194	-1
0.820244073868	-1
0.820244073868	-1
0.820244073868	-1
0.820244073868	-1
0.820244073868	-1
0.820244073868	-1
0.820244073868	-1
0.820244073868	-1
0.820579051971	1
0.820604085922	-1
0.820604085922	-1
0.820604085922	-1
0.820604085922	-1
0.820604085922	-1
0.820604085922	-1
0.820604085922	-1
0.820604085922	-1
0.820982217789	-1
0.820982217789	-1
0.820982217789	-1
0.820982217789	-1
0.820982217789	-1
0.820982217789	-1
0.820982217789	-1
0.820982217789	-1
0.928762197495	-1
0.928762197495	-1
0.928762197495	-1
0.928762197495	-1
0.928762197495	-1
0.928762197495	-1
0.928762197495	-1
0.929416179657	-1
0.929416179657	-1
0.929416179657	-1
0.929416179657	-1
0.929416179657	-1
0.929416179657	-1
0.929416179657	-1
0.929416179657	-1
0.929661035538	-1
0.929661035538	-1
0.929661035538	-1
0.929661035538	-1
0.929661035538	-1
0.929661035538	-1
0.929661035538	-1
0.929661035538	-1
0.930030107498	-1
0.930030107498	-1
0.930030107498	-1
0.930030107498	-1
0.930030107498	-1
0.930030107498	-1
0.930030107498	-1
0.930030107498	-1
0.930337190628	-1
0.930337190628	-1
0.930337190628	-1
0.930337190628	-1
0.930337190628	-1
0.930337190628	-1
0.930337190628	-1
0.930337190628	-1
0.930767059326	-1
0.930767059326	-1
0.930767059326	-1
0.930767059326	-1
0.930767059326	-1
0.930767059326	-1
0.930767059326	-1
0.930767059326	-1
0.931928157806	1
0.931928157806	1
0.931951999664	-1
0.931951999664	-1
0.931951999664	-1
0.931951999664	-1
0.931951999664	-1
0.931951999664	-1
0.931951999664	-1
0.931951999664	-1
0.932365179062	-1
0.932365179062	-1
0.932365179062	-1
0.932365179062	-1
0.932365179062	-1
0.932365179062	-1
0.932365179062	-1
0.932365179062	-1
0.932719230652	-1
0.932719230652	-1
0.932719230652	-1
0.932719230652	-1
0.932719230652	-1
0.932719230652	-1
0.932719230652	-1
1.03926420212	-1
1.03926420212	-1
1.03926420212	-1
1.03926420212	-1
1.03926420212	-1
1.03926420212	-1
1.03926420212	-1
1.03926420212	-1
1.03963208199	-1
1.03963208199	-1
1.03963208199	-1
1.03963208199	-1
1.03963208199	-1
1.03963208199	-1
1.03963208199	-1
1.03963208199	-1
1.03988003731	-1
1.03988003731	-1
1.03988003731	-1
1.03988003731	-1
1.03988003731	-1
1.03988003731	-1
1.03988003731	-1
1.03988003731	-1
1.04057502747	-1
1.04057502747	-1
1.04057502747	-1
1.04057502747	-1
1.04057502747	-1
1.04057502747	-1
1.04057502747	-1
1.04057502747	-1
1.04082012177	-1
1.04082012177	-1
1.04082012177	-1
1.04082012177	-1
1.04082012177	-1
1.04082012177	-1
1.04082012177	-1
1.04082012177	-1
1.04120922089	-1
1.04120922089	-1
1.04120922089	-1
1.04120922089	-1
1.04120922089	-1
1.04120922089	-1
1.04120922089	-1
1.04120922089	-1
1.0415790081	1
1.0415790081	1
1.0415790081	1
1.0415790081	-1
1.0415790081	-1
1.0415790081	-1
1.0415790081	-1
1.0415790081	-1
1.0415790081	-1
1.0415790081	-1
1.0415790081	-1
1.04194617271	-1
1.04194617271	-1
1.04194617271	-1
1.04194617271	-1
1.04194617271	-1
1.04194617271	-1
1.04194617271	-1
1.04221701622	-1
1.04221701622	-1
1.04221701622	-1
1.04221701622	-1
1.04221701622	-1
1.04221701622	-1
1.04221701622	-1
1.04221701622	-1
1.04315114021	-1
1.04315114021	-1
1.04315114021	-1
1.04315114021	-1
1.04315114021	-1
1.04315114021	-1
1.04315114021	-1
1.04315114021	-1
1.04349207878	-1
1.04349207878	-1
1.04349207878	-1
1.04349207878	-1
1.04349207878	-1
1.04349207878	-1
1.04349207878	-1
1.04349207878	-1
1.04387116432	-1
1.04387116432	-1
1.04387116432	-1
1.04387116432	-1
1.04387116432	-1
1.04387116432	-1
1.04387116432	-1
1.04387116432	-1
1.04424023628	-1
1.04424023628	-1
1.04424023628	-1
1.04424023628	-1
1.04424023628	-1
1.04424023628	-1
1.04424023628	-1
1.04424023628	-1
1.04448509216	-1
1.04448509216	-1
1.04448509216	-1
1.04448509216	-1
1.04448509216	-1
1.04448509216	-1
1.04448509216	-1
1.04448509216	-1
1.04476904869	-1
1.04476904869	-1
1.04476904869	-1
1.04476904869	-1
1.04476904869	-1
1.04476904869	-1
1.04476904869	-1
1.04476904869	-1
1.04522204399	-1
1.04522204399	-1
1.04522204399	-1
1.04522204399	-1
1.04522204399	-1
1.04522204399	-1
1.04522204399	-1
1.04800701141	1
1.04800701141	1
1.04800701141	1
1.14968514442	-1
1.14968514442	-1
1.14968514442	-1
1.14968514442	-1
1.14968514442	-1
1.14968514442	-1
1.14968514442	-1
1.14968514442	-1
1.15234613419	-1
1.15234613419	-1
1.15234613419	-1
1.15234613419	-1
1.15234613419	-1
1.15234613419	-1
1.15234613419	-1
1.15234613419	-1
1.15275621414	-1
1.15275621414	-1
1.15275621414	-1
1.15275621414	-1
1.15275621414	-1
1.15275621414	-1
1.15275621414	-1
1.15275621414	-1
1.15312409401	-1
1.15312409401	-1
1.15312409401	-1
1.15312409401	-1
1.15312409401	-1
1.15312409401	-1
1.15312409401	-1
1.15312409401	-1
1.15351319313	-1
1.15351319313	-1
1.15351319313	-1
1.15351319313	-1
1.15351319313	-1
1.15351319313	-1
1.15351319313	-1
1.15351319313	-1
1.15378308296	-1
1.15378308296	-1
1.15378308296	-1
1.15378308296	-1
1.15378308296	-1
1.15378308296	-1
1.15378308296	-1
1.15378308296	-1
1.15403008461	-1
1.15403008461	-1
1.15403008461	-1
1.15403008461	-1
1.15403008461	-1
1.15403008461	-1
1.15403008461	-1
1.15403008461	-1
1.15449619293	-1
1.15449619293	-1
1.15449619293	-1
1.15449619293	-1
1.15449619293	-1
1.15449619293	-1
1.15449619293	-1
1.15562009811	-1
1.15562009811	-1
1.15562009811	-1
1.15562009811	-1
1.15562009811	-1
1.15562009811	-1
1.15562009811	-1
1.15562009811	-1
1.15597105026	-1
1.15597105026	-1
1.15597105026	-1
1.15597105026	-1
1.15597105026	-1
1.15597105026	-1
1.15597105026	-1
1.15597105026	-1
1.15633916855	-1
1.15633916855	-1
1.15633916855	-1
1.15633916855	-1
1.15633916855	-1
1.15633916855	-1
1.15633916855	-1
1.15633916855	-1
1.15663123131	-1
1.15663123131	-1
1.15663123131	-1
1.15663123131	-1
1.15663123131	-1
1.15663123131	-1
1.15663123131	-1
1.15663123131	-1
1.15709614754	-1
1.15709614754	-1
1.15709614754	-1
1.15709614754	-1
1.15709614754	-1
1.15709614754	-1
1.15709614754	-1
1.15709614754	-1
1.15899014473	1
1.15899014473	1
1.15899014473	1
1.15968418121	-1
1.15968418121	-1
1.15968418121	-1
1.15968418121	-1
1.15968418121	-1
1.15968418121	-1
1.15968418121	-1
1.15968418121	-1
1.16014814377	-1
1.16014814377	-1
1.16014814377	-1
1.16014814377	-1
1.16014814377	-1
1.16014814377	-1
1.16014814377	-1
1.16014814377	-1
1.16042113304	-1
1.16042113304	-1
1.16042113304	-1
1.16042113304	-1
1.16042113304	-1
1.16042113304	-1
1.16042113304	-1
1.16075515747	-1
1.16075515747	-1
1.16075515747	-1
1.16075515747	-1
1.16075515747	-1
1.16075515747	-1
1.16075515747	-1
1.16075515747	-1
1.25017309189	-1
1.25017309189	-1
1.25017309189	-1
1.25017309189	-1
1.25017309189	-1
1.25017309189	-1
1.25017309189	-1
1.25017309189	-1
1.26318502426	-1
1.26318502426	-1
1.26318502426	-1
1.26318502426	-1
1.26318502426	-1
1.26318502426	-1
1.26318502426	-1
1.26318502426	-1
1.26360702515	-1
1.26360702515	-1
1.26360702515	-1
1.26360702515	-1
1.26360702515	-1
1.26360702515	-1
1.26360702515	-1
1.26360702515	-1
1.26397705078	-1
1.26397705078	-1
1.26397705078	-1
1.26397705078	-1
1.26397705078	-1
1.26397705078	-1
1.26397705078	-1
1.26397705078	-1
1.26434421539	-1
1.26434421539	-1
1.26434421539	-1
1.26434421539	-1
1.26434421539	-1
1.26434421539	-1
1.26434421539	-1
1.26434421539	-1
1.26471209526	-1
1.26471209526	-1
1.26471209526	-1
1.26471209526	-1
1.26471209526	-1
1.26471209526	-1
1.26471209526	-1
1.26471209526	-1
1.26478719711	1
1.26478719711	1
1.26508116722	-1
1.26508116722	-1
1.26508116722	-1
1.26508116722	-1
1.26508116722	-1
1.26508116722	-1
1.26508116722	-1
1.26529121399	-1
1.26529121399	-1
1.26529121399	-1
1.26529121399	-1
1.26529121399	-1
1.26529121399	-1
1.26529121399	-1
1.26529121399	-1
1.26569509506	-1
1.26569509506	-1
1.26569509506	-1
1.26569509506	-1
1.26569509506	-1
1.26569509506	-1
1.26569509506	-1
1.26569509506	-1
1.2660651207	-1
1.2660651207	-1
1.2660651207	-1
1.2660651207	-1
1.2660651207	-1
1.2660651207	-1
1.2660651207	-1
1.2660651207	-1
1.26645421982	-1
1.26645421982	-1
1.26645421982	-1
1.26645421982	-1
1.26645421982	-1
1.26645421982	-1
1.26645421982	-1
1.26645421982	-1
1.26676607132	-1
1.26676607132	-1
1.26676607132	-1
1.26676607132	-1
1.26676607132	-1
1.26676607132	-1
1.26676607132	-1
1.26676607132	-1
1.26719117165	-1
1.26719117165	-1
1.26719117165	-1
1.26719117165	-1
1.26719117165	-1
1.26719117165	-1
1.26719117165	-1
1.26719117165	-1
1.26755905151	-1
1.26755905151	-1
1.26755905151	-1
1.26755905151	-1
1.26755905151	-1
1.26755905151	-1
1.26755905151	-1
1.26755905151	-1
1.2679271698	-1
1.2679271698	-1
1.2679271698	-1
1.2679271698	-1
1.2679271698	-1
1.2679271698	-1
1.2679271698	-1
1.26819610596	-1
1.26819610596	-1
1.26819610596	-1
1.26819610596	-1
1.26819610596	-1
1.26819610596	-1
1.26819610596	-1
1.26819610596	-1
1.26847815514	-1
1.26847815514	-1
1.26847815514	-1
1.26847815514	-1
1.26847815514	-1
1.26847815514	-1
1.26847815514	-1
1.26847815514	-1
1.26978516579	1
1.27008104324	-1
1.27008104324	-1
1.27008104324	-1
1.27008104324	-1
1.27008104324	-1
1.27008104324	-1
1.27008104324	-1
1.27008104324	-1
1.27044701576	-1
1.27044701576	-1
1.27044701576	-1
1.27044701576	-1
1.27044701576	-1
1.27044701576	-1
1.27044701576	-1
1.27044701576	-1
1.27081608772	-1
1.27081608772	-1
1.27081608772	-1
1.27081608772	-1
1.27081608772	-1
1.27081608772	-1
1.27081608772	-1
1.27081608772	-1
1.27118420601	-1
1.27118420601	-1
1.27118420601	-1
1.27121710777	-1
1.27121710777	-1
1.27121710777	-1
1.27121710777	-1
1.27121710777	-1
1.27121710777	-1
1.27121710777	-1
1.27121710777	-1
1.27167510986	-1
1.27167510986	-1
1.27167510986	-1
1.27167510986	-1
1.27167510986	-1
1.27167510986	-1
1.27167510986	-1
1.27167510986	-1
1.2720451355	-1
1.2720451355	-1
1.2720451355	-1
1.2720451355	-1
1.2720451355	-1
1.2720451355	-1
1.2720451355	-1
1.27469301224	1
1.27469301224	1
1.27469301224	1
