0.0	1
8.60691070557e-05	1
8.60691070557e-05	1
8.60691070557e-05	1
8.60691070557e-05	1
8.60691070557e-05	1
0.716315031052	1
0.967129945755	1
1.48394799232	-1
1.49248790741	1
1.50804591179	-1
1.50804591179	-1
1.50804591179	-1
1.50804591179	-1
1.52061295509	1
1.52061295509	1
1.55600595474	-1
1.71004199982	-1
1.72209405899	1
1.73789787292	-1
1.95462703705	-1
1.96234703064	-1
1.96234703064	-1
1.96234703064	-1
1.97850203514	-1
1.97850203514	-1
2.02257704735	-1
2.03582191467	-1
2.03582191467	-1
2.03582191467	-1
2.06192994118	-1
2.06192994118	-1
2.06192994118	-1
2.07838392258	-1
2.08918905258	-1
2.08918905258	-1
2.08918905258	-1
2.08918905258	-1
2.27337288857	-1
2.31448984146	-1
2.31448984146	-1
2.33691096306	-1
2.33691096306	-1
2.33691096306	-1
2.33691096306	-1
2.33691096306	-1
2.33691096306	-1
2.35399794579	-1
2.35399794579	-1
2.35399794579	-1
2.36085796356	-1
2.36085796356	-1
2.36085796356	-1
2.36522102356	-1
2.36522102356	-1
2.36522102356	-1
2.37085199356	-1
2.37295889854	-1
2.37295889854	-1
2.37295889854	-1
2.37295889854	-1
2.37295889854	-1
2.37859296799	-1
2.38719391823	-1
2.38719391823	-1
2.3909008503	-1
2.3909008503	-1
2.3909008503	-1
2.39280295372	-1
2.39280295372	-1
2.39595890045	-1
2.39595890045	-1
2.39595890045	-1
2.39876198769	-1
2.42713189125	-1
2.42713189125	-1
2.46846103668	-1
2.496530056	-1
2.50437402725	-1
2.50437402725	-1
2.50437402725	-1
2.50437402725	-1
2.51932883263	-1
2.51932883263	-1
2.51932883263	-1
2.52780795097	-1
2.56936502457	-1
2.56936502457	-1
2.56936502457	-1
2.58442306519	-1
2.58442306519	-1
2.61241984367	-1
2.62605786324	-1
2.62605786324	-1
2.62605786324	-1
2.64080190659	-1
2.64080190659	-1
2.65696001053	-1
2.65696001053	-1
2.65696001053	-1
2.66779303551	-1
2.66779303551	-1
2.66779303551	-1
2.67809295654	-1
2.67809295654	-1
2.67809295654	-1
2.68436002731	-1
2.68436002731	-1
2.68436002731	-1
2.68866086006	-1
2.68866086006	-1
2.68866086006	-1
2.69261097908	-1
2.69261097908	-1
2.69261097908	-1
2.69437289238	-1
2.69680786133	-1
2.69680786133	-1
2.69918584824	-1
2.69918584824	-1
2.69918584824	-1
2.7037730217	-1
2.7037730217	-1
2.7037730217	-1
2.70459604263	1
2.70946598053	-1
2.70946598053	-1
2.70946598053	-1
2.70946598053	-1
2.70946598053	-1
2.70946598053	-1
2.71237492561	-1
2.71237492561	-1
2.71237492561	-1
2.71971297264	-1
2.71974802017	-1
2.71974802017	-1
2.71974802017	-1
2.72638297081	-1
2.72638297081	-1
2.72638297081	-1
2.72751402855	-1
2.72751402855	-1
2.72751402855	-1
2.73185491562	-1
2.73185491562	-1
2.73185491562	-1
2.7319688797	-1
2.7319688797	-1
2.73256206512	-1
2.73256206512	-1
2.73256206512	-1
2.73784685135	-1
2.73784685135	-1
2.73789596558	-1
2.73789596558	-1
2.7379758358	-1
2.7379758358	-1
2.7379758358	-1
2.73819899559	-1
2.73819899559	-1
2.73819899559	-1
2.73828101158	-1
2.73828101158	-1
2.73828101158	-1
2.73962783813	1
2.74792385101	-1
2.74792385101	-1
2.74792385101	-1
2.74802994728	-1
2.76641488075	-1
2.76641488075	-1
2.76641488075	-1
2.766726017	-1
2.766726017	-1
2.766726017	-1
2.79220199585	-1
2.79220199585	-1
2.79377484322	-1
2.79377484322	-1
2.79377484322	-1
2.79482293129	-1
2.79482293129	-1
2.79482293129	-1
2.79551506042	-1
2.79551506042	-1
2.79551506042	-1
2.79580688477	-1
2.79580688477	-1
2.79637694359	-1
2.79637694359	-1
2.79637694359	-1
2.80518198013	-1
2.80518198013	-1
2.80549192429	-1
2.80549192429	-1
2.80549192429	-1
2.80549192429	-1
2.80555891991	-1
2.82225203514	-1
2.85021805763	-1
2.85105395317	-1
2.85105395317	-1
2.85105395317	-1
2.86784696579	-1
2.86784696579	-1
2.86784696579	-1
2.87959003448	1
2.89812803268	-1
2.89812803268	-1
2.89812803268	-1
2.93114805222	-1
2.93114805222	-1
2.93114805222	-1
2.96139383316	-1
2.96139383316	-1
2.96139383316	-1
2.96139383316	-1
2.96139383316	-1
2.96139383316	-1
2.96139383316	-1
2.96139383316	-1
3.02817702293	-1
3.02817702293	-1
3.02817702293	-1
3.02817702293	-1
3.02817702293	-1
3.02817702293	-1
3.02817702293	-1
3.02905797958	1
3.05772900581	-1
3.05772900581	-1
3.05772900581	-1
3.09612202644	-1
3.09612202644	-1
3.09612202644	-1
3.17539787292	-1
3.17539787292	-1
3.17539787292	-1
3.21778583527	-1
3.26362085342	-1
3.26362085342	-1
3.29933094978	-1
3.33496689796	-1
3.33496689796	-1
3.36295986176	-1
3.3910369873	-1
3.3910369873	-1
3.42189502716	-1
3.45021891594	-1
3.45021891594	-1
3.46344804764	-1
3.46344804764	-1
3.46344804764	-1
3.47793388367	-1
3.47793388367	-1
3.47793388367	-1
3.47793388367	-1
3.47793388367	-1
3.47793388367	-1
3.47941184044	1
3.48959898949	-1
3.48959898949	-1
3.48959898949	-1
3.49401402473	-1
3.49401402473	-1
3.49401402473	-1
3.50192689896	-1
3.50192689896	-1
3.50192689896	-1
3.50192689896	-1
3.50192689896	-1
3.50192689896	-1
3.50661802292	-1
3.51103901863	-1
3.51103901863	-1
3.51103901863	-1
3.51103901863	-1
3.51103901863	-1
3.51103901863	-1
3.51103901863	-1
3.51736783981	-1
3.51736783981	-1
3.51736783981	-1
3.51736783981	-1
3.51736783981	-1
3.51736783981	-1
3.51736783981	-1
3.51736783981	-1
3.52174901962	-1
3.52174901962	-1
3.52174901962	-1
3.52174901962	-1
3.52174901962	-1
3.52174901962	-1
3.52174901962	-1
3.52174901962	-1
3.5336689949	-1
3.5336689949	-1
3.5336689949	-1
3.53905391693	-1
3.54392886162	-1
3.54392886162	-1
3.54392886162	-1
3.55002689362	-1
3.55002689362	-1
3.55002689362	-1
3.55277490616	-1
3.55277490616	-1
3.55337190628	1
3.55738306046	-1
3.55738306046	-1
3.55738306046	-1
3.56123495102	-1
3.56123495102	-1
3.56123495102	-1
3.56446886063	-1
3.56446886063	-1
3.56446886063	-1
3.567923069	-1
3.57113695145	-1
3.57113695145	-1
3.57113695145	-1
3.57464790344	-1
3.57464790344	-1
3.57464790344	-1
3.57732892036	-1
3.57732892036	-1
3.57732892036	-1
3.57988905907	-1
3.57988905907	-1
3.57988905907	-1
3.58115887642	-1
3.58115887642	-1
3.58115887642	-1
3.58115887642	-1
3.58115887642	-1
3.58410787582	-1
3.58410787582	-1
3.58410787582	-1
3.58410787582	-1
3.58414006233	1
3.58646202087	-1
3.58877706528	-1
3.58877706528	-1
3.58982086182	-1
3.58982086182	-1
3.58982086182	-1
3.59108996391	-1
3.59108996391	-1
3.59108996391	-1
3.59108996391	-1
3.59108996391	-1
3.59207296371	-1
3.59469485283	-1
3.59469485283	-1
3.5962100029	-1
3.5962100029	-1
3.5962100029	-1
3.59996294975	-1
3.59996294975	-1
3.59996294975	-1
3.60430192947	-1
3.60430192947	-1
3.60430192947	-1
3.60838794708	-1
3.60838794708	-1
3.60838794708	-1
3.61318087578	-1
3.61318087578	-1
3.61318087578	-1
3.61321592331	1
3.61642503738	-1
3.61642503738	-1
3.61642503738	-1
3.61808490753	-1
3.62062191963	-1
3.62062191963	-1
3.62062191963	-1
3.62293505669	-1
3.62293505669	-1
3.62401294708	-1
3.62401294708	-1
3.62401294708	-1
3.62632489204	-1
3.62632489204	-1
3.62632489204	-1
3.62800502777	-1
3.62919402122	-1
3.62919402122	-1
3.62919402122	-1
3.63258004189	-1
3.63258004189	-1
3.63258004189	-1
3.63384199142	-1
3.63384199142	-1
3.63690090179	-1
3.63690090179	-1
3.63690090179	-1
3.63879203796	-1
3.63879203796	-1
3.63879203796	-1
3.63879203796	-1
3.63879203796	-1
3.63879203796	-1
3.63879203796	-1
3.64026498795	-1
3.64026498795	-1
3.64026498795	-1
3.64026498795	-1
3.64026498795	-1
3.64026498795	-1
3.64158296585	-1
3.64158296585	-1
3.64158296585	-1
3.64158296585	-1
3.64158296585	-1
3.64158296585	-1
3.64158296585	-1
3.64161205292	1
3.64917588234	-1
3.64917588234	-1
3.64917588234	-1
3.64917588234	-1
3.64917588234	-1
3.64917588234	-1
3.64917588234	-1
3.64917588234	-1
3.65097999573	-1
3.65097999573	-1
3.65097999573	-1
3.65097999573	-1
3.65097999573	-1
3.65097999573	-1
3.65097999573	-1
3.65097999573	-1
3.6513428688	-1
3.6513428688	-1
3.6513428688	-1
3.6513428688	-1
3.6513428688	-1
3.6513428688	-1
3.6513428688	-1
3.6513428688	-1
3.65249085426	-1
3.65249085426	-1
3.65249085426	-1
3.65249085426	-1
3.65249085426	-1
3.65249085426	-1
3.65249085426	-1
3.65249085426	-1
3.65676593781	-1
3.65676593781	-1
3.65676593781	-1
3.65676593781	-1
3.65676593781	-1
3.65676593781	-1
3.65700006485	-1
3.65700006485	-1
3.65700006485	-1
3.65838003159	1
3.65838003159	1
3.65838003159	1
3.66485500336	-1
3.66485500336	-1
3.66485500336	-1
3.66496086121	-1
3.66496086121	-1
3.66496086121	-1
3.66496086121	-1
3.66496086121	-1
3.66496086121	-1
3.66496086121	-1
3.66496086121	-1
3.66496086121	-1
3.66527986526	-1
3.66527986526	-1
3.66527986526	-1
3.66527986526	-1
3.66527986526	-1
3.66527986526	-1
3.66684293747	-1
3.66684293747	-1
3.66684293747	-1
3.66684293747	-1
3.66684293747	-1
3.67914104462	-1
3.67914104462	-1
3.67914104462	-1
3.67914104462	-1
3.67914104462	-1
3.67914104462	-1
3.67914104462	-1
3.67937684059	-1
3.67937684059	-1
3.67937684059	-1
3.67937684059	-1
3.67937684059	-1
3.67937684059	-1
3.67937684059	-1
3.67937684059	-1
3.67965292931	-1
3.67965292931	-1
3.67965292931	-1
3.67965292931	-1
3.67965292931	-1
3.67965292931	-1
3.67965292931	-1
3.67965292931	-1
3.68011403084	-1
3.68011403084	-1
3.68011403084	-1
3.68011403084	-1
3.68011403084	-1
3.68011403084	-1
3.68011403084	-1
3.68011403084	-1
3.68048286438	-1
3.68420886993	-1
3.68420886993	-1
3.68420886993	-1
3.68420886993	-1
3.6843290329	-1
3.68445086479	-1
3.68445086479	-1
3.68445086479	-1
3.68518900871	-1
3.68518900871	-1
3.68531084061	-1
3.68531084061	-1
3.68531084061	-1
3.68543386459	-1
3.68543386459	-1
3.68543386459	-1
3.68555784225	-1
3.68555784225	-1
3.68555784225	-1
3.68568205833	-1
3.68568205833	-1
3.68568205833	-1
3.68575906754	-1
3.68669199944	-1
3.68669199944	-1
3.68669199944	-1
3.69509005547	-1
3.69509005547	-1
3.69520401955	-1
3.69520401955	-1
3.69520401955	-1
3.69532585144	-1
3.69532585144	-1
3.69532585144	-1
3.69544887543	-1
3.69544887543	-1
3.69544887543	-1
3.69557189941	-1
3.69557189941	-1
3.69557189941	-1
3.69569396973	-1
3.69580197334	-1
3.69580197334	-1
3.69580197334	-1
3.6959400177	-1
3.6959400177	-1
3.6959400177	-1
3.6959400177	-1
3.6959400177	-1
3.69618701935	-1
3.69618701935	-1
3.69618701935	-1
3.69618701935	-1
3.69618701935	-1
3.69618701935	-1
3.69618701935	-1
3.69618701935	-1
3.69654083252	-1
3.69654083252	-1
3.69654083252	-1
3.69654083252	-1
3.69667696953	-1
3.69667696953	-1
3.69667696953	-1
3.69667696953	-1
3.69667696953	-1
3.69667696953	-1
3.69667696953	-1
3.69782400131	1
3.69782400131	1
3.69782400131	1
3.70890498161	-1
3.70890498161	-1
3.70890498161	-1
3.70890498161	-1
3.70890498161	-1
3.70890498161	-1
3.70890498161	-1
3.70890498161	-1
3.70914888382	-1
3.70914888382	-1
3.70914888382	-1
3.70914888382	-1
3.70914888382	-1
3.70914888382	-1
3.70914888382	-1
3.70914888382	-1
3.70951795578	-1
3.70951795578	-1
3.70951795578	-1
3.70951795578	-1
3.70951795578	-1
3.70951795578	-1
3.70951795578	-1
3.70951795578	-1
3.70988583565	-1
3.70988583565	-1
3.70988583565	-1
3.70988583565	-1
3.70988583565	-1
3.70988583565	-1
3.70988583565	-1
3.70988583565	-1
3.71025490761	-1
3.71025490761	-1
3.71025490761	-1
3.71025490761	-1
3.71025490761	-1
3.71025490761	-1
3.71025490761	-1
3.71025490761	-1
3.72319197655	-1
3.72319197655	-1
3.72319197655	-1
3.72319197655	-1
3.72319197655	-1
3.72319197655	-1
3.72319197655	-1
3.72319197655	-1
3.72354602814	-1
3.72354602814	-1
3.72354602814	-1
3.72354602814	-1
3.72354602814	-1
3.72354602814	-1
3.72354602814	-1
3.723913908	-1
3.723913908	-1
3.723913908	-1
3.723913908	-1
3.723913908	-1
3.723913908	-1
3.723913908	-1
3.723913908	-1
3.72428297997	-1
3.72428297997	-1
3.72428297997	-1
3.72428297997	-1
3.72428297997	-1
3.72428297997	-1
3.72428297997	-1
3.72428297997	-1
3.72452783585	-1
3.72452783585	-1
3.72452783585	-1
3.72452783585	-1
3.72452783585	-1
3.72452783585	-1
3.72452783585	-1
3.72452783585	-1
3.73533201218	-1
3.73533201218	-1
3.73533201218	-1
3.73533201218	-1
3.73533201218	-1
3.73533201218	-1
3.73533201218	-1
3.73533201218	-1
3.73534584045	1
3.73534584045	1
3.7355659008	-1
3.7355659008	-1
3.7355659008	-1
3.7355659008	-1
3.7355659008	-1
3.7355659008	-1
3.7355659008	-1
3.7355659008	-1
3.73593592644	-1
3.73593592644	-1
3.73593592644	-1
3.73593592644	-1
3.73593592644	-1
3.73593592644	-1
3.73593592644	-1
3.73593592644	-1
3.73630404472	-1
3.73630404472	-1
3.73630404472	-1
3.73630404472	-1
3.73630404472	-1
3.73630404472	-1
3.73630404472	-1
3.73630404472	-1
3.73667192459	-1
3.73667192459	-1
3.73667192459	-1
3.73667192459	-1
3.73667192459	-1
3.73667192459	-1
3.73667192459	-1
3.73704099655	-1
3.73704099655	-1
3.73704099655	-1
3.73704099655	-1
3.73704099655	-1
3.73704099655	-1
3.73704099655	-1
3.73704099655	-1
3.73779892921	-1
3.73779892921	-1
3.73779892921	-1
3.73779892921	-1
3.73779892921	-1
3.73779892921	-1
3.73779892921	-1
3.73779892921	-1
3.73816800117	-1
3.73816800117	-1
3.73816800117	-1
3.73816800117	-1
3.73816800117	-1
3.73816800117	-1
3.73816800117	-1
3.73816800117	-1
3.75147891045	-1
3.75147891045	-1
3.75147891045	-1
3.75147891045	-1
3.75147891045	-1
3.75147891045	-1
3.75147891045	-1
3.75147891045	-1
3.75184702873	-1
3.75184702873	-1
3.75184702873	-1
3.75184702873	-1
3.75184702873	-1
3.75184702873	-1
3.75184702873	-1
3.75184702873	-1
3.75209283829	-1
3.75209283829	-1
3.75209283829	-1
3.75209283829	-1
3.75209283829	-1
3.75209283829	-1
3.75209283829	-1
3.75209283829	-1
3.75242996216	-1
3.75242996216	-1
3.75242996216	-1
3.75242996216	-1
3.75242996216	-1
3.75242996216	-1
3.75242996216	-1
3.75242996216	-1
3.75283002853	-1
3.75283002853	-1
3.75283002853	-1
3.75283002853	-1
3.75283002853	-1
3.75283002853	-1
3.75283002853	-1
3.75320005417	-1
3.75320005417	-1
3.75320005417	-1
3.75320005417	-1
3.75320005417	-1
3.75320005417	-1
3.75320005417	-1
3.75320005417	-1
3.75356888771	-1
3.75356888771	-1
3.75356888771	-1
3.75356888771	-1
3.75356888771	-1
3.75356888771	-1
3.75356888771	-1
3.75356888771	-1
3.75450491905	1
3.75450491905	1
3.75450491905	1
3.76351094246	-1
3.76351094246	-1
3.76351094246	-1
3.76351094246	-1
3.76351094246	-1
3.76351094246	-1
3.76351094246	-1
3.76351094246	-1
3.76385498047	-1
3.76385498047	-1
3.76385498047	-1
3.76385498047	-1
3.76385498047	-1
3.76385498047	-1
3.76385498047	-1
3.76385498047	-1
3.76422190666	-1
3.76422190666	-1
3.76422190666	-1
3.76422190666	-1
3.76422190666	-1
3.76422190666	-1
3.76422190666	-1
3.76422190666	-1
3.76459002495	-1
3.76459002495	-1
3.76459002495	-1
3.76459002495	-1
3.76459002495	-1
3.76459002495	-1
3.76459002495	-1
3.76459002495	-1
3.7648358345	-1
3.7648358345	-1
3.7648358345	-1
3.7648358345	-1
3.7648358345	-1
3.7648358345	-1
3.7648358345	-1
3.7648358345	-1
3.76520395279	-1
3.76520395279	-1
3.76520395279	-1
3.76520395279	-1
3.76520395279	-1
3.76520395279	-1
3.76520395279	-1
3.76557898521	-1
3.76557898521	-1
3.76557898521	-1
3.76557898521	-1
3.76557898521	-1
3.76557898521	-1
3.76557898521	-1
3.76557898521	-1
3.76594185829	-1
3.76594185829	-1
3.76594185829	-1
3.76594185829	-1
3.76594185829	-1
3.76594185829	-1
3.76594185829	-1
3.76594185829	-1
3.77133584023	1
3.77133584023	1
3.77133584023	1
3.7794380188	-1
3.7794380188	-1
3.7794380188	-1
3.7794380188	-1
3.7794380188	-1
3.7794380188	-1
3.7794380188	-1
3.7794380188	-1
3.77980399132	-1
3.77980399132	-1
3.77980399132	-1
3.77980399132	-1
3.77980399132	-1
3.77980399132	-1
3.77980399132	-1
3.77980399132	-1
3.78017306328	-1
3.78017306328	-1
3.78017306328	-1
3.78017306328	-1
3.78017306328	-1
3.78017306328	-1
3.78017306328	-1
3.78017306328	-1
3.78054094315	-1
3.78054094315	-1
3.78054094315	-1
3.78054094315	-1
3.78054094315	-1
3.78054094315	-1
3.78054094315	-1
3.78054094315	-1
3.78091287613	-1
3.78091287613	-1
3.78091287613	-1
3.78091287613	-1
3.78091287613	-1
3.78091287613	-1
3.78091287613	-1
3.78091287613	-1
3.78128004074	-1
3.78128004074	-1
3.78128004074	-1
3.78128004074	-1
3.78128004074	-1
3.78128004074	-1
3.78128004074	-1
3.78152489662	-1
3.78152489662	-1
3.78152489662	-1
3.78152489662	-1
3.78152489662	-1
3.78152489662	-1
3.78152489662	-1
3.78152489662	-1
3.78189396858	-1
3.78189396858	-1
3.78189396858	-1
3.78189396858	-1
3.78189396858	-1
3.78189396858	-1
3.78189396858	-1
3.78189396858	-1
3.78475999832	-1
3.78475999832	-1
3.78475999832	-1
3.78475999832	-1
3.78475999832	-1
3.78475999832	-1
3.78475999832	-1
3.78475999832	-1
3.7850549221	-1
3.7850549221	-1
3.7850549221	-1
3.7850549221	-1
3.7850549221	-1
3.7850549221	-1
3.7850549221	-1
3.7850549221	-1
3.78549695015	-1
3.78549695015	-1
3.78549695015	-1
3.78549695015	-1
3.78549695015	-1
3.78549695015	-1
3.78549695015	-1
3.78549695015	-1
3.78580999374	-1
3.78580999374	-1
3.78580999374	-1
3.78580999374	-1
3.78580999374	-1
3.78580999374	-1
3.78580999374	-1
3.78580999374	-1
3.78625488281	-1
3.78625488281	-1
3.78625488281	-1
3.78625488281	-1
3.78625488281	-1
3.78625488281	-1
3.78625488281	-1
3.78625488281	-1
3.78662490845	-1
3.78662490845	-1
3.78662490845	-1
3.78662490845	-1
3.78662490845	-1
3.78662490845	-1
3.78662490845	-1
3.79039597511	1
3.79039597511	1
3.79161190987	1
3.79163885117	-1
3.79163885117	-1
3.79163885117	-1
3.79163885117	-1
3.79163885117	-1
3.79163885117	-1
3.79163885117	-1
3.79163885117	-1
3.79205083847	-1
3.79205083847	-1
3.79205083847	-1
3.79205083847	-1
3.79205083847	-1
3.79205083847	-1
3.79205083847	-1
3.79205083847	-1
3.7923848629	-1
3.7923848629	-1
3.7923848629	-1
3.7923848629	-1
3.7923848629	-1
3.7923848629	-1
3.7923848629	-1
3.7923848629	-1
3.79651689529	-1
3.79651689529	-1
3.79651689529	-1
3.79651689529	-1
3.79651689529	-1
3.79651689529	-1
3.79651689529	-1
3.79651689529	-1
3.79688405991	-1
3.79688405991	-1
3.79688405991	-1
3.79688405991	-1
3.79688405991	-1
3.79688405991	-1
3.79688405991	-1
3.79688405991	-1
3.79725289345	-1
3.79725289345	-1
3.79725289345	-1
3.79725289345	-1
3.79725289345	-1
3.79725289345	-1
3.79725289345	-1
3.79725289345	-1
3.79760789871	-1
3.79760789871	-1
3.79760789871	-1
3.79760789871	-1
3.79760789871	-1
3.79760789871	-1
3.79760789871	-1
3.79760789871	-1
3.80753302574	-1
3.80753302574	-1
3.80753302574	-1
3.80753302574	-1
3.80753302574	-1
3.80753302574	-1
3.80753302574	-1
3.80753302574	-1
3.80753302574	-1
3.80790185928	-1
3.80790185928	-1
3.80802488327	-1
3.80802488327	-1
3.80802488327	-1
3.80802488327	-1
3.80802488327	-1
3.80802488327	-1
3.80802488327	-1
3.80802488327	-1
3.80838394165	-1
3.80838394165	-1
3.80838394165	-1
3.80838394165	-1
3.80838394165	-1
3.80838394165	-1
3.80861592293	-1
3.80861592293	-1
3.80861592293	-1
3.80861592293	-1
3.80861592293	-1
3.80861592293	-1
3.80861592293	-1
3.80861592293	-1
3.80900788307	-1
3.80900788307	-1
3.80900788307	-1
3.80900788307	-1
3.80900788307	-1
3.80900788307	-1
3.80900788307	-1
3.80900788307	-1
3.80900788307	-1
3.80937600136	-1
3.80937600136	-1
3.80937600136	-1
3.80937600136	-1
3.80937600136	-1
3.80937600136	-1
3.80937600136	-1
3.81190299988	1
3.81190299988	1
3.81190299988	1
3.81287193298	-1
3.81287193298	-1
3.81287193298	-1
3.81287193298	-1
3.81287193298	-1
3.81287193298	-1
3.81287193298	-1
3.81287193298	-1
3.81332683563	-1
3.81332683563	-1
3.81332683563	-1
3.81332683563	-1
3.81332683563	-1
3.81332683563	-1
3.81332683563	-1
3.81332683563	-1
3.81949806213	1
3.86746096611	-1
3.86761689186	-1
3.86761689186	-1
3.86761689186	-1
3.95304393768	-1
3.95304393768	-1
3.95304393768	-1
3.95304393768	-1
3.95304393768	-1
3.95304393768	-1
3.95598196983	-1
3.95598196983	-1
3.95693206787	-1
3.95693206787	-1
3.95693206787	-1
3.95693206787	-1
3.95693206787	-1
3.95693206787	-1
3.95693206787	-1
3.95777702332	-1
3.95777702332	-1
3.95777702332	-1
3.95777702332	-1
3.95777702332	-1
3.95777702332	-1
3.95777702332	-1
3.95841884613	-1
3.95841884613	-1
3.95841884613	-1
3.95841884613	-1
3.95841884613	-1
3.95841884613	-1
3.95841884613	-1
3.95905089378	-1
3.96011590958	-1
3.96011590958	-1
3.96011590958	-1
3.96011590958	-1
3.96138596535	-1
3.96143388748	-1
3.96143388748	-1
3.96143388748	-1
3.96143388748	-1
3.96198105812	-1
3.96198105812	-1
3.96198105812	-1
3.96198105812	-1
3.96198105812	-1
3.96198105812	-1
3.96360206604	1
3.96912789345	-1
3.96912789345	-1
3.96912789345	-1
3.96912789345	-1
3.96912789345	-1
3.96912789345	-1
3.96912789345	-1
3.96912789345	-1
3.97081685066	-1
3.97081685066	-1
3.97081685066	-1
3.97081685066	-1
3.97081685066	-1
3.97410488129	-1
3.97420787811	-1
3.97420787811	-1
3.97420787811	-1
3.97420787811	-1
3.97420787811	-1
3.97420787811	-1
3.97420787811	-1
3.97445487976	-1
3.97719502449	-1
3.97719502449	-1
3.97730088234	-1
3.97730088234	-1
3.97730088234	-1
3.97730088234	-1
3.97730088234	-1
3.97893595695	-1
3.98163795471	-1
3.98163795471	-1
3.98339986801	-1
3.98339986801	-1
3.98339986801	-1
3.98339986801	-1
4.01792597771	-1
4.01792597771	-1
4.01796293259	1
4.09356498718	-1
4.09466195107	-1
4.09466195107	-1
4.09466195107	-1
4.09466195107	-1
4.33416986465	1
4.33464002609	1
4.33464002609	1
4.33464002609	1
4.33464002609	1
4.33464002609	1
4.33464002609	1
