0.0	1
0.250231981277	1
0.618936061859	-1
0.620362043381	1
3.37377595901	-1
3.3753118515	1
3.37968993187	1
3.37968993187	1
3.37968993187	1
3.37968993187	1
3.37968993187	1
3.37968993187	1
3.88171291351	-1
3.88312005997	1
3.9975168705	-1
3.9975168705	-1
3.99903488159	1
4.1132619381	-1
4.11329388618	1
4.26601195335	1
4.26940989494	-1
4.42287993431	-1
4.42363500595	-1
4.42363500595	-1
4.42363500595	-1
4.42363500595	-1
4.42363500595	-1
4.42363500595	-1
4.42363500595	-1
4.42802000046	-1
4.42802000046	-1
4.44336605072	1
4.44730997086	-1
4.44730997086	-1
4.44730997086	-1
4.44730997086	-1
4.44730997086	-1
4.44730997086	-1
4.44730997086	-1
4.57923197746	-1
4.57923197746	-1
4.57923197746	-1
4.57923197746	-1
4.59836101532	-1
4.59836101532	-1
4.59913682938	-1
4.59913682938	-1
4.59913682938	-1
4.69432091713	1
4.7643198967	-1
4.7643198967	-1
4.7643198967	-1
4.76726603508	-1
4.76726603508	-1
4.76726603508	-1
4.76726603508	-1
4.76726603508	-1
4.76726603508	-1
4.91911697388	-1
4.92022585869	1
5.06563997269	-1
5.25558400154	-1
5.25687098503	1
5.37112188339	-1
5.52280902863	-1
5.52280902863	-1
5.53641200066	1
5.8597009182	-1
6.01093387604	-1
6.02732801437	1
6.02953290939	1
6.02953290939	1
6.02953290939	1
6.40092396736	-1
6.55476593971	-1
6.55476593971	-1
6.66920089722	-1
6.78355693817	-1
6.78355693817	-1
8.90759801865	-1
8.99877405167	1
9.05470395088	1
9.05470395088	1
9.05470395088	1
9.05470395088	1
9.05470395088	1
9.05470395088	1
9.05470395088	1
9.05517101288	1
9.11316800117	1
