0.0	1
0.250996828079	1
0.581049919128	-1
0.582679986954	1
0.81822681427	-1
0.818997859955	1
0.821964025497	1
0.821964025497	1
0.821964025497	1
0.966445922852	1
0.966445922852	1
0.966445922852	1
1.26695799828	-1
1.26862192154	1
1.44522690773	-1
1.44658684731	1
1.66061687469	-1
1.66181588173	1
1.74605894089	-1
1.74605894089	-1
1.74605894089	-1
1.80133986473	1
1.84085702896	-1
1.84085702896	-1
1.84085702896	-1
1.84349393845	-1
1.84349393845	-1
1.85645794868	-1
1.85645794868	-1
1.85645794868	-1
1.85645794868	-1
1.94084191322	1
2.04400587082	-1
2.04400587082	-1
2.04400587082	-1
2.04400587082	-1
2.05307388306	-1
2.05307388306	-1
2.05307388306	-1
2.05307388306	-1
2.05307388306	-1
2.08034086227	1
2.17412590981	-1
2.17412590981	-1
2.17412590981	-1
2.17412590981	-1
2.17412590981	-1
2.17412590981	-1
2.17412590981	-1
2.18290686607	-1
2.21968603134	-1
2.21972084045	1
2.47270083427	-1
2.47334384918	1
2.5822429657	-1
2.5822429657	-1
2.5822429657	-1
2.5822429657	-1
2.58346891403	-1
2.58346891403	-1
2.58346891403	-1
2.58359003067	-1
2.61318492889	-1
2.61318492889	-1
2.61321687698	1
2.61321687698	1
2.76304197311	-1
2.76306200027	1
2.90256881714	-1
2.90259099007	1
3.54103589058	-1
3.66853189468	-1
3.66853189468	-1
3.66853189468	-1
3.72465896606	1
4.55748581886	-1
4.73307299614	-1
4.74551701546	1
4.75620484352	1
4.75620484352	1
4.75620484352	1
4.75670599937	1
4.75670599937	1
5.50532698631	-1
5.5082089901	-1
5.5082089901	-1
5.5082089901	-1
5.5082089901	-1
5.5082089901	-1
5.5082089901	-1
5.5326218605	-1
5.5326218605	-1
5.53267288208	-1
5.53267288208	-1
5.53267288208	-1
5.53267288208	-1
5.64785289764	-1
5.67367887497	-1
5.67367887497	-1
5.67367887497	-1
5.67367887497	-1
5.67367887497	-1
5.67367887497	-1
5.79503488541	1
6.04579687119	1
6.89572381973	-1
7.11406302452	-1
10.7259960175	-1
15.7993550301	1
15.9386849403	1
16.6720998287	1
16.6736369133	1
16.6736369133	1
16.6736369133	1
16.6736369133	1
16.6746149063	1
16.6746149063	1
16.6747820377	1
16.6747820377	1
16.8115990162	1
16.8330008984	-1
16.98919487	1
17.1235308647	-1
17.1245148182	-1
17.1245148182	-1
17.1245148182	-1
17.1245148182	-1
17.1245148182	-1
17.1245148182	-1
17.1790928841	-1
17.1790928841	-1
17.1790928841	-1
17.1790928841	-1
17.1790928841	-1
17.1790928841	-1
17.1790928841	-1
17.1790928841	-1
17.2217888832	-1
17.2217888832	-1
17.2217888832	-1
17.2217888832	-1
17.2217888832	-1
17.2217888832	-1
17.2217888832	-1
17.2217888832	-1
17.2217888832	-1
17.3125679493	1
17.3192739487	1
17.3192739487	1
17.3192739487	1
17.3211870193	1
17.3211870193	1
17.4640510082	-1
17.6035568714	-1
17.7812278271	-1
18.0604538918	-1
18.0619490147	1
18.0676579475	-1
18.0676579475	-1
18.0676579475	-1
18.0676579475	-1
18.0676579475	-1
18.0676579475	-1
18.0676579475	-1
18.068666935	-1
18.068666935	-1
18.068666935	-1
18.068666935	-1
18.068666935	-1
18.068666935	-1
18.068666935	-1
18.0786340237	-1
18.0786340237	-1
18.0786340237	-1
18.0786340237	-1
18.0786340237	-1
18.0786340237	-1
18.0786340237	-1
18.0786340237	-1
18.156908989	-1
18.156908989	-1
18.156908989	-1
18.156908989	-1
18.156908989	-1
18.156908989	-1
18.156908989	-1
18.156908989	-1
18.156908989	-1
18.2074069977	-1
18.2074069977	-1
18.2074069977	-1
18.2074069977	-1
18.2074069977	-1
18.2074408531	1
18.2075090408	-1
18.2130429745	1
18.2130429745	1
18.2130429745	1
18.2130429745	1
18.2130429745	1
18.2130429745	1
18.2130429745	1
18.2130429745	1
18.2130429745	1
18.213162899	1
18.213162899	1
18.213162899	1
18.3527469635	1
18.6705248356	-1
18.6787860394	-1
18.6787860394	-1
18.6787860394	-1
18.6787860394	-1
18.6787860394	-1
18.6787860394	-1
18.8191168308	1
18.958920002	1
19.019318819	-1
19.0254259109	-1
19.0254259109	-1
19.0254259109	-1
19.0254259109	-1
19.0254259109	-1
19.0254259109	-1
19.0254259109	-1
19.0304429531	-1
19.0304429531	-1
19.0304429531	-1
19.0304429531	-1
19.0304429531	-1
19.0304429531	-1
19.0304429531	-1
19.0393350124	-1
19.0393350124	-1
19.0393350124	-1
19.0393350124	-1
19.0393350124	-1
19.0393350124	-1
19.0393350124	-1
19.1219859123	-1
19.1220870018	-1
19.1220870018	-1
19.1220870018	-1
19.1220870018	-1
19.1220870018	-1
19.1700689793	-1
19.1701719761	-1
19.1701719761	-1
19.1701719761	-1
19.1701719761	-1
19.1701719761	-1
19.1701719761	-1
19.1701719761	-1
19.1704158783	-1
19.1704158783	-1
19.1704158783	-1
19.1704158783	-1
19.1704158783	-1
19.1704158783	-1
19.1704158783	-1
19.2706999779	-1
19.2706999779	-1
19.2706999779	-1
19.2706999779	-1
19.2706999779	-1
19.2706999779	-1
19.2706999779	-1
19.2706999779	-1
19.2711319923	-1
19.2711319923	-1
19.2711319923	-1
19.2711319923	-1
19.2711319923	-1
19.2711319923	-1
19.2711319923	-1
19.2711319923	-1
19.309648037	-1
19.3097519875	-1
19.3097519875	-1
19.3097519875	-1
19.3097519875	-1
19.3097519875	-1
19.3097519875	-1
19.3099968433	-1
19.3099968433	-1
19.3101229668	-1
19.3101229668	-1
19.3101229668	-1
19.3101229668	-1
19.3101229668	-1
19.3101229668	-1
19.3120679855	1
19.3498179913	-1
19.3498179913	-1
19.3498179913	-1
19.3498179913	-1
19.3498179913	-1
19.3498179913	-1
19.3498179913	-1
19.394879818	-1
19.394879818	-1
19.394879818	-1
19.394879818	-1
19.394879818	-1
19.394879818	-1
19.394879818	-1
19.394879818	-1
19.4114079475	-1
19.4115109444	-1
19.4115109444	-1
19.4115109444	-1
19.4115109444	-1
19.4115109444	-1
19.4115109444	-1
19.4115109444	-1
19.4117560387	-1
19.41188097	-1
19.41188097	-1
19.41188097	-1
19.41188097	-1
19.41188097	-1
19.41188097	-1
19.41188097	-1
19.4492390156	-1
19.4492390156	-1
19.4492390156	-1
19.4492390156	-1
19.4492390156	-1
19.4492390156	-1
19.4494588375	-1
19.4495818615	-1
19.4495818615	-1
19.4495818615	-1
19.4495818615	-1
19.4495818615	-1
19.4495818615	-1
19.4498269558	-1
19.4498269558	-1
19.4890818596	1
19.4890818596	1
19.5617308617	-1
19.5617308617	-1
19.5617308617	-1
19.7567379475	-1
19.7567379475	-1
19.7567379475	-1
19.7567379475	-1
19.7567379475	-1
19.8169879913	1
19.826196909	1
19.826196909	1
19.826196909	1
19.8420610428	1
19.8420610428	1
19.8420610428	1
19.8483388424	1
19.8483388424	1
19.8589370251	1
19.8589370251	1
19.9564239979	1
19.9564239979	1
20.2262940407	-1
20.2269239426	1
20.3664429188	-1
20.3664429188	-1
20.3664758205	1
20.4567639828	-1
20.4567639828	-1
20.4567639828	-1
20.4573769569	-1
20.4573769569	-1
20.4573769569	-1
20.4573769569	-1
20.4573769569	-1
20.4573769569	-1
20.4573769569	-1
20.458673954	1
20.458673954	1
20.458673954	1
20.5398218632	-1
20.5398218632	-1
20.5398218632	-1
20.5398218632	-1
20.5398218632	-1
20.5398218632	-1
20.5398218632	-1
20.5398218632	-1
20.5557880402	-1
20.5557880402	-1
20.5557880402	-1
20.5557880402	-1
20.5557880402	-1
20.5557880402	-1
20.5557880402	-1
20.5970380306	-1
20.5970380306	-1
20.5970380306	-1
20.5970380306	-1
20.5970380306	-1
20.5970380306	-1
20.6320178509	-1
20.6324288845	-1
20.6324288845	-1
20.6324288845	-1
20.645419836	1
20.645419836	1
20.701540947	-1
20.701540947	-1
20.701540947	-1
20.701540947	-1
20.701540947	-1
20.701540947	-1
20.701540947	-1
20.7251930237	-1
20.7259130478	-1
20.7259130478	-1
20.7259130478	-1
20.7259130478	-1
20.7259130478	-1
20.7259130478	-1
20.7259130478	-1
20.7259130478	-1
20.7332420349	-1
20.7856588364	1
20.7856588364	1
20.9613149166	1
21.046216011	-1
21.0531599522	-1
21.0531599522	-1
21.0531599522	-1
21.0531599522	-1
21.0531599522	-1
21.0531599522	-1
21.1996059418	1
21.2145299911	-1
21.2145299911	-1
21.2145299911	-1
21.2145299911	-1
21.2269649506	-1
21.2269649506	-1
21.2269649506	-1
21.276293993	-1
21.2774548531	1
21.2774548531	1
21.2774548531	1
21.32665205	-1
21.32665205	-1
21.32665205	-1
21.3324658871	-1
21.4720480442	-1
21.4720480442	-1
21.5351059437	-1
21.5351059437	-1
21.5351059437	-1
21.5351450443	1
21.5351450443	1
21.537539959	-1
21.537539959	-1
21.537539959	-1
21.537539959	-1
21.5547208786	-1
21.6273989677	-1
21.6273989677	-1
21.6273989677	-1
21.7889149189	-1
21.7889149189	-1
21.7889478207	1
21.7889478207	1
21.9158418179	-1
21.9158418179	-1
21.9158418179	-1
21.9286110401	1
22.0681409836	-1
22.0681409836	-1
22.0821769238	1
22.1199378967	-1
22.1199378967	-1
22.1199378967	-1
22.2215678692	1
22.2215678692	1
22.2247629166	1
22.2247629166	1
22.2247629166	1
22.2247629166	1
22.2247629166	1
22.2247629166	1
22.2247629166	1
22.2247629166	1
22.2247629166	1
22.3216879368	1
22.3216879368	1
22.3610498905	-1
22.490885973	-1
22.490885973	-1
22.490885973	-1
22.5006098747	-1
22.6033170223	-1
22.6033170223	-1
22.6033170223	-1
22.6654028893	1
22.841244936	1
22.8496079445	-1
22.8586819172	-1
22.8586819172	-1
22.8586819172	-1
22.8586819172	-1
22.8586819172	-1
22.8586819172	-1
22.8586819172	-1
22.8586819172	-1
22.8595228195	-1
22.8595228195	-1
22.8595228195	-1
22.8595228195	-1
22.8595228195	-1
22.8595228195	-1
22.8595228195	-1
22.8598489761	-1
22.8598489761	-1
22.8598489761	-1
22.8598489761	-1
22.9775168896	-1
22.9775168896	-1
22.9775168896	-1
23.0224919319	1
23.1388950348	-1
23.1497228146	-1
23.1497228146	-1
23.1497228146	-1
23.1497228146	-1
23.1497228146	-1
23.1497228146	-1
23.173293829	-1
23.173293829	-1
23.1733279228	1
23.1735420227	-1
23.1735420227	-1
23.1735420227	-1
23.1735420227	-1
23.1735420227	-1
23.3526239395	-1
23.3526239395	-1
23.3526239395	-1
23.3527319431	-1
23.3527319431	-1
23.3527319431	-1
23.3527319431	-1
23.3527319431	-1
24.170789957	-1
24.2699010372	1
24.2701728344	1
24.2701728344	1
24.2701728344	1
24.2701728344	1
24.2701728344	1
24.2701728344	1
24.2701728344	1
24.2701728344	1
24.271023035	1
24.2711789608	1
24.2711789608	1
24.2711789608	1
24.8218269348	-1
