0.0	1
0.250039100647	1
0.403859138489	-1
0.40533208847	1
0.748446941376	-1
0.749274015427	1
0.751821994781	1
0.751821994781	1
0.751821994781	1
0.951277017593	1
1.0251250267	1
1.0251250267	1
1.2648100853	-1
1.26646208763	1
1.3662481308	-1
1.36760497093	1
1.42719101906	-1
1.42719101906	-1
1.42719101906	-1
1.44156694412	1
1.55334091187	-1
1.55338096619	1
1.66718411446	1
1.71927714348	-1
1.76091313362	-1
1.76091313362	-1
1.76091313362	-1
1.76091313362	-1
1.76091313362	-1
1.76091313362	-1
1.76091313362	-1
1.8166949749	-1
1.82911396027	1
1.91525912285	-1
1.91525912285	-1
1.91525912285	-1
1.91663408279	1
2.03008008003	1
2.04604291916	-1
2.04604291916	-1
2.04604291916	-1
2.04604291916	-1
2.04604291916	-1
2.04604291916	-1
2.0626449585	-1
2.13763594627	-1
2.13763594627	-1
2.13766908646	1
2.16839814186	-1
2.16839814186	-1
2.16839814186	-1
2.16839814186	-1
2.16839814186	-1
2.16839814186	-1
2.21169304848	1
2.28596496582	-1
2.32922101021	-1
2.32922101021	-1
2.32922101021	-1
2.32936096191	-1
2.32936096191	-1
2.32936096191	-1
2.32936096191	-1
2.32936096191	-1
2.32936096191	-1
2.47641611099	-1
2.47764801979	1
2.56897902489	-1
2.57009005547	1
2.64423894882	-1
2.75453710556	-1
3.08801102638	-1
3.26551699638	-1
3.27311110497	1
3.37987208366	-1
3.38263893127	-1
3.38263893127	-1
3.38263893127	-1
3.38263893127	-1
3.38263893127	-1
3.38263893127	-1
3.38263893127	-1
3.38263893127	-1
3.44343113899	-1
3.44343113899	-1
3.44343113899	-1
3.44343113899	-1
3.44343113899	-1
3.44343113899	-1
3.44343113899	-1
3.44343113899	-1
3.44343113899	-1
3.44376802444	-1
3.44376802444	-1
3.45309400558	1
3.45703911781	1
3.45703911781	1
3.45703911781	1
3.46101808548	1
3.46101808548	1
3.50358700752	-1
3.50358700752	-1
3.50358700752	-1
3.50358700752	-1
3.50358700752	-1
3.50358700752	-1
3.50358700752	-1
3.50409793854	-1
3.50422096252	-1
3.50422096252	-1
3.50422096252	-1
3.50422096252	-1
3.50422096252	-1
3.50422096252	-1
3.50422096252	-1
3.50473403931	-1
3.50473403931	-1
3.50473403931	-1
3.50473403931	-1
3.50473403931	-1
3.50473403931	-1
3.50473403931	-1
3.50473403931	-1
3.50473403931	-1
3.53137493134	1
3.56381392479	-1
3.56381392479	-1
3.56381392479	-1
3.56381392479	-1
3.56381392479	-1
3.56381392479	-1
3.56381392479	-1
3.56381392479	-1
3.5645301342	-1
3.5645301342	-1
3.5645301342	-1
3.5645301342	-1
3.5645301342	-1
3.57109308243	1
3.57109308243	1
3.57109308243	1
3.5777361393	-1
3.5777361393	-1
3.57784891129	-1
3.57796406746	-1
3.57796406746	-1
3.57796406746	-1
3.57796406746	-1
3.57796406746	-1
3.57796406746	-1
3.57796406746	-1
3.57796406746	-1
3.60569214821	1
3.63736891747	-1
3.63736891747	-1
3.63736891747	-1
3.64910411835	-1
3.64910411835	-1
3.64910411835	-1
3.64910411835	-1
3.64910411835	-1
3.64910411835	-1
3.64910411835	-1
3.64910411835	-1
3.65176606178	-1
3.65176606178	-1
3.65176606178	-1
3.65176606178	-1
3.66023802757	-1
3.66023802757	-1
3.66023802757	-1
3.66023802757	-1
3.66023802757	-1
3.66023802757	-1
3.66023802757	-1
3.66023802757	-1
3.66687011719	-1
3.66687011719	-1
3.67788314819	1
3.67788314819	1
3.67788314819	1
3.70650792122	1
3.70650792122	1
3.70650792122	1
3.70650792122	1
3.70650792122	1
3.70650792122	1
3.75878596306	-1
3.75916004181	-1
3.75916004181	-1
3.75916004181	-1
3.75922608376	-1
3.75922608376	-1
3.75940608978	-1
3.75940608978	-1
3.75940608978	-1
3.76125812531	-1
3.76125812531	-1
3.76125812531	-1
3.76125812531	-1
3.76125812531	-1
3.76125812531	-1
3.78063201904	-1
3.78063201904	-1
3.78075194359	-1
3.78075194359	-1
3.78075194359	-1
3.78075194359	-1
3.78075194359	-1
3.81817412376	1
3.81817412376	1
3.81817412376	1
3.82033610344	1
3.82033610344	1
3.82084012032	-1
3.82084012032	-1
3.82084012032	-1
3.82095909119	-1
3.82095909119	-1
3.82095909119	-1
3.82095909119	-1
3.82095909119	-1
3.82124614716	-1
3.82124614716	-1
3.82124614716	-1
3.82124614716	-1
3.82124614716	-1
3.82124614716	-1
3.82124614716	-1
3.82124614716	-1
3.82124614716	-1
3.82782912254	-1
3.82782912254	-1
3.82782912254	-1
3.83331799507	-1
3.83331799507	-1
3.83331799507	-1
3.83331799507	-1
3.83331799507	-1
3.833329916	1
3.833329916	1
3.83343100548	-1
3.8650739193	-1
3.8650739193	-1
3.8650739193	-1
3.8650739193	-1
3.8650739193	-1
3.90922403336	1
3.94590497017	-1
3.94590497017	-1
3.94590497017	-1
3.98279094696	1
3.98279094696	1
3.98279094696	1
4.05575609207	-1
4.09776997566	1
4.12408709526	-1
4.12408709526	-1
4.12408709526	-1
4.12427306175	-1
4.12427306175	-1
4.12447810173	-1
4.12447810173	-1
4.12447810173	-1
4.12461996078	-1
4.12461996078	-1
4.12461996078	-1
4.12461996078	-1
4.12461996078	-1
4.12521791458	-1
4.12521791458	-1
4.12521791458	-1
4.12536001205	-1
4.12536001205	-1
4.12536001205	-1
4.12536001205	-1
4.12536001205	-1
4.12625002861	-1
4.12625002861	-1
4.12625002861	-1
4.12693095207	1
4.12693095207	1
4.12693095207	1
4.12792992592	-1
4.12792992592	-1
4.12792992592	-1
4.16662192345	-1
4.16662192345	-1
4.16674113274	-1
4.16674113274	-1
4.16674113274	-1
4.16674113274	-1
4.16692495346	-1
4.17147612572	1
4.17147612572	1
4.17192292213	-1
4.17524313927	-1
4.17524313927	-1
4.17524313927	-1
4.17524313927	-1
4.17524313927	-1
4.1839120388	-1
4.18401813507	-1
4.18401813507	-1
4.18401813507	-1
4.18401813507	-1
4.1841480732	-1
4.18427014351	-1
4.18427014351	-1
4.18427014351	-1
4.19844412804	-1
4.19844412804	-1
4.19844412804	-1
4.19856500626	-1
4.19856500626	-1
4.19856500626	-1
4.19856500626	-1
4.19856500626	-1
4.19856500626	-1
4.19856500626	-1
4.19856500626	-1
4.19893598557	-1
4.19893598557	-1
4.19893598557	-1
4.19893598557	-1
4.19893598557	-1
4.19893598557	-1
4.19893598557	-1
4.19893598557	-1
4.19893598557	-1
4.19938397408	-1
4.19938397408	-1
4.19938397408	-1
4.19938397408	-1
4.19938397408	-1
4.19938397408	-1
4.24725198746	1
4.28995513916	-1
4.28995513916	-1
4.28995513916	-1
4.28995513916	-1
4.28995513916	-1
4.28995513916	-1
4.28995513916	-1
4.31693196297	-1
4.31705403328	-1
4.31705403328	-1
4.31705403328	-1
4.31705403328	-1
4.31705403328	-1
4.31705403328	-1
4.33012914658	-1
4.33012914658	-1
4.33012914658	-1
4.33012914658	-1
4.33012914658	-1
4.33012914658	-1
4.33012914658	-1
4.33012914658	-1
4.3301410675	1
4.33373212814	-1
4.34044909477	-1
4.34044909477	-1
4.34044909477	-1
4.34577393532	-1
4.34577393532	-1
4.35111904144	-1
4.35111904144	-1
4.35111904144	-1
4.35111904144	-1
4.35324907303	-1
4.35718107224	-1
4.35718107224	-1
4.35718107224	-1
4.35718107224	-1
4.35718107224	-1
4.35965800285	-1
4.35965800285	-1
4.35965800285	-1
4.36112594604	-1
4.36112594604	-1
4.3616039753	-1
4.3616039753	-1
4.3616039753	-1
4.3616039753	-1
4.36229205132	-1
4.36229205132	-1
4.36267995834	-1
4.36267995834	-1
4.36267995834	-1
4.36267995834	-1
4.36267995834	-1
4.36267995834	-1
4.36307001114	-1
4.36307001114	-1
4.36307001114	-1
4.36307001114	-1
4.36339712143	-1
4.36452507973	-1
4.36452507973	-1
4.36489200592	-1
4.36489200592	-1
4.36489200592	-1
4.36489200592	-1
4.36489200592	-1
4.36489200592	-1
4.36489200592	-1
4.36489200592	-1
4.39098405838	-1
4.39098405838	-1
4.39098405838	-1
4.39098405838	-1
4.39098405838	-1
4.39098405838	-1
4.39098405838	-1
4.40853404999	-1
4.40853404999	-1
4.40853404999	-1
4.40853404999	-1
4.40853404999	-1
4.40853404999	-1
4.40853404999	-1
4.40853404999	-1
4.40853404999	-1
4.4085650444	1
4.40889000893	-1
4.40889000893	-1
4.40889000893	-1
4.40889000893	-1
4.40889000893	-1
4.40889000893	-1
4.40889000893	-1
4.40889000893	-1
4.42010402679	-1
4.42010402679	-1
4.42010402679	-1
4.42010402679	-1
4.42010402679	-1
4.42010402679	-1
4.42010402679	-1
4.42010402679	-1
4.42723202705	-1
4.42723202705	-1
4.42723202705	-1
4.42723202705	-1
4.42723202705	-1
4.42723202705	-1
4.42723202705	-1
4.42723202705	-1
4.43651199341	-1
4.43651199341	-1
4.43651199341	-1
4.43651199341	-1
4.43651199341	-1
4.43651199341	-1
4.43651199341	-1
4.43675613403	-1
4.43675613403	-1
4.43675613403	-1
4.43675613403	-1
4.43675613403	-1
4.43675613403	-1
4.43675613403	-1
4.43675613403	-1
4.43712496758	-1
4.43712496758	-1
4.43712496758	-1
4.43712496758	-1
4.43712496758	-1
4.43712496758	-1
4.43712496758	-1
4.43712496758	-1
4.43749403954	-1
4.43749403954	-1
4.43749403954	-1
4.43749403954	-1
4.43749403954	-1
4.43749403954	-1
4.43749403954	-1
4.43749403954	-1
4.48258209229	1
4.48491096497	-1
4.48491096497	-1
4.48491096497	-1
4.48491096497	-1
4.48491096497	-1
4.48491096497	-1
4.48491096497	-1
4.48491096497	-1
4.48505806923	-1
4.48505806923	-1
4.48505806923	-1
4.48505806923	-1
4.48505806923	-1
4.48505806923	-1
4.48505806923	-1
4.48505806923	-1
4.48551607132	-1
4.48551607132	-1
4.48551607132	-1
4.48551607132	-1
4.48551607132	-1
4.48551607132	-1
4.48551607132	-1
4.48551607132	-1
4.48582696915	-1
4.48582696915	-1
4.48582696915	-1
4.48582696915	-1
4.48582696915	-1
4.48582696915	-1
4.48582696915	-1
4.48582696915	-1
4.51629209518	-1
4.51629209518	-1
4.51629209518	-1
4.51629209518	-1
4.51629209518	-1
4.51629209518	-1
4.51629209518	-1
4.51664304733	-1
4.51664304733	-1
4.51664304733	-1
4.51664304733	-1
4.51664304733	-1
4.51664304733	-1
4.51664304733	-1
4.51664304733	-1
4.51701211929	-1
4.51701211929	-1
4.51701211929	-1
4.51701211929	-1
4.51701211929	-1
4.51701211929	-1
4.51701211929	-1
4.51701211929	-1
4.51738095284	-1
4.51738095284	-1
4.51738095284	-1
4.51738095284	-1
4.51738095284	-1
4.51738095284	-1
4.51738095284	-1
4.51738095284	-1
4.52190113068	1
4.52190113068	1
4.52190113068	1
4.56697797775	-1
4.56697797775	-1
4.56697797775	-1
4.56697797775	-1
4.56697797775	-1
4.56697797775	-1
4.56697797775	-1
4.56697797775	-1
4.56715703011	-1
4.56715703011	-1
4.56715703011	-1
4.56715703011	-1
4.56715703011	-1
4.56715703011	-1
4.56715703011	-1
4.56715703011	-1
4.56757307053	-1
4.56757307053	-1
4.56757307053	-1
4.56757307053	-1
4.56757307053	-1
4.56757307053	-1
4.56757307053	-1
4.56757307053	-1
4.56794309616	-1
4.56794309616	-1
4.56794309616	-1
4.56794309616	-1
4.56794309616	-1
4.56794309616	-1
4.56794309616	-1
4.56794309616	-1
4.61518597603	-1
4.61518597603	-1
4.61518597603	-1
4.61518597603	-1
4.61518597603	-1
4.61518597603	-1
4.61518597603	-1
4.61553502083	-1
4.61553502083	-1
4.61553502083	-1
4.61553502083	-1
4.61553502083	-1
4.61553502083	-1
4.61553502083	-1
4.61553502083	-1
4.61590504646	-1
4.61590504646	-1
4.61590504646	-1
4.61590504646	-1
4.61590504646	-1
4.61590504646	-1
4.61590504646	-1
4.61590504646	-1
4.61627292633	-1
4.61627292633	-1
4.61627292633	-1
4.61627292633	-1
4.61627292633	-1
4.61627292633	-1
4.61627292633	-1
4.61627292633	-1
4.61982893944	1
4.61982893944	1
4.61982893944	1
4.64545106888	-1
4.64545106888	-1
4.64545106888	-1
4.64545106888	-1
4.64545106888	-1
4.64545106888	-1
4.64545106888	-1
4.64562106133	-1
4.64562106133	-1
4.64562106133	-1
4.64562106133	-1
4.64562106133	-1
4.64562106133	-1
4.64562106133	-1
4.64562106133	-1
4.64604711533	-1
4.64604711533	-1
4.64604711533	-1
4.64604711533	-1
4.64604711533	-1
4.64604711533	-1
4.64604711533	-1
4.64604711533	-1
4.64637207985	-1
4.64637207985	-1
4.64637207985	-1
4.64637207985	-1
4.64637207985	-1
4.64637207985	-1
4.64637207985	-1
4.64637207985	-1
4.70439100266	-1
4.70439100266	-1
4.70439100266	-1
4.70439100266	-1
4.70439100266	-1
4.71021509171	-1
4.71021509171	-1
4.71021509171	-1
4.71021509171	-1
4.71021509171	-1
4.71021509171	-1
4.71021509171	-1
4.71021509171	-1
4.71045303345	-1
4.71045303345	-1
4.71045303345	-1
4.71045303345	-1
4.71045303345	-1
4.71045303345	-1
4.71045303345	-1
4.71045303345	-1
4.71082210541	-1
4.71082210541	-1
4.71082210541	-1
4.71243309975	1
4.71595811844	-1
4.71595811844	-1
4.72169494629	-1
4.72726202011	-1
4.72726202011	-1
4.72726202011	-1
4.72726202011	-1
4.72726202011	-1
4.73390603065	-1
4.73390603065	-1
4.73390603065	-1
4.73390603065	-1
4.73390603065	-1
4.74080896378	-1
4.75196909904	-1
4.75196909904	-1
4.75196909904	-1
4.76120495796	-1
4.76120495796	-1
4.76689791679	-1
4.76689791679	-1
4.76689791679	-1
4.76689791679	-1
4.76689791679	-1
4.76689791679	-1
4.76689791679	-1
4.76689791679	-1
4.77074813843	-1
4.77074813843	-1
4.77074813843	-1
4.77074813843	-1
4.77074813843	-1
4.77074813843	-1
4.77074813843	-1
4.77435207367	-1
4.77435207367	-1
4.77435207367	-1
4.77435207367	-1
4.77435207367	-1
4.77435207367	-1
4.77969694138	-1
4.77983093262	-1
4.77983093262	-1
4.77983093262	-1
4.77983093262	-1
4.77983093262	-1
4.77983093262	-1
4.77983093262	-1
4.77983093262	-1
4.78020000458	-1
4.78020000458	-1
4.78020000458	-1
4.78020000458	-1
4.78020000458	-1
4.78020000458	-1
4.78020000458	-1
4.78020000458	-1
4.78557395935	-1
4.78557395935	-1
4.78557395935	-1
4.78557395935	-1
4.78557395935	-1
4.78557395935	-1
4.78557395935	-1
4.8265850544	-1
4.8265850544	-1
4.8265850544	-1
4.8265850544	-1
4.82661795616	1
4.82661795616	1
4.8495619297	-1
4.8495619297	-1
4.8495619297	-1
4.8495619297	-1
4.8495619297	-1
4.8495619297	-1
4.8495619297	-1
4.8495619297	-1
4.84979200363	-1
4.84991407394	-1
4.84991407394	-1
4.84991407394	-1
4.84991407394	-1
4.84991407394	-1
4.84991407394	-1
4.85015797615	-1
4.85015797615	-1
4.85015797615	-1
4.85015797615	-1
4.85015797615	-1
4.85015797615	-1
4.85015797615	-1
4.85015797615	-1
4.85445594788	-1
4.88632297516	-1
4.88632297516	-1
4.88632297516	-1
4.88632297516	-1
4.88632297516	-1
4.88632297516	-1
4.88632297516	-1
4.88632297516	-1
4.88654994965	-1
4.88654994965	-1
4.88654994965	-1
4.91132712364	-1
4.91132712364	-1
4.91132712364	-1
4.91133904457	1
4.91133904457	1
4.91136097908	-1
4.91136097908	-1
4.91167211533	-1
4.91167211533	-1
4.91167211533	-1
4.91167211533	-1
4.91167211533	-1
4.94831800461	-1
4.94843101501	-1
4.94843101501	-1
4.94843101501	-1
4.94843101501	-1
4.94843101501	-1
4.96025013924	-1
4.98072910309	-1
4.98072910309	-1
4.98072910309	-1
4.98072910309	-1
4.98072910309	-1
4.98072910309	-1
4.98072910309	-1
4.98267507553	-1
4.98267507553	-1
4.98267507553	-1
4.98334813118	-1
5.03434801102	-1
5.10962200165	-1
5.10962200165	-1
5.10962200165	-1
5.10962200165	-1
5.10962200165	-1
5.12352800369	-1
5.13349795341	-1
5.13349795341	-1
5.13349795341	-1
5.13349795341	-1
5.13349795341	-1
5.13349795341	-1
5.13349795341	-1
5.14379906654	-1
5.14379906654	-1
5.14379906654	-1
5.16063308716	-1
5.16063308716	-1
5.16063308716	-1
5.16063308716	-1
5.16063308716	-1
5.16063308716	-1
5.17781400681	-1
5.17781400681	-1
5.17781400681	-1
5.17889094353	1
5.1998090744	-1
5.1998090744	-1
5.21299695969	-1
5.21299695969	-1
5.22063302994	-1
5.22362399101	-1
5.22362399101	-1
5.22362399101	-1
5.22690105438	-1
5.22690105438	-1
5.22690105438	-1
5.22690105438	-1
5.22690105438	-1
5.22690105438	-1
5.2314620018	-1
5.2314620018	-1
5.2314620018	-1
5.2314620018	-1
5.2314620018	-1
5.2314620018	-1
5.2314620018	-1
5.23276901245	-1
5.23378705978	-1
5.23378705978	-1
5.23378705978	-1
5.23378705978	-1
5.23378705978	-1
5.23378705978	-1
5.23378705978	-1
5.23490691185	-1
5.23677301407	-1
5.23677301407	-1
5.23750114441	-1
5.23750114441	-1
5.23750114441	-1
5.23750114441	-1
5.23750114441	-1
5.23750114441	-1
5.23750114441	-1
5.23831510544	-1
5.24026012421	-1
5.24026012421	-1
5.24026012421	-1
5.24026012421	-1
5.24026012421	-1
5.24026012421	-1
5.24026012421	-1
5.24026012421	-1
5.24026012421	-1
5.25351214409	1
5.25351214409	1
5.25351214409	1
5.25351214409	1
5.26233291626	1
5.26233291626	1
5.26233291626	1
5.26233291626	1
5.26233291626	1
5.27390003204	-1
5.27390003204	-1
5.27390003204	-1
5.27390003204	-1
5.27390003204	-1
5.27390003204	-1
5.27390003204	-1
5.27486014366	-1
5.27502393723	-1
5.27502393723	-1
5.27502393723	-1
5.27502393723	-1
5.27502393723	-1
5.27502393723	-1
5.27502393723	-1
5.28232812881	1
5.28232812881	1
5.28232812881	1
5.28232812881	1
5.28232812881	1
5.28701305389	-1
5.28712797165	-1
5.28712797165	-1
5.28712797165	-1
5.28712797165	-1
5.33495402336	-1
5.33495402336	-1
5.33495402336	-1
5.33495402336	-1
5.33495402336	-1
5.33495402336	-1
5.33495402336	-1
5.33495402336	-1
5.33495402336	-1
5.33579707146	-1
5.33579707146	-1
5.33579707146	-1
5.33579707146	-1
5.33579707146	-1
5.33579707146	-1
5.33579707146	-1
5.33579707146	-1
5.39459109306	-1
5.39459109306	-1
5.39459109306	-1
5.39459109306	-1
5.39459109306	-1
5.39459109306	-1
5.39459109306	-1
5.39459109306	-1
5.39558410645	-1
5.39558410645	-1
5.39558410645	-1
5.39558410645	-1
5.39558410645	-1
5.39558410645	-1
5.39558410645	-1
5.39581608772	-1
5.3958530426	-1
5.3958530426	-1
5.3958530426	-1
5.46834492683	1
5.48275208473	-1
5.48710393906	-1
5.48710393906	-1
5.48710393906	-1
5.48710393906	-1
5.48710393906	-1
5.48710393906	-1
5.4898879528	-1
5.4898879528	-1
5.4898879528	-1
5.4898879528	-1
5.4898879528	-1
5.4898879528	-1
5.4898879528	-1
5.49278593063	-1
5.49278593063	-1
5.49278593063	-1
5.49627709389	-1
5.52285814285	-1
5.52285814285	-1
5.52512192726	-1
5.52512192726	-1
5.52512192726	-1
5.52512192726	-1
5.52775192261	-1
5.52775192261	-1
5.52775192261	-1
5.52775192261	-1
5.52775192261	-1
5.52775192261	-1
5.5321149826	-1
5.53422403336	-1
5.53422403336	-1
5.53422403336	-1
5.53422403336	-1
5.53422403336	-1
5.53422403336	-1
5.53422403336	-1
5.56119394302	-1
5.56122612953	1
5.57561206818	-1
5.57561206818	-1
5.57561206818	-1
5.57561206818	-1
5.57561206818	-1
5.57561206818	-1
5.57561206818	-1
5.57561206818	-1
5.57577991486	-1
5.57577991486	-1
5.57596302032	-1
5.57685208321	-1
5.57685208321	-1
5.57685208321	-1
5.57685208321	-1
5.57685208321	-1
5.57685208321	-1
5.57685208321	-1
5.57685208321	-1
5.63534712791	-1
5.63534712791	-1
5.63651704788	1
5.63881707191	-1
5.63881707191	-1
5.63881707191	-1
5.63881707191	-1
5.63881707191	-1
5.63881707191	-1
5.63881707191	-1
5.64170002937	-1
5.64182209969	-1
5.64182209969	-1
5.64182209969	-1
5.64182209969	-1
5.64182209969	-1
5.64182209969	-1
5.64182209969	-1
5.64442300797	-1
5.64442300797	-1
5.64534401894	-1
5.64534401894	-1
5.69674992561	-1
5.69674992561	-1
5.69674992561	-1
5.69686412811	-1
5.69686412811	-1
5.69686412811	-1
5.69686412811	-1
5.69686412811	-1
5.69710993767	-1
5.69710993767	-1
5.69710993767	-1
5.69710993767	-1
5.69710993767	-1
5.69710993767	-1
5.69817495346	-1
5.69817495346	-1
5.69817495346	-1
5.69817495346	-1
5.69817495346	-1
5.69817495346	-1
5.69817495346	-1
5.72393703461	-1
5.72393703461	-1
5.72393703461	-1
5.72393703461	-1
5.72393703461	-1
5.72393703461	-1
5.72393703461	-1
5.72393703461	-1
5.72393703461	-1
5.75900697708	-1
5.75900697708	-1
5.75911903381	-1
5.75911903381	-1
5.75911903381	-1
5.75911903381	-1
5.75911903381	-1
5.75911903381	-1
5.75911903381	-1
5.75911903381	-1
5.75948810577	-1
5.75948810577	-1
5.75948810577	-1
5.76025700569	1
5.78463697433	-1
5.78463697433	-1
5.78463697433	-1
5.78463697433	-1
5.78463697433	-1
5.78463697433	-1
5.78463697433	-1
5.78463697433	-1
5.82721209526	-1
5.82721209526	-1
5.82721209526	-1
5.82721209526	-1
5.83047413826	-1
5.83047413826	-1
5.83047413826	-1
5.83047413826	-1
5.83047413826	-1
5.83606100082	-1
5.83606100082	-1
5.83606100082	-1
5.83606100082	-1
5.83606100082	-1
5.83606100082	-1
5.83606100082	-1
5.83606100082	-1
5.83609414101	1
5.88023209572	-1
5.88023209572	-1
5.88023209572	-1
5.88023209572	-1
5.88023209572	-1
5.88023209572	-1
5.88046002388	-1
5.88046002388	-1
5.88046002388	-1
5.88046002388	-1
5.88046002388	-1
5.88046002388	-1
5.88046002388	-1
5.88871097565	-1
5.88876605034	-1
5.88876605034	-1
5.88876605034	-1
5.88876605034	-1
5.88876605034	-1
5.88876605034	-1
5.88876605034	-1
5.95081806183	1
5.95991611481	-1
5.95991611481	-1
5.95991611481	-1
5.95991611481	-1
5.95991611481	-1
5.95991611481	-1
5.95991611481	-1
5.95991611481	-1
5.95991611481	-1
5.96024894714	-1
5.96024894714	-1
5.96024894714	-1
5.96024894714	-1
5.96024894714	-1
5.96024894714	-1
5.96024894714	-1
5.96306705475	-1
5.96784114838	-1
5.96784114838	-1
5.96784114838	-1
5.96784114838	-1
5.96784114838	-1
5.96784114838	-1
5.96784114838	-1
5.97068595886	-1
5.97068595886	-1
5.97068595886	-1
5.97068595886	-1
5.97068595886	-1
5.97068595886	-1
5.97068595886	-1
5.97068595886	-1
6.00501203537	-1
6.00614500046	-1
6.00614500046	-1
6.00614500046	-1
6.00614500046	-1
6.00614500046	-1
6.00614500046	-1
6.00614500046	-1
6.00614500046	-1
6.00638413429	-1
6.00638413429	-1
6.00638413429	-1
6.00638413429	-1
6.00638413429	-1
6.00638413429	-1
6.00638413429	-1
6.01011109352	-1
6.01011109352	-1
6.01023292542	-1
6.01023292542	-1
6.01023292542	-1
6.01023292542	-1
6.01023292542	-1
6.01023292542	-1
6.03408002853	1
6.06298398972	-1
6.06298398972	-1
6.06298398972	-1
6.06298398972	-1
6.06298398972	-1
6.06298398972	-1
6.06298398972	-1
6.06298398972	-1
6.06947302818	-1
6.06971907616	-1
6.06971907616	-1
6.06971907616	-1
6.06971907616	-1
6.06971907616	-1
6.06971907616	-1
6.06971907616	-1
6.06971907616	-1
6.07008814812	-1
6.07008814812	-1
6.07008814812	-1
6.07008814812	-1
6.07008814812	-1
6.07008814812	-1
6.07008814812	-1
6.07008814812	-1
6.10799908638	1
6.11811995506	-1
6.11811995506	-1
6.11811995506	-1
6.11811995506	-1
6.11811995506	-1
6.11811995506	-1
6.11811995506	-1
6.11811995506	-1
6.12538599968	-1
6.12579393387	-1
6.12579393387	-1
6.12579393387	-1
6.12579393387	-1
6.12579393387	-1
6.12579393387	-1
6.12579393387	-1
6.13025403023	-1
6.13070511818	-1
6.13070511818	-1
6.13070511818	-1
6.13070511818	-1
6.13070511818	-1
6.13070511818	-1
6.13070511818	-1
6.13070511818	-1
6.13115501404	-1
6.13115501404	-1
6.13115501404	-1
6.13115501404	-1
6.13115501404	-1
6.13115501404	-1
6.13115501404	-1
6.1826839447	1
6.20025491714	-1
6.20025491714	-1
6.20025491714	-1
6.20025491714	-1
6.20025491714	-1
6.20025491714	-1
6.20025491714	-1
6.20025491714	-1
6.20025491714	-1
6.2006020546	-1
6.2006020546	-1
6.2006020546	-1
6.2006020546	-1
6.2006020546	-1
6.2006020546	-1
6.2006020546	-1
6.20226311684	-1
6.20226311684	-1
6.20226311684	-1
6.20226311684	-1
6.20226311684	-1
6.20226311684	-1
6.20226311684	-1
6.20226311684	-1
6.20410513878	-1
6.22142505646	-1
6.22142505646	-1
6.22142505646	-1
6.22142505646	-1
6.22142505646	-1
6.22142505646	-1
6.22142505646	-1
6.24322414398	-1
6.24335694313	-1
6.24335694313	-1
6.24335694313	-1
6.24335694313	-1
6.24335694313	-1
6.24335694313	-1
6.24335694313	-1
6.24335694313	-1
6.24394392967	-1
6.24394392967	-1
6.24394392967	-1
6.25106596947	-1
6.25106596947	-1
6.25106596947	-1
6.25106596947	-1
6.25106596947	-1
6.25106596947	-1
6.25106596947	-1
6.25106596947	-1
6.25106596947	-1
6.25142598152	-1
6.25142598152	-1
6.25660014153	1
6.25660014153	1
6.28080105782	-1
6.28080105782	-1
6.28080105782	-1
6.28080105782	-1
6.28080105782	-1
6.28080105782	-1
6.28136610985	-1
6.28136610985	-1
6.28136610985	-1
6.28136610985	-1
6.28173398972	-1
6.33069705963	1
6.33069705963	1
6.3775241375	-1
6.3775241375	-1
6.3775241375	-1
6.3869099617	-1
6.3869099617	-1
6.39262914658	-1
6.39262914658	-1
6.39262914658	-1
6.39955210686	-1
6.39955210686	-1
6.39955210686	-1
6.39955210686	-1
6.39955210686	-1
6.39955210686	-1
6.39955210686	-1
6.40200901031	-1
6.4037270546	-1
6.4037270546	-1
6.4037270546	-1
6.4037270546	-1
6.4037270546	-1
6.40485310555	-1
6.4103140831	-1
6.4103140831	-1
6.4103140831	-1
6.4134991169	-1
6.4134991169	-1
6.4134991169	-1
6.4134991169	-1
6.4134991169	-1
6.4134991169	-1
6.4134991169	-1
6.41443991661	-1
6.417552948	-1
6.417552948	-1
6.417552948	-1
6.417552948	-1
6.417552948	-1
6.417552948	-1
6.417552948	-1
6.41838908195	-1
6.41910505295	-1
6.41910505295	-1
6.41910505295	-1
6.41910505295	-1
6.41910505295	-1
6.41910505295	-1
6.41910505295	-1
6.41948199272	1
6.41950201988	-1
6.41950201988	-1
6.41950201988	-1
6.41950201988	-1
6.41950201988	-1
6.4262111187	-1
6.4262111187	-1
6.42633414268	-1
6.42633414268	-1
6.42633414268	-1
6.42633414268	-1
6.42633414268	-1
6.42633414268	-1
6.42935109138	-1
6.42935109138	-1
6.43138504028	1
6.43138504028	1
6.43138504028	1
6.46475696564	-1
6.46475696564	-1
6.46475696564	-1
6.46475696564	-1
6.57378292084	-1
6.57736706734	-1
6.57736706734	-1
6.57736706734	-1
6.57748007774	-1
6.57748007774	-1
6.57748007774	-1
6.58518791199	-1
6.58518791199	-1
6.5852200985	1
6.58826208115	-1
6.58826208115	-1
6.58826208115	-1
6.59012413025	-1
6.59012413025	-1
6.59012413025	-1
6.59012413025	-1
6.69888401031	1
6.71309995651	-1
6.71309995651	-1
6.71309995651	-1
6.71412110329	-1
6.71412110329	-1
6.71412110329	-1
6.71412110329	-1
6.71412110329	-1
6.71412110329	-1
6.71576094627	-1
6.71576094627	-1
6.76274108887	-1
6.78741502762	-1
6.78741502762	-1
6.78741502762	-1
6.78741502762	-1
6.78741502762	-1
6.78741502762	-1
6.78741502762	-1
6.79565191269	-1
6.795773983	-1
6.795773983	-1
6.795773983	-1
6.795773983	-1
6.795773983	-1
6.795773983	-1
6.795773983	-1
6.79682898521	1
6.80205607414	-1
6.80205607414	-1
6.80205607414	-1
6.80205607414	-1
6.80932497978	-1
6.81217503548	-1
6.81217503548	-1
6.81217503548	-1
6.81217503548	-1
6.81217503548	-1
6.83679103851	-1
6.85070204735	-1
6.85070204735	-1
6.85070204735	-1
6.86458611488	-1
6.86458611488	-1
6.86458611488	-1
6.86458611488	-1
6.86458611488	-1
6.86458611488	-1
6.86458611488	-1
6.86890101433	-1
6.87230706215	-1
6.87230706215	-1
6.87230706215	-1
6.87230706215	-1
6.87230706215	-1
6.87230706215	-1
6.87844991684	-1
6.87844991684	-1
6.88084602356	-1
6.88084602356	-1
6.88084602356	-1
6.88084602356	-1
6.88084602356	-1
6.88084602356	-1
6.88084602356	-1
6.88438892365	-1
6.88438892365	-1
6.88438892365	-1
6.88668298721	-1
6.88744091988	1
6.88826012611	-1
6.88826012611	-1
6.88826012611	-1
6.88826012611	-1
6.88826012611	-1
6.89098310471	-1
6.89098310471	-1
6.89098310471	-1
6.89098310471	-1
6.89098310471	-1
6.89098310471	-1
6.89098310471	-1
6.89098310471	-1
6.92200803757	-1
6.92464900017	-1
6.99824213982	1
6.99824213982	1
7.02716112137	-1
7.07120800018	-1
7.07120800018	-1
7.07120800018	-1
7.08624911308	-1
7.08624911308	-1
7.08624911308	-1
7.08624911308	-1
7.08624911308	-1
7.21898412704	-1
7.21898412704	-1
7.31473398209	-1
7.31704998016	-1
7.31704998016	-1
7.31704998016	-1
7.31704998016	-1
7.31787800789	1
7.34051299095	-1
7.34051299095	-1
7.34051299095	-1
7.34051299095	-1
7.34051299095	-1
7.3741710186	-1
7.3741710186	-1
7.43155813217	1
7.47319602966	-1
7.47562098503	-1
7.47562098503	-1
7.47562098503	-1
7.47648000717	-1
7.47648000717	-1
7.47648000717	-1
7.47648000717	-1
7.47648000717	-1
7.47648000717	-1
7.47648000717	-1
7.47648000717	-1
7.47729492188	-1
7.47729492188	-1
7.47729492188	-1
7.47729492188	-1
7.47729492188	-1
7.47729492188	-1
7.47729492188	-1
7.47729492188	-1
7.51516509056	-1
7.51516509056	-1
7.51516509056	-1
7.51533198357	-1
7.51533198357	-1
7.51568102837	-1
7.51568102837	-1
7.51568102837	-1
7.51568102837	-1
7.51568102837	-1
7.53566408157	-1
7.53912496567	-1
7.53912496567	-1
7.53912496567	-1
7.53912496567	-1
7.53912496567	-1
7.53912496567	-1
7.53912496567	-1
7.54444909096	-1
7.54478502274	1
7.54975295067	-1
7.55674600601	-1
7.55674600601	-1
7.55674600601	-1
7.55674600601	-1
7.55674600601	-1
7.55674600601	-1
7.55674600601	-1
7.56710100174	-1
7.56714892387	-1
7.56714892387	-1
7.56714892387	-1
7.56714892387	-1
7.56714892387	-1
7.56714892387	-1
7.56714892387	-1
7.57428693771	-1
7.57428693771	-1
7.59183692932	-1
7.59183692932	-1
7.61413812637	-1
7.61413812637	-1
7.61413812637	-1
7.61413812637	-1
7.61413812637	-1
7.61413812637	-1
7.61413812637	-1
7.61849999428	-1
7.61849999428	-1
7.61849999428	-1
7.61849999428	-1
7.61849999428	-1
7.61849999428	-1
7.61849999428	-1
7.63046002388	-1
7.63046002388	-1
7.63046002388	-1
7.64094495773	-1
7.64094495773	-1
7.64094495773	-1
7.64538812637	-1
7.64538812637	-1
7.64538812637	-1
7.64538812637	-1
7.64538812637	-1
7.64538812637	-1
7.64538812637	-1
7.64807200432	-1
7.65095901489	-1
7.65095901489	-1
7.65095901489	-1
7.65095901489	-1
7.65095901489	-1
7.65095901489	-1
7.65095901489	-1
7.65095901489	-1
7.65168905258	1
7.65171194077	-1
7.65171194077	-1
7.65171194077	-1
7.65171194077	-1
7.65759396553	-1
7.65796613693	-1
7.65796613693	-1
7.65796613693	-1
7.65796613693	-1
7.65796613693	-1
7.65796613693	-1
7.65796613693	-1
7.65828514099	-1
7.65843892097	-1
7.65843892097	-1
7.65843892097	-1
7.65849614143	-1
7.65849614143	-1
7.65849614143	-1
7.68059396744	-1
7.68059396744	-1
7.68074297905	-1
7.68074297905	-1
7.68074297905	-1
7.68074297905	-1
7.68074297905	-1
7.68074297905	-1
7.68074297905	-1
7.754529953	1
7.754529953	1
8.18246507645	-1
8.18482494354	-1
8.18482494354	-1
8.18482494354	-1
8.18482494354	-1
8.18482494354	-1
8.18482494354	-1
8.18482494354	-1
8.18482494354	-1
8.22882795334	-1
8.22882795334	-1
8.22882795334	-1
8.22882795334	-1
8.22882795334	-1
8.22882795334	-1
8.22882795334	-1
8.22882795334	-1
8.24213695526	-1
8.24240493774	-1
8.24240493774	-1
8.24490213394	-1
8.24490213394	-1
8.24495005608	-1
8.24495005608	-1
8.24495005608	-1
8.24495005608	-1
8.24495005608	-1
8.2451300621	-1
8.2451570034	-1
8.2451570034	-1
8.24537491798	-1
8.24537491798	-1
8.24537491798	-1
8.24560213089	-1
8.24560213089	-1
8.24560213089	-1
8.24560213089	-1
8.24560213089	-1
8.24560213089	-1
8.24631309509	-1
8.24631309509	-1
8.24631309509	-1
8.24631309509	-1
8.24631309509	-1
8.24658203125	1
8.30717802048	-1
8.30717802048	-1
8.30717802048	-1
8.30717802048	-1
8.30717802048	-1
8.30717802048	-1
8.30717802048	-1
8.30717802048	-1
8.32063102722	-1
8.33706712723	-1
8.33706712723	-1
8.33706712723	-1
8.33706712723	-1
8.33706712723	-1
8.33706712723	-1
8.33706712723	-1
8.33706712723	-1
8.37123394012	-1
8.37123394012	-1
8.37123394012	-1
8.43160605431	1
8.44324707985	-1
8.44324707985	-1
8.44324707985	-1
8.44324707985	-1
8.44324707985	-1
8.44324707985	-1
8.49472808838	-1
8.49472808838	-1
8.49472808838	-1
8.49472808838	-1
8.49472808838	-1
8.49472808838	-1
8.51717209816	-1
8.51717209816	-1
8.51717209816	-1
8.51717209816	-1
8.51717209816	-1
8.51717209816	-1
8.51717209816	-1
8.51717209816	-1
8.51718306541	1
8.51718306541	1
8.54262709618	-1
8.54262709618	-1
8.54262709618	-1
8.54262709618	-1
8.54262709618	-1
8.54262709618	-1
8.54262709618	-1
8.54262709618	-1
8.54262709618	-1
8.55032610893	-1
8.55032610893	-1
8.55032610893	-1
8.55032610893	-1
8.55032610893	-1
8.55032610893	-1
8.55032610893	-1
8.56470298767	-1
8.56470298767	-1
8.56470298767	-1
8.56470298767	-1
8.56893491745	-1
8.56893491745	-1
8.56893491745	-1
8.56893491745	-1
8.56893491745	-1
8.57581496239	-1
8.57581496239	-1
8.57581496239	-1
8.58171391487	-1
8.58171391487	-1
8.58171391487	-1
8.58171391487	-1
8.58171391487	-1
8.58171391487	-1
8.58685302734	-1
8.58685302734	-1
8.58685302734	-1
8.58685302734	-1
8.58685302734	-1
8.58685302734	-1
8.58685302734	-1
8.58685302734	-1
8.59168410301	1
8.5917069912	-1
8.5917069912	-1
8.5917069912	-1
8.5917069912	-1
8.59187412262	-1
8.59320211411	-1
8.59320211411	-1
8.59320211411	-1
8.59320211411	-1
8.59320211411	-1
8.59320211411	-1
8.59320211411	-1
8.59496212006	-1
8.59496212006	-1
8.59496212006	-1
8.59496212006	-1
8.61678409576	-1
8.61678409576	-1
8.61696100235	-1
8.61696100235	-1
8.61696100235	-1
8.61696100235	-1
8.61696100235	-1
8.61696100235	-1
8.62484502792	-1
8.62484502792	-1
8.62484502792	-1
8.62484502792	-1
8.62484502792	-1
8.62484502792	-1
8.62484502792	-1
8.62484502792	-1
8.62484502792	-1
8.62545895576	-1
8.62545895576	-1
8.62545895576	-1
8.62545895576	-1
8.62545895576	-1
8.62545895576	-1
8.62545895576	-1
8.62545895576	-1
8.64315509796	-1
8.64315509796	-1
8.64315509796	-1
8.64315509796	-1
8.64315509796	-1
8.64315509796	-1
8.64315509796	-1
8.64315509796	-1
8.64358711243	-1
8.64358711243	-1
8.64358711243	-1
8.64358711243	-1
8.64358711243	-1
8.65662908554	1
8.65662908554	1
8.65662908554	1
8.69873595238	1
8.73529696465	1
8.73529696465	1
8.73529696465	1
8.7391269207	1
8.7391269207	1
8.99736809731	-1
9.04815602303	-1
9.04815602303	-1
9.04815602303	-1
9.04852700233	-1
9.04852700233	-1
9.04852700233	-1
9.04852700233	-1
9.04852700233	-1
9.04852700233	-1
9.10841298103	-1
9.10841298103	-1
9.11067700386	-1
9.11296105385	1
9.11313700676	1
9.11313700676	1
9.11313700676	1
9.11313700676	1
9.11313700676	1
9.11313700676	1
9.43183493614	1
9.60452795029	-1
9.60559105873	1
9.61991906166	-1
9.61991906166	-1
9.61991906166	-1
9.62295413017	1
9.62295413017	1
9.62295413017	1
9.62295413017	1
9.62295413017	1
9.62295413017	1
9.62295413017	1
9.63087511063	-1
9.63087511063	-1
9.63910794258	-1
9.63910794258	-1
9.63910794258	-1
9.63910794258	-1
9.63910794258	-1
9.63910794258	-1
9.68299007416	-1
9.68299007416	-1
9.68299007416	-1
9.69308304787	-1
9.69308304787	-1
9.75369405746	-1
10.1696901321	-1
10.2438049316	-1
10.2438049316	-1
10.2971920967	-1
10.2971920967	-1
10.2971920967	-1
10.3178930283	-1
10.3178930283	-1
10.3275129795	-1
10.3275129795	-1
10.3275129795	-1
10.3275129795	-1
10.3275129795	-1
10.3275129795	-1
10.3275129795	-1
10.3275129795	-1
10.336810112	-1
10.336810112	-1
10.336810112	-1
10.3553080559	-1
10.3553080559	-1
10.3553080559	-1
10.3553080559	-1
10.3553080559	-1
10.3553080559	-1
10.3553080559	-1
10.3607780933	-1
10.3658070564	1
10.3701970577	-1
10.3701970577	-1
10.3701970577	-1
10.3801500797	-1
10.3801500797	-1
10.6805920601	-1
10.6901979446	-1
10.6901979446	-1
10.6901979446	-1
10.6901979446	-1
10.6901979446	-1
10.6901979446	-1
10.6901979446	-1
10.6901979446	-1
10.7359521389	-1
10.7359521389	-1
10.7359521389	-1
10.7359521389	-1
10.7359521389	-1
10.7381229401	-1
10.7381229401	-1
10.7381229401	-1
10.7381229401	-1
10.7381229401	-1
10.739207983	-1
10.7411060333	-1
10.7411060333	-1
10.7411060333	-1
10.7420051098	1
10.7545580864	-1
10.7548899651	-1
10.7548899651	-1
10.7548899651	-1
10.7548899651	-1
10.7548899651	-1
10.7550690174	-1
10.7876751423	-1
10.7876751423	-1
10.7876751423	-1
10.7876751423	-1
10.7876751423	-1
10.7876751423	-1
10.7876751423	-1
10.7879021168	-1
10.7889099121	-1
10.7889099121	-1
10.7889099121	-1
10.7889099121	-1
10.7889099121	-1
10.8100221157	-1
10.8100221157	-1
10.8100221157	-1
10.8102440834	-1
10.8102440834	-1
10.8102440834	-1
10.8102440834	-1
10.8102440834	-1
10.8161170483	-1
10.8161170483	-1
10.8161170483	-1
10.8161170483	-1
10.8161170483	-1
10.8161170483	-1
10.8161170483	-1
10.8161170483	-1
10.8162789345	1
10.8167569637	-1
10.8167569637	-1
10.8167569637	-1
10.8167569637	-1
10.8167569637	-1
10.8167569637	-1
10.8167569637	-1
10.8167569637	-1
10.8290550709	-1
10.8474740982	-1
10.8474740982	-1
10.8474740982	-1
10.8474740982	-1
10.8474740982	-1
10.8619909286	-1
10.8620359898	-1
10.8620359898	-1
10.8622190952	-1
10.8622190952	-1
10.8622190952	-1
10.8622190952	-1
10.8622190952	-1
10.8622190952	-1
10.8622190952	-1
10.8622190952	-1
10.8625879288	-1
10.8625879288	-1
10.8625879288	-1
10.8625879288	-1
10.8840389252	-1
10.8841519356	-1
10.8841519356	-1
10.8841519356	-1
10.8841519356	-1
10.8841519356	-1
10.8841879368	-1
10.8841879368	-1
10.8843979836	-1
10.8872210979	-1
10.8872210979	-1
10.8872210979	-1
10.8872210979	-1
10.8872210979	-1
10.8872210979	-1
10.8872210979	-1
10.8872210979	-1
10.8873579502	-1
10.8910291195	-1
10.8910291195	-1
10.8910291195	-1
10.8910679817	1
11.0060620308	1
11.433079958	1
11.452021122	-1
11.525949955	-1
11.525949955	-1
11.5314209461	-1
11.5314209461	-1
11.5314209461	-1
11.5314209461	-1
11.5314209461	-1
11.5314209461	-1
11.5314209461	-1
11.5353491306	-1
11.5353491306	-1
11.5353491306	-1
11.5396080017	-1
11.5403990746	1
11.5757739544	-1
11.5757739544	-1
11.5757739544	-1
11.5757739544	-1
11.5757739544	-1
11.5757739544	-1
11.5757739544	-1
11.6926689148	1
11.6926689148	1
12.0943620205	-1
12.1412990093	-1
12.1412990093	-1
12.1412990093	-1
12.1413240433	-1
12.1413240433	-1
12.1413240433	-1
12.1413240433	-1
12.1413240433	-1
12.2320151329	1
12.2328650951	1
12.2328650951	1
12.2328650951	1
12.2333641052	1
12.2333641052	1
12.3059809208	1
12.4081289768	-1
12.4834821224	1
12.5824041367	-1
12.5872349739	-1
12.5872349739	-1
12.5872349739	-1
12.6447219849	-1
12.6447219849	-1
12.6447730064	-1
12.6447730064	-1
12.6447730064	-1
12.6447730064	-1
12.6447730064	-1
12.6482150555	-1
12.6569869518	-1
12.6577861309	1
12.6907551289	-1
12.6907551289	-1
12.6907551289	-1
12.690860033	-1
12.690860033	-1
12.7313499451	-1
12.7313499451	-1
12.7586460114	-1
12.7586460114	-1
12.7586460114	-1
12.7586789131	1
12.9626071453	-1
12.9638500214	1
13.1765060425	-1
13.2399289608	-1
13.2399289608	-1
13.2399289608	-1
13.2399289608	-1
13.2399289608	-1
13.2947230339	1
13.3601400852	-1
13.3601400852	-1
13.3601400852	-1
13.3601400852	-1
13.3601400852	-1
13.3601400852	-1
13.5458760262	1
13.6215901375	-1
13.6227481365	1
13.8702809811	-1
14.0038249493	-1
14.0637059212	-1
14.0637059212	-1
14.0637059212	-1
14.0637059212	-1
14.1207621098	1
14.1947119236	1
14.4546251297	-1
14.6083989143	-1
14.6083989143	-1
14.6083989143	-1
14.6083989143	-1
14.6115279198	-1
14.7017600536	-1
14.7068989277	-1
14.7068989277	-1
14.7068989277	-1
14.7068989277	-1
14.7068989277	-1
14.7173011303	-1
14.7173011303	-1
14.7173011303	-1
14.7173011303	-1
14.7327561378	-1
14.7327561378	-1
14.744576931	-1
14.744576931	-1
14.744576931	-1
14.7465090752	-1
14.7465090752	-1
14.7465090752	-1
14.7465090752	-1
14.7465090752	-1
14.7465090752	-1
14.760201931	-1
14.760201931	-1
14.760201931	-1
14.7916090488	1
15.0419509411	1
15.0784459114	-1
15.1157159805	1
15.1157159805	1
15.3229579926	-1
15.7144701481	-1
15.7155370712	1
15.8298840523	-1
15.8300111294	1
15.8305101395	1
15.8305101395	1
15.8305101395	1
15.8305101395	1
15.8305101395	1
15.8305101395	1
15.8305101395	1
15.8305101395	1
15.830657959	1
15.830657959	1
15.830657959	1
15.830657959	1
15.830657959	1
15.830657959	1
15.8322060108	1
15.8322060108	1
15.8322060108	1
15.8322060108	1
15.8322060108	1
15.8322060108	1
15.8322060108	1
