0.0	1
0.250092029572	1
0.643218040466	-1
0.644642114639	1
1.23730492592	-1
1.23890113831	1
1.24445700645	1
1.24445700645	1
1.24445700645	1
1.24445700645	1
1.24445700645	1
1.24445700645	1
1.82622599602	-1
1.82778096199	1
1.96781301498	-1
1.96913695335	1
2.1067609787	-1
2.1067609787	-1
2.10834908485	1
2.24587893486	-1
2.24587893486	-1
2.24592208862	1
2.36514210701	-1
2.36514210701	-1
2.36514210701	-1
2.36514210701	-1
2.36514210701	-1
2.36514210701	-1
2.36514210701	-1
2.38364291191	1
2.52108812332	-1
2.52108812332	-1
2.52112197876	1
2.6650891304	-1
2.66512107849	1
2.66512107849	1
2.66654396057	-1
2.66654396057	-1
2.66654396057	-1
2.66654396057	-1
2.66654396057	-1
2.66654396057	-1
2.79996395111	-1
2.79996395111	-1
2.80274605751	-1
2.80995512009	-1
2.80995512009	-1
2.80995512009	-1
2.80995512009	-1
2.80995512009	-1
2.80995512009	-1
2.80995512009	-1
2.89109396935	-1
2.94011902809	-1
2.94011902809	-1
3.02014803886	-1
3.02014803886	-1
3.02014803886	-1
3.02014803886	-1
3.02014803886	-1
3.02014803886	-1
3.02014803886	-1
3.21488404274	-1
3.21615505219	1
3.35266113281	-1
3.35266113281	-1
3.39211297035	1
3.62303590775	1
3.92094802856	-1
4.05831599236	-1
4.06565594673	1
4.58218097687	-1
4.75559401512	-1
4.76986312866	1
4.77206397057	1
4.77206397057	1
4.77206397057	1
5.18130207062	-1
5.18250107765	1
5.31998491287	-1
5.43413305283	-1
5.43413305283	-1
5.43413305283	-1
5.633040905	-1
5.770414114	-1
5.770414114	-1
5.90782308578	-1
5.90782308578	-1
5.92017197609	-1
5.92017197609	-1
5.92017197609	-1
5.92017197609	-1
5.92017197609	-1
5.92017197609	-1
5.92017197609	-1
5.94806694984	1
5.95526695251	1
5.95526695251	1
5.95526695251	1
6.04521608353	-1
6.06210398674	1
6.06210398674	1
6.07544803619	-1
6.07544803619	-1
6.07544803619	-1
6.07544803619	-1
6.07544803619	-1
6.07544803619	-1
6.07544803619	-1
6.09289598465	1
6.09289598465	1
6.10494995117	-1
6.10506701469	-1
6.10506701469	-1
6.10506701469	-1
6.10506701469	-1
6.10506701469	-1
6.10506701469	-1
6.20229697227	1
6.20229697227	1
6.20229697227	1
6.20937108994	1
6.20937108994	1
6.3129389286	1
6.3129389286	1
6.3129389286	1
6.6527121067	-1
6.65573811531	-1
6.65573811531	-1
6.65573811531	-1
6.65573811531	-1
6.65573811531	-1
6.65573811531	-1
6.65573811531	-1
6.75228309631	-1
6.75228309631	-1
6.87103891373	-1
6.87103891373	-1
6.87103891373	-1
6.88628411293	-1
6.88628411293	-1
6.88628411293	-1
6.88628411293	-1
6.88628411293	-1
6.88768005371	1
7.10379505157	-1
7.10379505157	-1
7.10893106461	1
7.24612498283	1
7.2781150341	-1
7.31345891953	-1
7.31345891953	-1
7.31345891953	-1
7.31345891953	-1
7.31345891953	-1
7.31345891953	-1
7.31345891953	-1
7.4201259613	1
7.4201259613	1
7.5573849678	1
7.5573849678	1
7.70920610428	-1
7.8011610508	-1
7.8011610508	-1
7.8011610508	-1
7.8011610508	-1
7.8011610508	-1
7.8011610508	-1
7.8011610508	-1
7.8011610508	-1
8.10905694962	1
8.21789693832	-1
8.27538299561	-1
8.27538299561	-1
8.27538299561	-1
8.27538299561	-1
8.27538299561	-1
8.27538299561	-1
8.33476901054	-1
8.33476901054	-1
8.35522603989	-1
8.35522603989	-1
8.38383412361	-1
8.38383412361	-1
8.38383412361	-1
8.38383412361	-1
8.38383412361	-1
8.38383412361	-1
8.38383412361	-1
8.38383412361	-1
8.38529706001	1
8.39582800865	-1
8.39582800865	-1
8.39582800865	-1
8.39582800865	-1
8.39582800865	-1
8.39582800865	-1
8.39582800865	-1
8.41397809982	-1
8.41397809982	-1
8.46201992035	-1
8.46201992035	-1
8.47225999832	-1
8.47225999832	-1
8.47225999832	-1
8.47225999832	-1
8.47225999832	-1
8.47225999832	-1
8.62433695793	-1
8.62433695793	-1
8.62433695793	-1
8.62433695793	-1
8.62433695793	-1
8.69359493256	-1
8.69359493256	-1
8.69359493256	-1
8.69359493256	-1
8.69359493256	-1
8.69359493256	-1
8.69359493256	-1
8.69359493256	-1
8.72187709808	-1
8.72228813171	-1
8.72228813171	-1
8.72228813171	-1
8.73578095436	-1
8.73578095436	-1
8.73578095436	-1
8.73578095436	-1
8.73578095436	-1
8.73578095436	-1
8.73578095436	-1
8.73578095436	-1
8.75852298737	-1
8.75852298737	-1
8.75852298737	-1
8.75852298737	-1
8.75852298737	-1
8.75852298737	-1
8.75852298737	-1
8.75852298737	-1
8.75852298737	-1
8.76738500595	-1
8.83414697647	-1
8.83414697647	-1
8.83414697647	-1
8.83414697647	-1
8.83414697647	-1
8.83414697647	-1
8.83414697647	-1
8.89649796486	-1
8.90675711632	-1
8.90675711632	-1
8.90675711632	-1
8.90675711632	-1
8.90675711632	-1
8.90675711632	-1
8.91709899902	-1
8.91709899902	-1
8.91709899902	-1
8.91709899902	-1
8.91709899902	-1
8.91709899902	-1
8.91709899902	-1
8.91709899902	-1
8.91778612137	-1
8.91778612137	-1
8.91778612137	-1
8.91778612137	-1
8.91778612137	-1
8.91778612137	-1
8.91778612137	-1
8.94316601753	-1
8.95046496391	-1
8.95046496391	-1
8.95046496391	-1
8.95046496391	-1
8.95046496391	-1
8.95046496391	-1
8.95046496391	-1
8.95046496391	-1
9.01608109474	-1
9.01608109474	-1
9.01608109474	-1
9.01608109474	-1
9.01608109474	-1
9.01644897461	1
9.06767702103	-1
9.06767702103	-1
9.06767702103	-1
9.06767702103	-1
9.11462712288	-1
9.11462712288	-1
9.11462712288	-1
9.11462712288	-1
9.11462712288	-1
9.11462712288	-1
9.11462712288	-1
9.11498713493	-1
9.11498713493	-1
9.11498713493	-1
9.11498713493	-1
9.11498713493	-1
9.11498713493	-1
9.11498713493	-1
9.15352892876	1
9.15352892876	1
9.17082810402	-1
9.17582607269	-1
9.17582607269	-1
9.17582607269	-1
9.17582607269	-1
9.17582607269	-1
9.17582607269	-1
9.17582607269	-1
9.18449091911	-1
9.18449091911	-1
9.18449091911	-1
9.18449091911	-1
9.18449091911	-1
9.18449091911	-1
9.18449091911	-1
9.18449091911	-1
9.19208812714	-1
9.19208812714	-1
9.19489097595	-1
9.19489097595	-1
9.19489097595	-1
9.19489097595	-1
9.19489097595	-1
9.19489097595	-1
9.19489097595	-1
9.2458050251	-1
9.2458050251	-1
9.2458050251	-1
9.2458050251	-1
9.2458050251	-1
9.2458050251	-1
9.2458050251	-1
9.25244307518	-1
9.25244307518	-1
9.25244307518	-1
9.25244307518	-1
9.25244307518	-1
9.25244307518	-1
9.25244307518	-1
9.25244307518	-1
9.29134702682	-1
9.29134702682	-1
9.29134702682	-1
9.29134702682	-1
9.29138112068	1
9.36466312408	-1
9.36466312408	-1
9.36466312408	-1
9.36466312408	-1
9.36466312408	-1
9.36466312408	-1
9.36466312408	-1
9.36466312408	-1
9.37071990967	-1
9.37101101875	-1
9.37101101875	-1
9.37101101875	-1
9.37101101875	-1
9.37101101875	-1
9.37101101875	-1
9.37101101875	-1
9.3826611042	-1
9.41245698929	-1
9.41245698929	-1
9.41325497627	-1
9.41325497627	-1
9.41325497627	-1
9.41325497627	-1
9.41325497627	-1
9.41325497627	-1
9.4138109684	-1
9.4138109684	-1
9.4138109684	-1
9.4138109684	-1
9.4138109684	-1
9.4138109684	-1
9.4138109684	-1
9.4235560894	-1
9.43813800812	-1
9.43813800812	-1
9.43813800812	-1
9.43813800812	-1
9.43813800812	-1
9.43813800812	-1
9.43813800812	-1
9.43813800812	-1
9.43816995621	1
9.46779799461	-1
9.46779799461	-1
9.46779799461	-1
9.46779799461	-1
9.46779799461	-1
9.46779799461	-1
9.46779799461	-1
9.5363509655	-1
9.5363509655	-1
9.5363509655	-1
9.53846096992	-1
9.53846096992	-1
9.53846096992	-1
9.53846096992	-1
9.53846096992	-1
9.53846096992	-1
9.54171609879	-1
9.54171609879	-1
9.54171609879	-1
9.54171609879	-1
9.54171609879	-1
9.54171609879	-1
9.54171609879	-1
9.54356002808	-1
9.56819605827	-1
9.56819605827	-1
9.60514092445	1
9.67717790604	-1
9.67717790604	-1
9.67717790604	-1
9.67717790604	-1
9.67717790604	-1
9.67717790604	-1
9.67717790604	-1
9.67717790604	-1
9.67717790604	-1
9.68912410736	-1
9.68912410736	-1
9.68912410736	-1
9.68912410736	-1
9.68912410736	-1
9.68912410736	-1
9.68912410736	-1
9.68912410736	-1
9.72257709503	-1
9.72257709503	-1
9.72262310982	-1
9.72262310982	-1
9.72262310982	-1
9.72262310982	-1
9.72262310982	-1
9.72262310982	-1
9.72262310982	-1
9.74832510948	-1
9.74835801125	1
9.75743794441	-1
9.75743794441	-1
9.75743794441	-1
9.75743794441	-1
9.75743794441	-1
9.75743794441	-1
9.75743794441	-1
9.76806712151	-1
9.76818203926	-1
9.76818203926	-1
9.76818203926	-1
9.76818203926	-1
9.76818203926	-1
9.76818203926	-1
9.76818203926	-1
9.76847910881	-1
9.76847910881	-1
9.76847910881	-1
9.76847910881	-1
9.76847910881	-1
9.76847910881	-1
9.76847910881	-1
9.81484007835	-1
9.81484007835	-1
9.81484007835	-1
9.81484007835	-1
9.81484007835	-1
9.81484007835	-1
9.81484007835	-1
9.81498193741	-1
9.81498193741	-1
9.82413697243	-1
9.82413697243	-1
9.82413697243	-1
9.82413697243	-1
9.82413697243	-1
9.82413697243	-1
9.82413697243	-1
9.82413697243	-1
9.84664297104	-1
9.84729790688	-1
9.84729790688	-1
9.84729790688	-1
9.84729790688	-1
9.84729790688	-1
9.84729790688	-1
9.8712990284	-1
9.8712990284	-1
9.87300992012	-1
9.87300992012	-1
9.87300992012	-1
9.87300992012	-1
9.87300992012	-1
9.87300992012	-1
9.87300992012	-1
9.88579893112	-1
9.88579893112	-1
9.88579893112	-1
9.88579893112	-1
9.88579893112	-1
9.88579893112	-1
9.88583397865	1
9.88583397865	1
9.95309305191	-1
9.95309305191	-1
10.1086099148	-1
10.1086099148	-1
10.1086099148	-1
10.1086099148	-1
10.1086099148	-1
10.1086099148	-1
10.1086099148	-1
10.1756150723	-1
10.1756150723	-1
10.1756150723	-1
10.1756150723	-1
10.1756150723	-1
10.1756150723	-1
10.1756150723	-1
10.1756150723	-1
10.1868641376	-1
10.1868641376	-1
10.1868641376	-1
10.1868641376	-1
10.1868641376	-1
10.1868641376	-1
10.1969110966	-1
10.1969110966	-1
10.1969110966	-1
10.1969110966	-1
10.1969110966	-1
10.1969110966	-1
10.1969110966	-1
10.1969110966	-1
10.2049980164	-1
10.2049980164	-1
10.2049980164	-1
10.2062671185	1
10.214687109	-1
10.214687109	-1
10.214687109	-1
10.214687109	-1
10.214687109	-1
10.214687109	-1
10.2512841225	-1
10.2512841225	-1
10.2512841225	-1
10.2512841225	-1
10.2512841225	-1
10.2512841225	-1
10.2512841225	-1
10.2512841225	-1
10.262100935	-1
10.262100935	-1
10.262100935	-1
10.262100935	-1
10.262100935	-1
10.262100935	-1
10.262100935	-1
10.262100935	-1
10.2828090191	-1
10.2828090191	-1
10.2828090191	-1
10.2828090191	-1
10.2828090191	-1
10.2828090191	-1
10.2828090191	-1
10.2828090191	-1
10.2879810333	-1
10.31980896	-1
10.31980896	-1
10.3316819668	-1
10.3316819668	-1
10.3316819668	-1
10.3316819668	-1
10.3316819668	-1
10.3316819668	-1
10.3316819668	-1
10.3316819668	-1
10.3316819668	-1
10.4027199745	-1
10.4040470123	1
10.4605140686	-1
10.4605140686	-1
10.4605140686	-1
10.4605140686	-1
10.4605140686	-1
10.5722630024	1
10.7314040661	-1
10.8223791122	1
11.8468809128	-1
11.8481640816	1
12.0122821331	-1
12.1100430489	1
12.1102120876	1
12.1102120876	1
12.1102120876	1
12.1878669262	-1
12.3251130581	-1
12.5221180916	-1
12.5228071213	1
12.5272181034	-1
12.5272181034	-1
12.5272181034	-1
12.5272181034	-1
12.5272181034	-1
12.5272181034	-1
12.5272181034	-1
12.6506860256	-1
12.6507880688	-1
12.6507880688	-1
12.6507880688	-1
12.6756651402	1
12.7696700096	1
12.7696700096	1
12.7696700096	1
12.7714669704	1
12.7714669704	1
12.8130779266	-1
12.8131160736	1
12.8131160736	1
13.0117549896	1
13.0165801048	1
13.0165801048	1
13.0165801048	1
13.0167169571	1
13.0167169571	1
13.0167169571	1
13.1063199043	1
13.1063199043	1
13.1063199043	1
13.1063199043	1
13.4850521088	-1
13.486866951	1
13.5337250233	-1
13.5337250233	-1
13.5337250233	-1
13.5337250233	-1
13.5337250233	-1
13.5357539654	1
13.5357539654	1
13.5357539654	1
13.5357539654	1
13.6259729862	1
13.6259729862	1
13.6259729862	1
13.7620561123	1
13.7656021118	-1
13.8720510006	-1
13.8720510006	-1
13.8720510006	-1
13.9396910667	-1
13.9397261143	1
13.9397261143	1
14.3370831013	-1
14.4437730312	-1
14.4437730312	-1
14.4437730312	-1
14.4452869892	1
14.4597671032	-1
14.4597671032	-1
14.4602971077	-1
14.4602971077	-1
14.4602971077	-1
14.4602971077	-1
14.4602971077	-1
14.4602971077	-1
14.4602971077	-1
14.4687130451	-1
14.4687130451	-1
14.4687359333	-1
14.4687359333	-1
14.4687359333	-1
14.4687359333	-1
14.4687359333	-1
14.5117521286	-1
14.5117521286	-1
14.5825269222	1
14.5825269222	1
14.6877369881	-1
14.7405519485	-1
14.7405519485	-1
14.7405519485	-1
14.7515909672	-1
14.7515909672	-1
14.7515909672	-1
14.7515909672	-1
14.7515909672	-1
14.7515909672	-1
14.7515909672	-1
14.7558619976	-1
14.7558619976	-1
14.7558619976	-1
14.7558619976	-1
14.7558619976	-1
14.7558619976	-1
14.7604620457	1
14.767539978	-1
14.7687280178	-1
14.7687280178	-1
14.7687280178	-1
14.7687280178	-1
14.7687280178	-1
14.7687280178	-1
14.7687280178	-1
14.7687280178	-1
14.8426849842	1
14.8426849842	1
14.8426849842	1
14.8431959152	1
14.8431959152	1
14.8781270981	-1
14.8781270981	-1
14.8781270981	-1
14.8782310486	-1
14.8782310486	-1
14.8782310486	-1
14.8782310486	-1
14.8782310486	-1
14.8782310486	-1
14.8782310486	-1
14.8848350048	1
14.8848350048	1
14.8848350048	1
14.961796999	-1
14.9640760422	-1
14.9640760422	-1
14.9640760422	-1
14.9640760422	-1
14.9715559483	-1
14.975135088	-1
14.975135088	-1
14.975135088	-1
15.0993981361	-1
15.0993981361	-1
15.0993981361	-1
15.1230111122	1
15.1557540894	-1
15.2668139935	-1
15.2668139935	-1
15.2668139935	-1
15.2668499947	1
15.2777049541	-1
15.2777049541	-1
15.2778110504	-1
15.2778110504	-1
15.2778110504	-1
15.2778110504	-1
15.4999270439	-1
15.4999270439	-1
15.4999270439	-1
15.4999270439	-1
15.4999270439	-1
15.4999270439	-1
15.4999270439	-1
15.4999270439	-1
15.5100479126	-1
15.5100479126	-1
15.5100479126	-1
15.5100479126	-1
15.5100479126	-1
15.5100479126	-1
15.5100479126	-1
15.6464700699	1
15.7594261169	-1
15.7594261169	-1
15.7594261169	-1
15.7594261169	-1
15.7594261169	-1
15.7594261169	-1
15.7594261169	-1
15.8558320999	-1
15.8558320999	-1
15.8558320999	-1
15.8558320999	-1
15.8558320999	-1
15.8558320999	-1
15.8558320999	-1
15.8558320999	-1
15.8683540821	1
15.9060509205	-1
15.9060509205	-1
15.9060509205	-1
15.9060509205	-1
15.9060509205	-1
15.9060509205	-1
15.9060509205	-1
15.9350919724	-1
16.005480051	1
16.0207490921	1
16.0207490921	1
16.0207490921	1
16.0211911201	1
16.0211911201	1
16.1427109241	1
16.1932859421	-1
16.2529420853	-1
16.2529420853	-1
16.2529420853	-1
16.2529420853	-1
16.2529420853	-1
16.2544689178	1
16.2544689178	1
16.2544689178	1
16.3160750866	1
16.3708360195	-1
16.3737859726	1
16.3737859726	1
16.3737859726	1
16.3737859726	1
16.3737859726	1
16.3737859726	1
16.3737859726	1
16.3737859726	1
16.3836729527	-1
16.7518260479	-1
16.8891789913	-1
16.8891789913	-1
16.8975539207	1
17.0265860558	-1
17.0464260578	-1
17.0464260578	-1
17.0464260578	-1
17.0464260578	-1
17.0464260578	-1
17.0671429634	-1
17.0672950745	-1
17.0672950745	-1
17.1040821075	1
17.2405669689	-1
17.2405669689	-1
17.2405669689	-1
17.2405669689	-1
17.2405669689	-1
17.2405669689	-1
17.2405669689	-1
17.2536430359	-1
17.2536809444	1
17.2608571053	-1
17.2608571053	-1
17.2608571053	-1
17.2608571053	-1
17.2608571053	-1
17.2608571053	-1
17.2608571053	-1
17.2753970623	-1
17.2930459976	-1
17.2930459976	-1
17.2930459976	-1
17.2930459976	-1
17.2930459976	-1
17.2930459976	-1
17.2930459976	-1
17.3600409031	-1
17.3600409031	-1
17.3600409031	-1
17.3600409031	-1
17.3600409031	-1
17.3600409031	-1
17.3600409031	-1
17.3911440372	-1
17.3911440372	-1
17.3911440372	-1
17.4039621353	-1
17.4039621353	-1
17.4039621353	-1
17.4039621353	-1
17.4039621353	-1
17.4039621353	-1
17.4061019421	1
17.4062309265	1
17.4062309265	1
17.4062309265	1
17.4110450745	-1
17.4110450745	-1
17.4110450745	-1
17.4110450745	-1
17.4110450745	-1
17.4110450745	-1
17.4110450745	-1
17.4140160084	1
17.4140160084	1
17.4140160084	1
17.4140160084	1
17.4140160084	1
17.4140160084	1
17.4141359329	1
17.4141359329	1
17.4335439205	-1
17.467662096	-1
17.467662096	-1
17.467662096	-1
17.467662096	-1
17.467662096	-1
17.4678931236	-1
17.4678931236	-1
17.4678931236	-1
17.4678931236	-1
17.4678931236	-1
17.4678931236	-1
17.4678931236	-1
17.5032110214	-1
17.5042889118	-1
17.5042889118	-1
17.5042889118	-1
17.527066946	-1
17.527066946	-1
17.5271999836	-1
17.5271999836	-1
17.5271999836	-1
17.5271999836	-1
17.5271999836	-1
17.5271999836	-1
17.5274460316	-1
17.5274460316	-1
17.5274460316	-1
17.5274460316	-1
17.5274460316	-1
17.5274460316	-1
17.5274460316	-1
17.5274460316	-1
17.5437319279	1
17.5491220951	-1
17.5491220951	-1
17.5491220951	-1
17.5491220951	-1
17.5491220951	-1
17.5491220951	-1
17.5491220951	-1
17.5491220951	-1
17.5494799614	-1
17.5494799614	-1
17.5494799614	-1
17.5494799614	-1
17.5494799614	-1
17.5494799614	-1
17.5494799614	-1
17.5494799614	-1
17.5497260094	-1
17.6051630974	-1
17.6051630974	-1
17.6051630974	-1
17.6051630974	-1
17.6051630974	-1
17.6051630974	-1
17.6051630974	-1
17.6360049248	-1
17.6360049248	-1
17.6360049248	-1
17.6360049248	-1
17.6360049248	-1
17.6360049248	-1
17.6407749653	-1
17.6407749653	-1
17.6407749653	-1
17.6407749653	-1
17.6709840298	-1
17.6732199192	-1
17.6732199192	-1
17.6732199192	-1
17.6732199192	-1
17.6732199192	-1
17.6732199192	-1
17.6732199192	-1
17.6809980869	-1
17.6849679947	-1
17.6849679947	-1
17.6849679947	-1
17.6849679947	-1
17.6849679947	-1
17.6849679947	-1
17.6849679947	-1
17.6849679947	-1
17.6865711212	1
17.6922800541	-1
17.6922800541	-1
17.6922800541	-1
17.6922800541	-1
17.6922800541	-1
17.6922800541	-1
17.6922800541	-1
17.710725069	-1
17.710725069	-1
17.710725069	-1
17.710725069	-1
17.710725069	-1
17.710725069	-1
17.710725069	-1
17.710725069	-1
17.7263100147	-1
17.7263100147	-1
17.7263100147	-1
17.7263100147	-1
17.7263100147	-1
17.7263100147	-1
17.7263100147	-1
17.7263100147	-1
17.7605440617	-1
17.7605440617	-1
17.7606561184	-1
17.7606561184	-1
17.7606561184	-1
17.7606561184	-1
17.7606561184	-1
17.7606561184	-1
17.7606561184	-1
17.7609040737	-1
17.7609040737	-1
17.7609040737	-1
17.7609040737	-1
17.7609040737	-1
17.7609040737	-1
17.7609040737	-1
17.7612700462	-1
17.7612700462	-1
17.7613930702	-1
17.7613930702	-1
17.7613930702	-1
17.7613930702	-1
17.7613930702	-1
17.7613930702	-1
17.7613930702	-1
17.7618529797	1
17.7618529797	1
17.7618529797	1
17.8108510971	-1
17.810956955	-1
17.810956955	-1
17.810956955	-1
17.810956955	-1
17.810956955	-1
17.810956955	-1
17.810956955	-1
17.8112010956	-1
17.8112010956	-1
17.8112010956	-1
17.8112010956	-1
17.8546059132	-1
17.8546059132	-1
17.8546059132	-1
17.8546059132	-1
17.8546059132	-1
17.8546059132	-1
17.8546059132	-1
17.8546059132	-1
17.8546059132	-1
17.8546359539	1
17.8608319759	-1
17.8608319759	-1
17.8608319759	-1
17.8608319759	-1
17.8608319759	-1
17.8608319759	-1
17.8608319759	-1
17.8608319759	-1
17.8608319759	-1
17.8639249802	-1
17.8639249802	-1
17.8639249802	-1
17.933562994	-1
17.949226141	-1
17.949226141	-1
18.0278439522	1
18.0278439522	1
18.0865359306	-1
18.2639939785	-1
18.2639939785	-1
18.2667789459	-1
18.2667789459	-1
18.2667789459	-1
18.2667789459	-1
18.2667789459	-1
18.2667789459	-1
18.2667789459	-1
18.2667789459	-1
18.2667789459	-1
18.2764129639	-1
18.2764129639	-1
18.2764639854	-1
18.2764639854	-1
18.2764639854	-1
18.2764639854	-1
18.2801160812	1
18.2985019684	-1
18.2985019684	-1
18.3139119148	-1
18.3139119148	-1
18.3223779202	-1
18.3223779202	-1
18.3223779202	-1
18.3223779202	-1
18.3223779202	-1
18.3223779202	-1
18.3223779202	-1
18.3369679451	-1
18.3375411034	-1
18.3375411034	-1
18.3375411034	-1
18.3375411034	-1
18.3375411034	-1
18.3375411034	-1
18.3375411034	-1
18.3399269581	1
18.3399269581	1
18.3399269581	1
18.341821909	-1
18.3419270515	-1
18.3419270515	-1
18.3419270515	-1
18.3419270515	-1
18.3419270515	-1
18.3419270515	-1
18.3419270515	-1
18.3579990864	-1
18.3581049442	-1
18.3581049442	-1
18.3581049442	-1
18.3581049442	-1
18.3581049442	-1
18.3581049442	-1
18.3581049442	-1
18.401679039	-1
18.4272799492	-1
18.4272799492	-1
18.4272799492	-1
18.4272799492	-1
18.484005928	-1
18.484005928	-1
18.4867601395	-1
18.4867601395	-1
18.4867601395	-1
18.4867601395	-1
18.4867601395	-1
18.4867601395	-1
18.4867601395	-1
18.4979929924	-1
18.5493741035	-1
18.5493741035	-1
18.5493741035	-1
18.5493741035	-1
18.5493741035	-1
18.5960590839	1
18.5960590839	1
18.7442381382	1
18.8817849159	-1
18.9177339077	-1
18.9177339077	-1
18.9177339077	-1
18.9177339077	-1
18.9177339077	-1
18.9177339077	-1
18.9177339077	-1
18.9199750423	-1
18.9199750423	-1
18.9199750423	-1
18.9199750423	-1
18.9199750423	-1
18.9199750423	-1
18.9199750423	-1
18.9553620815	-1
18.9553620815	-1
18.9553620815	-1
18.9553620815	-1
19.0967869759	-1
19.0967869759	-1
19.0967869759	-1
19.1052191257	1
19.1053860188	1
19.1053860188	1
19.1053860188	1
19.1699399948	-1
19.1699399948	-1
19.1699399948	-1
19.1699399948	-1
19.1699399948	-1
19.1699399948	-1
19.1699399948	-1
19.1699399948	-1
19.1828529835	-1
19.1828529835	-1
19.1828529835	-1
19.1828529835	-1
19.1828529835	-1
19.1828529835	-1
19.1828529835	-1
19.1887369156	-1
19.1994259357	-1
19.1994259357	-1
19.1994259357	-1
19.2492411137	1
19.3784589767	-1
19.3784589767	-1
19.3784589767	-1
19.3784589767	-1
19.3784589767	-1
19.3784589767	-1
19.3784589767	-1
19.3784589767	-1
19.386097908	-1
19.386097908	-1
19.386097908	-1
19.386097908	-1
19.386097908	-1
19.386097908	-1
19.4680039883	-1
19.4680039883	-1
19.4861710072	-1
19.4861710072	-1
19.4861710072	-1
19.5093359947	-1
19.5093359947	-1
19.5093359947	-1
19.5093359947	-1
19.5093359947	-1
19.5093359947	-1
19.531815052	-1
19.531815052	-1
19.531815052	-1
19.531815052	-1
19.5328419209	1
19.5476109982	-1
19.5476109982	-1
19.5476109982	-1
19.5476109982	-1
19.5476109982	-1
19.5476109982	-1
19.5476109982	-1
19.5476109982	-1
19.5486209393	-1
19.607008934	1
19.607008934	1
19.607008934	1
19.6705310345	1
19.7574689388	-1
19.7663171291	-1
19.7663171291	-1
19.7663171291	-1
19.7663171291	-1
19.7663171291	-1
19.7663171291	-1
19.8028109074	-1
19.8028109074	-1
19.8028609753	-1
19.8028609753	-1
19.8028609753	-1
19.8028609753	-1
19.8028609753	-1
19.8028609753	-1
19.8193790913	-1
19.8193790913	-1
19.8193790913	-1
19.8193790913	-1
19.8193790913	-1
19.8193790913	-1
19.8193790913	-1
19.8194110394	1
19.8194110394	1
19.9035429955	-1
19.9058251381	1
19.9058251381	1
19.9058251381	1
19.9808120728	-1
19.9808120728	-1
19.9808120728	-1
19.9808120728	-1
19.9808120728	-1
19.9808120728	-1
19.9808120728	-1
20.0245509148	-1
20.0248010159	-1
20.0248010159	-1
20.0248010159	-1
20.0248010159	-1
20.0248010159	-1
20.0248010159	-1
20.0248010159	-1
20.1052839756	1
20.1052839756	1
20.1052839756	1
20.3253819942	-1
20.3539121151	-1
20.3539121151	-1
20.3539121151	-1
20.4635100365	1
20.569740057	-1
20.569740057	-1
20.569740057	-1
20.5698399544	-1
20.5698399544	-1
20.5698399544	-1
20.5698399544	-1
20.5715639591	1
20.5715639591	1
20.5715639591	1
20.6352479458	-1
20.6352479458	-1
20.6352479458	-1
20.6579990387	-1
20.6579990387	-1
20.6579990387	-1
20.6579990387	-1
20.6579990387	-1
20.6579990387	-1
20.6579990387	-1
20.6579990387	-1
20.6579990387	-1
20.6583220959	-1
20.6583220959	-1
20.6748521328	-1
20.6748521328	-1
20.7400939465	1
20.7400939465	1
20.8044509888	-1
20.8044509888	-1
20.8044509888	-1
20.8044509888	-1
20.8044509888	-1
20.8044509888	-1
20.8044509888	-1
20.8776729107	-1
20.8799979687	-1
20.8799979687	-1
20.8799979687	-1
20.8799979687	-1
20.8903269768	-1
20.8903269768	-1
20.8921830654	-1
20.8921830654	-1
20.8921830654	-1
20.8921830654	-1
20.8921830654	-1
20.8921830654	-1
20.8921830654	-1
20.9158039093	-1
20.9168469906	-1
20.9168469906	-1
20.9168469906	-1
20.9168469906	-1
20.9168469906	-1
21.0542829037	-1
21.0542829037	-1
21.0542829037	-1
21.0543479919	-1
21.0543479919	-1
21.0543479919	-1
21.1058290005	1
21.1917989254	-1
21.1945691109	1
21.1945691109	1
21.1945691109	1
21.2525780201	-1
21.2525780201	-1
21.2525780201	-1
21.2525780201	-1
21.2525780201	-1
21.2525780201	-1
21.2525780201	-1
21.2525780201	-1
21.3237009048	-1
21.3237009048	-1
21.3237009048	-1
21.3237009048	-1
21.3237009048	-1
21.3237009048	-1
21.3237009048	-1
21.3237009048	-1
21.3300540447	-1
21.3412549496	-1
21.3412549496	-1
21.3412549496	-1
21.3412549496	-1
21.3647580147	1
21.3647580147	1
21.3647580147	1
21.435890913	1
21.5212769508	-1
21.5212769508	-1
21.5212769508	-1
21.5212769508	-1
21.5212769508	-1
21.6160070896	1
21.7531790733	1
21.7531790733	1
22.5199010372	-1
22.5214829445	1
22.6588699818	1
22.6999049187	-1
22.7379901409	-1
22.7379901409	-1
22.7379901409	-1
22.7379901409	-1
22.7379901409	-1
22.7379901409	-1
22.7959849834	1
22.9332199097	1
23.105381012	1
23.3479690552	-1
23.3493640423	1
23.4865350723	1
23.6163630486	-1
23.6238360405	1
23.6238360405	1
23.7613809109	-1
23.7613809109	-1
23.7632870674	1
23.7634179592	1
23.7634179592	1
23.7634179592	1
23.8722720146	-1
23.8722720146	-1
23.8722720146	-1
23.900906086	1
23.900906086	1
24.0270500183	-1
24.0270500183	-1
24.0270500183	-1
24.1757650375	-1
24.1771259308	1
24.3518140316	1
25.0816979408	-1
25.5087211132	-1
25.7617321014	-1
26.4081480503	-1
26.4929831028	-1
26.4929831028	-1
26.4929831028	-1
26.4929831028	-1
26.4929831028	-1
26.4929831028	-1
26.4929831028	-1
26.4929831028	-1
26.4970769882	-1
26.4970769882	-1
26.5215899944	-1
26.525192976	-1
26.525192976	-1
26.525192976	-1
26.525192976	-1
26.6826639175	-1
26.6838960648	1
26.8211519718	1
27.3429279327	-1
27.3430731297	-1
27.3430731297	-1
27.3430731297	-1
27.3430731297	-1
27.3872630596	-1
27.3872630596	-1
27.3872630596	-1
27.3872630596	-1
27.5796210766	-1
27.5796210766	-1
27.5796210766	-1
27.5796210766	-1
27.5796210766	-1
27.6209669113	1
27.6596889496	-1
27.6596889496	-1
27.6596889496	-1
27.6596889496	-1
27.6596889496	-1
27.6596889496	-1
27.6596889496	-1
27.6596889496	-1
27.6899940968	-1
27.6899940968	-1
27.6899940968	-1
27.6899940968	-1
27.7582719326	1
27.8147859573	-1
27.8147859573	-1
27.8147859573	-1
27.8147859573	-1
27.8147859573	-1
27.8147859573	-1
27.8147859573	-1
27.861508131	-1
27.8656659126	-1
27.8656659126	-1
27.8656659126	-1
27.8656659126	-1
27.8656659126	-1
27.8656659126	-1
27.8656659126	-1
27.8756210804	-1
27.8756210804	-1
27.8756210804	-1
27.8756210804	-1
27.8756210804	-1
27.8756210804	-1
27.8756210804	-1
27.8784790039	1
27.8784790039	1
27.8784790039	1
28.0349481106	1
28.2316949368	1
28.3072841167	-1
28.3268620968	-1
28.3268620968	-1
28.3268620968	-1
28.3268620968	-1
28.3268620968	-1
28.7638180256	-1
28.7653679848	1
28.9026269913	1
28.90782094	-1
29.0798289776	1
29.0798289776	1
29.0839989185	-1
29.0839989185	-1
29.0860059261	1
29.0860059261	1
29.0860059261	1
29.0860059261	1
29.2170951366	1
29.2213079929	-1
29.3956429958	-1
29.5816130638	-1
29.718943119	-1
30.0403740406	-1
30.0605230331	-1
30.0605230331	-1
30.0605230331	-1
30.0605230331	-1
30.0605230331	-1
30.0605230331	-1
30.0605230331	-1
30.0740399361	-1
30.1777610779	-1
30.1777610779	-1
30.2656209469	-1
30.2656209469	-1
30.2656209469	-1
30.2656209469	-1
30.2656209469	-1
30.2656209469	-1
30.2656209469	-1
30.4231829643	-1
30.4231829643	-1
30.4231829643	-1
30.4231829643	-1
30.4231829643	-1
30.4231829643	-1
30.4231829643	-1
30.4231829643	-1
30.5287890434	-1
30.5287890434	-1
30.5287890434	-1
30.5287890434	-1
30.5287890434	-1
30.5287890434	-1
30.6600179672	1
30.6607089043	1
30.6607089043	1
30.6607089043	1
30.7751500607	1
30.7751500607	1
30.7754259109	1
30.7754259109	1
30.7754259109	1
30.7754259109	1
30.7754259109	1
30.7754259109	1
30.7754259109	1
30.7754259109	1
30.7755141258	1
30.7755141258	1
30.7766699791	1
30.7768199444	1
30.7768199444	1
30.7768199444	1
30.7768199444	1
