0.0	1
0.250045061111	1
0.657803058624	-1
0.659260988235	1
0.842641115189	-1
0.843988895416	1
0.846476078033	1
0.846476078033	1
0.846476078033	1
0.964102983475	1
0.964102983475	1
0.964102983475	1
1.48010396957	-1
1.48171305656	1
1.59716010094	-1
1.59716010094	-1
1.5985159874	1
1.71397805214	-1
1.71500301361	1
1.83051490784	-1
1.83051490784	-1
1.83210992813	1
1.98532891273	1
2.11503791809	-1
2.1998770237	-1
2.1998770237	-1
2.1998770237	-1
2.1998770237	-1
2.1998770237	-1
2.1998770237	-1
2.1998770237	-1
2.26710510254	-1
2.27830004692	1
2.29356193542	-1
2.29356193542	-1
2.29356193542	-1
2.29356193542	-1
2.29356193542	-1
2.29356193542	-1
2.29356193542	-1
2.29356193542	-1
2.29356193542	-1
2.29390501976	-1
2.29390501976	-1
2.29390501976	-1
2.29390501976	-1
2.29390501976	-1
2.29390501976	-1
2.31567811966	-1
2.31567811966	-1
2.31567811966	-1
2.31567811966	-1
2.31567811966	-1
2.31567811966	-1
2.31567811966	-1
2.31567811966	-1
2.31567811966	-1
2.33006596565	1
2.33006596565	1
2.33006596565	1
2.38253593445	-1
2.3826379776	-1
2.3826379776	-1
2.3826379776	-1
2.3826379776	-1
2.3826379776	-1
2.3826379776	-1
2.38544011116	1
2.38544011116	1
2.397315979	1
2.397315979	1
2.397315979	1
2.40938210487	-1
2.40938210487	-1
2.40938210487	-1
2.40938210487	-1
2.49887394905	-1
2.52796792984	1
2.52796792984	1
2.58029508591	-1
2.58029508591	-1
2.58029508591	-1
2.58029508591	-1
2.58029508591	-1
2.58029508591	-1
2.58029508591	-1
2.58029508591	-1
2.58029508591	-1
2.58064508438	-1
2.58064508438	-1
2.58064508438	-1
2.58064508438	-1
2.58064508438	-1
2.58064508438	-1
2.59956598282	-1
2.59956598282	-1
2.64340591431	1
2.64340591431	1
2.79734706879	1
2.80783295631	-1
2.92705011368	1
2.9628739357	-1
3.08228302002	1
3.11489605904	-1
3.13445401192	-1
3.13445401192	-1
3.13445401192	-1
3.13445401192	-1
3.13445401192	-1
3.13445401192	-1
3.13445401192	-1
3.17237401009	-1
3.22792410851	-1
3.22792410851	-1
3.22792410851	-1
3.22792410851	-1
3.22792410851	-1
3.22792410851	-1
3.22792410851	-1
3.22792410851	-1
3.22792410851	-1
3.22792410851	-1
3.22794103622	1
3.22828102112	-1
3.22828102112	-1
3.22828102112	-1
3.22828102112	-1
3.22828102112	-1
3.22828102112	-1
3.23187088966	-1
3.23187088966	-1
3.23187088966	-1
3.23187088966	-1
3.23187088966	-1
3.23187088966	-1
3.23187088966	-1
3.23187088966	-1
3.28787398338	-1
3.28787398338	-1
3.28787398338	-1
3.28787398338	-1
3.28787398338	-1
3.28787398338	-1
3.28787398338	-1
3.28787398338	-1
3.28787398338	-1
3.34343409538	-1
3.34343409538	-1
3.34343409538	-1
3.34343409538	-1
3.34343409538	-1
3.34343409538	-1
3.34343409538	-1
3.34343409538	-1
3.34343409538	-1
3.34378194809	-1
3.34378194809	-1
3.34378194809	-1
3.34378194809	-1
3.34378194809	-1
3.34402799606	-1
3.34402799606	-1
3.34402799606	-1
3.34402799606	-1
3.34402799606	-1
3.34402799606	-1
3.34402799606	-1
3.34402799606	-1
3.34639501572	1
3.35522699356	-1
3.35522699356	-1
3.35522699356	-1
3.35522699356	-1
3.35522699356	-1
3.35522699356	-1
3.35522699356	-1
3.35522699356	-1
3.35522699356	-1
3.42805695534	-1
3.42805695534	-1
3.42805695534	-1
3.42805695534	-1
3.42805695534	-1
3.42805695534	-1
3.42805695534	-1
3.42805695534	-1
3.42805695534	-1
3.44314408302	-1
3.44314408302	-1
3.44314408302	-1
3.44314408302	-1
3.44314408302	-1
3.44314408302	-1
3.4433889389	-1
3.4433889389	-1
3.4433889389	-1
3.4433889389	-1
3.4433889389	-1
3.4433889389	-1
3.4433889389	-1
3.4433889389	-1
3.45975208282	-1
3.45975208282	-1
3.45975208282	-1
3.45975208282	-1
3.45975208282	-1
3.45975208282	-1
3.45975208282	-1
3.45975208282	-1
3.45975208282	-1
3.51903510094	1
3.52876496315	-1
3.52876496315	-1
3.52876496315	-1
3.52876496315	-1
3.52876496315	-1
3.52876496315	-1
3.52876496315	-1
3.52876496315	-1
3.52876496315	-1
3.52911400795	-1
3.52911400795	-1
3.52911400795	-1
3.52911400795	-1
3.52911400795	-1
3.63455700874	-1
3.63455700874	-1
3.63460206985	1
3.69012999535	1
3.69012999535	1
3.69012999535	1
3.69062995911	1
3.69062995911	1
3.75006389618	-1
3.75008392334	1
3.8365778923	-1
3.8365778923	-1
3.8365778923	-1
3.8365778923	-1
3.8365778923	-1
3.8365778923	-1
3.8365778923	-1
3.8365778923	-1
3.84481310844	-1
3.84481310844	-1
3.84481310844	-1
3.84481310844	-1
3.84481310844	-1
3.84481310844	-1
3.84481310844	-1
3.84481310844	-1
3.85986208916	-1
3.8643848896	-1
3.8643848896	-1
3.8643848896	-1
3.8643848896	-1
3.86556792259	1
4.0692191124	1
4.0692191124	1
4.25191903114	-1
4.25337910652	1
4.36896395683	-1
4.45333504677	-1
4.45333504677	-1
4.45333504677	-1
4.45333504677	-1
4.45333504677	-1
4.45333504677	-1
4.45333504677	-1
4.45333504677	-1
4.45333504677	-1
4.45369911194	-1
4.45369911194	-1
4.45369911194	-1
4.45369911194	-1
4.45369911194	-1
4.45369911194	-1
4.48800492287	-1
4.48800492287	-1
4.48800492287	-1
4.48800492287	-1
4.48800492287	-1
4.48800492287	-1
4.48800492287	-1
4.48800492287	-1
4.54909896851	-1
4.54909896851	-1
4.54909896851	-1
4.54909896851	-1
4.54909896851	-1
4.54909896851	-1
4.54909896851	-1
4.54909896851	-1
4.54909896851	-1
4.56888103485	-1
4.56888103485	-1
4.56888103485	-1
4.56888103485	-1
4.56888103485	-1
4.56888103485	-1
4.58331894875	-1
4.58331894875	-1
4.66369700432	1
4.66579604149	1
4.66579604149	1
4.66579604149	1
4.66611790657	1
4.66611790657	1
4.7536149025	-1
4.85910701752	-1
4.85910701752	-1
4.85910701752	-1
4.85910701752	-1
4.85910701752	-1
4.85910701752	-1
4.85910701752	-1
4.85910701752	-1
4.90107893944	1
5.16150593758	-1
5.26193499565	-1
5.26193499565	-1
5.26193499565	-1
5.26193499565	-1
5.26193499565	-1
5.36029100418	-1
5.36113095284	-1
5.36113095284	-1
5.36113095284	-1
5.36113095284	-1
5.36113095284	-1
5.36113095284	-1
5.48005390167	-1
5.48005390167	-1
5.48005390167	-1
5.48948192596	1
5.60465097427	1
6.0767390728	-1
6.19647693634	-1
6.19647693634	-1
6.19647693634	-1
6.19647693634	-1
6.19647693634	-1
6.28298306465	-1
6.28298306465	-1
6.28298306465	-1
6.28298306465	-1
6.28298306465	-1
6.28298306465	-1
6.28298306465	-1
6.30841708183	-1
6.34633803368	-1
6.37255501747	1
6.44474601746	1
6.44474601746	1
6.44474601746	1
6.48777699471	1
6.56436395645	1
6.56436395645	1
6.56436395645	1
6.56894898415	1
6.56894898415	1
6.57193994522	1
6.57193994522	1
6.57193994522	1
6.59222698212	1
6.59222698212	1
6.71818804741	1
6.71818804741	1
6.81117200851	1
6.81117200851	1
6.81117200851	1
6.81868195534	1
6.81868195534	1
6.83366298676	1
6.83366298676	1
6.88554406166	-1
7.00157403946	-1
7.00157403946	-1
7.00157403946	-1
7.00157403946	-1
7.00157403946	-1
7.00157403946	-1
7.02372288704	-1
7.02372288704	-1
7.02372288704	-1
7.02372288704	-1
7.02372288704	-1
7.02372288704	-1
7.02372288704	-1
7.02372288704	-1
7.09737610817	-1
7.09737610817	-1
7.09737610817	-1
7.09737610817	-1
7.09737610817	-1
7.09737610817	-1
7.09737610817	-1
7.09737610817	-1
7.09737610817	-1
7.11711502075	-1
7.11711502075	-1
7.11711502075	-1
7.11711502075	-1
7.11711502075	-1
7.11711502075	-1
7.14599204063	-1
7.14599204063	-1
7.14599204063	-1
7.14599204063	-1
7.14599204063	-1
7.14599204063	-1
7.14599204063	-1
7.14599204063	-1
7.14599204063	-1
7.14726400375	1
7.15430402756	-1
7.15430402756	-1
7.15430402756	-1
7.15430402756	-1
7.15430402756	-1
7.15430402756	-1
7.15430402756	-1
7.19975304604	-1
7.19975304604	-1
7.19975304604	-1
7.19975304604	-1
7.19975304604	-1
7.19975304604	-1
7.2130150795	-1
7.2130150795	-1
7.2130150795	-1
7.2130150795	-1
7.2130150795	-1
7.2130150795	-1
7.2130150795	-1
7.2130150795	-1
7.23255109787	-1
7.23255109787	-1
7.23255109787	-1
7.23728394508	1
7.23728394508	1
7.23728394508	1
7.23728394508	1
7.23728394508	1
7.23728394508	1
7.23728394508	1
7.23728394508	1
7.23728394508	1
7.23739290237	1
7.23739290237	1
7.23739290237	1
7.23786091805	1
7.23786091805	1
7.27035808563	1
7.36051392555	-1
7.36051392555	-1
7.36051392555	-1
7.36570310593	-1
7.36570310593	-1
7.36570310593	-1
7.36666798592	1
7.36666798592	1
7.36666798592	1
7.41003990173	-1
7.41003990173	-1
7.41003990173	-1
7.49707388878	-1
7.49707388878	-1
7.49707388878	-1
7.49707388878	-1
7.49707388878	-1
7.49707388878	-1
7.49707388878	-1
7.50120091438	1
7.50172805786	-1
7.50172805786	-1
7.50172805786	-1
7.50172805786	-1
7.50172805786	-1
7.50172805786	-1
7.50172805786	-1
7.50172805786	-1
7.50895905495	-1
7.50895905495	-1
7.50895905495	-1
7.50895905495	-1
7.50895905495	-1
7.50895905495	-1
7.50895905495	-1
7.50895905495	-1
7.52125906944	-1
7.5235888958	-1
7.5235888958	-1
7.5235888958	-1
7.5235888958	-1
7.5235888958	-1
7.5235888958	-1
7.5235888958	-1
7.5235888958	-1
7.59334397316	-1
7.59334397316	-1
7.59334397316	-1
7.59334397316	-1
7.59334397316	-1
7.59334397316	-1
7.59334397316	-1
7.59334397316	-1
7.59334397316	-1
7.61317110062	-1
7.61317110062	-1
7.61317110062	-1
7.61317110062	-1
7.61317110062	-1
7.61317110062	-1
7.62686800957	-1
7.62686800957	-1
7.62686800957	-1
7.62686800957	-1
7.62686800957	-1
7.62686800957	-1
7.62686800957	-1
7.62686800957	-1
7.62791895866	1
7.73462104797	1
7.73462104797	1
7.73462104797	1
7.73462104797	1
7.78508710861	1
7.90883898735	-1
8.06296396255	-1
8.10869193077	-1
8.10869193077	-1
8.10869193077	-1
8.10869193077	-1
8.10869193077	-1
8.10869193077	-1
8.10869193077	-1
8.10869193077	-1
8.10869193077	-1
8.1090400219	-1
8.1090400219	-1
8.1090400219	-1
8.1090400219	-1
8.1090400219	-1
8.1090400219	-1
8.13133811951	-1
8.13133811951	-1
8.13133811951	-1
8.13133811951	-1
8.13133811951	-1
8.13133811951	-1
8.13133811951	-1
8.13133811951	-1
8.13133811951	-1
8.13169693947	-1
8.13169693947	-1
8.13169693947	-1
8.13169693947	-1
8.13169693947	-1
8.13169693947	-1
8.13169693947	-1
8.14315295219	1
8.22485303879	-1
8.22485303879	-1
8.22485303879	-1
8.22485303879	-1
8.22485303879	-1
8.22485303879	-1
8.22485303879	-1
8.22485303879	-1
8.22485303879	-1
8.22519302368	-1
8.22519302368	-1
8.22519302368	-1
8.22519302368	-1
8.22519302368	-1
8.22519302368	-1
8.22792410851	-1
8.22792410851	-1
8.22792410851	-1
8.22792410851	-1
8.22792410851	-1
8.22792410851	-1
8.22792410851	-1
8.22792410851	-1
8.25118708611	-1
8.25118708611	-1
8.25118708611	-1
8.25118708611	-1
8.25118708611	-1
8.25118708611	-1
8.25118708611	-1
8.25118708611	-1
8.25118708611	-1
8.25248599052	1
8.25248599052	1
8.25248599052	1
8.32403993607	-1
8.324614048	-1
8.324614048	-1
8.324614048	-1
8.324614048	-1
8.324614048	-1
8.324614048	-1
8.324614048	-1
8.324614048	-1
8.32497310638	-1
8.32497310638	-1
8.32497310638	-1
8.32497310638	-1
8.32497310638	-1
8.32497310638	-1
8.34043192863	-1
8.34043192863	-1
8.34043192863	-1
8.34043192863	-1
8.34043192863	-1
8.34043192863	-1
8.34043192863	-1
8.34043192863	-1
8.35133910179	-1
8.35133910179	-1
8.35133910179	-1
8.35133910179	-1
8.35133910179	-1
8.35133910179	-1
8.35133910179	-1
8.35133910179	-1
8.35133910179	-1
8.35674595833	1
8.35674595833	1
8.35674595833	1
8.41730999947	-1
8.41730999947	-1
8.41730999947	-1
8.41730999947	-1
8.41730999947	-1
8.41730999947	-1
8.41730999947	-1
8.41837096214	-1
8.41868209839	-1
8.41868209839	-1
8.41868209839	-1
8.41868209839	-1
8.41868209839	-1
8.41868209839	-1
8.41868209839	-1
8.41868209839	-1
8.4395430088	-1
8.4395430088	-1
8.4395430088	-1
8.4395430088	-1
8.4395430088	-1
8.4395430088	-1
8.4395430088	-1
8.43957710266	1
8.44619011879	-1
8.44669294357	-1
8.44669294357	-1
8.44669294357	-1
8.44669294357	-1
8.44669294357	-1
8.44669294357	-1
8.44669294357	-1
8.44669294357	-1
8.52239704132	-1
8.52239704132	-1
8.52239704132	-1
8.52239704132	-1
8.52239704132	-1
8.52239704132	-1
8.52239704132	-1
8.52239704132	-1
8.52239704132	-1
8.5227200985	-1
8.5227200985	-1
8.5227200985	-1
8.5227200985	-1
8.5227200985	-1
8.5227200985	-1
8.52473092079	-1
8.52473092079	-1
8.52473092079	-1
8.52473092079	-1
8.52473092079	-1
8.52473092079	-1
8.52473092079	-1
8.52473092079	-1
8.53561806679	1
8.53561806679	1
8.53561806679	1
8.53992009163	1
8.53992009163	1
8.55484509468	-1
8.55484509468	-1
8.55484509468	-1
8.55484509468	-1
8.55484509468	-1
8.55484509468	-1
8.55484509468	-1
8.55484509468	-1
8.55484509468	-1
8.56259989738	1
8.64999294281	-1
8.64999294281	-1
8.64999294281	-1
8.64999294281	-1
8.64999294281	-1
8.64999294281	-1
8.64999294281	-1
8.64999294281	-1
8.64999294281	-1
8.65033102036	-1
8.65033102036	-1
8.65033102036	-1
8.65033102036	-1
8.65033102036	-1
8.65407705307	-1
8.65407705307	-1
8.65407705307	-1
8.65407705307	-1
8.65407705307	-1
8.65407705307	-1
8.65407705307	-1
8.65407705307	-1
8.65941596031	-1
8.65941596031	-1
8.65941596031	-1
8.65941596031	-1
8.65941596031	-1
8.65941596031	-1
8.65941596031	-1
8.65941596031	-1
8.66369390488	-1
8.66369390488	-1
8.69590997696	1
8.69590997696	1
8.69590997696	1
8.72101807594	1
8.73138904572	-1
8.73273706436	-1
8.73273706436	-1
8.73273706436	-1
8.73273706436	-1
8.73273706436	-1
8.73273706436	-1
8.73273706436	-1
8.73273706436	-1
8.73305797577	-1
8.73305797577	-1
8.73305797577	-1
8.73305797577	-1
8.73305797577	-1
8.73636102676	-1
8.73636102676	-1
8.73636102676	-1
8.73636102676	-1
8.73636102676	-1
8.73636102676	-1
8.73636102676	-1
8.73636102676	-1
8.75221896172	-1
8.75221896172	-1
8.75221896172	-1
8.75221896172	-1
8.75221896172	-1
8.75221896172	-1
8.75221896172	-1
8.75221896172	-1
8.75256109238	-1
8.76295590401	-1
8.7798640728	1
8.7798640728	1
8.7798640728	1
8.83927989006	-1
8.83927989006	-1
8.83927989006	-1
8.83927989006	-1
8.83927989006	-1
8.83927989006	-1
8.83934211731	1
8.84221410751	-1
8.84221410751	-1
8.84221410751	-1
8.84221410751	-1
8.84221410751	-1
8.84221410751	-1
8.84221410751	-1
8.84221410751	-1
8.84733510017	-1
8.84733510017	-1
8.84733510017	-1
8.84733510017	-1
8.84733510017	-1
8.84733510017	-1
8.84733510017	-1
8.84733510017	-1
8.85085701942	-1
8.85085701942	-1
8.85085701942	-1
8.85085701942	-1
8.85085701942	-1
8.85085701942	-1
8.85085701942	-1
8.85085701942	-1
8.89554810524	-1
8.89554810524	-1
8.94340801239	1
8.94340801239	1
8.94340801239	1
8.94651198387	-1
8.94651198387	-1
8.94651198387	-1
8.94651198387	-1
8.94651198387	-1
8.94651198387	-1
8.94651198387	-1
8.94651198387	-1
8.94651198387	-1
8.94686293602	-1
8.94686293602	-1
8.94686293602	-1
8.94686293602	-1
8.94686293602	-1
8.94686293602	-1
8.94826507568	-1
8.94826507568	-1
8.94826507568	-1
8.94826507568	-1
8.94826507568	-1
8.94826507568	-1
8.94826507568	-1
8.94826507568	-1
8.9692299366	-1
8.9692299366	-1
8.9692299366	-1
8.9692299366	-1
8.9692299366	-1
8.9692299366	-1
8.9692299366	-1
8.9692299366	-1
8.9692299366	-1
9.05835008621	-1
9.05835008621	-1
9.05835008621	-1
9.05835008621	-1
9.05835008621	-1
9.05835008621	-1
9.05835008621	-1
9.05835008621	-1
9.05835008621	-1
9.05869698524	-1
9.05869698524	-1
9.05869698524	-1
9.05869698524	-1
9.05869698524	-1
9.05869698524	-1
9.06307697296	-1
9.06307697296	-1
9.06307697296	-1
9.06307697296	-1
9.06307697296	-1
9.06307697296	-1
9.06307697296	-1
9.06307697296	-1
9.0716509819	-1
9.0716509819	-1
9.0716509819	-1
9.0716509819	-1
9.0716509819	-1
9.0716509819	-1
9.0716509819	-1
9.0716509819	-1
9.0716509819	-1
9.12277793884	1
9.12277793884	1
9.14737296104	-1
9.1495859623	-1
9.1495859623	-1
9.1495859623	-1
9.1495859623	-1
9.1495859623	-1
9.1495859623	-1
9.1495859623	-1
9.1495859623	-1
9.1498939991	-1
9.1498939991	-1
9.1498939991	-1
9.1498939991	-1
9.1498939991	-1
9.1498939991	-1
9.15241193771	-1
9.15241193771	-1
9.15241193771	-1
9.15241193771	-1
9.15241193771	-1
9.15241193771	-1
9.15241193771	-1
9.15241193771	-1
9.17397689819	-1
9.17397689819	-1
9.17397689819	-1
9.17397689819	-1
9.17397689819	-1
9.17397689819	-1
9.17397689819	-1
9.17397689819	-1
9.17397689819	-1
9.24333190918	-1
9.24333190918	-1
9.24333190918	-1
9.24333190918	-1
9.24333190918	-1
9.24333190918	-1
9.24333190918	-1
9.24333190918	-1
9.24333190918	-1
9.24336695671	1
9.24368000031	-1
9.24368000031	-1
9.24368000031	-1
9.24368000031	-1
9.24368000031	-1
9.24368000031	-1
9.24448108673	-1
9.24448108673	-1
9.24448108673	-1
9.24448108673	-1
9.24448108673	-1
9.24448108673	-1
9.24448108673	-1
9.24448108673	-1
9.26724505424	-1
9.26811599731	-1
9.26811599731	-1
9.26811599731	-1
9.26811599731	-1
9.26811599731	-1
9.26811599731	-1
9.26811599731	-1
9.26811599731	-1
9.36154699326	-1
9.36154699326	-1
9.36154699326	-1
9.36154699326	-1
9.36154699326	-1
9.36154699326	-1
9.36154699326	-1
9.36154699326	-1
9.36154699326	-1
9.36159801483	1
9.36159801483	1
9.36188411713	-1
9.36188411713	-1
9.36188411713	-1
9.36188411713	-1
9.36188411713	-1
9.36188411713	-1
9.36480998993	-1
9.36480998993	-1
9.36480998993	-1
9.36480998993	-1
9.36480998993	-1
9.36480998993	-1
9.36480998993	-1
9.36480998993	-1
9.39231395721	-1
9.39231395721	-1
9.39231395721	-1
9.39231395721	-1
9.39231395721	-1
9.39231395721	-1
9.39231395721	-1
9.39231395721	-1
9.39231395721	-1
9.46076011658	-1
9.46076011658	-1
9.46076011658	-1
9.46076011658	-1
9.46076011658	-1
9.46076011658	-1
9.46076011658	-1
9.46076011658	-1
9.46076011658	-1
9.46110296249	-1
9.46110296249	-1
9.46110296249	-1
9.46110296249	-1
9.46110296249	-1
9.46110296249	-1
9.46482610703	-1
9.46482610703	-1
9.46482610703	-1
9.46482610703	-1
9.46482610703	-1
9.46482610703	-1
9.46482610703	-1
9.46482610703	-1
9.48909497261	-1
9.48909497261	-1
9.48909497261	-1
9.48909497261	-1
9.48909497261	-1
9.48909497261	-1
9.48909497261	-1
9.48909497261	-1
9.48909497261	-1
9.4891269207	1
9.57245206833	-1
9.57245206833	-1
9.57245206833	-1
9.57245206833	-1
9.57245206833	-1
9.57245206833	-1
9.57245206833	-1
9.57245206833	-1
9.57245206833	-1
9.5727930069	-1
9.5727930069	-1
9.5727930069	-1
9.5727930069	-1
9.5727930069	-1
9.5727930069	-1
9.57507109642	-1
9.57507109642	-1
9.57507109642	-1
9.57507109642	-1
9.57507109642	-1
9.57507109642	-1
9.57507109642	-1
9.57507109642	-1
9.59544706345	-1
9.59544706345	-1
9.59544706345	-1
9.59544706345	-1
9.59544706345	-1
9.59544706345	-1
9.59544706345	-1
9.59544706345	-1
9.59544706345	-1
9.62859392166	1
9.62859392166	1
9.62859392166	1
9.63521003723	1
9.63521003723	1
9.63925909996	1
9.63925909996	1
9.63925909996	1
9.63925909996	1
9.63925909996	1
9.66615200043	-1
9.66615200043	-1
9.66615200043	-1
9.66615200043	-1
9.66615200043	-1
9.66615200043	-1
9.66615200043	-1
9.66615200043	-1
9.66615200043	-1
9.66648292542	-1
9.66648292542	-1
9.66648292542	-1
9.66648292542	-1
9.66648292542	-1
9.66648292542	-1
9.66883897781	-1
9.66883897781	-1
9.66883897781	-1
9.66883897781	-1
9.66883897781	-1
9.66883897781	-1
9.66883897781	-1
9.66883897781	-1
9.6837849617	-1
9.6837849617	-1
9.6837849617	-1
9.6837849617	-1
9.6837849617	-1
9.6837849617	-1
9.6837849617	-1
9.6837849617	-1
9.6837849617	-1
9.75204896927	-1
9.75253510475	-1
9.75253510475	-1
9.75253510475	-1
9.75253510475	-1
9.75253510475	-1
9.75253510475	-1
9.75253510475	-1
9.75253510475	-1
9.75294399261	-1
9.75294399261	-1
9.75294399261	-1
9.75294399261	-1
9.75294399261	-1
9.75294399261	-1
9.75568699837	-1
9.75568699837	-1
9.75568699837	-1
9.75568699837	-1
9.75568699837	-1
9.75568699837	-1
9.75568699837	-1
9.75568699837	-1
9.76675105095	1
9.76675105095	1
9.76675105095	1
9.77305197716	-1
9.77305197716	-1
9.77305197716	-1
9.77305197716	-1
9.77305197716	-1
9.77305197716	-1
9.77305197716	-1
9.77305197716	-1
9.77305197716	-1
9.86328005791	-1
9.86328005791	-1
9.86328005791	-1
9.86328005791	-1
9.86328005791	-1
9.86328005791	-1
9.86328005791	-1
9.86328005791	-1
9.86328005791	-1
9.86363196373	-1
9.86363196373	-1
9.86363196373	-1
9.86363196373	-1
9.86363196373	-1
9.86363196373	-1
9.86569595337	-1
9.86569595337	-1
9.86569595337	-1
9.86569595337	-1
9.86569595337	-1
9.86569595337	-1
9.86569595337	-1
9.86569595337	-1
9.88518810272	-1
9.88518810272	-1
9.88518810272	-1
9.88518810272	-1
9.88518810272	-1
9.88518810272	-1
9.88518810272	-1
9.88518810272	-1
9.88518810272	-1
9.92497611046	1
9.93811511993	1
9.93811511993	1
9.93811511993	1
9.95499610901	-1
9.95499610901	-1
9.95499610901	-1
9.95499610901	-1
9.95499610901	-1
9.95499610901	-1
9.95499610901	-1
9.95605492592	-1
9.95619511604	-1
9.95619511604	-1
9.95619511604	-1
9.95619511604	-1
9.95619511604	-1
9.95619511604	-1
9.95619511604	-1
9.95650291443	-1
9.95650291443	-1
9.95650291443	-1
9.95650291443	-1
9.95650291443	-1
9.95650291443	-1
9.95650291443	-1
9.95650291443	-1
9.98122596741	-1
9.98122596741	-1
9.98122596741	-1
9.98122596741	-1
9.98122596741	-1
9.98122596741	-1
9.98122596741	-1
9.98122596741	-1
9.98122596741	-1
10.0057749748	1
10.0057749748	1
10.0411961079	1
10.057751894	-1
10.057751894	-1
10.057751894	-1
10.057751894	-1
10.057751894	-1
10.057751894	-1
10.057751894	-1
10.057751894	-1
10.057751894	-1
10.058095932	-1
10.058095932	-1
10.058095932	-1
10.058095932	-1
10.058095932	-1
10.058095932	-1
10.0583570004	-1
10.0583570004	-1
10.0583570004	-1
10.0583570004	-1
10.0583570004	-1
10.0583570004	-1
10.0583570004	-1
10.0583570004	-1
10.0615699291	1
10.0615699291	1
10.0615699291	1
10.0620589256	1
10.0620589256	1
10.0840148926	-1
10.0840148926	-1
10.0840148926	-1
10.0840148926	-1
10.0840148926	-1
10.0840148926	-1
10.0840148926	-1
10.0840148926	-1
10.0840148926	-1
10.1563260555	1
10.1563260555	1
10.1688709259	-1
10.1763041019	-1
10.1763041019	-1
10.1763041019	-1
10.1763041019	-1
10.1763041019	-1
10.1763041019	-1
10.1763041019	-1
10.1763041019	-1
10.176459074	-1
10.176459074	-1
10.176459074	-1
10.176459074	-1
10.176459074	-1
10.1843309402	-1
10.1843309402	-1
10.1843309402	-1
10.1843309402	-1
10.1843309402	-1
10.1843309402	-1
10.1843309402	-1
10.1843309402	-1
10.1974980831	-1
10.1974980831	-1
10.1974980831	-1
10.1974980831	-1
10.1974980831	-1
10.1974980831	-1
10.1974980831	-1
10.1974980831	-1
10.2749230862	-1
10.2749230862	-1
10.2749679089	1
10.2817831039	-1
10.2817831039	-1
10.2817831039	-1
10.2817831039	-1
10.2817831039	-1
10.2817831039	-1
10.2817831039	-1
10.2817831039	-1
10.2820990086	-1
10.2820990086	-1
10.2820990086	-1
10.2820990086	-1
10.2820990086	-1
10.2820990086	-1
10.2887690067	-1
10.2887690067	-1
10.2887690067	-1
10.2887690067	-1
10.2887690067	-1
10.2887690067	-1
10.2887690067	-1
10.2887690067	-1
10.294410944	-1
10.294410944	-1
10.294410944	-1
10.294410944	-1
10.294410944	-1
10.294410944	-1
10.294410944	-1
10.294410944	-1
10.299710989	-1
10.3725190163	-1
10.3725190163	-1
10.3725190163	-1
10.3725190163	-1
10.3725190163	-1
10.3725190163	-1
10.3725190163	-1
10.3725190163	-1
10.3725190163	-1
10.3728740215	-1
10.3728740215	-1
10.3728740215	-1
10.3728740215	-1
10.3728740215	-1
10.3728740215	-1
10.3802359104	-1
10.3802359104	-1
10.3802359104	-1
10.3802359104	-1
10.3802359104	-1
10.3802359104	-1
10.3802359104	-1
10.3802359104	-1
10.3813750744	1
10.3813750744	1
10.3813750744	1
10.3924679756	-1
10.3962700367	-1
10.3962700367	-1
10.3962700367	-1
10.3962700367	-1
10.3962700367	-1
10.3962700367	-1
10.3962700367	-1
10.3962700367	-1
10.4731750488	-1
10.4731750488	-1
10.4731750488	-1
10.4731750488	-1
10.4731750488	-1
10.4731750488	-1
10.4731750488	-1
10.4989569187	-1
10.499063015	-1
10.499063015	-1
10.499063015	-1
10.499063015	-1
10.499063015	-1
10.499063015	-1
10.5450119972	1
10.5450119972	1
10.5839250088	-1
10.5839250088	-1
10.5839250088	-1
10.5839250088	-1
10.5839250088	-1
10.675522089	1
10.675522089	1
10.6759591103	-1
10.6797020435	-1
10.6797020435	-1
10.6797020435	-1
10.6797020435	-1
10.6797020435	-1
10.6797020435	-1
10.6833260059	-1
10.6833260059	-1
10.6833260059	-1
10.6833260059	-1
10.6833260059	-1
10.6833260059	-1
10.6833260059	-1
10.6833260059	-1
10.688272953	-1
10.688272953	-1
10.688272953	-1
10.688272953	-1
10.688272953	-1
10.688272953	-1
10.688272953	-1
10.688272953	-1
10.6994409561	-1
10.7000160217	-1
10.7000160217	-1
10.7000160217	-1
10.7000160217	-1
10.7000160217	-1
10.7000160217	-1
10.7000160217	-1
10.7000160217	-1
10.7628660202	-1
10.7633829117	-1
10.7633829117	-1
10.7633829117	-1
10.7633829117	-1
10.7633829117	-1
10.7633829117	-1
10.7633829117	-1
10.7633829117	-1
10.7637290955	-1
10.7637290955	-1
10.7637290955	-1
10.7637290955	-1
10.7637290955	-1
10.7643780708	-1
10.7643780708	-1
10.7643780708	-1
10.7643780708	-1
10.7643780708	-1
10.7643780708	-1
10.7643780708	-1
10.7643780708	-1
10.793503046	-1
10.7935469151	1
10.7935469151	1
10.7948539257	-1
10.7948539257	-1
10.7948539257	-1
10.7948539257	-1
10.7948539257	-1
10.7948539257	-1
10.7948539257	-1
10.7948539257	-1
10.8714020252	-1
10.8714020252	-1
10.8714020252	-1
10.8714020252	-1
10.8714020252	-1
10.8714020252	-1
10.8714020252	-1
10.8714020252	-1
10.8714020252	-1
10.8717529774	-1
10.8717529774	-1
10.8717529774	-1
10.8717529774	-1
10.8717529774	-1
10.8717529774	-1
10.8738529682	-1
10.8738529682	-1
10.8738529682	-1
10.8738529682	-1
10.8738529682	-1
10.8738529682	-1
10.8738529682	-1
10.8738529682	-1
10.8888750076	1
10.8888750076	1
10.8888750076	1
10.8972520828	-1
10.8972520828	-1
10.8972520828	-1
10.8972520828	-1
10.8972520828	-1
10.8972520828	-1
10.8972520828	-1
10.8972520828	-1
10.8972520828	-1
10.9344699383	1
10.9344699383	1
10.9344699383	1
10.9614140987	1
10.9614140987	1
10.9727261066	-1
10.9727261066	-1
10.9727261066	-1
10.9727261066	-1
10.9727261066	-1
10.9727261066	-1
10.9727261066	-1
10.9727261066	-1
10.9727261066	-1
10.9730811119	-1
10.9730811119	-1
10.9730811119	-1
10.9730811119	-1
10.9730811119	-1
10.9730811119	-1
10.9755671024	-1
10.9755671024	-1
10.9755671024	-1
10.9755671024	-1
10.9755671024	-1
10.9755671024	-1
10.9755671024	-1
10.9755671024	-1
10.9767379761	1
10.9767379761	1
10.9767379761	1
10.9920270443	-1
10.9920270443	-1
10.9920270443	-1
10.9920270443	-1
10.9920270443	-1
10.9920270443	-1
10.9920270443	-1
10.9920270443	-1
11.0189518929	1
11.0189518929	1
11.0190889835	1
11.0190889835	1
11.0190889835	1
11.0199670792	1
11.0199670792	1
11.0199670792	1
11.0199670792	1
11.0505321026	1
11.0505321026	1
11.0505321026	1
11.0910561085	-1
11.0910561085	-1
11.0910561085	-1
11.0910561085	-1
11.0910561085	-1
11.2762870789	-1
11.2763199806	1
11.283066988	-1
11.283066988	-1
11.283066988	-1
11.283066988	-1
11.283066988	-1
11.283066988	-1
11.283066988	-1
11.315789938	-1
11.3877661228	-1
11.3877661228	-1
11.3877661228	-1
11.3877661228	-1
11.3877661228	-1
11.3877661228	-1
11.3877661228	-1
11.3877661228	-1
11.3877661228	-1
11.3877661228	-1
11.3881230354	-1
11.3881230354	-1
11.3881230354	-1
11.3881230354	-1
11.3881230354	-1
11.3881230354	-1
11.4047420025	-1
11.4047420025	-1
11.4047420025	-1
11.4047420025	-1
11.4047420025	-1
11.4047420025	-1
11.4845640659	-1
11.4845640659	-1
11.4845640659	-1
11.4845640659	-1
11.4845640659	-1
11.4845640659	-1
11.4845640659	-1
11.5305640697	1
11.6227250099	-1
11.6848909855	1
11.6848909855	1
11.6942610741	-1
11.6942610741	-1
11.6942610741	-1
11.6942610741	-1
11.6942610741	-1
11.6942610741	-1
11.6942610741	-1
11.7221670151	-1
11.7749800682	-1
11.7749800682	-1
11.8094680309	-1
11.8094680309	-1
11.8094680309	-1
11.8094680309	-1
11.8094680309	-1
11.8094680309	-1
11.8094680309	-1
11.8094680309	-1
11.8094680309	-1
11.8098170757	-1
11.8098170757	-1
11.8098170757	-1
11.8098170757	-1
11.8098170757	-1
11.8098170757	-1
11.8144650459	-1
11.8144650459	-1
11.8144650459	-1
11.8144650459	-1
11.8144650459	-1
11.8144650459	-1
11.8144650459	-1
11.8144650459	-1
11.8353800774	-1
11.8353800774	-1
11.8353800774	-1
11.8353800774	-1
11.8353800774	-1
11.8353800774	-1
11.8353800774	-1
11.8353800774	-1
11.8353800774	-1
11.8918280602	1
11.9020800591	-1
11.9020800591	-1
11.9020800591	-1
11.9020800591	-1
11.9020800591	-1
11.9020800591	-1
11.9020800591	-1
11.9020800591	-1
11.9020800591	-1
11.9024379253	-1
11.9024379253	-1
11.9024379253	-1
11.9024379253	-1
11.9024379253	-1
11.9024379253	-1
11.9040679932	-1
11.9040679932	-1
11.9040679932	-1
11.9040679932	-1
11.9040679932	-1
11.9040679932	-1
11.9040679932	-1
11.9040679932	-1
11.9320421219	-1
11.9320421219	-1
11.9320421219	-1
11.9320421219	-1
11.9320421219	-1
11.9320421219	-1
11.9320421219	-1
11.9320421219	-1
11.9320421219	-1
11.9945869446	-1
11.995652914	-1
11.995652914	-1
11.995652914	-1
11.995652914	-1
11.995652914	-1
11.995652914	-1
11.995652914	-1
11.995652914	-1
11.9959919453	-1
11.9959919453	-1
11.9959919453	-1
11.9959919453	-1
11.9959919453	-1
11.9959919453	-1
11.9970390797	-1
11.9970390797	-1
11.9970390797	-1
11.9970390797	-1
11.9970390797	-1
11.9970390797	-1
11.9970390797	-1
11.9970390797	-1
12.021914959	-1
12.021914959	-1
12.021914959	-1
12.021914959	-1
12.021914959	-1
12.021914959	-1
12.021914959	-1
12.021914959	-1
12.0219490528	1
12.0840060711	-1
12.0843360424	-1
12.0843360424	-1
12.0843360424	-1
12.0843360424	-1
12.0843360424	-1
12.0843360424	-1
12.0864291191	-1
12.0864291191	-1
12.0864291191	-1
12.0864291191	-1
12.0864291191	-1
12.0864291191	-1
12.0864291191	-1
12.0864291191	-1
12.087362051	-1
12.087362051	-1
12.087362051	-1
12.087362051	-1
12.087362051	-1
12.087362051	-1
12.087362051	-1
12.087362051	-1
12.1110360622	-1
12.1110360622	-1
12.1110360622	-1
12.1110360622	-1
12.1110360622	-1
12.1110360622	-1
12.1110360622	-1
12.1110360622	-1
12.1110360622	-1
12.1749079227	1
12.1944949627	-1
12.1944949627	-1
12.1944949627	-1
12.1944949627	-1
12.1944949627	-1
12.1944949627	-1
12.1944949627	-1
12.1944949627	-1
12.1944949627	-1
12.1948530674	-1
12.1948530674	-1
12.1948530674	-1
12.1948530674	-1
12.1948530674	-1
12.1981201172	-1
12.1981201172	-1
12.1981201172	-1
12.1981201172	-1
12.1981201172	-1
12.1981201172	-1
12.1981201172	-1
12.1981201172	-1
12.2026050091	-1
12.2026050091	-1
12.2026050091	-1
12.2026050091	-1
12.2026050091	-1
12.2026050091	-1
12.2026050091	-1
12.2026050091	-1
12.2171280384	-1
12.2385940552	-1
12.2475609779	1
12.2475609779	1
12.2475609779	1
12.2786870003	1
12.2786870003	1
12.2912609577	1
12.2912609577	1
12.2912609577	1
12.3043370247	-1
12.3043370247	-1
12.3043370247	-1
12.3043370247	-1
12.3043370247	-1
12.3043370247	-1
12.3043370247	-1
12.3086209297	-1
12.3086209297	-1
12.3086209297	-1
12.3086209297	-1
12.3086209297	-1
12.3086209297	-1
12.3086209297	-1
12.3086209297	-1
12.3154549599	-1
12.3154549599	-1
12.3154549599	-1
12.3154549599	-1
12.3154549599	-1
12.3154549599	-1
12.3154549599	-1
12.3154549599	-1
12.3312969208	-1
12.3312969208	-1
12.3312969208	-1
12.3312969208	-1
12.3312969208	-1
12.3312969208	-1
12.3312969208	-1
12.3312969208	-1
12.3312969208	-1
12.393832922	-1
12.393832922	-1
12.393832922	-1
12.393832922	-1
12.393832922	-1
12.393832922	-1
12.393832922	-1
12.393832922	-1
12.393832922	-1
12.39417696	-1
12.39417696	-1
12.39417696	-1
12.39417696	-1
12.39417696	-1
12.39417696	-1
12.39584589	-1
12.39584589	-1
12.39584589	-1
12.39584589	-1
12.39584589	-1
12.39584589	-1
12.39584589	-1
12.39584589	-1
12.4229240417	1
12.4229240417	1
12.4233999252	-1
12.4233999252	-1
12.4233999252	-1
12.4233999252	-1
12.4233999252	-1
12.4233999252	-1
12.4233999252	-1
12.4233999252	-1
12.4233999252	-1
12.5342819691	-1
12.5342819691	-1
12.5342819691	-1
12.5342819691	-1
12.5342819691	-1
12.5342819691	-1
12.5342819691	-1
12.5342819691	-1
12.5342819691	-1
12.5346391201	-1
12.5346391201	-1
12.5346391201	-1
12.5346391201	-1
12.5346391201	-1
12.5346391201	-1
12.5768649578	1
12.5768649578	1
12.6384000778	1
12.6384000778	1
12.6384000778	1
12.6409139633	1
12.6409139633	1
12.6503040791	1
12.6503040791	1
12.6503040791	1
12.6551821232	1
12.6551821232	1
12.6553990841	1
12.6553990841	1
12.6553990841	1
12.6553990841	1
12.6553990841	1
12.6553990841	1
12.8065509796	-1
12.881182909	1
12.9572980404	-1
12.9572980404	-1
12.9572980404	-1
12.9580450058	-1
12.9580450058	-1
12.9580450058	-1
12.9966878891	1
13.017095089	-1
13.017095089	-1
13.017095089	-1
13.112279892	-1
13.112279892	-1
13.1354019642	-1
13.1354019642	-1
13.1354019642	-1
13.1354019642	-1
13.1354019642	-1
13.1354019642	-1
13.1354019642	-1
13.149490118	-1
13.1495940685	-1
13.1495940685	-1
13.1495940685	-1
13.1495940685	-1
13.1495940685	-1
13.1506800652	1
13.2205700874	-1
13.228315115	-1
13.228315115	-1
13.2303860188	1
13.2303860188	1
13.2303860188	1
13.2542040348	1
13.2542040348	1
13.3347001076	-1
13.3347001076	-1
13.3347001076	-1
13.3908090591	-1
13.3908090591	-1
13.3908090591	-1
13.3908090591	-1
13.4583630562	-1
13.4583630562	-1
13.4583630562	-1
13.4583630562	-1
13.4583630562	-1
13.4583630562	-1
13.4583630562	-1
13.4583630562	-1
13.4583630562	-1
13.4584000111	1
13.4587180614	-1
13.4587180614	-1
13.4676780701	-1
13.4676780701	-1
13.4676780701	-1
13.4676780701	-1
13.4676780701	-1
13.4676780701	-1
13.4676780701	-1
13.4676780701	-1
13.477987051	-1
13.477987051	-1
13.477987051	-1
13.477987051	-1
13.477987051	-1
13.477987051	-1
13.477987051	-1
13.477987051	-1
13.5002069473	-1
13.5040171146	-1
13.5040171146	-1
13.5040171146	-1
13.5429739952	-1
13.5429739952	-1
13.5429739952	-1
13.5429739952	-1
13.5429739952	-1
13.5429739952	-1
13.5429739952	-1
13.5429739952	-1
13.5429739952	-1
13.5433149338	-1
13.5433149338	-1
13.5688300133	-1
13.5688300133	-1
13.5688300133	-1
13.5688300133	-1
13.5688300133	-1
13.5688300133	-1
13.5688300133	-1
13.5832400322	1
13.5992491245	1
13.5992491245	1
13.5992491245	1
13.6971960068	-1
13.6971960068	-1
13.6971960068	-1
13.6971960068	-1
13.6971960068	-1
13.6987669468	1
13.7506489754	1
13.7506489754	1
13.7506489754	1
13.7737810612	-1
13.7737810612	-1
13.7737810612	-1
13.7737810612	-1
13.7737810612	-1
13.8286890984	1
13.8286890984	1
13.8286890984	1
13.8328258991	-1
13.8328258991	-1
13.8328258991	-1
13.8581049442	-1
13.8581049442	-1
13.8581049442	-1
13.8581049442	-1
13.8581049442	-1
13.8581049442	-1
13.8581049442	-1
13.8581049442	-1
13.8770139217	-1
13.8770139217	-1
13.8770139217	-1
13.8770139217	-1
13.8999218941	1
13.8999218941	1
13.8999218941	1
13.8999218941	1
13.9246149063	-1
13.9253690243	1
14.0465090275	1
14.1407549381	-1
14.2948980331	-1
14.2983810902	-1
14.2983810902	-1
14.2983810902	-1
14.2983810902	-1
14.4139881134	-1
14.4963109493	-1
14.4963109493	-1
14.4963109493	-1
14.4963109493	-1
14.4963109493	-1
14.548363924	-1
14.548363924	-1
14.548363924	-1
14.5830500126	1
14.6005051136	-1
14.6005051136	-1
14.6005051136	-1
14.6005051136	-1
14.6005051136	-1
14.6550478935	-1
14.6550478935	-1
14.6550478935	-1
14.6550478935	-1
14.6550478935	-1
14.6550478935	-1
14.6550478935	-1
14.6550478935	-1
14.6550478935	-1
14.6554141045	-1
14.6554141045	-1
14.6591460705	1
14.6591460705	1
14.6591460705	1
14.6591460705	1
14.6591460705	1
14.6595919132	-1
14.6595919132	-1
14.6595919132	-1
14.6595919132	-1
14.6595919132	-1
14.6595919132	-1
14.6595919132	-1
14.6595919132	-1
14.6651139259	-1
14.6651139259	-1
14.6651139259	-1
14.6651139259	-1
14.6651139259	-1
14.6651139259	-1
14.6651139259	-1
14.6651139259	-1
14.6702620983	-1
14.6702620983	-1
14.6702620983	-1
14.6702620983	-1
14.6702620983	-1
14.7492809296	-1
14.7502760887	-1
14.7502760887	-1
14.7502760887	-1
14.7502760887	-1
14.7502760887	-1
14.7502760887	-1
14.7502760887	-1
14.7502760887	-1
14.7521169186	-1
14.7521169186	-1
14.7521169186	-1
14.7521169186	-1
14.7521169186	-1
14.7521169186	-1
14.7521169186	-1
14.7521169186	-1
14.7521169186	-1
14.7521169186	-1
14.7548921108	-1
14.7548921108	-1
14.7548921108	-1
14.7548921108	-1
14.7548921108	-1
14.7548921108	-1
14.7548921108	-1
14.7548921108	-1
14.7763559818	-1
14.7763559818	-1
14.7763559818	-1
14.7763559818	-1
14.7763559818	-1
14.8037750721	-1
14.807972908	-1
14.807972908	-1
14.807972908	-1
14.8527929783	1
14.8782820702	-1
14.8782820702	-1
14.8782820702	-1
14.8782820702	-1
14.8782820702	-1
14.8782820702	-1
14.8782820702	-1
14.8782820702	-1
14.8782820702	-1
14.8786261082	-1
15.0475149155	-1
15.1629710197	-1
15.1636989117	1
15.2791929245	-1
15.2861280441	1
15.3058919907	-1
15.3058919907	-1
15.3058919907	-1
15.3058919907	-1
15.3058919907	-1
15.401722908	1
15.5630190372	-1
15.6841950417	1
15.713424921	1
15.713424921	1
15.713424921	1
15.7135848999	1
15.7135848999	1
15.7135848999	1
15.7135848999	1
15.7144229412	1
15.7145490646	1
15.7145490646	1
15.7145490646	1
15.7556619644	-1
15.8813400269	-1
15.8813400269	-1
15.8813400269	-1
15.924683094	1
15.924683094	1
15.924683094	1
16.0717310905	-1
16.1692841053	1
16.2548909187	-1
16.3811221123	-1
16.3811221123	-1
16.3811221123	-1
16.5224349499	-1
16.524255991	1
16.6379239559	-1
16.6513390541	-1
16.6513390541	-1
16.6513390541	-1
16.6513390541	-1
16.6714439392	1
16.7686018944	1
16.7686018944	1
16.7686018944	1
16.8246979713	1
16.9823830128	-1
17.0866138935	-1
17.0866138935	-1
17.0866138935	-1
17.1548089981	1
17.262237072	-1
17.2699511051	1
17.2699511051	1
17.385559082	-1
17.385559082	-1
17.4033110142	-1
17.4033110142	-1
17.4033110142	-1
17.5186550617	-1
17.676584959	1
17.6990389824	-1
17.6990389824	-1
17.8148970604	-1
17.8149409294	1
17.8149409294	1
17.8649609089	1
17.8649609089	1
17.8649609089	1
17.8999168873	-1
17.8999168873	-1
17.8999168873	-1
17.8999168873	-1
17.8999168873	-1
17.8999168873	-1
17.8999168873	-1
18.0020608902	1
18.0020608902	1
18.0020608902	1
18.0041410923	1
18.0041410923	1
18.004338026	1
18.004338026	1
18.004338026	1
18.004338026	1
18.0076050758	1
18.0076050758	1
18.0076050758	1
18.0076050758	1
18.0076050758	1
18.0076050758	1
18.0097091198	1
18.0097091198	1
18.0097091198	1
18.0097091198	1
18.0097091198	1
18.0097091198	1
18.0097091198	1
18.0097091198	1
18.0152580738	1
18.0152580738	1
18.0152580738	1
18.0654759407	-1
18.1260349751	1
18.1260349751	1
18.1260349751	1
18.1260349751	1
18.1260349751	1
18.1260349751	1
18.1260349751	1
18.1260349751	1
18.1261560917	1
18.1261560917	1
18.1264019012	1
18.1264019012	1
18.1264019012	1
18.1264019012	1
18.1264019012	1
18.1264019012	1
18.1264019012	1
18.1264019012	1
18.1266019344	1
18.1266019344	1
18.1266019344	1
18.1266019344	1
18.1266019344	1
18.1266019344	1
18.1266019344	1
18.1266019344	1
18.180893898	1
18.2764809132	-1
18.4428830147	-1
