0.0	1
0.250068902969	1
0.639526844025	-1
0.641052007675	1
0.86368393898	-1
0.864459991455	1
0.867228031158	1
0.867228031158	1
0.867228031158	1
0.946922063828	1
0.946922063828	1
0.946922063828	1
1.45556306839	-1
1.45737600327	1
1.59270596504	-1
1.59411907196	1
1.72958493233	-1
1.72958493233	-1
1.73116493225	1
1.86663007736	-1
1.86663007736	-1
1.86666297913	1
2.03978800774	1
2.32361698151	-1
2.33521699905	-1
2.33521699905	-1
2.33521699905	-1
2.43773603439	-1
2.43773603439	-1
2.43773603439	-1
2.43773603439	-1
2.43773603439	-1
2.48301696777	1
2.51407885551	-1
2.51407885551	-1
2.51407885551	-1
2.51407885551	-1
2.51407885551	-1
2.51407885551	-1
2.51407885551	-1
2.51407885551	-1
2.61835694313	-1
2.69301199913	-1
2.69301199913	-1
2.69301199913	-1
2.69301199913	-1
2.69301199913	-1
2.69301199913	-1
2.69301199913	-1
2.69301199913	-1
2.69301199913	-1
2.73251605034	1
2.73536992073	-1
2.73536992073	-1
2.7483549118	-1
2.7483549118	-1
2.7483549118	-1
2.7483549118	-1
2.81410193443	-1
2.81410193443	-1
2.81410193443	-1
3.02997589111	-1
3.10499000549	-1
3.10499000549	-1
3.10499000549	-1
3.10499000549	-1
3.10499000549	-1
3.10499000549	-1
3.11178207397	-1
3.11178207397	-1
3.12877202034	-1
3.12877202034	-1
3.12877202034	-1
3.12877202034	-1
3.12877202034	-1
3.12877202034	-1
3.12877202034	-1
3.14702701569	1
3.1521730423	1
3.1521730423	1
3.1521730423	1
3.15844702721	-1
3.15946102142	1
3.15946102142	1
3.16028285027	-1
3.16028285027	-1
3.16028285027	-1
3.16560506821	-1
3.16560506821	-1
3.16560506821	-1
3.16560506821	-1
3.16560506821	-1
3.16560506821	-1
3.16573095322	-1
3.20138287544	-1
3.20138287544	-1
3.20138287544	-1
3.20138287544	-1
3.20138287544	-1
3.20138287544	-1
3.20138287544	-1
3.20138287544	-1
3.21465992928	1
3.21465992928	1
3.21465992928	1
3.26429796219	-1
3.2643969059	-1
3.2643969059	-1
3.2643969059	-1
3.2643969059	-1
3.2643969059	-1
3.2643969059	-1
3.2643969059	-1
3.26464295387	-1
3.26476502419	-1
3.26476502419	-1
3.26476502419	-1
3.26476502419	-1
3.26476502419	-1
3.26683092117	1
3.26683092117	1
3.30123496056	-1
3.30123496056	-1
3.30123496056	-1
3.30123496056	-1
3.30123496056	-1
3.30123496056	-1
3.30123496056	-1
3.30123496056	-1
3.30158495903	-1
3.30158495903	-1
3.30158495903	-1
3.30158495903	-1
3.30158495903	-1
3.30158495903	-1
3.30158495903	-1
3.30158495903	-1
3.30192184448	-1
3.30192184448	-1
3.30192184448	-1
3.30192184448	-1
3.30192184448	-1
3.30192184448	-1
3.30192184448	-1
3.30192184448	-1
3.30192184448	-1
3.31590294838	-1
3.31590294838	-1
3.31590294838	-1
3.31590294838	-1
3.31590294838	-1
3.31590294838	-1
3.31590294838	-1
3.3509349823	-1
3.35105705261	-1
3.35105705261	-1
3.35105705261	-1
3.35105705261	-1
3.35105705261	-1
3.35105705261	-1
3.35105705261	-1
3.40070295334	-1
3.40076494217	-1
3.40076494217	-1
3.40076494217	-1
3.40076494217	-1
3.40076494217	-1
3.40076494217	-1
3.40076494217	-1
3.4010720253	-1
3.40119385719	-1
3.40119385719	-1
3.40119385719	-1
3.40119385719	-1
3.40119385719	-1
3.40119385719	-1
3.40119385719	-1
3.42293906212	1
3.4372959137	-1
3.43740105629	-1
3.43740105629	-1
3.43740105629	-1
3.43752384186	-1
3.43752384186	-1
3.43764591217	-1
3.43764591217	-1
3.43764591217	-1
3.43764591217	-1
3.43764591217	-1
3.43764591217	-1
3.43764591217	-1
3.43789196014	-1
3.43801498413	-1
3.43801498413	-1
3.43801498413	-1
3.43801498413	-1
3.43801498413	-1
3.43801498413	-1
3.43801498413	-1
3.45829486847	1
3.45829486847	1
3.45829486847	1
3.45966386795	1
3.45966386795	1
3.48644685745	-1
3.48651790619	-1
3.48651790619	-1
3.48651790619	-1
3.48651790619	-1
3.48651790619	-1
3.48651790619	-1
3.48681497574	-1
3.48681497574	-1
3.48681497574	-1
3.48681497574	-1
3.48681497574	-1
3.48681497574	-1
3.48681497574	-1
3.48681497574	-1
3.4871840477	-1
3.4871840477	-1
3.4871840477	-1
3.4871840477	-1
3.4871840477	-1
3.4871840477	-1
3.4871840477	-1
3.53631186485	-1
3.53641486168	-1
3.53641486168	-1
3.53641486168	-1
3.53641486168	-1
3.53641486168	-1
3.53641486168	-1
3.53641486168	-1
3.53641486168	-1
3.53917598724	1
3.53917598724	1
3.53917598724	1
3.53938388824	1
3.53938388824	1
3.53938388824	1
3.53938388824	1
3.53938388824	1
3.53938388824	1
3.53938388824	1
3.55911493301	1
3.68762493134	-1
3.81130099297	1
3.97668290138	-1
3.97799897194	1
4.01662898064	-1
4.01662898064	-1
4.01662898064	-1
4.01662898064	-1
4.01662898064	-1
4.11661195755	1
4.11683607101	1
4.11683607101	1
4.11683607101	1
4.11683607101	1
4.11683607101	1
4.11683607101	1
4.11683607101	1
4.11683607101	1
4.11692285538	1
4.11692285538	1
4.24659800529	-1
4.24659800529	-1
4.24659800529	-1
4.24807786942	1
4.33989095688	-1
4.33989095688	-1
4.33989095688	-1
4.38756585121	-1
4.39535903931	1
4.61037302017	-1
4.7193479538	-1
4.7193479538	-1
4.7193479538	-1
4.75937485695	-1
4.75937485695	-1
4.75937485695	-1
4.75952291489	-1
4.75952291489	-1
4.75952291489	-1
4.75976705551	-1
4.75976705551	-1
4.75976705551	-1
4.75976705551	-1
4.75976705551	-1
4.75976705551	-1
4.75976705551	-1
4.7607550621	-1
4.7607550621	-1
4.7607550621	-1
4.7607550621	-1
4.7607550621	-1
4.7607550621	-1
4.7607550621	-1
4.7607550621	-1
4.7607550621	-1
4.78673505783	-1
4.78673505783	-1
4.78673505783	-1
4.78673505783	-1
4.78673505783	-1
4.78673505783	-1
4.78673505783	-1
4.78673505783	-1
4.78831291199	-1
4.78831291199	-1
4.78831291199	-1
4.78831291199	-1
4.78831291199	-1
4.78831291199	-1
4.78831291199	-1
4.79074907303	-1
4.79074907303	-1
4.79138302803	-1
4.79138302803	-1
4.79285407066	1
4.79300999641	-1
4.79300999641	-1
4.79300999641	-1
4.79300999641	-1
4.79300999641	-1
4.79300999641	-1
4.79300999641	-1
4.79300999641	-1
4.83221888542	-1
4.83232307434	-1
4.83232307434	-1
4.83232307434	-1
4.83232307434	-1
4.83232307434	-1
4.83232307434	-1
4.83232307434	-1
4.83232307434	-1
4.83232307434	-1
4.83269286156	-1
4.83488106728	1
4.83488106728	1
4.83488106728	1
4.83549499512	1
4.83549499512	1
4.85651898384	-1
4.85651898384	-1
4.85651898384	-1
4.85651898384	-1
4.85651898384	-1
4.85651898384	-1
4.85675597191	-1
4.85675597191	-1
4.85675597191	-1
4.85675597191	-1
4.85675597191	-1
4.85675597191	-1
4.85675597191	-1
4.85675597191	-1
4.89642596245	-1
4.89642596245	-1
4.89647293091	-1
4.89647293091	-1
4.89647293091	-1
4.89647293091	-1
4.89647293091	-1
4.89647293091	-1
4.89647293091	-1
4.89679098129	-1
4.89679098129	-1
4.89679098129	-1
4.89679098129	-1
4.89679098129	-1
4.89679098129	-1
4.89703702927	-1
4.89715790749	-1
4.89715790749	-1
4.89715790749	-1
4.89715790749	-1
4.89715790749	-1
4.89715790749	-1
4.89715790749	-1
4.89740490913	-1
4.89748096466	-1
4.89748096466	-1
4.89748096466	-1
4.89748096466	-1
4.89748096466	-1
4.89748096466	-1
4.89748096466	-1
4.92619395256	-1
4.9263010025	-1
4.9263010025	-1
4.9263010025	-1
4.9263010025	-1
4.9263010025	-1
4.9263010025	-1
4.9263010025	-1
4.92654490471	-1
4.92654490471	-1
4.92654490471	-1
4.92654490471	-1
4.92654490471	-1
4.92654490471	-1
4.92654490471	-1
4.92691397667	-1
4.92691397667	-1
4.92691397667	-1
4.92691397667	-1
4.92691397667	-1
4.92691397667	-1
4.92691397667	-1
4.92716002464	-1
4.9272248745	-1
4.9272248745	-1
4.9272248745	-1
4.9272248745	-1
4.9272248745	-1
4.9272248745	-1
4.9272248745	-1
4.92743206024	-1
4.92820501328	1
4.96786785126	-1
4.96786785126	-1
4.96786785126	-1
4.96786785126	-1
4.96786785126	-1
4.96786785126	-1
4.96786785126	-1
4.96801185608	-1
4.9682199955	-1
4.9682199955	-1
4.9682199955	-1
4.9682199955	-1
4.9682199955	-1
4.9682199955	-1
4.9682199955	-1
4.96846485138	-1
4.96846485138	-1
4.96858787537	-1
4.96858787537	-1
4.96858787537	-1
4.96858787537	-1
4.96858787537	-1
4.96858787537	-1
4.97880291939	-1
4.97880291939	-1
4.97880291939	-1
4.97880291939	-1
4.97880291939	-1
4.97880291939	-1
4.97880291939	-1
4.97880291939	-1
4.97915387154	-1
4.97915387154	-1
4.97915387154	-1
4.97915387154	-1
4.97915387154	-1
4.97915387154	-1
4.97915387154	-1
4.97915387154	-1
4.9799759388	1
4.9799759388	1
4.9799759388	1
5.0044400692	-1
5.0044400692	-1
5.0044400692	-1
5.0044400692	-1
5.0044400692	-1
5.0044400692	-1
5.0044400692	-1
5.0044400692	-1
5.0048968792	-1
5.0048968792	-1
5.00729584694	1
5.00729584694	1
5.03325605392	-1
5.03325605392	-1
5.03325605392	-1
5.03336191177	-1
5.03336191177	-1
5.03336191177	-1
5.03336191177	-1
5.03336191177	-1
5.03336191177	-1
5.03336191177	-1
5.03336191177	-1
5.03373003006	-1
5.03373003006	-1
5.03373003006	-1
5.03373003006	-1
5.03373003006	-1
5.03373003006	-1
5.03373003006	-1
5.03373003006	-1
5.03410005569	-1
5.03410005569	-1
5.03410005569	-1
5.03410005569	-1
5.03410005569	-1
5.03410005569	-1
5.03410005569	-1
5.03410005569	-1
5.03437805176	-1
5.03437805176	-1
5.03437805176	-1
5.03437805176	-1
5.03437805176	-1
5.03437805176	-1
5.03437805176	-1
5.03471302986	-1
5.03483700752	-1
5.03483700752	-1
5.03483700752	-1
5.03483700752	-1
5.03483700752	-1
5.03483700752	-1
5.03483700752	-1
5.03508687019	-1
5.03508687019	-1
5.06379985809	-1
5.06379985809	-1
5.06379985809	-1
5.06379985809	-1
5.06379985809	-1
5.06379985809	-1
5.06379985809	-1
5.06383395195	1
5.06401991844	-1
5.06401991844	-1
5.06401991844	-1
5.06401991844	-1
5.06401991844	-1
5.06401991844	-1
5.06401991844	-1
5.0643889904	-1
5.0643889904	-1
5.06450986862	-1
5.06450986862	-1
5.06450986862	-1
5.06450986862	-1
5.06463289261	-1
5.0647559166	-1
5.0647559166	-1
5.0647559166	-1
5.0647559166	-1
5.0647559166	-1
5.0647559166	-1
5.0647559166	-1
5.0647559166	-1
5.06512403488	-1
5.06512403488	-1
5.06512403488	-1
5.06512403488	-1
5.06512403488	-1
5.06512403488	-1
5.06512403488	-1
5.06512403488	-1
5.06512403488	-1
5.06549286842	-1
5.06549286842	-1
5.06561589241	-1
5.06561589241	-1
5.06561589241	-1
5.06561589241	-1
5.06561589241	-1
5.06561589241	-1
5.12005400658	-1
5.12005400658	-1
5.12005400658	-1
5.12005400658	-1
5.12005400658	-1
5.12005400658	-1
5.12005400658	-1
5.12005400658	-1
5.12039589882	-1
5.12039589882	-1
5.12039589882	-1
5.12039589882	-1
5.12039589882	-1
5.12039589882	-1
5.12039589882	-1
5.12064194679	-1
5.12076997757	-1
5.12076997757	-1
5.12076997757	-1
5.12076997757	-1
5.12076997757	-1
5.12076997757	-1
5.12101006508	-1
5.12101006508	-1
5.12101006508	-1
5.12101006508	-1
5.12101006508	-1
5.12101006508	-1
5.12101006508	-1
5.12101006508	-1
5.12137889862	-1
5.12137889862	-1
5.12137889862	-1
5.12137889862	-1
5.12137889862	-1
5.12137889862	-1
5.12137889862	-1
5.12137889862	-1
5.12174797058	-1
5.12174797058	-1
5.12182307243	-1
5.12182307243	-1
5.12182307243	-1
5.12199306488	-1
5.12199306488	-1
5.12199306488	-1
5.12199306488	-1
5.12199306488	-1
5.12391495705	1
5.12391495705	1
5.12391495705	1
5.14984893799	-1
5.14984893799	-1
5.14984893799	-1
5.14984893799	-1
5.14984893799	-1
5.14984893799	-1
5.14984893799	-1
5.14984893799	-1
5.15031599998	-1
5.15031599998	-1
5.15031599998	-1
5.15031599998	-1
5.15031599998	-1
5.15031599998	-1
5.15031599998	-1
5.15031599998	-1
5.15068507195	-1
5.15068507195	-1
5.15068507195	-1
5.15068507195	-1
5.15068507195	-1
5.15068507195	-1
5.15068507195	-1
5.15068507195	-1
5.19956803322	-1
5.19956803322	-1
5.19956803322	-1
5.19968986511	-1
5.19968986511	-1
5.19968986511	-1
5.19968986511	-1
5.19981384277	-1
5.19993805885	-1
5.19993805885	-1
5.19993805885	-1
5.19993805885	-1
5.19993805885	-1
5.19993805885	-1
5.19993805885	-1
5.20018196106	-1
5.20018196106	-1
5.20018196106	-1
5.20018196106	-1
5.20018196106	-1
5.20018196106	-1
5.20018196106	-1
5.20018196106	-1
5.20049405098	-1
5.20049405098	-1
5.20049405098	-1
5.20049405098	-1
5.20049405098	-1
5.20049405098	-1
5.20049405098	-1
5.20049405098	-1
5.20086193085	-1
5.20086193085	-1
5.20086193085	-1
5.20086193085	-1
5.2010409832	-1
5.20108389854	-1
5.20108389854	-1
5.20108389854	-1
5.20108389854	-1
5.20108389854	-1
5.20108389854	-1
5.20108389854	-1
5.20141100883	-1
5.20151495934	-1
5.20151495934	-1
5.20151495934	-1
5.20151495934	-1
5.20151495934	-1
5.20151495934	-1
5.20151495934	-1
5.20169687271	-1
5.20190095901	-1
5.20190095901	-1
5.20190095901	-1
5.20190095901	-1
5.20190095901	-1
5.20190095901	-1
5.20190095901	-1
5.20214700699	-1
5.20214700699	-1
5.20214700699	-1
5.2051858902	1
5.2051858902	1
5.2051858902	1
5.20596385002	1
5.20596385002	1
5.23989200592	-1
5.23999285698	-1
5.23999285698	-1
5.23999285698	-1
5.23999285698	-1
5.23999285698	-1
5.23999285698	-1
5.2402369976	-1
5.2402369976	-1
5.2402369976	-1
5.2402369976	-1
5.2402369976	-1
5.2402369976	-1
5.2402369976	-1
5.2402369976	-1
5.24062800407	-1
5.24062800407	-1
5.24062800407	-1
5.24062800407	-1
5.24062800407	-1
5.24062800407	-1
5.24062800407	-1
5.24062800407	-1
5.24091386795	-1
5.24091386795	-1
5.24091386795	-1
5.24091386795	-1
5.24091386795	-1
5.24091386795	-1
5.24124097824	-1
5.24124097824	-1
5.24137306213	-1
5.24137306213	-1
5.24137306213	-1
5.24137306213	-1
5.28291606903	1
5.28291606903	1
5.28291606903	1
5.28291606903	1
5.28291606903	1
5.28291606903	1
5.28291606903	1
5.28291606903	1
5.28291606903	1
5.37245893478	-1
5.37245893478	-1
5.37245893478	-1
5.40549898148	-1
5.40549898148	-1
5.40549898148	-1
5.42478895187	-1
5.42478895187	-1
5.42478895187	-1
5.42478895187	-1
5.42478895187	-1
5.42478895187	-1
5.42478895187	-1
5.42478895187	-1
5.47762298584	-1
5.47762298584	-1
5.47762298584	-1
5.47762298584	-1
5.47765493393	1
5.50777602196	-1
5.50777602196	-1
5.50777602196	-1
5.50777602196	-1
5.50777602196	-1
5.50777602196	-1
5.5231089592	-1
5.5231089592	-1
5.5231089592	-1
5.5231089592	-1
5.5231089592	-1
5.52715992928	-1
5.52726602554	-1
5.52726602554	-1
5.52726602554	-1
5.52726602554	-1
5.52726602554	-1
5.52726602554	-1
5.57004499435	-1
5.57004499435	-1
5.57047605515	-1
5.57047605515	-1
5.57047605515	-1
5.57047605515	-1
5.57047605515	-1
5.57047605515	-1
5.57047605515	-1
5.57113289833	-1
5.57113289833	-1
5.57113289833	-1
5.57113289833	-1
5.57113289833	-1
5.57113289833	-1
5.57113289833	-1
5.57266497612	-1
5.57266497612	-1
5.57389497757	1
5.57389497757	1
5.57389497757	1
5.57488799095	1
5.57488799095	1
5.59756493568	-1
5.59756493568	-1
5.5981669426	-1
5.5981669426	-1
5.5981669426	-1
5.5981669426	-1
5.5981669426	-1
5.59942984581	-1
5.63621497154	-1
5.63621497154	-1
5.63621497154	-1
5.63621497154	-1
5.63621497154	-1
5.63621497154	-1
5.63621497154	-1
5.63621497154	-1
5.63840007782	-1
5.63840007782	-1
5.63840007782	-1
5.63840007782	-1
5.63840007782	-1
5.63840007782	-1
5.63840007782	-1
5.6404800415	-1
5.64315104485	-1
5.64315104485	-1
5.64315104485	-1
5.64315104485	-1
5.64315104485	-1
5.64315104485	-1
5.64315104485	-1
5.64460802078	-1
5.64550590515	-1
5.64550590515	-1
5.64550590515	-1
5.64550590515	-1
5.64714384079	-1
5.64714384079	-1
5.64714384079	-1
5.64714384079	-1
5.64714384079	-1
5.64714384079	-1
5.64714384079	-1
5.64714384079	-1
5.64788484573	-1
5.64788484573	-1
5.65003299713	-1
5.65003299713	-1
5.65030097961	-1
5.65030097961	-1
5.65030097961	-1
5.65030097961	-1
5.65030097961	-1
5.68273687363	-1
5.68273687363	-1
5.68273687363	-1
5.68273687363	-1
5.68273687363	-1
5.68401384354	-1
5.68401384354	-1
5.68401384354	-1
5.68401384354	-1
5.68401384354	-1
5.68401384354	-1
5.68713903427	-1
5.68713903427	-1
5.68713903427	-1
5.68713903427	-1
5.68713903427	-1
5.68713903427	-1
5.68713903427	-1
5.68713903427	-1
5.68952202797	1
5.68952202797	1
5.68952202797	1
5.68968391418	1
5.68968391418	1
5.68968391418	1
5.68968391418	1
5.68968391418	1
5.69428706169	-1
5.69428706169	-1
5.69428706169	-1
5.69428706169	-1
5.69428706169	-1
5.69428706169	-1
5.69428706169	-1
5.69428706169	-1
5.69584298134	-1
5.69751095772	1
5.69751095772	1
5.69751095772	1
5.69870185852	-1
5.69870185852	-1
5.69870185852	-1
5.69870185852	-1
5.69870185852	-1
5.70263290405	-1
5.70263290405	-1
5.70263290405	-1
5.70263290405	-1
5.70263290405	-1
5.72316193581	-1
5.72316193581	-1
5.72316193581	-1
5.72316193581	-1
5.72316193581	-1
5.72316193581	-1
5.72316193581	-1
5.72316193581	-1
5.72457194328	1
5.72457194328	1
5.72766590118	-1
5.72766590118	-1
5.72766590118	-1
5.72766590118	-1
5.72766590118	-1
5.72766590118	-1
5.72766590118	-1
5.72766590118	-1
5.72979593277	-1
5.72979593277	-1
5.72979593277	-1
5.72979593277	-1
5.72979593277	-1
5.72979593277	-1
5.72979593277	-1
5.72979593277	-1
5.73077893257	-1
5.73165988922	-1
5.73165988922	-1
5.73165988922	-1
5.73165988922	-1
5.73165988922	-1
5.73165988922	-1
5.73165988922	-1
5.7324090004	-1
5.73283100128	-1
5.73283100128	-1
5.73283100128	-1
5.73283100128	-1
5.73283100128	-1
5.73283100128	-1
5.73283100128	-1
5.73358798027	-1
5.73421907425	-1
5.73421907425	-1
5.73421907425	-1
5.73421907425	-1
5.73421907425	-1
5.73583292961	1
5.73583292961	1
5.73583292961	1
5.74039506912	-1
5.74039506912	-1
5.74039506912	-1
5.74039506912	-1
5.74039506912	-1
5.74039506912	-1
5.74039506912	-1
5.74039506912	-1
5.74039506912	-1
5.75111484528	1
5.75111484528	1
5.75224494934	1
5.75224494934	1
5.75224494934	1
5.75329494476	1
5.75329494476	1
5.75592207909	1
5.75592207909	1
5.75592207909	1
5.7721889019	-1
5.7721889019	-1
5.7721889019	-1
5.7721889019	-1
5.7721889019	-1
5.77223587036	1
5.77223587036	1
5.77223587036	1
5.77226686478	1
5.77226686478	1
5.77241706848	-1
5.77241706848	-1
5.77253985405	-1
5.77253985405	-1
5.77253985405	-1
5.77253985405	-1
5.77253985405	-1
5.77253985405	-1
5.77253985405	-1
5.77253985405	-1
5.77290797234	-1
5.77290797234	-1
5.77290797234	-1
5.77290797234	-1
5.77290797234	-1
5.77290797234	-1
5.77290797234	-1
5.77290797234	-1
5.77888393402	-1
5.77893304825	-1
5.77893304825	-1
5.77893304825	-1
5.77893304825	-1
5.77893304825	-1
5.77893304825	-1
5.77893304825	-1
5.779296875	-1
5.77941894531	-1
5.77941894531	-1
5.77941894531	-1
5.77941894531	-1
5.77941894531	-1
5.77941894531	-1
5.77941894531	-1
5.77966594696	-1
5.779722929	-1
5.779722929	-1
5.779722929	-1
5.779722929	-1
5.779722929	-1
5.779722929	-1
5.779722929	-1
5.78553891182	-1
5.78564596176	-1
5.78564596176	-1
5.78564596176	-1
5.78564596176	-1
5.78564596176	-1
5.78564596176	-1
5.78564596176	-1
5.7940030098	-1
5.7940030098	-1
5.7940030098	-1
5.7940030098	-1
5.7940030098	-1
5.7940030098	-1
5.7940030098	-1
5.7940030098	-1
5.79434800148	-1
5.79447102547	-1
5.79447102547	-1
5.79447102547	-1
5.79447102547	-1
5.79447102547	-1
5.79447102547	-1
5.79447102547	-1
5.79471898079	-1
5.81019592285	-1
5.81019592285	-1
5.81019592285	-1
5.81019592285	-1
5.81019592285	-1
5.81019592285	-1
5.81019592285	-1
5.81033587456	-1
5.81033587456	-1
5.81033587456	-1
5.81033587456	-1
5.81033587456	-1
5.81033587456	-1
5.81033587456	-1
5.81033587456	-1
5.81079292297	-1
5.81079292297	-1
5.81091499329	-1
5.81091499329	-1
5.81091499329	-1
5.81091499329	-1
5.81091499329	-1
5.81107997894	-1
5.81107997894	-1
5.81107997894	-1
5.81107997894	-1
5.81107997894	-1
5.81107997894	-1
5.81107997894	-1
5.81107997894	-1
5.81963801384	-1
5.81963801384	-1
5.81963801384	-1
5.81963801384	-1
5.81963801384	-1
5.81963801384	-1
5.81963801384	-1
5.81963801384	-1
5.81963801384	-1
5.82525086403	1
5.82525086403	1
5.82526397705	1
5.82526397705	1
5.85215497017	-1
5.85215497017	-1
5.85227894783	-1
5.85227894783	-1
5.85227894783	-1
5.85227894783	-1
5.85227894783	-1
5.85227894783	-1
5.85252404213	-1
5.85252404213	-1
5.85252404213	-1
5.85252404213	-1
5.85252404213	-1
5.85252404213	-1
5.85252404213	-1
5.85252404213	-1
5.85289287567	-1
5.85289287567	-1
5.85289287567	-1
5.85289287567	-1
5.85289287567	-1
5.85289287567	-1
5.85289287567	-1
5.85289287567	-1
5.85326004028	-1
5.85326004028	-1
5.85326004028	-1
5.85326004028	-1
5.85326004028	-1
5.85326004028	-1
5.85326004028	-1
5.85326004028	-1
5.8536260128	-1
5.8536260128	-1
5.8536260128	-1
5.85375189781	-1
5.85375189781	-1
5.86854887009	-1
5.86854887009	-1
5.86854887009	-1
5.86854887009	-1
5.86854887009	-1
5.86854887009	-1
5.86854887009	-1
5.86878299713	-1
5.86878299713	-1
5.86878299713	-1
5.86878299713	-1
5.86878299713	-1
5.86878299713	-1
5.86878299713	-1
5.86915206909	-1
5.86915206909	-1
5.86915206909	-1
5.86915206909	-1
5.86915206909	-1
5.86915206909	-1
5.86915206909	-1
5.86915206909	-1
5.87635087967	-1
5.87635087967	-1
5.87635087967	-1
5.8764629364	-1
5.8764629364	-1
5.8764629364	-1
5.8764629364	-1
5.8764629364	-1
5.8764629364	-1
5.8767080307	-1
5.8767080307	-1
5.8767080307	-1
5.8767080307	-1
5.8767080307	-1
5.8767080307	-1
5.8767080307	-1
5.87707686424	-1
5.87707686424	-1
5.87707686424	-1
5.87707686424	-1
5.87707686424	-1
5.87707686424	-1
5.87707686424	-1
5.87707686424	-1
5.87758803368	1
5.87758803368	1
5.87758803368	1
5.90868496895	-1
5.90879893303	-1
5.90879893303	-1
5.90879893303	-1
5.90879893303	-1
5.90879893303	-1
5.90879893303	-1
5.90879893303	-1
5.90904402733	-1
5.90916705132	-1
5.90916705132	-1
5.90916705132	-1
5.90916705132	-1
5.90916705132	-1
5.90916705132	-1
5.90916705132	-1
5.90941286087	-1
5.90951991081	-1
5.90951991081	-1
5.90951991081	-1
5.90951991081	-1
5.90951991081	-1
5.90951991081	-1
5.90951991081	-1
5.90977907181	-1
5.90990495682	-1
5.90990495682	-1
5.90990495682	-1
5.90990495682	-1
5.90990495682	-1
5.90990495682	-1
5.90990495682	-1
5.91015005112	-1
5.9102730751	-1
5.9102730751	-1
5.9102730751	-1
5.9102730751	-1
5.9102730751	-1
5.9102730751	-1
5.9102730751	-1
5.92123103142	-1
5.9213449955	-1
5.9213449955	-1
5.9213449955	-1
5.9213449955	-1
5.9213449955	-1
5.9213449955	-1
5.9213449955	-1
5.92158198357	-1
5.92170500755	-1
5.92170500755	-1
5.92170500755	-1
5.92170500755	-1
5.92170500755	-1
5.92170500755	-1
5.92170500755	-1
5.92195105553	-1
5.92195105553	-1
5.92195105553	-1
5.92195105553	-1
5.92195105553	-1
5.92195105553	-1
5.92195105553	-1
5.92195105553	-1
5.92231798172	-1
5.92231798172	-1
5.92231798172	-1
5.92231798172	-1
5.92231798172	-1
5.92231798172	-1
5.92231798172	-1
5.92231798172	-1
5.92268800735	-1
5.92268800735	-1
5.92271590233	-1
5.92271590233	-1
5.92271590233	-1
5.92293286324	-1
5.92293286324	-1
5.92293286324	-1
5.92293286324	-1
5.92293286324	-1
5.92293286324	-1
5.92293286324	-1
5.92293286324	-1
5.92455387115	1
5.92455387115	1
5.9294719696	-1
5.9294719696	-1
5.9294719696	-1
5.9294719696	-1
5.9294719696	-1
5.9294719696	-1
5.9294719696	-1
5.9294719696	-1
5.92981505394	-1
5.92981505394	-1
5.92981505394	-1
5.92981505394	-1
5.92981505394	-1
5.92981505394	-1
5.92981505394	-1
5.92981505394	-1
5.93006396294	-1
5.94575095177	-1
5.94575095177	-1
5.94575095177	-1
5.94575095177	-1
5.94575095177	-1
5.94575095177	-1
5.94575095177	-1
5.94597101212	-1
5.94609594345	-1
5.94609594345	-1
5.94609594345	-1
5.94609594345	-1
5.94609594345	-1
5.94609594345	-1
5.94609594345	-1
5.96071004868	1
5.97474098206	-1
5.97474098206	-1
6.02853798866	-1
6.02853798866	-1
6.03496789932	-1
6.03496789932	-1
6.03496789932	-1
6.03496789932	-1
6.03496789932	-1
6.03496789932	-1
6.03496789932	-1
6.03496789932	-1
6.03496789932	-1
6.06518292427	-1
6.06518292427	-1
6.06518292427	-1
6.06806993484	-1
6.06806993484	-1
6.06806993484	-1
6.06806993484	-1
6.06806993484	-1
6.06806993484	-1
6.06806993484	-1
6.07019901276	-1
6.07031393051	-1
6.07031393051	-1
6.07031393051	-1
6.07031393051	-1
6.07031393051	-1
6.07031393051	-1
6.07031393051	-1
6.07212495804	-1
6.07212495804	-1
6.07212495804	-1
6.07212495804	-1
6.07212495804	-1
6.07212495804	-1
6.07212495804	-1
6.07212495804	-1
6.0741109848	-1
6.0741109848	-1
6.0741109848	-1
6.0741109848	-1
6.0741109848	-1
6.0741109848	-1
6.0741109848	-1
6.0741109848	-1
6.08179092407	-1
6.08179092407	-1
6.08435106277	-1
6.08435106277	-1
6.08435106277	-1
6.08435106277	-1
6.08435106277	-1
6.08435106277	-1
6.08867192268	-1
6.08867192268	-1
6.08867192268	-1
6.08867192268	-1
6.08867192268	-1
6.08867192268	-1
6.08867192268	-1
6.08867192268	-1
6.09223389626	-1
6.09223389626	-1
6.09223389626	-1
6.09223389626	-1
6.09223389626	-1
6.09223389626	-1
6.09223389626	-1
6.09223389626	-1
6.09351801872	1
6.09351801872	1
6.09351801872	1
6.09491205215	-1
6.09491205215	-1
6.09491205215	-1
6.09491205215	-1
6.09491205215	-1
6.09491205215	-1
6.09491205215	-1
6.09491205215	-1
6.09858393669	-1
6.09858393669	-1
6.09858393669	-1
6.09858393669	-1
6.09858393669	-1
6.09858393669	-1
6.09858393669	-1
6.09858393669	-1
6.10072588921	-1
6.10072588921	-1
6.10072588921	-1
6.10072588921	-1
6.10072588921	-1
6.10072588921	-1
6.10072588921	-1
6.10072588921	-1
6.12925601006	-1
6.12925601006	-1
6.12925601006	-1
6.12925601006	-1
6.12925601006	-1
6.12925601006	-1
6.12925601006	-1
6.20210504532	1
6.20210504532	1
6.20210504532	1
6.30201101303	-1
6.30201101303	-1
6.30201101303	-1
6.30201101303	-1
6.30201101303	-1
6.30240297318	-1
6.32171201706	-1
6.32171201706	-1
6.32171201706	-1
6.32171201706	-1
6.32171201706	-1
6.32171201706	-1
6.32171201706	-1
6.32184791565	-1
6.32222604752	-1
6.32222604752	-1
6.32222604752	-1
6.32222604752	-1
6.32222604752	-1
6.32222604752	-1
6.32222604752	-1
6.32222604752	-1
6.32259607315	-1
6.32259607315	-1
6.3226249218	-1
6.3226249218	-1
6.3226249218	-1
6.3226249218	-1
6.3226249218	-1
6.32284188271	-1
6.32578802109	-1
6.32578802109	-1
6.32578802109	-1
6.32578802109	-1
6.32578802109	-1
6.32578802109	-1
6.32578802109	-1
6.32578802109	-1
6.32628107071	-1
6.32628107071	-1
6.32628107071	-1
6.32628107071	-1
6.32628107071	-1
6.32628107071	-1
6.32628107071	-1
6.3267519474	-1
6.3397128582	-1
6.3397128582	-1
6.3397128582	-1
6.3397128582	-1
6.3397128582	-1
6.3397128582	-1
6.3397128582	-1
6.3397128582	-1
6.33994102478	-1
6.34028887749	-1
6.34028887749	-1
6.34028887749	-1
6.34028887749	-1
6.34028887749	-1
6.34028887749	-1
6.34028887749	-1
6.35384202003	-1
6.35449004173	-1
6.35449004173	-1
6.35449004173	-1
6.35449004173	-1
6.35449004173	-1
6.35449004173	-1
6.35449004173	-1
6.35682988167	-1
6.35682988167	-1
6.35682988167	-1
6.35682988167	-1
6.35682988167	-1
6.35682988167	-1
6.35682988167	-1
6.35838294029	1
6.35838294029	1
6.35838294029	1
6.3635289669	-1
6.3635289669	-1
6.36367487907	-1
6.36367487907	-1
6.36367487907	-1
6.36367487907	-1
6.36367487907	-1
6.36367487907	-1
6.36367487907	-1
6.37350106239	-1
6.375426054	-1
6.375426054	-1
6.375426054	-1
6.375426054	-1
6.375426054	-1
6.38371992111	-1
6.38371992111	-1
6.38371992111	-1
6.38371992111	-1
6.38371992111	-1
6.38371992111	-1
6.38371992111	-1
6.38371992111	-1
6.5087480545	1
6.64285802841	-1
6.64285802841	-1
6.64285802841	-1
6.64285802841	-1
6.64285802841	-1
6.64285802841	-1
6.64285802841	-1
6.6457669735	-1
6.6457669735	-1
6.6457669735	-1
6.6457669735	-1
6.6457669735	-1
6.6457669735	-1
6.6457669735	-1
6.6457669735	-1
6.65253400803	-1
6.6640958786	-1
6.6640958786	-1
6.66492390633	1
6.66496300697	-1
6.66496300697	-1
6.66496300697	-1
6.66496300697	-1
6.66496300697	-1
6.66496300697	-1
6.66603684425	1
6.66603684425	1
6.66603684425	1
6.6665289402	-1
6.6665289402	-1
6.6665289402	-1
6.6665289402	-1
6.6665289402	-1
6.6665289402	-1
6.6665289402	-1
6.6665289402	-1
6.68861794472	-1
6.68861794472	-1
6.68977403641	-1
6.68977403641	-1
6.68977403641	-1
6.68977403641	-1
6.68977403641	-1
6.68977403641	-1
6.68977403641	-1
6.69149303436	-1
6.69149303436	-1
6.69149303436	-1
6.69149303436	-1
6.69149303436	-1
6.69149303436	-1
6.69149303436	-1
6.70214295387	-1
6.70214295387	-1
6.70214295387	-1
6.7051320076	-1
6.7051320076	-1
6.7051320076	-1
6.7051320076	-1
6.7051320076	-1
6.7051320076	-1
6.7051320076	-1
6.70732402802	-1
6.71510505676	-1
6.71510505676	-1
6.71510505676	-1
6.71510505676	-1
6.71510505676	-1
6.71510505676	-1
6.71510505676	-1
6.718116045	-1
6.72206687927	-1
6.72206687927	-1
6.72206687927	-1
6.72206687927	-1
6.72206687927	-1
6.72206687927	-1
6.72206687927	-1
6.72630786896	-1
6.73215389252	1
6.73215389252	1
6.73215389252	1
6.73716187477	-1
6.73716187477	-1
6.73716187477	-1
6.73716187477	-1
6.73716187477	-1
6.73716187477	-1
6.75927805901	-1
6.75927805901	-1
6.75927805901	-1
6.78012490273	-1
6.78012490273	-1
6.78012490273	-1
6.78012490273	-1
6.78012490273	-1
6.78012490273	-1
6.78012490273	-1
6.78012490273	-1
6.80154895782	1
6.81371188164	-1
6.81371188164	-1
6.81371188164	-1
6.81371188164	-1
6.81371188164	-1
6.81371188164	-1
6.81371188164	-1
6.81371188164	-1
6.81725502014	-1
6.82454705238	-1
6.82454705238	-1
6.82454705238	-1
6.82454705238	-1
6.82454705238	-1
6.82454705238	-1
6.82454705238	-1
6.82773804665	-1
6.83138298988	-1
6.83138298988	-1
6.83138298988	-1
6.83138298988	-1
6.83138298988	-1
6.83138298988	-1
6.83138298988	-1
6.83967995644	-1
6.84565901756	-1
6.84565901756	-1
6.84565901756	-1
6.84565901756	-1
6.84565901756	-1
6.84565901756	-1
6.84565901756	-1
6.85018396378	-1
6.8535490036	-1
6.8535490036	-1
6.8535490036	-1
6.8535490036	-1
6.8535490036	-1
6.8535490036	-1
6.8535490036	-1
6.85646986961	-1
6.86742687225	-1
6.86742687225	-1
6.86742687225	-1
6.86742687225	-1
6.86742687225	-1
6.86742687225	-1
6.86742687225	-1
6.87092685699	-1
6.87412405014	-1
6.87412405014	-1
6.87412405014	-1
6.87412405014	-1
6.87866997719	-1
6.87866997719	-1
6.88290905952	-1
6.88290905952	-1
6.88290905952	-1
6.88290905952	-1
6.88290905952	-1
6.88290905952	-1
6.88665699959	-1
6.88676095009	-1
6.88676095009	-1
6.88676095009	-1
6.88676095009	-1
6.88676095009	-1
6.88676095009	-1
6.88676095009	-1
6.89729404449	-1
6.89729404449	-1
6.89729404449	-1
6.89729404449	-1
6.89729404449	-1
6.89729404449	-1
6.89729404449	-1
6.89729404449	-1
6.90400385857	-1
6.90400385857	-1
6.90400385857	-1
6.90400385857	-1
6.90400385857	-1
6.90400385857	-1
6.90400385857	-1
6.90400385857	-1
6.91235995293	-1
6.91235995293	-1
6.91235995293	-1
6.91235995293	-1
6.91235995293	-1
6.91235995293	-1
6.91893100739	-1
6.9197280407	-1
6.9197280407	-1
6.9197280407	-1
6.9197280407	-1
6.9197280407	-1
6.9197280407	-1
6.9197280407	-1
6.91999197006	1
6.91999197006	1
6.91999197006	1
6.92695784569	-1
6.92695784569	-1
6.92695784569	-1
6.92695784569	-1
6.92695784569	-1
6.92695784569	-1
6.92695784569	-1
6.92695784569	-1
6.93731999397	-1
7.07255387306	1
7.30526185036	-1
7.30739092827	-1
7.30739092827	-1
7.30739092827	-1
7.30739092827	-1
7.30739092827	-1
7.31605195999	-1
7.32239890099	-1
7.32239890099	-1
7.3232190609	-1
7.3232190609	-1
7.3232190609	-1
7.3232190609	-1
7.3232190609	-1
7.3232190609	-1
7.3232190609	-1
7.32555985451	-1
7.32555985451	-1
7.32555985451	-1
7.32555985451	-1
7.32555985451	-1
7.32555985451	-1
7.32555985451	-1
7.32555985451	-1
7.32776498795	-1
7.32776498795	-1
7.32776498795	-1
7.32776498795	-1
7.32776498795	-1
7.32776498795	-1
7.32776498795	-1
7.32776498795	-1
7.32958006859	-1
7.32958006859	-1
7.32958006859	-1
7.32958006859	-1
7.32958006859	-1
7.32958006859	-1
7.32958006859	-1
7.32958006859	-1
7.3309340477	1
7.33160400391	-1
7.33160400391	-1
7.33260989189	-1
7.33260989189	-1
7.33260989189	-1
7.33260989189	-1
7.33260989189	-1
7.33260989189	-1
7.33906888962	-1
7.33906888962	-1
7.33906888962	-1
7.33906888962	-1
7.33906888962	-1
7.33906888962	-1
7.33906888962	-1
7.33906888962	-1
7.34871006012	-1
7.34871006012	-1
7.34871006012	-1
7.34871006012	-1
7.34871006012	-1
7.34871006012	-1
7.34871006012	-1
7.34871006012	-1
7.35663104057	-1
7.35663104057	-1
7.35663104057	-1
7.35663104057	-1
7.35663104057	-1
7.35663104057	-1
7.35663104057	-1
7.35663104057	-1
7.36060285568	-1
7.36060285568	-1
7.36060285568	-1
7.36060285568	-1
7.36060285568	-1
7.36251688004	-1
7.36251688004	-1
7.36251688004	-1
7.36251688004	-1
7.36251688004	-1
7.36251688004	-1
7.36251688004	-1
7.36251688004	-1
7.36434388161	-1
7.36434388161	-1
7.36434388161	-1
7.36434388161	-1
7.36434388161	-1
7.36434388161	-1
7.36434388161	-1
7.36434388161	-1
7.36926698685	-1
7.36997103691	-1
7.36997103691	-1
7.36997103691	-1
7.36997103691	-1
7.36997103691	-1
7.36997103691	-1
7.37372684479	1
7.37372684479	1
7.37372684479	1
7.37372684479	1
7.44254803658	-1
7.44254803658	-1
7.44286489487	-1
7.44286489487	-1
7.44286489487	-1
7.44545602798	-1
7.44545602798	-1
7.44545602798	-1
7.44545602798	-1
7.44545602798	-1
7.44545602798	-1
7.44545602798	-1
7.45791196823	-1
7.4580180645	-1
7.4580180645	-1
7.4580180645	-1
7.4580180645	-1
7.4580180645	-1
7.4580180645	-1
7.4580180645	-1
7.45825695992	-1
7.45825695992	-1
7.45825695992	-1
7.45825695992	-1
7.45825695992	-1
7.45825695992	-1
7.45825695992	-1
7.45825695992	-1
7.4586288929	-1
7.4586288929	-1
7.4586288929	-1
7.4586288929	-1
7.4586288929	-1
7.4586288929	-1
7.4586288929	-1
7.4586288929	-1
7.45899486542	-1
7.45899486542	-1
7.4591178894	-1
7.4591178894	-1
7.4591178894	-1
7.4591178894	-1
7.4591178894	-1
7.4591178894	-1
7.45936393738	-1
7.45936393738	-1
7.45936393738	-1
7.45936393738	-1
7.45936393738	-1
7.45936393738	-1
7.45936393738	-1
7.45936393738	-1
7.45998096466	1
7.45998096466	1
7.47205805779	-1
7.47205805779	-1
7.47400307655	-1
7.47400307655	-1
7.47400307655	-1
7.47400307655	-1
7.47400307655	-1
7.47400307655	-1
7.48464393616	-1
7.48464393616	-1
7.48483991623	-1
7.48483991623	-1
7.48483991623	-1
7.48483991623	-1
7.48483991623	-1
7.48483991623	-1
7.48483991623	-1
7.48522806168	-1
7.48563790321	-1
7.48563790321	-1
7.48563790321	-1
7.48563790321	-1
7.48563790321	-1
7.48620700836	-1
7.48688292503	-1
7.48688292503	-1
7.48688292503	-1
7.48688292503	-1
7.48688292503	-1
7.48688292503	-1
7.48688292503	-1
7.49214696884	-1
7.4922580719	-1
7.4922580719	-1
7.4922580719	-1
7.4922580719	-1
7.4922580719	-1
7.4922580719	-1
7.4922580719	-1
7.49249792099	-1
7.49989390373	-1
7.49989390373	-1
7.49989390373	-1
7.49989390373	-1
7.49989390373	-1
7.49989390373	-1
7.49989390373	-1
7.54445099831	-1
7.54580593109	1
7.54580593109	1
7.54580593109	1
7.60745692253	1
7.98650193214	-1
7.99348592758	-1
7.99348592758	-1
7.99348592758	-1
7.99348592758	-1
7.99348592758	-1
7.99361300468	-1
7.99381685257	-1
7.99381685257	-1
7.99381685257	-1
7.99381685257	-1
7.99381685257	-1
7.99381685257	-1
7.99381685257	-1
7.99410104752	-1
7.99433898926	-1
7.99433898926	-1
7.99433898926	-1
7.99433898926	-1
7.99433898926	-1
7.99433898926	-1
7.99433898926	-1
7.99465489388	-1
7.99654793739	1
8.01367688179	-1
8.01367688179	-1
8.01367688179	-1
8.01367688179	-1
8.01367688179	-1
8.01367688179	-1
8.01367688179	-1
8.01367688179	-1
8.01525306702	-1
8.01525306702	-1
8.01525306702	-1
8.01525306702	-1
8.01525306702	-1
8.01525306702	-1
8.01525306702	-1
8.01590585709	-1
8.01660585403	-1
8.01660585403	-1
8.01660585403	-1
8.01660585403	-1
8.01660585403	-1
8.01660585403	-1
8.01660585403	-1
8.02164292336	-1
8.02178907394	-1
8.02178907394	-1
8.02178907394	-1
8.02178907394	-1
8.02178907394	-1
8.02178907394	-1
8.02178907394	-1
8.02178907394	-1
8.02222084999	-1
8.02234196663	-1
8.02234196663	-1
8.02234196663	-1
8.02234196663	-1
8.02234196663	-1
8.02234196663	-1
8.02234196663	-1
8.02457904816	1
8.02457904816	1
8.02457904816	1
8.03581404686	-1
8.04101490974	-1
8.04101490974	-1
8.05846405029	-1
8.05846405029	-1
8.05846405029	-1
8.05846405029	-1
8.05846405029	-1
8.05846405029	-1
8.05846405029	-1
8.05869197845	-1
8.11614489555	-1
8.11614489555	-1
8.11614489555	-1
8.11614489555	-1
8.11614489555	-1
8.11614489555	-1
8.11614489555	-1
8.11632585526	-1
8.11632585526	-1
8.11632585526	-1
8.11632585526	-1
8.11632585526	-1
8.11632585526	-1
8.11632585526	-1
8.11632585526	-1
8.11675000191	-1
8.11675000191	-1
8.1322479248	-1
8.1322479248	-1
8.1322479248	-1
8.1322479248	-1
8.1322479248	-1
8.1322479248	-1
8.13230085373	1
8.13248205185	-1
8.13248205185	-1
8.13248205185	-1
8.14879393578	1
8.14879393578	1
8.14879393578	1
8.2131319046	-1
8.2131319046	-1
8.2131319046	-1
8.2131319046	-1
8.2131319046	-1
8.2131319046	-1
8.2131319046	-1
8.2131319046	-1
8.21702098846	-1
8.21702098846	-1
8.21702098846	-1
8.21702098846	-1
8.21702098846	-1
8.21702098846	-1
8.21702098846	-1
8.21702098846	-1
8.21875596046	-1
8.22117304802	-1
8.22117304802	-1
8.22117304802	-1
8.22117304802	-1
8.22117304802	-1
8.22117304802	-1
8.22117304802	-1
8.22323989868	-1
8.22494006157	-1
8.22494006157	-1
8.22494006157	-1
8.22494006157	-1
8.22494006157	-1
8.22494006157	-1
8.22494006157	-1
8.22752189636	1
8.22752189636	1
8.23548007011	-1
8.23738288879	-1
8.23738288879	-1
8.23738288879	-1
8.23738288879	-1
8.23738288879	-1
8.23738288879	-1
8.23738288879	-1
8.23852086067	-1
8.23958086967	-1
8.23958086967	-1
8.23958086967	-1
8.23958086967	-1
8.23958086967	-1
8.23958086967	-1
8.23958086967	-1
8.25180387497	-1
8.25190806389	-1
8.25190806389	-1
8.25190806389	-1
8.25190806389	-1
8.25190806389	-1
8.25190806389	-1
8.25190806389	-1
8.25215387344	-1
8.2522778511	-1
8.2522778511	-1
8.2522778511	-1
8.2522778511	-1
8.2522778511	-1
8.2522778511	-1
8.2522778511	-1
8.2525229454	-1
8.2525229454	-1
8.25264501572	-1
8.25264501572	-1
8.25270390511	-1
8.25270390511	-1
8.25270390511	-1
8.25270390511	-1
8.25270390511	-1
8.25270390511	-1
8.25270390511	-1
8.25294184685	-1
8.25313806534	-1
8.25313806534	-1
8.25313806534	-1
8.25313806534	-1
8.25313806534	-1
8.25313806534	-1
8.25313806534	-1
8.25338387489	-1
8.25350594521	-1
8.25350594521	-1
8.25350594521	-1
8.25350594521	-1
8.25350594521	-1
8.25350594521	-1
8.25350594521	-1
8.2680079937	-1
8.26804685593	1
8.26804685593	1
8.26807403564	-1
8.26807403564	-1
8.26807403564	-1
8.26807403564	-1
8.26807403564	-1
8.26807403564	-1
8.26807403564	-1
8.26835298538	-1
8.26835298538	-1
8.26835298538	-1
8.26835298538	-1
8.26835298538	-1
8.26835298538	-1
8.26835298538	-1
8.26835298538	-1
8.26872086525	-1
8.26872086525	-1
8.26886487007	-1
8.26886487007	-1
8.26886487007	-1
8.26886487007	-1
8.28449988365	-1
8.28461194038	-1
8.28461194038	-1
8.28461194038	-1
8.28461194038	-1
8.28461194038	-1
8.2847340107	-1
8.28485798836	-1
8.28485798836	-1
8.28485798836	-1
8.28485798836	-1
8.28485798836	-1
8.28485798836	-1
8.28485798836	-1
8.29695701599	1
8.29695701599	1
8.29695701599	1
8.36329102516	-1
8.36335992813	-1
8.36335992813	-1
8.36335992813	-1
8.36335992813	-1
8.36335992813	-1
8.36335992813	-1
8.36335992813	-1
8.3636610508	-1
8.36378288269	-1
8.36378288269	-1
8.36378288269	-1
8.36378288269	-1
8.36378288269	-1
8.36378288269	-1
8.36378288269	-1
8.3640499115	-1
8.36409306526	-1
8.36409306526	-1
8.36409306526	-1
8.36409306526	-1
8.36409306526	-1
8.36409306526	-1
8.36409306526	-1
8.36435294151	-1
8.36453986168	-1
8.36453986168	-1
8.36453986168	-1
8.36453986168	-1
8.36453986168	-1
8.36453986168	-1
8.36453986168	-1
8.36478590965	-1
8.36490797997	-1
8.36490797997	-1
8.36490797997	-1
8.36490797997	-1
8.36490797997	-1
8.36490797997	-1
8.36490797997	-1
8.3650829792	-1
8.36855387688	1
8.36855387688	1
8.38742089272	-1
8.38742089272	-1
8.38742089272	-1
8.38742089272	-1
8.38742089272	-1
8.38742089272	-1
8.38742089272	-1
8.38764095306	-1
8.38776302338	-1
8.38776302338	-1
8.38776302338	-1
8.38776302338	-1
8.38776302338	-1
8.38776302338	-1
8.38776302338	-1
8.38791704178	-1
8.38791704178	-1
8.38791704178	-1
8.38791704178	-1
8.38791704178	-1
8.38791704178	-1
8.38791704178	-1
8.38791704178	-1
8.38837790489	-1
8.38837790489	-1
8.38837790489	-1
8.38837790489	-1
8.38837790489	-1
8.38837790489	-1
8.38837790489	-1
8.38837790489	-1
8.38874602318	-1
8.38874602318	-1
8.38913607597	-1
8.38913607597	-1
8.38913607597	-1
8.38913607597	-1
8.38913607597	-1
8.38938093185	-1
8.38938093185	-1
8.38938093185	-1
8.38938093185	-1
8.38938093185	-1
8.38938093185	-1
8.38938093185	-1
8.38938093185	-1
8.38975191116	-1
8.38975191116	-1
8.38975191116	-1
8.38975191116	-1
8.38975191116	-1
8.38975191116	-1
8.38999795914	-1
8.38999795914	-1
8.39011907578	-1
8.39011907578	-1
8.39011907578	-1
8.39011907578	-1
8.39011907578	-1
8.39011907578	-1
8.39036393166	-1
8.39036393166	-1
8.39036393166	-1
8.39036393166	-1
8.39036393166	-1
8.39036393166	-1
8.39036393166	-1
8.39036393166	-1
8.39073300362	-1
8.39073300362	-1
8.39073300362	-1
8.39073300362	-1
8.39073300362	-1
8.39073300362	-1
8.39073300362	-1
8.39073300362	-1
8.39144206047	1
8.39144206047	1
8.39144206047	1
8.39302396774	1
8.39302396774	1
8.39863705635	1
8.39863705635	1
8.39863705635	1
8.40385699272	-1
8.40385699272	-1
8.40385699272	-1
8.40385699272	-1
8.40385699272	-1
8.40385699272	-1
8.40385699272	-1
8.40385699272	-1
8.40389299393	1
8.40420794487	-1
8.40420794487	-1
8.40420794487	-1
8.40420794487	-1
8.40420794487	-1
8.40420794487	-1
8.40420794487	-1
8.40664601326	1
8.40664601326	1
8.40664601326	1
8.42018198967	-1
8.42031097412	-1
8.42031097412	-1
8.42031097412	-1
8.42031097412	-1
8.42031097412	-1
8.42031097412	-1
8.42031097412	-1
8.42054986954	-1
8.42054986954	-1
8.42054986954	-1
8.42054986954	-1
8.42054986954	-1
8.42054986954	-1
8.42054986954	-1
8.42054986954	-1
8.42091703415	-1
8.42091703415	-1
8.42091703415	-1
8.42091703415	-1
8.42091703415	-1
8.42091703415	-1
8.42091703415	-1
8.42091703415	-1
8.42121291161	-1
8.42121291161	-1
8.43273305893	-1
8.43273305893	-1
8.43273305893	-1
8.43279004097	-1
8.43279004097	-1
8.43296003342	-1
8.43296003342	-1
8.43296003342	-1
8.43296003342	-1
8.43296003342	-1
8.43296003342	-1
8.43296003342	-1
8.50438904762	-1
8.50441884995	-1
8.50441884995	-1
8.51418399811	1
8.51418399811	1
8.51418399811	1
8.52333784103	-1
8.52333784103	-1
8.52333784103	-1
8.52333784103	-1
8.52333784103	-1
8.52333784103	-1
8.52333784103	-1
8.56989884377	-1
8.57335996628	-1
8.57335996628	-1
8.57335996628	-1
8.57335996628	-1
8.57335996628	-1
8.57335996628	-1
8.57335996628	-1
8.57335996628	-1
8.58554506302	-1
8.59652090073	-1
8.59652090073	-1
8.59652090073	-1
8.59652090073	-1
8.59652090073	-1
8.59652090073	-1
8.59652090073	-1
8.59652090073	-1
8.6037478447	-1
8.6037478447	-1
8.6037478447	-1
8.6037478447	-1
8.6037478447	-1
8.6037478447	-1
8.6037478447	-1
8.6037478447	-1
8.61026597023	-1
8.61026597023	-1
8.61026597023	-1
8.61026597023	-1
8.61026597023	-1
8.61026597023	-1
8.61026597023	-1
8.61026597023	-1
8.61841106415	-1
8.61841106415	-1
8.61841106415	-1
8.61841106415	-1
8.61841106415	-1
8.61841106415	-1
8.61841106415	-1
8.61841106415	-1
8.62332487106	-1
8.62332487106	-1
8.62332487106	-1
8.62332487106	-1
8.62332487106	-1
8.62332487106	-1
8.62332487106	-1
8.62332487106	-1
8.62697100639	-1
8.62697100639	-1
8.62697100639	-1
8.62697100639	-1
8.62697100639	-1
8.62697100639	-1
8.62697100639	-1
8.62697100639	-1
8.62856698036	-1
8.62999796867	-1
8.62999796867	-1
8.62999796867	-1
8.62999796867	-1
8.62999796867	-1
8.62999796867	-1
8.62999796867	-1
8.63120985031	-1
8.63376903534	-1
8.63376903534	-1
8.63376903534	-1
8.63376903534	-1
8.63376903534	-1
8.63544893265	-1
8.63544893265	-1
8.63544893265	-1
8.63544893265	-1
8.63544893265	-1
8.63544893265	-1
8.63544893265	-1
8.63635897636	-1
8.6371178627	-1
8.6371178627	-1
8.6371178627	-1
8.6371178627	-1
8.6371178627	-1
8.6371178627	-1
8.6371178627	-1
8.70874285698	1
8.70874285698	1
8.75140094757	1
8.75140094757	1
8.75140094757	1
8.77886891365	-1
8.77886891365	-1
8.77886891365	-1
8.77886891365	-1
8.77886891365	-1
8.77886891365	-1
8.82436990738	1
8.82436990738	1
8.90036296844	-1
8.90036296844	-1
8.90036296844	-1
8.90036296844	-1
8.90036296844	-1
8.90036296844	-1
8.90036296844	-1
8.90036296844	-1
8.90194392204	-1
8.90194392204	-1
8.90194392204	-1
8.90194392204	-1
8.91189193726	-1
8.91189193726	-1
8.91189193726	-1
8.91189193726	-1
8.91258597374	-1
8.91326189041	-1
8.91326189041	-1
8.91326189041	-1
8.91326189041	-1
8.91326189041	-1
8.91326189041	-1
8.91326189041	-1
8.91395401955	-1
8.92274403572	-1
8.92274403572	-1
8.92274403572	-1
8.92274403572	-1
8.92274403572	-1
8.92274403572	-1
8.92274403572	-1
8.92274403572	-1
8.92304801941	-1
8.92304801941	-1
8.92304801941	-1
8.92304801941	-1
8.92304801941	-1
8.92304801941	-1
8.92304801941	-1
8.92327189445	-1
8.92362904549	-1
8.92362904549	-1
8.92362904549	-1
8.92362904549	-1
8.92362904549	-1
8.92362904549	-1
8.92362904549	-1
8.92397499084	-1
8.92430400848	-1
8.92430400848	-1
8.92430400848	-1
8.92430400848	-1
8.92430400848	-1
8.92430400848	-1
8.92430400848	-1
8.92445397377	-1
8.92467188835	-1
8.92467188835	-1
8.92467188835	-1
8.92467188835	-1
8.92467188835	-1
8.92467188835	-1
8.92467188835	-1
8.92491793633	-1
8.93830990791	-1
8.93830990791	-1
8.93830990791	-1
8.93830990791	-1
8.93830990791	-1
8.93830990791	-1
8.93830990791	-1
8.93830990791	-1
8.93844604492	-1
8.95145702362	-1
8.95145702362	-1
8.95145702362	-1
8.95145702362	-1
8.95150303841	-1
8.95168399811	-1
8.95168399811	-1
8.95168399811	-1
8.95168399811	-1
8.95168399811	-1
8.95168399811	-1
8.95903086662	-1
8.9675719738	-1
8.9675719738	-1
8.9675719738	-1
8.9675719738	-1
8.9675719738	-1
8.9675719738	-1
8.9675719738	-1
8.9675719738	-1
9.01434707642	-1
9.01445007324	-1
9.01445007324	-1
9.01445007324	-1
9.01445007324	-1
9.01445007324	-1
9.0736310482	1
9.26815700531	1
9.33422207832	-1
9.35115790367	-1
9.35115790367	-1
9.35115790367	-1
9.35115790367	-1
9.35115790367	-1
9.35115790367	-1
9.35115790367	-1
9.35115790367	-1
9.3516099453	-1
9.35185790062	-1
9.35185790062	-1
9.35617494583	-1
9.35617494583	-1
9.35617494583	-1
9.35617494583	-1
9.35617494583	-1
9.35617494583	-1
9.35617494583	-1
9.36102700233	-1
9.3670399189	-1
9.3670399189	-1
9.3670399189	-1
9.3670399189	-1
9.3670399189	-1
9.3670399189	-1
9.3670399189	-1
9.3670399189	-1
9.36733794212	-1
9.36733794212	-1
9.36733794212	-1
9.36733794212	-1
9.36733794212	-1
9.36733794212	-1
9.36733794212	-1
9.36756587029	-1
9.36776804924	-1
9.36776804924	-1
9.36776804924	-1
9.36776804924	-1
9.36776804924	-1
9.36776804924	-1
9.36776804924	-1
9.36776804924	-1
9.38908290863	-1
9.38971996307	-1
9.38971996307	-1
9.38971996307	-1
9.38971996307	-1
9.38971996307	-1
9.38971996307	-1
9.38971996307	-1
9.39031600952	-1
9.39031600952	-1
9.39031600952	-1
9.39031600952	-1
9.39031600952	-1
9.39031600952	-1
9.39031600952	-1
9.3908469677	-1
9.3908469677	-1
9.3930978775	-1
9.3930978775	-1
9.3930978775	-1
9.3930978775	-1
9.39330506325	-1
9.39403986931	-1
9.39403986931	-1
9.39403986931	-1
9.39403986931	-1
9.39403986931	-1
9.39403986931	-1
9.39403986931	-1
9.39403986931	-1
9.41410803795	-1
9.41410803795	-1
9.41410803795	-1
9.41410803795	-1
9.41410803795	-1
9.41410803795	-1
9.41410803795	-1
9.41413998604	1
9.41582798958	-1
9.41818404198	-1
9.41818404198	-1
9.41818404198	-1
9.41818404198	-1
9.41818404198	-1
9.41818404198	-1
9.41818404198	-1
9.41912484169	-1
9.42079591751	-1
9.42079591751	-1
9.42079591751	-1
9.42079591751	-1
9.42079591751	-1
9.42079591751	-1
9.42079591751	-1
9.45725893974	-1
9.46985292435	-1
9.46985292435	-1
9.52899289131	-1
9.52899289131	-1
9.52899289131	-1
9.52899289131	-1
9.55135607719	-1
9.55135607719	-1
9.55138802528	1
9.55141186714	-1
9.55141186714	-1
9.55141186714	-1
9.55141186714	-1
9.55141186714	-1
9.55141186714	-1
9.55141186714	-1
9.55170702934	-1
9.55910992622	-1
9.55910992622	-1
9.55910992622	-1
9.55910992622	-1
9.55910992622	-1
9.55910992622	-1
9.55910992622	-1
9.55910992622	-1
9.57491493225	-1
9.57491493225	-1
9.57491493225	-1
9.57491493225	-1
9.57491493225	-1
9.57491493225	-1
9.57491493225	-1
9.57491493225	-1
9.57538199425	-1
9.57538199425	-1
9.57538199425	-1
9.57538199425	-1
9.57538199425	-1
9.57538199425	-1
9.57538199425	-1
9.57562685013	-1
9.57574987411	-1
9.57574987411	-1
9.57574987411	-1
9.57574987411	-1
9.57574987411	-1
9.57574987411	-1
9.57574987411	-1
9.57597994804	-1
9.60687589645	-1
9.60687589645	-1
9.60687589645	-1
9.60687589645	-1
9.60687589645	-1
9.60687589645	-1
9.60687589645	-1
9.60687589645	-1
9.60916686058	-1
9.60916686058	-1
9.60916686058	-1
9.60916686058	-1
9.60916686058	-1
9.60916686058	-1
9.60916686058	-1
9.64396286011	-1
9.64396286011	-1
9.64586496353	-1
9.64586496353	-1
9.64586496353	-1
9.64586496353	-1
9.64586496353	-1
9.65166091919	-1
9.65224790573	-1
9.65224790573	-1
9.65224790573	-1
9.65224790573	-1
9.65224790573	-1
9.65224790573	-1
9.65224790573	-1
9.66323399544	-1
9.66323399544	-1
9.66323399544	-1
9.66323399544	-1
9.66323399544	-1
9.66323399544	-1
9.66323399544	-1
9.66323399544	-1
9.67228484154	-1
9.67228484154	-1
9.67394089699	-1
9.67394089699	-1
9.67394089699	-1
9.67713785172	-1
9.67713785172	-1
9.67713785172	-1
9.67713785172	-1
9.67713785172	-1
9.67713785172	-1
9.67713785172	-1
9.67713785172	-1
9.71956992149	-1
9.71956992149	-1
9.7196059227	1
9.7196059227	1
9.78704786301	-1
9.89166307449	1
9.91776490211	-1
9.91776490211	-1
9.91776490211	-1
9.91811299324	-1
9.91811299324	-1
9.91811299324	-1
9.91811299324	-1
9.91811299324	-1
9.91811299324	-1
9.91811299324	-1
9.91860389709	-1
9.93271207809	-1
9.93271207809	-1
9.93271207809	-1
9.93271207809	-1
9.93271207809	-1
9.93271207809	-1
9.93271207809	-1
9.93271207809	-1
9.93301892281	-1
9.93301892281	-1
9.93301892281	-1
9.93301892281	-1
9.93301892281	-1
9.93301892281	-1
9.93301892281	-1
9.93325090408	-1
9.93385505676	-1
9.93385505676	-1
9.93385505676	-1
9.93385505676	-1
9.93385505676	-1
9.93385505676	-1
9.93385505676	-1
9.93408489227	-1
9.93411707878	-1
9.93411707878	-1
9.93411707878	-1
9.93411707878	-1
9.93411707878	-1
9.93411707878	-1
9.93411707878	-1
9.94000196457	-1
9.94000196457	-1
9.94010806084	-1
9.94010806084	-1
9.94010806084	-1
9.94010806084	-1
9.94010806084	-1
9.94010806084	-1
9.94010806084	-1
9.94784498215	-1
9.94803285599	-1
9.94803285599	-1
9.94803285599	-1
9.94803285599	-1
9.94803285599	-1
9.94803285599	-1
9.94803285599	-1
9.94828104973	-1
9.96363401413	-1
9.96363401413	-1
9.96363401413	-1
9.96363401413	-1
9.96363401413	-1
9.96363401413	-1
9.96363401413	-1
9.96406793594	-1
9.96418786049	-1
9.96418786049	-1
9.96418786049	-1
9.96418786049	-1
9.96418786049	-1
9.96418786049	-1
9.96418786049	-1
9.96443390846	-1
9.96443390846	-1
9.96443390846	-1
9.96443390846	-1
9.96443390846	-1
9.96443390846	-1
9.96443390846	-1
9.96443390846	-1
9.98399186134	-1
9.98399186134	-1
9.98399186134	-1
9.98399186134	-1
9.98399186134	-1
9.98399186134	-1
9.98399186134	-1
9.98399186134	-1
9.98646593094	-1
9.98646593094	-1
9.98646593094	-1
9.98646593094	-1
9.98646593094	-1
9.98646593094	-1
9.98646593094	-1
9.98646593094	-1
9.98869085312	-1
9.98869085312	-1
9.98952388763	-1
9.98952388763	-1
9.98952388763	-1
9.99014997482	1
9.99014997482	1
9.99014997482	1
9.991492033	-1
9.991492033	-1
9.991492033	-1
9.991492033	-1
9.991492033	-1
9.991492033	-1
9.991492033	-1
9.991492033	-1
9.99726390839	-1
9.99726390839	-1
9.99726390839	-1
9.99726390839	-1
9.99726390839	-1
9.99726390839	-1
9.99726390839	-1
9.99726390839	-1
10.0166008472	-1
10.0166008472	-1
10.0166008472	-1
10.0166008472	-1
10.0166008472	-1
10.0166008472	-1
10.0166008472	-1
10.0166008472	-1
10.0270459652	1
10.0457649231	-1
10.0457649231	-1
10.0457649231	-1
10.0457649231	-1
10.0457649231	-1
10.0457649231	-1
10.0457649231	-1
10.045994997	-1
10.0461189747	-1
10.0461189747	-1
10.0461189747	-1
10.0461189747	-1
10.0461189747	-1
10.0461189747	-1
10.0461189747	-1
10.046364069	-1
10.0688529015	-1
10.0688529015	-1
10.0688529015	-1
10.0688529015	-1
10.0688529015	-1
10.0688529015	-1
10.0688529015	-1
10.0688529015	-1
10.0834739208	-1
10.0834739208	-1
10.0834739208	-1
10.0834739208	-1
10.0834739208	-1
10.0834739208	-1
10.0834739208	-1
10.0953559875	-1
10.1199889183	-1
10.1199889183	-1
10.1199889183	-1
10.1445870399	-1
10.1445870399	-1
10.1445870399	-1
10.1603410244	-1
10.1603410244	-1
10.1603410244	-1
10.1603410244	-1
10.1603410244	-1
10.1603410244	-1
10.1603410244	-1
10.1603410244	-1
10.1702270508	-1
10.1702270508	-1
10.1702270508	-1
10.1702270508	-1
10.1702270508	-1
10.1702270508	-1
10.1702270508	-1
10.1702270508	-1
10.1715018749	1
10.1854319572	-1
10.1854319572	-1
10.1855430603	-1
10.1855430603	-1
10.1855430603	-1
10.1855430603	-1
10.1855430603	-1
10.1855430603	-1
10.1855430603	-1
10.1889619827	-1
10.1889619827	-1
10.1889619827	-1
10.1889619827	-1
10.1962280273	-1
10.1962280273	-1
10.1962280273	-1
10.1962280273	-1
10.1962280273	-1
10.3597819805	1
10.6001729965	-1
10.600705862	-1
10.600705862	-1
10.600705862	-1
10.600705862	-1
10.600705862	-1
10.600705862	-1
10.600705862	-1
10.6008808613	-1
10.6008808613	-1
10.6008808613	-1
10.6008808613	-1
10.6008808613	-1
10.6008808613	-1
10.6008808613	-1
10.6126220226	-1
10.6126220226	-1
10.6126220226	-1
10.6126220226	-1
10.6126220226	-1
10.6126220226	-1
10.6126220226	-1
10.6126220226	-1
10.6191768646	1
10.6407198906	-1
10.6407198906	-1
10.6407198906	-1
10.6407198906	-1
10.641368866	-1
10.641368866	-1
10.6414549351	-1
10.6414549351	-1
10.6414549351	-1
10.6414549351	-1
10.6414549351	-1
10.6414549351	-1
10.6416990757	-1
10.6416990757	-1
10.6416990757	-1
10.6416990757	-1
10.6416990757	-1
10.6416990757	-1
10.6416990757	-1
10.6416990757	-1
10.643324852	-1
10.643324852	-1
10.643324852	-1
10.643324852	-1
10.643324852	-1
10.643324852	-1
10.643324852	-1
10.643324852	-1
10.6554410458	-1
10.6554410458	-1
10.6554410458	-1
10.6554410458	-1
10.6554410458	-1
10.6554410458	-1
10.6554410458	-1
10.6554410458	-1
10.6624860764	-1
10.6624860764	-1
10.662596941	-1
10.662596941	-1
10.662596941	-1
10.662596941	-1
10.662596941	-1
10.6626310349	-1
10.6810219288	-1
10.6810219288	-1
10.6810219288	-1
10.6810219288	-1
10.6810219288	-1
10.6810219288	-1
10.6810219288	-1
10.6810219288	-1
10.6926188469	-1
10.6926188469	-1
10.6926188469	-1
10.6926188469	-1
10.6926188469	-1
10.6926188469	-1
10.6926188469	-1
10.6926188469	-1
10.6929619312	-1
10.6929619312	-1
10.6929619312	-1
10.6929619312	-1
10.6929619312	-1
10.6929619312	-1
10.6929619312	-1
10.6929619312	-1
10.7358279228	-1
10.7358279228	-1
10.7358279228	-1
10.7358279228	-1
10.7358279228	-1
10.7358279228	-1
10.7358279228	-1
10.7358279228	-1
10.7358279228	-1
10.7775800228	-1
10.7775800228	-1
10.7775800228	-1
10.7775800228	-1
10.7775800228	-1
10.7775800228	-1
10.7775800228	-1
10.7776138783	1
10.7986278534	-1
10.7986760139	-1
10.7986760139	-1
10.7986760139	-1
10.7986760139	-1
10.7986760139	-1
10.7986760139	-1
10.7986760139	-1
10.7989799976	-1
10.7989799976	-1
10.7991030216	-1
10.7991030216	-1
10.7991030216	-1
10.8133130074	-1
10.8133130074	-1
10.813724041	-1
10.813724041	-1
10.8137569427	-1
10.8137569427	-1
10.8137569427	-1
10.8137569427	-1
10.8137569427	-1
10.8137569427	-1
10.8225500584	-1
10.8225500584	-1
10.8225500584	-1
10.8225500584	-1
10.8225500584	-1
10.8225500584	-1
10.8225500584	-1
10.8225500584	-1
10.8686590195	-1
10.8686590195	-1
10.8687720299	-1
10.8687720299	-1
10.8687720299	-1
10.8687720299	-1
10.8687720299	-1
10.8687720299	-1
10.9117529392	-1
10.9117529392	-1
10.9117529392	-1
10.9168379307	-1
10.9168379307	-1
10.9168379307	-1
10.9168379307	-1
10.9168739319	1
10.9168739319	1
10.9304950237	-1
10.9305970669	-1
10.9305970669	-1
10.9305970669	-1
10.9305970669	-1
10.9305970669	-1
10.9305970669	-1
10.9305970669	-1
10.9309449196	-1
10.9309449196	-1
10.9309449196	-1
10.9309449196	-1
10.9309449196	-1
10.9309449196	-1
10.9309449196	-1
10.9578988552	-1
10.9578988552	-1
10.9578988552	-1
10.9578988552	-1
10.9578988552	-1
10.9578988552	-1
10.9578988552	-1
10.9601829052	-1
10.9603149891	-1
10.9603149891	-1
10.9604949951	-1
10.9604949951	-1
10.9604949951	-1
10.9604949951	-1
10.9604949951	-1
10.9604949951	-1
10.9604949951	-1
10.9604949951	-1
10.9625589848	-1
10.9625589848	-1
10.9625589848	-1
10.9625589848	-1
10.9625589848	-1
10.9625589848	-1
10.9625589848	-1
11.0028820038	-1
11.0031518936	-1
11.0031518936	-1
11.0031518936	-1
11.0031518936	-1
11.0031518936	-1
11.0031518936	-1
11.0031518936	-1
11.1184589863	-1
11.1184589863	-1
11.1184589863	-1
11.1184589863	-1
11.1184589863	-1
11.1184949875	1
11.1184949875	1
11.1265339851	-1
11.1404600143	-1
11.1404600143	-1
11.1404600143	-1
11.1444530487	-1
11.1444530487	-1
11.1444530487	-1
11.1444530487	-1
11.1444530487	-1
11.1444530487	-1
11.1444530487	-1
11.152438879	-1
11.152438879	-1
11.1559178829	-1
11.1559178829	-1
11.1559178829	-1
11.1559178829	-1
11.1559178829	-1
11.1559178829	-1
11.1559178829	-1
11.1588680744	-1
11.1649320126	-1
11.1649320126	-1
11.1649320126	-1
11.1649320126	-1
11.1649320126	-1
11.1649320126	-1
11.1649320126	-1
11.167386055	-1
11.1699619293	-1
11.1699619293	-1
11.1699619293	-1
11.1699619293	-1
11.1699619293	-1
11.1699619293	-1
11.1699619293	-1
11.1720168591	-1
11.1744530201	-1
11.1744530201	-1
11.1744530201	-1
11.1744530201	-1
11.1744530201	-1
11.1744530201	-1
11.1744530201	-1
11.1782810688	-1
11.1812908649	-1
11.1812908649	-1
11.1812908649	-1
11.1812908649	-1
11.1812908649	-1
11.1812908649	-1
11.1812908649	-1
11.1836869717	-1
11.1883239746	-1
11.1883239746	-1
11.1883239746	-1
11.1883239746	-1
11.1883239746	-1
11.1883239746	-1
11.1883239746	-1
11.1904039383	-1
11.1923520565	-1
11.1923520565	-1
11.1923520565	-1
11.1923520565	-1
11.1923520565	-1
11.1923520565	-1
11.1923520565	-1
11.2023050785	-1
11.2023050785	-1
11.2023050785	-1
11.2023050785	-1
11.2023050785	-1
11.2023050785	-1
11.2023050785	-1
11.2023050785	-1
11.2166059017	-1
11.2166059017	-1
11.2166059017	-1
11.2166059017	-1
11.2166059017	-1
11.2166059017	-1
11.2166059017	-1
11.2166059017	-1
11.2169489861	-1
11.2169489861	-1
11.2170710564	-1
11.2170710564	-1
11.2170710564	-1
11.2170710564	-1
11.2170710564	-1
11.2170710564	-1
11.2541780472	-1
11.2541780472	-1
11.2541780472	-1
11.2542128563	1
11.2542128563	1
11.2964520454	-1
11.2964520454	-1
11.2964520454	-1
11.2964520454	-1
11.2964520454	-1
11.2964520454	-1
11.2964520454	-1
11.3209290504	-1
11.3212909698	-1
11.3212909698	-1
11.3212909698	-1
11.3212909698	-1
11.3212909698	-1
11.321680069	-1
11.3225438595	-1
11.3225438595	-1
11.3225438595	-1
11.3225438595	-1
11.3225438595	-1
11.3225438595	-1
11.3225438595	-1
11.3225438595	-1
11.3428919315	-1
11.3428919315	-1
11.3429949284	-1
11.3429949284	-1
11.3429949284	-1
11.3429949284	-1
11.3429949284	-1
11.3429949284	-1
11.3429949284	-1
11.343708992	-1
11.343708992	-1
11.343708992	-1
11.343708992	-1
11.343708992	-1
11.343708992	-1
11.343708992	-1
11.3458988667	-1
11.3458988667	-1
11.3458988667	-1
11.3458988667	-1
11.3458988667	-1
11.3458988667	-1
11.3458988667	-1
11.3458988667	-1
11.3471078873	-1
11.3471078873	-1
11.3471078873	-1
11.3471078873	-1
11.3471078873	-1
11.3471078873	-1
11.3471078873	-1
11.3471078873	-1
11.3475210667	-1
11.3477928638	-1
11.3477928638	-1
11.3477928638	-1
11.3477928638	-1
11.3477928638	-1
11.3477928638	-1
11.3477928638	-1
11.3481359482	-1
11.380879879	-1
11.380879879	-1
11.380879879	-1
11.380879879	-1
11.380879879	-1
11.380879879	-1
11.380879879	-1
11.380879879	-1
11.3894579411	-1
11.3894579411	-1
11.3894579411	-1
11.3894579411	-1
11.3894579411	-1
11.3908970356	-1
11.3908970356	-1
11.3908970356	-1
11.3908970356	-1
11.3908970356	-1
11.3908970356	-1
11.3908970356	-1
11.390930891	1
11.390930891	1
11.3930618763	-1
11.3983440399	-1
11.3983440399	-1
11.3983440399	-1
11.3983440399	-1
11.3983440399	-1
11.3983440399	-1
11.3983440399	-1
11.3983440399	-1
11.4320158958	-1
11.4320158958	-1
11.4320158958	-1
11.4320158958	-1
11.4320158958	-1
11.4320158958	-1
11.4320158958	-1
11.4320158958	-1
11.603623867	-1
11.6036598682	1
11.6036598682	1
11.7183289528	-1
11.7183289528	-1
11.7183289528	-1
11.7190890312	-1
11.7190890312	-1
11.7190890312	-1
11.7190890312	-1
11.7190890312	-1
11.7193109989	-1
11.7193109989	-1
11.7193109989	-1
11.7193109989	-1
11.7193109989	-1
11.7193109989	-1
11.7193109989	-1
11.7195138931	-1
11.7382829189	-1
11.7382829189	-1
11.7382829189	-1
11.7382829189	-1
11.7382829189	-1
11.7382829189	-1
11.7382829189	-1
11.7382829189	-1
11.7393789291	-1
11.7393789291	-1
11.7393789291	-1
11.7393789291	-1
11.7393789291	-1
11.7393789291	-1
11.7393789291	-1
11.7429389954	-1
11.7429389954	-1
11.7429389954	-1
11.7429389954	-1
11.7429389954	-1
11.7429389954	-1
11.7429389954	-1
11.7429389954	-1
11.7446129322	-1
11.7446129322	-1
11.7446129322	-1
11.7446129322	-1
11.7446129322	-1
11.7446129322	-1
11.7446129322	-1
11.7446129322	-1
11.7455608845	-1
11.7462768555	-1
11.7462768555	-1
11.7462768555	-1
11.7462768555	-1
11.7462768555	-1
11.7462768555	-1
11.7462768555	-1
11.7469120026	-1
11.7479689121	1
11.7788200378	-1
11.7788200378	-1
11.7788200378	-1
11.7788200378	-1
11.7788200378	-1
11.7788200378	-1
11.7788200378	-1
11.7788200378	-1
11.7817659378	-1
11.7817659378	-1
11.7817659378	-1
11.784142971	-1
11.784142971	-1
11.784142971	-1
11.784142971	-1
11.784142971	-1
11.784142971	-1
11.784142971	-1
11.784142971	-1
11.786026001	-1
11.786026001	-1
11.786026001	-1
11.786026001	-1
11.786026001	-1
11.786026001	-1
11.786026001	-1
11.786026001	-1
11.7874798775	-1
11.7874798775	-1
11.791064024	-1
11.791064024	-1
11.791064024	-1
11.791064024	-1
11.791064024	-1
11.791064024	-1
11.791064024	-1
11.851072073	-1
11.851172924	-1
11.851172924	-1
11.851172924	-1
11.851172924	-1
11.851172924	-1
11.851172924	-1
11.851172924	-1
11.851172924	-1
11.8514170647	-1
11.8631289005	-1
11.8631289005	-1
11.8631289005	-1
11.8726990223	-1
11.8726990223	-1
11.8726990223	-1
11.8726990223	-1
11.8726990223	-1
11.8726990223	-1
11.8726990223	-1
11.8726990223	-1
11.8739609718	-1
11.8739609718	-1
11.8739609718	-1
11.8739609718	-1
11.8739609718	-1
11.8739609718	-1
11.8739609718	-1
11.8739609718	-1
11.87439394	-1
11.87439394	-1
11.874516964	-1
11.874516964	-1
11.874516964	-1
11.874516964	-1
11.874516964	-1
11.874516964	-1
11.8756198883	-1
11.8756198883	-1
11.8756198883	-1
11.8756198883	-1
11.8756198883	-1
11.8756198883	-1
11.8756198883	-1
11.8757588863	-1
11.9019999504	-1
11.9019999504	-1
11.9019999504	-1
11.9019999504	-1
11.9019999504	-1
11.9019999504	-1
11.9019999504	-1
11.9019999504	-1
11.9020318985	1
11.9020318985	1
11.9031229019	-1
11.9031229019	-1
11.9031229019	-1
11.9031229019	-1
11.9031229019	-1
11.9031229019	-1
11.9031229019	-1
11.9051709175	-1
11.9051709175	-1
11.9057428837	-1
11.9057428837	-1
11.9057428837	-1
11.9057428837	-1
11.9057428837	-1
11.9057428837	-1
11.91446805	-1
11.91446805	-1
11.91446805	-1
11.91446805	-1
11.91446805	-1
11.91446805	-1
11.91446805	-1
11.91446805	-1
11.9148199558	-1
11.9148199558	-1
11.9149420261	-1
11.9149420261	-1
11.9149420261	-1
11.9149420261	-1
11.9149420261	-1
11.9149420261	-1
11.9149420261	-1
11.9151880741	-1
11.9151880741	-1
11.9151880741	-1
11.9151880741	-1
11.9151880741	-1
11.9151880741	-1
11.9151880741	-1
11.9155569077	-1
11.9155569077	-1
11.9241540432	-1
11.9241540432	-1
11.9241540432	-1
11.9241540432	-1
11.9241540432	-1
11.9241540432	-1
11.9241540432	-1
11.9682068825	-1
11.9683089256	-1
11.9683089256	-1
11.9683089256	-1
11.9683089256	-1
11.9683089256	-1
11.9683089256	-1
11.9683089256	-1
12.0124289989	1
12.0124289989	1
12.0124289989	1
12.0894598961	-1
12.0894598961	-1
12.0894598961	-1
12.0894598961	-1
12.0894598961	-1
12.0894598961	-1
12.0894598961	-1
12.0928778648	-1
12.0961339474	-1
12.0961339474	-1
12.0961339474	-1
12.0961339474	-1
12.0961339474	-1
12.0961339474	-1
12.0961339474	-1
12.1014819145	-1
12.1014819145	-1
12.1014819145	-1
12.1014819145	-1
12.1014819145	-1
12.1014819145	-1
12.1014819145	-1
12.1146140099	-1
12.1146140099	-1
12.1146140099	-1
12.1146140099	-1
12.1146140099	-1
12.1146140099	-1
12.1146140099	-1
12.1180078983	-1
12.1209540367	-1
12.1209540367	-1
12.1209540367	-1
12.1209540367	-1
12.1209540367	-1
12.1209540367	-1
12.1209540367	-1
12.1240458488	-1
12.1265919209	-1
12.1265919209	-1
12.1265919209	-1
12.1265919209	-1
12.1265919209	-1
12.1265919209	-1
12.1265919209	-1
12.131772995	-1
12.131772995	-1
12.131772995	-1
12.131772995	-1
12.131772995	-1
12.131772995	-1
12.131772995	-1
12.131772995	-1
12.1358618736	-1
12.1358618736	-1
12.1425879002	-1
12.1425879002	-1
12.1425879002	-1
12.1425879002	-1
12.1425879002	-1
12.1425879002	-1
12.224971056	1
14.4490530491	-1
14.5844619274	-1
18.2663760185	1
18.40158391	1
18.7607469559	1
18.7677428722	1
18.7677428722	1
18.7677428722	1
18.7677428722	1
18.7677428722	1
18.7677428722	1
18.7677428722	1
18.7677428722	1
18.7677428722	1
18.7677428722	1
18.7678868771	1
18.7678868771	1
18.7678868771	1
18.7678868771	1
18.7678868771	1
18.7697370052	1
18.7697370052	1
18.7844839096	1
18.7844839096	1
18.7867748737	-1
18.8959300518	1
19.0226349831	-1
19.0311858654	1
19.0311858654	1
19.1825020313	-1
19.6373138428	-1
19.7122678757	-1
19.7122678757	-1
19.7122678757	-1
19.7122678757	-1
19.7122678757	-1
19.7122678757	-1
19.7122678757	-1
19.7122678757	-1
19.7131860256	1
19.7530939579	-1
19.7530939579	-1
19.7530939579	-1
19.7530939579	-1
19.7530939579	-1
19.7530939579	-1
19.7530939579	-1
19.7530939579	-1
19.8133950233	-1
19.8133950233	-1
19.8133950233	-1
19.8133950233	-1
19.8133950233	-1
19.8133950233	-1
19.8133950233	-1
19.8133950233	-1
19.8256618977	-1
19.8478188515	-1
19.8478188515	-1
19.8478188515	-1
19.8478188515	-1
19.8478188515	-1
19.8478188515	-1
19.8478188515	-1
19.888974905	-1
19.8890240192	-1
19.8890240192	-1
19.8890240192	-1
19.8890240192	-1
19.8890240192	-1
19.8890240192	-1
19.8890240192	-1
19.8892300129	-1
19.8892300129	-1
19.8892300129	-1
19.8892300129	-1
19.891108036	1
19.9477760792	-1
19.9477760792	-1
19.9478878975	-1
19.9478878975	-1
19.9478878975	-1
19.9478878975	-1
19.9478878975	-1
19.9478878975	-1
19.9478878975	-1
19.9481339455	-1
19.9833679199	-1
19.9833679199	-1
19.9833679199	-1
19.9833679199	-1
19.9833679199	-1
19.9833679199	-1
19.9833679199	-1
19.9836030006	-1
19.9836030006	-1
19.9836030006	-1
19.9836030006	-1
19.9836030006	-1
19.9836030006	-1
19.9836030006	-1
19.9839720726	-1
19.9839720726	-1
19.9839720726	-1
20.0247199535	-1
20.0247199535	-1
20.0247199535	-1
20.0247199535	-1
20.0247199535	-1
20.0247199535	-1
20.0247199535	-1
20.0247199535	-1
20.0250840187	-1
20.0250840187	-1
20.063751936	1
20.0739250183	-1
20.0739250183	-1
20.0739250183	-1
20.0739250183	-1
20.0739250183	-1
20.0739250183	-1
20.0741019249	-1
20.0741019249	-1
20.0741019249	-1
20.0741019249	-1
20.0741019249	-1
20.0741019249	-1
20.0741019249	-1
20.0741019249	-1
20.0970249176	-1
20.0970249176	-1
20.0970249176	-1
20.0970249176	-1
20.0970249176	-1
20.0970249176	-1
20.0970249176	-1
20.0970249176	-1
20.0970249176	-1
20.0973830223	-1
20.0973830223	-1
20.0973830223	-1
20.0973830223	-1
20.0973830223	-1
20.0973830223	-1
20.0973830223	-1
20.0976290703	-1
20.0977518559	-1
20.0977518559	-1
20.0977518559	-1
20.0977518559	-1
20.0977518559	-1
20.0977518559	-1
20.1195039749	-1
20.1195039749	-1
20.1195039749	-1
20.1195039749	-1
20.1195039749	-1
20.1195039749	-1
20.1195039749	-1
20.1195039749	-1
20.1533968449	-1
20.1533968449	-1
20.153498888	-1
20.153498888	-1
20.153498888	-1
20.153498888	-1
20.153498888	-1
20.153498888	-1
20.1910378933	-1
20.1910378933	-1
20.1910889149	-1
20.1910889149	-1
20.1912610531	-1
20.1912610531	-1
20.1912610531	-1
20.1913859844	-1
20.1913859844	-1
20.1913859844	-1
20.1913859844	-1
20.1913859844	-1
20.1913859844	-1
20.1913859844	-1
20.1916310787	-1
20.1917519569	-1
20.1917519569	-1
20.1917519569	-1
20.1917519569	-1
20.1917519569	-1
20.1917519569	-1
20.1917519569	-1
20.1919989586	-1
20.194822073	1
20.194822073	1
20.194822073	1
20.2193398476	-1
20.2193398476	-1
20.2193398476	-1
20.2193398476	-1
20.2193398476	-1
20.2193398476	-1
20.2193398476	-1
20.2195630074	-1
20.219686985	-1
20.219686985	-1
20.219686985	-1
20.219686985	-1
20.219686985	-1
20.219686985	-1
20.219686985	-1
20.219933033	-1
20.219933033	-1
20.2200539112	-1
20.2200539112	-1
20.2200539112	-1
20.2200539112	-1
20.2200539112	-1
20.2200539112	-1
20.2200539112	-1
20.2550480366	-1
20.2550480366	-1
20.2550480366	-1
20.2550480366	-1
20.2550480366	-1
20.2550480366	-1
20.2550480366	-1
20.2554168701	-1
20.2554168701	-1
20.2554168701	-1
20.2554168701	-1
20.2554168701	-1
20.2554168701	-1
20.2554168701	-1
20.2554168701	-1
20.25572896	-1
20.25572896	-1
20.25572896	-1
20.25572896	-1
20.25572896	-1
20.25572896	-1
20.25572896	-1
20.25572896	-1
20.2561528683	-1
20.2561528683	-1
20.2562768459	-1
20.2562768459	-1
20.2562768459	-1
20.2562768459	-1
20.2562768459	-1
20.2562768459	-1
20.2849678993	-1
20.2849678993	-1
20.2850899696	-1
20.2850899696	-1
20.2850899696	-1
20.3145470619	-1
20.3145470619	-1
20.3145699501	-1
20.3145699501	-1
20.3145699501	-1
20.3145699501	-1
20.3145699501	-1
20.3145699501	-1
20.3145699501	-1
20.3156468868	1
20.3156468868	1
20.3156468868	1
20.3305819035	-1
20.3305819035	-1
20.3305819035	-1
20.3305819035	-1
20.3305819035	-1
20.3305819035	-1
20.3305819035	-1
20.3309819698	-1
20.3309819698	-1
20.3309819698	-1
20.3309819698	-1
20.3309819698	-1
20.3309819698	-1
20.3309819698	-1
20.3309819698	-1
20.3313510418	-1
20.3313510418	-1
20.3313510418	-1
20.3313908577	-1
20.3313908577	-1
20.3313908577	-1
20.3313908577	-1
20.3313908577	-1
20.4154789448	1
21.2352428436	-1
21.3198189735	-1
21.3198189735	-1
21.3198189735	-1
21.3198189735	-1
21.3329069614	-1
21.3329069614	-1
21.3329069614	-1
22.8074338436	-1
22.8087768555	1
22.9309549332	-1
22.9309549332	-1
22.9309549332	-1
22.9440698624	1
22.9440698624	1
23.7790708542	1
23.9149360657	1
24.3788149357	-1
24.5602128506	-1
25.7675418854	1
25.7677249908	1
25.7677249908	1
25.7677249908	1
38.7676620483	1
38.9028840065	1
39.7680799961	1
39.9035220146	1
40.4354009628	-1
40.570661068	-1
40.7689290047	1
40.7691249847	1
40.7691249847	1
40.7691249847	1
40.7691249847	1
